numer_sta;date;pmer;tend;cod_tend;dd;ff;t;td;u;vv;ww;w1;w2;n;nbas;hbas;cl;cm;ch;pres;niv_bar;geop;tend24;tn12;tn24;tx12;tx24;tminsol;sw;tw;raf10;rafper;per;etat_sol;ht_neige;ssfrai;perssfrai;rr1;rr3;rr6;rr12;rr24;phenspe1;phenspe2;phenspe3;phenspe4;nnuage1;ctype1;hnuage1;nnuage2;ctype2;hnuage2;nnuage3;ctype3;hnuage3;nnuage4;ctype4;hnuage4;
07005;20110901000000;101480;0;0;50;4.100000;285.550000;283.650000;88;mq;mq;mq;mq;mq;mq;mq;mq;mq;mq;100590;mq;mq;mq;mq;mq;mq;mq;mq;mq;mq;mq;6.700000;-10;mq;mq;mq;mq;0.000000;0.000000;0.000000;mq;mq;710.000000;1107.000000;mq;mq;mq;mq;mq;mq;mq;mq;mq;mq;mq;mq;mq;mq;
07015;20110901000000;101540;0;0;50;3.600000;285.650000;283.350000;86;10000;2;1;1;0;mq;mq;mq;mq;mq;100970;mq;mq;mq;mq;mq;mq;mq;mq;mq;mq;mq;5.100000;-10;mq;mq;0.000000;-60;0.000000;0.000000;0.000000;mq;mq;710.000000;1105.000000;3100.000000;mq;mq;mq;mq;mq;mq;mq;mq;mq;mq;mq;mq;mq;
07020;20110901000000;101310;-40;8;90;7.700000;289.650000;287.650000;88;18000;2;1;1;10;1;3500;30;22;10;101050;mq;mq;mq;mq;mq;mq;mq;mq;mq;mq;mq;11.800000;-10;mq;mq;mq;mq;0.000000;0.000000;0.000000;mq;mq;710.000000;1112.000000;mq;mq;1;3;2400;mq;mq;mq;mq;mq;mq;mq;mq;mq;
07027;20110901000000;101290;20;0;70;3.100000;288.550000;284.350000;76;35000;0;mq;mq;90;mq;mq;mq;mq;mq;100490;mq;mq;mq;mq;mq;mq;mq;mq;mq;mq;mq;4.600000;-10;mq;mq;mq;mq;0.000000;0.000000;0.000000;mq;mq;710.000000;1105.000000;mq;mq;mq;mq;mq;mq;mq;mq;mq;mq;mq;mq;mq;mq;
07037;20110901000000;101390;50;2;60;4.600000;286.050000;283.250000;83;17000;mq;mq;mq;mq;mq;mq;mq;mq;mq;99580;mq;mq;mq;mq;mq;mq;mq;mq;mq;mq;mq;6.700000;-10;mq;mq;mq;mq;0.000000;0.000000;0.000000;mq;mq;710.000000;1107.000000;mq;mq;mq;mq;mq;mq;mq;mq;mq;mq;mq;mq;mq;mq;
07110;20110901000000;101040;-40;8;60;3.100000;289.150000;286.250000;83;20000;2;1;1;90;7;1750;35;61;60;99920;mq;mq;mq;mq;mq;mq;mq;mq;mq;mq;mq;4.600000;-10;mq;mq;0.000000;-60;0.000000;0.000000;0.000000;mq;mq;710.000000;1105.000000;3100.000000;mq;7;6;1500;mq;mq;mq;mq;mq;mq;mq;mq;mq;
07117;20110901000000;101090;-50;8;100;4.100000;289.350000;287.550000;89;20000;2;1;1;50;4;800;32;22;10;100410;mq;mq;mq;mq;mq;mq;mq;mq;mq;mq;mq;7.200000;-10;mq;mq;mq;mq;0.000000;0.000000;0.000000;mq;mq;710.000000;1107.000000;2438.000000;mq;mq;mq;mq;mq;mq;mq;mq;mq;mq;mq;mq;mq;
07130;20110901000000;101010;-40;8;60;2.600000;290.950000;285.850000;72;35000;0;mq;mq;100;mq;1250;mq;mq;mq;100500;mq;mq;mq;mq;mq;mq;mq;mq;mq;mq;mq;5.100000;-10;mq;mq;mq;mq;0.000000;0.000000;0.000000;mq;mq;710.000000;1105.000000;mq;mq;mq;mq;mq;mq;mq;mq;mq;mq;mq;mq;mq;mq;
07139;20110901000000;101170;-30;8;40;3.100000;287.750000;284.150000;79;mq;mq;mq;mq;mq;mq;mq;mq;mq;mq;99470;mq;mq;mq;mq;mq;mq;mq;mq;mq;mq;mq;5.100000;-10;mq;mq;mq;mq;0.000000;0.000000;1.000000;mq;mq;710.000000;1105.000000;mq;mq;mq;mq;mq;mq;mq;mq;mq;mq;mq;mq;mq;mq;
07149;20110901000000;101310;30;3;50;1.500000;289.050000;285.050000;77;25000;25;8;6;90;1;1750;32;25;11;100250;mq;mq;mq;mq;mq;mq;mq;mq;mq;mq;mq;3.600000;-10;mq;mq;0.000000;-60;0.000000;0.200000;0.200000;mq;mq;710.000000;1104.000000;3100.000000;mq;1;8;1500;5;3;3000;7;0;7500;mq;mq;mq;
07168;20110901000000;101280;-20;5;70;1.000000;289.950000;284.450000;70;20000;0;mq;mq;mq;mq;mq;mq;mq;mq;99890;mq;mq;mq;mq;mq;mq;mq;mq;mq;mq;mq;2.100000;-10;mq;mq;mq;mq;0.000000;0.000000;0.000000;mq;mq;710.000000;1102.000000;mq;mq;mq;mq;mq;mq;mq;mq;mq;mq;mq;mq;mq;mq;
07181;20110901000000;101380;-40;8;0;0.000000;285.550000;282.750000;83;60000;0;mq;mq;mq;mq;mq;mq;mq;mq;97340;mq;mq;mq;mq;mq;mq;mq;mq;mq;mq;mq;2.600000;-10;mq;mq;mq;mq;0.000000;0.000000;0.000000;mq;mq;710.000000;1103.000000;mq;mq;mq;mq;mq;mq;mq;mq;mq;mq;mq;mq;mq;mq;
07190;20110901000000;101400;0;0;310;1.500000;285.550000;283.250000;86;28000;0;mq;mq;mq;mq;mq;mq;mq;mq;99600;mq;mq;mq;mq;mq;mq;mq;mq;mq;mq;mq;3.100000;-10;mq;mq;mq;mq;0.000000;0.000000;0.000000;mq;mq;710.000000;1103.000000;mq;mq;mq;mq;mq;mq;mq;mq;mq;mq;mq;mq;mq;mq;
07207;20110901000000;mq;mq;mq;60;5.700000;290.450000;287.350000;82;mq;mq;mq;mq;mq;mq;mq;mq;mq;mq;mq;mq;mq;mq;mq;mq;mq;mq;mq;mq;mq;mq;8.700000;-10;mq;mq;mq;mq;0.000000;0.000000;0.000000;mq;mq;710.000000;1109.000000;mq;mq;mq;mq;mq;mq;mq;mq;mq;mq;mq;mq;mq;mq;
07222;20110901000000;100880;-30;7;60;2.600000;289.750000;287.350000;86;40000;0;mq;mq;mq;mq;mq;mq;mq;mq;100570;mq;mq;mq;mq;mq;mq;mq;mq;mq;mq;mq;4.600000;-10;mq;mq;mq;mq;0.000000;0.000000;0.000000;mq;mq;710.000000;1105.000000;mq;mq;mq;mq;mq;mq;mq;mq;mq;mq;mq;mq;mq;mq;
07240;20110901000000;100990;-110;7;60;5.700000;289.850000;286.150000;79;30000;2;8;6;25;2;3500;30;22;10;99680;mq;mq;mq;mq;mq;mq;mq;mq;mq;mq;mq;8.700000;-10;mq;mq;0.000000;-60;0.000000;0.000000;0.000000;mq;mq;710.000000;1109.000000;3100.000000;mq;2;3;3900;mq;mq;mq;mq;mq;mq;mq;mq;mq;
07255;20110901000000;101080;-20;8;90;3.600000;290.150000;287.950000;87;20000;0;mq;mq;mq;mq;mq;mq;mq;mq;99140;mq;mq;mq;mq;mq;mq;mq;mq;mq;mq;mq;4.600000;-10;mq;mq;mq;mq;0.000000;0.000000;0.000000;mq;mq;710.000000;1105.000000;mq;mq;mq;mq;mq;mq;mq;mq;mq;mq;mq;mq;mq;mq;
07280;20110901000000;101310;50;3;280;1.000000;290.650000;285.350000;71;60000;0;mq;mq;90;mq;mq;mq;mq;mq;98670;mq;mq;mq;mq;mq;mq;mq;mq;mq;mq;mq;6.200000;-10;mq;mq;mq;mq;0.000000;0.000000;0.000000;mq;mq;710.000000;1106.000000;mq;mq;mq;mq;mq;mq;mq;mq;mq;mq;mq;mq;mq;mq;
07299;20110901000000;101370;10;3;300;1.500000;286.350000;284.550000;89;27000;0;mq;mq;90;mq;mq;mq;mq;mq;98150;mq;mq;mq;mq;mq;mq;mq;mq;mq;mq;mq;3.100000;-10;mq;mq;mq;mq;0.000000;0.000000;0.000000;mq;mq;710.000000;1103.000000;mq;mq;mq;mq;mq;mq;mq;mq;mq;mq;mq;mq;mq;mq;
07314;20110901000000;100910;-20;8;190;2.600000;292.550000;291.750000;95;mq;mq;mq;mq;mq;mq;mq;mq;mq;mq;100640;mq;mq;mq;mq;mq;mq;mq;mq;mq;mq;mq;7.700000;-10;mq;mq;mq;mq;0.000000;0.000000;0.000000;mq;mq;710.000000;1108.000000;mq;mq;mq;mq;mq;mq;mq;mq;mq;mq;mq;mq;mq;mq;
07335;20110901000000;101000;0;5;140;1.500000;290.550000;289.450000;93;35000;0;mq;mq;90;mq;mq;mq;mq;mq;99600;mq;mq;mq;mq;mq;mq;mq;mq;mq;mq;mq;2.600000;-10;mq;mq;mq;mq;0.000000;0.000000;0.000000;mq;mq;710.000000;1103.000000;mq;mq;mq;mq;mq;mq;mq;mq;mq;mq;mq;mq;mq;mq;
07434;20110901000000;101020;10;0;100;2.600000;291.450000;288.150000;81;50000;0;mq;mq;90;mq;mq;mq;mq;mq;96410;mq;mq;mq;mq;mq;mq;mq;mq;mq;mq;mq;4.100000;-10;mq;mq;mq;mq;0.000000;0.000000;0.000000;mq;mq;710.000000;1104.000000;mq;mq;mq;mq;mq;mq;mq;mq;mq;mq;mq;mq;mq;mq;
07460;20110901000000;101150;-70;8;190;9.800000;289.150000;286.850000;86;20000;21;9;8;90;1;1250;31;28;60;97370;mq;mq;mq;mq;mq;mq;mq;mq;mq;mq;15.400000;15.400000;-10;mq;mq;0.000000;-60;0.000000;1.000000;8.000000;mq;mq;1015.000000;710.000000;1115.000000;3100.000000;1;8;1200;7;3;3000;mq;mq;mq;mq;mq;mq;
07471;20110901000000;mq;50;1;0;0.000000;285.750000;285.150000;96;1700;10;mq;mq;mq;mq;mq;mq;mq;mq;92030;85000;17550;mq;mq;mq;mq;mq;mq;mq;mq;mq;2.600000;-10;mq;mq;mq;mq;0.000000;2.000000;3.000000;mq;mq;710.000000;1103.000000;mq;mq;mq;mq;mq;mq;mq;mq;mq;mq;mq;mq;mq;mq;
07481;20110901000000;101370;110;0;110;3.600000;290.550000;289.450000;93;12000;91;9;8;100;3;450;39;27;60;98580;mq;mq;mq;mq;mq;mq;mq;mq;mq;mq;mq;5.100000;-10;mq;mq;0.000000;-60;3.000000;20.000000;21.000000;mq;mq;710.000000;1105.000000;3100.000000;mq;1;8;480;1;9;1380;3;6;1500;7;3;3000;
07510;20110901000000;100940;-10;8;130;2.600000;292.050000;290.850000;93;30000;2;9;6;90;7;3500;30;28;60;100310;mq;mq;mq;mq;mq;mq;mq;mq;mq;mq;mq;4.600000;-10;mq;mq;0.000000;-60;0.000000;0.400000;0.400000;mq;mq;710.000000;1105.000000;3100.000000;mq;7;3;3000;mq;mq;mq;mq;mq;mq;mq;mq;mq;
07535;20110901000000;100970;10;0;90;3.100000;292.150000;288.250000;78;mq;mq;mq;mq;mq;mq;mq;mq;mq;mq;97970;mq;mq;mq;mq;mq;mq;mq;mq;mq;mq;mq;5.700000;-10;mq;mq;mq;mq;0.000000;0.000000;0.000000;mq;mq;710.000000;1106.000000;mq;mq;mq;mq;mq;mq;mq;mq;mq;mq;mq;mq;mq;mq;
07558;20110901000000;101180;10;0;110;2.100000;291.050000;289.350000;90;mq;mq;mq;mq;mq;mq;mq;mq;mq;mq;93150;mq;mq;mq;mq;mq;mq;mq;mq;mq;mq;mq;4.100000;-10;mq;mq;mq;mq;0.000000;0.000000;0.000000;mq;mq;710.000000;1104.000000;mq;mq;mq;mq;mq;mq;mq;mq;mq;mq;mq;mq;mq;mq;
07577;20110901000000;101400;120;0;0;0.000000;291.850000;290.350000;91;20000;0;mq;mq;mq;mq;mq;mq;mq;mq;100530;mq;mq;mq;mq;mq;mq;mq;mq;mq;mq;mq;2.600000;-10;mq;mq;mq;mq;0.000000;3.000000;3.000000;mq;mq;710.000000;1103.000000;mq;mq;mq;mq;mq;mq;mq;mq;mq;mq;mq;mq;mq;mq;
07591;20110901000000;mq;30;1;70;1.000000;289.050000;287.550000;91;mq;0;mq;mq;mq;mq;mq;mq;mq;mq;91630;mq;mq;mq;mq;mq;mq;mq;mq;mq;mq;mq;2.600000;-10;mq;mq;mq;mq;0.000000;0.600000;0.600000;mq;mq;710.000000;1103.000000;mq;mq;mq;mq;mq;mq;mq;mq;mq;mq;mq;mq;mq;mq;
07607;20110901000000;100940;0;5;350;1.500000;291.450000;289.450000;88;35000;0;mq;mq;mq;mq;mq;mq;mq;mq;100250;mq;mq;mq;mq;mq;mq;mq;mq;mq;mq;mq;3.600000;-10;mq;mq;mq;mq;0.000000;0.000000;0.000000;mq;mq;710.000000;1104.000000;mq;mq;mq;mq;mq;mq;mq;mq;mq;mq;mq;mq;mq;mq;
07621;20110901000000;101050;200;3;210;4.100000;292.050000;290.750000;92;12000;80;8;6;100;3;2250;39;23;12;96890;mq;mq;mq;mq;mq;mq;mq;mq;mq;mq;mq;8.200000;-10;mq;mq;0.000000;-60;0.200000;0.200000;0.200000;mq;mq;710.000000;1108.000000;3100.000000;mq;2;9;1800;5;3;3900;7;0;6900;mq;mq;mq;
07627;20110901000000;100950;20;3;130;1.000000;288.550000;285.850000;84;mq;mq;mq;mq;mq;mq;mq;mq;mq;mq;96210;mq;mq;mq;mq;mq;mq;mq;mq;mq;mq;mq;2.100000;-10;mq;mq;mq;mq;0.000000;0.000000;0.000000;mq;mq;710.000000;1102.000000;mq;mq;mq;mq;mq;mq;mq;mq;mq;mq;mq;mq;mq;mq;
07630;20110901000000;100910;10;1;110;2.100000;294.550000;291.750000;84;21000;0;mq;mq;mq;mq;mq;mq;mq;mq;99190;mq;mq;mq;mq;mq;mq;mq;mq;mq;mq;mq;3.600000;-10;mq;mq;mq;mq;0.000000;0.000000;0.000000;mq;mq;710.000000;1104.000000;mq;mq;mq;mq;mq;mq;mq;mq;mq;mq;mq;mq;mq;mq;
07643;20110901000000;101260;70;1;120;7.200000;296.150000;294.750000;92;15000;0;mq;mq;mq;mq;250;mq;mq;mq;101170;mq;mq;mq;mq;mq;mq;mq;mq;mq;mq;mq;9.300000;-10;mq;mq;mq;mq;0.000000;0.000000;0.000000;mq;mq;710.000000;1109.000000;mq;mq;mq;mq;mq;mq;mq;mq;mq;mq;mq;mq;mq;mq;
07650;20110901000000;101310;30;3;60;1.500000;294.450000;290.250000;77;45000;0;mq;mq;mq;mq;mq;mq;mq;mq;100940;mq;mq;mq;mq;mq;mq;mq;mq;mq;mq;mq;3.600000;-10;mq;mq;mq;mq;0.000000;0.000000;0.000000;mq;mq;710.000000;1104.000000;mq;mq;mq;mq;mq;mq;mq;mq;mq;mq;mq;mq;mq;mq;
07661;20110901000000;101330;-30;6;110;5.100000;293.250000;292.250000;94;mq;mq;mq;mq;mq;mq;mq;mq;mq;mq;99780;mq;mq;mq;mq;mq;mq;mq;mq;mq;mq;mq;7.700000;-10;mq;mq;mq;mq;0.000000;0.000000;0.000000;mq;mq;710.000000;1108.000000;mq;mq;mq;mq;mq;mq;mq;mq;mq;mq;mq;mq;mq;mq;
07690;20110901000000;101410;-10;7;270;1.000000;295.550000;293.450000;88;20000;2;1;1;50;3;450;35;20;12;101090;mq;mq;mq;mq;mq;mq;mq;mq;mq;mq;mq;2.100000;-10;mq;mq;0.000000;-60;0.000000;0.000000;0.000000;mq;mq;710.000000;1102.000000;3100.000000;mq;3;6;390;mq;mq;mq;mq;mq;mq;mq;mq;mq;
07747;20110901000000;101050;40;3;350;2.100000;295.450000;294.450000;94;5000;0;mq;mq;100;mq;150;mq;mq;mq;100540;mq;mq;mq;mq;mq;mq;mq;mq;mq;mq;mq;3.100000;-10;mq;mq;mq;mq;0.000000;0.000000;0.400000;mq;mq;710.000000;1103.000000;mq;mq;mq;mq;mq;mq;mq;mq;mq;mq;mq;mq;mq;mq;
07761;20110901000000;101310;-40;8;60;3.100000;292.250000;285.550000;65;30000;2;1;1;50;0;8000;30;20;12;101200;mq;mq;mq;mq;mq;mq;mq;mq;mq;mq;mq;4.100000;-10;mq;mq;0.000000;-60;0.000000;0.000000;0.000000;mq;mq;710.000000;1104.000000;3100.000000;mq;4;0;7800;mq;mq;mq;mq;mq;mq;mq;mq;mq;
07790;20110901000000;101430;10;1;190;1.500000;291.750000;289.850000;89;27000;0;mq;mq;mq;mq;mq;mq;mq;mq;101290;mq;mq;mq;mq;mq;mq;mq;mq;mq;mq;mq;2.100000;-10;mq;mq;mq;mq;0.000000;0.000000;0.000000;mq;mq;710.000000;1102.000000;mq;mq;mq;mq;mq;mq;mq;mq;mq;mq;mq;mq;mq;mq;
61968;20110901000000;101550;mq;mq;130;2.100000;297.550000;290.050000;63;mq;mq;mq;mq;mq;mq;mq;mq;mq;mq;mq;mq;mq;mq;mq;mq;mq;mq;mq;mq;mq;mq;6.700000;-10;mq;mq;mq;mq;0.000000;mq;0.000000;mq;mq;710.000000;1107.000000;mq;mq;mq;mq;mq;mq;mq;mq;mq;mq;mq;mq;mq;mq;
61970;20110901000000;101810;mq;mq;mq;mq;297.550000;295.050000;86;mq;mq;mq;mq;mq;mq;mq;mq;mq;mq;mq;mq;mq;mq;mq;mq;mq;mq;mq;mq;mq;mq;mq;mq;mq;mq;mq;mq;0.000000;mq;0.000000;mq;mq;mq;mq;mq;mq;mq;mq;mq;mq;mq;mq;mq;mq;mq;mq;mq;mq;
61972;20110901000000;101880;mq;mq;200;2.100000;292.150000;291.850000;98;mq;mq;mq;mq;mq;mq;mq;mq;mq;mq;mq;mq;mq;mq;mq;mq;mq;mq;mq;mq;mq;mq;5.100000;-10;mq;mq;mq;mq;0.200000;mq;0.200000;mq;mq;710.000000;1105.000000;mq;mq;mq;mq;mq;mq;mq;mq;mq;mq;mq;mq;mq;mq;
61980;20110901000000;102130;mq;mq;140;6.200000;292.550000;288.250000;76;10000;1;8;1;50;4;800;38;20;10;mq;mq;mq;mq;mq;mq;mq;mq;mq;mq;mq;mq;11.800000;-10;mq;mq;mq;mq;0.000000;mq;2.000000;mq;mq;710.000000;1112.000000;mq;mq;2;8;780;3;6;1500;mq;mq;mq;mq;mq;mq;
61997;20110901000000;99730;mq;mq;280;13.900000;280.650000;278.950000;89;mq;mq;mq;mq;mq;mq;mq;mq;mq;mq;mq;mq;mq;mq;mq;mq;mq;mq;mq;mq;mq;mq;43.700000;-60;mq;mq;mq;mq;mq;mq;10.000000;mq;mq;1144.000000;mq;mq;mq;mq;mq;mq;mq;mq;mq;mq;mq;mq;mq;mq;mq;
61998;20110901000000;99780;mq;mq;320;17.500000;278.850000;275.650000;80;20000;0;mq;mq;40;3;1250;35;20;10;mq;mq;mq;mq;mq;mq;mq;mq;mq;mq;mq;mq;27.300000;-10;mq;mq;mq;mq;0.000000;mq;0.000000;mq;mq;710.000000;1127.000000;mq;mq;3;6;1200;mq;mq;mq;mq;mq;mq;mq;mq;mq;
67005;20110901000000;101600;mq;mq;200;5.100000;297.450000;293.550000;79;mq;0;mq;mq;mq;mq;mq;mq;mq;mq;mq;mq;mq;mq;mq;mq;mq;mq;mq;mq;mq;mq;6.200000;-10;mq;mq;mq;mq;0.000000;mq;0.000000;mq;mq;710.000000;1106.000000;mq;mq;mq;mq;mq;mq;mq;mq;mq;mq;mq;mq;mq;mq;
71805;20110901000000;101980;130;1;250;1.000000;287.950000;286.450000;91;20000;2;1;1;50;3;800;35;20;11;101900;mq;mq;mq;mq;mq;mq;mq;mq;mq;mq;mq;4.100000;-10;mq;mq;0.000000;-60;0.000000;0.000000;0.000000;mq;mq;710.000000;1104.000000;3100.000000;mq;3;6;630;mq;mq;mq;mq;mq;mq;mq;mq;mq;
78897;20110901000000;101490;80;3;100;2.100000;300.050000;296.550000;81;40000;2;1;1;25;2;800;32;20;11;mq;mq;mq;20;296.450000;mq;304.550000;mq;mq;mq;mq;mq;mq;mq;mq;mq;mq;mq;mq;mq;0.000000;mq;0.800000;mq;mq;mq;mq;2;8;600;mq;mq;mq;mq;mq;mq;mq;mq;mq;
78922;20110901000000;101450;80;3;130;4.100000;301.150000;296.550000;76;mq;mq;mq;mq;mq;mq;mq;mq;mq;mq;101010;mq;mq;mq;mq;mq;mq;mq;mq;mq;mq;mq;mq;mq;mq;mq;mq;mq;mq;mq;mq;mq;mq;mq;mq;mq;mq;mq;mq;mq;mq;mq;mq;mq;mq;mq;mq;mq;mq;
78925;20110901000000;101450;10;3;20;1.000000;300.150000;297.450000;85;20000;3;8;6;75;5;800;38;20;12;mq;mq;mq;40;296.450000;mq;305.150000;mq;mq;mq;mq;mq;mq;mq;mq;mq;mq;mq;mq;mq;0.200000;mq;22.100000;mq;mq;mq;mq;4;8;840;3;0;7800;mq;mq;mq;mq;mq;mq;
81401;20110901000000;101430;mq;mq;140;0.500000;298.250000;295.550000;85;mq;mq;mq;mq;mq;mq;mq;mq;mq;mq;101370;mq;mq;mq;mq;mq;306.950000;mq;mq;mq;mq;mq;mq;mq;mq;mq;mq;mq;mq;0.000000;2.000000;mq;mq;mq;mq;mq;mq;mq;mq;mq;mq;mq;mq;mq;mq;mq;mq;mq;mq;
81405;20110901000000;101480;mq;mq;90;3.100000;299.550000;296.850000;85;50000;0;mq;mq;mq;mq;mq;mq;mq;mq;101390;mq;mq;mq;mq;mq;305.750000;mq;mq;mq;mq;mq;mq;mq;mq;mq;mq;mq;mq;0.000000;0.000000;mq;mq;mq;mq;mq;mq;mq;mq;mq;mq;mq;mq;mq;mq;mq;mq;mq;mq;
81408;20110901000000;101450;mq;mq;90;0.500000;298.350000;295.250000;83;mq;mq;mq;mq;mq;mq;mq;mq;mq;mq;101370;mq;mq;mq;mq;mq;306.750000;mq;mq;mq;mq;mq;mq;mq;mq;mq;mq;mq;mq;0.000000;0.000000;mq;mq;mq;mq;mq;mq;mq;mq;mq;mq;mq;mq;mq;mq;mq;mq;mq;mq;
81415;20110901000000;101430;mq;mq;360;1.000000;296.650000;295.450000;93;mq;mq;mq;mq;mq;mq;mq;mq;mq;mq;100210;mq;mq;mq;mq;mq;307.050000;mq;mq;mq;mq;mq;mq;mq;mq;mq;mq;mq;mq;0.000000;3.000000;mq;mq;mq;mq;mq;mq;mq;mq;mq;mq;mq;mq;mq;mq;mq;mq;mq;mq;
89642;20110901000000;99600;0;5;220;2.100000;256.650000;247.250000;40;40000;2;1;1;0;mq;mq;mq;mq;mq;99030;mq;mq;mq;250.250000;mq;256.650000;mq;mq;mq;mq;mq;mq;mq;mq;mq;mq;mq;mq;mq;mq;mq;mq;mq;mq;mq;mq;mq;mq;mq;mq;mq;mq;mq;mq;mq;mq;mq;mq;
07005;20110901030000;101450;-30;8;70;3.100000;284.550000;283.150000;91;mq;mq;mq;mq;mq;mq;mq;mq;mq;mq;100560;mq;mq;mq;mq;mq;mq;mq;mq;mq;mq;mq;5.700000;-10;mq;mq;mq;mq;0.000000;0.000000;mq;mq;mq;710.000000;1106.000000;mq;mq;mq;mq;mq;mq;mq;mq;mq;mq;mq;mq;mq;mq;
07015;20110901030000;101510;-30;6;50;3.600000;284.850000;283.050000;89;8000;0;mq;mq;40;0;8000;30;20;11;100940;mq;mq;mq;mq;mq;mq;mq;mq;mq;mq;mq;7.700000;-10;mq;mq;0.000000;-30;0.000000;0.000000;mq;mq;mq;710.000000;1108.000000;3100.000000;mq;3;0;7800;mq;mq;mq;mq;mq;mq;mq;mq;mq;
07020;20110901030000;101200;-110;8;90;8.200000;289.550000;287.750000;89;mq;mq;mq;mq;mq;mq;mq;mq;mq;mq;100940;mq;mq;mq;mq;mq;mq;mq;mq;mq;mq;mq;12.300000;-10;mq;mq;mq;mq;0.000000;0.000000;mq;mq;mq;710.000000;1112.000000;mq;mq;mq;mq;mq;mq;mq;mq;mq;mq;mq;mq;mq;mq;
07027;20110901030000;101160;-120;6;70;3.100000;288.550000;284.150000;75;35000;0;mq;mq;90;mq;2250;mq;mq;mq;100370;mq;mq;mq;mq;mq;mq;mq;mq;mq;mq;mq;5.100000;-10;mq;mq;mq;mq;0.000000;0.000000;mq;mq;mq;710.000000;1105.000000;mq;mq;mq;mq;mq;mq;mq;mq;mq;mq;mq;mq;mq;mq;
07037;20110901030000;101300;-90;6;50;5.100000;286.250000;284.450000;89;6000;mq;mq;mq;100;mq;mq;mq;mq;mq;99490;mq;mq;mq;mq;mq;mq;mq;mq;mq;mq;mq;7.200000;-10;mq;mq;mq;mq;0.000000;0.000000;mq;mq;mq;710.000000;1107.000000;mq;mq;mq;mq;mq;mq;mq;mq;mq;mq;mq;mq;mq;mq;
07110;20110901030000;100930;-120;6;50;2.600000;286.550000;285.450000;93;10000;2;1;1;0;mq;mq;mq;mq;mq;99800;mq;mq;mq;mq;mq;mq;mq;mq;mq;mq;mq;3.100000;-10;mq;mq;0.000000;-30;0.000000;0.000000;mq;mq;mq;710.000000;1103.000000;3100.000000;mq;mq;mq;mq;mq;mq;mq;mq;mq;mq;mq;mq;mq;
07117;20110901030000;100980;-110;6;100;3.100000;289.050000;287.050000;88;20000;2;1;1;25;2;800;32;22;10;100300;mq;mq;mq;mq;mq;mq;mq;mq;mq;mq;mq;5.700000;-10;mq;mq;mq;mq;0.000000;0.000000;mq;mq;mq;710.000000;1106.000000;2438.000000;mq;mq;mq;mq;mq;mq;mq;mq;mq;mq;mq;mq;mq;
07130;20110901030000;100950;-60;5;80;2.100000;287.850000;284.950000;83;27000;0;mq;mq;mq;mq;1250;mq;mq;mq;100440;mq;mq;mq;mq;mq;mq;mq;mq;mq;mq;mq;3.100000;-10;mq;mq;mq;mq;0.000000;0.000000;mq;mq;mq;710.000000;1103.000000;mq;mq;mq;mq;mq;mq;mq;mq;mq;mq;mq;mq;mq;mq;
07139;20110901030000;101120;-60;5;40;2.600000;287.150000;283.750000;80;mq;mq;mq;mq;mq;mq;mq;mq;mq;mq;99410;mq;mq;mq;mq;mq;mq;mq;mq;mq;mq;mq;6.200000;-10;mq;mq;mq;mq;0.000000;0.000000;mq;mq;mq;710.000000;1106.000000;mq;mq;mq;mq;mq;mq;mq;mq;mq;mq;mq;mq;mq;mq;
07149;20110901030000;101270;-50;5;50;3.100000;288.350000;284.150000;76;25000;2;1;1;75;4;3500;30;23;11;100200;mq;mq;mq;mq;mq;mq;mq;mq;mq;mq;mq;5.100000;-10;mq;mq;0.000000;-30;0.000000;0.000000;mq;mq;mq;710.000000;1105.000000;3100.000000;mq;4;3;3000;4;0;7500;mq;mq;mq;mq;mq;mq;
07168;20110901030000;101300;20;0;120;1.500000;288.550000;286.050000;85;20000;0;mq;mq;mq;mq;mq;mq;mq;mq;99910;mq;mq;mq;mq;mq;mq;mq;mq;mq;mq;mq;5.100000;-10;mq;mq;mq;mq;0.000000;0.200000;mq;mq;mq;710.000000;1105.000000;mq;mq;mq;mq;mq;mq;mq;mq;mq;mq;mq;mq;mq;mq;
07181;20110901030000;101450;70;0;240;0.500000;285.850000;283.950000;88;35000;0;mq;mq;100;mq;mq;mq;mq;mq;97410;mq;mq;mq;mq;mq;mq;mq;mq;mq;mq;mq;3.600000;-10;mq;mq;mq;mq;0.000000;0.000000;mq;mq;mq;710.000000;1104.000000;mq;mq;mq;mq;mq;mq;mq;mq;mq;mq;mq;mq;mq;mq;
07190;20110901030000;101450;50;3;330;2.100000;286.650000;283.450000;81;19000;0;mq;mq;90;mq;1750;mq;mq;mq;99650;mq;mq;mq;mq;mq;mq;mq;mq;mq;mq;mq;3.600000;-10;mq;mq;mq;mq;0.000000;0.000000;mq;mq;mq;710.000000;1104.000000;mq;mq;mq;mq;mq;mq;mq;mq;mq;mq;mq;mq;mq;mq;
07207;20110901030000;mq;mq;mq;80;4.100000;290.050000;288.050000;88;18000;2;1;1;10;1;3500;30;27;10;mq;mq;mq;mq;mq;mq;mq;mq;mq;mq;mq;mq;6.700000;-10;mq;mq;mq;mq;0.000000;0.000000;mq;mq;mq;710.000000;1107.000000;2427.000000;mq;mq;mq;mq;mq;mq;mq;mq;mq;mq;mq;mq;mq;
07222;20110901030000;100840;-40;8;60;1.500000;289.150000;287.550000;90;19000;0;mq;mq;90;mq;250;mq;mq;mq;100530;mq;mq;mq;mq;mq;mq;mq;mq;mq;mq;mq;4.600000;-10;mq;mq;mq;mq;0.000000;0.000000;mq;mq;mq;710.000000;1105.000000;mq;mq;mq;mq;mq;mq;mq;mq;mq;mq;mq;mq;mq;mq;
07240;20110901030000;101010;10;0;60;2.600000;288.150000;286.150000;88;30000;2;mq;mq;60;5;3500;30;28;10;99690;mq;mq;mq;mq;mq;mq;mq;mq;mq;mq;mq;4.100000;-10;mq;mq;0.000000;-30;0.000000;0.000000;mq;mq;mq;710.000000;1104.000000;3100.000000;mq;5;3;3300;mq;mq;mq;mq;mq;mq;mq;mq;mq;
07255;20110901030000;101140;50;3;100;3.100000;288.950000;287.350000;90;20000;0;mq;mq;mq;mq;mq;mq;mq;mq;99190;mq;mq;mq;mq;mq;mq;mq;mq;mq;mq;mq;4.600000;-10;mq;mq;mq;mq;0.000000;0.000000;mq;mq;mq;710.000000;1105.000000;mq;mq;mq;mq;mq;mq;mq;mq;mq;mq;mq;mq;mq;mq;
07280;20110901030000;101350;10;3;340;1.500000;287.950000;285.250000;84;55000;0;mq;mq;mq;mq;mq;mq;mq;mq;98680;mq;mq;mq;mq;mq;mq;mq;mq;mq;mq;mq;2.100000;-10;mq;mq;mq;mq;0.000000;0.000000;mq;mq;mq;710.000000;1102.000000;mq;mq;mq;mq;mq;mq;mq;mq;mq;mq;mq;mq;mq;mq;
07299;20110901030000;101470;110;3;270;1.500000;287.450000;285.850000;90;20000;80;8;6;100;4;800;39;26;60;98260;mq;mq;mq;mq;mq;mq;mq;mq;mq;mq;mq;2.100000;-10;mq;mq;0.000000;-30;0.000000;0.000000;mq;mq;mq;710.000000;1102.000000;3100.000000;mq;2;8;900;2;9;1500;3;6;1500;7;3;3600;
07314;20110901030000;100860;-50;8;110;2.100000;291.250000;290.650000;96;mq;mq;mq;mq;mq;mq;mq;mq;mq;mq;100590;mq;mq;mq;mq;mq;mq;mq;mq;mq;mq;mq;4.100000;-10;mq;mq;mq;mq;0.000000;0.000000;mq;mq;mq;710.000000;1104.000000;mq;mq;mq;mq;mq;mq;mq;mq;mq;mq;mq;mq;mq;mq;
07335;20110901030000;100940;-60;7;140;2.100000;290.950000;289.850000;93;29000;0;mq;mq;100;mq;mq;mq;mq;mq;99540;mq;mq;mq;mq;mq;mq;mq;mq;mq;mq;mq;3.100000;-10;mq;mq;mq;mq;0.000000;0.000000;mq;mq;mq;710.000000;1103.000000;mq;mq;mq;mq;mq;mq;mq;mq;mq;mq;mq;mq;mq;mq;
07434;20110901030000;101030;10;0;80;1.000000;291.350000;288.750000;85;35000;0;mq;mq;100;mq;mq;mq;mq;mq;96420;mq;mq;mq;mq;mq;mq;mq;mq;mq;mq;mq;4.100000;-10;mq;mq;mq;mq;0.200000;7.000000;mq;mq;mq;710.000000;1104.000000;mq;mq;mq;mq;mq;mq;mq;mq;mq;mq;mq;mq;mq;mq;
07460;20110901030000;101170;0;5;120;3.100000;288.250000;286.450000;89;20000;0;mq;mq;10;1;1250;35;20;10;97370;mq;mq;mq;mq;mq;mq;mq;mq;mq;mq;mq;8.200000;-10;mq;mq;0.000000;-30;0.000000;0.000000;mq;mq;mq;710.000000;1108.000000;3100.000000;mq;1;6;1380;mq;mq;mq;mq;mq;mq;mq;mq;mq;
07471;20110901030000;mq;-100;6;250;1.000000;284.250000;284.050000;99;14000;0;mq;mq;mq;mq;80;mq;mq;mq;91930;85000;17470;mq;mq;mq;mq;mq;mq;mq;mq;mq;2.100000;-10;mq;mq;mq;mq;0.000000;0.000000;mq;mq;mq;710.000000;1102.000000;mq;mq;mq;mq;mq;mq;mq;mq;mq;mq;mq;mq;mq;mq;
07481;20110901030000;101280;-90;6;150;3.100000;290.450000;288.750000;90;25000;2;6;1;50;4;3500;30;24;10;98490;mq;mq;mq;mq;mq;mq;mq;mq;mq;mq;mq;5.100000;-10;mq;mq;0.000000;-30;0.000000;0.200000;mq;mq;mq;710.000000;1105.000000;3100.000000;mq;4;3;3300;mq;mq;mq;mq;mq;mq;mq;mq;mq;
07510;20110901030000;100840;-100;6;110;5.100000;293.050000;291.150000;89;15000;95;9;6;90;2;1250;39;28;60;100210;mq;mq;mq;mq;mq;mq;mq;mq;mq;mq;mq;8.700000;-10;mq;mq;0.000000;-30;0.400000;3.000000;mq;mq;mq;710.000000;1109.000000;3100.000000;mq;2;9;1380;7;3;3300;mq;mq;mq;mq;mq;mq;
07535;20110901030000;101060;70;3;250;0.500000;290.650000;288.250000;86;mq;mq;mq;mq;mq;mq;mq;mq;mq;mq;98040;mq;mq;mq;mq;mq;mq;mq;mq;mq;mq;mq;1.500000;-10;mq;mq;mq;mq;0.000000;0.000000;mq;mq;mq;710.000000;1102.000000;mq;mq;mq;mq;mq;mq;mq;mq;mq;mq;mq;mq;mq;mq;
07558;20110901030000;101160;-10;5;120;5.700000;291.350000;289.650000;90;mq;mq;mq;mq;mq;mq;mq;mq;mq;mq;93140;mq;mq;mq;mq;mq;mq;mq;mq;mq;mq;mq;9.300000;-10;mq;mq;mq;mq;0.000000;0.000000;mq;mq;mq;710.000000;1109.000000;mq;mq;mq;mq;mq;mq;mq;mq;mq;mq;mq;mq;mq;mq;
07577;20110901030000;101350;-50;6;30;1.500000;291.350000;290.150000;93;20000;0;mq;mq;mq;mq;mq;mq;mq;mq;100480;mq;mq;mq;mq;mq;mq;mq;mq;mq;mq;mq;3.600000;-10;mq;mq;mq;mq;0.000000;0.800000;mq;mq;mq;710.000000;1104.000000;mq;mq;mq;mq;mq;mq;mq;mq;mq;mq;mq;mq;mq;mq;
07591;20110901030000;mq;30;0;20;3.100000;288.750000;285.850000;83;mq;0;mq;mq;mq;mq;mq;mq;mq;mq;91660;mq;mq;mq;mq;mq;mq;mq;mq;mq;mq;mq;6.700000;-10;mq;mq;mq;mq;0.000000;0.000000;mq;mq;mq;710.000000;1107.000000;mq;mq;mq;mq;mq;mq;mq;mq;mq;mq;mq;mq;mq;mq;
07607;20110901030000;100780;-160;8;60;3.100000;291.950000;289.350000;85;35000;0;mq;mq;90;mq;mq;mq;mq;mq;100090;mq;mq;mq;mq;mq;mq;mq;mq;mq;mq;mq;5.100000;-10;mq;mq;mq;mq;0.000000;0.000000;mq;mq;mq;710.000000;1105.000000;mq;mq;mq;mq;mq;mq;mq;mq;mq;mq;mq;mq;mq;mq;
07621;20110901030000;100880;-200;5;170;2.100000;290.150000;287.450000;84;60000;0;mq;mq;mq;mq;mq;mq;mq;mq;96690;mq;mq;mq;mq;mq;mq;mq;mq;mq;mq;mq;5.100000;-10;mq;mq;mq;mq;0.000000;2.000000;mq;mq;mq;710.000000;1105.000000;mq;mq;mq;mq;mq;mq;mq;mq;mq;mq;mq;mq;mq;mq;
07627;20110901030000;100960;0;0;130;1.500000;288.250000;285.750000;85;mq;mq;mq;mq;mq;mq;mq;mq;mq;mq;96210;mq;mq;mq;mq;mq;mq;mq;mq;mq;mq;mq;4.100000;-10;mq;mq;mq;mq;0.000000;0.000000;mq;mq;mq;710.000000;1104.000000;mq;mq;mq;mq;mq;mq;mq;mq;mq;mq;mq;mq;mq;mq;
07630;20110901030000;100920;10;3;260;1.000000;295.550000;292.750000;84;15000;2;1;1;90;7;450;35;61;60;99200;mq;mq;mq;mq;mq;mq;mq;mq;mq;mq;mq;7.700000;-10;mq;mq;0.000000;-30;0.000000;0.000000;mq;mq;mq;710.000000;1108.000000;3100.000000;mq;5;6;450;7;6;690;mq;mq;mq;mq;mq;mq;
07643;20110901030000;101270;10;3;70;4.600000;295.850000;293.950000;89;15000;2;1;1;100;8;450;35;61;60;101180;mq;mq;mq;mq;mq;mq;mq;mq;mq;mq;mq;7.700000;-10;mq;mq;mq;mq;0.000000;0.000000;mq;mq;mq;710.000000;1108.000000;mq;mq;5;7;360;8;6;1200;mq;mq;mq;mq;mq;mq;
07650;20110901030000;101310;0;5;60;1.000000;293.850000;289.650000;77;50000;2;1;1;90;0;8000;30;20;12;100940;mq;mq;mq;mq;mq;mq;mq;mq;mq;mq;mq;2.600000;-10;mq;mq;mq;mq;0.000000;0.000000;mq;mq;mq;710.000000;1103.000000;mq;mq;7;0;7500;mq;mq;mq;mq;mq;mq;mq;mq;mq;
07661;20110901030000;101340;0;4;100;7.700000;292.450000;291.250000;93;15000;2;1;1;40;3;800;31;20;10;99780;mq;mq;mq;mq;mq;mq;mq;mq;mq;mq;mq;9.300000;-10;mq;mq;mq;mq;0.000000;0.000000;mq;mq;mq;710.000000;1109.000000;mq;mq;3;8;900;mq;mq;mq;mq;mq;mq;mq;mq;mq;
07690;20110901030000;101460;50;3;330;2.100000;295.450000;292.050000;81;20000;2;1;1;75;6;450;35;20;10;101140;mq;mq;mq;mq;mq;mq;mq;mq;mq;mq;mq;3.100000;-10;mq;mq;0.000000;-30;0.000000;0.000000;mq;mq;mq;710.000000;1103.000000;3100.000000;mq;6;6;420;mq;mq;mq;mq;mq;mq;mq;mq;mq;
07747;20110901030000;101000;-50;6;50;1.500000;294.650000;294.150000;97;500;45;mq;mq;101;mq;mq;62;61;60;100490;mq;mq;mq;mq;mq;mq;mq;mq;mq;mq;mq;2.600000;-10;mq;mq;mq;mq;0.000000;0.000000;mq;mq;mq;710.000000;1103.000000;mq;mq;mq;mq;mq;mq;mq;mq;mq;mq;mq;mq;mq;mq;
07761;20110901030000;101350;40;1;40;4.100000;292.050000;284.350000;61;30000;2;1;1;60;0;8000;30;20;12;101240;mq;mq;mq;mq;mq;mq;mq;mq;mq;mq;mq;5.100000;-10;mq;mq;0.000000;-30;0.000000;0.000000;mq;mq;mq;710.000000;1105.000000;3100.000000;mq;5;0;7800;mq;mq;mq;mq;mq;mq;mq;mq;mq;
07790;20110901030000;101440;10;3;190;2.100000;291.350000;289.550000;89;30000;2;1;1;40;1;3500;30;23;11;101300;mq;mq;mq;mq;mq;mq;mq;mq;mq;mq;mq;2.600000;-10;mq;mq;0.000000;-30;0.000000;0.000000;mq;mq;mq;710.000000;1103.000000;3100.000000;mq;1;3;3300;3;0;6900;mq;mq;mq;mq;mq;mq;
61968;20110901030000;101650;mq;mq;100;2.600000;296.550000;289.850000;66;mq;mq;mq;mq;mq;mq;mq;mq;mq;mq;mq;mq;mq;10;mq;mq;mq;mq;mq;mq;mq;mq;5.100000;-10;mq;mq;mq;mq;0.000000;0.000000;mq;mq;mq;710.000000;1105.000000;mq;mq;mq;mq;mq;mq;mq;mq;mq;mq;mq;mq;mq;mq;
61970;20110901030000;101830;mq;mq;mq;mq;297.550000;294.850000;85;mq;mq;mq;mq;mq;mq;mq;mq;mq;mq;mq;mq;mq;mq;mq;mq;mq;mq;mq;mq;mq;mq;mq;mq;mq;mq;mq;mq;0.000000;0.000000;mq;mq;mq;mq;mq;mq;mq;mq;mq;mq;mq;mq;mq;mq;mq;mq;mq;mq;mq;
61972;20110901030000;101900;mq;mq;150;1.500000;292.950000;292.750000;99;mq;mq;mq;mq;mq;mq;mq;mq;mq;mq;mq;mq;mq;mq;mq;mq;mq;mq;mq;mq;mq;mq;2.600000;-10;mq;mq;mq;mq;0.000000;0.000000;mq;mq;mq;710.000000;1103.000000;mq;mq;mq;mq;mq;mq;mq;mq;mq;mq;mq;mq;mq;mq;
61976;20110901030000;101780;mq;mq;140;8.200000;296.250000;291.950000;77;mq;mq;mq;mq;mq;mq;mq;mq;mq;mq;101630;mq;mq;mq;mq;mq;mq;mq;mq;mq;mq;mq;mq;mq;mq;mq;mq;mq;mq;mq;mq;mq;mq;mq;mq;mq;mq;mq;mq;mq;mq;mq;mq;mq;mq;mq;mq;mq;mq;
61980;20110901030000;102170;mq;mq;130;6.200000;292.750000;287.350000;71;10000;15;0;0;40;3;800;38;20;10;mq;mq;mq;mq;mq;mq;mq;mq;mq;mq;mq;mq;11.300000;-10;mq;mq;mq;mq;0.000000;0.200000;mq;mq;mq;710.000000;1111.000000;mq;mq;2;8;780;mq;mq;mq;mq;mq;mq;mq;mq;mq;
61997;20110901030000;99770;mq;mq;260;12.900000;280.350000;277.950000;85;mq;mq;mq;mq;mq;mq;mq;mq;mq;mq;mq;mq;mq;mq;mq;mq;mq;mq;mq;mq;mq;mq;23.100000;-30;mq;mq;mq;mq;mq;0.200000;mq;mq;mq;1123.000000;mq;mq;mq;mq;mq;mq;mq;mq;mq;mq;mq;mq;mq;mq;mq;
61998;20110901030000;99280;mq;mq;310;14.900000;280.250000;278.050000;86;20000;60;6;1;90;5;450;38;23;60;mq;mq;mq;mq;mq;mq;mq;mq;mq;mq;mq;mq;21.100000;-10;mq;mq;mq;mq;0.000000;0.000000;mq;mq;mq;710.000000;1121.000000;mq;mq;2;8;480;4;6;990;5;3;3600;mq;mq;mq;
67005;20110901030000;101640;mq;mq;130;8.700000;297.850000;292.450000;72;8000;25;1;1;75;3;800;38;27;10;mq;mq;mq;mq;mq;mq;mq;mq;mq;mq;mq;mq;11.800000;-10;mq;mq;mq;mq;0.000000;0.400000;mq;mq;mq;710.000000;1112.000000;mq;mq;3;8;600;6;3;2700;mq;mq;mq;mq;mq;mq;
71805;20110901030000;101950;-30;6;210;4.100000;288.550000;288.050000;97;55000;0;mq;mq;90;mq;450;mq;mq;mq;101870;mq;mq;mq;mq;mq;mq;mq;mq;mq;mq;mq;5.700000;-10;mq;mq;mq;mq;0.000000;0.000000;mq;mq;mq;710.000000;1106.000000;mq;mq;mq;mq;mq;mq;mq;mq;mq;mq;mq;mq;mq;mq;
78897;20110901030000;101610;120;1;110;1.500000;298.850000;296.150000;85;40000;2;1;1;25;2;800;32;20;11;mq;mq;mq;30;mq;mq;mq;mq;mq;mq;mq;mq;mq;mq;mq;mq;mq;mq;mq;mq;mq;mq;mq;mq;mq;mq;mq;2;8;600;mq;mq;mq;mq;mq;mq;mq;mq;mq;
78922;20110901030000;101560;110;0;120;4.100000;301.150000;295.350000;71;mq;mq;mq;mq;mq;mq;mq;mq;mq;mq;101120;mq;mq;mq;mq;mq;mq;mq;mq;mq;mq;mq;mq;mq;mq;mq;mq;mq;mq;mq;mq;mq;mq;mq;mq;mq;mq;mq;mq;mq;mq;mq;mq;mq;mq;mq;mq;mq;mq;
78925;20110901030000;101570;120;0;60;1.500000;298.750000;297.150000;91;20000;2;1;1;50;2;800;32;20;12;mq;mq;mq;0;mq;mq;mq;mq;mq;mq;mq;mq;mq;mq;mq;mq;mq;mq;mq;mq;mq;mq;mq;mq;mq;mq;mq;2;8;690;3;0;7800;mq;mq;mq;mq;mq;mq;
81401;20110901030000;101480;mq;mq;0;0.000000;296.350000;295.350000;94;mq;mq;mq;mq;mq;mq;mq;mq;mq;mq;101420;mq;mq;mq;mq;mq;mq;mq;mq;mq;mq;mq;mq;mq;mq;mq;mq;mq;mq;0.000000;mq;mq;mq;mq;mq;mq;mq;mq;mq;mq;mq;mq;mq;mq;mq;mq;mq;mq;mq;
81405;20110901030000;101540;mq;mq;0;0.000000;297.550000;296.550000;94;35000;0;mq;mq;mq;mq;mq;mq;mq;mq;101450;mq;mq;mq;mq;mq;mq;mq;mq;mq;mq;mq;mq;mq;mq;mq;mq;mq;mq;0.000000;mq;mq;mq;mq;mq;mq;mq;mq;mq;mq;mq;mq;mq;mq;mq;mq;mq;mq;mq;
81408;20110901030000;101530;mq;mq;0;0.000000;295.950000;295.250000;96;mq;mq;mq;mq;mq;mq;mq;mq;mq;mq;101450;mq;mq;mq;mq;mq;mq;mq;mq;mq;mq;mq;mq;mq;mq;mq;mq;mq;mq;0.000000;mq;mq;mq;mq;mq;mq;mq;mq;mq;mq;mq;mq;mq;mq;mq;mq;mq;mq;mq;
81415;20110901030000;101540;mq;mq;0;0.000000;295.850000;295.050000;95;mq;mq;mq;mq;mq;mq;mq;mq;mq;mq;100320;mq;mq;mq;mq;mq;mq;mq;mq;mq;mq;mq;mq;mq;mq;mq;mq;mq;mq;0.000000;mq;mq;mq;mq;mq;mq;mq;mq;mq;mq;mq;mq;mq;mq;mq;mq;mq;mq;mq;
89642;20110901030000;99470;-120;6;150;1.000000;257.650000;248.350000;41;40000;2;1;1;0;mq;mq;mq;mq;mq;98910;mq;mq;mq;mq;mq;mq;mq;mq;mq;mq;mq;mq;mq;mq;mq;mq;mq;mq;mq;mq;mq;mq;mq;mq;mq;mq;mq;mq;mq;mq;mq;mq;mq;mq;mq;mq;mq;mq;
07005;20110901060000;101380;-70;8;50;5.100000;284.650000;283.350000;92;8000;2;1;1;50;1;800;31;23;12;100490;mq;mq;mq;284.450000;mq;290.750000;mq;283.150000;mq;mq;mq;7.200000;-10;0;0.000000;mq;mq;0.000000;0.000000;mq;0.000000;0.000000;710.000000;1107.000000;mq;mq;1;8;630;3;0;7500;mq;mq;mq;mq;mq;mq;
07015;20110901060000;101520;10;1;40;3.600000;284.350000;283.050000;92;5000;1;mq;mq;25;0;8000;30;20;11;100950;mq;mq;mq;283.950000;mq;289.750000;mq;283.150000;mq;mq;mq;5.100000;-10;0;0.000000;0.000000;-60;0.000000;0.000000;mq;0.000000;0.000000;710.000000;1105.000000;3100.000000;mq;2;0;6900;mq;mq;mq;mq;mq;mq;mq;mq;mq;
07020;20110901060000;101170;-30;5;90;7.700000;289.450000;287.150000;86;9000;2;1;1;40;3;3500;30;22;11;100910;mq;mq;mq;289.150000;mq;289.850000;mq;mq;mq;mq;mq;11.800000;-10;mq;mq;mq;mq;0.000000;0.000000;mq;0.000000;0.000000;710.000000;1112.000000;mq;mq;2;3;2400;mq;mq;mq;mq;mq;mq;mq;mq;mq;
07027;20110901060000;101160;-10;6;90;3.600000;287.950000;284.350000;79;30000;2;1;1;60;3;1750;35;23;11;100360;mq;mq;mq;286.250000;mq;292.350000;mq;285.150000;mq;mq;mq;6.700000;-10;0;0.000000;0.000000;-60;0.000000;0.000000;mq;0.000000;0.000000;710.000000;1107.000000;3100.000000;mq;3;6;1800;3;3;2400;mq;mq;mq;mq;mq;mq;
07037;20110901060000;101260;-40;5;70;3.600000;285.850000;283.950000;88;7000;2;1;1;40;3;2250;35;20;10;99450;mq;mq;mq;284.750000;mq;290.250000;mq;283.150000;mq;mq;mq;7.200000;-10;0;0.000000;0.000000;-60;0.000000;0.000000;mq;0.000000;0.000000;710.000000;1107.000000;3100.000000;mq;3;6;2100;mq;mq;mq;mq;mq;mq;mq;mq;mq;
07110;20110901060000;100930;0;5;360;1.500000;285.750000;285.150000;96;4000;10;1;1;75;2;1750;35;28;11;99800;mq;mq;mq;285.150000;mq;293.950000;mq;282.150000;mq;mq;mq;2.600000;-10;0;0.000000;0.000000;-60;0.000000;0.000000;mq;0.000000;0.000000;710.000000;1103.000000;3100.000000;mq;2;6;1800;4;0;6900;mq;mq;mq;mq;mq;mq;
07117;20110901060000;100960;-30;5;110;3.600000;288.850000;287.250000;90;15000;2;1;1;75;4;450;34;26;12;100270;mq;mq;mq;288.550000;mq;290.350000;mq;mq;mq;mq;mq;5.700000;-10;mq;mq;mq;mq;0.000000;0.000000;mq;0.000000;mq;710.000000;1106.000000;2428.000000;mq;mq;mq;mq;mq;mq;mq;mq;mq;mq;mq;mq;mq;
07130;20110901060000;100970;20;3;120;2.600000;287.350000;285.050000;86;22000;0;mq;mq;mq;mq;mq;mq;mq;mq;100460;mq;mq;mq;286.650000;mq;293.950000;mq;284.150000;mq;mq;mq;4.100000;-10;0;0.000000;mq;mq;0.000000;0.000000;mq;0.000000;0.000000;710.000000;1104.000000;mq;mq;mq;mq;mq;mq;mq;mq;mq;mq;mq;mq;mq;mq;
07139;20110901060000;101120;0;5;40;3.600000;286.750000;283.750000;82;20000;2;1;1;40;1;1750;35;23;12;99410;mq;mq;mq;285.950000;mq;291.550000;mq;285.150000;mq;mq;mq;4.600000;-10;1;0.000000;0.000000;-60;0.000000;0.000000;mq;1.000000;1.600000;710.000000;1105.000000;3100.000000;mq;1;6;1800;3;0;7500;mq;mq;mq;mq;mq;mq;
07149;20110901060000;101230;-40;5;60;2.100000;288.050000;284.250000;78;25000;2;1;1;75;2;3500;30;23;11;100160;mq;mq;mq;286.750000;mq;293.350000;mq;284.150000;mq;mq;mq;4.600000;-10;0;0.000000;0.000000;-60;0.000000;0.000000;mq;0.200000;0.200000;710.000000;1105.000000;3100.000000;mq;2;3;3000;5;0;7500;mq;mq;mq;mq;mq;mq;
07168;20110901060000;101280;-30;5;100;2.100000;288.350000;285.250000;82;25000;1;8;6;50;2;3500;30;23;11;99880;mq;mq;mq;284.850000;mq;294.150000;mq;283.150000;mq;mq;mq;3.100000;-10;1;0.000000;0.000000;-60;0.000000;0.000000;mq;0.200000;0.200000;710.000000;1103.000000;3100.000000;mq;2;3;3000;4;0;7500;mq;mq;mq;mq;mq;mq;
07181;20110901060000;101440;0;5;50;0.500000;285.950000;284.050000;88;19000;0;mq;mq;100;mq;mq;mq;mq;mq;97410;mq;mq;mq;285.050000;mq;291.250000;mq;281.150000;mq;mq;mq;1.000000;-10;mq;mq;mq;mq;0.000000;0.000000;mq;0.000000;0.000000;710.000000;1101.000000;mq;mq;mq;mq;mq;mq;mq;mq;mq;mq;mq;mq;mq;mq;
07190;20110901060000;101510;60;3;270;1.000000;285.850000;283.950000;88;18000;0;mq;mq;75;mq;mq;mq;mq;mq;99710;mq;mq;mq;285.350000;mq;293.150000;mq;283.150000;mq;mq;mq;2.100000;-10;0;0.000000;mq;mq;0.000000;0.000000;mq;0.000000;0.000000;710.000000;1102.000000;mq;mq;mq;mq;mq;mq;mq;mq;mq;mq;mq;mq;mq;mq;
07207;20110901060000;mq;mq;mq;90;3.100000;289.950000;288.650000;92;12000;2;1;1;100;8;3500;30;22;10;mq;mq;mq;mq;289.050000;mq;292.950000;mq;mq;mq;mq;mq;4.600000;-10;mq;mq;mq;mq;0.000000;0.000000;mq;0.000000;mq;710.000000;1105.000000;2417.000000;mq;mq;mq;mq;mq;mq;mq;mq;mq;mq;mq;mq;mq;
07222;20110901060000;100900;60;2;90;2.100000;289.350000;288.850000;97;3000;10;2;2;90;7;250;36;61;60;100590;mq;mq;mq;288.650000;mq;294.550000;mq;287.150000;mq;mq;mq;3.100000;-10;0;0.000000;mq;mq;0.000000;0.000000;mq;0.000000;0.000000;710.000000;1103.000000;mq;mq;7;7;210;mq;mq;mq;mq;mq;mq;mq;mq;mq;
07240;20110901060000;101060;50;3;90;2.600000;288.250000;286.650000;90;30000;2;mq;mq;75;5;3500;30;28;11;99740;mq;mq;mq;287.950000;mq;293.050000;mq;286.150000;mq;mq;mq;5.100000;-10;0;0.000000;0.000000;-60;0.000000;0.000000;mq;0.000000;0.400000;710.000000;1105.000000;3100.000000;mq;5;3;2700;4;0;6900;mq;mq;mq;mq;mq;mq;
07255;20110901060000;101150;20;3;100;2.600000;289.550000;287.750000;89;25000;2;1;1;90;5;3500;30;23;11;99210;mq;mq;mq;288.850000;mq;294.550000;mq;288.150000;mq;mq;mq;3.600000;-10;0;0.000000;0.000000;-60;0.000000;0.000000;mq;0.000000;0.000000;710.000000;1104.000000;3100.000000;mq;5;3;3000;7;0;7800;mq;mq;mq;mq;mq;mq;
07280;20110901060000;101380;30;3;320;0.500000;287.550000;285.450000;87;40000;0;mq;mq;mq;mq;mq;mq;mq;mq;98710;mq;mq;mq;285.850000;mq;294.550000;mq;283.150000;mq;mq;mq;1.000000;-10;0;0.000000;mq;mq;0.000000;0.000000;mq;0.000000;0.000000;710.000000;1101.000000;mq;mq;mq;mq;mq;mq;mq;mq;mq;mq;mq;mq;mq;mq;
07299;20110901060000;101460;-10;5;260;1.500000;287.350000;286.550000;95;7000;21;9;8;90;1;800;31;27;60;98250;mq;mq;mq;286.350000;mq;292.650000;mq;285.150000;mq;mq;mq;2.600000;-10;1;0.000000;0.000000;-60;0.200000;2.000000;mq;2.000000;1.600000;710.000000;1103.000000;3100.000000;mq;1;8;900;7;3;3000;mq;mq;mq;mq;mq;mq;
07314;20110901060000;100870;10;3;130;1.500000;290.250000;289.650000;96;20000;2;1;1;90;1;800;31;29;16;100600;mq;mq;mq;290.250000;mq;293.950000;mq;mq;mq;mq;mq;4.600000;-10;0;0.000000;mq;mq;0.000000;0.200000;mq;0.200000;0.200000;710.000000;1105.000000;2428.000000;mq;1;8;780;3;3;1800;mq;mq;mq;mq;mq;mq;
07335;20110901060000;100980;40;3;0;0.000000;291.150000;289.950000;93;25000;2;1;1;90;5;3500;30;27;11;99580;mq;mq;mq;289.950000;mq;295.050000;mq;288.150000;mq;mq;mq;1.000000;-10;0;0.000000;mq;mq;0.000000;0.000000;mq;0.000000;0.000000;710.000000;1101.000000;mq;mq;5;3;3300;5;0;7500;mq;mq;mq;mq;mq;mq;
07434;20110901060000;101050;10;3;90;2.600000;290.550000;287.650000;83;20000;3;9;8;90;7;3500;30;27;60;96430;mq;mq;mq;289.950000;mq;295.250000;mq;289.150000;mq;mq;mq;4.100000;-10;2;0.000000;0.000000;-60;0.000000;0.000000;mq;7.000000;7.600000;710.000000;1104.000000;3100.000000;mq;4;3;3000;6;3;4200;mq;mq;mq;mq;mq;mq;
07460;20110901060000;101210;50;3;170;4.100000;288.750000;286.750000;88;20000;2;mq;mq;60;1;3500;30;23;11;97420;mq;mq;mq;287.150000;mq;292.750000;mq;285.150000;mq;mq;mq;9.300000;-10;0;0.000000;0.000000;-60;0.000000;0.000000;mq;8.000000;14.200000;710.000000;1109.000000;3100.000000;mq;1;3;3000;5;0;6900;mq;mq;mq;mq;mq;mq;
07471;20110901060000;mq;-10;5;0;0.000000;284.350000;284.350000;100;25000;2;1;1;50;1;250;36;20;12;91920;85000;17460;mq;283.250000;mq;293.250000;mq;281.150000;mq;mq;mq;2.100000;-10;2;0.000000;0.000000;-60;0.000000;0.200000;mq;3.000000;2.800000;710.000000;1102.000000;3100.000000;mq;1;7;180;3;0;7500;mq;mq;mq;mq;mq;mq;
07481;20110901060000;101360;70;3;130;3.600000;290.150000;288.450000;90;30000;3;6;1;90;2;3500;30;24;13;98560;mq;mq;mq;289.650000;mq;298.650000;mq;289.150000;mq;mq;mq;5.100000;-10;2;0.000000;0.000000;-60;0.000000;0.000000;mq;21.000000;21.400000;710.000000;1105.000000;3100.000000;mq;2;3;3900;7;0;6900;mq;mq;mq;mq;mq;mq;
07510;20110901060000;100920;80;3;150;5.700000;292.450000;291.650000;95;12000;95;9;8;90;7;450;39;29;60;100290;mq;mq;mq;291.850000;mq;298.650000;mq;291.150000;mq;mq;mq;10.300000;-10;2;0.000000;0.000000;-60;0.400000;1.000000;mq;4.000000;4.000000;710.000000;1110.000000;3100.000000;mq;1;8;390;5;9;1200;7;3;3000;mq;mq;mq;
07535;20110901060000;101030;-30;5;80;0.500000;290.850000;288.450000;86;30000;2;1;1;90;5;3500;30;28;11;98010;mq;mq;mq;289.250000;mq;297.050000;mq;287.150000;mq;mq;mq;5.100000;-10;0;0.000000;0.000000;-60;0.000000;0.000000;mq;0.000000;0.000000;710.000000;1105.000000;3100.000000;mq;2;3;2700;5;3;3300;7;0;7500;mq;mq;mq;
07558;20110901060000;101260;60;3;120;4.100000;290.450000;288.450000;88;50000;2;1;1;75;2;450;35;23;11;93200;mq;mq;mq;289.250000;mq;293.650000;mq;288.150000;mq;mq;mq;10.800000;-10;0;0.000000;0.000000;-60;0.000000;0.000000;mq;0.000000;0.000000;710.000000;1111.000000;3100.000000;mq;2;6;300;3;3;2700;5;0;7800;mq;mq;mq;
07577;20110901060000;101420;70;3;0;0.000000;290.550000;289.750000;95;30000;3;8;6;90;1;250;36;27;11;100550;mq;mq;mq;290.050000;mq;299.050000;mq;289.150000;mq;mq;mq;1.000000;-10;1;0.000000;0.000000;-60;0.000000;0.200000;mq;4.000000;3.800000;710.000000;1101.000000;3100.000000;mq;1;7;180;3;3;3000;7;0;7500;mq;mq;mq;
07591;20110901060000;mq;140;3;60;2.600000;287.550000;286.050000;91;mq;0;mq;mq;mq;mq;mq;mq;mq;mq;91800;mq;mq;mq;287.550000;mq;297.150000;mq;287.150000;mq;mq;mq;7.700000;-10;mq;mq;mq;mq;0.000000;4.000000;mq;4.000000;4.100000;710.000000;1108.000000;mq;mq;mq;mq;mq;mq;mq;mq;mq;mq;mq;mq;mq;mq;
07607;20110901060000;100880;100;1;120;2.100000;291.550000;289.850000;90;22000;0;mq;mq;90;mq;mq;mq;mq;mq;100190;mq;mq;mq;290.950000;mq;299.450000;mq;289.150000;mq;mq;mq;4.100000;-10;mq;mq;mq;mq;0.000000;0.000000;mq;0.000000;0.000000;710.000000;1104.000000;mq;mq;mq;mq;mq;mq;mq;mq;mq;mq;mq;mq;mq;mq;
07621;20110901060000;100930;40;2;170;1.500000;289.250000;287.650000;90;15000;2;mq;mq;90;6;1750;35;27;12;96730;mq;mq;mq;288.650000;mq;296.750000;mq;286.150000;mq;mq;mq;4.100000;-10;1;0.000000;0.000000;-60;0.000000;0.000000;mq;2.000000;2.200000;710.000000;1104.000000;3100.000000;mq;3;6;1800;4;3;4800;6;0;7500;mq;mq;mq;
07627;20110901060000;100940;20;3;140;4.100000;290.450000;285.550000;73;40000;2;1;1;90;4;3500;30;24;11;96230;mq;mq;mq;287.150000;mq;295.850000;mq;284.150000;mq;mq;mq;8.200000;-10;0;0.000000;0.000000;-60;0.000000;0.000000;mq;0.000000;0.000000;710.000000;1108.000000;3100.000000;mq;4;3;3000;7;0;6900;mq;mq;mq;mq;mq;mq;
07630;20110901060000;100970;40;3;100;1.500000;294.350000;290.950000;81;20000;2;1;1;100;7;450;35;61;60;99240;mq;mq;mq;294.150000;mq;298.550000;mq;291.150000;mq;mq;mq;6.700000;-10;0;0.000000;0.000000;-60;0.000000;0.000000;mq;0.000000;0.000000;710.000000;1107.000000;3100.000000;mq;7;6;510;mq;mq;mq;mq;mq;mq;mq;mq;mq;
07643;20110901060000;101320;50;1;80;2.100000;293.850000;291.650000;87;25000;29;9;2;60;2;450;39;28;13;101230;mq;mq;mq;293.750000;mq;296.750000;mq;293.150000;mq;mq;mq;6.200000;-10;0;0.000000;mq;mq;0.000000;0.000000;mq;0.000000;0.000000;710.000000;1106.000000;mq;mq;1;7;300;4;0;7800;mq;mq;mq;mq;mq;mq;
07650;20110901060000;101350;40;3;100;2.100000;294.550000;290.150000;76;40000;2;1;1;60;1;2250;30;23;12;100980;mq;mq;mq;292.850000;mq;297.350000;mq;289.150000;mq;mq;mq;4.100000;-10;0;0.000000;mq;mq;0.000000;0.000000;mq;0.000000;0.000000;710.000000;1104.000000;mq;mq;1;3;1800;5;0;7500;mq;mq;mq;mq;mq;mq;
07661;20110901060000;101360;20;3;120;6.700000;293.050000;290.450000;85;20000;2;1;1;75;3;3500;30;27;18;99800;mq;mq;mq;292.050000;mq;295.150000;mq;mq;mq;mq;mq;8.200000;-10;mq;mq;mq;mq;0.000000;0.000000;mq;0.000000;0.000000;710.000000;1108.000000;mq;mq;1;3;2400;3;2;4800;mq;mq;mq;mq;mq;mq;
07690;20110901060000;101530;60;3;330;2.600000;294.850000;290.850000;78;18000;2;1;1;75;2;450;31;23;12;101200;mq;mq;mq;294.550000;mq;297.150000;mq;294.150000;mq;mq;mq;4.100000;-10;0;0.000000;0.000000;-60;0.000000;0.000000;mq;0.000000;0.000000;710.000000;1104.000000;3100.000000;mq;2;8;390;6;0;6900;mq;mq;mq;mq;mq;mq;
07747;20110901060000;101150;150;3;70;2.100000;294.950000;294.150000;95;4000;10;2;2;100;8;250;36;61;60;100640;mq;mq;mq;294.150000;mq;297.450000;mq;294.150000;mq;mq;mq;3.600000;-10;1;0.000000;mq;mq;0.000000;0.000000;mq;0.400000;0.400000;710.000000;1104.000000;mq;mq;7;7;240;mq;mq;mq;mq;mq;mq;mq;mq;mq;
07761;20110901060000;101310;-40;5;50;2.600000;293.750000;283.850000;53;30000;2;1;1;50;2;3500;30;28;12;101200;mq;mq;mq;291.250000;mq;298.350000;mq;291.150000;mq;mq;mq;5.700000;-10;0;0.000000;0.000000;-60;0.000000;0.000000;mq;0.000000;0.000000;710.000000;1106.000000;3100.000000;mq;2;3;3300;4;0;7800;mq;mq;mq;mq;mq;mq;
07790;20110901060000;101470;30;3;230;2.100000;292.750000;290.150000;85;30000;2;1;1;75;2;800;35;23;11;101330;mq;mq;mq;290.850000;mq;297.250000;mq;288.150000;mq;mq;mq;2.600000;-10;0;0.000000;0.000000;-60;0.000000;0.000000;mq;0.000000;0.000000;710.000000;1103.000000;3100.000000;mq;2;6;600;3;3;3300;6;0;7800;mq;mq;mq;
61970;20110901060000;101940;mq;mq;mq;mq;299.650000;295.050000;76;mq;mq;mq;mq;mq;mq;mq;mq;mq;mq;mq;mq;mq;mq;296.950000;mq;mq;mq;mq;mq;mq;mq;mq;mq;mq;mq;mq;mq;0.000000;mq;mq;mq;0.000000;mq;mq;mq;mq;mq;mq;mq;mq;mq;mq;mq;mq;mq;mq;mq;mq;
61972;20110901060000;102010;mq;mq;70;1.000000;297.950000;294.850000;83;mq;mq;mq;mq;mq;mq;mq;mq;mq;mq;mq;mq;mq;mq;291.650000;mq;mq;mq;mq;mq;mq;mq;3.100000;-10;mq;mq;mq;mq;0.000000;mq;mq;mq;0.200000;710.000000;1103.000000;mq;mq;mq;mq;mq;mq;mq;mq;mq;mq;mq;mq;mq;mq;
61976;20110901060000;101900;mq;mq;140;9.300000;298.150000;293.850000;77;mq;mq;mq;mq;mq;mq;mq;mq;mq;mq;101750;mq;mq;mq;mq;mq;mq;mq;mq;mq;mq;mq;mq;mq;mq;mq;mq;mq;mq;mq;mq;mq;mq;mq;mq;mq;mq;mq;mq;mq;mq;mq;mq;mq;mq;mq;mq;mq;mq;
61980;20110901060000;102200;mq;mq;110;12.300000;296.750000;289.750000;65;10000;2;1;1;25;2;800;38;20;10;mq;mq;mq;mq;290.950000;mq;mq;mq;289.150000;mq;mq;mq;18.000000;-10;mq;mq;mq;mq;0.000000;mq;mq;mq;6.000000;710.000000;1118.000000;2447.000000;mq;2;8;780;mq;mq;mq;mq;mq;mq;mq;mq;mq;
61997;20110901060000;99990;mq;mq;240;17.500000;279.250000;276.750000;84;mq;mq;mq;mq;mq;mq;mq;mq;mq;mq;mq;mq;mq;mq;279.950000;mq;mq;mq;279.150000;mq;mq;mq;25.700000;-60;mq;mq;mq;mq;mq;mq;mq;mq;36.000000;1126.000000;mq;mq;mq;mq;mq;mq;mq;mq;mq;mq;mq;mq;mq;mq;mq;
61998;20110901060000;99070;mq;mq;290;16.500000;282.450000;278.950000;79;35000;2;1;1;90;5;800;38;23;60;mq;mq;mq;mq;275.050000;mq;mq;mq;274.150000;mq;mq;mq;23.100000;-10;mq;mq;mq;mq;0.000000;mq;mq;mq;0.400000;710.000000;1123.000000;mq;mq;2;8;600;5;6;990;5;3;3600;mq;mq;mq;
67005;20110901060000;101760;mq;mq;120;7.700000;299.450000;293.050000;68;20000;2;1;1;50;3;800;38;23;10;mq;mq;mq;mq;295.450000;mq;mq;mq;293.150000;mq;mq;mq;9.800000;-10;mq;mq;mq;mq;0.000000;mq;mq;mq;0.400000;710.000000;1110.000000;mq;mq;3;8;660;mq;mq;mq;mq;mq;mq;mq;mq;mq;
71805;20110901060000;102000;50;3;280;2.600000;288.150000;287.650000;97;35000;0;mq;mq;90;mq;800;mq;mq;mq;101920;mq;mq;mq;mq;286.650000;mq;292.350000;284.150000;mq;mq;mq;4.600000;-10;mq;mq;mq;mq;0.000000;0.000000;mq;0.000000;0.000000;710.000000;1105.000000;mq;mq;mq;mq;mq;mq;mq;mq;mq;mq;mq;mq;mq;mq;
78897;20110901060000;101510;-100;6;0;0.000000;297.550000;295.950000;91;40000;2;1;1;10;1;800;32;20;11;mq;mq;mq;40;mq;296.450000;mq;304.550000;275.150000;mq;mq;mq;mq;mq;mq;mq;mq;mq;mq;mq;0.000000;mq;0.800000;mq;mq;mq;mq;1;8;600;mq;mq;mq;mq;mq;mq;mq;mq;mq;
78922;20110901060000;101470;-90;8;120;5.100000;301.050000;295.950000;74;mq;mq;mq;mq;mq;mq;mq;mq;mq;mq;101030;mq;mq;mq;mq;mq;mq;mq;mq;mq;mq;mq;mq;mq;mq;mq;mq;mq;mq;mq;mq;mq;mq;mq;mq;mq;mq;mq;mq;mq;mq;mq;mq;mq;mq;mq;mq;mq;mq;
78925;20110901060000;101490;-80;6;120;2.100000;297.750000;296.750000;94;55000;0;mq;mq;mq;mq;1250;mq;mq;mq;mq;mq;mq;60;mq;296.450000;mq;305.150000;mq;mq;mq;mq;mq;mq;mq;mq;mq;mq;mq;mq;0.000000;mq;4.500000;mq;mq;mq;mq;mq;mq;mq;mq;mq;mq;mq;mq;mq;mq;mq;mq;
81401;20110901060000;101410;mq;mq;180;0.500000;295.850000;295.050000;95;mq;mq;mq;mq;mq;mq;mq;mq;mq;mq;101350;mq;mq;mq;mq;mq;mq;mq;mq;mq;mq;mq;mq;mq;mq;mq;mq;mq;mq;0.000000;0.000000;mq;mq;mq;mq;mq;mq;mq;mq;mq;mq;mq;mq;mq;mq;mq;mq;mq;mq;
81405;20110901060000;101420;mq;mq;0;0.000000;295.850000;295.350000;97;40000;0;mq;mq;mq;mq;800;mq;mq;mq;101330;mq;mq;mq;mq;mq;mq;mq;294.150000;mq;mq;mq;mq;mq;mq;mq;mq;mq;mq;0.000000;0.000000;mq;mq;mq;mq;mq;mq;mq;mq;mq;mq;mq;mq;mq;mq;mq;mq;mq;mq;
81408;20110901060000;101400;mq;mq;0;0.000000;294.750000;294.250000;97;mq;mq;mq;mq;mq;mq;mq;mq;mq;mq;101320;mq;mq;mq;mq;mq;mq;mq;mq;mq;mq;mq;mq;mq;mq;mq;mq;mq;mq;0.000000;0.000000;mq;mq;mq;mq;mq;mq;mq;mq;mq;mq;mq;mq;mq;mq;mq;mq;mq;mq;
81415;20110901060000;101480;mq;mq;0;0.000000;295.050000;294.750000;98;mq;mq;mq;mq;mq;mq;mq;mq;mq;mq;100260;mq;mq;mq;mq;mq;mq;mq;mq;mq;mq;mq;mq;mq;mq;mq;mq;mq;mq;0.000000;0.000000;mq;mq;mq;mq;mq;mq;mq;mq;mq;mq;mq;mq;mq;mq;mq;mq;mq;mq;
89642;20110901060000;99390;-80;8;300;1.500000;257.650000;248.350000;41;40000;2;1;1;0;mq;mq;mq;mq;mq;98830;mq;mq;mq;mq;mq;mq;mq;mq;mq;mq;mq;mq;mq;mq;mq;mq;mq;mq;mq;mq;mq;mq;mq;mq;mq;mq;mq;mq;mq;mq;mq;mq;mq;mq;mq;mq;mq;mq;
07005;20110901090000;101450;90;3;90;5.100000;290.450000;284.750000;69;10000;2;1;1;60;3;3500;30;23;12;100580;mq;mq;mq;mq;mq;mq;mq;mq;mq;mq;mq;8.200000;-10;mq;mq;0.000000;-30;0.000000;0.000000;mq;mq;mq;710.000000;1108.000000;3100.000000;mq;3;3;3300;3;0;7500;mq;mq;mq;mq;mq;mq;
07015;20110901090000;101530;20;3;80;5.100000;290.050000;285.350000;74;7000;2;1;1;10;0;8000;30;20;11;100970;mq;mq;mq;mq;mq;mq;mq;mq;mq;mq;mq;7.200000;-10;mq;mq;0.000000;-30;0.000000;0.000000;mq;mq;mq;710.000000;1107.000000;3100.000000;mq;1;0;6900;mq;mq;mq;mq;mq;mq;mq;mq;mq;
07020;20110901090000;101220;50;3;80;7.200000;290.750000;288.050000;84;mq;mq;mq;mq;mq;mq;mq;mq;mq;mq;100960;mq;mq;mq;mq;mq;mq;mq;mq;mq;mq;mq;11.300000;-10;mq;mq;mq;mq;0.000000;0.000000;mq;mq;mq;710.000000;1111.000000;mq;mq;mq;mq;mq;mq;mq;mq;mq;mq;mq;mq;mq;mq;
07027;20110901090000;101140;0;0;90;4.100000;292.750000;285.750000;64;30000;2;1;1;60;1;3500;30;23;11;100360;mq;mq;mq;mq;mq;mq;mq;mq;mq;mq;mq;6.200000;-10;mq;mq;0.000000;-30;0.000000;0.000000;mq;mq;mq;710.000000;1106.000000;3100.000000;mq;1;3;3900;5;0;7500;mq;mq;mq;mq;mq;mq;
07037;20110901090000;101290;60;2;110;4.100000;291.350000;285.750000;70;17000;0;mq;mq;mq;mq;mq;mq;mq;mq;99510;mq;mq;mq;mq;mq;mq;mq;mq;mq;mq;mq;6.700000;-10;mq;mq;mq;mq;0.000000;0.000000;mq;mq;mq;710.000000;1107.000000;mq;mq;mq;mq;mq;mq;mq;mq;mq;mq;mq;mq;mq;mq;
07110;20110901090000;100970;60;1;50;1.000000;292.150000;287.850000;76;10000;2;1;1;50;1;800;31;20;11;99860;mq;mq;mq;mq;mq;mq;mq;mq;mq;mq;mq;3.100000;-10;mq;mq;0.000000;-30;0.000000;0.000000;mq;mq;mq;710.000000;1103.000000;3100.000000;mq;1;8;600;4;0;6900;mq;mq;mq;mq;mq;mq;
07117;20110901090000;101000;50;1;90;3.100000;292.550000;288.650000;78;15000;2;1;1;75;4;800;31;22;12;100320;mq;mq;mq;mq;mq;mq;mq;mq;mq;mq;mq;5.100000;-10;mq;mq;mq;mq;0.000000;0.000000;mq;mq;mq;710.000000;1105.000000;2428.000000;mq;mq;mq;mq;mq;mq;mq;mq;mq;mq;mq;mq;mq;
07130;20110901090000;101010;50;3;140;2.600000;291.950000;287.650000;76;1500;10;mq;mq;mq;mq;mq;mq;mq;mq;100510;mq;mq;mq;mq;mq;mq;mq;mq;mq;mq;mq;5.100000;-10;mq;mq;mq;mq;0.000000;0.000000;mq;mq;mq;710.000000;1105.000000;mq;mq;mq;mq;mq;mq;mq;mq;mq;mq;mq;mq;mq;mq;
07139;20110901090000;101120;40;2;50;2.100000;292.650000;286.850000;69;20000;2;1;1;40;1;3500;30;23;12;99450;mq;mq;mq;mq;mq;mq;mq;mq;mq;mq;mq;4.600000;-10;mq;mq;0.000000;-30;0.000000;0.000000;mq;mq;mq;710.000000;1105.000000;3100.000000;mq;1;3;3000;3;0;7500;mq;mq;mq;mq;mq;mq;
07149;20110901090000;101270;60;2;70;2.600000;293.250000;287.350000;69;25000;2;1;1;75;1;1750;35;20;11;100220;mq;mq;mq;mq;mq;mq;mq;mq;mq;mq;mq;4.100000;-10;mq;mq;0.000000;-30;0.000000;0.000000;mq;mq;mq;710.000000;1104.000000;3100.000000;mq;1;6;1800;6;0;7500;mq;mq;mq;mq;mq;mq;
07168;20110901090000;101300;60;2;130;2.100000;294.850000;287.250000;62;25000;2;1;1;75;2;3500;30;28;12;99940;mq;mq;mq;mq;mq;mq;mq;mq;mq;mq;mq;4.600000;-10;mq;mq;0.000000;-30;0.000000;0.000000;mq;mq;mq;710.000000;1105.000000;3100.000000;mq;2;3;3000;6;0;7500;mq;mq;mq;mq;mq;mq;
07181;20110901090000;101440;60;3;160;1.500000;290.750000;286.250000;75;45000;0;mq;mq;75;mq;mq;mq;mq;mq;97470;mq;mq;mq;mq;mq;mq;mq;mq;mq;mq;mq;3.600000;-10;mq;mq;mq;mq;0.000000;0.000000;mq;mq;mq;710.000000;1104.000000;mq;mq;mq;mq;mq;mq;mq;mq;mq;mq;mq;mq;mq;mq;
07190;20110901090000;101540;50;3;20;1.000000;289.350000;284.550000;73;18000;0;mq;mq;90;mq;mq;mq;mq;mq;99760;mq;mq;mq;mq;mq;mq;mq;mq;mq;mq;mq;3.100000;-10;mq;mq;mq;mq;0.000000;0.000000;mq;mq;mq;710.000000;1103.000000;mq;mq;mq;mq;mq;mq;mq;mq;mq;mq;mq;mq;mq;mq;
07207;20110901090000;mq;mq;mq;110;1.500000;291.950000;290.250000;90;9000;2;1;1;100;6;450;36;27;10;mq;mq;mq;mq;mq;mq;mq;mq;mq;mq;mq;mq;4.600000;-10;mq;mq;mq;mq;0.000000;0.000000;mq;mq;mq;710.000000;1105.000000;2416.000000;mq;mq;mq;mq;mq;mq;mq;mq;mq;mq;mq;mq;mq;
07222;20110901090000;100960;70;1;70;3.100000;292.150000;290.150000;88;15000;2;1;1;90;2;250;36;20;12;100660;mq;mq;mq;mq;mq;mq;mq;mq;mq;mq;mq;4.600000;-10;mq;mq;mq;mq;0.000000;0.000000;mq;mq;mq;710.000000;1105.000000;mq;mq;2;7;180;7;0;7500;mq;mq;mq;mq;mq;mq;
07240;20110901090000;101100;60;3;120;2.600000;293.050000;289.450000;80;50000;0;mq;mq;100;mq;mq;mq;mq;mq;99800;mq;mq;mq;mq;mq;mq;mq;mq;mq;mq;mq;4.600000;-10;mq;mq;mq;mq;0.000000;0.000000;mq;mq;mq;710.000000;1105.000000;mq;mq;mq;mq;mq;mq;mq;mq;mq;mq;mq;mq;mq;mq;
07255;20110901090000;101170;30;2;70;2.100000;291.950000;288.850000;82;25000;21;6;2;90;7;3500;30;28;60;99240;mq;mq;mq;mq;mq;mq;mq;mq;mq;mq;mq;5.100000;-10;mq;mq;0.000000;-30;0.000000;0.000000;mq;mq;mq;710.000000;1105.000000;3100.000000;mq;1;3;2700;7;3;3000;mq;mq;mq;mq;mq;mq;
07280;20110901090000;101350;30;0;150;1.000000;294.050000;288.850000;72;50000;0;mq;mq;mq;mq;mq;mq;mq;mq;98740;mq;mq;mq;mq;mq;mq;mq;mq;mq;mq;mq;3.100000;-10;mq;mq;mq;mq;0.000000;0.000000;mq;mq;mq;710.000000;1103.000000;mq;mq;mq;mq;mq;mq;mq;mq;mq;mq;mq;mq;mq;mq;
07299;20110901090000;101470;70;1;100;2.100000;292.250000;289.450000;84;15000;2;1;1;90;4;3500;30;27;12;98320;mq;mq;mq;mq;mq;mq;mq;mq;mq;mq;mq;3.600000;-10;mq;mq;0.000000;-30;0.000000;0.000000;mq;mq;mq;710.000000;1104.000000;3100.000000;mq;4;3;3300;7;0;6900;mq;mq;mq;mq;mq;mq;
07314;20110901090000;100990;120;1;140;3.100000;294.750000;293.050000;90;mq;mq;mq;mq;mq;mq;mq;mq;mq;mq;100720;mq;mq;mq;mq;mq;mq;mq;mq;mq;mq;mq;4.600000;-10;mq;mq;mq;mq;0.000000;0.000000;mq;mq;mq;710.000000;1105.000000;mq;mq;mq;mq;mq;mq;mq;mq;mq;mq;mq;mq;mq;mq;
07335;20110901090000;101130;160;3;170;3.100000;293.450000;290.250000;82;27000;61;mq;mq;90;mq;1250;mq;mq;mq;99740;mq;mq;mq;mq;mq;mq;mq;mq;mq;mq;mq;5.700000;-10;mq;mq;mq;mq;0.000000;0.000000;mq;mq;mq;710.000000;1106.000000;mq;mq;mq;mq;mq;mq;mq;mq;mq;mq;mq;mq;mq;mq;
07434;20110901090000;101030;50;3;130;3.600000;294.850000;290.450000;76;40000;2;1;1;90;2;1250;35;28;12;96480;mq;mq;mq;mq;mq;mq;mq;mq;mq;mq;mq;6.200000;-10;mq;mq;0.000000;-30;0.000000;0.000000;mq;mq;mq;710.000000;1106.000000;3100.000000;mq;2;6;990;5;3;3300;6;0;6300;mq;mq;mq;
07460;20110901090000;101130;0;5;80;1.000000;294.650000;290.050000;75;20000;2;1;1;90;3;2600;35;23;11;97420;mq;mq;mq;mq;mq;mq;mq;mq;mq;mq;mq;5.100000;-10;mq;mq;0.000000;-30;0.000000;0.000000;mq;mq;mq;710.000000;1105.000000;3100.000000;mq;3;6;2400;4;3;4500;5;0;6900;mq;mq;mq;
07471;20110901090000;mq;0;5;130;5.700000;294.350000;287.550000;65;35000;2;1;1;90;1;800;31;24;12;91920;85000;17440;mq;mq;mq;mq;mq;mq;mq;mq;mq;9.300000;-10;mq;mq;0.000000;-30;0.000000;0.000000;mq;mq;mq;710.000000;1109.000000;3100.000000;mq;1;8;690;3;3;3600;5;0;7500;mq;mq;mq;
07481;20110901090000;101290;-10;7;130;4.600000;295.550000;289.850000;70;30000;2;1;1;75;0;8000;30;20;12;98550;mq;mq;mq;mq;mq;mq;mq;mq;mq;mq;mq;7.700000;-10;mq;mq;0.000000;-30;0.000000;0.000000;mq;mq;mq;710.000000;1108.000000;3100.000000;mq;6;0;7500;mq;mq;mq;mq;mq;mq;mq;mq;mq;
07510;20110901090000;100920;10;3;120;3.600000;295.450000;293.550000;89;30000;1;9;8;90;5;3500;30;28;12;100300;mq;mq;mq;mq;mq;mq;mq;mq;mq;mq;mq;7.200000;-10;mq;mq;0.000000;-30;0.000000;0.400000;mq;mq;mq;710.000000;1107.000000;3100.000000;mq;5;3;3000;7;0;6900;mq;mq;mq;mq;mq;mq;
07535;20110901090000;100980;30;3;150;4.100000;298.450000;290.850000;63;30000;2;1;1;60;2;3500;30;28;11;98040;mq;mq;mq;mq;mq;mq;mq;mq;mq;mq;mq;7.700000;-10;mq;mq;0.000000;-30;0.000000;0.000000;mq;mq;mq;710.000000;1108.000000;3100.000000;mq;2;3;3300;5;0;7500;mq;mq;mq;mq;mq;mq;
07558;20110901090000;101260;50;3;150;5.700000;292.050000;289.450000;85;30000;2;1;1;100;8;450;35;61;60;93250;mq;mq;mq;mq;mq;mq;mq;mq;mq;mq;mq;10.300000;-10;mq;mq;0.000000;-30;0.000000;0.000000;mq;mq;mq;710.000000;1110.000000;3100.000000;mq;8;6;330;mq;mq;mq;mq;mq;mq;mq;mq;mq;
07577;20110901090000;101390;-10;5;170;1.000000;296.150000;291.450000;75;40000;2;1;1;90;1;3500;30;28;12;100540;mq;mq;mq;mq;mq;mq;mq;mq;mq;mq;mq;2.100000;-10;mq;mq;0.000000;-30;0.000000;0.000000;mq;mq;mq;710.000000;1102.000000;3100.000000;mq;1;3;3000;7;0;7500;mq;mq;mq;mq;mq;mq;
07591;20110901090000;mq;-20;6;30;5.700000;291.850000;286.050000;69;mq;0;mq;mq;mq;mq;mq;mq;mq;mq;91780;mq;mq;mq;mq;mq;mq;mq;mq;mq;mq;mq;8.700000;-10;mq;mq;mq;mq;0.000000;0.000000;mq;mq;mq;710.000000;1109.000000;mq;mq;mq;mq;mq;mq;mq;mq;mq;mq;mq;mq;mq;mq;
07607;20110901090000;100930;60;3;130;2.100000;295.350000;291.150000;77;30000;0;mq;mq;mq;mq;mq;mq;mq;mq;100250;mq;mq;mq;mq;mq;mq;mq;mq;mq;mq;mq;4.100000;-10;mq;mq;mq;mq;0.000000;0.000000;mq;mq;mq;710.000000;1104.000000;mq;mq;mq;mq;mq;mq;mq;mq;mq;mq;mq;mq;mq;mq;
07621;20110901090000;100890;30;3;150;0.500000;294.250000;288.550000;70;40000;2;1;1;90;2;3500;30;27;12;96760;mq;mq;mq;mq;mq;mq;mq;mq;mq;mq;mq;1.500000;-10;mq;mq;0.000000;-30;0.000000;0.000000;mq;mq;mq;710.000000;1102.000000;3100.000000;mq;1;3;2700;6;0;7500;mq;mq;mq;mq;mq;mq;
07627;20110901090000;100870;10;3;110;2.100000;295.250000;288.150000;64;50000;2;1;1;75;2;3500;30;23;11;96240;mq;mq;mq;mq;mq;mq;mq;mq;mq;mq;mq;5.700000;-10;mq;mq;0.000000;-30;0.000000;0.000000;mq;mq;mq;710.000000;1106.000000;3100.000000;mq;2;3;3000;6;0;6900;mq;mq;mq;mq;mq;mq;
07630;20110901090000;100900;-30;8;130;8.200000;299.350000;291.950000;64;20000;2;1;1;90;1;450;35;28;12;99210;mq;mq;mq;mq;mq;mq;mq;mq;mq;mq;mq;18.000000;-10;mq;mq;0.000000;-30;0.000000;0.000000;mq;mq;mq;710.000000;1118.000000;3100.000000;mq;1;6;510;7;0;7800;mq;mq;mq;mq;mq;mq;
07643;20110901090000;101370;50;2;90;3.100000;298.150000;291.550000;67;35000;2;1;1;90;7;800;35;61;60;101280;mq;mq;mq;mq;mq;mq;mq;mq;mq;mq;mq;5.100000;-10;mq;mq;mq;mq;0.000000;0.000000;mq;mq;mq;710.000000;1105.000000;mq;mq;7;6;600;mq;mq;mq;mq;mq;mq;mq;mq;mq;
07650;20110901090000;101320;-20;5;150;3.600000;301.450000;286.950000;41;60000;2;1;1;90;1;3500;30;23;12;100960;mq;mq;mq;mq;mq;mq;mq;mq;mq;mq;mq;6.700000;-10;mq;mq;mq;mq;0.000000;0.000000;mq;mq;mq;710.000000;1107.000000;mq;mq;1;3;4800;7;0;7500;mq;mq;mq;mq;mq;mq;
07661;20110901090000;101370;40;1;130;5.100000;297.650000;291.150000;67;20000;2;1;1;75;3;3500;30;27;18;99840;mq;mq;mq;mq;mq;mq;mq;mq;mq;mq;mq;9.300000;-10;mq;mq;mq;mq;0.000000;0.000000;mq;mq;mq;710.000000;1109.000000;mq;mq;1;3;2400;3;2;4800;mq;mq;mq;mq;mq;mq;
07690;20110901090000;101530;10;3;90;3.100000;298.350000;292.450000;70;30000;2;1;1;90;1;800;38;20;12;101210;mq;mq;mq;mq;mq;mq;mq;mq;mq;mq;mq;4.100000;-10;mq;mq;0.000000;-30;0.000000;0.000000;mq;mq;mq;710.000000;1104.000000;3100.000000;mq;1;6;600;7;0;7800;mq;mq;mq;mq;mq;mq;
07747;20110901090000;101190;50;1;130;3.100000;297.550000;295.050000;86;15000;2;1;1;100;8;250;35;61;60;100690;mq;mq;mq;mq;mq;mq;mq;mq;mq;mq;mq;7.200000;-10;mq;mq;mq;mq;0.000000;0.000000;mq;mq;mq;710.000000;1107.000000;mq;mq;6;7;270;7;6;750;mq;mq;mq;mq;mq;mq;
07761;20110901090000;101390;90;2;230;1.500000;301.650000;289.550000;48;30000;2;1;1;50;1;3500;30;28;12;101290;mq;mq;mq;mq;mq;mq;mq;mq;mq;mq;mq;5.700000;-10;mq;mq;0.000000;-30;0.000000;0.000000;mq;mq;mq;710.000000;1106.000000;3100.000000;mq;1;3;4500;4;0;7800;mq;mq;mq;mq;mq;mq;
07790;20110901090000;101540;70;3;120;2.600000;300.350000;294.650000;71;30000;2;1;1;75;3;450;35;23;11;101400;mq;mq;mq;mq;mq;mq;mq;mq;mq;mq;mq;5.100000;-10;mq;mq;0.000000;-30;0.000000;0.000000;mq;mq;mq;710.000000;1105.000000;3100.000000;mq;3;6;480;3;3;3300;5;0;7800;mq;mq;mq;
61970;20110901090000;101900;mq;mq;mq;mq;301.250000;291.350000;55;mq;mq;mq;mq;mq;mq;mq;mq;mq;mq;mq;mq;mq;mq;mq;mq;mq;mq;mq;mq;mq;mq;mq;mq;mq;mq;mq;mq;mq;mq;mq;mq;mq;mq;mq;mq;mq;mq;mq;mq;mq;mq;mq;mq;mq;mq;mq;mq;mq;
61972;20110901090000;101960;mq;mq;270;2.100000;299.250000;294.650000;76;mq;mq;mq;mq;mq;mq;mq;mq;mq;mq;mq;mq;mq;mq;mq;mq;mq;mq;mq;mq;mq;mq;4.100000;-10;mq;mq;mq;mq;0.000000;0.000000;mq;mq;mq;710.000000;1104.000000;mq;mq;mq;mq;mq;mq;mq;mq;mq;mq;mq;mq;mq;mq;
61976;20110901090000;101740;mq;mq;150;10.300000;299.150000;293.250000;70;mq;mq;mq;mq;mq;mq;mq;mq;mq;mq;101590;mq;mq;mq;mq;mq;mq;mq;mq;mq;mq;mq;mq;mq;mq;mq;mq;mq;mq;0.000000;mq;mq;mq;mq;mq;mq;mq;mq;mq;mq;mq;mq;mq;mq;mq;mq;mq;mq;mq;
61980;20110901090000;102060;mq;mq;110;12.300000;298.150000;288.750000;56;10000;2;1;1;25;2;800;38;20;10;mq;mq;mq;mq;mq;mq;mq;mq;mq;mq;mq;mq;18.500000;-10;mq;mq;mq;mq;0.000000;0.000000;mq;mq;mq;710.000000;1119.000000;2447.000000;mq;2;8;900;mq;mq;mq;mq;mq;mq;mq;mq;mq;
61997;20110901090000;100290;mq;mq;250;18.500000;279.650000;271.450000;56;mq;mq;mq;mq;mq;mq;mq;mq;mq;mq;mq;mq;mq;mq;mq;mq;mq;mq;mq;mq;mq;mq;28.300000;-30;mq;mq;mq;mq;mq;0.000000;mq;mq;mq;1128.000000;mq;mq;mq;mq;mq;mq;mq;mq;mq;mq;mq;mq;mq;mq;mq;
61998;20110901090000;99080;mq;mq;310;11.300000;281.850000;278.750000;81;35000;2;1;1;90;5;800;35;22;60;mq;mq;mq;mq;mq;mq;mq;mq;mq;mq;mq;mq;21.100000;-10;mq;mq;mq;mq;0.000000;0.000000;mq;mq;mq;710.000000;1121.000000;mq;mq;4;6;690;7;4;3600;mq;mq;mq;mq;mq;mq;
67005;20110901090000;101660;mq;mq;100;2.100000;301.850000;292.450000;57;mq;0;mq;mq;mq;mq;mq;mq;mq;mq;mq;mq;mq;mq;mq;mq;mq;mq;mq;mq;mq;mq;6.200000;-10;mq;mq;mq;mq;0.000000;0.000000;mq;mq;mq;710.000000;1106.000000;mq;mq;mq;mq;mq;mq;mq;mq;mq;mq;mq;mq;mq;mq;
71805;20110901090000;102090;90;2;360;1.000000;287.550000;287.250000;98;40000;2;1;1;75;6;450;35;20;10;102010;mq;mq;mq;mq;mq;mq;mq;mq;mq;mq;mq;4.600000;-10;mq;mq;0.000000;-30;0.000000;0.200000;mq;mq;mq;710.000000;1105.000000;3100.000000;mq;6;6;360;mq;mq;mq;mq;mq;mq;mq;mq;mq;
78897;20110901090000;101470;-40;5;40;0.500000;296.850000;295.650000;93;40000;2;1;1;10;1;800;32;20;11;mq;mq;mq;20;mq;mq;mq;mq;mq;mq;mq;mq;mq;mq;mq;mq;mq;mq;mq;mq;mq;mq;mq;mq;mq;mq;mq;1;8;600;mq;mq;mq;mq;mq;mq;mq;mq;mq;
78922;20110901090000;101450;-20;5;100;5.100000;300.150000;295.350000;75;mq;mq;mq;mq;mq;mq;mq;mq;mq;mq;101010;mq;mq;mq;mq;mq;mq;mq;mq;mq;mq;mq;mq;mq;mq;mq;mq;mq;mq;mq;mq;mq;mq;mq;mq;mq;mq;mq;mq;mq;mq;mq;mq;mq;mq;mq;mq;mq;mq;
78925;20110901090000;101430;-60;5;80;1.000000;297.450000;296.750000;96;55000;0;mq;mq;mq;mq;mq;mq;mq;mq;mq;mq;mq;30;mq;mq;mq;mq;mq;mq;mq;mq;mq;mq;mq;mq;mq;mq;mq;mq;mq;mq;mq;mq;mq;mq;mq;mq;mq;mq;mq;mq;mq;mq;mq;mq;mq;mq;mq;
81401;20110901090000;101440;mq;mq;0;0.000000;294.550000;293.850000;96;mq;mq;mq;mq;mq;mq;mq;mq;mq;mq;101380;mq;mq;mq;mq;mq;mq;mq;mq;mq;mq;mq;mq;mq;mq;mq;mq;mq;mq;0.000000;mq;mq;mq;mq;mq;mq;mq;mq;mq;mq;mq;mq;mq;mq;mq;mq;mq;mq;mq;
81405;20110901090000;101480;mq;mq;0;0.000000;294.850000;294.550000;98;35000;0;mq;mq;mq;mq;mq;mq;mq;mq;101390;mq;mq;mq;mq;mq;mq;mq;mq;mq;mq;mq;mq;mq;mq;mq;mq;mq;mq;0.000000;mq;mq;mq;mq;mq;mq;mq;mq;mq;mq;mq;mq;mq;mq;mq;mq;mq;mq;mq;
81408;20110901090000;101440;mq;mq;0;0.000000;294.050000;293.750000;98;mq;mq;mq;mq;mq;mq;mq;mq;mq;mq;101360;mq;mq;mq;mq;mq;mq;mq;mq;mq;mq;mq;mq;mq;mq;mq;mq;mq;mq;0.000000;mq;mq;mq;mq;mq;mq;mq;mq;mq;mq;mq;mq;mq;mq;mq;mq;mq;mq;mq;
81415;20110901090000;101540;mq;mq;130;0.500000;294.850000;294.550000;98;mq;mq;mq;mq;mq;mq;mq;mq;mq;mq;100310;mq;mq;mq;mq;mq;mq;mq;mq;mq;mq;mq;mq;mq;mq;mq;mq;mq;mq;0.200000;mq;mq;mq;mq;mq;mq;mq;mq;mq;mq;mq;mq;mq;mq;mq;mq;mq;mq;mq;
89642;20110901090000;99450;50;3;170;2.600000;255.950000;248.650000;49;40000;2;1;1;10;0;8000;30;20;11;98880;mq;mq;mq;mq;mq;mq;mq;mq;mq;mq;mq;mq;mq;mq;mq;mq;mq;mq;mq;mq;mq;mq;mq;mq;mq;mq;1;0;6000;mq;mq;mq;mq;mq;mq;mq;mq;mq;
07005;20110901120000;101310;-130;8;80;5.100000;294.750000;285.050000;54;12000;2;1;1;50;1;3500;30;23;11;100450;mq;mq;mq;mq;mq;mq;mq;mq;mq;mq;mq;8.200000;-10;mq;mq;0.000000;-60;0.000000;0.000000;0.000000;mq;mq;710.000000;1108.000000;3100.000000;mq;1;3;3300;4;0;7500;mq;mq;mq;mq;mq;mq;
07015;20110901120000;101420;-100;8;80;5.700000;293.250000;285.250000;60;9000;2;1;1;50;0;8000;30;20;11;100870;mq;mq;mq;mq;mq;mq;mq;mq;mq;mq;mq;9.800000;-10;mq;mq;0.000000;-60;0.000000;0.000000;0.000000;mq;mq;710.000000;1110.000000;3100.000000;mq;4;0;6900;mq;mq;mq;mq;mq;mq;mq;mq;mq;
07020;20110901120000;101130;-90;6;80;9.300000;292.350000;288.650000;79;mq;mq;mq;mq;mq;mq;mq;mq;mq;mq;100870;mq;mq;mq;mq;mq;mq;mq;mq;mq;mq;mq;12.300000;-10;mq;mq;mq;mq;0.000000;0.000000;0.000000;mq;mq;710.000000;1112.000000;mq;mq;mq;mq;mq;mq;mq;mq;mq;mq;mq;mq;mq;mq;
07027;20110901120000;101030;-100;7;110;4.100000;298.050000;288.950000;57;30000;2;1;1;75;1;1250;31;20;12;100260;mq;mq;mq;mq;mq;mq;mq;mq;mq;mq;mq;mq;mq;mq;mq;0.000000;-60;mq;mq;mq;mq;mq;3100.000000;mq;mq;mq;1;8;1050;6;0;7800;mq;mq;mq;mq;mq;mq;
07037;20110901120000;101140;-110;7;110;4.600000;296.650000;289.450000;64;19000;0;mq;mq;90;mq;2250;mq;mq;mq;99400;mq;mq;mq;mq;mq;mq;mq;mq;mq;mq;mq;6.700000;-10;mq;mq;mq;mq;0.000000;0.000000;0.000000;mq;mq;710.000000;1107.000000;mq;mq;mq;mq;mq;mq;mq;mq;mq;mq;mq;mq;mq;mq;
07110;20110901120000;100900;-50;6;210;1.000000;296.950000;288.450000;59;30000;2;1;1;50;1;800;31;20;11;99810;mq;mq;mq;mq;mq;mq;mq;mq;mq;mq;mq;3.600000;-10;mq;mq;0.000000;-60;0.000000;0.000000;0.000000;mq;mq;710.000000;1104.000000;3100.000000;mq;1;8;780;4;0;6900;mq;mq;mq;mq;mq;mq;
07117;20110901120000;100940;-50;6;70;3.600000;294.250000;288.350000;69;12000;2;1;1;40;2;800;32;20;12;100270;mq;mq;mq;mq;mq;mq;mq;mq;mq;mq;mq;6.700000;-10;mq;mq;mq;mq;0.000000;0.000000;0.000000;mq;mq;710.000000;1107.000000;2427.000000;mq;mq;mq;mq;mq;mq;mq;mq;mq;mq;mq;mq;mq;
07130;20110901120000;100990;-20;8;140;3.600000;295.750000;289.750000;69;22000;0;mq;mq;90;mq;mq;mq;mq;mq;100490;mq;mq;mq;mq;mq;mq;mq;mq;mq;mq;mq;6.200000;-10;mq;mq;mq;mq;0.000000;0.000000;0.000000;mq;mq;710.000000;1106.000000;mq;mq;mq;mq;mq;mq;mq;mq;mq;mq;mq;mq;mq;mq;
07139;20110901120000;101040;-50;7;140;2.600000;297.050000;289.350000;62;20000;2;1;1;75;2;800;31;27;12;99400;mq;mq;mq;mq;mq;mq;mq;mq;mq;mq;mq;5.100000;-10;mq;mq;0.000000;-60;0.000000;0.000000;0.000000;mq;mq;710.000000;1105.000000;3100.000000;mq;1;8;750;3;3;3000;mq;mq;mq;mq;mq;mq;
07149;20110901120000;101160;-90;6;140;3.100000;298.150000;288.150000;54;25000;2;1;1;75;2;1750;35;28;11;100130;mq;mq;mq;mq;mq;mq;mq;mq;mq;mq;mq;6.700000;-10;mq;mq;0.000000;-60;0.000000;0.000000;0.000000;mq;mq;710.000000;1107.000000;3100.000000;mq;2;6;1800;3;3;2400;mq;mq;mq;mq;mq;mq;
07168;20110901120000;101220;-70;6;170;2.100000;297.150000;287.850000;56;25000;2;1;1;90;7;3500;30;28;60;99870;mq;mq;mq;mq;mq;mq;mq;mq;mq;mq;mq;4.100000;-10;mq;mq;0.000000;-60;0.000000;0.000000;0.000000;mq;mq;710.000000;1104.000000;3100.000000;mq;7;3;3000;mq;mq;mq;mq;mq;mq;mq;mq;mq;
07181;20110901120000;101230;-110;8;90;2.100000;297.450000;288.950000;59;45000;0;mq;mq;mq;mq;mq;mq;mq;mq;97360;mq;mq;mq;mq;mq;mq;mq;mq;mq;mq;mq;4.600000;-10;mq;mq;mq;mq;0.000000;0.000000;0.000000;mq;mq;710.000000;1105.000000;mq;mq;mq;mq;mq;mq;mq;mq;mq;mq;mq;mq;mq;mq;
07190;20110901120000;101430;-80;8;150;1.000000;294.950000;285.250000;54;19000;0;mq;mq;mq;mq;mq;mq;mq;mq;99680;mq;mq;mq;mq;mq;mq;mq;mq;mq;mq;mq;3.600000;-10;mq;mq;mq;mq;0.000000;0.000000;0.000000;mq;mq;710.000000;1104.000000;mq;mq;mq;mq;mq;mq;mq;mq;mq;mq;mq;mq;mq;mq;
07207;20110901120000;mq;mq;mq;120;3.600000;291.850000;290.350000;91;2000;10;2;2;100;8;450;36;61;60;mq;mq;mq;mq;mq;mq;mq;mq;mq;mq;mq;mq;7.700000;-10;mq;mq;mq;mq;0.000000;0.000000;0.000000;mq;mq;710.000000;1108.000000;2415.000000;mq;mq;mq;mq;mq;mq;mq;mq;mq;mq;mq;mq;mq;
07222;20110901120000;100950;-10;8;150;2.100000;297.050000;291.050000;69;20000;2;1;1;90;3;3500;30;23;12;100650;mq;mq;mq;mq;mq;mq;mq;mq;mq;mq;mq;5.100000;-10;mq;mq;mq;mq;0.000000;0.000000;0.000000;mq;mq;710.000000;1105.000000;mq;mq;3;3;3000;6;0;7500;mq;mq;mq;mq;mq;mq;
07240;20110901120000;101080;-10;8;130;2.600000;296.250000;290.250000;69;60000;0;mq;mq;100;mq;1250;mq;mq;mq;99790;mq;mq;mq;mq;mq;mq;mq;mq;mq;mq;mq;4.600000;-10;mq;mq;mq;mq;0.000000;0.000000;0.000000;mq;mq;710.000000;1105.000000;mq;mq;mq;mq;mq;mq;mq;mq;mq;mq;mq;mq;mq;mq;
07255;20110901120000;101110;-20;8;80;1.500000;297.050000;290.550000;67;25000;3;6;2;90;1;1250;35;23;11;99220;mq;mq;mq;mq;mq;mq;mq;mq;mq;mq;mq;4.100000;-10;mq;mq;0.000000;-60;0.000000;0.000000;0.000000;mq;mq;710.000000;1104.000000;3100.000000;mq;1;6;990;5;3;3000;7;0;7800;mq;mq;mq;
07280;20110901120000;101210;-100;8;140;2.100000;298.450000;290.150000;60;19000;0;mq;mq;90;mq;800;mq;mq;mq;98640;mq;mq;mq;mq;mq;mq;mq;mq;mq;mq;mq;4.600000;-10;mq;mq;mq;mq;0.000000;0.000000;0.000000;mq;mq;710.000000;1105.000000;mq;mq;mq;mq;mq;mq;mq;mq;mq;mq;mq;mq;mq;mq;
07299;20110901120000;101290;-120;8;40;1.000000;298.750000;285.550000;44;40000;2;1;1;60;1;1250;31;23;12;98200;mq;mq;mq;mq;mq;mq;mq;mq;mq;mq;mq;5.100000;-10;mq;mq;0.000000;-60;0.000000;0.000000;0.000000;mq;mq;710.000000;1105.000000;3100.000000;mq;1;8;1380;5;0;5700;mq;mq;mq;mq;mq;mq;
07314;20110901120000;100960;-20;8;210;2.600000;296.850000;292.550000;77;17000;2;1;1;90;1;800;33;28;16;100700;mq;mq;mq;mq;mq;mq;mq;mq;mq;mq;mq;6.200000;-10;mq;mq;mq;mq;0.000000;0.000000;0.000000;mq;mq;710.000000;1106.000000;2427.000000;mq;1;8;600;6;3;1800;mq;mq;mq;mq;mq;mq;
07335;20110901120000;101110;-10;5;190;3.100000;295.250000;291.850000;81;30000;3;6;2;90;2;1250;38;27;60;99730;mq;mq;mq;mq;mq;mq;mq;mq;mq;mq;mq;4.100000;-10;mq;mq;mq;mq;0.000000;0.200000;0.200000;mq;mq;710.000000;1104.000000;mq;mq;1;8;990;7;3;3300;mq;mq;mq;mq;mq;mq;
07434;20110901120000;101040;30;2;190;2.100000;296.350000;291.450000;74;50000;2;1;1;90;5;1250;35;28;12;96510;mq;mq;mq;mq;mq;mq;mq;mq;mq;mq;mq;5.100000;-10;mq;mq;0.000000;-60;0.000000;0.000000;0.000000;mq;mq;710.000000;1105.000000;3100.000000;mq;3;6;990;5;3;3300;6;0;6300;mq;mq;mq;
07460;20110901120000;100980;-80;7;150;1.500000;299.650000;290.750000;58;20000;2;1;1;75;2;1750;32;28;11;97340;mq;mq;mq;mq;mq;mq;mq;mq;mq;mq;mq;4.600000;-10;mq;mq;0.000000;-60;0.000000;0.000000;0.000000;mq;mq;710.000000;1105.000000;3100.000000;mq;2;8;1500;3;3;3600;5;0;6900;mq;mq;mq;
07471;20110901120000;mq;-60;7;140;4.100000;296.650000;289.150000;63;35000;2;1;1;90;2;3500;30;23;12;91860;85000;17380;mq;mq;mq;mq;mq;mq;mq;mq;mq;8.700000;-10;mq;mq;0.000000;-60;0.000000;0.000000;0.000000;mq;mq;710.000000;1109.000000;3100.000000;mq;2;3;3600;5;0;7500;mq;mq;mq;mq;mq;mq;
07481;20110901120000;101170;-90;8;170;4.100000;299.650000;286.750000;45;30000;2;1;1;100;3;3500;30;24;12;98460;mq;mq;mq;mq;mq;mq;mq;mq;mq;mq;mq;7.200000;-10;mq;mq;0.000000;-60;0.000000;0.000000;0.000000;mq;mq;710.000000;1107.000000;3100.000000;mq;3;3;4800;7;0;7500;mq;mq;mq;mq;mq;mq;
07510;20110901120000;100940;30;1;60;3.100000;299.050000;293.850000;73;30000;1;9;8;90;2;800;31;28;12;100330;mq;mq;mq;mq;mq;mq;mq;mq;mq;mq;mq;5.700000;-10;mq;mq;0.000000;-60;0.000000;0.000000;0.400000;mq;mq;710.000000;1106.000000;3100.000000;mq;1;8;630;3;3;4800;6;0;7800;mq;mq;mq;
07535;20110901120000;100930;-30;7;170;1.500000;300.650000;290.250000;53;30000;2;1;1;75;1;1250;31;23;12;98010;mq;mq;mq;mq;mq;mq;mq;mq;mq;mq;mq;7.200000;-10;mq;mq;0.000000;-60;0.000000;0.000000;0.000000;mq;mq;710.000000;1107.000000;3100.000000;mq;1;8;990;3;3;2700;5;0;6900;mq;mq;mq;
07558;20110901120000;101130;-40;6;140;6.200000;295.050000;289.950000;73;30000;2;1;1;90;7;450;35;61;60;93210;mq;mq;mq;mq;mq;mq;mq;mq;mq;mq;mq;11.300000;-10;mq;mq;0.000000;-60;0.000000;0.000000;0.000000;mq;mq;710.000000;1111.000000;3100.000000;mq;7;6;480;mq;mq;mq;mq;mq;mq;mq;mq;mq;
07577;20110901120000;101210;-170;7;200;3.600000;301.750000;286.450000;39;40000;2;1;1;75;1;3500;30;28;12;100370;mq;mq;mq;mq;mq;mq;mq;mq;mq;mq;mq;6.200000;-10;mq;mq;0.000000;-60;0.000000;0.000000;0.000000;mq;mq;710.000000;1106.000000;3100.000000;mq;1;3;3000;6;0;7500;mq;mq;mq;mq;mq;mq;
07591;20110901120000;mq;-150;8;60;2.100000;297.950000;285.850000;47;mq;0;mq;mq;mq;mq;mq;mq;mq;mq;91630;mq;mq;mq;mq;mq;mq;mq;mq;mq;mq;mq;5.700000;-10;mq;mq;mq;mq;0.000000;0.000000;0.000000;mq;mq;710.000000;1106.000000;mq;mq;mq;mq;mq;mq;mq;mq;mq;mq;mq;mq;mq;mq;
07607;20110901120000;100870;-50;8;160;1.000000;301.750000;290.950000;52;35000;0;mq;mq;90;mq;mq;mq;mq;mq;100200;mq;mq;mq;mq;mq;mq;mq;mq;mq;mq;mq;3.100000;-10;mq;mq;mq;mq;0.000000;0.000000;0.000000;mq;mq;710.000000;1103.000000;mq;mq;mq;mq;mq;mq;mq;mq;mq;mq;mq;mq;mq;mq;
07621;20110901120000;100800;-10;8;140;1.000000;299.750000;287.150000;46;40000;2;1;1;50;2;3500;30;27;12;96750;mq;mq;mq;mq;mq;mq;mq;mq;mq;mq;mq;2.600000;-10;mq;mq;0.000000;-60;0.000000;0.000000;0.000000;mq;mq;710.000000;1103.000000;3100.000000;mq;1;3;2700;4;0;6000;mq;mq;mq;mq;mq;mq;
07627;20110901120000;100770;-40;8;200;1.500000;298.550000;289.950000;59;50000;2;1;1;75;1;2600;31;24;11;96200;mq;mq;mq;mq;mq;mq;mq;mq;mq;mq;mq;2.600000;-10;mq;mq;0.000000;-60;0.000000;0.000000;0.000000;mq;mq;710.000000;1103.000000;3100.000000;mq;1;8;2400;6;0;6900;mq;mq;mq;mq;mq;mq;
07630;20110901120000;100870;-20;8;140;8.200000;302.150000;291.250000;52;40000;2;1;1;90;4;3500;30;28;12;99190;mq;mq;mq;mq;mq;mq;mq;mq;mq;mq;mq;11.300000;-10;mq;mq;0.000000;-60;0.000000;0.000000;0.000000;mq;mq;710.000000;1111.000000;3100.000000;mq;4;3;4800;7;0;7800;mq;mq;mq;mq;mq;mq;
07643;20110901120000;101330;-40;6;140;4.600000;298.750000;293.750000;74;35000;2;1;1;60;2;800;35;20;12;101240;mq;mq;mq;mq;mq;mq;mq;mq;mq;mq;mq;7.200000;-10;mq;mq;mq;mq;0.000000;0.000000;0.000000;mq;mq;710.000000;1107.000000;mq;mq;4;6;690;3;0;7800;mq;mq;mq;mq;mq;mq;
07650;20110901120000;101250;-70;5;170;6.200000;303.150000;289.250000;43;60000;2;1;1;60;1;3500;30;23;12;100890;mq;mq;mq;mq;mq;mq;mq;mq;mq;mq;mq;10.800000;-10;mq;mq;mq;mq;0.000000;0.000000;0.000000;mq;mq;710.000000;1111.000000;mq;mq;1;3;4800;5;0;7500;mq;mq;mq;mq;mq;mq;
07661;20110901120000;101310;-60;8;150;7.200000;297.850000;292.450000;72;25000;2;1;1;50;0;8000;30;20;14;99780;mq;mq;mq;mq;mq;mq;mq;mq;mq;mq;mq;11.800000;-10;mq;mq;mq;mq;0.000000;0.000000;0.000000;mq;mq;710.000000;1112.000000;mq;mq;4;2;4800;mq;mq;mq;mq;mq;mq;mq;mq;mq;
07690;20110901120000;101430;-100;7;100;5.100000;299.450000;294.250000;73;30000;2;1;1;90;1;450;38;20;12;101110;mq;mq;mq;mq;mq;mq;mq;mq;mq;mq;mq;6.200000;-10;mq;mq;0.000000;-60;0.000000;0.000000;0.000000;mq;mq;710.000000;1106.000000;3100.000000;mq;1;6;420;7;0;7500;mq;mq;mq;mq;mq;mq;
07747;20110901120000;101150;-40;8;110;8.200000;299.550000;294.950000;76;20000;2;1;1;75;6;450;35;20;10;100650;mq;mq;mq;mq;mq;mq;mq;mq;mq;mq;mq;10.800000;-10;mq;mq;mq;mq;0.000000;0.000000;0.000000;mq;mq;710.000000;1111.000000;mq;mq;6;6;450;mq;mq;mq;mq;mq;mq;mq;mq;mq;
07761;20110901120000;101340;-50;5;210;5.700000;302.250000;292.850000;57;30000;2;1;1;60;2;3500;30;28;12;101240;mq;mq;mq;mq;mq;mq;mq;mq;mq;mq;mq;7.700000;-10;mq;mq;0.000000;-60;0.000000;0.000000;0.000000;mq;mq;710.000000;1108.000000;3100.000000;mq;3;3;3900;5;0;7800;mq;mq;mq;mq;mq;mq;
07790;20110901120000;101460;-80;7;120;7.700000;300.650000;296.050000;76;30000;2;1;1;60;5;450;38;23;60;101320;mq;mq;mq;mq;mq;mq;mq;mq;mq;mq;mq;11.800000;-10;mq;mq;0.000000;-60;0.000000;mq;mq;mq;mq;710.000000;1112.000000;3100.000000;mq;3;8;480;3;6;690;mq;mq;mq;mq;mq;mq;
61970;20110901120000;101760;mq;mq;mq;mq;301.150000;289.150000;48;mq;mq;mq;mq;mq;mq;mq;mq;mq;mq;mq;mq;mq;20;mq;mq;mq;mq;mq;mq;mq;mq;mq;mq;mq;mq;mq;mq;0.000000;mq;0.000000;mq;mq;mq;mq;mq;mq;mq;mq;mq;mq;mq;mq;mq;mq;mq;mq;mq;mq;
61972;20110901120000;101790;mq;mq;340;2.100000;299.050000;294.450000;76;mq;mq;mq;mq;mq;mq;mq;mq;mq;mq;mq;mq;mq;mq;mq;mq;mq;mq;mq;mq;mq;mq;4.600000;-10;mq;mq;mq;mq;0.000000;mq;0.000000;mq;mq;710.000000;1105.000000;mq;mq;mq;mq;mq;mq;mq;mq;mq;mq;mq;mq;mq;mq;
61976;20110901120000;101600;mq;mq;120;7.200000;297.750000;293.650000;78;mq;mq;mq;mq;mq;mq;mq;mq;mq;mq;101450;mq;mq;mq;mq;mq;mq;mq;mq;mq;mq;mq;mq;mq;mq;mq;mq;mq;mq;mq;0.000000;mq;mq;mq;mq;mq;mq;mq;mq;mq;mq;mq;mq;mq;mq;mq;mq;mq;mq;
61980;20110901120000;102010;mq;mq;110;11.800000;297.050000;289.050000;61;10000;2;1;1;25;2;800;38;20;10;mq;mq;mq;mq;mq;mq;mq;mq;mq;mq;mq;mq;18.500000;-10;mq;mq;mq;mq;0.000000;mq;0.000000;mq;mq;710.000000;1119.000000;2447.000000;mq;2;8;900;mq;mq;mq;mq;mq;mq;mq;mq;mq;
61997;20110901120000;100630;mq;mq;220;17.000000;277.050000;274.250000;82;mq;mq;mq;mq;mq;mq;mq;mq;mq;mq;mq;mq;mq;260;mq;mq;mq;mq;mq;mq;mq;mq;32.900000;-60;mq;mq;mq;mq;mq;mq;0.400000;mq;mq;1133.000000;mq;mq;mq;mq;mq;mq;mq;mq;mq;mq;mq;mq;mq;mq;mq;
61998;20110901120000;99110;mq;mq;300;12.300000;280.150000;276.950000;80;30000;2;1;1;75;5;800;35;24;12;mq;mq;mq;mq;mq;mq;mq;mq;mq;mq;mq;mq;18.000000;-10;mq;mq;mq;mq;0.000000;mq;0.000000;mq;mq;710.000000;1118.000000;mq;mq;2;6;690;3;3;3600;5;0;7500;mq;mq;mq;
67005;20110901120000;101520;mq;mq;80;1.500000;300.550000;292.650000;62;20000;2;1;1;40;2;800;38;23;10;mq;mq;mq;0;mq;mq;mq;mq;mq;mq;mq;mq;5.100000;-10;mq;mq;mq;mq;0.000000;mq;0.000000;mq;mq;710.000000;1105.000000;mq;mq;2;8;690;mq;mq;mq;mq;mq;mq;mq;mq;mq;
71805;20110901120000;102230;140;1;10;4.100000;290.450000;286.550000;78;40000;2;1;1;10;1;450;31;20;10;102150;mq;mq;mq;mq;mq;mq;mq;mq;mq;mq;mq;6.200000;-10;mq;mq;0.000000;-60;0.000000;0.000000;0.200000;mq;mq;710.000000;1106.000000;3100.000000;mq;1;8;300;mq;mq;mq;mq;mq;mq;mq;mq;mq;
78897;20110901120000;101600;130;3;110;2.100000;302.150000;296.550000;72;40000;2;1;1;10;1;800;32;20;10;mq;mq;mq;50;296.650000;mq;mq;304.550000;mq;mq;mq;mq;mq;mq;mq;mq;mq;mq;mq;mq;0.200000;mq;0.200000;mq;mq;mq;mq;1;8;690;mq;mq;mq;mq;mq;mq;mq;mq;mq;
78922;20110901120000;101560;110;3;150;6.200000;302.350000;295.850000;68;mq;mq;mq;mq;mq;mq;mq;mq;mq;mq;101120;mq;mq;mq;mq;mq;mq;mq;mq;mq;mq;mq;mq;mq;mq;mq;mq;mq;mq;mq;mq;mq;mq;mq;mq;mq;mq;mq;mq;mq;mq;mq;mq;mq;mq;mq;mq;mq;mq;
78925;20110901120000;101500;70;0;80;1.500000;302.650000;297.950000;76;55000;0;mq;mq;mq;mq;800;mq;mq;mq;mq;mq;mq;mq;297.150000;mq;mq;305.150000;mq;mq;mq;mq;mq;mq;mq;mq;mq;mq;mq;mq;0.000000;mq;0.200000;mq;mq;mq;mq;mq;mq;mq;mq;mq;mq;mq;mq;mq;mq;mq;mq;
81401;20110901120000;101600;mq;mq;140;3.100000;299.950000;296.250000;80;mq;mq;mq;mq;mq;mq;mq;mq;mq;mq;101540;mq;mq;mq;294.350000;mq;mq;mq;mq;mq;mq;mq;mq;mq;mq;mq;mq;mq;mq;0.200000;mq;mq;3.000000;mq;mq;mq;mq;mq;mq;mq;mq;mq;mq;mq;mq;mq;mq;mq;mq;
81405;20110901120000;101620;mq;mq;130;2.100000;300.850000;297.050000;80;15000;2;1;1;10;1;450;31;20;10;101530;mq;mq;mq;294.650000;mq;mq;mq;mq;mq;mq;mq;mq;mq;mq;mq;mq;mq;mq;0.000000;mq;mq;0.600000;mq;mq;mq;mq;mq;mq;mq;mq;mq;mq;mq;mq;mq;mq;mq;mq;
81408;20110901120000;101590;mq;mq;130;1.000000;300.750000;296.550000;78;mq;mq;mq;mq;mq;mq;mq;mq;mq;mq;101510;mq;mq;mq;293.950000;mq;mq;mq;mq;mq;mq;mq;mq;mq;mq;mq;mq;mq;mq;0.200000;mq;mq;0.200000;mq;mq;mq;mq;mq;mq;mq;mq;mq;mq;mq;mq;mq;mq;mq;mq;
81415;20110901120000;101650;mq;mq;0;0.000000;299.050000;295.550000;81;mq;mq;mq;mq;mq;mq;mq;mq;mq;mq;100440;mq;mq;mq;294.550000;mq;mq;mq;mq;mq;mq;mq;mq;mq;mq;mq;mq;mq;mq;0.000000;mq;mq;3.000000;mq;mq;mq;mq;mq;mq;mq;mq;mq;mq;mq;mq;mq;mq;mq;mq;
89642;20110901120000;99540;90;1;200;1.500000;254.950000;247.250000;47;40000;2;1;1;10;0;8000;30;20;11;98970;mq;mq;mq;254.050000;mq;258.850000;mq;mq;mq;mq;mq;mq;mq;mq;mq;mq;mq;mq;mq;mq;mq;mq;mq;mq;mq;mq;1;0;6000;mq;mq;mq;mq;mq;mq;mq;mq;mq;
07005;20110901150000;101160;-140;6;80;4.100000;296.450000;286.350000;53;30000;2;1;1;75;3;3500;30;28;11;100310;mq;mq;mq;mq;mq;mq;mq;mq;mq;mq;mq;7.700000;-10;mq;mq;0.000000;-30;0.000000;0.000000;mq;mq;mq;710.000000;1108.000000;3100.000000;mq;3;3;3300;5;0;7500;mq;mq;mq;mq;mq;mq;
07015;20110901150000;101300;-120;6;80;4.100000;294.950000;285.550000;55;10000;2;1;1;40;0;8000;30;20;11;100750;mq;mq;mq;mq;mq;mq;mq;mq;mq;mq;mq;7.700000;-10;mq;mq;0.000000;-30;0.000000;0.000000;mq;mq;mq;710.000000;1108.000000;3100.000000;mq;3;0;6900;mq;mq;mq;mq;mq;mq;mq;mq;mq;
07020;20110901150000;101060;-70;8;80;8.700000;292.350000;288.850000;80;mq;mq;mq;mq;mq;mq;mq;mq;mq;mq;100800;mq;mq;mq;mq;mq;mq;mq;mq;mq;mq;mq;11.800000;-10;mq;mq;mq;mq;0.000000;0.000000;mq;mq;mq;710.000000;1112.000000;mq;mq;mq;mq;mq;mq;mq;mq;mq;mq;mq;mq;mq;mq;
07027;20110901150000;100940;-80;8;150;1.500000;298.650000;290.350000;60;40000;2;1;1;90;1;1250;32;28;12;100180;mq;mq;mq;mq;mq;mq;mq;mq;mq;mq;mq;3.600000;-10;mq;mq;0.000000;-30;0.000000;0.000000;mq;mq;mq;710.000000;1104.000000;3100.000000;mq;1;8;1380;4;4;4800;5;0;7800;mq;mq;mq;
07037;20110901150000;101050;-80;7;130;3.600000;297.350000;289.850000;63;15000;2;1;1;75;6;2250;35;20;10;99320;mq;mq;mq;mq;mq;mq;mq;mq;mq;mq;mq;6.200000;-10;mq;mq;0.000000;-30;0.000000;0.000000;mq;mq;mq;710.000000;1106.000000;3100.000000;mq;6;6;2100;mq;mq;mq;mq;mq;mq;mq;mq;mq;
07110;20110901150000;100880;-20;6;190;4.100000;296.850000;288.350000;59;30000;2;1;1;50;1;800;31;20;11;99790;mq;mq;mq;mq;mq;mq;mq;mq;mq;mq;mq;6.700000;-10;mq;mq;0.000000;-30;0.000000;0.000000;mq;mq;mq;710.000000;1107.000000;3100.000000;mq;1;8;840;4;0;6900;mq;mq;mq;mq;mq;mq;
07117;20110901150000;100870;-70;8;60;3.100000;294.150000;289.150000;73;10000;2;1;1;25;2;800;32;20;12;100200;mq;mq;mq;mq;mq;mq;mq;mq;mq;mq;mq;6.200000;-10;mq;mq;mq;mq;0.000000;0.000000;mq;mq;mq;710.000000;1106.000000;2427.000000;mq;mq;mq;mq;mq;mq;mq;mq;mq;mq;mq;mq;mq;
07130;20110901150000;100890;-90;8;170;3.100000;298.450000;289.350000;57;35000;0;mq;mq;mq;mq;mq;mq;mq;mq;100400;mq;mq;mq;mq;mq;mq;mq;mq;mq;mq;mq;6.200000;-10;mq;mq;mq;mq;0.000000;0.000000;mq;mq;mq;710.000000;1106.000000;mq;mq;mq;mq;mq;mq;mq;mq;mq;mq;mq;mq;mq;mq;
07139;20110901150000;101010;-40;8;160;2.100000;296.450000;289.750000;66;20000;2;1;1;90;7;2250;30;27;60;99360;mq;mq;mq;mq;mq;mq;mq;mq;mq;mq;mq;4.100000;-10;mq;mq;0.000000;-30;0.000000;0.000000;mq;mq;mq;710.000000;1104.000000;3100.000000;mq;3;3;2400;7;4;3600;mq;mq;mq;mq;mq;mq;
07149;20110901150000;101130;-40;8;150;2.100000;295.650000;289.450000;68;25000;2;1;1;90;3;1750;38;20;12;100090;mq;mq;mq;mq;mq;mq;mq;mq;mq;mq;mq;4.100000;-10;mq;mq;0.000000;-30;0.000000;0.000000;mq;mq;mq;710.000000;1104.000000;3100.000000;mq;1;8;1500;3;6;1800;6;0;7500;mq;mq;mq;
07168;20110901150000;101140;-80;8;120;2.600000;297.050000;288.550000;59;25000;2;1;1;90;1;1750;35;27;60;99790;mq;mq;mq;mq;mq;mq;mq;mq;mq;mq;mq;4.100000;-10;mq;mq;0.000000;-30;0.000000;0.000000;mq;mq;mq;710.000000;1104.000000;3100.000000;mq;1;6;1800;7;3;3000;mq;mq;mq;mq;mq;mq;
07181;20110901150000;101160;-60;6;160;1.500000;298.150000;288.450000;55;60000;0;mq;mq;mq;mq;mq;mq;mq;mq;97300;mq;mq;mq;mq;mq;mq;mq;mq;mq;mq;mq;5.100000;-10;mq;mq;mq;mq;0.000000;0.000000;mq;mq;mq;710.000000;1105.000000;mq;mq;mq;mq;mq;mq;mq;mq;mq;mq;mq;mq;mq;mq;
07190;20110901150000;101250;-150;8;250;0.500000;298.750000;286.250000;46;55000;0;mq;mq;mq;mq;mq;mq;mq;mq;99530;mq;mq;mq;mq;mq;mq;mq;mq;mq;mq;mq;3.600000;-10;mq;mq;mq;mq;0.000000;0.000000;mq;mq;mq;710.000000;1104.000000;mq;mq;mq;mq;mq;mq;mq;mq;mq;mq;mq;mq;mq;mq;
07207;20110901150000;mq;mq;mq;130;2.100000;293.350000;290.750000;85;4000;10;1;1;50;3;3500;30;24;12;mq;mq;mq;mq;mq;mq;mq;mq;mq;mq;mq;mq;4.600000;-10;mq;mq;mq;mq;0.000000;0.000000;mq;mq;mq;710.000000;1105.000000;2416.000000;mq;mq;mq;mq;mq;mq;mq;mq;mq;mq;mq;mq;mq;
07222;20110901150000;100890;-60;6;230;2.100000;298.350000;291.750000;67;25000;2;1;1;75;1;1250;32;23;12;100590;mq;mq;mq;mq;mq;mq;mq;mq;mq;mq;mq;4.100000;-10;mq;mq;mq;mq;0.000000;0.000000;mq;mq;mq;710.000000;1104.000000;mq;mq;1;8;1380;5;3;3600;mq;mq;mq;mq;mq;mq;
07240;20110901150000;100970;-100;8;110;2.600000;298.250000;290.450000;62;45000;0;mq;mq;90;mq;mq;mq;mq;mq;99690;mq;mq;mq;mq;mq;mq;mq;mq;mq;mq;mq;5.100000;-10;mq;mq;mq;mq;0.000000;0.000000;mq;mq;mq;710.000000;1105.000000;mq;mq;mq;mq;mq;mq;mq;mq;mq;mq;mq;mq;mq;mq;
07255;20110901150000;101140;30;3;330;1.500000;297.350000;291.350000;69;12000;95;9;8;100;7;1250;39;61;60;99250;mq;mq;mq;mq;mq;mq;mq;mq;mq;mq;mq;4.600000;-10;mq;mq;0.000000;-30;0.200000;0.200000;mq;mq;mq;710.000000;1105.000000;3100.000000;mq;4;9;1200;5;6;1500;mq;mq;mq;mq;mq;mq;
07280;20110901150000;101070;-130;8;100;1.500000;299.050000;290.650000;60;60000;0;mq;mq;mq;mq;mq;mq;mq;mq;98510;mq;mq;mq;mq;mq;mq;mq;mq;mq;mq;mq;3.600000;-10;mq;mq;mq;mq;0.000000;0.000000;mq;mq;mq;710.000000;1104.000000;mq;mq;mq;mq;mq;mq;mq;mq;mq;mq;mq;mq;mq;mq;
07299;20110901150000;101130;-130;8;90;1.500000;301.050000;285.450000;38;40000;2;1;1;75;1;1750;33;23;12;98070;mq;mq;mq;mq;mq;mq;mq;mq;mq;mq;mq;4.600000;-10;mq;mq;0.000000;-30;0.000000;0.000000;mq;mq;mq;710.000000;1105.000000;3100.000000;mq;1;9;1500;3;3;4500;6;0;6900;mq;mq;mq;
07314;20110901150000;100920;-40;8;310;1.500000;296.450000;292.650000;79;20000;2;1;1;50;1;800;32;24;12;100660;mq;mq;mq;mq;mq;mq;mq;mq;mq;mq;mq;3.100000;-10;mq;mq;mq;mq;0.000000;0.000000;mq;mq;mq;710.000000;1103.000000;2428.000000;mq;1;8;780;mq;mq;mq;mq;mq;mq;mq;mq;mq;
07335;20110901150000;100950;-140;5;120;1.500000;298.250000;291.650000;67;60000;0;mq;mq;100;mq;mq;mq;mq;mq;99590;mq;mq;mq;mq;mq;mq;mq;mq;mq;mq;mq;3.100000;-10;mq;mq;mq;mq;0.000000;0.600000;mq;mq;mq;710.000000;1103.000000;mq;mq;mq;mq;mq;mq;mq;mq;mq;mq;mq;mq;mq;mq;
07434;20110901150000;100900;-100;7;50;2.100000;298.650000;290.850000;62;50000;2;1;1;50;3;800;32;28;11;96410;mq;mq;mq;mq;mq;mq;mq;mq;mq;mq;mq;4.100000;-10;mq;mq;0.000000;-30;0.000000;0.000000;mq;mq;mq;710.000000;1104.000000;3100.000000;mq;3;8;780;mq;mq;mq;mq;mq;mq;mq;mq;mq;
07460;20110901150000;100950;-70;5;60;2.100000;296.150000;291.850000;77;10000;29;9;8;75;4;1250;39;28;11;97270;mq;mq;mq;mq;mq;mq;mq;mq;mq;mq;mq;13.400000;-10;mq;mq;0.000000;-30;8.000000;8.000000;mq;mq;mq;710.000000;1113.000000;3100.000000;mq;2;8;990;3;9;1200;5;0;6900;mq;mq;mq;
07471;20110901150000;mq;-90;7;140;4.600000;297.150000;289.150000;61;35000;2;1;1;90;2;1250;32;23;12;91770;85000;17290;mq;mq;mq;mq;mq;mq;mq;mq;mq;8.200000;-10;mq;mq;0.000000;-30;0.000000;0.000000;mq;mq;mq;710.000000;1108.000000;3100.000000;mq;2;8;1200;5;0;7500;mq;mq;mq;mq;mq;mq;
07481;20110901150000;101030;-120;8;160;4.600000;300.950000;286.450000;41;30000;2;1;1;50;1;3500;30;24;11;98340;mq;mq;mq;mq;mq;mq;mq;mq;mq;mq;mq;6.700000;-10;mq;mq;0.000000;-30;0.000000;0.000000;mq;mq;mq;710.000000;1107.000000;3100.000000;mq;1;3;4800;4;0;6900;mq;mq;mq;mq;mq;mq;
07510;20110901150000;100820;-120;6;340;4.100000;299.550000;294.550000;74;25000;29;9;2;75;5;800;39;26;12;100210;mq;mq;mq;mq;mq;mq;mq;mq;mq;mq;mq;7.700000;-10;mq;mq;0.000000;-30;0.000000;0.000000;mq;mq;mq;710.000000;1108.000000;3100.000000;mq;1;9;900;4;8;990;mq;mq;mq;mq;mq;mq;
07535;20110901150000;100790;-110;8;330;1.000000;303.150000;289.950000;45;30000;2;1;1;25;1;1250;39;23;11;97900;mq;mq;mq;mq;mq;mq;mq;mq;mq;mq;mq;5.100000;-10;mq;mq;0.000000;-30;0.000000;0.000000;mq;mq;mq;710.000000;1105.000000;3100.000000;mq;1;9;1200;mq;mq;mq;mq;mq;mq;mq;mq;mq;
07558;20110901150000;101070;-60;6;130;6.700000;294.750000;290.150000;75;20000;2;1;1;90;7;800;35;61;60;93150;mq;mq;mq;mq;mq;mq;mq;mq;mq;mq;mq;10.800000;-10;mq;mq;0.000000;-30;0.000000;0.000000;mq;mq;mq;710.000000;1111.000000;3100.000000;mq;7;6;600;mq;mq;mq;mq;mq;mq;mq;mq;mq;
07577;20110901150000;101110;-100;8;210;4.100000;302.050000;288.950000;45;50000;2;1;1;60;1;1250;31;28;12;100270;mq;mq;mq;mq;mq;mq;mq;mq;mq;mq;mq;9.300000;-10;mq;mq;0.000000;-30;0.000000;0.000000;mq;mq;mq;710.000000;1109.000000;3100.000000;mq;1;8;1380;5;0;7500;mq;mq;mq;mq;mq;mq;
07591;20110901150000;mq;-150;6;210;4.100000;301.050000;284.150000;35;mq;0;mq;mq;mq;mq;mq;mq;mq;mq;91480;mq;mq;mq;mq;mq;mq;mq;mq;mq;mq;mq;8.200000;-10;mq;mq;mq;mq;0.000000;0.000000;mq;mq;mq;710.000000;1108.000000;mq;mq;mq;mq;mq;mq;mq;mq;mq;mq;mq;mq;mq;mq;
07607;20110901150000;100770;-90;6;250;1.500000;305.350000;288.850000;37;50000;0;mq;mq;90;mq;mq;mq;mq;mq;100110;mq;mq;mq;mq;mq;mq;mq;mq;mq;mq;mq;5.100000;-10;mq;mq;mq;mq;0.000000;0.000000;mq;mq;mq;710.000000;1105.000000;mq;mq;mq;mq;mq;mq;mq;mq;mq;mq;mq;mq;mq;mq;
07621;20110901150000;100770;-10;8;30;2.100000;301.950000;284.950000;35;50000;2;1;1;25;1;3500;30;23;11;96740;mq;mq;mq;mq;mq;mq;mq;mq;mq;mq;mq;5.100000;-10;mq;mq;0.000000;-30;0.000000;0.000000;mq;mq;mq;710.000000;1105.000000;3100.000000;mq;1;3;3000;mq;mq;mq;mq;mq;mq;mq;mq;mq;
07627;20110901150000;100710;-20;5;290;3.600000;300.950000;291.350000;56;50000;2;1;1;25;1;2600;31;24;11;96180;mq;mq;mq;mq;mq;mq;mq;mq;mq;mq;mq;6.700000;-10;mq;mq;0.000000;-30;0.000000;0.000000;mq;mq;mq;710.000000;1107.000000;3100.000000;mq;1;8;2400;mq;mq;mq;mq;mq;mq;mq;mq;mq;
07630;20110901150000;100810;-50;6;150;6.200000;303.550000;291.650000;49;40000;2;1;1;25;1;3500;30;28;12;99140;mq;mq;mq;mq;mq;mq;mq;mq;mq;mq;mq;11.800000;-10;mq;mq;0.000000;-30;0.000000;0.000000;mq;mq;mq;710.000000;1112.000000;3100.000000;mq;1;3;4800;mq;mq;mq;mq;mq;mq;mq;mq;mq;
07643;20110901150000;101230;-100;8;130;4.600000;298.150000;294.050000;78;15000;2;1;1;90;7;450;35;61;60;101140;mq;mq;mq;mq;mq;mq;mq;mq;mq;mq;mq;6.700000;-10;mq;mq;mq;mq;0.000000;0.000000;mq;mq;mq;710.000000;1107.000000;mq;mq;1;6;330;7;6;600;mq;mq;mq;mq;mq;mq;
07650;20110901150000;101160;-90;6;160;7.200000;302.250000;287.650000;41;60000;2;1;1;40;1;1750;31;20;12;100800;mq;mq;mq;mq;mq;mq;mq;mq;mq;mq;mq;10.300000;-10;mq;mq;mq;mq;0.000000;0.000000;mq;mq;mq;710.000000;1110.000000;mq;mq;1;8;1500;3;0;7500;mq;mq;mq;mq;mq;mq;
07661;20110901150000;101270;-40;8;140;5.100000;297.250000;292.950000;77;20000;2;1;1;40;1;3500;30;21;14;99740;mq;mq;mq;mq;mq;mq;mq;mq;mq;mq;mq;8.700000;-10;mq;mq;mq;mq;0.000000;0.000000;mq;mq;mq;710.000000;1109.000000;mq;mq;1;4;2400;mq;mq;mq;mq;mq;mq;mq;mq;mq;
07690;20110901150000;101360;-70;6;100;5.700000;299.450000;294.650000;75;30000;2;1;1;75;1;450;38;28;12;101040;mq;mq;mq;mq;mq;mq;mq;mq;mq;mq;mq;7.700000;-10;mq;mq;0.000000;-30;0.000000;0.000000;mq;mq;mq;710.000000;1108.000000;3100.000000;mq;1;6;450;5;0;7800;mq;mq;mq;mq;mq;mq;
07747;20110901150000;101070;-80;6;80;6.200000;299.550000;294.750000;75;20000;2;1;1;75;5;450;31;20;11;100570;mq;mq;mq;mq;mq;mq;mq;mq;mq;mq;mq;9.800000;-10;mq;mq;mq;mq;0.000000;0.000000;mq;mq;mq;710.000000;1110.000000;mq;mq;5;8;420;3;0;7500;mq;mq;mq;mq;mq;mq;
07761;20110901150000;101220;-120;8;240;3.100000;303.050000;291.850000;51;30000;2;1;1;60;1;1750;32;28;12;101120;mq;mq;mq;mq;mq;mq;mq;mq;mq;mq;mq;4.100000;-10;mq;mq;0.000000;-30;0.000000;0.000000;mq;mq;mq;710.000000;1104.000000;3100.000000;mq;1;8;1500;5;0;7800;mq;mq;mq;mq;mq;mq;
07790;20110901150000;101370;-90;6;120;6.700000;300.050000;295.850000;78;30000;2;1;1;60;5;450;38;23;11;101230;mq;mq;mq;mq;mq;mq;mq;mq;mq;mq;mq;11.300000;-10;mq;mq;0.000000;-30;0.000000;0.000000;mq;mq;mq;710.000000;1111.000000;3100.000000;mq;3;8;450;3;6;780;mq;mq;mq;mq;mq;mq;
61968;20110901150000;101590;mq;mq;0;0.000000;297.350000;291.050000;68;mq;mq;mq;mq;mq;mq;mq;mq;mq;mq;mq;mq;mq;30;mq;mq;mq;mq;mq;mq;mq;mq;1.000000;-10;mq;mq;mq;mq;0.000000;0.000000;mq;mq;mq;710.000000;1101.000000;mq;mq;mq;mq;mq;mq;mq;mq;mq;mq;mq;mq;mq;mq;
61970;20110901150000;101750;mq;mq;mq;mq;298.250000;291.450000;66;mq;mq;mq;mq;mq;mq;mq;mq;mq;mq;mq;mq;mq;mq;mq;mq;mq;mq;mq;mq;mq;mq;mq;mq;mq;mq;mq;mq;0.000000;0.000000;mq;mq;mq;mq;mq;mq;mq;mq;mq;mq;mq;mq;mq;mq;mq;mq;mq;mq;mq;
61972;20110901150000;101850;mq;mq;250;1.000000;297.150000;294.050000;83;mq;mq;mq;mq;mq;mq;mq;mq;mq;mq;mq;mq;mq;0;mq;mq;mq;mq;mq;mq;mq;mq;2.600000;-10;mq;mq;mq;mq;0.000000;0.000000;mq;mq;mq;710.000000;1103.000000;mq;mq;mq;mq;mq;mq;mq;mq;mq;mq;mq;mq;mq;mq;
61976;20110901150000;101740;mq;mq;120;9.300000;295.750000;293.650000;88;mq;mq;mq;mq;mq;mq;mq;mq;mq;mq;101590;mq;mq;mq;mq;mq;mq;mq;mq;mq;mq;mq;mq;mq;mq;mq;mq;mq;mq;mq;mq;mq;mq;mq;mq;mq;mq;mq;mq;mq;mq;mq;mq;mq;mq;mq;mq;mq;mq;
61980;20110901150000;102150;mq;mq;120;5.700000;294.150000;289.150000;73;10000;2;1;1;10;1;800;38;20;10;mq;mq;mq;mq;mq;mq;mq;mq;mq;mq;mq;mq;11.800000;-10;mq;mq;mq;mq;0.000000;0.000000;mq;mq;mq;710.000000;1112.000000;mq;mq;1;8;690;mq;mq;mq;mq;mq;mq;mq;mq;mq;
61996;20110901150000;mq;mq;mq;280;8.700000;284.750000;mq;mq;mq;mq;mq;mq;mq;mq;mq;mq;mq;mq;mq;mq;mq;340;mq;mq;mq;mq;mq;mq;mq;mq;14.400000;-10;mq;mq;mq;mq;0.000000;0.000000;mq;mq;mq;710.000000;1114.000000;mq;mq;mq;mq;mq;mq;mq;mq;mq;mq;mq;mq;mq;mq;
61997;20110901150000;101260;mq;mq;250;7.200000;275.650000;270.750000;70;mq;mq;mq;mq;mq;mq;mq;mq;mq;mq;mq;mq;mq;1330;mq;mq;mq;mq;mq;mq;mq;mq;24.700000;-30;mq;mq;mq;mq;mq;0.000000;mq;mq;mq;1125.000000;mq;mq;mq;mq;mq;mq;mq;mq;mq;mq;mq;mq;mq;mq;mq;
61998;20110901150000;99250;mq;mq;300;8.200000;278.250000;274.750000;78;mq;mq;mq;mq;mq;mq;mq;mq;mq;mq;mq;mq;mq;mq;mq;mq;mq;mq;mq;mq;mq;mq;11.300000;-10;mq;mq;mq;mq;0.000000;0.000000;mq;mq;mq;710.000000;1111.000000;mq;mq;mq;mq;mq;mq;mq;mq;mq;mq;mq;mq;mq;mq;
67005;20110901150000;101610;mq;mq;120;1.500000;298.350000;293.350000;74;20000;2;1;1;50;3;800;38;23;11;mq;mq;mq;10;mq;mq;mq;mq;mq;mq;mq;mq;4.100000;-10;mq;mq;mq;mq;0.000000;0.000000;mq;mq;mq;710.000000;1104.000000;mq;mq;3;8;690;mq;mq;mq;mq;mq;mq;mq;mq;mq;
71805;20110901150000;102290;60;0;10;5.100000;290.750000;285.850000;73;50000;2;1;1;10;1;450;31;20;10;102210;mq;mq;mq;mq;mq;mq;mq;mq;mq;mq;mq;9.300000;-10;mq;mq;0.000000;-30;0.000000;0.000000;mq;mq;mq;710.000000;1109.000000;3100.000000;mq;1;8;330;mq;mq;mq;mq;mq;mq;mq;mq;mq;
78897;20110901150000;101620;20;0;160;5.100000;304.250000;294.450000;56;60000;0;mq;mq;mq;mq;800;mq;mq;mq;mq;mq;mq;20;mq;mq;mq;mq;mq;mq;mq;mq;mq;mq;mq;mq;mq;mq;mq;mq;mq;mq;mq;mq;mq;mq;mq;mq;mq;mq;mq;mq;mq;mq;mq;mq;mq;mq;mq;
78922;20110901150000;101580;20;0;140;3.600000;304.750000;296.850000;63;mq;mq;mq;mq;mq;mq;mq;mq;mq;mq;101140;mq;mq;mq;mq;mq;mq;mq;mq;mq;mq;mq;mq;mq;mq;mq;mq;mq;mq;mq;mq;mq;mq;mq;mq;mq;mq;mq;mq;mq;mq;mq;mq;mq;mq;mq;mq;mq;mq;
78925;20110901150000;101540;40;0;120;2.600000;305.450000;296.450000;59;25000;2;1;1;50;4;800;32;20;10;mq;mq;mq;mq;mq;mq;mq;mq;mq;mq;mq;mq;mq;mq;mq;mq;mq;mq;mq;mq;mq;mq;mq;mq;mq;mq;mq;4;8;900;mq;mq;mq;mq;mq;mq;mq;mq;mq;
81401;20110901150000;101520;mq;mq;110;2.600000;304.650000;294.550000;55;mq;mq;mq;mq;mq;mq;mq;mq;mq;mq;101460;mq;mq;mq;mq;mq;mq;mq;mq;mq;mq;mq;mq;mq;mq;mq;mq;mq;mq;0.000000;mq;mq;mq;mq;mq;mq;mq;mq;mq;mq;mq;mq;mq;mq;mq;mq;mq;mq;mq;
81405;20110901150000;101550;mq;mq;120;4.100000;305.250000;294.450000;53;15000;2;1;1;25;2;1250;31;20;10;101460;mq;mq;mq;mq;mq;mq;mq;mq;mq;mq;mq;mq;mq;mq;mq;mq;mq;mq;0.000000;mq;mq;mq;mq;mq;mq;mq;mq;mq;mq;mq;mq;mq;mq;mq;mq;mq;mq;mq;
81408;20110901150000;101540;mq;mq;130;3.100000;304.950000;293.850000;52;mq;mq;mq;mq;mq;mq;mq;mq;mq;mq;101460;mq;mq;mq;mq;mq;mq;mq;mq;mq;mq;mq;mq;mq;mq;mq;mq;mq;mq;0.000000;mq;mq;mq;mq;mq;mq;mq;mq;mq;mq;mq;mq;mq;mq;mq;mq;mq;mq;mq;
81415;20110901150000;101540;mq;mq;30;3.100000;304.450000;295.150000;58;mq;mq;mq;mq;mq;mq;mq;mq;mq;mq;100350;mq;mq;mq;mq;mq;mq;mq;mq;mq;mq;mq;mq;mq;mq;mq;mq;mq;mq;0.000000;mq;mq;mq;mq;mq;mq;mq;mq;mq;mq;mq;mq;mq;mq;mq;mq;mq;mq;mq;
89642;20110901150000;99550;10;0;180;3.600000;255.850000;248.950000;51;mq;mq;mq;mq;mq;mq;mq;mq;mq;mq;98980;mq;mq;mq;mq;mq;mq;mq;mq;mq;mq;mq;mq;mq;mq;mq;mq;mq;mq;mq;mq;mq;mq;mq;mq;mq;mq;mq;mq;mq;mq;mq;mq;mq;mq;mq;mq;mq;mq;
07005;20110901180000;101110;-60;6;60;4.100000;293.750000;286.650000;64;mq;mq;mq;mq;mq;mq;mq;mq;mq;mq;100250;mq;mq;mq;284.650000;mq;296.650000;mq;mq;mq;mq;mq;6.200000;-10;mq;mq;mq;mq;0.000000;0.000000;mq;0.000000;mq;710.000000;1106.000000;mq;mq;mq;mq;mq;mq;mq;mq;mq;mq;mq;mq;mq;mq;
07015;20110901180000;101230;-70;6;60;4.600000;293.150000;285.850000;63;8000;2;1;1;75;4;3500;30;28;11;100680;mq;mq;mq;284.350000;mq;295.250000;mq;mq;mq;mq;mq;7.200000;-10;mq;mq;0.000000;-60;0.000000;0.000000;mq;0.000000;mq;710.000000;1107.000000;3100.000000;mq;4;3;2700;4;0;6900;mq;mq;mq;mq;mq;mq;
07020;20110901180000;101050;-10;7;100;5.100000;291.050000;288.650000;86;8000;2;1;1;60;2;2250;30;23;11;100790;mq;mq;mq;289.550000;mq;292.850000;mq;mq;mq;mq;mq;8.700000;-10;mq;mq;mq;mq;0.000000;0.000000;mq;0.000000;mq;710.000000;1109.000000;mq;mq;2;3;1800;4;0;4800;mq;mq;mq;mq;mq;mq;
07027;20110901180000;100950;0;5;150;2.600000;296.450000;290.250000;68;50000;0;mq;mq;mq;mq;mq;mq;mq;mq;100180;mq;mq;mq;287.950000;mq;299.050000;mq;mq;mq;mq;mq;5.100000;-10;mq;mq;mq;mq;0.000000;0.000000;mq;0.000000;mq;710.000000;1105.000000;mq;mq;mq;mq;mq;mq;mq;mq;mq;mq;mq;mq;mq;mq;
07037;20110901180000;101020;-40;5;140;2.600000;295.150000;290.250000;74;50000;mq;mq;mq;mq;mq;800;mq;mq;mq;99280;mq;mq;mq;285.850000;mq;298.250000;mq;mq;mq;mq;mq;4.100000;-10;mq;mq;mq;mq;0.000000;0.000000;mq;0.000000;mq;710.000000;1104.000000;mq;mq;mq;mq;mq;mq;mq;mq;mq;mq;mq;mq;mq;mq;
07110;20110901180000;100960;70;3;210;3.100000;293.350000;287.950000;71;20000;2;1;1;25;1;800;34;20;11;99860;mq;mq;mq;285.750000;mq;297.750000;mq;mq;mq;mq;mq;5.100000;-10;mq;mq;0.000000;-60;0.000000;0.000000;mq;0.000000;mq;710.000000;1105.000000;3100.000000;mq;1;6;750;mq;mq;mq;mq;mq;mq;mq;mq;mq;
07117;20110901180000;100930;50;1;90;1.500000;291.650000;288.850000;84;7000;2;1;1;40;1;800;32;20;18;100250;mq;mq;mq;288.850000;mq;294.550000;mq;mq;mq;mq;mq;2.600000;-10;mq;mq;mq;mq;0.000000;0.000000;mq;0.000000;mq;710.000000;1103.000000;2426.000000;mq;mq;mq;mq;mq;mq;mq;mq;mq;mq;mq;mq;mq;
07130;20110901180000;100910;20;3;170;3.100000;297.650000;289.850000;62;35000;0;mq;mq;mq;mq;mq;mq;mq;mq;100420;mq;mq;mq;287.350000;mq;299.750000;mq;mq;mq;mq;mq;4.600000;-10;mq;mq;mq;mq;0.000000;0.000000;mq;0.000000;mq;710.000000;1105.000000;mq;mq;mq;mq;mq;mq;mq;mq;mq;mq;mq;mq;mq;mq;
07139;20110901180000;100990;-20;5;150;0.500000;296.150000;290.650000;71;mq;mq;mq;mq;mq;mq;mq;mq;mq;mq;99340;mq;mq;mq;286.750000;mq;297.350000;mq;mq;mq;mq;mq;2.100000;-10;mq;mq;mq;mq;0.000000;0.000000;mq;0.000000;mq;710.000000;1102.000000;mq;mq;mq;mq;mq;mq;mq;mq;mq;mq;mq;mq;mq;mq;
07149;20110901180000;101080;-50;8;140;1.000000;294.350000;290.350000;78;25000;21;6;2;90;4;1750;38;20;12;100040;mq;mq;mq;287.950000;mq;298.750000;mq;mq;mq;mq;mq;4.100000;-10;mq;mq;0.000000;-60;0.000000;0.000000;mq;0.000000;mq;710.000000;1104.000000;3100.000000;mq;1;8;1500;4;6;1800;6;0;7500;mq;mq;mq;
07168;20110901180000;101170;20;3;180;2.100000;295.250000;291.050000;77;20000;0;mq;mq;mq;mq;mq;mq;mq;mq;99810;mq;mq;mq;288.450000;mq;297.850000;mq;mq;mq;mq;mq;3.600000;-10;mq;mq;mq;mq;0.000000;0.000000;mq;0.000000;mq;710.000000;1104.000000;mq;mq;mq;mq;mq;mq;mq;mq;mq;mq;mq;mq;mq;mq;
07181;20110901180000;101130;-70;8;90;3.600000;294.850000;289.350000;71;40000;61;mq;mq;90;mq;mq;mq;mq;mq;97230;mq;mq;mq;285.950000;mq;298.750000;mq;mq;mq;mq;mq;5.700000;-10;mq;mq;mq;mq;0.000000;0.000000;mq;0.000000;mq;710.000000;1106.000000;mq;mq;mq;mq;mq;mq;mq;mq;mq;mq;mq;mq;mq;mq;
07190;20110901180000;101260;-10;5;360;2.100000;295.250000;288.150000;64;40000;0;mq;mq;90;mq;mq;mq;mq;mq;99520;mq;mq;mq;285.850000;mq;298.950000;mq;mq;mq;mq;mq;3.600000;-10;mq;mq;mq;mq;0.000000;0.000000;mq;0.000000;mq;710.000000;1104.000000;mq;mq;mq;mq;mq;mq;mq;mq;mq;mq;mq;mq;mq;mq;
07207;20110901180000;mq;mq;mq;100;1.500000;294.050000;289.450000;75;12000;2;1;1;40;3;450;32;20;13;mq;mq;mq;mq;289.950000;mq;294.450000;mq;mq;mq;mq;mq;3.100000;-10;mq;mq;mq;mq;0.000000;0.000000;mq;0.000000;mq;710.000000;1103.000000;2417.000000;mq;mq;mq;mq;mq;mq;mq;mq;mq;mq;mq;mq;mq;
07222;20110901180000;100910;20;3;260;1.500000;298.250000;291.650000;67;25000;2;1;1;40;1;1250;32;23;12;100610;mq;mq;mq;289.350000;mq;300.550000;mq;mq;mq;mq;mq;2.600000;-10;mq;mq;mq;mq;0.000000;0.000000;mq;0.000000;mq;710.000000;1103.000000;mq;mq;1;8;1380;mq;mq;mq;mq;mq;mq;mq;mq;mq;
07240;20110901180000;100990;20;1;100;2.100000;297.050000;291.250000;70;30000;2;1;1;50;4;3500;30;28;10;99710;mq;mq;mq;288.250000;mq;298.950000;mq;mq;mq;mq;mq;5.100000;-10;mq;mq;0.000000;-60;0.000000;0.000000;mq;0.000000;mq;710.000000;1105.000000;3100.000000;mq;4;3;4500;mq;mq;mq;mq;mq;mq;mq;mq;mq;
07255;20110901180000;101010;-130;5;130;1.500000;296.250000;291.950000;77;20000;0;mq;mq;mq;mq;mq;mq;mq;mq;99120;mq;mq;mq;289.550000;mq;299.250000;mq;mq;mq;mq;mq;3.600000;-10;mq;mq;mq;mq;0.200000;2.000000;mq;2.000000;mq;710.000000;1104.000000;mq;mq;mq;mq;mq;mq;mq;mq;mq;mq;mq;mq;mq;mq;
07280;20110901180000;101130;40;3;240;2.100000;297.150000;290.450000;66;60000;0;mq;mq;75;mq;mq;mq;mq;mq;98550;mq;mq;mq;287.550000;mq;299.650000;mq;mq;mq;mq;mq;2.600000;-10;mq;mq;mq;mq;0.000000;0.000000;mq;0.000000;mq;710.000000;1103.000000;mq;mq;mq;mq;mq;mq;mq;mq;mq;mq;mq;mq;mq;mq;
07299;20110901180000;101170;0;5;350;1.000000;296.550000;289.550000;65;40000;2;1;1;90;1;1750;34;23;12;98070;mq;mq;mq;287.350000;mq;301.350000;mq;mq;mq;mq;mq;3.600000;-10;mq;mq;0.000000;-60;0.000000;0.000000;mq;0.000000;mq;710.000000;1104.000000;3100.000000;mq;1;6;1500;5;3;4500;7;0;6900;mq;mq;mq;
07314;20110901180000;100910;-10;7;170;2.100000;297.850000;292.950000;74;mq;mq;mq;mq;mq;mq;mq;mq;mq;mq;100650;mq;mq;mq;290.250000;mq;299.050000;mq;mq;mq;mq;mq;3.100000;-10;mq;mq;mq;mq;0.000000;0.000000;mq;0.000000;mq;710.000000;1103.000000;mq;mq;mq;mq;mq;mq;mq;mq;mq;mq;mq;mq;mq;mq;
07335;20110901180000;100980;20;3;80;1.000000;297.150000;289.650000;63;60000;0;mq;mq;mq;mq;mq;mq;mq;mq;99610;mq;mq;mq;291.150000;mq;299.350000;mq;mq;mq;mq;mq;2.600000;-10;mq;mq;mq;mq;0.000000;0.000000;mq;0.800000;mq;710.000000;1103.000000;mq;mq;mq;mq;mq;mq;mq;mq;mq;mq;mq;mq;mq;mq;
07434;20110901180000;100940;10;3;10;1.000000;296.950000;290.950000;69;50000;0;mq;mq;100;mq;mq;mq;mq;mq;96420;mq;mq;mq;290.550000;mq;299.050000;mq;mq;mq;mq;mq;2.100000;-10;mq;mq;mq;mq;0.000000;0.000000;mq;0.000000;mq;710.000000;1102.000000;mq;mq;mq;mq;mq;mq;mq;mq;mq;mq;mq;mq;mq;mq;
07460;20110901180000;101130;140;3;150;2.100000;293.150000;291.850000;92;20000;29;9;8;90;2;800;32;23;60;97410;mq;mq;mq;288.750000;mq;301.350000;mq;mq;mq;mq;mq;3.600000;-10;mq;mq;0.000000;-60;0.200000;24.000000;mq;32.000000;mq;710.000000;1104.000000;3100.000000;mq;1;8;780;3;3;1800;mq;mq;mq;mq;mq;mq;
07471;20110901180000;mq;70;3;110;3.100000;292.950000;287.550000;71;20000;0;mq;mq;mq;mq;mq;mq;mq;mq;91840;85000;17370;mq;284.450000;mq;298.350000;mq;mq;mq;mq;mq;6.200000;-10;mq;mq;mq;mq;0.000000;0.000000;mq;0.000000;mq;710.000000;1106.000000;mq;mq;mq;mq;mq;mq;mq;mq;mq;mq;mq;mq;mq;mq;
07481;20110901180000;101030;-20;5;140;3.600000;298.650000;288.950000;55;40000;2;1;1;90;2;3500;30;28;12;98320;mq;mq;mq;290.150000;mq;301.250000;mq;mq;mq;mq;mq;5.100000;-10;mq;mq;0.000000;-60;0.000000;0.000000;mq;0.000000;mq;710.000000;1105.000000;3100.000000;mq;2;3;4200;6;0;5700;mq;mq;mq;mq;mq;mq;
07510;20110901180000;100920;90;3;60;3.100000;298.750000;291.450000;64;40000;2;9;2;60;2;800;39;26;11;100300;mq;mq;mq;292.450000;mq;301.250000;mq;mq;mq;mq;mq;7.200000;-10;mq;mq;0.000000;-60;0.000000;0.000000;mq;0.400000;mq;710.000000;1107.000000;3100.000000;mq;1;9;900;4;0;6900;mq;mq;mq;mq;mq;mq;
07535;20110901180000;100900;60;3;110;3.600000;298.350000;287.750000;52;mq;mq;mq;mq;mq;mq;mq;mq;mq;mq;97960;mq;mq;mq;290.550000;mq;303.850000;mq;mq;mq;mq;mq;7.700000;-10;mq;mq;mq;mq;0.000000;0.000000;mq;0.000000;mq;710.000000;1108.000000;mq;mq;mq;mq;mq;mq;mq;mq;mq;mq;mq;mq;mq;mq;
07558;20110901180000;101080;-30;5;140;4.600000;293.650000;289.050000;75;mq;mq;mq;mq;mq;mq;mq;mq;mq;mq;93120;mq;mq;mq;290.450000;mq;296.050000;mq;mq;mq;mq;mq;11.300000;-10;mq;mq;mq;mq;0.000000;0.000000;mq;0.000000;mq;710.000000;1111.000000;mq;mq;mq;mq;mq;mq;mq;mq;mq;mq;mq;mq;mq;mq;
07577;20110901180000;101080;-30;6;210;1.500000;298.950000;290.550000;60;20000;0;mq;mq;mq;mq;mq;mq;mq;mq;100240;mq;mq;mq;290.650000;mq;303.450000;mq;mq;mq;mq;mq;5.100000;-10;mq;mq;mq;mq;0.000000;0.000000;mq;0.000000;mq;710.000000;1105.000000;mq;mq;mq;mq;mq;mq;mq;mq;mq;mq;mq;mq;mq;mq;
07591;20110901180000;mq;30;3;220;1.500000;296.750000;283.450000;43;mq;0;mq;mq;mq;mq;mq;mq;mq;mq;91510;mq;mq;mq;287.550000;mq;301.850000;mq;mq;mq;mq;mq;5.100000;-10;mq;mq;mq;mq;0.000000;0.000000;mq;0.000000;mq;710.000000;1105.000000;mq;mq;mq;mq;mq;mq;mq;mq;mq;mq;mq;mq;mq;mq;
07607;20110901180000;100800;30;3;350;1.500000;303.250000;290.350000;46;55000;0;mq;mq;mq;mq;mq;mq;mq;mq;100140;mq;mq;mq;291.550000;mq;306.150000;mq;mq;mq;mq;mq;3.600000;-10;mq;mq;mq;mq;0.000000;0.000000;mq;0.000000;mq;710.000000;1104.000000;mq;mq;mq;mq;mq;mq;mq;mq;mq;mq;mq;mq;mq;mq;
07621;20110901180000;100780;0;5;230;1.500000;299.550000;292.950000;67;50000;2;1;1;25;1;3500;30;23;11;96740;mq;mq;mq;289.250000;mq;302.350000;mq;mq;mq;mq;mq;2.600000;-10;mq;mq;0.000000;-60;0.000000;0.000000;mq;0.000000;mq;710.000000;1103.000000;3100.000000;mq;1;3;3300;mq;mq;mq;mq;mq;mq;mq;mq;mq;
07627;20110901180000;100780;40;3;360;1.000000;299.050000;292.650000;68;mq;mq;mq;mq;mq;mq;mq;mq;mq;mq;96220;mq;mq;mq;290.350000;mq;301.850000;mq;mq;mq;mq;mq;3.100000;-10;mq;mq;mq;mq;0.000000;0.000000;mq;0.000000;mq;710.000000;1103.000000;mq;mq;mq;mq;mq;mq;mq;mq;mq;mq;mq;mq;mq;mq;
07630;20110901180000;100870;30;3;150;6.200000;299.150000;291.050000;61;40000;2;1;1;40;2;3500;30;28;13;99170;mq;mq;mq;294.450000;mq;303.750000;mq;mq;mq;mq;mq;10.300000;-10;mq;mq;0.000000;-60;0.000000;0.000000;mq;0.000000;mq;710.000000;1110.000000;3100.000000;mq;2;3;4800;3;0;7800;mq;mq;mq;mq;mq;mq;
07643;20110901180000;101210;-20;7;130;3.100000;296.450000;293.550000;84;15000;2;1;1;25;2;450;35;20;10;101120;mq;mq;mq;293.750000;mq;299.750000;mq;mq;mq;mq;mq;4.600000;-10;mq;mq;mq;mq;0.000000;0.000000;mq;0.000000;mq;710.000000;1105.000000;mq;mq;1;7;330;mq;mq;mq;mq;mq;mq;mq;mq;mq;
07650;20110901180000;101180;10;3;150;6.200000;299.850000;287.250000;46;40000;2;1;1;25;0;8000;30;20;12;100810;mq;mq;mq;294.550000;mq;303.850000;mq;mq;mq;mq;mq;9.800000;-10;mq;mq;0.000000;-60;0.000000;0.000000;mq;0.000000;mq;710.000000;1110.000000;3100.000000;mq;2;0;7500;mq;mq;mq;mq;mq;mq;mq;mq;mq;
07661;20110901180000;101290;10;3;120;4.100000;295.750000;292.950000;84;mq;mq;mq;mq;mq;mq;mq;mq;mq;mq;99750;mq;mq;mq;293.050000;mq;298.050000;mq;mq;mq;mq;mq;6.700000;-10;mq;mq;mq;mq;0.000000;0.000000;mq;0.000000;mq;710.000000;1107.000000;mq;mq;mq;mq;mq;mq;mq;mq;mq;mq;mq;mq;mq;mq;
07690;20110901180000;101350;-10;5;90;5.100000;297.650000;294.950000;85;30000;2;1;1;10;1;450;35;23;12;101030;mq;mq;mq;294.850000;mq;299.850000;mq;mq;mq;mq;mq;6.700000;-10;mq;mq;0.000000;-60;0.000000;0.000000;mq;0.000000;mq;710.000000;1107.000000;3100.000000;mq;1;6;420;mq;mq;mq;mq;mq;mq;mq;mq;mq;
07747;20110901180000;101040;-30;5;80;4.100000;297.250000;295.150000;88;19000;0;mq;mq;100;mq;250;mq;mq;mq;100540;mq;mq;mq;294.950000;mq;300.850000;mq;mq;mq;mq;mq;7.200000;-10;mq;mq;mq;mq;0.000000;0.000000;mq;0.000000;mq;710.000000;1107.000000;mq;mq;mq;mq;mq;mq;mq;mq;mq;mq;mq;mq;mq;mq;
07761;20110901180000;101180;-40;5;190;2.100000;300.050000;292.150000;62;30000;14;2;2;90;2;3500;30;28;12;101080;mq;mq;mq;293.750000;mq;304.050000;mq;mq;mq;mq;mq;2.600000;-10;mq;mq;0.000000;-60;0.000000;0.000000;mq;0.000000;mq;710.000000;1103.000000;3100.000000;mq;2;3;3900;6;0;5700;mq;mq;mq;mq;mq;mq;
07790;20110901180000;101360;-10;5;140;4.100000;298.650000;296.550000;88;15000;2;1;1;90;7;450;35;61;60;101220;mq;mq;mq;292.750000;mq;301.850000;mq;mq;mq;mq;mq;7.700000;-10;mq;mq;0.000000;-60;0.000000;0.000000;mq;mq;mq;710.000000;1108.000000;3100.000000;mq;7;6;450;mq;mq;mq;mq;mq;mq;mq;mq;mq;
61968;20110901180000;101720;mq;mq;0;0.000000;294.350000;291.150000;82;mq;mq;mq;mq;mq;mq;mq;mq;mq;mq;mq;mq;mq;0;mq;mq;302.050000;mq;mq;mq;mq;mq;0.000000;-10;mq;mq;mq;mq;0.000000;mq;mq;0.000000;mq;710.000000;1100.000000;mq;mq;mq;mq;mq;mq;mq;mq;mq;mq;mq;mq;mq;mq;
61970;20110901180000;101850;mq;mq;mq;mq;297.850000;292.450000;72;mq;mq;mq;mq;mq;mq;mq;mq;mq;mq;mq;mq;mq;mq;mq;mq;301.950000;mq;mq;mq;mq;mq;mq;mq;mq;mq;mq;mq;0.000000;mq;mq;0.000000;mq;mq;mq;mq;mq;mq;mq;mq;mq;mq;mq;mq;mq;mq;mq;mq;mq;
61972;20110901180000;101950;mq;mq;200;1.000000;294.450000;293.450000;94;mq;mq;mq;mq;mq;mq;mq;mq;mq;mq;mq;mq;mq;0;mq;mq;300.750000;mq;mq;mq;mq;mq;1.500000;-10;mq;mq;mq;mq;0.000000;mq;mq;0.000000;mq;710.000000;1102.000000;mq;mq;mq;mq;mq;mq;mq;mq;mq;mq;mq;mq;mq;mq;
61976;20110901180000;101880;mq;mq;110;9.300000;296.150000;292.750000;81;mq;mq;mq;mq;mq;mq;mq;mq;mq;mq;101730;mq;mq;mq;mq;mq;mq;mq;mq;mq;mq;mq;mq;mq;mq;mq;mq;mq;mq;mq;mq;mq;mq;mq;mq;mq;mq;mq;mq;mq;mq;mq;mq;mq;mq;mq;mq;mq;mq;
61980;20110901180000;102280;mq;mq;130;7.700000;293.750000;289.150000;75;10000;2;1;1;25;2;800;38;20;10;mq;mq;mq;10;mq;mq;298.350000;mq;mq;mq;mq;mq;12.900000;-10;mq;mq;mq;mq;0.000000;mq;mq;0.000000;mq;710.000000;1113.000000;mq;mq;2;8;690;mq;mq;mq;mq;mq;mq;mq;mq;mq;
61996;20110901180000;mq;mq;mq;280;10.800000;284.750000;mq;mq;mq;mq;mq;mq;mq;mq;mq;mq;mq;mq;mq;mq;mq;70;mq;mq;287.050000;mq;mq;mq;mq;mq;15.900000;-10;mq;mq;mq;mq;0.000000;mq;mq;0.000000;mq;710.000000;1116.000000;mq;mq;mq;mq;mq;mq;mq;mq;mq;mq;mq;mq;mq;mq;
61997;20110901180000;101500;mq;mq;270;3.600000;275.450000;270.750000;71;mq;mq;mq;mq;mq;mq;mq;mq;mq;mq;mq;mq;mq;1750;mq;mq;280.750000;mq;mq;mq;mq;mq;24.700000;-60;mq;mq;mq;mq;mq;mq;mq;0.400000;mq;1125.000000;mq;mq;mq;mq;mq;mq;mq;mq;mq;mq;mq;mq;mq;mq;mq;
61998;20110901180000;99230;mq;mq;310;8.700000;277.050000;273.750000;79;mq;mq;mq;mq;mq;mq;mq;mq;mq;mq;mq;mq;mq;mq;mq;mq;283.450000;mq;mq;mq;mq;mq;13.900000;-10;mq;mq;mq;mq;0.000000;mq;mq;0.000000;mq;710.000000;1114.000000;mq;mq;mq;mq;mq;mq;mq;mq;mq;mq;mq;mq;mq;mq;
67005;20110901180000;101760;mq;mq;100;3.100000;297.850000;293.150000;75;mq;0;mq;mq;mq;mq;mq;mq;mq;mq;mq;mq;mq;mq;mq;mq;302.150000;mq;mq;mq;mq;mq;4.600000;-10;mq;mq;mq;mq;0.000000;mq;mq;0.000000;mq;710.000000;1105.000000;mq;mq;mq;mq;mq;mq;mq;mq;mq;mq;mq;mq;mq;mq;
71805;20110901180000;102310;20;2;20;4.100000;292.950000;285.650000;63;50000;2;1;1;10;1;450;31;20;11;102230;mq;mq;mq;mq;286.950000;293.050000;mq;mq;mq;mq;mq;6.700000;-10;mq;mq;0.000000;-60;0.000000;0.000000;mq;0.200000;mq;710.000000;1107.000000;3100.000000;mq;1;8;360;mq;mq;mq;mq;mq;mq;mq;mq;mq;
78897;20110901180000;101420;-200;8;140;4.100000;304.750000;295.750000;59;40000;2;1;1;25;2;800;32;20;10;mq;mq;mq;mq;mq;296.650000;305.350000;mq;mq;mq;mq;mq;mq;mq;mq;mq;mq;mq;mq;mq;0.000000;mq;0.200000;mq;mq;mq;mq;2;8;900;mq;mq;mq;mq;mq;mq;mq;mq;mq;
78922;20110901180000;101420;-160;8;140;3.100000;304.150000;296.250000;63;mq;mq;mq;mq;mq;mq;mq;mq;mq;mq;100980;mq;mq;mq;mq;mq;mq;mq;mq;mq;mq;mq;mq;mq;mq;mq;mq;mq;mq;mq;mq;mq;mq;mq;mq;mq;mq;mq;mq;mq;mq;mq;mq;mq;mq;mq;mq;mq;mq;
78925;20110901180000;101430;-110;8;60;3.600000;301.250000;297.450000;80;5000;81;8;6;75;6;450;32;20;10;mq;mq;mq;90;mq;297.150000;306.050000;mq;mq;mq;mq;mq;mq;mq;mq;mq;mq;mq;mq;mq;33.000000;mq;mq;mq;mq;mq;mq;2;8;480;5;8;780;mq;mq;mq;mq;mq;mq;
81401;20110901180000;101270;mq;mq;120;2.100000;306.650000;294.150000;48;mq;mq;mq;mq;mq;mq;mq;mq;mq;mq;101210;mq;mq;mq;mq;mq;mq;mq;mq;mq;mq;mq;mq;mq;mq;mq;mq;mq;mq;0.000000;0.000000;mq;mq;mq;mq;mq;mq;mq;mq;mq;mq;mq;mq;mq;mq;mq;mq;mq;mq;
81405;20110901180000;101330;mq;mq;80;5.100000;304.350000;295.950000;61;15000;2;1;1;25;2;1250;32;20;10;101240;mq;mq;mq;mq;mq;mq;mq;mq;mq;mq;mq;mq;mq;mq;mq;mq;mq;mq;0.000000;0.000000;mq;mq;mq;mq;mq;mq;mq;mq;mq;mq;mq;mq;mq;mq;mq;mq;mq;mq;
81408;20110901180000;101300;mq;mq;100;3.100000;306.350000;292.050000;43;mq;mq;mq;mq;mq;mq;mq;mq;mq;mq;101220;mq;mq;mq;mq;mq;mq;mq;mq;mq;mq;mq;mq;mq;mq;mq;mq;mq;mq;0.000000;0.000000;mq;mq;mq;mq;mq;mq;mq;mq;mq;mq;mq;mq;mq;mq;mq;mq;mq;mq;
81415;20110901180000;101260;mq;mq;130;1.500000;305.950000;294.450000;51;mq;mq;mq;mq;mq;mq;mq;mq;mq;mq;100080;mq;mq;mq;mq;mq;mq;mq;mq;mq;mq;mq;mq;mq;mq;mq;mq;mq;mq;0.000000;0.000000;mq;mq;mq;mq;mq;mq;mq;mq;mq;mq;mq;mq;mq;mq;mq;mq;mq;mq;
89642;20110901180000;99660;110;1;110;4.600000;255.750000;247.750000;46;mq;mq;mq;mq;mq;mq;mq;mq;mq;mq;99090;mq;mq;mq;mq;mq;mq;mq;mq;mq;mq;mq;mq;mq;mq;mq;mq;mq;mq;mq;mq;mq;mq;mq;mq;mq;mq;mq;mq;mq;mq;mq;mq;mq;mq;mq;mq;mq;mq;
07005;20110901210000;101190;70;1;80;3.600000;290.850000;286.550000;76;mq;mq;mq;mq;mq;mq;mq;mq;mq;mq;100320;mq;mq;mq;mq;mq;mq;mq;mq;mq;mq;mq;5.100000;-10;mq;mq;mq;mq;0.000000;0.000000;mq;mq;mq;710.000000;1105.000000;mq;mq;mq;mq;mq;mq;mq;mq;mq;mq;mq;mq;mq;mq;
07015;20110901210000;101260;20;0;70;3.100000;290.050000;285.750000;76;8000;2;1;1;60;2;3500;30;28;11;100700;mq;mq;mq;mq;mq;mq;mq;mq;mq;mq;mq;4.600000;-10;mq;mq;0.000000;-30;0.000000;0.000000;mq;mq;mq;710.000000;1105.000000;3100.000000;mq;2;3;2700;4;0;6900;mq;mq;mq;mq;mq;mq;
07020;20110901210000;101120;70;1;100;2.600000;289.150000;288.050000;93;6000;2;1;1;40;3;1250;35;20;10;100860;mq;mq;mq;mq;mq;mq;mq;mq;mq;mq;mq;5.100000;-10;mq;mq;mq;mq;0.000000;0.000000;mq;mq;mq;710.000000;1105.000000;mq;mq;3;6;990;mq;mq;mq;mq;mq;mq;mq;mq;mq;
07027;20110901210000;101080;120;1;180;2.100000;291.450000;288.350000;82;50000;0;mq;mq;mq;mq;mq;mq;mq;mq;100300;mq;mq;mq;mq;mq;mq;mq;mq;mq;mq;mq;4.100000;-10;mq;mq;mq;mq;0.000000;0.000000;mq;mq;mq;710.000000;1104.000000;mq;mq;mq;mq;mq;mq;mq;mq;mq;mq;mq;mq;mq;mq;
07037;20110901210000;101160;120;3;170;2.600000;293.150000;289.950000;82;45000;mq;mq;mq;100;mq;mq;mq;mq;mq;99400;mq;mq;mq;mq;mq;mq;mq;mq;mq;mq;mq;5.100000;-10;mq;mq;mq;mq;0.000000;0.000000;mq;mq;mq;710.000000;1105.000000;mq;mq;mq;mq;mq;mq;mq;mq;mq;mq;mq;mq;mq;mq;
07110;20110901210000;101130;140;1;0;0.000000;287.550000;286.050000;91;10000;2;1;1;10;0;8000;30;20;11;100000;mq;mq;mq;mq;mq;mq;mq;mq;mq;mq;mq;1.000000;-10;mq;mq;0.000000;-30;0.000000;0.000000;mq;mq;mq;710.000000;1101.000000;3100.000000;mq;1;0;7500;mq;mq;mq;mq;mq;mq;mq;mq;mq;
07117;20110901210000;101070;140;1;230;2.600000;290.850000;288.450000;86;8000;2;1;1;0;mq;mq;mq;mq;mq;100390;mq;mq;mq;mq;mq;mq;mq;mq;mq;mq;mq;3.100000;-10;mq;mq;mq;mq;0.000000;0.000000;mq;mq;mq;710.000000;1103.000000;2426.000000;mq;mq;mq;mq;mq;mq;mq;mq;mq;mq;mq;mq;mq;
07130;20110901210000;101050;130;1;150;1.000000;293.350000;290.350000;83;20000;0;mq;mq;mq;mq;mq;mq;mq;mq;100550;mq;mq;mq;mq;mq;mq;mq;mq;mq;mq;mq;3.100000;-10;mq;mq;mq;mq;0.000000;0.000000;mq;mq;mq;710.000000;1103.000000;mq;mq;mq;mq;mq;mq;mq;mq;mq;mq;mq;mq;mq;mq;
07139;20110901210000;101130;120;1;0;0.000000;292.250000;288.950000;81;mq;mq;mq;mq;mq;mq;mq;mq;mq;mq;99460;mq;mq;mq;mq;mq;mq;mq;mq;mq;mq;mq;1.500000;-10;mq;mq;mq;mq;0.000000;0.000000;mq;mq;mq;710.000000;1102.000000;mq;mq;mq;mq;mq;mq;mq;mq;mq;mq;mq;mq;mq;mq;
07149;20110901210000;101160;70;0;100;0.500000;293.050000;290.450000;85;20000;2;1;1;90;7;1750;35;61;60;100110;mq;mq;mq;mq;mq;mq;mq;mq;mq;mq;mq;1.500000;-10;mq;mq;0.000000;-30;0.000000;0.000000;mq;mq;mq;710.000000;1102.000000;3100.000000;mq;7;6;1800;mq;mq;mq;mq;mq;mq;mq;mq;mq;
07168;20110901210000;101220;30;3;300;1.500000;291.950000;290.050000;89;20000;0;mq;mq;mq;mq;mq;mq;mq;mq;99840;mq;mq;mq;mq;mq;mq;mq;mq;mq;mq;mq;2.600000;-10;mq;mq;mq;mq;0.000000;0.000000;mq;mq;mq;710.000000;1103.000000;mq;mq;mq;mq;mq;mq;mq;mq;mq;mq;mq;mq;mq;mq;
07181;20110901210000;101270;100;1;100;1.500000;291.950000;289.350000;85;45000;0;mq;mq;100;mq;mq;mq;mq;mq;97330;mq;mq;mq;mq;mq;mq;mq;mq;mq;mq;mq;3.100000;-10;mq;mq;mq;mq;0.000000;0.000000;mq;mq;mq;710.000000;1103.000000;mq;mq;mq;mq;mq;mq;mq;mq;mq;mq;mq;mq;mq;mq;
07190;20110901210000;101340;60;2;310;2.600000;291.550000;287.650000;78;35000;0;mq;mq;90;mq;mq;mq;mq;mq;99580;mq;mq;mq;mq;mq;mq;mq;mq;mq;mq;mq;3.100000;-10;mq;mq;mq;mq;0.000000;0.000000;mq;mq;mq;710.000000;1103.000000;mq;mq;mq;mq;mq;mq;mq;mq;mq;mq;mq;mq;mq;mq;
07207;20110901210000;mq;mq;mq;10;3.600000;290.150000;288.850000;92;mq;mq;mq;mq;mq;mq;mq;mq;mq;mq;mq;mq;mq;mq;mq;mq;mq;mq;mq;mq;mq;mq;4.100000;-10;mq;mq;mq;mq;0.000000;0.000000;mq;mq;mq;710.000000;1104.000000;mq;mq;mq;mq;mq;mq;mq;mq;mq;mq;mq;mq;mq;mq;
07222;20110901210000;101020;110;2;330;1.000000;292.650000;290.450000;87;25000;2;1;1;25;0;8000;30;20;11;100720;mq;mq;mq;mq;mq;mq;mq;mq;mq;mq;mq;2.100000;-10;mq;mq;mq;mq;0.000000;0.000000;mq;mq;mq;710.000000;1102.000000;mq;mq;2;0;6900;mq;mq;mq;mq;mq;mq;mq;mq;mq;
07240;20110901210000;101120;110;1;80;2.600000;291.850000;290.350000;91;30000;2;1;1;25;0;8000;30;20;13;99820;mq;mq;mq;mq;mq;mq;mq;mq;mq;mq;mq;4.100000;-10;mq;mq;0.000000;-30;0.000000;0.000000;mq;mq;mq;710.000000;1104.000000;3100.000000;mq;2;0;7800;mq;mq;mq;mq;mq;mq;mq;mq;mq;
07255;20110901210000;101170;130;1;110;2.100000;292.950000;291.950000;94;18000;0;mq;mq;mq;mq;mq;mq;mq;mq;99250;mq;mq;mq;mq;mq;mq;mq;mq;mq;mq;mq;2.600000;-10;mq;mq;mq;mq;0.200000;0.200000;mq;mq;mq;710.000000;1103.000000;mq;mq;mq;mq;mq;mq;mq;mq;mq;mq;mq;mq;mq;mq;
07280;20110901210000;101240;80;3;290;1.000000;294.050000;290.650000;81;55000;0;mq;mq;100;mq;mq;mq;mq;mq;98630;mq;mq;mq;mq;mq;mq;mq;mq;mq;mq;mq;1.500000;-10;mq;mq;mq;mq;0.000000;0.000000;mq;mq;mq;710.000000;1102.000000;mq;mq;mq;mq;mq;mq;mq;mq;mq;mq;mq;mq;mq;mq;
07299;20110901210000;101340;110;1;250;1.000000;290.950000;289.450000;91;40000;2;1;1;90;5;3500;30;29;12;98180;mq;mq;mq;mq;mq;mq;mq;mq;mq;mq;mq;2.600000;-10;mq;mq;0.000000;-30;0.000000;0.000000;mq;mq;mq;710.000000;1103.000000;3100.000000;mq;5;3;4200;7;0;6900;mq;mq;mq;mq;mq;mq;
07314;20110901210000;101090;170;1;180;1.000000;294.050000;291.650000;86;mq;mq;mq;mq;mq;mq;mq;mq;mq;mq;100820;mq;mq;mq;mq;mq;mq;mq;mq;mq;mq;mq;1.500000;-10;mq;mq;mq;mq;0.000000;0.000000;mq;mq;mq;710.000000;1102.000000;mq;mq;mq;mq;mq;mq;mq;mq;mq;mq;mq;mq;mq;mq;
07335;20110901210000;101110;110;1;150;1.000000;292.550000;291.050000;91;40000;0;mq;mq;mq;mq;mq;mq;mq;mq;99720;mq;mq;mq;mq;mq;mq;mq;mq;mq;mq;mq;3.100000;-10;mq;mq;mq;mq;0.000000;0.600000;mq;mq;mq;710.000000;1103.000000;mq;mq;mq;mq;mq;mq;mq;mq;mq;mq;mq;mq;mq;mq;
07434;20110901210000;101240;180;2;30;1.500000;290.150000;289.150000;94;60000;0;mq;mq;mq;mq;2250;mq;mq;mq;96600;mq;mq;mq;mq;mq;mq;mq;mq;mq;mq;mq;4.600000;-10;mq;mq;mq;mq;0.000000;22.000000;mq;mq;mq;710.000000;1105.000000;mq;mq;mq;mq;mq;mq;mq;mq;mq;mq;mq;mq;mq;mq;
07460;20110901210000;101200;50;0;170;2.100000;292.250000;290.750000;91;30000;13;2;2;90;2;1750;39;23;60;97460;mq;mq;mq;mq;mq;mq;mq;mq;mq;mq;mq;5.100000;-10;mq;mq;0.000000;-30;0.000000;0.000000;mq;mq;mq;710.000000;1105.000000;3100.000000;mq;1;9;1500;7;3;3900;mq;mq;mq;mq;mq;mq;
07471;20110901210000;mq;200;1;230;1.500000;290.550000;287.850000;84;20000;0;mq;mq;mq;mq;mq;mq;mq;mq;92040;85000;17550;mq;mq;mq;mq;mq;mq;mq;mq;mq;2.100000;-10;mq;mq;mq;mq;0.000000;0.000000;mq;mq;mq;710.000000;1102.000000;mq;mq;mq;mq;mq;mq;mq;mq;mq;mq;mq;mq;mq;mq;
07481;20110901210000;101280;220;0;20;1.500000;295.150000;292.350000;84;30000;21;6;2;90;3;2250;30;27;60;98540;mq;mq;mq;mq;mq;mq;mq;mq;mq;mq;mq;3.600000;-10;mq;mq;0.000000;-30;0.200000;0.200000;mq;mq;mq;710.000000;1104.000000;3100.000000;mq;3;3;2100;7;3;3900;mq;mq;mq;mq;mq;mq;
07510;20110901210000;101030;100;2;110;1.500000;293.650000;292.150000;91;40000;2;1;1;40;1;3500;30;23;12;100400;mq;mq;mq;mq;mq;mq;mq;mq;mq;mq;mq;2.100000;-10;mq;mq;0.000000;-30;0.000000;0.000000;mq;mq;mq;710.000000;1102.000000;3100.000000;mq;1;3;3300;3;0;6900;mq;mq;mq;mq;mq;mq;
07535;20110901210000;101090;140;1;340;1.500000;293.550000;289.750000;79;mq;mq;mq;mq;mq;mq;mq;mq;mq;mq;98100;mq;mq;mq;mq;mq;mq;mq;mq;mq;mq;mq;6.200000;-10;mq;mq;mq;mq;0.200000;0.200000;mq;mq;mq;710.000000;1106.000000;mq;mq;mq;mq;mq;mq;mq;mq;mq;mq;mq;mq;mq;mq;
07558;20110901210000;101320;140;1;160;2.100000;290.450000;289.450000;94;mq;mq;mq;mq;mq;mq;mq;mq;mq;mq;93260;mq;mq;mq;mq;mq;mq;mq;mq;mq;mq;mq;5.100000;-10;mq;mq;mq;mq;0.000000;0.000000;mq;mq;mq;710.000000;1105.000000;mq;mq;mq;mq;mq;mq;mq;mq;mq;mq;mq;mq;mq;mq;
07577;20110901210000;101350;250;0;220;1.000000;295.550000;290.650000;74;20000;0;mq;mq;mq;mq;mq;mq;mq;mq;100490;mq;mq;mq;mq;mq;mq;mq;mq;mq;mq;mq;3.100000;-10;mq;mq;mq;mq;0.000000;0.000000;mq;mq;mq;710.000000;1103.000000;mq;mq;mq;mq;mq;mq;mq;mq;mq;mq;mq;mq;mq;mq;
07591;20110901210000;mq;230;1;20;1.000000;291.150000;283.750000;62;mq;0;mq;mq;mq;mq;mq;mq;mq;mq;91740;mq;mq;mq;mq;mq;mq;mq;mq;mq;mq;mq;2.600000;-10;mq;mq;mq;mq;0.000000;0.000000;mq;mq;mq;710.000000;1103.000000;mq;mq;mq;mq;mq;mq;mq;mq;mq;mq;mq;mq;mq;mq;
07607;20110901210000;100990;170;1;30;2.600000;296.950000;290.650000;68;40000;0;mq;mq;100;mq;mq;mq;mq;mq;100310;mq;mq;mq;mq;mq;mq;mq;mq;mq;mq;mq;4.600000;-10;mq;mq;mq;mq;0.000000;0.000000;mq;mq;mq;710.000000;1105.000000;mq;mq;mq;mq;mq;mq;mq;mq;mq;mq;mq;mq;mq;mq;
07621;20110901210000;101020;130;2;170;2.600000;292.950000;289.750000;82;20000;2;1;1;40;3;1750;35;20;10;96870;mq;mq;mq;mq;mq;mq;mq;mq;mq;mq;mq;3.600000;-10;mq;mq;0.000000;-30;0.000000;0.000000;mq;mq;mq;710.000000;1104.000000;3100.000000;mq;3;6;1500;mq;mq;mq;mq;mq;mq;mq;mq;mq;
07627;20110901210000;101050;160;1;130;2.100000;293.250000;289.650000;80;mq;mq;mq;mq;mq;mq;mq;mq;mq;mq;96380;mq;mq;mq;mq;mq;mq;mq;mq;mq;mq;mq;4.100000;-10;mq;mq;mq;mq;0.000000;0.000000;mq;mq;mq;710.000000;1104.000000;mq;mq;mq;mq;mq;mq;mq;mq;mq;mq;mq;mq;mq;mq;
07630;20110901210000;101060;180;0;120;5.700000;296.650000;291.750000;74;25000;2;1;1;25;1;3500;30;28;13;99350;mq;mq;mq;mq;mq;mq;mq;mq;mq;mq;mq;9.800000;-10;mq;mq;0.000000;-30;0.000000;0.000000;mq;mq;mq;710.000000;1110.000000;3100.000000;mq;1;3;4800;mq;mq;mq;mq;mq;mq;mq;mq;mq;
07643;20110901210000;101350;140;2;30;2.100000;295.650000;293.150000;86;15000;2;1;1;90;7;450;36;61;60;101260;mq;mq;mq;mq;mq;mq;mq;mq;mq;mq;mq;2.600000;-10;mq;mq;mq;mq;0.000000;0.000000;mq;mq;mq;710.000000;1103.000000;mq;mq;7;7;360;mq;mq;mq;mq;mq;mq;mq;mq;mq;
07650;20110901210000;101330;150;3;250;1.500000;297.650000;288.050000;55;40000;2;1;1;25;0;8000;30;20;12;100960;mq;mq;mq;mq;mq;mq;mq;mq;mq;mq;mq;2.100000;-10;mq;mq;0.000000;-30;0.000000;0.000000;mq;mq;mq;710.000000;1102.000000;3100.000000;mq;2;0;7500;mq;mq;mq;mq;mq;mq;mq;mq;mq;
07661;20110901210000;101310;20;0;110;7.200000;295.750000;288.050000;62;mq;mq;mq;mq;mq;mq;mq;mq;mq;mq;99770;mq;mq;mq;mq;mq;mq;mq;mq;mq;mq;mq;8.700000;-10;mq;mq;mq;mq;0.000000;0.000000;mq;mq;mq;710.000000;1109.000000;mq;mq;mq;mq;mq;mq;mq;mq;mq;mq;mq;mq;mq;mq;
07690;20110901210000;101460;110;1;320;3.100000;296.550000;292.050000;76;30000;2;1;1;25;2;450;31;20;10;101140;mq;mq;mq;mq;mq;mq;mq;mq;mq;mq;mq;4.100000;-10;mq;mq;0.000000;-30;0.000000;0.000000;mq;mq;mq;710.000000;1104.000000;3100.000000;mq;2;8;390;mq;mq;mq;mq;mq;mq;mq;mq;mq;
07747;20110901210000;101190;140;3;60;3.600000;296.550000;295.150000;92;13000;0;mq;mq;100;mq;150;mq;mq;mq;100680;mq;mq;mq;mq;mq;mq;mq;mq;mq;mq;mq;6.200000;-10;mq;mq;mq;mq;0.000000;0.000000;mq;mq;mq;710.000000;1106.000000;mq;mq;mq;mq;mq;mq;mq;mq;mq;mq;mq;mq;mq;mq;
07761;20110901210000;101190;10;0;60;1.500000;298.350000;289.450000;58;20000;2;1;1;50;1;3500;30;28;12;101090;mq;mq;mq;mq;mq;mq;mq;mq;mq;mq;mq;4.600000;-10;mq;mq;0.000000;-30;0.000000;0.000000;mq;mq;mq;710.000000;1105.000000;3100.000000;mq;1;3;4500;4;0;5700;mq;mq;mq;mq;mq;mq;
07790;20110901210000;101420;60;1;150;1.000000;297.050000;295.650000;92;15000;2;1;1;40;3;450;35;20;10;101280;mq;mq;mq;mq;mq;mq;mq;mq;mq;mq;mq;5.100000;-10;mq;mq;0.000000;-30;0.000000;0.000000;mq;mq;mq;710.000000;1105.000000;3100.000000;mq;3;6;540;mq;mq;mq;mq;mq;mq;mq;mq;mq;
61970;20110901210000;101900;mq;mq;mq;mq;297.450000;293.150000;77;mq;mq;mq;mq;mq;mq;mq;mq;mq;mq;mq;mq;mq;80;mq;mq;mq;mq;mq;mq;mq;mq;mq;mq;mq;mq;mq;mq;0.000000;0.000000;mq;mq;mq;mq;mq;mq;mq;mq;mq;mq;mq;mq;mq;mq;mq;mq;mq;mq;mq;
61972;20110901210000;101910;mq;mq;160;1.500000;292.850000;292.350000;97;mq;mq;mq;mq;mq;mq;mq;mq;mq;mq;mq;mq;mq;mq;mq;mq;mq;mq;mq;mq;mq;mq;3.100000;-10;mq;mq;mq;mq;0.000000;0.000000;mq;mq;mq;710.000000;1103.000000;mq;mq;mq;mq;mq;mq;mq;mq;mq;mq;mq;mq;mq;mq;
61980;20110901210000;102230;mq;mq;120;7.700000;292.450000;288.950000;80;20000;0;mq;mq;mq;mq;1750;mq;mq;mq;mq;mq;mq;mq;mq;mq;mq;mq;mq;mq;mq;mq;12.900000;-10;mq;mq;mq;mq;0.200000;0.200000;mq;mq;mq;710.000000;1113.000000;mq;mq;mq;mq;mq;mq;mq;mq;mq;mq;mq;mq;mq;mq;
61996;20110901210000;mq;mq;mq;270;12.300000;283.950000;mq;mq;mq;mq;mq;mq;mq;mq;mq;mq;mq;mq;mq;mq;mq;mq;mq;mq;mq;mq;mq;mq;mq;mq;18.500000;-10;mq;mq;mq;mq;0.000000;0.000000;mq;mq;mq;710.000000;1119.000000;mq;mq;mq;mq;mq;mq;mq;mq;mq;mq;mq;mq;mq;mq;
61997;20110901210000;101580;mq;mq;270;5.700000;274.950000;269.450000;67;mq;mq;mq;mq;mq;mq;mq;mq;mq;mq;mq;mq;mq;1850;mq;mq;mq;mq;mq;mq;mq;mq;mq;mq;mq;mq;mq;mq;mq;0.000000;mq;mq;mq;mq;mq;mq;mq;mq;mq;mq;mq;mq;mq;mq;mq;mq;mq;mq;mq;
61998;20110901210000;99470;mq;mq;280;11.300000;275.550000;271.050000;72;mq;mq;mq;mq;mq;mq;mq;mq;mq;mq;mq;mq;mq;mq;mq;mq;mq;mq;mq;mq;mq;mq;22.100000;-10;mq;mq;mq;mq;0.000000;0.000000;mq;mq;mq;710.000000;1122.000000;mq;mq;mq;mq;mq;mq;mq;mq;mq;mq;mq;mq;mq;mq;
67005;20110901210000;101700;mq;mq;350;1.000000;295.750000;293.050000;85;mq;0;mq;mq;mq;mq;mq;mq;mq;mq;mq;mq;mq;mq;mq;mq;mq;mq;mq;mq;mq;mq;2.100000;-10;mq;mq;mq;mq;0.000000;0.000000;mq;mq;mq;710.000000;1102.000000;mq;mq;mq;mq;mq;mq;mq;mq;mq;mq;mq;mq;mq;mq;
71805;20110901210000;102310;0;0;240;2.100000;290.850000;286.150000;74;50000;2;1;1;25;1;450;35;20;14;102230;mq;mq;mq;mq;mq;mq;mq;mq;mq;mq;mq;4.600000;-10;mq;mq;0.000000;-30;0.000000;0.000000;mq;mq;mq;710.000000;1105.000000;3100.000000;mq;1;6;450;mq;mq;mq;mq;mq;mq;mq;mq;mq;
78897;20110901210000;101360;-60;6;120;4.600000;303.550000;294.050000;57;60000;0;mq;mq;mq;mq;mq;mq;mq;mq;mq;mq;mq;mq;mq;mq;mq;mq;mq;mq;mq;mq;mq;mq;mq;mq;mq;mq;mq;mq;mq;mq;mq;mq;mq;mq;mq;mq;mq;mq;mq;mq;mq;mq;mq;mq;mq;mq;mq;
78922;20110901210000;101370;-50;5;120;3.100000;302.550000;296.250000;69;mq;mq;mq;mq;mq;mq;mq;mq;mq;mq;100930;mq;mq;mq;mq;mq;mq;mq;mq;mq;mq;mq;mq;mq;mq;mq;mq;mq;mq;mq;mq;mq;mq;mq;mq;mq;mq;mq;mq;mq;mq;mq;mq;mq;mq;mq;mq;mq;mq;
78925;20110901210000;101340;-90;5;90;4.100000;302.750000;297.850000;75;25000;2;8;6;60;5;800;38;20;10;mq;mq;mq;mq;mq;mq;mq;mq;mq;mq;mq;mq;mq;mq;mq;mq;mq;mq;mq;mq;mq;mq;mq;mq;mq;mq;mq;4;8;780;mq;mq;mq;mq;mq;mq;mq;mq;mq;
81401;20110901210000;101190;mq;mq;60;3.100000;302.950000;296.450000;68;mq;mq;mq;mq;mq;mq;mq;mq;mq;mq;101130;mq;mq;mq;mq;mq;mq;mq;mq;mq;mq;mq;mq;mq;mq;mq;mq;mq;mq;0.000000;mq;mq;mq;mq;mq;mq;mq;mq;mq;mq;mq;mq;mq;mq;mq;mq;mq;mq;mq;
81405;20110901210000;101300;mq;mq;70;4.100000;302.050000;295.750000;69;15000;2;1;1;0;0;mq;30;20;10;101210;mq;mq;mq;mq;mq;mq;mq;mq;mq;mq;mq;mq;mq;mq;mq;mq;mq;mq;0.000000;mq;mq;mq;mq;mq;mq;mq;mq;mq;mq;mq;mq;mq;mq;mq;mq;mq;mq;mq;
81408;20110901210000;101250;mq;mq;80;2.100000;303.450000;293.950000;57;mq;mq;mq;mq;mq;mq;mq;mq;mq;mq;101170;mq;mq;mq;mq;mq;mq;mq;mq;mq;mq;mq;mq;mq;mq;mq;mq;mq;mq;0.000000;mq;mq;mq;mq;mq;mq;mq;mq;mq;mq;mq;mq;mq;mq;mq;mq;mq;mq;mq;
81415;20110901210000;101180;mq;mq;60;1.500000;304.850000;295.550000;58;mq;mq;mq;mq;mq;mq;mq;mq;mq;mq;100000;mq;mq;mq;mq;mq;mq;mq;mq;mq;mq;mq;mq;mq;mq;mq;mq;mq;mq;0.000000;mq;mq;mq;mq;mq;mq;mq;mq;mq;mq;mq;mq;mq;mq;mq;mq;mq;mq;mq;
89642;20110901210000;99680;20;3;160;1.500000;256.050000;247.350000;43;mq;mq;mq;mq;mq;mq;mq;mq;mq;mq;99110;mq;mq;mq;mq;mq;mq;mq;mq;mq;mq;mq;mq;mq;mq;mq;mq;mq;mq;mq;mq;mq;mq;mq;mq;mq;mq;mq;mq;mq;mq;mq;mq;mq;mq;mq;mq;mq;mq;
07005;20110902000000;101180;-10;8;70;2.600000;289.650000;286.750000;83;mq;mq;mq;mq;mq;mq;mq;mq;mq;mq;100310;mq;mq;mq;mq;mq;mq;mq;mq;mq;mq;mq;3.600000;-10;mq;mq;mq;mq;0.000000;0.000000;0.000000;mq;mq;710.000000;1104.000000;mq;mq;mq;mq;mq;mq;mq;mq;mq;mq;mq;mq;mq;mq;
07015;20110902000000;101210;-50;8;80;2.600000;288.750000;285.350000;80;7000;2;1;1;90;4;2250;30;28;11;100650;mq;mq;mq;mq;mq;mq;mq;mq;mq;mq;mq;3.600000;-10;mq;mq;0.000000;-60;0.000000;0.000000;0.000000;mq;mq;710.000000;1104.000000;3100.000000;mq;4;3;2400;6;0;6900;mq;mq;mq;mq;mq;mq;
07020;20110902000000;101140;20;2;0;0.000000;288.150000;287.350000;95;10000;2;1;1;10;0;8000;30;20;11;100880;mq;mq;mq;mq;mq;mq;mq;mq;mq;mq;mq;0.500000;-10;mq;mq;mq;mq;0.000000;0.000000;0.000000;mq;mq;710.000000;1101.000000;mq;mq;1;0;4800;mq;mq;mq;mq;mq;mq;mq;mq;mq;
07027;20110902000000;101110;20;0;180;2.600000;290.050000;288.950000;93;21000;0;mq;mq;mq;mq;1250;mq;mq;mq;100320;mq;mq;mq;mq;mq;mq;mq;mq;mq;mq;mq;3.100000;-10;mq;mq;mq;mq;0.000000;0.000000;0.000000;mq;mq;710.000000;1103.000000;mq;mq;mq;mq;mq;mq;mq;mq;mq;mq;mq;mq;mq;mq;
07037;20110902000000;101170;-10;6;90;0.500000;289.250000;288.650000;96;15000;0;mq;mq;mq;mq;mq;mq;mq;mq;99390;mq;mq;mq;mq;mq;mq;mq;mq;mq;mq;mq;2.100000;-10;mq;mq;mq;mq;0.000000;0.000000;0.000000;mq;mq;710.000000;1102.000000;mq;mq;mq;mq;mq;mq;mq;mq;mq;mq;mq;mq;mq;mq;
07110;20110902000000;101130;0;0;150;0.500000;286.150000;285.550000;96;3000;10;0;0;10;0;8000;30;20;11;100000;mq;mq;mq;mq;mq;mq;mq;mq;mq;mq;mq;1.500000;-10;mq;mq;0.000000;-60;0.000000;0.000000;0.000000;mq;mq;710.000000;1102.000000;3100.000000;mq;1;0;6300;mq;mq;mq;mq;mq;mq;mq;mq;mq;
07117;20110902000000;101110;30;1;240;3.100000;288.350000;287.550000;95;8000;2;1;1;0;mq;mq;mq;mq;mq;100420;mq;mq;mq;mq;mq;mq;mq;mq;mq;mq;mq;4.100000;-10;mq;mq;mq;mq;0.000000;0.000000;0.000000;mq;mq;710.000000;1104.000000;2426.000000;mq;mq;mq;mq;mq;mq;mq;mq;mq;mq;mq;mq;mq;
07130;20110902000000;101100;40;1;0;0.000000;289.850000;289.350000;97;5000;0;mq;mq;mq;mq;mq;mq;mq;mq;100590;mq;mq;mq;mq;mq;mq;mq;mq;mq;mq;mq;3.600000;-10;mq;mq;mq;mq;0.000000;0.000000;0.000000;mq;mq;710.000000;1104.000000;mq;mq;mq;mq;mq;mq;mq;mq;mq;mq;mq;mq;mq;mq;
07139;20110902000000;101180;20;1;10;1.500000;288.550000;287.250000;92;mq;mq;mq;mq;mq;mq;mq;mq;mq;mq;99480;mq;mq;mq;mq;mq;mq;mq;mq;mq;mq;mq;2.100000;-10;mq;mq;mq;mq;0.000000;0.000000;0.000000;mq;mq;710.000000;1102.000000;mq;mq;mq;mq;mq;mq;mq;mq;mq;mq;mq;mq;mq;mq;
07149;20110902000000;101200;30;0;0;0.000000;290.550000;289.750000;95;15000;2;1;1;10;1;1750;35;20;10;100140;mq;mq;mq;mq;mq;mq;mq;mq;mq;mq;mq;1.500000;-10;mq;mq;0.000000;-60;0.000000;0.000000;0.000000;mq;mq;710.000000;1102.000000;3100.000000;mq;1;6;1800;mq;mq;mq;mq;mq;mq;mq;mq;mq;
07168;20110902000000;101230;10;0;80;0.500000;290.550000;289.450000;93;16000;0;mq;mq;mq;mq;mq;mq;mq;mq;99850;mq;mq;mq;mq;mq;mq;mq;mq;mq;mq;mq;2.100000;-10;mq;mq;mq;mq;0.000000;0.000000;0.000000;mq;mq;710.000000;1102.000000;mq;mq;mq;mq;mq;mq;mq;mq;mq;mq;mq;mq;mq;mq;
07181;20110902000000;101300;20;3;0;0.000000;291.350000;289.350000;88;35000;0;mq;mq;100;mq;mq;mq;mq;mq;97350;mq;mq;mq;mq;mq;mq;mq;mq;mq;mq;mq;2.600000;-10;mq;mq;mq;mq;0.000000;0.000000;0.000000;mq;mq;710.000000;1103.000000;mq;mq;mq;mq;mq;mq;mq;mq;mq;mq;mq;mq;mq;mq;
07190;20110902000000;101360;0;0;330;2.100000;289.650000;285.950000;79;29000;0;mq;mq;mq;mq;mq;mq;mq;mq;99580;mq;mq;mq;mq;mq;mq;mq;mq;mq;mq;mq;3.600000;-10;mq;mq;mq;mq;0.000000;0.000000;0.000000;mq;mq;710.000000;1104.000000;mq;mq;mq;mq;mq;mq;mq;mq;mq;mq;mq;mq;mq;mq;
07207;20110902000000;mq;mq;mq;30;3.600000;289.950000;288.450000;91;mq;mq;mq;mq;mq;mq;mq;mq;mq;mq;mq;mq;mq;mq;mq;mq;mq;mq;mq;mq;mq;mq;4.600000;-10;mq;mq;mq;mq;0.200000;0.200000;0.200000;mq;mq;710.000000;1105.000000;mq;mq;mq;mq;mq;mq;mq;mq;mq;mq;mq;mq;mq;mq;
07222;20110902000000;101070;40;0;0;0.000000;290.550000;289.450000;93;26000;0;mq;mq;mq;mq;mq;mq;mq;mq;100760;mq;mq;mq;mq;mq;mq;mq;mq;mq;mq;mq;1.000000;-10;mq;mq;mq;mq;0.000000;0.000000;0.000000;mq;mq;710.000000;1101.000000;mq;mq;mq;mq;mq;mq;mq;mq;mq;mq;mq;mq;mq;mq;
07240;20110902000000;101140;10;3;70;1.500000;291.350000;290.750000;96;20000;2;1;1;60;5;1750;35;20;10;99830;mq;mq;mq;mq;mq;mq;mq;mq;mq;mq;mq;2.600000;-10;mq;mq;0.000000;-60;0.000000;0.000000;0.000000;mq;mq;710.000000;1103.000000;3100.000000;mq;5;6;1800;mq;mq;mq;mq;mq;mq;mq;mq;mq;
07255;20110902000000;101130;-50;8;110;1.000000;291.750000;291.050000;96;12000;0;mq;mq;mq;mq;mq;mq;mq;mq;99200;mq;mq;mq;mq;mq;mq;mq;mq;mq;mq;mq;3.100000;-10;mq;mq;mq;mq;0.000000;0.000000;0.200000;mq;mq;710.000000;1103.000000;mq;mq;mq;mq;mq;mq;mq;mq;mq;mq;mq;mq;mq;mq;
07280;20110902000000;101260;0;5;150;1.000000;292.150000;289.750000;86;50000;0;mq;mq;90;mq;mq;mq;mq;mq;98630;mq;mq;mq;mq;mq;mq;mq;mq;mq;mq;mq;3.100000;-10;mq;mq;mq;mq;0.000000;0.000000;0.000000;mq;mq;710.000000;1103.000000;mq;mq;mq;mq;mq;mq;mq;mq;mq;mq;mq;mq;mq;mq;
07299;20110902000000;101390;30;3;280;1.000000;289.550000;288.750000;95;35000;0;mq;mq;100;mq;2250;mq;mq;mq;98210;mq;mq;mq;mq;mq;mq;mq;mq;mq;mq;mq;1.500000;-10;mq;mq;mq;mq;0.000000;0.000000;0.000000;mq;mq;710.000000;1102.000000;mq;mq;mq;mq;mq;mq;mq;mq;mq;mq;mq;mq;mq;mq;
07314;20110902000000;101130;40;3;60;3.100000;293.750000;292.550000;93;18000;2;1;1;25;2;2250;30;23;10;100860;mq;mq;mq;mq;mq;mq;mq;mq;mq;mq;mq;4.600000;-10;mq;mq;mq;mq;0.000000;0.000000;0.000000;mq;mq;710.000000;1105.000000;2427.000000;mq;2;3;1800;mq;mq;mq;mq;mq;mq;mq;mq;mq;
07335;20110902000000;101160;40;3;0;0.000000;290.450000;289.950000;97;1900;10;mq;mq;mq;mq;mq;mq;mq;mq;99760;mq;mq;mq;mq;mq;mq;mq;mq;mq;mq;mq;1.500000;-10;mq;mq;mq;mq;0.000000;0.000000;0.600000;mq;mq;710.000000;1102.000000;mq;mq;mq;mq;mq;mq;mq;mq;mq;mq;mq;mq;mq;mq;
07434;20110902000000;101250;10;3;50;2.600000;289.950000;289.350000;96;25000;0;mq;mq;mq;mq;mq;mq;mq;mq;96610;mq;mq;mq;mq;mq;mq;mq;mq;mq;mq;mq;6.700000;-10;mq;mq;mq;mq;0.000000;0.000000;22.000000;mq;mq;710.000000;1107.000000;mq;mq;mq;mq;mq;mq;mq;mq;mq;mq;mq;mq;mq;mq;
07460;20110902000000;101300;90;0;170;1.000000;291.550000;290.750000;95;30000;2;8;6;90;1;1750;35;23;60;97550;mq;mq;mq;mq;mq;mq;mq;mq;mq;mq;mq;4.100000;-10;mq;mq;0.000000;-60;0.000000;0.000000;0.000000;mq;mq;710.000000;1104.000000;3100.000000;mq;1;6;1500;7;3;3300;mq;mq;mq;mq;mq;mq;
07471;20110902000000;mq;30;3;340;0.500000;287.650000;285.650000;88;20000;0;mq;mq;mq;mq;mq;mq;mq;mq;92070;85000;17580;mq;mq;mq;mq;mq;mq;mq;mq;mq;2.100000;-10;mq;mq;mq;mq;0.000000;0.000000;0.000000;mq;mq;710.000000;1102.000000;mq;mq;mq;mq;mq;mq;mq;mq;mq;mq;mq;mq;mq;mq;
07481;20110902000000;101280;-10;5;150;3.600000;294.750000;290.350000;76;30000;2;6;2;90;7;3500;30;27;60;98530;mq;mq;mq;mq;mq;mq;mq;mq;mq;mq;mq;6.700000;-10;mq;mq;0.000000;-60;0.000000;0.000000;0.200000;mq;mq;710.000000;1107.000000;3100.000000;mq;7;3;4200;mq;mq;mq;mq;mq;mq;mq;mq;mq;
07510;20110902000000;101130;100;2;130;1.000000;292.350000;291.550000;95;20000;2;1;1;40;1;3500;30;23;12;100500;mq;mq;mq;mq;mq;mq;mq;mq;mq;mq;mq;2.100000;-10;mq;mq;0.000000;-60;0.000000;0.000000;0.000000;mq;mq;710.000000;1102.000000;3100.000000;mq;3;3;3300;mq;mq;mq;mq;mq;mq;mq;mq;mq;
07535;20110902000000;101260;150;1;110;1.500000;292.450000;289.450000;83;mq;mq;mq;mq;mq;mq;mq;mq;mq;mq;98250;mq;mq;mq;mq;mq;mq;mq;mq;mq;mq;mq;3.600000;-10;mq;mq;mq;mq;0.000000;0.000000;0.200000;mq;mq;710.000000;1104.000000;mq;mq;mq;mq;mq;mq;mq;mq;mq;mq;mq;mq;mq;mq;
07558;20110902000000;101370;50;0;90;2.100000;290.650000;289.150000;91;mq;mq;mq;mq;mq;mq;mq;mq;mq;mq;93310;mq;mq;mq;mq;mq;mq;mq;mq;mq;mq;mq;5.700000;-10;mq;mq;mq;mq;0.000000;0.000000;0.000000;mq;mq;710.000000;1106.000000;mq;mq;mq;mq;mq;mq;mq;mq;mq;mq;mq;mq;mq;mq;
07577;20110902000000;101460;100;3;20;0.500000;292.550000;290.850000;90;19000;0;mq;mq;mq;mq;mq;mq;mq;mq;100590;mq;mq;mq;mq;mq;mq;mq;mq;mq;mq;mq;2.100000;-10;mq;mq;mq;mq;0.000000;0.000000;0.000000;mq;mq;710.000000;1102.000000;mq;mq;mq;mq;mq;mq;mq;mq;mq;mq;mq;mq;mq;mq;
07591;20110902000000;mq;30;1;40;3.600000;289.150000;283.850000;71;mq;0;mq;mq;mq;mq;mq;mq;mq;mq;91770;mq;mq;mq;mq;mq;mq;mq;mq;mq;mq;mq;6.200000;-10;mq;mq;mq;mq;0.000000;0.000000;0.000000;mq;mq;710.000000;1106.000000;mq;mq;mq;mq;mq;mq;mq;mq;mq;mq;mq;mq;mq;mq;
07607;20110902000000;101260;260;3;210;5.100000;294.450000;289.450000;73;19000;63;mq;mq;100;mq;1750;mq;mq;mq;100570;mq;mq;mq;mq;mq;mq;mq;mq;mq;mq;mq;10.300000;-10;mq;mq;mq;mq;0.000000;0.000000;0.000000;mq;mq;710.000000;1110.000000;mq;mq;mq;mq;mq;mq;mq;mq;mq;mq;mq;mq;mq;mq;
07621;20110902000000;101290;260;3;170;2.600000;293.250000;289.850000;81;15000;61;6;1;100;5;1750;35;27;60;97130;mq;mq;mq;mq;mq;mq;mq;mq;mq;mq;mq;12.300000;-10;mq;mq;0.000000;-60;0.600000;0.600000;0.600000;mq;mq;710.000000;1112.000000;3100.000000;mq;1;9;1500;5;6;1500;5;6;2100;mq;mq;mq;
07627;20110902000000;101060;0;0;140;3.100000;292.350000;288.050000;76;mq;mq;mq;mq;mq;mq;mq;mq;mq;mq;96380;mq;mq;mq;mq;mq;mq;mq;mq;mq;mq;mq;5.100000;-10;mq;mq;mq;mq;0.000000;0.000000;0.000000;mq;mq;710.000000;1105.000000;mq;mq;mq;mq;mq;mq;mq;mq;mq;mq;mq;mq;mq;mq;
07630;20110902000000;101130;60;3;130;4.100000;295.450000;292.450000;83;21000;0;mq;mq;100;mq;450;mq;mq;mq;99410;mq;mq;mq;mq;mq;mq;mq;mq;mq;mq;mq;9.300000;-10;mq;mq;mq;mq;0.000000;0.000000;0.000000;mq;mq;710.000000;1109.000000;mq;mq;mq;mq;mq;mq;mq;mq;mq;mq;mq;mq;mq;mq;
07643;20110902000000;101370;20;3;10;3.100000;294.250000;292.350000;89;15000;2;1;1;60;2;450;36;23;10;101280;mq;mq;mq;mq;mq;mq;mq;mq;mq;mq;mq;4.600000;-10;mq;mq;mq;mq;0.000000;0.000000;0.000000;mq;mq;710.000000;1105.000000;mq;mq;2;7;390;4;3;2700;mq;mq;mq;mq;mq;mq;
07650;20110902000000;101340;10;2;120;2.600000;296.250000;287.250000;57;60000;0;mq;mq;mq;mq;mq;mq;mq;mq;100970;mq;mq;mq;mq;mq;mq;mq;mq;mq;mq;mq;4.600000;-10;mq;mq;mq;mq;0.000000;0.000000;0.000000;mq;mq;710.000000;1105.000000;mq;mq;mq;mq;mq;mq;mq;mq;mq;mq;mq;mq;mq;mq;
07661;20110902000000;101370;50;2;110;7.700000;295.350000;289.150000;68;mq;mq;mq;mq;mq;mq;mq;mq;mq;mq;99820;mq;mq;mq;mq;mq;mq;mq;mq;mq;mq;mq;10.800000;-10;mq;mq;mq;mq;0.000000;0.000000;0.000000;mq;mq;710.000000;1111.000000;mq;mq;mq;mq;mq;mq;mq;mq;mq;mq;mq;mq;mq;mq;
07690;20110902000000;101450;-10;6;350;2.600000;296.450000;289.050000;63;30000;2;1;1;0;mq;mq;mq;mq;mq;101130;mq;mq;mq;mq;mq;mq;mq;mq;mq;mq;mq;4.600000;-10;mq;mq;0.000000;-60;0.000000;0.000000;0.000000;mq;mq;710.000000;1105.000000;3100.000000;mq;mq;mq;mq;mq;mq;mq;mq;mq;mq;mq;mq;mq;
07747;20110902000000;101270;80;1;80;3.100000;296.250000;295.250000;94;6000;0;mq;mq;100;mq;80;mq;mq;mq;100760;mq;mq;mq;mq;mq;mq;mq;mq;mq;mq;mq;5.700000;-10;mq;mq;mq;mq;0.000000;0.000000;0.000000;mq;mq;710.000000;1106.000000;mq;mq;mq;mq;mq;mq;mq;mq;mq;mq;mq;mq;mq;mq;
07761;20110902000000;101290;100;1;40;2.600000;295.250000;288.150000;64;20000;2;1;1;0;mq;mq;mq;mq;mq;101190;mq;mq;mq;mq;mq;mq;mq;mq;mq;mq;mq;4.100000;-10;mq;mq;0.000000;-60;0.000000;0.000000;0.000000;mq;mq;710.000000;1104.000000;3100.000000;mq;mq;mq;mq;mq;mq;mq;mq;mq;mq;mq;mq;mq;
07790;20110902000000;101410;10;0;220;1.000000;296.350000;294.650000;90;15000;0;mq;mq;100;mq;450;mq;mq;mq;101270;mq;mq;mq;mq;mq;mq;mq;mq;mq;mq;mq;2.600000;-10;mq;mq;mq;mq;0.000000;0.000000;0.000000;mq;mq;710.000000;1103.000000;mq;mq;mq;mq;mq;mq;mq;mq;mq;mq;mq;mq;mq;mq;
61970;20110902000000;101760;mq;mq;mq;mq;297.250000;294.150000;83;mq;mq;mq;mq;mq;mq;mq;mq;mq;mq;mq;mq;mq;mq;mq;mq;mq;mq;mq;mq;mq;mq;mq;mq;mq;mq;mq;mq;0.000000;mq;0.000000;mq;mq;mq;mq;mq;mq;mq;mq;mq;mq;mq;mq;mq;mq;mq;mq;mq;mq;
61972;20110902000000;101770;mq;mq;150;1.500000;293.050000;292.750000;98;mq;mq;mq;mq;mq;mq;mq;mq;mq;mq;mq;mq;mq;mq;mq;mq;mq;mq;mq;mq;mq;mq;2.600000;-10;mq;mq;mq;mq;0.000000;mq;0.000000;mq;mq;710.000000;1103.000000;mq;mq;mq;mq;mq;mq;mq;mq;mq;mq;mq;mq;mq;mq;
61980;20110902000000;102050;mq;mq;120;5.700000;292.950000;287.750000;72;10000;0;8;1;60;5;800;38;20;10;mq;mq;mq;mq;mq;mq;mq;mq;mq;mq;mq;mq;9.300000;-10;mq;mq;mq;mq;0.000000;mq;0.600000;mq;mq;710.000000;1109.000000;mq;mq;3;8;690;3;6;1500;mq;mq;mq;mq;mq;mq;
61996;20110902000000;mq;mq;mq;280;10.800000;283.550000;mq;mq;mq;mq;mq;mq;mq;mq;mq;mq;mq;mq;mq;mq;mq;mq;mq;mq;mq;mq;mq;mq;mq;mq;17.000000;-10;mq;mq;mq;mq;0.000000;mq;0.200000;mq;mq;710.000000;1117.000000;mq;mq;mq;mq;mq;mq;mq;mq;mq;mq;mq;mq;mq;mq;
61997;20110902000000;101560;mq;mq;300;6.200000;275.250000;270.350000;70;mq;mq;mq;mq;mq;mq;mq;mq;mq;mq;mq;mq;mq;1760;mq;mq;mq;mq;mq;mq;mq;mq;mq;mq;mq;mq;mq;mq;mq;mq;0.000000;mq;mq;mq;mq;mq;mq;mq;mq;mq;mq;mq;mq;mq;mq;mq;mq;mq;mq;
61998;20110902000000;99910;mq;mq;270;13.900000;275.250000;269.750000;67;15000;0;mq;mq;10;1;800;35;20;10;mq;mq;mq;120;mq;mq;mq;mq;mq;mq;mq;mq;18.500000;-10;mq;mq;mq;mq;0.000000;mq;0.000000;mq;mq;710.000000;1119.000000;mq;mq;1;6;690;mq;mq;mq;mq;mq;mq;mq;mq;mq;
67005;20110902000000;101570;mq;mq;190;1.500000;295.450000;293.150000;87;mq;0;mq;mq;mq;mq;mq;mq;mq;mq;mq;mq;mq;mq;mq;mq;mq;mq;mq;mq;mq;mq;2.600000;-10;mq;mq;mq;mq;0.000000;mq;0.000000;mq;mq;710.000000;1103.000000;mq;mq;mq;mq;mq;mq;mq;mq;mq;mq;mq;mq;mq;mq;
71805;20110902000000;102450;140;3;350;1.000000;286.550000;285.450000;93;50000;0;mq;mq;mq;mq;mq;mq;mq;mq;102370;mq;mq;mq;mq;mq;mq;mq;mq;mq;mq;mq;2.600000;-10;mq;mq;mq;mq;0.000000;0.000000;0.000000;mq;mq;710.000000;1103.000000;mq;mq;mq;mq;mq;mq;mq;mq;mq;mq;mq;mq;mq;mq;
78897;20110902000000;101480;120;1;100;1.500000;300.350000;296.550000;80;40000;2;1;1;25;2;800;32;23;10;mq;mq;mq;mq;296.650000;mq;305.350000;mq;mq;mq;mq;mq;mq;mq;mq;mq;mq;mq;mq;mq;0.000000;mq;0.200000;mq;mq;mq;mq;2;8;630;mq;mq;mq;mq;mq;mq;mq;mq;mq;
78922;20110902000000;101440;70;3;100;2.600000;301.250000;296.350000;75;mq;mq;mq;mq;mq;mq;mq;mq;mq;mq;101000;mq;mq;mq;mq;mq;mq;mq;mq;mq;mq;mq;mq;mq;mq;mq;mq;mq;mq;mq;mq;mq;mq;mq;mq;mq;mq;mq;mq;mq;mq;mq;mq;mq;mq;mq;mq;mq;mq;
78925;20110902000000;101480;140;3;30;1.500000;300.250000;298.250000;89;25000;1;8;6;40;3;800;38;20;10;mq;mq;mq;30;297.150000;mq;306.050000;mq;mq;mq;mq;mq;mq;mq;mq;mq;mq;mq;mq;mq;24.000000;mq;56.200000;mq;mq;mq;mq;2;8;750;mq;mq;mq;mq;mq;mq;mq;mq;mq;
81401;20110902000000;101310;mq;mq;80;1.500000;298.950000;295.650000;82;mq;mq;mq;mq;mq;mq;mq;mq;mq;mq;101250;mq;mq;mq;mq;mq;307.350000;mq;mq;mq;mq;mq;mq;mq;mq;mq;mq;mq;mq;0.000000;0.000000;mq;mq;mq;mq;mq;mq;mq;mq;mq;mq;mq;mq;mq;mq;mq;mq;mq;mq;
81405;20110902000000;101400;mq;mq;100;0.500000;298.650000;296.150000;86;45000;0;mq;mq;mq;mq;mq;mq;mq;mq;101310;mq;mq;mq;mq;mq;305.450000;mq;mq;mq;mq;mq;mq;mq;mq;mq;mq;mq;mq;0.000000;0.000000;mq;mq;mq;mq;mq;mq;mq;mq;mq;mq;mq;mq;mq;mq;mq;mq;mq;mq;
81408;20110902000000;101410;mq;mq;0;0.000000;296.850000;295.250000;91;mq;mq;mq;mq;mq;mq;mq;mq;mq;mq;101330;mq;mq;mq;mq;mq;306.550000;mq;mq;mq;mq;mq;mq;mq;mq;mq;mq;mq;mq;0.000000;0.000000;mq;mq;mq;mq;mq;mq;mq;mq;mq;mq;mq;mq;mq;mq;mq;mq;mq;mq;
81415;20110902000000;101320;mq;mq;0;0.000000;298.650000;297.250000;92;mq;mq;mq;mq;mq;mq;mq;mq;mq;mq;100110;mq;mq;mq;mq;mq;306.750000;mq;mq;mq;mq;mq;mq;mq;mq;mq;mq;mq;mq;0.000000;0.000000;mq;mq;mq;mq;mq;mq;mq;mq;mq;mq;mq;mq;mq;mq;mq;mq;mq;mq;
89642;20110902000000;99810;130;1;210;2.600000;256.550000;246.350000;37;40000;2;1;1;25;0;8000;30;20;11;99240;mq;mq;mq;251.250000;mq;257.650000;mq;mq;mq;mq;mq;mq;mq;mq;mq;mq;mq;mq;mq;mq;mq;mq;mq;mq;mq;mq;2;0;6000;mq;mq;mq;mq;mq;mq;mq;mq;mq;
07005;20110902030000;101140;-40;5;130;2.600000;288.950000;286.950000;88;mq;mq;mq;mq;mq;mq;mq;mq;mq;mq;100270;mq;mq;mq;mq;mq;mq;mq;mq;mq;mq;mq;4.100000;-10;mq;mq;mq;mq;0.000000;0.000000;mq;mq;mq;710.000000;1104.000000;mq;mq;mq;mq;mq;mq;mq;mq;mq;mq;mq;mq;mq;mq;
07015;20110902030000;101160;-50;6;70;1.500000;287.850000;285.350000;85;4500;10;mq;mq;90;7;3500;30;27;60;100600;mq;mq;mq;mq;mq;mq;mq;mq;mq;mq;mq;2.600000;-10;mq;mq;0.000000;-30;0.000000;0.000000;mq;mq;mq;710.000000;1103.000000;3100.000000;mq;7;3;4800;mq;mq;mq;mq;mq;mq;mq;mq;mq;
07020;20110902030000;101140;0;5;200;3.600000;289.450000;288.850000;96;10000;2;1;1;0;mq;mq;mq;mq;mq;100880;mq;mq;mq;mq;mq;mq;mq;mq;mq;mq;mq;4.600000;-10;mq;mq;mq;mq;0.000000;0.000000;mq;mq;mq;710.000000;1105.000000;mq;mq;mq;mq;mq;mq;mq;mq;mq;mq;mq;mq;mq;mq;
07027;20110902030000;101130;20;3;0;0.000000;289.350000;288.850000;97;10000;0;mq;mq;mq;mq;mq;mq;mq;mq;100340;mq;mq;mq;mq;mq;mq;mq;mq;mq;mq;mq;1.500000;-10;mq;mq;mq;mq;0.000000;0.000000;mq;mq;mq;710.000000;1102.000000;mq;mq;mq;mq;mq;mq;mq;mq;mq;mq;mq;mq;mq;mq;
07037;20110902030000;101160;-20;5;140;1.500000;288.750000;288.550000;99;3000;10;mq;mq;mq;mq;mq;mq;mq;mq;99370;mq;mq;mq;mq;mq;mq;mq;mq;mq;mq;mq;2.600000;-10;mq;mq;mq;mq;0.000000;0.000000;mq;mq;mq;710.000000;1103.000000;mq;mq;mq;mq;mq;mq;mq;mq;mq;mq;mq;mq;mq;mq;
07110;20110902030000;101170;30;0;0;0.000000;284.850000;284.350000;97;3000;10;0;0;0;mq;mq;mq;mq;mq;100030;mq;mq;mq;mq;mq;mq;mq;mq;mq;mq;mq;2.100000;-10;mq;mq;0.000000;-30;0.000000;0.000000;mq;mq;mq;710.000000;1102.000000;3100.000000;mq;mq;mq;mq;mq;mq;mq;mq;mq;mq;mq;mq;mq;
07117;20110902030000;101160;50;3;230;3.100000;287.750000;287.150000;96;8000;2;1;1;0;mq;mq;mq;mq;mq;100470;mq;mq;mq;mq;mq;mq;mq;mq;mq;mq;mq;4.600000;-10;mq;mq;mq;mq;0.000000;0.000000;mq;mq;mq;710.000000;1105.000000;2426.000000;mq;mq;mq;mq;mq;mq;mq;mq;mq;mq;mq;mq;mq;
07130;20110902030000;101120;20;3;310;1.000000;288.150000;287.850000;98;100;45;mq;mq;mq;mq;450;mq;mq;mq;100610;mq;mq;mq;mq;mq;mq;mq;mq;mq;mq;mq;1.500000;-10;mq;mq;mq;mq;0.000000;0.000000;mq;mq;mq;710.000000;1102.000000;mq;mq;mq;mq;mq;mq;mq;mq;mq;mq;mq;mq;mq;mq;
07139;20110902030000;101190;0;5;0;0.000000;286.950000;286.050000;94;mq;mq;mq;mq;mq;mq;mq;mq;mq;mq;99480;mq;mq;mq;mq;mq;mq;mq;mq;mq;mq;mq;0.500000;-10;mq;mq;mq;mq;0.000000;0.000000;mq;mq;mq;710.000000;1101.000000;mq;mq;mq;mq;mq;mq;mq;mq;mq;mq;mq;mq;mq;mq;
07149;20110902030000;101160;-40;6;0;0.000000;289.050000;288.550000;97;10000;2;1;1;0;mq;mq;mq;mq;mq;100100;mq;mq;mq;mq;mq;mq;mq;mq;mq;mq;mq;1.500000;-10;mq;mq;0.000000;-30;0.000000;0.000000;mq;mq;mq;710.000000;1102.000000;3100.000000;mq;mq;mq;mq;mq;mq;mq;mq;mq;mq;mq;mq;mq;
07168;20110902030000;101190;-50;6;150;1.000000;288.650000;288.050000;96;8000;0;mq;mq;mq;mq;mq;mq;mq;mq;99800;mq;mq;mq;mq;mq;mq;mq;mq;mq;mq;mq;2.600000;-10;mq;mq;mq;mq;0.000000;0.000000;mq;mq;mq;710.000000;1103.000000;mq;mq;mq;mq;mq;mq;mq;mq;mq;mq;mq;mq;mq;mq;
07181;20110902030000;101300;-30;5;130;3.100000;289.250000;288.650000;96;10000;0;mq;mq;mq;mq;mq;mq;mq;mq;97320;mq;mq;mq;mq;mq;mq;mq;mq;mq;mq;mq;3.100000;-10;mq;mq;mq;mq;0.000000;0.000000;mq;mq;mq;710.000000;1103.000000;mq;mq;mq;mq;mq;mq;mq;mq;mq;mq;mq;mq;mq;mq;
07190;20110902030000;101350;10;0;320;1.000000;288.550000;286.750000;89;9000;0;mq;mq;90;mq;mq;mq;mq;mq;99570;mq;mq;mq;mq;mq;mq;mq;mq;mq;mq;mq;5.700000;-10;mq;mq;mq;mq;1.000000;2.000000;mq;mq;mq;710.000000;1106.000000;mq;mq;mq;mq;mq;mq;mq;mq;mq;mq;mq;mq;mq;mq;
07207;20110902030000;mq;mq;mq;0;0.000000;290.050000;288.750000;92;15000;2;1;1;0;mq;mq;mq;mq;mq;mq;mq;mq;mq;mq;mq;mq;mq;mq;mq;mq;mq;2.100000;-10;mq;mq;mq;mq;0.000000;0.000000;mq;mq;mq;710.000000;1102.000000;2417.000000;mq;mq;mq;mq;mq;mq;mq;mq;mq;mq;mq;mq;mq;
07222;20110902030000;101110;40;3;180;1.500000;288.150000;287.550000;96;10000;11;0;0;0;mq;mq;mq;mq;mq;100800;mq;mq;mq;mq;mq;mq;mq;mq;mq;mq;mq;2.100000;-10;mq;mq;mq;mq;0.000000;0.000000;mq;mq;mq;710.000000;1102.000000;mq;mq;mq;mq;mq;mq;mq;mq;mq;mq;mq;mq;mq;mq;
07240;20110902030000;101160;10;3;130;2.100000;289.450000;288.950000;97;200;46;mq;mq;0;mq;mq;mq;mq;mq;99840;mq;mq;mq;mq;mq;mq;mq;mq;mq;mq;mq;2.600000;-10;mq;mq;0.000000;-30;0.000000;0.000000;mq;mq;mq;710.000000;1103.000000;3100.000000;mq;mq;mq;mq;mq;mq;mq;mq;mq;mq;mq;mq;mq;
07255;20110902030000;101200;60;3;120;1.000000;290.150000;289.850000;98;6000;0;mq;mq;mq;mq;mq;mq;mq;mq;99260;mq;mq;mq;mq;mq;mq;mq;mq;mq;mq;mq;1.500000;-10;mq;mq;mq;mq;0.000000;0.000000;mq;mq;mq;710.000000;1102.000000;mq;mq;mq;mq;mq;mq;mq;mq;mq;mq;mq;mq;mq;mq;
07280;20110902030000;101230;-30;8;120;1.000000;291.450000;289.250000;87;40000;0;mq;mq;100;mq;mq;mq;mq;mq;98600;mq;mq;mq;mq;mq;mq;mq;mq;mq;mq;mq;1.500000;-10;mq;mq;mq;mq;0.000000;0.000000;mq;mq;mq;710.000000;1102.000000;mq;mq;mq;mq;mq;mq;mq;mq;mq;mq;mq;mq;mq;mq;
07299;20110902030000;101340;-50;5;170;0.500000;289.250000;288.450000;95;25000;0;mq;mq;mq;mq;mq;mq;mq;mq;98160;mq;mq;mq;mq;mq;mq;mq;mq;mq;mq;mq;2.600000;-10;mq;mq;mq;mq;0.000000;0.000000;mq;mq;mq;710.000000;1103.000000;mq;mq;mq;mq;mq;mq;mq;mq;mq;mq;mq;mq;mq;mq;
07314;20110902030000;101160;30;0;170;3.100000;292.450000;291.650000;95;mq;mq;mq;mq;mq;mq;mq;mq;mq;mq;100890;mq;mq;mq;mq;mq;mq;mq;mq;mq;mq;mq;4.100000;-10;mq;mq;mq;mq;0.000000;0.000000;mq;mq;mq;710.000000;1104.000000;mq;mq;mq;mq;mq;mq;mq;mq;mq;mq;mq;mq;mq;mq;
07335;20110902030000;101170;0;5;180;1.500000;289.550000;289.250000;98;15000;0;mq;mq;mq;mq;mq;mq;mq;mq;99760;mq;mq;mq;mq;mq;mq;mq;mq;mq;mq;mq;2.600000;-10;mq;mq;mq;mq;0.000000;0.200000;mq;mq;mq;710.000000;1103.000000;mq;mq;mq;mq;mq;mq;mq;mq;mq;mq;mq;mq;mq;mq;
07434;20110902030000;101250;10;3;150;1.500000;290.650000;289.550000;93;19000;0;mq;mq;mq;mq;mq;mq;mq;mq;96620;mq;mq;mq;mq;mq;mq;mq;mq;mq;mq;mq;2.600000;-10;mq;mq;mq;mq;0.000000;0.000000;mq;mq;mq;710.000000;1103.000000;mq;mq;mq;mq;mq;mq;mq;mq;mq;mq;mq;mq;mq;mq;
07460;20110902030000;101220;-90;6;160;3.100000;290.950000;289.450000;91;30000;1;mq;mq;0;mq;mq;mq;mq;mq;97460;mq;mq;mq;mq;mq;mq;mq;mq;mq;mq;mq;8.200000;-10;mq;mq;0.000000;-30;0.000000;0.000000;mq;mq;mq;710.000000;1108.000000;3100.000000;mq;mq;mq;mq;mq;mq;mq;mq;mq;mq;mq;mq;mq;
07471;20110902030000;mq;-60;6;240;1.000000;285.950000;285.350000;96;18000;0;mq;mq;mq;mq;mq;mq;mq;mq;92010;85000;17530;mq;mq;mq;mq;mq;mq;mq;mq;mq;2.100000;-10;mq;mq;mq;mq;0.000000;0.000000;mq;mq;mq;710.000000;1102.000000;mq;mq;mq;mq;mq;mq;mq;mq;mq;mq;mq;mq;mq;mq;
07481;20110902030000;101250;-40;8;140;5.100000;293.750000;289.350000;76;30000;2;1;1;25;2;3500;30;23;10;98490;mq;mq;mq;mq;mq;mq;mq;mq;mq;mq;mq;6.700000;-10;mq;mq;0.000000;-30;0.000000;0.000000;mq;mq;mq;710.000000;1107.000000;3100.000000;mq;2;3;3600;mq;mq;mq;mq;mq;mq;mq;mq;mq;
07510;20110902030000;101110;-20;8;300;1.000000;293.550000;291.850000;90;20000;2;1;1;90;1;1750;39;28;60;100480;mq;mq;mq;mq;mq;mq;mq;mq;mq;mq;mq;5.700000;-10;mq;mq;0.000000;-30;0.000000;0.000000;mq;mq;mq;710.000000;1106.000000;3100.000000;mq;1;9;1500;7;3;2700;mq;mq;mq;mq;mq;mq;
07535;20110902030000;101330;60;3;190;0.500000;291.550000;289.850000;90;mq;mq;mq;mq;mq;mq;mq;mq;mq;mq;98310;mq;mq;mq;mq;mq;mq;mq;mq;mq;mq;mq;3.100000;-10;mq;mq;mq;mq;0.000000;0.000000;mq;mq;mq;710.000000;1103.000000;mq;mq;mq;mq;mq;mq;mq;mq;mq;mq;mq;mq;mq;mq;
07558;20110902030000;101320;-30;6;130;3.100000;290.950000;289.650000;92;mq;mq;mq;mq;mq;mq;mq;mq;mq;mq;93280;mq;mq;mq;mq;mq;mq;mq;mq;mq;mq;mq;5.100000;-10;mq;mq;mq;mq;0.000000;0.000000;mq;mq;mq;710.000000;1105.000000;mq;mq;mq;mq;mq;mq;mq;mq;mq;mq;mq;mq;mq;mq;
07577;20110902030000;101370;-90;6;0;0.000000;290.550000;289.450000;93;13000;0;mq;mq;mq;mq;mq;mq;mq;mq;100500;mq;mq;mq;mq;mq;mq;mq;mq;mq;mq;mq;0.000000;-10;mq;mq;mq;mq;0.000000;0.000000;mq;mq;mq;710.000000;1100.000000;mq;mq;mq;mq;mq;mq;mq;mq;mq;mq;mq;mq;mq;mq;
07591;20110902030000;mq;10;0;30;4.100000;287.650000;283.250000;75;mq;0;mq;mq;mq;mq;mq;mq;mq;mq;91780;mq;mq;mq;mq;mq;mq;mq;mq;mq;mq;mq;7.200000;-10;mq;mq;mq;mq;0.000000;0.000000;mq;mq;mq;710.000000;1107.000000;mq;mq;mq;mq;mq;mq;mq;mq;mq;mq;mq;mq;mq;mq;
07621;20110902030000;101290;-40;6;330;0.500000;290.250000;288.950000;92;15000;2;mq;mq;90;3;1750;35;27;60;97090;mq;mq;mq;mq;mq;mq;mq;mq;mq;mq;mq;5.100000;-10;mq;mq;0.000000;-30;0.000000;7.000000;mq;mq;mq;710.000000;1105.000000;3100.000000;mq;3;6;1500;5;3;3000;6;3;4200;mq;mq;mq;
07627;20110902030000;101390;300;1;130;0.500000;291.750000;288.050000;79;mq;mq;mq;mq;mq;mq;mq;mq;mq;mq;96680;mq;mq;mq;mq;mq;mq;mq;mq;mq;mq;mq;7.700000;-10;mq;mq;mq;mq;0.000000;0.000000;mq;mq;mq;710.000000;1108.000000;mq;mq;mq;mq;mq;mq;mq;mq;mq;mq;mq;mq;mq;mq;
07630;20110902030000;101290;160;1;160;2.600000;295.550000;292.750000;84;15000;1;6;2;100;7;450;36;61;60;99570;mq;mq;mq;mq;mq;mq;mq;mq;mq;mq;mq;5.100000;-10;mq;mq;mq;mq;0.000000;0.000000;mq;mq;mq;710.000000;1105.000000;mq;mq;7;7;480;mq;mq;mq;mq;mq;mq;mq;mq;mq;
07643;20110902030000;101310;-60;8;20;2.600000;294.050000;291.950000;88;20000;0;mq;mq;90;5;450;35;23;60;101220;mq;mq;mq;mq;mq;mq;mq;mq;mq;mq;mq;4.100000;-10;mq;mq;mq;mq;0.000000;0.000000;mq;mq;mq;710.000000;1104.000000;mq;mq;2;6;390;5;6;990;mq;mq;mq;mq;mq;mq;
07650;20110902030000;101250;-90;8;110;3.100000;296.350000;288.950000;63;25000;2;1;1;40;2;3500;30;23;12;100880;mq;mq;mq;mq;mq;mq;mq;mq;mq;mq;mq;6.200000;-10;mq;mq;0.000000;-30;0.000000;0.000000;mq;mq;mq;710.000000;1106.000000;3100.000000;mq;2;3;4500;3;0;7800;mq;mq;mq;mq;mq;mq;
07661;20110902030000;101230;-140;8;110;8.700000;294.350000;289.350000;73;20000;2;1;1;25;2;3500;30;22;10;99680;mq;mq;mq;mq;mq;mq;mq;mq;mq;mq;mq;10.800000;-10;mq;mq;mq;mq;0.000000;0.000000;mq;mq;mq;710.000000;1111.000000;mq;mq;2;3;2400;mq;mq;mq;mq;mq;mq;mq;mq;mq;
07690;20110902030000;101410;-40;8;340;1.000000;296.750000;287.750000;57;30000;2;1;1;90;0;mq;30;20;12;101090;mq;mq;mq;mq;mq;mq;mq;mq;mq;mq;mq;3.100000;-10;mq;mq;0.000000;-30;0.000000;0.000000;mq;mq;mq;710.000000;1103.000000;3100.000000;mq;7;0;6000;mq;mq;mq;mq;mq;mq;mq;mq;mq;
07747;20110902030000;101240;-30;5;60;1.500000;295.850000;295.050000;95;6000;0;mq;mq;100;mq;80;mq;mq;mq;100730;mq;mq;mq;mq;mq;mq;mq;mq;mq;mq;mq;2.600000;-10;mq;mq;mq;mq;0.000000;0.000000;mq;mq;mq;710.000000;1103.000000;mq;mq;mq;mq;mq;mq;mq;mq;mq;mq;mq;mq;mq;mq;
07761;20110902030000;101220;-80;8;50;4.100000;293.950000;286.650000;63;20000;2;1;1;0;mq;mq;mq;mq;mq;101110;mq;mq;mq;mq;mq;mq;mq;mq;mq;mq;mq;5.100000;-10;mq;mq;0.000000;-30;0.000000;0.000000;mq;mq;mq;710.000000;1105.000000;3100.000000;mq;mq;mq;mq;mq;mq;mq;mq;mq;mq;mq;mq;mq;
07790;20110902030000;101400;-10;7;220;1.000000;294.050000;292.850000;93;12000;2;1;1;60;3;800;35;23;11;101260;mq;mq;mq;mq;mq;mq;mq;mq;mq;mq;mq;1.500000;-10;mq;mq;0.000000;-30;0.000000;0.000000;mq;mq;mq;710.000000;1102.000000;3100.000000;mq;3;6;720;3;3;3900;mq;mq;mq;mq;mq;mq;
61968;20110902030000;101580;mq;mq;100;1.000000;293.750000;291.350000;86;mq;mq;mq;mq;mq;mq;mq;mq;mq;mq;mq;mq;mq;mq;mq;mq;mq;mq;mq;mq;mq;mq;1.500000;-10;mq;mq;mq;mq;0.000000;0.000000;mq;mq;mq;710.000000;1102.000000;mq;mq;mq;mq;mq;mq;mq;mq;mq;mq;mq;mq;mq;mq;
61970;20110902030000;101800;mq;mq;mq;mq;297.450000;293.750000;80;mq;mq;mq;mq;mq;mq;mq;mq;mq;mq;mq;mq;mq;mq;mq;mq;mq;mq;mq;mq;mq;mq;mq;mq;mq;mq;mq;mq;0.000000;0.000000;mq;mq;mq;mq;mq;mq;mq;mq;mq;mq;mq;mq;mq;mq;mq;mq;mq;mq;mq;
61972;20110902030000;101730;mq;mq;0;0.000000;292.950000;292.750000;99;mq;mq;mq;mq;mq;mq;mq;mq;mq;mq;mq;mq;mq;mq;mq;mq;mq;mq;mq;mq;mq;mq;1.500000;-10;mq;mq;mq;mq;0.000000;0.200000;mq;mq;mq;710.000000;1102.000000;mq;mq;mq;mq;mq;mq;mq;mq;mq;mq;mq;mq;mq;mq;
61976;20110902030000;101760;mq;mq;130;10.300000;296.350000;292.550000;79;mq;mq;mq;mq;mq;mq;mq;mq;mq;mq;101610;mq;mq;mq;mq;mq;mq;mq;mq;mq;mq;mq;mq;mq;mq;mq;mq;mq;mq;mq;mq;mq;mq;mq;mq;mq;mq;mq;mq;mq;mq;mq;mq;mq;mq;mq;mq;mq;mq;
61980;20110902030000;102120;mq;mq;120;7.200000;292.850000;288.250000;75;10000;1;8;1;25;2;800;38;20;10;mq;mq;mq;mq;mq;mq;mq;mq;mq;mq;mq;mq;11.300000;-10;mq;mq;mq;mq;0.000000;2.000000;mq;mq;mq;710.000000;1111.000000;2427.000000;mq;2;8;630;mq;mq;mq;mq;mq;mq;mq;mq;mq;
61996;20110902030000;mq;mq;mq;280;13.400000;285.550000;mq;mq;mq;mq;mq;mq;mq;mq;mq;mq;mq;mq;mq;mq;mq;mq;mq;mq;mq;mq;mq;mq;mq;mq;19.000000;-10;mq;mq;mq;mq;0.000000;0.000000;mq;mq;mq;710.000000;1119.000000;mq;mq;mq;mq;mq;mq;mq;mq;mq;mq;mq;mq;mq;mq;
61997;20110902030000;101480;mq;mq;20;4.100000;275.450000;271.850000;77;mq;mq;mq;mq;mq;mq;mq;mq;mq;mq;mq;mq;mq;1650;mq;mq;mq;mq;mq;mq;mq;mq;mq;mq;mq;mq;mq;mq;mq;0.000000;mq;mq;mq;mq;mq;mq;mq;mq;mq;mq;mq;mq;mq;mq;mq;mq;mq;mq;mq;
61998;20110902030000;100350;mq;mq;250;12.300000;273.450000;272.450000;93;15000;26;8;2;75;6;450;38;20;10;mq;mq;mq;1060;mq;mq;mq;mq;mq;mq;mq;mq;21.600000;-10;mq;mq;mq;mq;0.000000;0.000000;mq;mq;mq;710.000000;1122.000000;mq;mq;3;8;480;4;6;690;mq;mq;mq;mq;mq;mq;
67005;20110902030000;101630;mq;mq;220;2.100000;296.650000;293.950000;85;20000;2;1;1;40;2;800;38;20;11;mq;mq;mq;mq;mq;mq;mq;mq;mq;mq;mq;mq;4.600000;-10;mq;mq;mq;mq;0.000000;0.000000;mq;mq;mq;710.000000;1105.000000;mq;mq;2;8;600;mq;mq;mq;mq;mq;mq;mq;mq;mq;
71805;20110902030000;102470;10;0;0;0.000000;286.150000;284.750000;91;60000;0;mq;mq;mq;mq;mq;mq;mq;mq;102380;mq;mq;mq;mq;mq;mq;mq;mq;mq;mq;mq;1.000000;-10;mq;mq;mq;mq;0.000000;0.000000;mq;mq;mq;710.000000;1101.000000;mq;mq;mq;mq;mq;mq;mq;mq;mq;mq;mq;mq;mq;mq;
78897;20110902030000;101510;30;0;110;1.000000;298.650000;296.750000;89;40000;2;1;1;25;2;800;32;23;10;mq;mq;mq;mq;mq;mq;mq;mq;mq;mq;mq;mq;mq;mq;mq;mq;mq;mq;mq;mq;mq;mq;mq;mq;mq;mq;mq;2;8;630;mq;mq;mq;mq;mq;mq;mq;mq;mq;
78922;20110902030000;101480;40;0;90;3.100000;301.050000;296.650000;77;mq;mq;mq;mq;mq;mq;mq;mq;mq;mq;101040;mq;mq;mq;mq;mq;mq;mq;mq;mq;mq;mq;mq;mq;mq;mq;mq;mq;mq;mq;mq;mq;mq;mq;mq;mq;mq;mq;mq;mq;mq;mq;mq;mq;mq;mq;mq;mq;mq;
78925;20110902030000;101490;10;0;0;0.000000;298.550000;297.850000;96;25000;2;1;1;25;2;800;31;20;10;mq;mq;mq;mq;mq;mq;mq;mq;mq;mq;mq;mq;mq;mq;mq;mq;mq;mq;mq;mq;mq;mq;mq;mq;mq;mq;mq;2;8;750;mq;mq;mq;mq;mq;mq;mq;mq;mq;
81401;20110902030000;101390;mq;mq;0;0.000000;296.750000;295.050000;90;mq;mq;mq;mq;mq;mq;mq;mq;mq;mq;101330;mq;mq;mq;mq;mq;mq;mq;mq;mq;mq;mq;mq;mq;mq;mq;mq;mq;mq;0.000000;mq;mq;mq;mq;mq;mq;mq;mq;mq;mq;mq;mq;mq;mq;mq;mq;mq;mq;mq;
81405;20110902030000;101470;mq;mq;140;1.000000;296.350000;294.750000;91;35000;0;mq;mq;mq;mq;mq;mq;mq;mq;101380;mq;mq;mq;mq;mq;mq;mq;mq;mq;mq;mq;mq;mq;mq;mq;mq;mq;mq;0.000000;mq;mq;mq;mq;mq;mq;mq;mq;mq;mq;mq;mq;mq;mq;mq;mq;mq;mq;mq;
81408;20110902030000;101470;mq;mq;0;0.000000;295.550000;294.850000;96;mq;mq;mq;mq;mq;mq;mq;mq;mq;mq;101390;mq;mq;mq;mq;mq;mq;mq;mq;mq;mq;mq;mq;mq;mq;mq;mq;mq;mq;0.000000;mq;mq;mq;mq;mq;mq;mq;mq;mq;mq;mq;mq;mq;mq;mq;mq;mq;mq;mq;
81415;20110902030000;101440;mq;mq;0;0.000000;296.850000;296.150000;96;mq;mq;mq;mq;mq;mq;mq;mq;mq;mq;100230;mq;mq;mq;mq;mq;mq;mq;mq;mq;mq;mq;mq;mq;mq;mq;mq;mq;mq;0.000000;mq;mq;mq;mq;mq;mq;mq;mq;mq;mq;mq;mq;mq;mq;mq;mq;mq;mq;mq;
89642;20110902030000;99830;30;1;180;3.600000;259.450000;248.750000;36;40000;2;1;1;10;0;8000;30;20;11;99270;mq;mq;mq;mq;mq;mq;mq;mq;mq;mq;mq;mq;mq;mq;mq;mq;mq;mq;mq;mq;mq;mq;mq;mq;mq;mq;1;0;6000;mq;mq;mq;mq;mq;mq;mq;mq;mq;
07005;20110902060000;101180;40;3;130;2.100000;289.050000;287.750000;92;6000;2;1;1;25;0;8000;30;20;11;100310;mq;mq;mq;288.350000;mq;293.750000;mq;287.150000;mq;mq;mq;3.600000;-10;0;0.000000;mq;mq;0.000000;0.000000;mq;0.000000;0.000000;710.000000;1104.000000;mq;mq;2;0;7500;mq;mq;mq;mq;mq;mq;mq;mq;mq;
07015;20110902060000;101170;10;3;100;0.500000;287.150000;285.750000;91;4000;10;mq;mq;50;4;3500;30;23;10;100610;mq;mq;mq;286.650000;mq;293.150000;mq;286.150000;mq;mq;mq;1.500000;-10;0;0.000000;0.000000;-60;0.000000;0.000000;mq;0.000000;0.000000;710.000000;1102.000000;3100.000000;mq;4;3;3600;mq;mq;mq;mq;mq;mq;mq;mq;mq;
07020;20110902060000;101220;80;3;230;3.600000;289.750000;288.950000;95;4900;10;1;1;75;2;2250;30;23;11;100960;mq;mq;mq;287.950000;mq;291.050000;mq;mq;mq;mq;mq;5.100000;-10;mq;mq;mq;mq;0.000000;0.000000;mq;0.000000;0.000000;710.000000;1105.000000;mq;mq;2;3;1800;5;0;4800;mq;mq;mq;mq;mq;mq;
07027;20110902060000;101180;50;3;210;1.000000;288.550000;288.250000;98;7000;2;1;1;10;0;8000;30;20;11;100390;mq;mq;mq;287.450000;mq;296.350000;mq;285.150000;mq;mq;mq;2.600000;-10;0;0.000000;0.000000;-60;0.200000;0.200000;mq;0.200000;0.200000;710.000000;1103.000000;3100.000000;mq;1;0;7800;mq;mq;mq;mq;mq;mq;mq;mq;mq;
07037;20110902060000;101220;60;1;140;1.500000;288.750000;288.750000;100;400;44;4;0;10;1;3500;30;23;11;99430;mq;mq;mq;287.650000;mq;295.150000;mq;283.150000;mq;mq;mq;2.100000;-10;0;0.000000;0.000000;-60;0.000000;0.000000;mq;0.000000;0.000000;710.000000;1102.000000;3100.000000;mq;1;3;3600;mq;mq;mq;mq;mq;mq;mq;mq;mq;
07110;20110902060000;101230;60;3;0;0.000000;284.850000;284.550000;98;1000;11;1;1;60;2;150;36;23;11;100090;mq;mq;mq;284.350000;mq;293.350000;mq;281.150000;mq;mq;mq;1.500000;-10;0;0.000000;0.000000;-60;0.000000;0.000000;mq;0.000000;0.000000;710.000000;1102.000000;3100.000000;mq;2;7;120;3;3;3000;mq;mq;mq;mq;mq;mq;
07117;20110902060000;101190;30;3;250;2.600000;287.650000;287.050000;96;3000;2;1;1;60;5;450;36;25;10;100500;mq;mq;mq;287.350000;mq;291.650000;mq;mq;mq;mq;mq;3.100000;-10;mq;mq;mq;mq;0.000000;0.200000;mq;0.200000;mq;710.000000;1103.000000;2425.000000;mq;mq;mq;mq;mq;mq;mq;mq;mq;mq;mq;mq;mq;
07130;20110902060000;101210;90;2;220;0.500000;287.450000;287.250000;99;1200;45;mq;mq;75;mq;1250;mq;mq;mq;100700;mq;mq;mq;287.150000;mq;297.550000;mq;283.150000;mq;mq;mq;1.500000;-10;0;0.000000;mq;mq;0.000000;0.000000;mq;0.000000;0.000000;710.000000;1102.000000;mq;mq;mq;mq;mq;mq;mq;mq;mq;mq;mq;mq;mq;mq;
07139;20110902060000;101270;80;3;0;0.000000;286.750000;mq;mq;600;42;4;1;50;0;8000;30;20;12;99560;mq;mq;mq;286.350000;mq;296.150000;mq;284.150000;mq;mq;mq;1.000000;-10;1;0.000000;0.000000;-60;0.000000;0.000000;mq;0.000000;0.000000;710.000000;1101.000000;3100.000000;mq;4;0;6900;mq;mq;mq;mq;mq;mq;mq;mq;mq;
07149;20110902060000;101270;110;2;260;1.000000;288.850000;288.550000;98;12000;2;1;1;10;1;2250;35;20;10;100210;mq;mq;mq;287.950000;mq;294.350000;mq;284.150000;mq;mq;mq;1.500000;-10;0;0.000000;0.000000;-60;0.000000;0.000000;mq;0.000000;0.000000;710.000000;1102.000000;3100.000000;mq;1;6;1800;mq;mq;mq;mq;mq;mq;mq;mq;mq;
07168;20110902060000;101270;80;2;0;0.000000;288.450000;287.850000;96;6000;12;1;1;60;5;3500;30;28;10;99880;mq;mq;mq;287.950000;mq;295.150000;mq;286.150000;mq;mq;mq;2.100000;-10;0;0.000000;0.000000;-60;0.000000;0.000000;mq;0.000000;0.000000;710.000000;1102.000000;3100.000000;mq;5;3;2400;mq;mq;mq;mq;mq;mq;mq;mq;mq;
07181;20110902060000;101300;10;3;160;1.500000;290.050000;289.250000;95;14000;0;mq;mq;100;mq;mq;mq;mq;mq;97330;mq;mq;mq;288.550000;mq;294.850000;mq;285.150000;mq;mq;mq;2.600000;-10;mq;mq;mq;mq;0.000000;0.000000;mq;0.000000;0.000000;710.000000;1103.000000;mq;mq;mq;mq;mq;mq;mq;mq;mq;mq;mq;mq;mq;mq;
07190;20110902060000;101410;60;3;240;1.000000;288.650000;287.650000;94;5000;0;mq;mq;100;mq;mq;mq;mq;mq;99630;mq;mq;mq;287.750000;mq;295.250000;mq;286.150000;mq;mq;mq;2.100000;-10;1;0.000000;mq;mq;0.000000;0.000000;mq;2.000000;1.600000;710.000000;1102.000000;mq;mq;mq;mq;mq;mq;mq;mq;mq;mq;mq;mq;mq;mq;
07207;20110902060000;mq;mq;mq;0;0.000000;289.650000;288.850000;95;10000;11;0;0;10;0;8000;30;20;14;mq;mq;mq;mq;289.250000;mq;294.050000;mq;mq;mq;mq;mq;2.100000;-10;mq;mq;mq;mq;0.200000;0.200000;mq;0.400000;mq;710.000000;1102.000000;2417.000000;mq;mq;mq;mq;mq;mq;mq;mq;mq;mq;mq;mq;mq;
07222;20110902060000;101170;60;1;360;0.500000;288.150000;287.850000;98;6000;11;0;0;10;0;8000;30;20;11;100860;mq;mq;mq;287.650000;mq;298.250000;mq;283.150000;mq;mq;mq;1.000000;-10;0;0.000000;mq;mq;0.000000;0.000000;mq;0.000000;0.000000;710.000000;1101.000000;mq;mq;1;0;7800;mq;mq;mq;mq;mq;mq;mq;mq;mq;
07240;20110902060000;101250;90;3;10;1.000000;289.950000;289.750000;99;8000;28;mq;mq;10;1;30;36;20;11;99930;mq;mq;mq;287.950000;mq;296.950000;mq;286.150000;mq;mq;mq;2.100000;-10;0;0.000000;0.000000;-60;0.200000;0.200000;mq;0.200000;0.200000;710.000000;1102.000000;3100.000000;mq;1;7;30;mq;mq;mq;mq;mq;mq;mq;mq;mq;
07255;20110902060000;101400;190;3;170;2.600000;289.650000;289.050000;96;6000;2;1;1;40;2;3500;30;28;12;99450;mq;mq;mq;288.850000;mq;296.150000;mq;287.150000;mq;mq;mq;4.100000;-10;1;0.000000;0.000000;-60;0.000000;0.000000;mq;0.400000;6.300000;710.000000;1104.000000;3100.000000;mq;2;3;3000;3;0;7500;mq;mq;mq;mq;mq;mq;
07280;20110902060000;101330;90;1;170;1.000000;290.650000;289.650000;94;19000;0;mq;mq;mq;mq;mq;mq;mq;mq;98690;mq;mq;mq;290.050000;mq;297.050000;mq;287.150000;mq;mq;mq;2.100000;-10;0;0.000000;mq;mq;0.000000;0.000000;mq;0.000000;0.000000;710.000000;1102.000000;mq;mq;mq;mq;mq;mq;mq;mq;mq;mq;mq;mq;mq;mq;
07299;20110902060000;101400;70;1;0;0.000000;290.150000;289.550000;96;15000;21;6;2;90;1;1750;35;27;60;98230;mq;mq;mq;289.050000;mq;296.550000;mq;287.150000;mq;mq;mq;2.100000;-10;1;0.000000;0.000000;-60;0.000000;0.000000;mq;0.000000;0.000000;710.000000;1102.000000;3100.000000;mq;1;6;1500;7;3;3600;mq;mq;mq;mq;mq;mq;
07314;20110902060000;101200;40;3;10;1.500000;292.950000;292.450000;97;mq;mq;mq;mq;mq;mq;mq;mq;mq;mq;100930;mq;mq;mq;292.050000;mq;297.850000;mq;mq;mq;mq;mq;2.100000;-10;mq;mq;mq;mq;0.000000;0.200000;mq;0.200000;0.200000;710.000000;1102.000000;mq;mq;mq;mq;mq;mq;mq;mq;mq;mq;mq;mq;mq;mq;
07335;20110902060000;101280;110;3;180;1.500000;289.550000;289.250000;98;15000;3;4;0;25;0;mq;30;20;12;99870;mq;mq;mq;288.550000;mq;297.150000;mq;286.150000;mq;mq;mq;2.600000;-10;1;0.000000;mq;mq;0.000000;0.000000;mq;0.800000;1.600000;710.000000;1103.000000;mq;mq;2;0;9000;mq;mq;mq;mq;mq;mq;mq;mq;mq;
07434;20110902060000;101340;90;1;100;1.000000;290.850000;289.750000;93;15000;2;1;1;60;5;450;35;20;10;96710;mq;mq;mq;289.650000;mq;296.950000;mq;288.150000;mq;mq;mq;2.600000;-10;2;0.000000;0.000000;-60;0.000000;0.000000;mq;22.000000;22.300000;710.000000;1103.000000;3100.000000;mq;5;6;420;mq;mq;mq;mq;mq;mq;mq;mq;mq;
07460;20110902060000;101360;130;3;240;1.000000;290.850000;288.250000;85;40000;3;mq;mq;90;1;3500;30;23;11;97590;mq;mq;mq;290.250000;mq;293.450000;mq;289.150000;mq;mq;mq;5.100000;-10;1;0.000000;0.000000;-60;0.000000;0.000000;mq;0.000000;31.800000;710.000000;1105.000000;3100.000000;mq;1;3;3600;7;0;7800;mq;mq;mq;mq;mq;mq;
07471;20110902060000;mq;60;3;0;0.000000;286.450000;285.950000;97;40000;2;1;1;90;5;3500;30;23;12;92070;85000;17590;mq;285.750000;mq;292.950000;mq;283.150000;mq;mq;mq;1.500000;-10;1;0.000000;0.000000;-60;0.000000;0.000000;mq;0.000000;0.000000;710.000000;1102.000000;3100.000000;mq;5;3;3300;4;0;7500;mq;mq;mq;mq;mq;mq;
07481;20110902060000;101320;70;3;140;4.600000;294.050000;289.650000;76;30000;2;1;1;60;2;3500;30;23;11;98560;mq;mq;mq;293.350000;mq;299.050000;mq;292.150000;mq;mq;mq;7.200000;-10;1;0.000000;0.000000;-60;0.000000;0.000000;mq;0.200000;0.200000;710.000000;1107.000000;3100.000000;mq;2;3;3000;4;0;7800;mq;mq;mq;mq;mq;mq;
07510;20110902060000;101190;80;3;0;0.000000;292.350000;291.650000;96;14000;0;mq;mq;mq;mq;mq;mq;mq;mq;100560;mq;mq;mq;292.250000;mq;298.750000;mq;290.150000;mq;mq;mq;3.100000;-10;0;0.000000;mq;mq;0.000000;0.000000;mq;0.000000;0.400000;710.000000;1103.000000;mq;mq;mq;mq;mq;mq;mq;mq;mq;mq;mq;mq;mq;mq;
07535;20110902060000;101320;0;4;110;2.100000;292.550000;290.850000;90;10000;21;6;2;100;5;800;35;28;60;98310;mq;mq;mq;291.350000;mq;298.350000;mq;290.150000;mq;mq;mq;4.100000;-10;0;0.000000;0.000000;-60;0.000000;0.000000;mq;0.200000;0.200000;710.000000;1104.000000;3100.000000;mq;6;6;690;8;3;1800;mq;mq;mq;mq;mq;mq;
07558;20110902060000;101470;130;1;90;1.500000;290.950000;289.650000;92;15000;2;1;1;90;5;450;33;61;60;93410;mq;mq;mq;289.750000;mq;293.550000;mq;288.150000;mq;mq;mq;2.600000;-10;0;0.000000;0.000000;-60;0.000000;0.000000;mq;0.000000;0.000000;710.000000;1103.000000;3100.000000;mq;2;6;390;5;6;480;5;3;3000;mq;mq;mq;
07577;20110902060000;101450;80;3;0;0.000000;290.650000;289.850000;95;30000;2;1;1;90;1;1750;35;27;60;100580;mq;mq;mq;290.050000;mq;298.950000;mq;288.150000;mq;mq;mq;1.500000;-10;0;0.000000;0.000000;-60;0.000000;0.000000;mq;0.000000;0.000000;710.000000;1102.000000;3100.000000;mq;2;6;1800;7;3;3000;mq;mq;mq;mq;mq;mq;
07591;20110902060000;mq;30;2;20;5.700000;288.850000;282.550000;66;mq;0;mq;mq;mq;mq;mq;mq;mq;mq;91810;mq;mq;mq;286.950000;mq;296.750000;mq;285.150000;mq;mq;mq;9.300000;-10;mq;mq;mq;mq;0.000000;0.000000;mq;0.000000;0.000000;710.000000;1109.000000;mq;mq;mq;mq;mq;mq;mq;mq;mq;mq;mq;mq;mq;mq;
07621;20110902060000;101290;0;5;160;2.600000;290.150000;289.550000;96;30000;1;mq;mq;40;2;3500;30;23;12;97090;mq;mq;mq;288.650000;mq;299.450000;mq;286.150000;mq;mq;mq;3.600000;-10;1;0.000000;0.000000;-60;0.000000;0.200000;mq;8.000000;7.600000;710.000000;1104.000000;3100.000000;mq;2;3;3000;mq;mq;mq;mq;mq;mq;mq;mq;mq;
07627;20110902060000;101360;-40;6;150;3.100000;290.950000;287.650000;81;40000;2;1;1;40;1;3500;30;23;12;96640;mq;mq;mq;289.250000;mq;299.050000;mq;286.150000;mq;mq;mq;5.100000;-10;0;0.000000;mq;mq;0.000000;0.000000;mq;0.000000;0.000000;710.000000;1105.000000;mq;mq;1;3;3900;3;0;6000;mq;mq;mq;mq;mq;mq;
07630;20110902060000;101350;50;3;90;2.600000;294.750000;290.950000;79;20000;1;6;2;100;7;450;35;61;60;99620;mq;mq;mq;294.750000;mq;299.150000;mq;294.150000;mq;mq;mq;4.100000;-10;0;0.000000;mq;mq;0.000000;0.000000;mq;0.000000;0.000000;710.000000;1104.000000;mq;mq;3;6;390;6;6;750;mq;mq;mq;mq;mq;mq;
07643;20110902060000;101470;160;3;320;1.500000;294.150000;292.050000;88;15000;1;mq;mq;90;2;1250;35;23;11;101380;mq;mq;mq;293.650000;mq;296.450000;mq;293.150000;mq;mq;mq;3.100000;-10;0;0.000000;mq;mq;0.000000;0.000000;mq;0.000000;0.000000;710.000000;1103.000000;mq;mq;2;6;990;3;0;6900;mq;mq;mq;mq;mq;mq;
07650;20110902060000;101350;100;1;150;0.500000;294.250000;289.450000;74;25000;2;1;1;50;1;3500;30;23;12;100980;mq;mq;mq;293.850000;mq;299.750000;mq;291.150000;mq;mq;mq;1.500000;-10;0;0.000000;0.000000;-60;0.000000;0.000000;mq;0.000000;0.000000;710.000000;1102.000000;3100.000000;mq;1;3;3600;4;0;6300;mq;mq;mq;mq;mq;mq;
07661;20110902060000;101320;100;0;110;7.200000;295.250000;290.350000;74;mq;mq;mq;mq;mq;mq;mq;mq;mq;mq;99780;mq;mq;mq;294.350000;mq;296.950000;mq;mq;mq;mq;mq;9.300000;-10;mq;mq;mq;mq;0.000000;0.000000;mq;0.000000;0.000000;710.000000;1109.000000;mq;mq;mq;mq;mq;mq;mq;mq;mq;mq;mq;mq;mq;mq;
07690;20110902060000;101470;60;3;340;3.100000;296.750000;287.750000;57;30000;2;1;1;60;1;450;35;23;10;101150;mq;mq;mq;295.250000;mq;297.650000;mq;293.150000;mq;mq;mq;4.100000;-10;0;0.000000;0.000000;-60;0.000000;0.000000;mq;0.000000;0.000000;710.000000;1104.000000;3100.000000;mq;1;6;540;5;3;3900;mq;mq;mq;mq;mq;mq;
07747;20110902060000;101360;120;1;50;1.000000;295.850000;295.050000;95;6000;2;1;1;100;7;150;36;61;60;100850;mq;mq;mq;295.750000;mq;297.250000;mq;295.150000;mq;mq;mq;3.100000;-10;0;0.000000;0.000000;-60;0.000000;0.000000;mq;0.000000;0.000000;710.000000;1103.000000;3100.000000;mq;7;7;150;mq;mq;mq;mq;mq;mq;mq;mq;mq;
07761;20110902060000;101280;70;0;50;4.100000;295.550000;286.350000;56;20000;2;1;1;40;0;8000;30;20;11;101180;mq;mq;mq;292.950000;mq;300.250000;mq;293.150000;mq;mq;mq;5.700000;-10;0;0.000000;0.000000;-60;0.000000;0.000000;mq;0.000000;0.000000;710.000000;1106.000000;3100.000000;mq;3;0;6900;mq;mq;mq;mq;mq;mq;mq;mq;mq;
07790;20110902060000;101420;20;0;210;1.000000;295.050000;293.350000;90;12000;2;1;1;90;5;450;35;20;12;101280;mq;mq;mq;293.950000;mq;298.650000;mq;292.150000;mq;mq;mq;1.500000;-10;0;0.000000;0.000000;-60;0.000000;0.000000;mq;0.000000;0.000000;710.000000;1102.000000;3100.000000;mq;4;6;360;5;6;840;6;0;6900;mq;mq;mq;
61968;20110902060000;101670;mq;mq;150;1.500000;300.150000;292.250000;62;mq;mq;mq;mq;mq;mq;mq;mq;mq;mq;mq;mq;mq;mq;292.950000;mq;mq;mq;mq;mq;mq;mq;4.600000;-10;mq;mq;mq;mq;0.000000;mq;mq;mq;0.000000;710.000000;1105.000000;mq;mq;mq;mq;mq;mq;mq;mq;mq;mq;mq;mq;mq;mq;
61970;20110902060000;101890;mq;mq;mq;mq;300.950000;293.750000;65;mq;mq;mq;mq;mq;mq;mq;mq;mq;mq;mq;mq;mq;mq;296.950000;mq;mq;mq;mq;mq;mq;mq;mq;mq;mq;mq;mq;mq;0.000000;mq;mq;mq;0.000000;mq;mq;mq;mq;mq;mq;mq;mq;mq;mq;mq;mq;mq;mq;mq;mq;
61972;20110902060000;101820;mq;mq;70;2.100000;297.250000;294.750000;86;mq;mq;mq;mq;mq;mq;mq;mq;mq;mq;mq;mq;mq;mq;290.850000;mq;mq;mq;mq;mq;mq;mq;4.600000;-10;mq;mq;mq;mq;0.000000;mq;mq;mq;0.200000;710.000000;1105.000000;mq;mq;mq;mq;mq;mq;mq;mq;mq;mq;mq;mq;mq;mq;
61976;20110902060000;101870;mq;mq;120;9.300000;298.950000;292.850000;69;mq;mq;mq;mq;mq;mq;mq;mq;mq;mq;101720;mq;mq;mq;mq;mq;mq;mq;mq;mq;mq;mq;mq;mq;mq;mq;mq;mq;mq;mq;mq;mq;mq;mq;mq;mq;mq;mq;mq;mq;mq;mq;mq;mq;mq;mq;mq;mq;mq;
61980;20110902060000;102200;mq;mq;110;9.800000;297.250000;288.150000;57;10000;2;1;1;25;2;800;38;20;10;mq;mq;mq;mq;291.850000;mq;mq;mq;290.150000;mq;mq;mq;13.900000;-10;mq;mq;mq;mq;0.000000;mq;mq;mq;2.000000;710.000000;1114.000000;2437.000000;mq;2;8;780;mq;mq;mq;mq;mq;mq;mq;mq;mq;
61996;20110902060000;mq;mq;mq;280;12.900000;285.950000;mq;mq;mq;mq;mq;mq;mq;mq;mq;mq;mq;mq;mq;mq;mq;mq;283.050000;mq;mq;mq;282.150000;mq;mq;mq;18.500000;-10;mq;mq;mq;mq;0.000000;mq;mq;mq;0.200000;710.000000;1119.000000;mq;mq;mq;mq;mq;mq;mq;mq;mq;mq;mq;mq;mq;mq;
61997;20110902060000;101290;mq;mq;350;6.200000;277.050000;274.250000;82;mq;mq;mq;mq;mq;mq;mq;mq;mq;mq;mq;mq;mq;mq;274.550000;mq;mq;mq;273.150000;mq;mq;mq;mq;mq;mq;mq;mq;mq;mq;mq;mq;mq;0.400000;mq;mq;mq;mq;mq;mq;mq;mq;mq;mq;mq;mq;mq;mq;mq;mq;
61998;20110902060000;100540;mq;mq;270;14.900000;277.150000;269.350000;57;15000;1;8;1;50;4;450;38;20;10;mq;mq;mq;mq;273.250000;mq;mq;mq;323.150000;mq;mq;mq;22.100000;-10;mq;mq;mq;mq;0.000000;mq;mq;mq;0.000000;710.000000;1122.000000;mq;mq;1;8;480;4;6;900;mq;mq;mq;mq;mq;mq;
67005;20110902060000;101740;mq;mq;160;3.600000;300.050000;290.550000;56;20000;2;1;1;40;2;800;38;20;11;mq;mq;mq;mq;294.750000;mq;mq;mq;292.150000;mq;mq;mq;5.700000;-10;mq;mq;mq;mq;0.000000;mq;mq;mq;0.000000;710.000000;1106.000000;mq;mq;2;8;660;mq;mq;mq;mq;mq;mq;mq;mq;mq;
71805;20110902060000;102430;-40;6;90;2.100000;286.150000;285.650000;97;500;45;mq;mq;mq;mq;80;mq;mq;mq;102340;mq;mq;mq;mq;285.350000;mq;293.150000;279.150000;mq;mq;mq;3.600000;-10;mq;mq;mq;mq;0.000000;0.000000;mq;0.000000;0.200000;710.000000;1104.000000;mq;mq;mq;mq;mq;mq;mq;mq;mq;mq;mq;mq;mq;mq;
78897;20110902060000;101400;-110;7;110;0.500000;297.750000;296.350000;92;40000;2;1;1;25;2;800;32;23;10;mq;mq;mq;mq;mq;296.650000;mq;305.350000;275.150000;mq;mq;mq;mq;mq;mq;mq;mq;mq;mq;mq;0.000000;mq;0.200000;mq;mq;mq;mq;2;8;630;mq;mq;mq;mq;mq;mq;mq;mq;mq;
78922;20110902060000;101360;-120;8;350;0.500000;299.750000;295.850000;79;mq;mq;mq;mq;mq;mq;mq;mq;mq;mq;100920;mq;mq;mq;mq;mq;mq;mq;mq;mq;mq;mq;mq;mq;mq;mq;mq;mq;mq;mq;mq;mq;mq;mq;mq;mq;mq;mq;mq;mq;mq;mq;mq;mq;mq;mq;mq;mq;mq;
78925;20110902060000;101380;-110;8;100;1.000000;297.250000;296.950000;98;30000;0;mq;mq;mq;mq;mq;mq;mq;mq;mq;mq;mq;mq;mq;297.150000;mq;306.050000;mq;mq;mq;mq;mq;mq;mq;mq;mq;mq;mq;mq;0.000000;mq;56.200000;mq;mq;mq;mq;mq;mq;mq;mq;mq;mq;mq;mq;mq;mq;mq;mq;
81401;20110902060000;101270;mq;mq;0;0.000000;295.350000;294.350000;94;mq;mq;mq;mq;mq;mq;mq;mq;mq;mq;101210;mq;mq;mq;mq;mq;mq;mq;mq;mq;mq;mq;mq;mq;mq;mq;mq;mq;mq;0.000000;0.000000;mq;mq;mq;mq;mq;mq;mq;mq;mq;mq;mq;mq;mq;mq;mq;mq;mq;mq;
81405;20110902060000;101350;mq;mq;0;0.000000;295.150000;294.850000;98;29000;0;mq;mq;mq;mq;mq;mq;mq;mq;101260;mq;mq;mq;mq;mq;mq;mq;293.150000;mq;mq;mq;mq;mq;mq;mq;mq;mq;mq;0.000000;0.000000;mq;mq;mq;mq;mq;mq;mq;mq;mq;mq;mq;mq;mq;mq;mq;mq;mq;mq;
81408;20110902060000;101350;mq;mq;0;0.000000;294.350000;293.850000;97;mq;mq;mq;mq;mq;mq;mq;mq;mq;mq;101270;mq;mq;mq;mq;mq;mq;mq;mq;mq;mq;mq;mq;mq;mq;mq;mq;mq;mq;0.000000;0.000000;mq;mq;mq;mq;mq;mq;mq;mq;mq;mq;mq;mq;mq;mq;mq;mq;mq;mq;
81415;20110902060000;101330;mq;mq;200;1.000000;295.450000;294.950000;97;mq;mq;mq;mq;mq;mq;mq;mq;mq;mq;100110;mq;mq;mq;mq;mq;mq;mq;mq;mq;mq;mq;mq;mq;mq;mq;mq;mq;mq;0.000000;0.000000;mq;mq;mq;mq;mq;mq;mq;mq;mq;mq;mq;mq;mq;mq;mq;mq;mq;mq;
89642;20110902060000;99880;40;3;280;1.000000;257.850000;247.550000;37;40000;2;1;1;40;0;8000;30;20;11;99310;mq;mq;mq;mq;mq;mq;mq;mq;mq;mq;mq;mq;mq;mq;mq;mq;mq;mq;mq;mq;mq;mq;mq;mq;mq;mq;3;0;6000;mq;mq;mq;mq;mq;mq;mq;mq;mq;
07005;20110902090000;101220;60;3;170;1.500000;295.550000;290.850000;75;20000;2;1;1;75;0;8000;30;20;12;100370;mq;mq;mq;mq;mq;mq;mq;mq;mq;mq;mq;3.100000;-10;mq;mq;0.000000;-30;0.000000;0.000000;mq;mq;mq;710.000000;1103.000000;3100.000000;mq;6;0;7500;mq;mq;mq;mq;mq;mq;mq;mq;mq;
07015;20110902090000;101200;50;3;190;3.100000;295.550000;290.050000;71;10000;2;1;1;60;0;8000;30;20;11;100660;mq;mq;mq;mq;mq;mq;mq;mq;mq;mq;mq;4.600000;-10;mq;mq;0.000000;-30;0.000000;0.000000;mq;mq;mq;710.000000;1105.000000;3100.000000;mq;5;0;7800;mq;mq;mq;mq;mq;mq;mq;mq;mq;
07020;20110902090000;101330;110;3;230;2.600000;291.450000;289.950000;91;4900;10;2;2;90;7;2250;30;21;60;101070;mq;mq;mq;mq;mq;mq;mq;mq;mq;mq;mq;4.100000;-10;mq;mq;mq;mq;0.000000;0.200000;mq;mq;mq;710.000000;1104.000000;mq;mq;7;4;1800;mq;mq;mq;mq;mq;mq;mq;mq;mq;
07027;20110902090000;101250;90;2;280;1.500000;295.750000;290.850000;74;12000;2;1;1;50;0;8000;30;20;11;100480;mq;mq;mq;mq;mq;mq;mq;mq;mq;mq;mq;3.100000;-10;mq;mq;0.000000;-30;0.000000;0.000000;mq;mq;mq;710.000000;1103.000000;3100.000000;mq;4;0;7800;mq;mq;mq;mq;mq;mq;mq;mq;mq;
07037;20110902090000;101250;70;1;160;1.500000;295.050000;291.050000;78;10000;1;4;0;0;mq;mq;mq;mq;mq;99500;mq;mq;mq;mq;mq;mq;mq;mq;mq;mq;mq;3.100000;-10;mq;mq;0.000000;-30;0.000000;0.000000;mq;mq;mq;710.000000;1103.000000;3100.000000;mq;mq;mq;mq;mq;mq;mq;mq;mq;mq;mq;mq;mq;
07110;20110902090000;101260;70;1;190;1.500000;293.250000;290.050000;82;10000;2;1;1;60;0;8000;30;20;11;100160;mq;mq;mq;mq;mq;mq;mq;mq;mq;mq;mq;2.600000;-10;mq;mq;0.000000;-30;0.000000;0.000000;mq;mq;mq;710.000000;1103.000000;3100.000000;mq;5;0;7800;mq;mq;mq;mq;mq;mq;mq;mq;mq;
07117;20110902090000;101290;110;1;290;1.000000;291.350000;288.450000;83;6000;2;1;1;60;5;2250;30;23;17;100610;mq;mq;mq;mq;mq;mq;mq;mq;mq;mq;mq;2.600000;-10;mq;mq;mq;mq;0.000000;0.000000;mq;mq;mq;710.000000;1103.000000;2426.000000;mq;mq;mq;mq;mq;mq;mq;mq;mq;mq;mq;mq;mq;
07130;20110902090000;101260;mq;mq;180;1.000000;295.050000;291.050000;78;7000;0;mq;mq;mq;mq;mq;mq;mq;mq;100760;mq;mq;mq;mq;mq;mq;mq;mq;mq;mq;mq;mq;mq;mq;mq;mq;mq;mq;mq;mq;mq;mq;mq;mq;mq;mq;mq;mq;mq;mq;mq;mq;mq;mq;mq;mq;mq;mq;
07139;20110902090000;101270;40;2;80;1.000000;293.450000;291.250000;87;12000;1;4;0;50;1;800;31;20;12;99600;mq;mq;mq;mq;mq;mq;mq;mq;mq;mq;mq;1.500000;-10;mq;mq;0.000000;-30;0.000000;0.200000;mq;mq;mq;710.000000;1102.000000;3100.000000;mq;1;8;600;4;0;6900;mq;mq;mq;mq;mq;mq;
07149;20110902090000;101290;50;3;270;2.100000;296.650000;291.350000;72;25000;2;1;1;25;0;8000;30;20;11;100260;mq;mq;mq;mq;mq;mq;mq;mq;mq;mq;mq;3.600000;-10;mq;mq;0.000000;-30;0.000000;0.000000;mq;mq;mq;710.000000;1104.000000;3100.000000;mq;2;0;7500;mq;mq;mq;mq;mq;mq;mq;mq;mq;
07168;20110902090000;101280;50;1;320;1.500000;297.150000;292.250000;74;20000;2;1;1;10;1;3500;30;23;10;99930;mq;mq;mq;mq;mq;mq;mq;mq;mq;mq;mq;2.600000;-10;mq;mq;0.000000;-30;0.000000;0.200000;mq;mq;mq;710.000000;1103.000000;3100.000000;mq;1;3;3000;mq;mq;mq;mq;mq;mq;mq;mq;mq;
07181;20110902090000;101290;60;3;170;1.500000;294.450000;290.850000;80;45000;0;mq;mq;90;mq;mq;mq;mq;mq;97390;mq;mq;mq;mq;mq;mq;mq;mq;mq;mq;mq;2.600000;-10;mq;mq;mq;mq;0.000000;0.000000;mq;mq;mq;710.000000;1103.000000;mq;mq;mq;mq;mq;mq;mq;mq;mq;mq;mq;mq;mq;mq;
07190;20110902090000;101450;50;3;120;1.000000;290.650000;288.450000;87;9000;0;mq;mq;90;mq;2250;mq;mq;mq;99680;mq;mq;mq;mq;mq;mq;mq;mq;mq;mq;mq;2.600000;-10;mq;mq;mq;mq;0.200000;0.800000;mq;mq;mq;710.000000;1103.000000;mq;mq;mq;mq;mq;mq;mq;mq;mq;mq;mq;mq;mq;mq;
07207;20110902090000;mq;mq;mq;300;3.600000;290.150000;289.350000;95;mq;mq;mq;mq;mq;mq;mq;mq;mq;mq;mq;mq;mq;mq;mq;mq;mq;mq;mq;mq;mq;mq;6.700000;-10;mq;mq;mq;mq;0.000000;0.000000;mq;mq;mq;710.000000;1107.000000;mq;mq;mq;mq;mq;mq;mq;mq;mq;mq;mq;mq;mq;mq;
07222;20110902090000;101250;90;1;270;1.500000;295.750000;292.150000;80;10000;2;1;1;25;1;450;31;20;11;100950;mq;mq;mq;mq;mq;mq;mq;mq;mq;mq;mq;4.600000;-10;mq;mq;mq;mq;0.000000;0.000000;mq;mq;mq;710.000000;1105.000000;mq;mq;1;8;450;mq;mq;mq;mq;mq;mq;mq;mq;mq;
07240;20110902090000;101260;40;1;40;0.500000;296.350000;291.850000;76;30000;0;mq;mq;mq;mq;mq;mq;mq;mq;99970;mq;mq;mq;mq;mq;mq;mq;mq;mq;mq;mq;2.600000;-10;mq;mq;mq;mq;0.000000;0.000000;mq;mq;mq;710.000000;1103.000000;mq;mq;mq;mq;mq;mq;mq;mq;mq;mq;mq;mq;mq;mq;
07255;20110902090000;101340;-10;8;190;2.100000;296.350000;291.050000;72;25000;2;1;1;10;0;8000;30;20;11;99440;mq;mq;mq;mq;mq;mq;mq;mq;mq;mq;mq;3.600000;-10;mq;mq;0.000000;-30;0.000000;0.000000;mq;mq;mq;710.000000;1104.000000;3100.000000;mq;1;0;7500;mq;mq;mq;mq;mq;mq;mq;mq;mq;
07280;20110902090000;101310;50;1;170;3.600000;298.350000;291.050000;64;40000;0;mq;mq;mq;mq;mq;mq;mq;mq;98740;mq;mq;mq;mq;mq;mq;mq;mq;mq;mq;mq;5.700000;-10;mq;mq;mq;mq;0.000000;0.000000;mq;mq;mq;710.000000;1106.000000;mq;mq;mq;mq;mq;mq;mq;mq;mq;mq;mq;mq;mq;mq;
07299;20110902090000;101380;50;1;140;3.100000;296.750000;289.250000;63;15000;2;1;1;75;1;800;38;23;11;98280;mq;mq;mq;mq;mq;mq;mq;mq;mq;mq;mq;5.700000;-10;mq;mq;0.000000;-30;0.000000;0.000000;mq;mq;mq;710.000000;1106.000000;3100.000000;mq;1;8;690;5;3;3600;mq;mq;mq;mq;mq;mq;
07314;20110902090000;101330;130;1;60;1.500000;295.450000;294.750000;96;15000;2;1;1;50;3;2250;30;23;11;101060;mq;mq;mq;mq;mq;mq;mq;mq;mq;mq;mq;2.100000;-10;mq;mq;mq;mq;0.000000;0.000000;mq;mq;mq;710.000000;1102.000000;2427.000000;mq;3;3;1800;mq;mq;mq;mq;mq;mq;mq;mq;mq;
07335;20110902090000;101330;80;3;190;1.500000;296.150000;292.350000;79;30000;2;1;1;25;1;3500;30;28;12;99950;mq;mq;mq;mq;mq;mq;mq;mq;mq;mq;mq;2.600000;-10;mq;mq;mq;mq;0.000000;0.000000;mq;mq;mq;710.000000;1103.000000;mq;mq;1;3;3900;mq;mq;mq;mq;mq;mq;mq;mq;mq;
07434;20110902090000;101410;110;3;190;4.100000;293.650000;291.250000;86;15000;2;1;1;90;3;450;31;28;12;96820;mq;mq;mq;mq;mq;mq;mq;mq;mq;mq;mq;6.700000;-10;mq;mq;0.000000;-30;0.000000;0.000000;mq;mq;mq;710.000000;1107.000000;3100.000000;mq;3;8;330;3;3;2700;6;0;7800;mq;mq;mq;
07460;20110902090000;101450;120;1;190;2.600000;293.250000;289.450000;79;40000;2;1;1;90;4;3500;30;23;12;97710;mq;mq;mq;mq;mq;mq;mq;mq;mq;mq;mq;4.100000;-10;mq;mq;0.000000;-30;0.000000;0.000000;mq;mq;mq;710.000000;1104.000000;3100.000000;mq;4;3;3900;7;0;7800;mq;mq;mq;mq;mq;mq;
07471;20110902090000;mq;60;1;0;0.000000;293.950000;287.350000;66;40000;2;1;1;90;5;3500;30;23;12;92130;85000;17630;mq;mq;mq;mq;mq;mq;mq;mq;mq;1.500000;-10;mq;mq;0.000000;-30;0.000000;0.000000;mq;mq;mq;710.000000;1102.000000;3100.000000;mq;5;3;3300;3;0;7500;mq;mq;mq;mq;mq;mq;
07481;20110902090000;101430;130;1;280;1.500000;295.650000;290.950000;75;30000;2;1;1;75;5;3500;30;28;12;98690;mq;mq;mq;mq;mq;mq;mq;mq;mq;mq;mq;3.600000;-10;mq;mq;0.000000;-30;0.000000;0.000000;mq;mq;mq;710.000000;1104.000000;3100.000000;mq;5;3;5400;mq;mq;mq;mq;mq;mq;mq;mq;mq;
07510;20110902090000;101320;140;1;90;3.100000;298.050000;291.050000;65;30000;2;1;1;25;2;3500;30;23;12;100700;mq;mq;mq;mq;mq;mq;mq;mq;mq;mq;mq;5.100000;-10;mq;mq;0.000000;-30;0.000000;0.000000;mq;mq;mq;710.000000;1105.000000;3100.000000;mq;2;3;4500;mq;mq;mq;mq;mq;mq;mq;mq;mq;
07535;20110902090000;101330;60;1;80;1.500000;296.950000;291.550000;72;20000;2;1;1;50;2;3500;30;23;11;98370;mq;mq;mq;mq;mq;mq;mq;mq;mq;mq;mq;3.600000;-10;mq;mq;0.000000;-30;0.000000;0.000000;mq;mq;mq;710.000000;1104.000000;3100.000000;mq;2;3;3000;3;0;6900;mq;mq;mq;mq;mq;mq;
07558;20110902090000;101280;-70;8;80;1.500000;295.150000;288.550000;66;25000;2;1;1;90;4;450;35;23;12;93340;mq;mq;mq;mq;mq;mq;mq;mq;mq;mq;mq;4.600000;-10;mq;mq;0.000000;-30;0.000000;0.000000;mq;mq;mq;710.000000;1105.000000;3100.000000;mq;2;6;300;3;6;600;6;0;7500;mq;mq;mq;
07577;20110902090000;101420;10;0;90;0.500000;296.850000;291.750000;73;20000;2;1;1;60;2;3500;30;28;11;100570;mq;mq;mq;mq;mq;mq;mq;mq;mq;mq;mq;1.500000;-10;mq;mq;0.000000;-30;0.000000;0.000000;mq;mq;mq;710.000000;1102.000000;3100.000000;mq;2;3;3000;4;0;7500;mq;mq;mq;mq;mq;mq;
07591;20110902090000;mq;0;0;30;4.600000;291.950000;283.750000;59;mq;0;mq;mq;mq;mq;mq;mq;mq;mq;91810;mq;mq;mq;mq;mq;mq;mq;mq;mq;mq;mq;8.700000;-10;mq;mq;mq;mq;0.000000;0.000000;mq;mq;mq;710.000000;1109.000000;mq;mq;mq;mq;mq;mq;mq;mq;mq;mq;mq;mq;mq;mq;
07607;20110902090000;101270;10;3;100;2.100000;296.750000;292.250000;76;20000;0;mq;mq;mq;mq;mq;mq;mq;mq;100590;mq;mq;mq;mq;mq;mq;mq;mq;mq;mq;mq;4.100000;-10;mq;mq;mq;mq;0.000000;0.000000;mq;mq;mq;710.000000;1104.000000;mq;mq;mq;mq;mq;mq;mq;mq;mq;mq;mq;mq;mq;mq;
07621;20110902090000;101150;-30;8;160;0.500000;297.450000;291.150000;68;30000;2;1;1;25;1;2250;32;23;12;97060;mq;mq;mq;mq;mq;mq;mq;mq;mq;mq;mq;3.600000;-10;mq;mq;0.000000;-30;0.000000;0.000000;mq;mq;mq;710.000000;1104.000000;3100.000000;mq;1;8;1800;mq;mq;mq;mq;mq;mq;mq;mq;mq;
07627;20110902090000;101210;-70;6;150;5.700000;295.450000;289.050000;67;50000;2;1;1;40;0;8000;30;20;12;96570;mq;mq;mq;mq;mq;mq;mq;mq;mq;mq;mq;8.200000;-10;mq;mq;0.000000;-30;0.000000;0.000000;mq;mq;mq;710.000000;1108.000000;3100.000000;mq;3;0;6000;mq;mq;mq;mq;mq;mq;mq;mq;mq;
07630;20110902090000;101280;-50;6;120;5.100000;298.450000;292.550000;70;25000;2;1;1;90;3;450;35;20;12;99570;mq;mq;mq;mq;mq;mq;mq;mq;mq;mq;mq;7.200000;-10;mq;mq;mq;mq;0.000000;0.000000;mq;mq;mq;710.000000;1107.000000;mq;mq;3;6;510;5;0;7800;mq;mq;mq;mq;mq;mq;
07643;20110902090000;101400;mq;5;120;2.100000;300.650000;290.850000;55;15000;2;1;1;50;1;3500;30;23;11;101310;mq;mq;mq;mq;mq;mq;mq;mq;mq;mq;mq;4.100000;-10;mq;mq;mq;mq;0.000000;0.000000;mq;mq;mq;710.000000;1104.000000;mq;mq;1;3;3000;3;0;6900;mq;mq;mq;mq;mq;mq;
07650;20110902090000;101360;10;1;250;2.600000;300.250000;290.450000;55;60000;2;1;1;25;1;3500;30;23;12;100990;mq;mq;mq;mq;mq;mq;mq;mq;mq;mq;mq;3.600000;-10;mq;mq;0.000000;-30;0.000000;0.000000;mq;mq;mq;710.000000;1104.000000;3100.000000;mq;1;3;3600;mq;mq;mq;mq;mq;mq;mq;mq;mq;
07661;20110902090000;101320;20;2;110;6.200000;300.450000;291.750000;59;22000;2;1;1;40;0;8000;30;20;15;99800;mq;mq;mq;mq;mq;mq;mq;mq;mq;mq;mq;10.800000;-10;mq;mq;mq;mq;0.000000;0.000000;mq;mq;mq;710.000000;1111.000000;mq;mq;2;2;4800;mq;mq;mq;mq;mq;mq;mq;mq;mq;
07690;20110902090000;101450;-20;8;80;6.700000;299.450000;295.350000;78;30000;2;1;1;50;2;800;35;20;12;101130;mq;mq;mq;mq;mq;mq;mq;mq;mq;mq;mq;8.200000;-10;mq;mq;0.000000;-30;0.000000;0.000000;mq;mq;mq;710.000000;1108.000000;3100.000000;mq;2;6;600;3;0;6900;mq;mq;mq;mq;mq;mq;
07747;20110902090000;101380;20;3;50;4.600000;297.850000;293.750000;78;9000;2;1;1;90;4;450;35;20;12;100870;mq;mq;mq;mq;mq;mq;mq;mq;mq;mq;mq;6.700000;-10;mq;mq;0.000000;-30;0.000000;0.000000;mq;mq;mq;710.000000;1107.000000;3100.000000;mq;4;6;390;6;0;7500;mq;mq;mq;mq;mq;mq;
07761;20110902090000;101210;-70;8;250;4.600000;302.250000;292.550000;56;20000;2;1;1;0;mq;mq;mq;mq;mq;101110;mq;mq;mq;mq;mq;mq;mq;mq;mq;mq;mq;5.100000;-10;mq;mq;0.000000;-30;0.000000;0.000000;mq;mq;mq;710.000000;1105.000000;3100.000000;mq;mq;mq;mq;mq;mq;mq;mq;mq;mq;mq;mq;mq;
07790;20110902090000;101430;10;0;100;2.600000;301.350000;295.550000;71;12000;2;1;1;90;3;800;35;24;12;101290;mq;mq;mq;mq;mq;mq;mq;mq;mq;mq;mq;10.300000;-10;mq;mq;0.000000;-30;0.000000;0.000000;mq;mq;mq;710.000000;1110.000000;3100.000000;mq;3;6;900;3;3;2400;mq;mq;mq;mq;mq;mq;
61970;20110902090000;101790;mq;mq;mq;mq;301.050000;294.150000;66;mq;mq;mq;mq;mq;mq;mq;mq;mq;mq;mq;mq;mq;mq;mq;mq;mq;mq;mq;mq;mq;mq;mq;mq;mq;mq;mq;mq;mq;mq;mq;mq;mq;mq;mq;mq;mq;mq;mq;mq;mq;mq;mq;mq;mq;mq;mq;mq;mq;
61972;20110902090000;101710;mq;mq;20;1.500000;299.450000;294.850000;76;mq;mq;mq;mq;mq;mq;mq;mq;mq;mq;mq;mq;mq;mq;mq;mq;mq;mq;mq;mq;mq;mq;5.100000;-10;mq;mq;mq;mq;0.000000;0.000000;mq;mq;mq;710.000000;1105.000000;mq;mq;mq;mq;mq;mq;mq;mq;mq;mq;mq;mq;mq;mq;
61976;20110902090000;101700;mq;mq;120;9.300000;300.150000;291.950000;61;mq;mq;mq;mq;mq;mq;mq;mq;mq;mq;101550;mq;mq;mq;mq;mq;mq;mq;mq;mq;mq;mq;mq;mq;mq;mq;mq;mq;mq;0.000000;mq;mq;mq;mq;mq;mq;mq;mq;mq;mq;mq;mq;mq;mq;mq;mq;mq;mq;mq;
61980;20110902090000;101990;mq;mq;100;9.800000;298.650000;288.650000;54;10000;2;1;1;25;2;800;38;20;10;mq;mq;mq;mq;mq;mq;mq;mq;mq;mq;mq;mq;15.900000;-10;mq;mq;mq;mq;0.000000;0.000000;mq;mq;mq;710.000000;1116.000000;2437.000000;mq;1;8;780;mq;mq;mq;mq;mq;mq;mq;mq;mq;
61996;20110902090000;mq;mq;mq;280;11.800000;287.150000;mq;mq;mq;mq;mq;mq;mq;mq;mq;mq;mq;mq;mq;mq;mq;mq;mq;mq;mq;mq;mq;mq;mq;mq;16.500000;-10;mq;mq;mq;mq;0.000000;mq;mq;mq;mq;710.000000;1116.000000;mq;mq;mq;mq;mq;mq;mq;mq;mq;mq;mq;mq;mq;mq;
61997;20110902090000;100910;mq;mq;330;15.400000;276.650000;275.650000;93;mq;mq;mq;mq;mq;mq;mq;mq;mq;mq;mq;mq;mq;600;mq;mq;mq;mq;mq;mq;mq;mq;mq;mq;mq;mq;mq;mq;mq;0.000000;mq;mq;mq;mq;mq;mq;mq;mq;mq;mq;mq;mq;mq;mq;mq;mq;mq;mq;mq;
61998;20110902090000;100620;mq;mq;270;18.500000;277.850000;270.050000;57;20000;2;1;1;60;5;800;35;20;10;mq;mq;mq;1530;mq;mq;mq;mq;mq;mq;mq;mq;24.200000;-10;mq;mq;mq;mq;0.000000;0.000000;mq;mq;mq;710.000000;1124.000000;mq;mq;5;6;780;mq;mq;mq;mq;mq;mq;mq;mq;mq;
67005;20110902090000;101560;mq;mq;160;4.100000;301.450000;292.350000;58;20000;2;1;1;25;2;800;38;20;11;mq;mq;mq;mq;mq;mq;mq;mq;mq;mq;mq;mq;5.700000;-10;mq;mq;mq;mq;0.000000;0.000000;mq;mq;mq;710.000000;1106.000000;mq;mq;1;8;690;mq;mq;mq;mq;mq;mq;mq;mq;mq;
71805;20110902090000;102400;-20;5;0;0.000000;286.250000;286.050000;99;30000;11;1;1;90;5;150;36;20;11;102320;mq;mq;mq;mq;mq;mq;mq;mq;mq;mq;mq;1.500000;-10;mq;mq;0.000000;-30;0.000000;0.000000;mq;mq;mq;710.000000;1102.000000;3100.000000;mq;5;7;180;3;0;6900;mq;mq;mq;mq;mq;mq;
78897;20110902090000;101360;-40;5;0;0.000000;297.150000;296.150000;94;30000;2;1;1;10;1;800;32;23;10;mq;mq;mq;mq;mq;mq;mq;mq;mq;mq;mq;mq;mq;mq;mq;mq;mq;mq;mq;mq;mq;mq;mq;mq;mq;mq;mq;1;8;630;mq;mq;mq;mq;mq;mq;mq;mq;mq;
78922;20110902090000;101330;-30;5;100;1.500000;300.150000;296.650000;81;mq;mq;mq;mq;mq;mq;mq;mq;mq;mq;100890;mq;mq;mq;mq;mq;mq;mq;mq;mq;mq;mq;mq;mq;mq;mq;mq;mq;mq;mq;mq;mq;mq;mq;mq;mq;mq;mq;mq;mq;mq;mq;mq;mq;mq;mq;mq;mq;mq;
78925;20110902090000;101340;-40;5;100;1.500000;296.750000;296.550000;99;45000;0;mq;mq;mq;mq;mq;mq;mq;mq;mq;mq;mq;mq;mq;mq;mq;mq;mq;mq;mq;mq;mq;mq;mq;mq;mq;mq;mq;mq;mq;mq;mq;mq;mq;mq;mq;mq;mq;mq;mq;mq;mq;mq;mq;mq;mq;mq;mq;
81401;20110902090000;101350;mq;mq;210;0.500000;293.850000;293.150000;96;mq;mq;mq;mq;mq;mq;mq;mq;mq;mq;101290;mq;mq;mq;mq;mq;mq;mq;mq;mq;mq;mq;mq;mq;mq;mq;mq;mq;mq;0.000000;mq;mq;mq;mq;mq;mq;mq;mq;mq;mq;mq;mq;mq;mq;mq;mq;mq;mq;mq;
81405;20110902090000;101370;mq;mq;0;0.000000;293.950000;293.650000;98;26000;0;mq;mq;mq;mq;mq;mq;mq;mq;101280;mq;mq;mq;mq;mq;mq;mq;mq;mq;mq;mq;mq;mq;mq;mq;mq;mq;mq;0.000000;mq;mq;mq;mq;mq;mq;mq;mq;mq;mq;mq;mq;mq;mq;mq;mq;mq;mq;mq;
81408;20110902090000;101350;mq;mq;0;0.000000;293.950000;293.650000;98;mq;mq;mq;mq;mq;mq;mq;mq;mq;mq;101270;mq;mq;mq;mq;mq;mq;mq;mq;mq;mq;mq;mq;mq;mq;mq;mq;mq;mq;0.000000;mq;mq;mq;mq;mq;mq;mq;mq;mq;mq;mq;mq;mq;mq;mq;mq;mq;mq;mq;
81415;20110902090000;101410;mq;mq;30;1.000000;294.250000;293.950000;98;mq;mq;mq;mq;mq;mq;mq;mq;mq;mq;100180;mq;mq;mq;mq;mq;mq;mq;mq;mq;mq;mq;mq;mq;mq;mq;mq;mq;mq;0.200000;mq;mq;mq;mq;mq;mq;mq;mq;mq;mq;mq;mq;mq;mq;mq;mq;mq;mq;mq;
89642;20110902090000;99840;-40;8;150;4.100000;257.650000;248.850000;43;40000;2;1;1;75;0;8000;30;20;16;99270;mq;mq;mq;mq;mq;mq;mq;mq;mq;mq;mq;mq;mq;mq;mq;mq;mq;mq;mq;mq;mq;mq;mq;mq;mq;mq;6;0;6000;mq;mq;mq;mq;mq;mq;mq;mq;mq;
07005;20110902120000;101220;0;5;290;4.600000;297.050000;291.250000;70;30000;2;1;1;90;1;800;32;20;12;100370;mq;mq;mq;mq;mq;mq;mq;mq;mq;mq;mq;6.200000;-10;mq;mq;0.000000;-60;0.000000;0.000000;0.000000;mq;mq;710.000000;1106.000000;3100.000000;mq;1;8;750;7;0;7500;mq;mq;mq;mq;mq;mq;
07015;20110902120000;101180;-20;8;220;4.600000;299.950000;289.550000;53;25000;2;1;1;75;3;1250;31;20;11;100640;mq;mq;mq;mq;mq;mq;mq;mq;mq;mq;mq;8.700000;-10;mq;mq;0.000000;-60;0.000000;0.000000;0.000000;mq;mq;710.000000;1109.000000;3100.000000;mq;3;8;1200;5;0;7800;mq;mq;mq;mq;mq;mq;
07020;20110902120000;101360;30;3;230;3.600000;292.450000;289.650000;84;mq;mq;mq;mq;mq;mq;mq;mq;mq;mq;101100;mq;mq;mq;mq;mq;mq;mq;mq;mq;mq;mq;5.100000;-10;mq;mq;mq;mq;0.000000;0.000000;0.200000;mq;mq;710.000000;1105.000000;mq;mq;mq;mq;mq;mq;mq;mq;mq;mq;mq;mq;mq;mq;
07027;20110902120000;101210;-30;8;340;1.000000;299.050000;290.450000;59;15000;2;1;1;75;1;1250;32;20;12;100450;mq;mq;mq;mq;mq;mq;mq;mq;mq;mq;mq;3.600000;-10;mq;mq;0.000000;-60;0.000000;0.000000;0.000000;mq;mq;710.000000;1104.000000;3100.000000;mq;1;8;990;6;0;7800;mq;mq;mq;mq;mq;mq;
07037;20110902120000;101230;0;0;200;2.100000;298.250000;291.250000;65;19000;0;mq;mq;mq;mq;800;mq;mq;mq;99500;mq;mq;mq;mq;mq;mq;mq;mq;mq;mq;mq;5.700000;-10;mq;mq;mq;mq;0.000000;0.000000;0.000000;mq;mq;710.000000;1106.000000;mq;mq;mq;mq;mq;mq;mq;mq;mq;mq;mq;mq;mq;mq;
07110;20110902120000;101250;0;0;190;3.600000;296.150000;289.250000;65;10000;2;1;1;60;1;450;31;20;11;100160;mq;mq;mq;mq;mq;mq;mq;mq;mq;mq;mq;7.200000;-10;mq;mq;0.000000;-60;0.000000;0.000000;0.000000;mq;mq;710.000000;1107.000000;3100.000000;mq;1;8;510;5;0;7800;mq;mq;mq;mq;mq;mq;
07117;20110902120000;101280;-10;7;20;2.600000;293.650000;289.050000;75;6000;2;1;1;75;4;2250;30;27;16;100600;mq;mq;mq;mq;mq;mq;mq;mq;mq;mq;mq;4.100000;-10;mq;mq;mq;mq;0.000000;0.000000;0.000000;mq;mq;710.000000;1104.000000;2426.000000;mq;mq;mq;mq;mq;mq;mq;mq;mq;mq;mq;mq;mq;
07130;20110902120000;101220;-30;8;0;0.000000;299.350000;290.950000;60;22000;0;mq;mq;mq;mq;1250;mq;mq;mq;100730;mq;mq;mq;mq;mq;mq;mq;mq;mq;mq;mq;2.600000;-10;mq;mq;mq;mq;0.000000;0.000000;0.000000;mq;mq;710.000000;1103.000000;mq;mq;mq;mq;mq;mq;mq;mq;mq;mq;mq;mq;mq;mq;
07139;20110902120000;101210;-20;7;200;2.600000;300.050000;290.850000;57;25000;1;4;1;75;3;1250;32;20;12;99580;mq;mq;mq;mq;mq;mq;mq;mq;mq;mq;mq;5.700000;-10;mq;mq;0.000000;-60;0.000000;0.000000;0.200000;mq;mq;710.000000;1106.000000;3100.000000;mq;3;8;1080;4;0;6900;mq;mq;mq;mq;mq;mq;
07149;20110902120000;101250;-30;7;220;1.500000;300.750000;290.850000;55;25000;2;1;1;50;1;1250;32;20;11;100230;mq;mq;mq;mq;mq;mq;mq;mq;mq;mq;mq;5.700000;-10;mq;mq;0.000000;-60;0.000000;0.000000;0.000000;mq;mq;710.000000;1106.000000;3100.000000;mq;1;8;1080;4;0;7500;mq;mq;mq;mq;mq;mq;
07168;20110902120000;101250;10;4;270;2.600000;301.750000;290.350000;50;25000;2;1;1;60;5;1250;32;20;10;99920;mq;mq;mq;mq;mq;mq;mq;mq;mq;mq;mq;6.700000;-10;mq;mq;0.000000;-60;0.000000;0.000000;0.200000;mq;mq;710.000000;1107.000000;3100.000000;mq;5;8;1200;mq;mq;mq;mq;mq;mq;mq;mq;mq;
07181;20110902120000;101230;-10;8;240;3.100000;298.450000;291.350000;65;40000;0;mq;mq;mq;mq;800;mq;mq;mq;97380;mq;mq;mq;mq;mq;mq;mq;mq;mq;mq;mq;8.200000;-10;mq;mq;mq;mq;0.000000;0.000000;0.000000;mq;mq;710.000000;1108.000000;mq;mq;mq;mq;mq;mq;mq;mq;mq;mq;mq;mq;mq;mq;
07190;20110902120000;101350;-60;8;310;0.500000;296.150000;290.650000;71;16000;0;mq;mq;mq;mq;mq;mq;mq;mq;99620;mq;mq;mq;mq;mq;mq;mq;mq;mq;mq;mq;2.600000;-10;mq;mq;mq;mq;0.000000;0.000000;0.800000;mq;mq;710.000000;1103.000000;mq;mq;mq;mq;mq;mq;mq;mq;mq;mq;mq;mq;mq;mq;
07207;20110902120000;mq;mq;mq;330;5.100000;292.050000;289.650000;86;3000;11;4;4;60;3;250;36;23;11;mq;mq;mq;mq;mq;mq;mq;mq;mq;mq;mq;mq;9.300000;-10;mq;mq;mq;mq;0.000000;0.000000;0.000000;mq;mq;710.000000;1109.000000;2425.000000;mq;mq;mq;mq;mq;mq;mq;mq;mq;mq;mq;mq;mq;
07222;20110902120000;101240;-10;7;230;2.100000;299.350000;291.250000;61;30000;2;1;1;40;1;1250;31;20;11;100940;mq;mq;mq;mq;mq;mq;mq;mq;mq;mq;mq;4.100000;-10;mq;mq;mq;mq;0.000000;0.000000;0.000000;mq;mq;710.000000;1104.000000;mq;mq;1;8;990;3;0;7800;mq;mq;mq;mq;mq;mq;
07240;20110902120000;101240;0;0;170;2.100000;301.150000;290.950000;54;19000;0;mq;mq;75;mq;1250;mq;mq;mq;99970;mq;mq;mq;mq;mq;mq;mq;mq;mq;mq;mq;4.600000;-10;mq;mq;mq;mq;0.000000;0.000000;0.000000;mq;mq;710.000000;1105.000000;mq;mq;mq;mq;mq;mq;mq;mq;mq;mq;mq;mq;mq;mq;
07255;20110902120000;101280;-30;7;240;2.100000;300.450000;291.450000;58;30000;2;1;1;40;3;1250;32;20;10;99410;mq;mq;mq;mq;mq;mq;mq;mq;mq;mq;mq;4.600000;-10;mq;mq;0.000000;-60;0.000000;0.000000;0.000000;mq;mq;710.000000;1105.000000;3100.000000;mq;3;8;990;mq;mq;mq;mq;mq;mq;mq;mq;mq;
07280;20110902120000;101230;-50;7;190;4.100000;301.450000;290.050000;50;35000;0;mq;mq;mq;mq;1750;mq;mq;mq;98690;mq;mq;mq;mq;mq;mq;mq;mq;mq;mq;mq;7.700000;-10;mq;mq;mq;mq;0.000000;0.000000;0.000000;mq;mq;710.000000;1108.000000;mq;mq;mq;mq;mq;mq;mq;mq;mq;mq;mq;mq;mq;mq;
07299;20110902120000;101240;-90;8;170;1.500000;302.050000;289.250000;46;30000;2;1;1;25;2;1750;39;24;10;98190;mq;mq;mq;mq;mq;mq;mq;mq;mq;mq;mq;5.100000;-10;mq;mq;0.000000;-60;0.000000;0.000000;0.000000;mq;mq;710.000000;1105.000000;3100.000000;mq;1;8;1500;1;9;2400;mq;mq;mq;mq;mq;mq;
07314;20110902120000;101350;20;0;270;1.500000;297.050000;293.350000;80;mq;mq;mq;mq;mq;mq;mq;mq;mq;mq;101080;mq;mq;mq;mq;mq;mq;mq;mq;mq;mq;mq;4.100000;-10;mq;mq;mq;mq;0.000000;0.000000;0.000000;mq;mq;710.000000;1104.000000;mq;mq;mq;mq;mq;mq;mq;mq;mq;mq;mq;mq;mq;mq;
07335;20110902120000;101270;-40;7;180;2.100000;300.350000;290.850000;56;40000;2;1;1;25;1;1250;31;28;12;99910;mq;mq;mq;mq;mq;mq;mq;mq;mq;mq;mq;5.700000;-10;mq;mq;mq;mq;0.000000;0.200000;0.200000;mq;mq;710.000000;1106.000000;mq;mq;1;8;990;mq;mq;mq;mq;mq;mq;mq;mq;mq;
07434;20110902120000;101250;-70;8;180;1.500000;298.650000;290.850000;62;15000;2;1;1;40;1;800;31;28;11;96750;mq;mq;mq;mq;mq;mq;mq;mq;mq;mq;mq;4.100000;-10;mq;mq;0.000000;-60;0.000000;0.000000;0.000000;mq;mq;710.000000;1104.000000;3100.000000;mq;1;8;840;mq;mq;mq;mq;mq;mq;mq;mq;mq;
07460;20110902120000;101320;-70;8;210;1.500000;298.050000;288.650000;56;40000;2;1;1;60;4;3500;30;23;12;97640;mq;mq;mq;mq;mq;mq;mq;mq;mq;mq;mq;5.100000;-10;mq;mq;0.000000;-60;0.000000;0.000000;0.000000;mq;mq;710.000000;1105.000000;3100.000000;mq;1;3;3300;3;3;3900;mq;mq;mq;mq;mq;mq;
07471;20110902120000;mq;-50;8;40;3.600000;296.550000;287.850000;58;40000;2;1;1;75;1;1250;32;28;12;92080;85000;17580;mq;mq;mq;mq;mq;mq;mq;mq;mq;5.100000;-10;mq;mq;0.000000;-60;0.000000;0.000000;0.000000;mq;mq;710.000000;1105.000000;3100.000000;mq;1;8;1080;5;0;7500;mq;mq;mq;mq;mq;mq;
07481;20110902120000;101330;-70;8;300;1.500000;299.550000;289.450000;54;30000;2;1;1;75;1;1250;31;23;12;98620;mq;mq;mq;mq;mq;mq;mq;mq;mq;mq;mq;4.100000;-10;mq;mq;0.000000;-60;0.000000;0.000000;0.000000;mq;mq;710.000000;1104.000000;3100.000000;mq;1;8;1290;5;0;7800;mq;mq;mq;mq;mq;mq;
07510;20110902120000;101260;-50;8;110;3.600000;301.350000;288.650000;46;50000;2;1;1;10;1;1750;31;23;12;100650;mq;mq;mq;mq;mq;mq;mq;mq;mq;mq;mq;6.200000;-10;mq;mq;0.000000;-60;0.000000;0.000000;0.000000;mq;mq;710.000000;1106.000000;3100.000000;mq;1;8;1500;mq;mq;mq;mq;mq;mq;mq;mq;mq;
07535;20110902120000;101220;-80;8;30;1.500000;300.550000;291.250000;57;20000;2;1;1;50;4;800;31;20;11;98290;mq;mq;mq;mq;mq;mq;mq;mq;mq;mq;mq;4.100000;-10;mq;mq;0.000000;-60;0.000000;0.000000;0.000000;mq;mq;710.000000;1104.000000;3100.000000;mq;4;8;780;mq;mq;mq;mq;mq;mq;mq;mq;mq;
07558;20110902120000;101080;-60;8;160;3.100000;299.850000;288.250000;49;50000;2;1;1;60;2;3500;30;23;12;93280;mq;mq;mq;mq;mq;mq;mq;mq;mq;mq;mq;6.200000;-10;mq;mq;0.000000;-60;0.000000;0.000000;0.000000;mq;mq;710.000000;1106.000000;3100.000000;mq;1;3;3000;5;0;7500;mq;mq;mq;mq;mq;mq;
07577;20110902120000;101250;-150;8;180;2.100000;303.750000;287.350000;37;40000;2;1;1;50;1;3500;30;28;11;100420;mq;mq;mq;mq;mq;mq;mq;mq;mq;mq;mq;4.100000;-10;mq;mq;0.000000;-60;0.000000;0.000000;0.000000;mq;mq;710.000000;1104.000000;3100.000000;mq;1;3;3000;4;0;6900;mq;mq;mq;mq;mq;mq;
07591;20110902120000;mq;-180;6;190;1.500000;300.650000;282.050000;31;mq;0;mq;mq;mq;mq;mq;mq;mq;mq;91630;mq;mq;mq;mq;mq;mq;mq;mq;mq;mq;mq;4.600000;-10;mq;mq;mq;mq;0.000000;0.000000;0.000000;mq;mq;710.000000;1105.000000;mq;mq;mq;mq;mq;mq;mq;mq;mq;mq;mq;mq;mq;mq;
07607;20110902120000;101170;-90;8;130;3.100000;302.250000;291.350000;52;20000;0;mq;mq;mq;mq;mq;mq;mq;mq;100500;mq;mq;mq;mq;mq;mq;mq;mq;mq;mq;mq;6.200000;-10;mq;mq;mq;mq;0.000000;0.000000;0.000000;mq;mq;710.000000;1106.000000;mq;mq;mq;mq;mq;mq;mq;mq;mq;mq;mq;mq;mq;mq;
07621;20110902120000;101060;-40;7;50;1.500000;301.550000;289.450000;48;30000;2;1;1;40;2;2250;32;28;10;97020;mq;mq;mq;mq;mq;mq;mq;mq;mq;mq;mq;5.700000;-10;mq;mq;0.000000;-60;0.000000;0.000000;0.000000;mq;mq;710.000000;1106.000000;3100.000000;mq;2;8;1800;mq;mq;mq;mq;mq;mq;mq;mq;mq;
07627;20110902120000;101040;-80;8;210;1.000000;300.750000;289.350000;50;40000;2;1;1;10;1;2250;31;23;11;96490;mq;mq;mq;mq;mq;mq;mq;mq;mq;mq;mq;4.100000;-10;mq;mq;0.000000;-60;0.000000;0.000000;0.000000;mq;mq;710.000000;1104.000000;3100.000000;mq;1;8;1800;mq;mq;mq;mq;mq;mq;mq;mq;mq;
07630;20110902120000;101150;-100;8;150;4.600000;302.850000;290.950000;49;25000;2;1;1;25;1;1250;31;28;12;99470;mq;mq;mq;mq;mq;mq;mq;mq;mq;mq;mq;8.200000;-10;mq;mq;mq;mq;0.000000;0.000000;0.000000;mq;mq;710.000000;1108.000000;mq;mq;1;8;1140;mq;mq;mq;mq;mq;mq;mq;mq;mq;
07643;20110902120000;101350;-50;8;190;2.100000;302.450000;289.250000;45;25000;2;1;1;25;1;3500;30;23;11;101260;mq;mq;mq;mq;mq;mq;mq;mq;mq;mq;mq;4.100000;-10;mq;mq;mq;mq;0.000000;0.000000;0.000000;mq;mq;710.000000;1104.000000;mq;mq;1;3;3000;mq;mq;mq;mq;mq;mq;mq;mq;mq;
07650;20110902120000;101230;-120;6;280;3.100000;304.550000;287.650000;36;60000;2;1;1;10;0;8000;30;20;12;100870;mq;mq;mq;mq;mq;mq;mq;mq;mq;mq;mq;5.100000;-10;mq;mq;0.000000;-60;0.000000;0.000000;0.000000;mq;mq;710.000000;1105.000000;3100.000000;mq;1;0;6600;mq;mq;mq;mq;mq;mq;mq;mq;mq;
07661;20110902120000;101270;-50;5;160;6.700000;299.150000;294.350000;75;22000;2;1;1;40;0;8000;30;20;15;99750;mq;mq;mq;mq;mq;mq;mq;mq;mq;mq;mq;11.800000;-10;mq;mq;mq;mq;0.000000;0.000000;0.000000;mq;mq;710.000000;1112.000000;mq;mq;2;2;4800;mq;mq;mq;mq;mq;mq;mq;mq;mq;
07690;20110902120000;101370;-80;8;80;6.700000;299.850000;295.050000;75;20000;2;1;1;50;1;800;31;20;11;101050;mq;mq;mq;mq;mq;mq;mq;mq;mq;mq;mq;8.700000;-10;mq;mq;0.000000;-60;0.000000;0.000000;0.000000;mq;mq;710.000000;1109.000000;3100.000000;mq;1;8;600;4;0;7800;mq;mq;mq;mq;mq;mq;
07747;20110902120000;101310;-60;8;70;4.100000;300.550000;293.850000;67;15000;2;1;1;90;5;800;31;20;12;100810;mq;mq;mq;mq;mq;mq;mq;mq;mq;mq;mq;6.700000;-10;mq;mq;0.000000;-60;0.000000;0.000000;0.000000;mq;mq;710.000000;1107.000000;3100.000000;mq;5;8;600;5;0;7500;mq;mq;mq;mq;mq;mq;
07761;20110902120000;101180;-30;8;200;3.100000;302.750000;292.450000;54;20000;2;1;1;60;1;3500;30;28;11;101080;mq;mq;mq;mq;mq;mq;mq;mq;mq;mq;mq;6.200000;-10;mq;mq;0.000000;-60;0.000000;0.000000;0.000000;mq;mq;710.000000;1106.000000;3100.000000;mq;1;3;4500;5;0;7800;mq;mq;mq;mq;mq;mq;
07790;20110902120000;101370;-60;6;120;5.100000;301.050000;296.450000;76;12000;2;1;1;90;7;450;38;61;60;101230;mq;mq;mq;mq;mq;mq;mq;mq;mq;mq;mq;8.700000;-10;mq;mq;0.000000;-60;0.000000;0.000000;0.000000;mq;mq;710.000000;1109.000000;3100.000000;mq;3;8;330;7;6;900;mq;mq;mq;mq;mq;mq;
61968;20110902120000;101390;mq;mq;110;3.600000;301.050000;292.050000;58;mq;mq;mq;mq;mq;mq;mq;mq;mq;mq;mq;mq;mq;mq;mq;mq;mq;mq;mq;mq;mq;mq;8.200000;-10;mq;mq;mq;mq;0.000000;mq;0.000000;mq;mq;710.000000;1108.000000;mq;mq;mq;mq;mq;mq;mq;mq;mq;mq;mq;mq;mq;mq;
61970;20110902120000;101610;mq;mq;mq;mq;300.350000;293.450000;66;mq;mq;mq;mq;mq;mq;mq;mq;mq;mq;mq;mq;mq;mq;mq;mq;mq;mq;mq;mq;mq;mq;mq;mq;mq;mq;mq;mq;0.000000;mq;0.000000;mq;mq;mq;mq;mq;mq;mq;mq;mq;mq;mq;mq;mq;mq;mq;mq;mq;mq;
61972;20110902120000;101520;mq;mq;10;2.100000;298.950000;294.850000;78;mq;mq;mq;mq;mq;mq;mq;mq;mq;mq;mq;mq;mq;mq;mq;mq;mq;mq;mq;mq;mq;mq;3.100000;-10;mq;mq;mq;mq;0.000000;mq;0.000000;mq;mq;710.000000;1103.000000;mq;mq;mq;mq;mq;mq;mq;mq;mq;mq;mq;mq;mq;mq;
61976;20110902120000;101590;mq;mq;120;8.200000;299.450000;292.550000;66;mq;mq;mq;mq;mq;mq;mq;mq;mq;mq;101440;mq;mq;mq;mq;mq;mq;mq;mq;mq;mq;mq;mq;mq;mq;mq;mq;mq;mq;mq;mq;mq;mq;mq;mq;mq;mq;mq;mq;mq;mq;mq;mq;mq;mq;mq;mq;mq;mq;
61996;20110902120000;mq;mq;mq;280;8.700000;285.650000;mq;mq;mq;mq;mq;mq;mq;mq;mq;mq;mq;mq;mq;mq;mq;mq;mq;mq;mq;mq;mq;mq;mq;mq;15.900000;-10;mq;mq;mq;mq;0.000000;mq;mq;mq;mq;710.000000;1116.000000;mq;mq;mq;mq;mq;mq;mq;mq;mq;mq;mq;mq;mq;mq;
61997;20110902120000;100680;mq;mq;340;10.800000;276.450000;275.750000;95;mq;mq;mq;mq;mq;mq;mq;mq;mq;mq;mq;mq;mq;50;mq;mq;mq;mq;mq;mq;mq;mq;mq;mq;mq;mq;mq;mq;mq;mq;0.200000;mq;mq;mq;mq;mq;mq;mq;mq;mq;mq;mq;mq;mq;mq;mq;mq;mq;mq;
61998;20110902120000;100800;mq;mq;290;11.800000;276.950000;269.250000;57;20000;2;1;1;40;3;1250;35;24;10;mq;mq;mq;1680;mq;mq;mq;mq;mq;mq;mq;mq;18.000000;-10;mq;mq;mq;mq;0.000000;mq;0.000000;mq;mq;710.000000;1118.000000;mq;mq;3;6;990;mq;mq;mq;mq;mq;mq;mq;mq;mq;
67005;20110902120000;101410;mq;mq;160;4.600000;300.150000;293.050000;65;mq;0;mq;mq;mq;mq;mq;mq;mq;mq;mq;mq;mq;mq;mq;mq;mq;mq;mq;mq;mq;mq;6.200000;-10;mq;mq;mq;mq;0.000000;mq;0.000000;mq;mq;710.000000;1106.000000;mq;mq;mq;mq;mq;mq;mq;mq;mq;mq;mq;mq;mq;mq;
71805;20110902120000;102530;130;1;140;1.500000;289.950000;287.250000;84;30000;2;1;1;90;4;450;35;23;12;102450;mq;mq;mq;mq;mq;mq;mq;mq;mq;mq;mq;2.600000;-10;mq;mq;0.000000;-60;0.000000;0.000000;0.000000;mq;mq;710.000000;1103.000000;3100.000000;mq;4;6;450;6;0;6000;mq;mq;mq;mq;mq;mq;
78897;20110902120000;101510;150;3;20;1.000000;302.450000;297.550000;75;40000;2;1;1;10;1;800;32;23;10;mq;mq;mq;mq;297.050000;mq;mq;305.350000;mq;mq;mq;mq;mq;mq;mq;mq;mq;mq;mq;mq;0.000000;mq;0.000000;mq;mq;mq;mq;1;8;750;mq;mq;mq;mq;mq;mq;mq;mq;mq;
78922;20110902120000;101490;160;3;70;2.100000;304.850000;297.250000;64;mq;mq;mq;mq;mq;mq;mq;mq;mq;mq;101050;mq;mq;mq;mq;mq;mq;mq;mq;mq;mq;mq;mq;mq;mq;mq;mq;mq;mq;mq;mq;mq;mq;mq;mq;mq;mq;mq;mq;mq;mq;mq;mq;mq;mq;mq;mq;mq;mq;
78925;20110902120000;101440;100;3;100;1.500000;302.050000;298.850000;83;30000;2;1;1;25;2;800;32;20;10;mq;mq;mq;mq;296.450000;mq;mq;306.050000;mq;mq;mq;mq;mq;mq;mq;mq;mq;mq;mq;mq;0.000000;mq;56.200000;mq;mq;mq;mq;2;8;780;mq;mq;mq;mq;mq;mq;mq;mq;mq;
81401;20110902120000;101470;mq;mq;110;3.600000;299.850000;295.450000;77;mq;mq;mq;mq;mq;mq;mq;mq;mq;mq;101410;mq;mq;mq;293.650000;mq;mq;mq;mq;mq;mq;mq;mq;mq;mq;mq;mq;mq;mq;0.000000;mq;mq;0.000000;mq;mq;mq;mq;mq;mq;mq;mq;mq;mq;mq;mq;mq;mq;mq;mq;
81405;20110902120000;101490;mq;mq;130;1.500000;300.250000;296.750000;81;10000;2;1;1;40;2;800;33;20;11;101400;mq;mq;mq;293.850000;mq;mq;mq;mq;mq;mq;mq;mq;mq;mq;mq;mq;mq;mq;0.000000;mq;mq;0.000000;mq;mq;mq;mq;mq;mq;mq;mq;mq;mq;mq;mq;mq;mq;mq;mq;
81408;20110902120000;101470;mq;mq;60;1.000000;300.650000;296.850000;80;mq;mq;mq;mq;mq;mq;mq;mq;mq;mq;101390;mq;mq;mq;293.850000;mq;mq;mq;mq;mq;mq;mq;mq;mq;mq;mq;mq;mq;mq;0.000000;mq;mq;0.000000;mq;mq;mq;mq;mq;mq;mq;mq;mq;mq;mq;mq;mq;mq;mq;mq;
81415;20110902120000;101510;mq;mq;20;1.000000;299.650000;295.050000;76;mq;mq;mq;mq;mq;mq;mq;mq;mq;mq;100300;mq;mq;mq;293.650000;mq;mq;mq;mq;mq;mq;mq;mq;mq;mq;mq;mq;mq;mq;0.000000;mq;mq;0.200000;mq;mq;mq;mq;mq;mq;mq;mq;mq;mq;mq;mq;mq;mq;mq;mq;
89642;20110902120000;99900;60;0;100;3.100000;256.750000;248.050000;43;40000;2;1;1;75;0;8000;30;20;16;99330;mq;mq;mq;256.450000;mq;260.750000;mq;mq;mq;mq;mq;mq;mq;mq;mq;mq;mq;mq;mq;mq;mq;mq;mq;mq;mq;mq;6;0;6000;mq;mq;mq;mq;mq;mq;mq;mq;mq;
07005;20110902150000;101260;30;3;300;5.100000;295.050000;289.550000;71;25000;2;1;1;90;1;800;32;20;12;100400;mq;mq;mq;mq;mq;mq;mq;mq;mq;mq;mq;7.700000;-10;mq;mq;0.000000;-30;0.000000;0.000000;mq;mq;mq;710.000000;1108.000000;3100.000000;mq;1;8;900;7;0;7500;mq;mq;mq;mq;mq;mq;
07015;20110902150000;101130;-40;6;280;4.100000;300.550000;289.850000;52;40000;2;1;1;90;2;1250;32;20;12;100600;mq;mq;mq;mq;mq;mq;mq;mq;mq;mq;mq;8.200000;-10;mq;mq;0.000000;-30;0.000000;0.000000;mq;mq;mq;710.000000;1108.000000;3100.000000;mq;2;8;1350;6;0;7800;mq;mq;mq;mq;mq;mq;
07020;20110902150000;101330;-30;6;290;2.600000;291.250000;289.250000;88;1000;10;2;2;100;8;800;36;61;60;101070;mq;mq;mq;mq;mq;mq;mq;mq;mq;mq;mq;4.100000;-10;mq;mq;mq;mq;0.000000;0.000000;mq;mq;mq;710.000000;1104.000000;mq;mq;8;7;600;mq;mq;mq;mq;mq;mq;mq;mq;mq;
07027;20110902150000;101210;-10;8;340;3.100000;298.050000;290.550000;63;20000;2;1;1;75;2;1250;32;20;12;100440;mq;mq;mq;mq;mq;mq;mq;mq;mq;mq;mq;6.200000;-10;mq;mq;0.000000;-30;0.000000;0.000000;mq;mq;mq;710.000000;1106.000000;3100.000000;mq;2;8;1380;5;0;7800;mq;mq;mq;mq;mq;mq;
07037;20110902150000;101160;-60;6;290;1.500000;299.650000;290.750000;58;20000;2;1;1;60;2;1250;32;23;11;99440;mq;mq;mq;mq;mq;mq;mq;mq;mq;mq;mq;4.600000;-10;mq;mq;0.000000;-30;0.000000;0.000000;mq;mq;mq;710.000000;1105.000000;3100.000000;mq;2;8;1410;3;3;6000;5;0;7500;mq;mq;mq;
07110;20110902150000;101180;-70;8;180;3.100000;297.950000;288.550000;56;15000;2;1;1;25;1;800;31;20;11;100090;mq;mq;mq;mq;mq;mq;mq;mq;mq;mq;mq;5.700000;-10;mq;mq;0.000000;-30;0.000000;0.000000;mq;mq;mq;710.000000;1106.000000;3100.000000;mq;1;8;900;mq;mq;mq;mq;mq;mq;mq;mq;mq;
07117;20110902150000;101250;-30;8;70;2.600000;291.450000;287.950000;80;6000;2;4;2;75;4;250;36;20;16;100570;mq;mq;mq;mq;mq;mq;mq;mq;mq;mq;mq;4.100000;-10;mq;mq;mq;mq;0.000000;0.000000;mq;mq;mq;710.000000;1104.000000;2426.000000;mq;mq;mq;mq;mq;mq;mq;mq;mq;mq;mq;mq;mq;
07130;20110902150000;101140;-80;8;60;1.500000;300.650000;289.950000;52;29000;0;mq;mq;mq;mq;mq;mq;mq;mq;100650;mq;mq;mq;mq;mq;mq;mq;mq;mq;mq;mq;6.700000;-10;mq;mq;mq;mq;0.000000;0.000000;mq;mq;mq;710.000000;1107.000000;mq;mq;mq;mq;mq;mq;mq;mq;mq;mq;mq;mq;mq;mq;
07139;20110902150000;101150;-60;7;220;3.600000;299.550000;289.750000;55;30000;2;1;1;75;3;1250;32;20;12;99520;mq;mq;mq;mq;mq;mq;mq;mq;mq;mq;mq;7.200000;-10;mq;mq;0.000000;-30;0.000000;0.000000;mq;mq;mq;710.000000;1107.000000;3100.000000;mq;3;8;1080;5;0;6900;mq;mq;mq;mq;mq;mq;
07149;20110902150000;101180;-70;6;320;2.100000;301.250000;289.250000;48;25000;2;1;1;75;3;1750;32;20;11;100160;mq;mq;mq;mq;mq;mq;mq;mq;mq;mq;mq;4.600000;-10;mq;mq;0.000000;-30;0.000000;0.000000;mq;mq;mq;710.000000;1105.000000;3100.000000;mq;3;8;1500;5;0;7500;mq;mq;mq;mq;mq;mq;
07168;20110902150000;101180;-70;6;280;3.100000;301.750000;288.350000;44;25000;2;1;1;40;3;1750;32;20;11;99850;mq;mq;mq;mq;mq;mq;mq;mq;mq;mq;mq;5.100000;-10;mq;mq;0.000000;-30;0.000000;0.000000;mq;mq;mq;710.000000;1105.000000;3100.000000;mq;3;8;1500;mq;mq;mq;mq;mq;mq;mq;mq;mq;
07181;20110902150000;101170;-40;6;250;3.100000;299.950000;290.150000;55;45000;0;mq;mq;mq;mq;1250;mq;mq;mq;97340;mq;mq;mq;mq;mq;mq;mq;mq;mq;mq;mq;6.200000;-10;mq;mq;mq;mq;0.000000;0.000000;mq;mq;mq;710.000000;1106.000000;mq;mq;mq;mq;mq;mq;mq;mq;mq;mq;mq;mq;mq;mq;
07190;20110902150000;101230;-100;6;310;0.500000;300.550000;291.550000;58;40000;0;mq;mq;mq;mq;2250;mq;mq;mq;99520;mq;mq;mq;mq;mq;mq;mq;mq;mq;mq;mq;2.100000;-10;mq;mq;mq;mq;0.000000;0.000000;mq;mq;mq;710.000000;1102.000000;mq;mq;mq;mq;mq;mq;mq;mq;mq;mq;mq;mq;mq;mq;
07207;20110902150000;mq;mq;mq;300;3.600000;292.850000;289.650000;82;8000;2;1;1;50;2;450;36;20;14;mq;mq;mq;mq;mq;mq;mq;mq;mq;mq;mq;mq;5.100000;-10;mq;mq;mq;mq;0.000000;0.000000;mq;mq;mq;710.000000;1105.000000;2426.000000;mq;mq;mq;mq;mq;mq;mq;mq;mq;mq;mq;mq;mq;
07222;20110902150000;101190;-50;6;220;2.600000;300.750000;290.850000;55;30000;2;1;1;40;1;1250;31;20;11;100890;mq;mq;mq;mq;mq;mq;mq;mq;mq;mq;mq;5.100000;-10;mq;mq;mq;mq;0.000000;0.000000;mq;mq;mq;710.000000;1105.000000;mq;mq;1;8;1380;3;0;7500;mq;mq;mq;mq;mq;mq;
07240;20110902150000;101160;-70;6;230;3.100000;302.850000;288.550000;42;50000;0;mq;mq;mq;mq;1750;mq;mq;mq;99900;mq;mq;mq;mq;mq;mq;mq;mq;mq;mq;mq;7.700000;-10;mq;mq;mq;mq;0.000000;0.000000;mq;mq;mq;710.000000;1108.000000;mq;mq;mq;mq;mq;mq;mq;mq;mq;mq;mq;mq;mq;mq;
07255;20110902150000;101200;-70;6;200;0.500000;302.250000;290.450000;49;30000;2;1;1;25;2;1250;32;20;11;99340;mq;mq;mq;mq;mq;mq;mq;mq;mq;mq;mq;4.600000;-10;mq;mq;0.000000;-30;0.000000;0.000000;mq;mq;mq;710.000000;1105.000000;3100.000000;mq;2;8;1200;mq;mq;mq;mq;mq;mq;mq;mq;mq;
07280;20110902150000;101170;-60;6;180;4.600000;302.150000;289.650000;47;11000;0;mq;mq;mq;mq;1750;mq;mq;mq;98630;mq;mq;mq;mq;mq;mq;mq;mq;mq;mq;mq;7.700000;-10;mq;mq;mq;mq;0.000000;0.000000;mq;mq;mq;710.000000;1108.000000;mq;mq;mq;mq;mq;mq;mq;mq;mq;mq;mq;mq;mq;mq;
07299;20110902150000;101170;-70;6;320;2.100000;301.950000;288.450000;44;30000;2;1;1;25;2;1750;39;23;10;98120;mq;mq;mq;mq;mq;mq;mq;mq;mq;mq;mq;3.600000;-10;mq;mq;0.000000;-30;0.000000;0.000000;mq;mq;mq;710.000000;1104.000000;3100.000000;mq;2;8;1500;1;9;2400;mq;mq;mq;mq;mq;mq;
07314;20110902150000;101300;-50;8;310;4.100000;295.050000;293.150000;89;mq;mq;mq;mq;mq;mq;mq;mq;mq;mq;101030;mq;mq;mq;mq;mq;mq;mq;mq;mq;mq;mq;5.100000;-10;mq;mq;mq;mq;0.000000;0.000000;mq;mq;mq;710.000000;1105.000000;mq;mq;mq;mq;mq;mq;mq;mq;mq;mq;mq;mq;mq;mq;
07335;20110902150000;101190;-70;6;200;3.600000;301.850000;290.050000;49;40000;2;1;1;25;1;1750;32;20;12;99840;mq;mq;mq;mq;mq;mq;mq;mq;mq;mq;mq;6.200000;-10;mq;mq;mq;mq;0.000000;0.000000;mq;mq;mq;710.000000;1106.000000;mq;mq;1;8;1500;mq;mq;mq;mq;mq;mq;mq;mq;mq;
07434;20110902150000;101160;-70;6;20;0.500000;300.250000;289.250000;51;50000;2;1;1;25;2;1250;32;20;10;96680;mq;mq;mq;mq;mq;mq;mq;mq;mq;mq;mq;2.600000;-10;mq;mq;0.000000;-30;0.000000;0.000000;mq;mq;mq;710.000000;1103.000000;3100.000000;mq;2;8;1200;mq;mq;mq;mq;mq;mq;mq;mq;mq;
07460;20110902150000;101170;-110;6;120;1.500000;300.750000;290.650000;54;40000;2;1;1;10;1;2250;32;20;12;97530;mq;mq;mq;mq;mq;mq;mq;mq;mq;mq;mq;3.100000;-10;mq;mq;0.000000;-30;0.000000;0.000000;mq;mq;mq;710.000000;1103.000000;3100.000000;mq;1;8;1800;mq;mq;mq;mq;mq;mq;mq;mq;mq;
07471;20110902150000;mq;-60;6;70;2.600000;298.650000;288.650000;54;40000;2;1;1;50;1;1250;32;20;12;92020;85000;17520;mq;mq;mq;mq;mq;mq;mq;mq;mq;5.100000;-10;mq;mq;0.000000;-30;0.000000;0.000000;mq;mq;mq;710.000000;1105.000000;3100.000000;mq;1;8;1380;4;0;7500;mq;mq;mq;mq;mq;mq;
07481;20110902150000;101180;-120;6;260;1.500000;302.050000;288.250000;43;30000;2;1;1;40;1;3500;30;23;12;98500;mq;mq;mq;mq;mq;mq;mq;mq;mq;mq;mq;3.600000;-10;mq;mq;0.000000;-30;0.000000;0.000000;mq;mq;mq;710.000000;1104.000000;3100.000000;mq;1;3;5400;3;0;7800;mq;mq;mq;mq;mq;mq;
07510;20110902150000;101140;-120;6;40;1.500000;303.350000;288.650000;41;50000;2;1;1;10;1;1750;31;28;12;100530;mq;mq;mq;mq;mq;mq;mq;mq;mq;mq;mq;4.100000;-10;mq;mq;0.000000;-30;0.000000;0.000000;mq;mq;mq;710.000000;1104.000000;3100.000000;mq;1;8;1500;mq;mq;mq;mq;mq;mq;mq;mq;mq;
07535;20110902150000;101070;-120;7;340;3.100000;302.350000;291.150000;51;20000;2;1;1;25;2;800;31;20;10;98170;mq;mq;mq;mq;mq;mq;mq;mq;mq;mq;mq;5.700000;-10;mq;mq;0.000000;-30;0.000000;0.000000;mq;mq;mq;710.000000;1106.000000;3100.000000;mq;2;8;780;mq;mq;mq;mq;mq;mq;mq;mq;mq;
07558;20110902150000;101000;-60;7;160;6.200000;300.450000;288.750000;49;50000;2;1;1;25;2;800;31;20;10;93220;mq;mq;mq;mq;mq;mq;mq;mq;mq;mq;mq;9.300000;-10;mq;mq;0.000000;-30;0.000000;0.000000;mq;mq;mq;710.000000;1109.000000;3100.000000;mq;2;8;780;mq;mq;mq;mq;mq;mq;mq;mq;mq;
07577;20110902150000;101130;-120;6;170;2.100000;304.950000;286.250000;32;40000;2;1;1;50;1;1250;31;23;12;100300;mq;mq;mq;mq;mq;mq;mq;mq;mq;mq;mq;6.200000;-10;mq;mq;0.000000;-30;0.000000;0.000000;mq;mq;mq;710.000000;1106.000000;3100.000000;mq;1;8;1380;4;0;7500;mq;mq;mq;mq;mq;mq;
07591;20110902150000;mq;-130;6;230;3.600000;303.250000;281.050000;25;mq;0;mq;mq;mq;mq;mq;mq;mq;mq;91500;mq;mq;mq;mq;mq;mq;mq;mq;mq;mq;mq;8.200000;-10;mq;mq;mq;mq;0.000000;0.000000;mq;mq;mq;710.000000;1108.000000;mq;mq;mq;mq;mq;mq;mq;mq;mq;mq;mq;mq;mq;mq;
07607;20110902150000;101050;-110;8;70;2.100000;304.350000;291.650000;47;20000;0;mq;mq;90;mq;1750;mq;mq;mq;100390;mq;mq;mq;mq;mq;mq;mq;mq;mq;mq;mq;5.700000;-10;mq;mq;mq;mq;0.000000;0.000000;mq;mq;mq;710.000000;1106.000000;mq;mq;mq;mq;mq;mq;mq;mq;mq;mq;mq;mq;mq;mq;
07621;20110902150000;100960;-100;6;50;2.600000;301.050000;289.950000;51;30000;2;1;1;75;2;1750;32;28;12;96920;mq;mq;mq;mq;mq;mq;mq;mq;mq;mq;mq;8.200000;-10;mq;mq;0.000000;-30;0.000000;0.000000;mq;mq;mq;710.000000;1108.000000;3100.000000;mq;2;8;1500;3;3;3000;5;0;6600;mq;mq;mq;
07627;20110902150000;100910;-120;6;30;1.500000;301.150000;289.450000;49;30000;2;1;1;40;1;1750;32;23;11;96370;mq;mq;mq;mq;mq;mq;mq;mq;mq;mq;mq;4.600000;-10;mq;mq;0.000000;-30;0.000000;0.000000;mq;mq;mq;710.000000;1105.000000;3100.000000;mq;1;8;1500;mq;mq;mq;mq;mq;mq;mq;mq;mq;
07630;20110902150000;100980;-160;7;200;2.100000;304.950000;290.450000;42;30000;2;1;1;25;1;1750;31;28;12;99310;mq;mq;mq;mq;mq;mq;mq;mq;mq;mq;mq;6.200000;-10;mq;mq;0.000000;-30;0.000000;0.000000;mq;mq;mq;710.000000;1106.000000;3100.000000;mq;1;8;1500;mq;mq;mq;mq;mq;mq;mq;mq;mq;
07643;20110902150000;101240;-110;6;150;1.500000;303.050000;287.150000;38;20000;2;1;1;40;0;8000;30;20;11;101150;mq;mq;mq;mq;mq;mq;mq;mq;mq;mq;mq;3.600000;-10;mq;mq;mq;mq;0.000000;0.000000;mq;mq;mq;710.000000;1104.000000;mq;mq;3;0;6900;mq;mq;mq;mq;mq;mq;mq;mq;mq;
07650;20110902150000;101180;-50;5;200;4.100000;303.950000;288.350000;39;60000;2;1;1;25;1;3500;30;23;12;100820;mq;mq;mq;mq;mq;mq;mq;mq;mq;mq;mq;7.200000;-10;mq;mq;0.000000;-30;0.000000;0.000000;mq;mq;mq;710.000000;1107.000000;3100.000000;mq;1;3;4500;mq;mq;mq;mq;mq;mq;mq;mq;mq;
07661;20110902150000;101190;-90;6;140;8.200000;297.750000;294.250000;81;18000;2;1;1;75;0;8000;30;20;16;99660;mq;mq;mq;mq;mq;mq;mq;mq;mq;mq;13.400000;13.400000;-10;mq;mq;mq;mq;0.000000;0.000000;mq;mq;mq;1013.000000;710.000000;1113.000000;mq;2;2;4800;4;0;6000;mq;mq;mq;mq;mq;mq;
07690;20110902150000;101340;-30;7;100;5.700000;299.350000;294.950000;77;20000;2;1;1;50;1;800;31;20;11;101020;mq;mq;mq;mq;mq;mq;mq;mq;mq;mq;mq;8.200000;-10;mq;mq;0.000000;-30;0.000000;0.000000;mq;mq;mq;710.000000;1108.000000;3100.000000;mq;1;8;600;4;0;7800;mq;mq;mq;mq;mq;mq;
07747;20110902150000;101200;-110;6;100;4.100000;299.750000;293.850000;70;15000;2;1;1;60;3;800;31;20;12;100700;mq;mq;mq;mq;mq;mq;mq;mq;mq;mq;mq;8.700000;-10;mq;mq;0.000000;-30;0.000000;0.000000;mq;mq;mq;710.000000;1109.000000;3100.000000;mq;3;8;600;3;0;7500;mq;mq;mq;mq;mq;mq;
07761;20110902150000;101160;-20;5;200;2.600000;302.450000;293.050000;57;20000;2;1;1;90;1;3500;30;28;11;101060;mq;mq;mq;mq;mq;mq;mq;mq;mq;mq;mq;6.700000;-10;mq;mq;0.000000;-30;0.000000;0.000000;mq;mq;mq;710.000000;1107.000000;3100.000000;mq;1;3;4500;7;0;7800;mq;mq;mq;mq;mq;mq;
07790;20110902150000;101300;-70;6;140;2.600000;299.850000;296.750000;83;12000;2;1;1;90;7;450;38;61;60;101160;mq;mq;mq;mq;mq;mq;mq;mq;mq;mq;mq;7.200000;-10;mq;mq;0.000000;-30;0.000000;0.000000;mq;mq;mq;710.000000;1107.000000;3100.000000;mq;3;8;420;5;6;840;5;3;3300;mq;mq;mq;
61968;20110902150000;101470;mq;mq;0;0.000000;296.150000;294.050000;88;mq;mq;mq;mq;mq;mq;mq;mq;mq;mq;mq;mq;mq;mq;mq;mq;mq;mq;mq;mq;mq;mq;3.100000;-10;mq;mq;mq;mq;0.000000;3.000000;mq;mq;mq;710.000000;1103.000000;mq;mq;mq;mq;mq;mq;mq;mq;mq;mq;mq;mq;mq;mq;
61970;20110902150000;101620;mq;mq;mq;mq;298.550000;293.750000;75;mq;mq;mq;mq;mq;mq;mq;mq;mq;mq;mq;mq;mq;mq;mq;mq;mq;mq;mq;mq;mq;mq;mq;mq;mq;mq;mq;mq;0.000000;0.000000;mq;mq;mq;mq;mq;mq;mq;mq;mq;mq;mq;mq;mq;mq;mq;mq;mq;mq;mq;
61972;20110902150000;101500;mq;mq;10;2.100000;297.350000;295.250000;88;mq;mq;mq;mq;mq;mq;mq;mq;mq;mq;mq;mq;mq;mq;mq;mq;mq;mq;mq;mq;mq;mq;8.200000;-10;mq;mq;mq;mq;0.000000;0.000000;mq;mq;mq;710.000000;1108.000000;mq;mq;mq;mq;mq;mq;mq;mq;mq;mq;mq;mq;mq;mq;
61976;20110902150000;101670;mq;mq;120;8.200000;297.050000;292.350000;75;mq;mq;mq;mq;mq;mq;mq;mq;mq;mq;101520;mq;mq;mq;mq;mq;mq;mq;mq;mq;mq;mq;mq;mq;mq;mq;mq;mq;mq;mq;mq;mq;mq;mq;mq;mq;mq;mq;mq;mq;mq;mq;mq;mq;mq;mq;mq;mq;mq;
61980;20110902150000;101930;mq;mq;120;8.200000;294.650000;290.250000;76;10000;2;1;1;25;2;800;38;20;10;mq;mq;mq;mq;mq;mq;mq;mq;mq;mq;mq;mq;11.800000;-10;mq;mq;mq;mq;0.000000;0.000000;mq;mq;mq;710.000000;1112.000000;mq;mq;1;8;780;mq;mq;mq;mq;mq;mq;mq;mq;mq;
61996;20110902150000;mq;mq;mq;280;8.700000;285.550000;mq;mq;mq;mq;mq;mq;mq;mq;mq;mq;mq;mq;mq;mq;mq;mq;mq;mq;mq;mq;mq;mq;mq;mq;11.800000;-10;mq;mq;mq;mq;0.000000;0.000000;mq;mq;mq;710.000000;1112.000000;mq;mq;mq;mq;mq;mq;mq;mq;mq;mq;mq;mq;mq;mq;
61997;20110902150000;100310;mq;mq;330;8.700000;277.150000;276.550000;96;mq;mq;mq;mq;mq;mq;mq;mq;mq;mq;mq;mq;mq;mq;mq;mq;mq;mq;mq;mq;mq;mq;mq;mq;mq;mq;mq;mq;mq;0.600000;mq;mq;mq;mq;mq;mq;mq;mq;mq;mq;mq;mq;mq;mq;mq;mq;mq;mq;mq;
61998;20110902150000;100870;mq;mq;330;8.700000;275.550000;270.250000;68;mq;mq;mq;mq;mq;mq;mq;mq;mq;mq;mq;mq;mq;1610;mq;mq;mq;mq;mq;mq;mq;mq;13.400000;-10;mq;mq;mq;mq;0.000000;0.000000;mq;mq;mq;710.000000;1113.000000;mq;mq;mq;mq;mq;mq;mq;mq;mq;mq;mq;mq;mq;mq;
67005;20110902150000;101510;mq;mq;140;4.100000;298.750000;293.750000;74;mq;0;mq;mq;mq;mq;mq;mq;mq;mq;mq;mq;mq;mq;mq;mq;mq;mq;mq;mq;mq;mq;5.700000;-10;mq;mq;mq;mq;0.000000;0.000000;mq;mq;mq;710.000000;1106.000000;mq;mq;mq;mq;mq;mq;mq;mq;mq;mq;mq;mq;mq;mq;
71805;20110902150000;102510;-20;8;150;3.600000;291.350000;288.050000;81;40000;2;1;1;75;1;450;31;20;12;102430;mq;mq;mq;mq;mq;mq;mq;mq;mq;mq;mq;5.100000;-10;mq;mq;0.000000;-30;0.000000;0.000000;mq;mq;mq;710.000000;1105.000000;3100.000000;mq;1;8;480;6;0;6900;mq;mq;mq;mq;mq;mq;
78897;20110902150000;101530;20;0;130;2.600000;303.950000;296.850000;66;30000;25;1;1;60;5;800;32;20;10;mq;mq;mq;mq;mq;mq;mq;mq;mq;mq;mq;mq;mq;mq;mq;mq;mq;mq;mq;mq;mq;mq;mq;mq;mq;mq;mq;5;8;750;mq;mq;mq;mq;mq;mq;mq;mq;mq;
78922;20110902150000;101550;60;0;90;2.100000;305.350000;296.650000;60;mq;mq;mq;mq;mq;mq;mq;mq;mq;mq;101110;mq;mq;mq;mq;mq;mq;mq;mq;mq;mq;mq;mq;mq;mq;mq;mq;mq;mq;mq;mq;mq;mq;mq;mq;mq;mq;mq;mq;mq;mq;mq;mq;mq;mq;mq;mq;mq;mq;
78925;20110902150000;101520;80;0;110;1.500000;305.550000;297.550000;63;30000;2;1;1;60;5;800;32;20;10;mq;mq;mq;mq;mq;mq;mq;mq;mq;mq;mq;mq;mq;mq;mq;mq;mq;mq;mq;mq;mq;mq;mq;mq;mq;mq;mq;5;8;900;mq;mq;mq;mq;mq;mq;mq;mq;mq;
81401;20110902150000;101460;mq;mq;70;2.600000;304.950000;294.150000;53;mq;mq;mq;mq;mq;mq;mq;mq;mq;mq;101400;mq;mq;mq;mq;mq;mq;mq;mq;mq;mq;mq;mq;mq;mq;mq;mq;mq;mq;0.000000;mq;mq;mq;mq;mq;mq;mq;mq;mq;mq;mq;mq;mq;mq;mq;mq;mq;mq;mq;
81405;20110902150000;101470;mq;mq;80;5.700000;304.150000;294.650000;57;60000;0;mq;mq;mq;mq;1250;mq;mq;mq;101380;mq;mq;mq;mq;mq;mq;mq;mq;mq;mq;mq;mq;mq;mq;mq;mq;mq;mq;0.000000;mq;mq;mq;mq;mq;mq;mq;mq;mq;mq;mq;mq;mq;mq;mq;mq;mq;mq;mq;
81408;20110902150000;101400;mq;mq;90;3.600000;305.050000;294.850000;55;mq;mq;mq;mq;mq;mq;mq;mq;mq;mq;101320;mq;mq;mq;mq;mq;mq;mq;mq;mq;mq;mq;mq;mq;mq;mq;mq;mq;mq;0.200000;mq;mq;mq;mq;mq;mq;mq;mq;mq;mq;mq;mq;mq;mq;mq;mq;mq;mq;mq;
81415;20110902150000;101440;mq;mq;30;1.000000;304.550000;294.450000;55;mq;mq;mq;mq;mq;mq;mq;mq;mq;mq;100250;mq;mq;mq;mq;mq;mq;mq;mq;mq;mq;mq;mq;mq;mq;mq;mq;mq;mq;0.000000;mq;mq;mq;mq;mq;mq;mq;mq;mq;mq;mq;mq;mq;mq;mq;mq;mq;mq;mq;
89642;20110902150000;99950;50;1;100;5.100000;256.350000;248.350000;46;mq;mq;mq;mq;mq;mq;mq;mq;mq;mq;99380;mq;mq;mq;mq;mq;mq;mq;mq;mq;mq;mq;mq;mq;mq;mq;mq;mq;mq;mq;mq;mq;mq;mq;mq;mq;mq;mq;mq;mq;mq;mq;mq;mq;mq;mq;mq;mq;mq;
07005;20110902180000;101210;-50;7;280;2.100000;294.450000;288.950000;71;mq;mq;mq;mq;mq;mq;mq;mq;mq;mq;100350;mq;mq;mq;289.050000;mq;298.250000;mq;mq;mq;mq;mq;4.600000;-10;mq;mq;mq;mq;0.000000;0.000000;mq;0.000000;mq;710.000000;1105.000000;mq;mq;mq;mq;mq;mq;mq;mq;mq;mq;mq;mq;mq;mq;
07015;20110902180000;101170;30;3;280;4.100000;297.050000;289.850000;64;25000;2;1;1;90;1;2250;32;20;12;100630;mq;mq;mq;287.150000;mq;300.950000;mq;mq;mq;mq;mq;7.200000;-10;mq;mq;0.000000;-60;0.000000;0.000000;mq;0.000000;mq;710.000000;1107.000000;3100.000000;mq;1;8;1800;7;0;6900;mq;mq;mq;mq;mq;mq;
07020;20110902180000;101230;-100;6;120;1.500000;290.050000;289.250000;95;2000;10;2;2;60;5;800;36;20;11;100970;mq;mq;mq;289.750000;mq;292.950000;mq;mq;mq;mq;mq;3.600000;-10;mq;mq;mq;mq;0.000000;0.000000;mq;0.200000;mq;710.000000;1104.000000;mq;mq;4;7;600;mq;mq;mq;mq;mq;mq;mq;mq;mq;
07027;20110902180000;101200;-20;7;330;1.500000;294.650000;289.650000;73;25000;0;mq;mq;mq;mq;mq;mq;mq;mq;100420;mq;mq;mq;288.550000;mq;300.450000;mq;mq;mq;mq;mq;4.100000;-10;mq;mq;mq;mq;0.000000;0.000000;mq;0.000000;mq;710.000000;1104.000000;mq;mq;mq;mq;mq;mq;mq;mq;mq;mq;mq;mq;mq;mq;
07037;20110902180000;101160;-20;6;360;3.600000;296.950000;291.850000;73;22000;mq;mq;mq;mq;mq;1750;mq;mq;mq;99420;mq;mq;mq;288.750000;mq;300.550000;mq;mq;mq;mq;mq;5.100000;-10;mq;mq;mq;mq;0.000000;0.000000;mq;0.000000;mq;710.000000;1105.000000;mq;mq;mq;mq;mq;mq;mq;mq;mq;mq;mq;mq;mq;mq;
07110;20110902180000;101220;20;3;190;4.100000;291.650000;287.750000;78;10000;2;1;1;25;1;800;31;20;11;100110;mq;mq;mq;284.850000;mq;298.350000;mq;mq;mq;mq;mq;6.700000;-10;mq;mq;0.000000;-60;0.000000;0.000000;mq;0.000000;mq;710.000000;1107.000000;3100.000000;mq;1;8;900;mq;mq;mq;mq;mq;mq;mq;mq;mq;
07117;20110902180000;101170;-80;6;90;1.500000;291.950000;287.450000;75;20000;2;1;1;60;3;3500;30;24;19;100490;mq;mq;mq;287.650000;mq;294.150000;mq;mq;mq;mq;mq;2.600000;-10;mq;mq;mq;mq;0.000000;0.000000;mq;0.000000;mq;710.000000;1103.000000;2428.000000;mq;mq;mq;mq;mq;mq;mq;mq;mq;mq;mq;mq;mq;
07130;20110902180000;101130;-10;5;270;2.100000;299.050000;290.150000;58;35000;0;mq;mq;mq;mq;mq;mq;mq;mq;100640;mq;mq;mq;287.450000;mq;301.450000;mq;mq;mq;mq;mq;3.600000;-10;mq;mq;mq;mq;0.000000;0.000000;mq;0.000000;mq;710.000000;1104.000000;mq;mq;mq;mq;mq;mq;mq;mq;mq;mq;mq;mq;mq;mq;
07139;20110902180000;101150;-10;5;250;3.100000;298.450000;289.050000;56;mq;mq;mq;mq;mq;mq;mq;mq;mq;mq;99510;mq;mq;mq;286.750000;mq;301.150000;mq;mq;mq;mq;mq;5.100000;-10;mq;mq;mq;mq;0.000000;0.000000;mq;0.200000;mq;710.000000;1105.000000;mq;mq;mq;mq;mq;mq;mq;mq;mq;mq;mq;mq;mq;mq;
07149;20110902180000;101160;-20;5;210;1.000000;299.850000;287.650000;47;25000;2;1;1;75;1;1750;32;20;11;100140;mq;mq;mq;288.850000;mq;302.550000;mq;mq;mq;mq;mq;3.600000;-10;mq;mq;0.000000;-60;0.000000;0.000000;mq;0.000000;mq;710.000000;1104.000000;3100.000000;mq;1;8;1500;6;0;7500;mq;mq;mq;mq;mq;mq;
07168;20110902180000;101200;10;3;300;2.100000;299.650000;290.450000;57;20000;0;mq;mq;mq;mq;mq;mq;mq;mq;99860;mq;mq;mq;288.450000;mq;302.950000;mq;mq;mq;mq;mq;3.600000;-10;mq;mq;mq;mq;0.000000;0.000000;mq;0.200000;mq;710.000000;1104.000000;mq;mq;mq;mq;mq;mq;mq;mq;mq;mq;mq;mq;mq;mq;
07181;20110902180000;101210;10;3;310;1.000000;297.850000;290.350000;63;60000;0;mq;mq;mq;mq;1750;mq;mq;mq;97350;mq;mq;mq;290.150000;mq;300.550000;mq;mq;mq;mq;mq;3.100000;-10;mq;mq;mq;mq;0.000000;0.000000;mq;0.000000;mq;710.000000;1103.000000;mq;mq;mq;mq;mq;mq;mq;mq;mq;mq;mq;mq;mq;mq;
07190;20110902180000;101250;10;3;10;1.500000;297.850000;291.550000;68;35000;0;mq;mq;mq;mq;mq;mq;mq;mq;99530;mq;mq;mq;288.650000;mq;300.750000;mq;mq;mq;mq;mq;3.100000;-10;mq;mq;mq;mq;0.000000;0.000000;mq;0.800000;mq;710.000000;1103.000000;mq;mq;mq;mq;mq;mq;mq;mq;mq;mq;mq;mq;mq;mq;
07207;20110902180000;mq;mq;mq;290;4.100000;290.550000;289.250000;92;200;2;1;1;100;8;80;36;61;60;mq;mq;mq;mq;289.650000;mq;294.750000;mq;mq;mq;mq;mq;6.700000;-10;mq;mq;mq;mq;0.000000;0.000000;mq;0.000000;mq;710.000000;1107.000000;2422.000000;mq;mq;mq;mq;mq;mq;mq;mq;mq;mq;mq;mq;mq;
07222;20110902180000;101180;-10;6;260;3.100000;297.250000;290.450000;66;30000;2;1;1;0;mq;mq;mq;mq;mq;100880;mq;mq;mq;288.250000;mq;300.950000;mq;mq;mq;mq;mq;4.600000;-10;mq;mq;mq;mq;0.000000;0.000000;mq;0.000000;mq;710.000000;1105.000000;mq;mq;mq;mq;mq;mq;mq;mq;mq;mq;mq;mq;mq;mq;
07240;20110902180000;101130;-40;5;270;1.500000;300.850000;289.150000;49;30000;0;mq;mq;0;mq;mq;mq;mq;mq;99860;mq;mq;mq;289.450000;mq;302.950000;mq;mq;mq;mq;mq;4.100000;-10;mq;mq;0.000000;-60;0.000000;0.000000;mq;0.000000;mq;710.000000;1104.000000;3100.000000;mq;mq;mq;mq;mq;mq;mq;mq;mq;mq;mq;mq;mq;
07255;20110902180000;101160;-50;6;250;1.000000;300.950000;289.550000;50;20000;0;mq;mq;mq;mq;mq;mq;mq;mq;99290;mq;mq;mq;289.650000;mq;302.450000;mq;mq;mq;mq;mq;2.600000;-10;mq;mq;mq;mq;0.000000;0.000000;mq;0.000000;mq;710.000000;1103.000000;mq;mq;mq;mq;mq;mq;mq;mq;mq;mq;mq;mq;mq;mq;
07280;20110902180000;101190;0;5;250;2.100000;299.550000;289.450000;54;60000;0;mq;mq;mq;mq;mq;mq;mq;mq;98630;mq;mq;mq;290.750000;mq;302.650000;mq;mq;mq;mq;mq;5.100000;-10;mq;mq;mq;mq;0.000000;0.000000;mq;0.000000;mq;710.000000;1105.000000;mq;mq;mq;mq;mq;mq;mq;mq;mq;mq;mq;mq;mq;mq;
07299;20110902180000;101220;10;3;300;2.100000;297.550000;291.050000;67;30000;2;1;1;50;1;1750;39;23;11;98130;mq;mq;mq;290.150000;mq;303.350000;mq;mq;mq;mq;mq;3.100000;-10;mq;mq;0.000000;-60;0.000000;0.000000;mq;0.000000;mq;710.000000;1103.000000;3100.000000;mq;1;8;1500;1;9;1800;3;0;7500;mq;mq;mq;
07314;20110902180000;101210;-90;6;330;5.700000;294.150000;292.650000;91;25000;2;1;1;40;3;1250;31;23;60;100940;mq;mq;mq;292.950000;mq;297.150000;mq;mq;mq;mq;mq;6.700000;-10;mq;mq;mq;mq;0.000000;0.000000;mq;0.000000;mq;710.000000;1107.000000;2420.000000;mq;1;8;1200;mq;mq;mq;mq;mq;mq;mq;mq;mq;
07335;20110902180000;101150;-50;5;180;2.600000;299.950000;290.750000;57;60000;0;mq;mq;mq;mq;mq;mq;mq;mq;99790;mq;mq;mq;289.650000;mq;302.350000;mq;mq;mq;mq;mq;4.600000;-10;mq;mq;mq;mq;0.000000;0.000000;mq;0.200000;mq;710.000000;1105.000000;mq;mq;mq;mq;mq;mq;mq;mq;mq;mq;mq;mq;mq;mq;
07434;20110902180000;101140;-50;6;340;1.500000;298.350000;290.050000;60;45000;0;mq;mq;mq;mq;mq;mq;mq;mq;96630;mq;mq;mq;290.550000;mq;300.850000;mq;mq;mq;mq;mq;3.100000;-10;mq;mq;mq;mq;0.000000;0.000000;mq;0.000000;mq;710.000000;1103.000000;mq;mq;mq;mq;mq;mq;mq;mq;mq;mq;mq;mq;mq;mq;
07460;20110902180000;101140;-50;6;60;1.500000;298.550000;290.950000;63;40000;2;1;1;10;1;2250;35;20;10;97480;mq;mq;mq;290.850000;mq;301.150000;mq;mq;mq;mq;mq;2.600000;-10;mq;mq;0.000000;-60;0.000000;0.000000;mq;0.000000;mq;710.000000;1103.000000;3100.000000;mq;1;6;1800;mq;mq;mq;mq;mq;mq;mq;mq;mq;
07471;20110902180000;mq;-40;6;40;2.100000;295.250000;288.850000;67;20000;0;mq;mq;mq;mq;mq;mq;mq;mq;91980;85000;17500;mq;286.450000;mq;298.750000;mq;mq;mq;mq;mq;4.600000;-10;mq;mq;mq;mq;0.000000;0.000000;mq;0.000000;mq;710.000000;1105.000000;mq;mq;mq;mq;mq;mq;mq;mq;mq;mq;mq;mq;mq;mq;
07481;20110902180000;101170;-30;7;40;2.100000;299.950000;290.750000;57;50000;2;1;1;0;mq;mq;mq;mq;mq;98470;mq;mq;mq;294.050000;mq;302.550000;mq;mq;mq;mq;mq;4.100000;-10;mq;mq;0.000000;-60;0.000000;0.000000;mq;0.000000;mq;710.000000;1104.000000;3100.000000;mq;mq;mq;mq;mq;mq;mq;mq;mq;mq;mq;mq;mq;
07510;20110902180000;101090;-50;6;20;2.600000;301.450000;289.750000;49;50000;2;1;1;75;1;1750;32;28;12;100480;mq;mq;mq;292.150000;mq;303.750000;mq;mq;mq;mq;mq;4.600000;-10;mq;mq;0.000000;-60;0.000000;0.000000;mq;0.000000;mq;710.000000;1105.000000;3100.000000;mq;1;8;1500;4;3;4500;mq;mq;mq;mq;mq;mq;
07535;20110902180000;101040;-60;6;360;1.500000;300.050000;291.050000;58;mq;mq;mq;mq;mq;mq;mq;mq;mq;mq;98110;mq;mq;mq;292.550000;mq;302.650000;mq;mq;mq;mq;mq;4.100000;-10;mq;mq;mq;mq;0.000000;0.000000;mq;0.000000;mq;710.000000;1104.000000;mq;mq;mq;mq;mq;mq;mq;mq;mq;mq;mq;mq;mq;mq;
07558;20110902180000;101130;10;3;150;4.100000;296.150000;288.950000;64;mq;mq;mq;mq;mq;mq;mq;mq;mq;mq;93230;mq;mq;mq;290.650000;mq;301.350000;mq;mq;mq;mq;mq;8.200000;-10;mq;mq;mq;mq;0.000000;0.000000;mq;0.000000;mq;710.000000;1108.000000;mq;mq;mq;mq;mq;mq;mq;mq;mq;mq;mq;mq;mq;mq;
07577;20110902180000;101110;-20;5;260;1.000000;302.750000;289.950000;46;20000;0;mq;mq;mq;mq;mq;mq;mq;mq;100280;mq;mq;mq;290.550000;mq;305.350000;mq;mq;mq;mq;mq;2.100000;-10;mq;mq;mq;mq;0.000000;0.000000;mq;0.000000;mq;710.000000;1102.000000;mq;mq;mq;mq;mq;mq;mq;mq;mq;mq;mq;mq;mq;mq;
07591;20110902180000;mq;30;3;270;1.500000;298.150000;284.350000;42;mq;0;mq;mq;mq;mq;mq;mq;mq;mq;91530;mq;mq;mq;288.650000;mq;303.950000;mq;mq;mq;mq;mq;4.100000;-10;mq;mq;mq;mq;0.000000;0.000000;mq;0.000000;mq;710.000000;1104.000000;mq;mq;mq;mq;mq;mq;mq;mq;mq;mq;mq;mq;mq;mq;
07607;20110902180000;101000;-60;8;310;2.100000;300.050000;293.150000;66;20000;0;mq;mq;100;mq;1750;mq;mq;mq;100330;mq;mq;mq;290.250000;mq;304.550000;mq;mq;mq;mq;mq;2.600000;-10;mq;mq;mq;mq;0.000000;0.000000;mq;0.000000;mq;710.000000;1103.000000;mq;mq;mq;mq;mq;mq;mq;mq;mq;mq;mq;mq;mq;mq;
07621;20110902180000;100960;-40;8;280;3.100000;297.550000;293.250000;77;20000;17;9;1;90;4;1750;39;28;60;96880;mq;mq;mq;290.150000;mq;302.550000;mq;mq;mq;mq;mq;4.100000;-10;mq;mq;0.000000;-60;0.000000;0.000000;mq;0.000000;mq;710.000000;1104.000000;3100.000000;mq;3;8;1500;2;9;1800;5;3;2700;7;3;3900;
07627;20110902180000;100910;-40;6;170;1.000000;298.050000;292.650000;72;mq;mq;mq;mq;mq;mq;mq;mq;mq;mq;96330;mq;mq;mq;290.850000;mq;302.050000;mq;mq;mq;mq;mq;3.100000;-10;mq;mq;mq;mq;0.000000;0.000000;mq;0.000000;mq;710.000000;1103.000000;mq;mq;mq;mq;mq;mq;mq;mq;mq;mq;mq;mq;mq;mq;
07630;20110902180000;100980;-20;5;140;6.200000;301.550000;288.850000;46;30000;2;1;1;50;2;1750;32;28;12;99290;mq;mq;mq;294.650000;mq;305.150000;mq;mq;mq;mq;mq;8.200000;-10;mq;mq;0.000000;-60;0.000000;0.000000;mq;0.000000;mq;710.000000;1108.000000;3100.000000;mq;2;6;1800;3;0;7800;mq;mq;mq;mq;mq;mq;
07643;20110902180000;101210;-30;7;160;1.500000;299.750000;289.350000;53;30000;2;1;1;90;0;8000;30;20;12;101120;mq;mq;mq;294.250000;mq;304.050000;mq;mq;mq;mq;mq;3.100000;-10;mq;mq;mq;mq;0.000000;0.000000;mq;0.000000;mq;710.000000;1103.000000;mq;mq;7;0;6900;mq;mq;mq;mq;mq;mq;mq;mq;mq;
07650;20110902180000;101170;-20;6;300;2.100000;298.950000;293.250000;71;60000;2;1;1;25;0;8000;30;20;12;100800;mq;mq;mq;294.250000;mq;305.650000;mq;mq;mq;mq;mq;4.600000;-10;mq;mq;0.000000;-60;0.000000;0.000000;mq;0.000000;mq;710.000000;1105.000000;3100.000000;mq;2;0;6900;mq;mq;mq;mq;mq;mq;mq;mq;mq;
07661;20110902180000;101130;-50;8;120;7.700000;298.150000;292.550000;71;mq;mq;mq;mq;mq;mq;mq;mq;mq;mq;99610;mq;mq;mq;295.250000;mq;300.750000;mq;mq;mq;mq;mq;11.300000;-10;mq;mq;mq;mq;0.000000;0.000000;mq;0.000000;mq;710.000000;1111.000000;mq;mq;mq;mq;mq;mq;mq;mq;mq;mq;mq;mq;mq;mq;
07690;20110902180000;101290;-50;8;90;3.600000;298.250000;294.550000;80;20000;2;1;1;75;0;mq;30;20;11;100970;mq;mq;mq;296.750000;mq;300.250000;mq;mq;mq;mq;mq;4.600000;-10;mq;mq;0.000000;-60;0.000000;0.000000;mq;0.000000;mq;710.000000;1105.000000;3100.000000;mq;6;0;7800;mq;mq;mq;mq;mq;mq;mq;mq;mq;
07747;20110902180000;101170;-40;7;80;2.600000;297.150000;293.050000;78;29000;0;mq;mq;mq;mq;450;mq;mq;mq;100660;mq;mq;mq;295.650000;mq;301.550000;mq;mq;mq;mq;mq;5.100000;-10;mq;mq;mq;mq;0.000000;0.000000;mq;0.000000;mq;710.000000;1105.000000;mq;mq;mq;mq;mq;mq;mq;mq;mq;mq;mq;mq;mq;mq;
07761;20110902180000;101090;-70;8;330;2.100000;300.150000;293.750000;68;20000;1;9;8;90;5;3500;30;28;11;100990;mq;mq;mq;295.550000;mq;305.450000;mq;mq;mq;mq;mq;3.600000;-10;mq;mq;0.000000;-60;0.000000;0.400000;mq;0.400000;mq;710.000000;1104.000000;3100.000000;mq;1;3;3300;5;3;4500;7;0;7800;mq;mq;mq;
07790;20110902180000;101220;-80;8;120;2.600000;298.450000;296.850000;91;9000;2;1;1;90;4;450;38;20;12;101080;mq;mq;mq;295.150000;mq;302.150000;mq;mq;mq;mq;mq;4.600000;-10;mq;mq;0.000000;-60;0.000000;0.000000;mq;0.000000;mq;710.000000;1105.000000;3100.000000;mq;1;8;300;4;6;720;7;0;6900;mq;mq;mq;
61968;20110902180000;101600;mq;mq;80;4.600000;296.750000;293.050000;80;mq;mq;mq;mq;mq;mq;mq;mq;mq;mq;mq;mq;mq;mq;mq;mq;302.250000;mq;mq;mq;mq;mq;8.700000;-10;mq;mq;mq;mq;0.000000;mq;mq;5.000000;mq;710.000000;1109.000000;mq;mq;mq;mq;mq;mq;mq;mq;mq;mq;mq;mq;mq;mq;
61972;20110902180000;101580;mq;mq;350;4.600000;296.950000;295.050000;89;mq;mq;mq;mq;mq;mq;mq;mq;mq;mq;mq;mq;mq;mq;mq;mq;300.050000;mq;mq;mq;mq;mq;7.700000;-10;mq;mq;mq;mq;0.000000;mq;mq;0.000000;mq;710.000000;1108.000000;mq;mq;mq;mq;mq;mq;mq;mq;mq;mq;mq;mq;mq;mq;
61976;20110902180000;101760;mq;mq;130;8.200000;296.550000;292.050000;76;mq;mq;mq;mq;mq;mq;mq;mq;mq;mq;101610;mq;mq;mq;mq;mq;mq;mq;mq;mq;mq;mq;mq;mq;mq;mq;mq;mq;mq;mq;mq;mq;mq;mq;mq;mq;mq;mq;mq;mq;mq;mq;mq;mq;mq;mq;mq;mq;mq;
61980;20110902180000;102080;mq;mq;110;3.600000;292.850000;290.950000;89;5000;60;6;1;90;7;800;38;61;60;mq;mq;mq;mq;mq;mq;298.750000;mq;mq;mq;mq;mq;12.900000;-10;mq;mq;mq;mq;0.600000;mq;mq;0.600000;mq;710.000000;1113.000000;mq;mq;4;8;690;6;6;1800;mq;mq;mq;mq;mq;mq;
61996;20110902180000;mq;mq;mq;280;5.700000;285.550000;mq;mq;mq;mq;mq;mq;mq;mq;mq;mq;mq;mq;mq;mq;mq;mq;mq;mq;288.150000;mq;mq;mq;mq;mq;10.300000;-10;mq;mq;mq;mq;0.000000;mq;mq;mq;mq;710.000000;1110.000000;mq;mq;mq;mq;mq;mq;mq;mq;mq;mq;mq;mq;mq;mq;
61997;20110902180000;99740;mq;mq;350;10.300000;278.550000;278.150000;97;mq;mq;mq;mq;mq;mq;mq;mq;mq;mq;mq;mq;mq;mq;mq;mq;277.550000;mq;mq;mq;mq;mq;17.500000;-60;mq;mq;mq;mq;mq;mq;mq;1.000000;mq;1117.000000;mq;mq;mq;mq;mq;mq;mq;mq;mq;mq;mq;mq;mq;mq;mq;
61998;20110902180000;100800;mq;mq;310;8.700000;275.550000;271.750000;76;mq;mq;mq;mq;mq;mq;mq;mq;mq;mq;mq;mq;mq;1570;mq;mq;277.850000;mq;mq;mq;mq;mq;17.000000;-10;mq;mq;mq;mq;0.000000;mq;mq;0.000000;mq;710.000000;1117.000000;mq;mq;mq;mq;mq;mq;mq;mq;mq;mq;mq;mq;mq;mq;
67005;20110902180000;101620;mq;mq;140;2.600000;298.250000;293.250000;74;mq;0;mq;mq;mq;mq;mq;mq;mq;mq;mq;mq;mq;mq;mq;mq;301.650000;mq;mq;mq;mq;mq;3.600000;-10;mq;mq;mq;mq;0.000000;mq;mq;0.000000;mq;710.000000;1104.000000;mq;mq;mq;mq;mq;mq;mq;mq;mq;mq;mq;mq;mq;mq;
71805;20110902180000;102300;-210;8;180;5.100000;291.450000;288.150000;81;40000;2;1;1;75;2;250;31;20;11;102220;mq;mq;mq;mq;285.450000;292.050000;mq;mq;mq;mq;mq;7.200000;-10;mq;mq;0.000000;-60;0.000000;0.000000;mq;0.000000;mq;710.000000;1107.000000;3100.000000;mq;2;8;240;5;0;6900;mq;mq;mq;mq;mq;mq;
78897;20110902180000;101410;-120;8;320;3.100000;303.250000;296.650000;68;60000;0;mq;mq;100;mq;800;mq;mq;mq;mq;mq;mq;mq;mq;297.050000;305.650000;mq;mq;mq;mq;mq;mq;mq;mq;mq;mq;mq;mq;mq;0.000000;mq;0.000000;mq;mq;mq;mq;mq;mq;mq;mq;mq;mq;mq;mq;mq;mq;mq;mq;
78922;20110902180000;101380;-170;6;50;4.100000;306.150000;296.450000;57;mq;mq;mq;mq;mq;mq;mq;mq;mq;mq;100940;mq;mq;mq;mq;mq;mq;mq;mq;mq;mq;mq;mq;mq;mq;mq;mq;mq;mq;mq;mq;mq;mq;mq;mq;mq;mq;mq;mq;mq;mq;mq;mq;mq;mq;mq;mq;mq;mq;
78925;20110902180000;101390;-130;6;30;3.100000;298.650000;297.250000;92;10000;95;9;8;60;5;800;39;20;10;mq;mq;mq;mq;mq;296.450000;305.750000;mq;mq;mq;mq;mq;mq;mq;mq;mq;mq;mq;mq;mq;16.000000;mq;mq;mq;mq;mq;mq;2;9;600;5;8;900;mq;mq;mq;mq;mq;mq;
81401;20110902180000;101200;mq;mq;30;3.100000;305.950000;295.750000;55;mq;mq;mq;mq;mq;mq;mq;mq;mq;mq;101140;mq;mq;mq;mq;mq;mq;mq;mq;mq;mq;mq;mq;mq;mq;mq;mq;mq;mq;0.000000;0.000000;mq;mq;mq;mq;mq;mq;mq;mq;mq;mq;mq;mq;mq;mq;mq;mq;mq;mq;
81405;20110902180000;101290;mq;mq;50;6.700000;304.150000;296.050000;62;60000;0;mq;mq;mq;mq;1250;mq;mq;mq;101200;mq;mq;mq;mq;mq;mq;mq;mq;mq;mq;mq;mq;mq;mq;mq;mq;mq;mq;0.000000;0.000000;mq;mq;mq;mq;mq;mq;mq;mq;mq;mq;mq;mq;mq;mq;mq;mq;mq;mq;
81408;20110902180000;101230;mq;mq;80;4.600000;305.150000;293.450000;50;mq;mq;mq;mq;mq;mq;mq;mq;mq;mq;101150;mq;mq;mq;mq;mq;mq;mq;mq;mq;mq;mq;mq;mq;mq;mq;mq;mq;mq;0.000000;0.200000;mq;mq;mq;mq;mq;mq;mq;mq;mq;mq;mq;mq;mq;mq;mq;mq;mq;mq;
81415;20110902180000;101180;mq;mq;30;1.000000;306.750000;293.850000;47;mq;mq;mq;mq;mq;mq;mq;mq;mq;mq;100010;mq;mq;mq;mq;mq;mq;mq;mq;mq;mq;mq;mq;mq;mq;mq;mq;mq;mq;0.000000;0.000000;mq;mq;mq;mq;mq;mq;mq;mq;mq;mq;mq;mq;mq;mq;mq;mq;mq;mq;
89642;20110902180000;99840;-110;8;100;5.100000;256.650000;248.650000;46;mq;mq;mq;mq;mq;mq;mq;mq;mq;mq;99270;mq;mq;mq;mq;mq;mq;mq;mq;mq;mq;mq;mq;mq;mq;mq;mq;mq;mq;mq;mq;mq;mq;mq;mq;mq;mq;mq;mq;mq;mq;mq;mq;mq;mq;mq;mq;mq;mq;
07005;20110902210000;101260;40;0;50;0.500000;290.350000;287.950000;86;mq;mq;mq;mq;mq;mq;mq;mq;mq;mq;100390;mq;mq;mq;mq;mq;mq;mq;mq;mq;mq;mq;2.100000;-10;mq;mq;mq;mq;0.000000;0.000000;mq;mq;mq;710.000000;1102.000000;mq;mq;mq;mq;mq;mq;mq;mq;mq;mq;mq;mq;mq;mq;
07015;20110902210000;101250;70;1;240;1.500000;291.750000;288.650000;82;20000;2;1;1;60;0;8000;30;20;12;100700;mq;mq;mq;mq;mq;mq;mq;mq;mq;mq;mq;1.500000;-10;mq;mq;0.000000;-30;0.000000;0.000000;mq;mq;mq;710.000000;1102.000000;3100.000000;mq;5;0;6900;mq;mq;mq;mq;mq;mq;mq;mq;mq;
07020;20110902210000;101260;30;0;100;3.100000;288.450000;288.250000;99;300;45;4;2;101;mq;mq;62;61;60;101000;mq;mq;mq;mq;mq;mq;mq;mq;mq;mq;mq;4.100000;-10;mq;mq;mq;mq;0.000000;0.000000;mq;mq;mq;710.000000;1104.000000;mq;mq;mq;mq;mq;mq;mq;mq;mq;mq;mq;mq;mq;mq;
07027;20110902210000;101260;50;1;150;2.100000;290.950000;289.150000;89;12000;0;mq;mq;mq;mq;mq;mq;mq;mq;100470;mq;mq;mq;mq;mq;mq;mq;mq;mq;mq;mq;2.600000;-10;mq;mq;mq;mq;0.000000;0.000000;mq;mq;mq;710.000000;1103.000000;mq;mq;mq;mq;mq;mq;mq;mq;mq;mq;mq;mq;mq;mq;
07037;20110902210000;101240;50;1;30;2.100000;292.150000;290.850000;92;7000;mq;mq;mq;mq;mq;mq;mq;mq;mq;99470;mq;mq;mq;mq;mq;mq;mq;mq;mq;mq;mq;3.100000;-10;mq;mq;mq;mq;0.000000;0.000000;mq;mq;mq;710.000000;1103.000000;mq;mq;mq;mq;mq;mq;mq;mq;mq;mq;mq;mq;mq;mq;
07110;20110902210000;101310;80;1;210;4.100000;288.850000;287.750000;93;6000;2;1;1;90;7;150;36;61;60;100190;mq;mq;mq;mq;mq;mq;mq;mq;mq;mq;mq;6.200000;-10;mq;mq;0.000000;-30;0.000000;0.000000;mq;mq;mq;710.000000;1106.000000;3100.000000;mq;7;7;150;mq;mq;mq;mq;mq;mq;mq;mq;mq;
07117;20110902210000;101270;90;3;270;6.200000;288.450000;287.450000;94;500;45;4;2;101;mq;mq;62;61;60;100580;mq;mq;mq;mq;mq;mq;mq;mq;mq;mq;mq;8.700000;-10;mq;mq;mq;mq;0.000000;0.000000;mq;mq;mq;710.000000;1109.000000;2423.000000;mq;mq;mq;mq;mq;mq;mq;mq;mq;mq;mq;mq;mq;
07130;20110902210000;101230;90;3;280;2.100000;292.350000;290.150000;87;20000;0;mq;mq;mq;mq;mq;mq;mq;mq;100730;mq;mq;mq;mq;mq;mq;mq;mq;mq;mq;mq;3.600000;-10;mq;mq;mq;mq;0.000000;0.000000;mq;mq;mq;710.000000;1104.000000;mq;mq;mq;mq;mq;mq;mq;mq;mq;mq;mq;mq;mq;mq;
07139;20110902210000;101240;50;1;0;0.000000;291.850000;289.050000;84;mq;mq;mq;mq;mq;mq;mq;mq;mq;mq;99560;mq;mq;mq;mq;mq;mq;mq;mq;mq;mq;mq;0.500000;-10;mq;mq;mq;mq;0.000000;0.000000;mq;mq;mq;710.000000;1101.000000;mq;mq;mq;mq;mq;mq;mq;mq;mq;mq;mq;mq;mq;mq;
07149;20110902210000;101240;50;2;200;1.500000;293.650000;290.250000;81;25000;2;1;1;40;2;1250;31;20;11;100190;mq;mq;mq;mq;mq;mq;mq;mq;mq;mq;mq;1.500000;-10;mq;mq;0.000000;-30;0.000000;0.000000;mq;mq;mq;710.000000;1102.000000;3100.000000;mq;2;8;1380;3;0;6900;mq;mq;mq;mq;mq;mq;
07168;20110902210000;101300;60;1;150;1.000000;291.850000;289.050000;84;20000;0;mq;mq;mq;mq;mq;mq;mq;mq;99920;mq;mq;mq;mq;mq;mq;mq;mq;mq;mq;mq;2.100000;-10;mq;mq;mq;mq;0.000000;0.000000;mq;mq;mq;710.000000;1102.000000;mq;mq;mq;mq;mq;mq;mq;mq;mq;mq;mq;mq;mq;mq;
07181;20110902210000;101350;60;1;140;1.000000;292.350000;289.950000;86;55000;0;mq;mq;mq;mq;mq;mq;mq;mq;97410;mq;mq;mq;mq;mq;mq;mq;mq;mq;mq;mq;1.500000;-10;mq;mq;mq;mq;0.000000;0.000000;mq;mq;mq;710.000000;1102.000000;mq;mq;mq;mq;mq;mq;mq;mq;mq;mq;mq;mq;mq;mq;
07190;20110902210000;101360;70;1;300;1.000000;292.350000;290.450000;89;11000;0;mq;mq;mq;mq;mq;mq;mq;mq;99600;mq;mq;mq;mq;mq;mq;mq;mq;mq;mq;mq;2.100000;-10;mq;mq;mq;mq;0.000000;0.000000;mq;mq;mq;710.000000;1102.000000;mq;mq;mq;mq;mq;mq;mq;mq;mq;mq;mq;mq;mq;mq;
07207;20110902210000;mq;mq;mq;300;4.100000;289.550000;288.950000;96;100;47;4;4;101;mq;mq;62;61;60;mq;mq;mq;mq;mq;mq;mq;mq;mq;mq;mq;mq;7.700000;-10;mq;mq;mq;mq;0.000000;0.000000;mq;mq;mq;710.000000;1108.000000;2421.000000;mq;mq;mq;mq;mq;mq;mq;mq;mq;mq;mq;mq;mq;
07222;20110902210000;101260;70;0;270;1.500000;290.450000;288.650000;89;20000;2;1;1;0;mq;mq;mq;mq;mq;100950;mq;mq;mq;mq;mq;mq;mq;mq;mq;mq;mq;4.100000;-10;mq;mq;mq;mq;0.000000;0.000000;mq;mq;mq;710.000000;1104.000000;mq;mq;mq;mq;mq;mq;mq;mq;mq;mq;mq;mq;mq;mq;
07240;20110902210000;101230;80;1;0;0.000000;295.550000;289.550000;69;30000;2;1;1;0;mq;mq;mq;mq;mq;99940;mq;mq;mq;mq;mq;mq;mq;mq;mq;mq;mq;2.600000;-10;mq;mq;0.000000;-30;0.000000;0.000000;mq;mq;mq;710.000000;1103.000000;3100.000000;mq;mq;mq;mq;mq;mq;mq;mq;mq;mq;mq;mq;mq;
07255;20110902210000;101280;80;1;30;1.500000;295.450000;290.850000;75;20000;0;mq;mq;mq;mq;mq;mq;mq;mq;99370;mq;mq;mq;mq;mq;mq;mq;mq;mq;mq;mq;2.100000;-10;mq;mq;mq;mq;0.000000;0.000000;mq;mq;mq;710.000000;1102.000000;mq;mq;mq;mq;mq;mq;mq;mq;mq;mq;mq;mq;mq;mq;
07280;20110902210000;101340;90;1;0;0.000000;293.550000;289.550000;78;55000;0;mq;mq;mq;mq;mq;mq;mq;mq;98720;mq;mq;mq;mq;mq;mq;mq;mq;mq;mq;mq;0.500000;-10;mq;mq;mq;mq;0.000000;0.000000;mq;mq;mq;710.000000;1101.000000;mq;mq;mq;mq;mq;mq;mq;mq;mq;mq;mq;mq;mq;mq;
07299;20110902210000;101390;90;1;260;1.500000;290.750000;289.050000;90;20000;2;1;1;25;1;1750;34;20;11;98220;mq;mq;mq;mq;mq;mq;mq;mq;mq;mq;mq;2.100000;-10;mq;mq;0.000000;-30;0.000000;0.000000;mq;mq;mq;710.000000;1102.000000;3100.000000;mq;1;6;1500;mq;mq;mq;mq;mq;mq;mq;mq;mq;
07314;20110902210000;101270;60;0;340;5.100000;293.650000;292.850000;95;20000;2;1;1;25;2;2250;30;23;10;101000;mq;mq;mq;mq;mq;mq;mq;mq;mq;mq;mq;7.200000;-10;mq;mq;mq;mq;0.000000;0.000000;mq;mq;mq;710.000000;1107.000000;mq;mq;2;3;1800;mq;mq;mq;mq;mq;mq;mq;mq;mq;
07335;20110902210000;101240;60;0;200;0.500000;294.650000;290.650000;78;50000;0;mq;mq;mq;mq;mq;mq;mq;mq;99850;mq;mq;mq;mq;mq;mq;mq;mq;mq;mq;mq;1.000000;-10;mq;mq;mq;mq;0.000000;0.000000;mq;mq;mq;710.000000;1101.000000;mq;mq;mq;mq;mq;mq;mq;mq;mq;mq;mq;mq;mq;mq;
07434;20110902210000;101180;0;0;10;3.100000;295.850000;288.950000;65;60000;0;mq;mq;mq;mq;mq;mq;mq;mq;96630;mq;mq;mq;mq;mq;mq;mq;mq;mq;mq;mq;6.700000;-10;mq;mq;mq;mq;0.000000;0.000000;mq;mq;mq;710.000000;1107.000000;mq;mq;mq;mq;mq;mq;mq;mq;mq;mq;mq;mq;mq;mq;
07460;20110902210000;101270;50;1;190;0.500000;292.850000;290.250000;85;40000;2;1;1;0;mq;mq;mq;mq;mq;97530;mq;mq;mq;mq;mq;mq;mq;mq;mq;mq;mq;3.100000;-10;mq;mq;0.000000;-30;0.000000;0.000000;mq;mq;mq;710.000000;1103.000000;3100.000000;mq;mq;mq;mq;mq;mq;mq;mq;mq;mq;mq;mq;mq;
07471;20110902210000;mq;70;0;230;2.100000;289.650000;288.150000;91;11000;0;mq;mq;mq;mq;mq;mq;mq;mq;92050;85000;17560;mq;mq;mq;mq;mq;mq;mq;mq;mq;3.100000;-10;mq;mq;mq;mq;0.000000;0.000000;mq;mq;mq;710.000000;1103.000000;mq;mq;mq;mq;mq;mq;mq;mq;mq;mq;mq;mq;mq;mq;
07481;20110902210000;101280;70;0;0;0.000000;295.450000;291.250000;77;30000;2;1;1;0;mq;mq;mq;mq;mq;98540;mq;mq;mq;mq;mq;mq;mq;mq;mq;mq;mq;3.600000;-10;mq;mq;0.000000;-30;0.000000;0.000000;mq;mq;mq;710.000000;1104.000000;3100.000000;mq;mq;mq;mq;mq;mq;mq;mq;mq;mq;mq;mq;mq;
07510;20110902210000;101070;-30;8;360;3.600000;298.750000;290.450000;60;50000;2;1;1;90;2;1750;39;28;60;100450;mq;mq;mq;mq;mq;mq;mq;mq;mq;mq;mq;5.700000;-10;mq;mq;0.000000;-30;0.000000;0.000000;mq;mq;mq;710.000000;1106.000000;3100.000000;mq;1;9;1500;7;3;3300;mq;mq;mq;mq;mq;mq;
07535;20110902210000;101060;0;0;40;1.000000;297.350000;291.750000;71;mq;mq;mq;mq;mq;mq;mq;mq;mq;mq;98110;mq;mq;mq;mq;mq;mq;mq;mq;mq;mq;mq;3.100000;-10;mq;mq;mq;mq;0.000000;0.000000;mq;mq;mq;710.000000;1103.000000;mq;mq;mq;mq;mq;mq;mq;mq;mq;mq;mq;mq;mq;mq;
07558;20110902210000;101190;10;0;120;1.000000;293.650000;287.750000;69;mq;mq;mq;mq;mq;mq;mq;mq;mq;mq;93220;mq;mq;mq;mq;mq;mq;mq;mq;mq;mq;mq;4.100000;-10;mq;mq;mq;mq;0.000000;0.000000;mq;mq;mq;710.000000;1104.000000;mq;mq;mq;mq;mq;mq;mq;mq;mq;mq;mq;mq;mq;mq;
07577;20110902210000;101200;70;0;60;1.500000;296.350000;290.550000;70;20000;0;mq;mq;mq;mq;mq;mq;mq;mq;100350;mq;mq;mq;mq;mq;mq;mq;mq;mq;mq;mq;3.100000;-10;mq;mq;mq;mq;0.000000;0.000000;mq;mq;mq;710.000000;1103.000000;mq;mq;mq;mq;mq;mq;mq;mq;mq;mq;mq;mq;mq;mq;
07591;20110902210000;mq;120;1;20;1.500000;292.750000;283.750000;56;mq;0;mq;mq;mq;mq;mq;mq;mq;mq;91650;mq;mq;mq;mq;mq;mq;mq;mq;mq;mq;mq;3.100000;-10;mq;mq;mq;mq;0.000000;0.000000;mq;mq;mq;710.000000;1103.000000;mq;mq;mq;mq;mq;mq;mq;mq;mq;mq;mq;mq;mq;mq;
07607;20110902210000;101280;270;3;160;2.600000;294.150000;293.150000;94;12000;63;mq;mq;100;mq;2250;mq;mq;mq;100600;mq;mq;mq;mq;mq;mq;mq;mq;mq;mq;mq;6.700000;-10;mq;mq;mq;mq;0.800000;1.000000;mq;mq;mq;710.000000;1107.000000;mq;mq;mq;mq;mq;mq;mq;mq;mq;mq;mq;mq;mq;mq;
07621;20110902210000;101230;170;1;280;1.000000;291.150000;290.150000;94;10000;17;9;9;100;4;450;39;28;60;97050;mq;mq;mq;mq;mq;mq;mq;mq;mq;mq;mq;4.600000;-10;mq;mq;0.000000;-30;0.800000;77.000000;mq;mq;mq;710.000000;1105.000000;3100.000000;mq;3;7;300;4;9;1800;7;3;3900;mq;mq;mq;
07627;20110902210000;100970;0;0;130;2.600000;294.250000;291.050000;82;mq;mq;mq;mq;mq;mq;mq;mq;mq;mq;96330;mq;mq;mq;mq;mq;mq;mq;mq;mq;mq;mq;4.600000;-10;mq;mq;mq;mq;0.000000;0.000000;mq;mq;mq;710.000000;1105.000000;mq;mq;mq;mq;mq;mq;mq;mq;mq;mq;mq;mq;mq;mq;
07630;20110902210000;101030;30;0;140;4.600000;297.850000;290.550000;64;30000;2;1;1;90;2;1750;35;28;12;99320;mq;mq;mq;mq;mq;mq;mq;mq;mq;mq;mq;8.700000;-10;mq;mq;0.000000;-30;0.000000;0.000000;mq;mq;mq;710.000000;1109.000000;3100.000000;mq;2;6;1500;5;3;3900;5;0;6000;mq;mq;mq;
07643;20110902210000;101230;20;2;170;1.500000;297.650000;293.950000;80;30000;2;1;1;90;0;8000;30;20;12;101140;mq;mq;mq;mq;mq;mq;mq;mq;mq;mq;mq;4.600000;-10;mq;mq;mq;mq;0.000000;0.000000;mq;mq;mq;710.000000;1105.000000;mq;mq;7;0;6900;mq;mq;mq;mq;mq;mq;mq;mq;mq;
07650;20110902210000;101220;50;1;180;1.000000;297.750000;292.150000;71;60000;2;1;1;50;0;8000;30;20;12;100850;mq;mq;mq;mq;mq;mq;mq;mq;mq;mq;mq;3.100000;-10;mq;mq;0.000000;-30;0.000000;0.000000;mq;mq;mq;710.000000;1103.000000;3100.000000;mq;4;0;6900;mq;mq;mq;mq;mq;mq;mq;mq;mq;
07661;20110902210000;101200;60;1;120;6.700000;297.250000;292.150000;73;mq;mq;mq;mq;mq;mq;mq;mq;mq;mq;99670;mq;mq;mq;mq;mq;mq;mq;mq;mq;mq;mq;8.200000;-10;mq;mq;mq;mq;0.000000;0.000000;mq;mq;mq;710.000000;1108.000000;mq;mq;mq;mq;mq;mq;mq;mq;mq;mq;mq;mq;mq;mq;
07690;20110902210000;101320;30;0;250;1.500000;296.950000;293.450000;81;20000;2;1;1;50;0;mq;30;20;11;101000;mq;mq;mq;mq;mq;mq;mq;mq;mq;mq;mq;2.100000;-10;mq;mq;0.000000;-30;0.000000;0.000000;mq;mq;mq;710.000000;1102.000000;3100.000000;mq;4;0;7800;mq;mq;mq;mq;mq;mq;mq;mq;mq;
07747;20110902210000;101190;20;0;120;1.000000;295.950000;292.350000;80;30000;0;mq;mq;mq;mq;mq;mq;mq;mq;100680;mq;mq;mq;mq;mq;mq;mq;mq;mq;mq;mq;2.100000;-10;mq;mq;mq;mq;0.000000;0.000000;mq;mq;mq;710.000000;1102.000000;mq;mq;mq;mq;mq;mq;mq;mq;mq;mq;mq;mq;mq;mq;
07761;20110902210000;101140;50;0;50;2.600000;298.350000;292.450000;70;20000;2;1;1;90;5;3500;30;28;11;101040;mq;mq;mq;mq;mq;mq;mq;mq;mq;mq;mq;3.600000;-10;mq;mq;0.000000;-30;0.000000;0.000000;mq;mq;mq;710.000000;1104.000000;3100.000000;mq;1;3;3300;5;3;4500;7;0;7800;mq;mq;mq;
07790;20110902210000;101280;60;1;0;0.000000;297.550000;296.550000;94;9000;2;1;1;75;5;450;38;23;12;101140;mq;mq;mq;mq;mq;mq;mq;mq;mq;mq;mq;1.000000;-10;mq;mq;0.000000;-30;0.000000;0.000000;mq;mq;mq;710.000000;1101.000000;3100.000000;mq;1;8;300;5;6;720;5;0;6900;mq;mq;mq;
61968;20110902210000;101520;mq;mq;90;6.200000;297.250000;292.150000;73;mq;mq;mq;mq;mq;mq;mq;mq;mq;mq;mq;mq;mq;mq;mq;mq;mq;mq;mq;mq;mq;mq;12.300000;-10;mq;mq;mq;mq;0.000000;0.000000;mq;mq;mq;710.000000;1112.000000;mq;mq;mq;mq;mq;mq;mq;mq;mq;mq;mq;mq;mq;mq;
61970;20110902210000;101630;mq;mq;mq;mq;297.550000;293.050000;76;mq;mq;mq;mq;mq;mq;mq;mq;mq;mq;mq;mq;mq;mq;mq;mq;mq;mq;mq;mq;mq;mq;mq;mq;mq;mq;mq;mq;0.000000;0.000000;mq;mq;mq;mq;mq;mq;mq;mq;mq;mq;mq;mq;mq;mq;mq;mq;mq;mq;mq;
61972;20110902210000;101500;mq;mq;10;3.100000;296.650000;294.750000;89;mq;mq;mq;mq;mq;mq;mq;mq;mq;mq;mq;mq;mq;mq;mq;mq;mq;mq;mq;mq;mq;mq;5.100000;-10;mq;mq;mq;mq;0.000000;0.000000;mq;mq;mq;710.000000;1105.000000;mq;mq;mq;mq;mq;mq;mq;mq;mq;mq;mq;mq;mq;mq;
61976;20110902210000;101690;mq;mq;120;7.200000;294.750000;292.350000;86;mq;mq;mq;mq;mq;mq;mq;mq;mq;mq;101540;mq;mq;mq;mq;mq;mq;mq;mq;mq;mq;mq;mq;mq;mq;mq;mq;mq;mq;0.400000;mq;mq;mq;mq;mq;mq;mq;mq;mq;mq;mq;mq;mq;mq;mq;mq;mq;mq;mq;
61980;20110902210000;102020;mq;mq;100;10.300000;293.250000;291.750000;91;3000;61;6;2;75;6;800;38;20;10;mq;mq;mq;mq;mq;mq;mq;mq;mq;mq;mq;mq;15.900000;-10;mq;mq;mq;mq;3.000000;5.000000;mq;mq;mq;710.000000;1116.000000;mq;mq;3;8;780;5;6;1800;mq;mq;mq;mq;mq;mq;
61996;20110902210000;mq;mq;mq;0;0.000000;283.950000;mq;mq;mq;mq;mq;mq;mq;mq;mq;mq;mq;mq;mq;mq;mq;mq;mq;mq;mq;mq;mq;mq;mq;mq;3.600000;-10;mq;mq;mq;mq;0.000000;0.600000;mq;mq;mq;710.000000;1104.000000;mq;mq;mq;mq;mq;mq;mq;mq;mq;mq;mq;mq;mq;mq;
61997;20110902210000;99020;mq;mq;340;15.400000;280.150000;279.750000;97;mq;mq;mq;mq;mq;mq;mq;mq;mq;mq;mq;mq;mq;mq;mq;mq;mq;mq;mq;mq;mq;mq;21.600000;-30;mq;mq;mq;mq;mq;10.000000;mq;mq;mq;1122.000000;mq;mq;mq;mq;mq;mq;mq;mq;mq;mq;mq;mq;mq;mq;mq;
61998;20110902210000;100770;mq;mq;300;9.300000;276.150000;271.950000;74;mq;mq;mq;mq;mq;mq;mq;mq;mq;mq;mq;mq;mq;1300;mq;mq;mq;mq;mq;mq;mq;mq;18.500000;-10;mq;mq;mq;mq;0.000000;0.000000;mq;mq;mq;710.000000;1119.000000;mq;mq;mq;mq;mq;mq;mq;mq;mq;mq;mq;mq;mq;mq;
67005;20110902210000;101540;mq;mq;130;1.500000;296.750000;293.050000;80;mq;0;mq;mq;mq;mq;mq;mq;mq;mq;mq;mq;mq;mq;mq;mq;mq;mq;mq;mq;mq;mq;2.600000;-10;mq;mq;mq;mq;0.000000;0.000000;mq;mq;mq;710.000000;1103.000000;mq;mq;mq;mq;mq;mq;mq;mq;mq;mq;mq;mq;mq;mq;
71805;20110902210000;102180;-120;7;170;3.100000;290.350000;288.150000;87;40000;2;1;1;75;1;450;35;20;11;102100;mq;mq;mq;mq;mq;mq;mq;mq;mq;mq;mq;5.700000;-10;mq;mq;0.000000;-30;0.000000;0.000000;mq;mq;mq;710.000000;1106.000000;3100.000000;mq;1;6;330;6;0;7500;mq;mq;mq;mq;mq;mq;
78897;20110902210000;101360;-50;7;100;1.000000;300.650000;298.050000;86;35000;0;mq;mq;mq;mq;800;mq;mq;mq;mq;mq;mq;0;mq;mq;mq;mq;mq;mq;mq;mq;mq;mq;mq;mq;mq;mq;mq;mq;mq;mq;mq;mq;mq;mq;mq;mq;mq;mq;mq;mq;mq;mq;mq;mq;mq;mq;mq;
78922;20110902210000;101320;-60;7;50;2.600000;302.650000;296.650000;70;mq;mq;mq;mq;mq;mq;mq;mq;mq;mq;100880;mq;mq;mq;mq;mq;mq;mq;mq;mq;mq;mq;mq;mq;mq;mq;mq;mq;mq;mq;mq;mq;mq;mq;mq;mq;mq;mq;mq;mq;mq;mq;mq;mq;mq;mq;mq;mq;mq;
78925;20110902210000;101320;-70;8;90;1.000000;300.450000;297.750000;85;30000;1;9;8;75;2;800;38;20;13;mq;mq;mq;mq;mq;mq;mq;mq;mq;mq;mq;mq;mq;mq;mq;mq;mq;mq;mq;mq;mq;mq;mq;mq;mq;mq;mq;1;8;780;5;0;7800;mq;mq;mq;mq;mq;mq;
81401;20110902210000;101160;mq;mq;50;2.100000;302.750000;295.950000;67;mq;mq;mq;mq;mq;mq;mq;mq;mq;mq;101100;mq;mq;mq;mq;mq;mq;mq;mq;mq;mq;mq;mq;mq;mq;mq;mq;mq;mq;0.000000;mq;mq;mq;mq;mq;mq;mq;mq;mq;mq;mq;mq;mq;mq;mq;mq;mq;mq;mq;
81405;20110902210000;101250;mq;mq;80;5.100000;301.850000;296.250000;72;55000;0;mq;mq;mq;mq;mq;mq;mq;mq;101160;mq;mq;mq;mq;mq;mq;mq;mq;mq;mq;mq;mq;mq;mq;mq;mq;mq;mq;0.000000;mq;mq;mq;mq;mq;mq;mq;mq;mq;mq;mq;mq;mq;mq;mq;mq;mq;mq;mq;
81408;20110902210000;101230;mq;mq;90;3.100000;302.850000;294.550000;61;mq;mq;mq;mq;mq;mq;mq;mq;mq;mq;101150;mq;mq;mq;mq;mq;mq;mq;mq;mq;mq;mq;mq;mq;mq;mq;mq;mq;mq;0.000000;mq;mq;mq;mq;mq;mq;mq;mq;mq;mq;mq;mq;mq;mq;mq;mq;mq;mq;mq;
81415;20110902210000;101140;mq;mq;250;1.500000;302.350000;296.350000;70;mq;mq;mq;mq;mq;mq;mq;mq;mq;mq;99950;mq;mq;mq;mq;mq;mq;mq;mq;mq;mq;mq;mq;mq;mq;mq;mq;mq;mq;0.000000;mq;mq;mq;mq;mq;mq;mq;mq;mq;mq;mq;mq;mq;mq;mq;mq;mq;mq;mq;
89642;20110902210000;99710;-130;6;100;6.200000;255.850000;250.850000;62;mq;mq;mq;mq;mq;mq;mq;mq;mq;mq;99140;mq;mq;mq;mq;mq;mq;mq;mq;mq;mq;mq;mq;mq;mq;mq;mq;mq;mq;mq;mq;mq;mq;mq;mq;mq;mq;mq;mq;mq;mq;mq;mq;mq;mq;mq;mq;mq;mq;
07005;20110903000000;101220;-40;7;140;2.600000;289.650000;288.350000;92;mq;mq;mq;mq;mq;mq;mq;mq;mq;mq;100350;mq;mq;mq;mq;mq;mq;mq;mq;mq;mq;mq;3.100000;-10;mq;mq;mq;mq;0.000000;0.000000;0.000000;mq;mq;710.000000;1103.000000;mq;mq;mq;mq;mq;mq;mq;mq;mq;mq;mq;mq;mq;mq;
07015;20110903000000;101210;-50;8;110;1.000000;289.550000;288.450000;93;8000;2;1;1;60;2;3500;30;23;11;100650;mq;mq;mq;mq;mq;mq;mq;mq;mq;mq;mq;1.500000;-10;mq;mq;0.000000;-60;0.000000;0.000000;0.000000;mq;mq;710.000000;1102.000000;3100.000000;mq;2;3;3000;5;0;6900;mq;mq;mq;mq;mq;mq;
07020;20110903000000;101240;-20;6;240;5.700000;288.350000;288.150000;99;300;45;4;2;101;mq;mq;62;61;60;100980;mq;mq;mq;mq;mq;mq;mq;mq;mq;mq;mq;6.700000;-10;mq;mq;mq;mq;0.000000;0.000000;0.000000;mq;mq;710.000000;1107.000000;mq;mq;mq;mq;mq;mq;mq;mq;mq;mq;mq;mq;mq;mq;
07027;20110903000000;101180;-80;6;150;1.500000;288.950000;288.350000;96;5000;0;mq;mq;mq;mq;mq;mq;mq;mq;100390;mq;mq;mq;mq;mq;mq;mq;mq;mq;mq;mq;2.600000;-10;mq;mq;mq;mq;0.000000;0.000000;0.000000;mq;mq;710.000000;1103.000000;mq;mq;mq;mq;mq;mq;mq;mq;mq;mq;mq;mq;mq;mq;
07037;20110903000000;101210;-40;6;10;0.500000;290.450000;289.950000;97;1800;10;mq;mq;mq;mq;mq;mq;mq;mq;99430;mq;mq;mq;mq;mq;mq;mq;mq;mq;mq;mq;2.100000;-10;mq;mq;mq;mq;0.000000;0.000000;0.000000;mq;mq;710.000000;1102.000000;mq;mq;mq;mq;mq;mq;mq;mq;mq;mq;mq;mq;mq;mq;
07110;20110903000000;101220;-90;7;190;3.600000;289.450000;288.450000;94;10000;2;1;1;75;6;450;35;20;10;100100;mq;mq;mq;mq;mq;mq;mq;mq;mq;mq;mq;5.100000;-10;mq;mq;0.000000;-60;0.000000;0.000000;0.000000;mq;mq;710.000000;1105.000000;3100.000000;mq;6;6;450;mq;mq;mq;mq;mq;mq;mq;mq;mq;
07117;20110903000000;101230;-40;8;240;5.100000;288.950000;287.450000;91;8000;1;4;2;75;3;800;35;22;60;100540;mq;mq;mq;mq;mq;mq;mq;mq;mq;mq;mq;10.300000;-10;mq;mq;mq;mq;0.000000;0.000000;0.000000;mq;mq;710.000000;1110.000000;2426.000000;mq;mq;mq;mq;mq;mq;mq;mq;mq;mq;mq;mq;mq;
07130;20110903000000;101210;-30;6;220;1.000000;290.550000;289.250000;92;14000;0;mq;mq;mq;mq;mq;mq;mq;mq;100700;mq;mq;mq;mq;mq;mq;mq;mq;mq;mq;mq;1.500000;-10;mq;mq;mq;mq;0.000000;0.000000;0.000000;mq;mq;710.000000;1102.000000;mq;mq;mq;mq;mq;mq;mq;mq;mq;mq;mq;mq;mq;mq;
07139;20110903000000;101210;-40;7;0;0.000000;288.850000;287.550000;92;mq;mq;mq;mq;mq;mq;mq;mq;mq;mq;99520;mq;mq;mq;mq;mq;mq;mq;mq;mq;mq;mq;1.500000;-10;mq;mq;mq;mq;0.000000;0.000000;0.000000;mq;mq;710.000000;1102.000000;mq;mq;mq;mq;mq;mq;mq;mq;mq;mq;mq;mq;mq;mq;
07149;20110903000000;101200;-40;7;0;0.000000;291.350000;289.650000;90;25000;2;1;1;0;mq;mq;mq;mq;mq;100150;mq;mq;mq;mq;mq;mq;mq;mq;mq;mq;mq;2.100000;-10;mq;mq;0.000000;-60;0.000000;0.000000;0.000000;mq;mq;710.000000;1102.000000;3100.000000;mq;mq;mq;mq;mq;mq;mq;mq;mq;mq;mq;mq;mq;
07168;20110903000000;101290;-20;8;0;0.000000;289.850000;288.550000;92;20000;0;mq;mq;mq;mq;mq;mq;mq;mq;99900;mq;mq;mq;mq;mq;mq;mq;mq;mq;mq;mq;1.500000;-10;mq;mq;mq;mq;0.000000;0.000000;0.000000;mq;mq;710.000000;1102.000000;mq;mq;mq;mq;mq;mq;mq;mq;mq;mq;mq;mq;mq;mq;
07181;20110903000000;101330;-30;8;0;0.000000;291.550000;289.850000;90;45000;0;mq;mq;mq;mq;mq;mq;mq;mq;97380;mq;mq;mq;mq;mq;mq;mq;mq;mq;mq;mq;2.600000;-10;mq;mq;mq;mq;0.000000;0.000000;0.000000;mq;mq;710.000000;1103.000000;mq;mq;mq;mq;mq;mq;mq;mq;mq;mq;mq;mq;mq;mq;
07190;20110903000000;101370;0;0;330;1.000000;289.950000;288.850000;93;3200;10;mq;mq;mq;mq;mq;mq;mq;mq;99600;mq;mq;mq;mq;mq;mq;mq;mq;mq;mq;mq;4.600000;-10;mq;mq;mq;mq;0.000000;0.000000;0.000000;mq;mq;710.000000;1105.000000;mq;mq;mq;mq;mq;mq;mq;mq;mq;mq;mq;mq;mq;mq;
07207;20110903000000;mq;mq;mq;340;5.700000;289.250000;288.650000;96;500;45;4;4;101;mq;mq;62;61;60;mq;mq;mq;mq;mq;mq;mq;mq;mq;mq;mq;mq;8.700000;-10;mq;mq;mq;mq;0.000000;0.000000;0.000000;mq;mq;710.000000;1109.000000;2423.000000;mq;mq;mq;mq;mq;mq;mq;mq;mq;mq;mq;mq;mq;
07222;20110903000000;101220;-40;6;310;1.500000;289.450000;288.950000;97;400;45;mq;mq;101;mq;mq;62;61;60;100910;mq;mq;mq;mq;mq;mq;mq;mq;mq;mq;mq;3.600000;-10;mq;mq;mq;mq;0.000000;0.000000;0.000000;mq;mq;710.000000;1104.000000;mq;mq;mq;mq;mq;mq;mq;mq;mq;mq;mq;mq;mq;mq;
07240;20110903000000;101160;-80;6;80;1.500000;292.150000;289.050000;82;30000;2;1;1;0;mq;mq;mq;mq;mq;99860;mq;mq;mq;mq;mq;mq;mq;mq;mq;mq;mq;2.100000;-10;mq;mq;0.000000;-60;0.000000;0.000000;0.000000;mq;mq;710.000000;1102.000000;3100.000000;mq;mq;mq;mq;mq;mq;mq;mq;mq;mq;mq;mq;mq;
07255;20110903000000;101220;-70;6;70;1.500000;293.050000;290.450000;85;20000;0;mq;mq;mq;mq;mq;mq;mq;mq;99300;mq;mq;mq;mq;mq;mq;mq;mq;mq;mq;mq;2.600000;-10;mq;mq;mq;mq;0.000000;0.000000;0.000000;mq;mq;710.000000;1103.000000;mq;mq;mq;mq;mq;mq;mq;mq;mq;mq;mq;mq;mq;mq;
07280;20110903000000;101260;-80;8;350;1.500000;292.550000;289.350000;82;50000;0;mq;mq;mq;mq;mq;mq;mq;mq;98640;mq;mq;mq;mq;mq;mq;mq;mq;mq;mq;mq;4.100000;-10;mq;mq;mq;mq;0.000000;0.000000;0.000000;mq;mq;710.000000;1104.000000;mq;mq;mq;mq;mq;mq;mq;mq;mq;mq;mq;mq;mq;mq;
07299;20110903000000;101410;0;0;170;0.500000;289.150000;288.550000;96;15000;0;mq;mq;mq;mq;mq;mq;mq;mq;98220;mq;mq;mq;mq;mq;mq;mq;mq;mq;mq;mq;1.000000;-10;mq;mq;mq;mq;0.000000;0.000000;0.000000;mq;mq;710.000000;1101.000000;mq;mq;mq;mq;mq;mq;mq;mq;mq;mq;mq;mq;mq;mq;
07314;20110903000000;101190;-80;8;350;4.600000;293.150000;292.450000;96;15000;2;1;1;40;3;2250;30;23;10;100920;mq;mq;mq;mq;mq;mq;mq;mq;mq;mq;mq;6.200000;-10;mq;mq;mq;mq;0.000000;0.000000;0.000000;mq;mq;710.000000;1106.000000;2427.000000;mq;3;3;1800;mq;mq;mq;mq;mq;mq;mq;mq;mq;
07335;20110903000000;101170;-80;7;300;1.000000;291.150000;288.750000;86;50000;0;mq;mq;mq;mq;mq;mq;mq;mq;99770;mq;mq;mq;mq;mq;mq;mq;mq;mq;mq;mq;3.100000;-10;mq;mq;mq;mq;0.000000;0.000000;0.000000;mq;mq;710.000000;1103.000000;mq;mq;mq;mq;mq;mq;mq;mq;mq;mq;mq;mq;mq;mq;
07434;20110903000000;101090;-100;7;50;3.100000;294.950000;289.250000;70;60000;0;mq;mq;75;mq;mq;mq;mq;mq;96530;mq;mq;mq;mq;mq;mq;mq;mq;mq;mq;mq;5.100000;-10;mq;mq;mq;mq;0.000000;0.000000;0.000000;mq;mq;710.000000;1105.000000;mq;mq;mq;mq;mq;mq;mq;mq;mq;mq;mq;mq;mq;mq;
07460;20110903000000;101240;-40;8;0;0.000000;291.550000;289.850000;90;20000;2;1;1;50;4;3500;30;28;10;97490;mq;mq;mq;mq;mq;mq;mq;mq;mq;mq;mq;1.500000;-10;mq;mq;0.000000;-60;0.000000;0.000000;0.000000;mq;mq;710.000000;1102.000000;3100.000000;mq;4;3;4500;mq;mq;mq;mq;mq;mq;mq;mq;mq;
07471;20110903000000;mq;-70;8;220;1.500000;287.950000;286.650000;92;17000;0;mq;mq;mq;mq;mq;mq;mq;mq;91980;85000;17500;mq;mq;mq;mq;mq;mq;mq;mq;mq;2.100000;-10;mq;mq;mq;mq;0.000000;0.000000;0.000000;mq;mq;710.000000;1102.000000;mq;mq;mq;mq;mq;mq;mq;mq;mq;mq;mq;mq;mq;mq;
07481;20110903000000;101250;-50;6;0;0.000000;293.250000;290.650000;85;20000;2;1;1;0;mq;mq;mq;mq;mq;98490;mq;mq;mq;mq;mq;mq;mq;mq;mq;mq;mq;1.500000;-10;mq;mq;0.000000;-60;0.000000;0.000000;0.000000;mq;mq;710.000000;1102.000000;3100.000000;mq;mq;mq;mq;mq;mq;mq;mq;mq;mq;mq;mq;mq;
07510;20110903000000;101100;30;2;250;1.500000;296.250000;292.450000;79;40000;17;9;2;90;2;1750;39;28;60;100480;mq;mq;mq;mq;mq;mq;mq;mq;mq;mq;mq;5.100000;-10;mq;mq;0.000000;-60;0.000000;0.000000;0.000000;mq;mq;710.000000;1105.000000;3100.000000;mq;1;9;1500;7;3;3300;mq;mq;mq;mq;mq;mq;
07535;20110903000000;101080;-10;5;150;3.600000;294.150000;291.950000;87;mq;mq;mq;mq;mq;mq;mq;mq;mq;mq;98100;mq;mq;mq;mq;mq;mq;mq;mq;mq;mq;mq;5.700000;-10;mq;mq;mq;mq;0.000000;0.600000;0.600000;mq;mq;710.000000;1106.000000;mq;mq;mq;mq;mq;mq;mq;mq;mq;mq;mq;mq;mq;mq;
07558;20110903000000;101210;-20;6;130;5.100000;292.250000;286.850000;71;mq;mq;mq;mq;mq;mq;mq;mq;mq;mq;93200;mq;mq;mq;mq;mq;mq;mq;mq;mq;mq;mq;7.700000;-10;mq;mq;mq;mq;0.000000;0.000000;0.000000;mq;mq;710.000000;1108.000000;mq;mq;mq;mq;mq;mq;mq;mq;mq;mq;mq;mq;mq;mq;
07577;20110903000000;101190;-20;8;0;0.000000;294.050000;290.650000;81;20000;0;mq;mq;mq;mq;mq;mq;mq;mq;100330;mq;mq;mq;mq;mq;mq;mq;mq;mq;mq;mq;1.500000;-10;mq;mq;mq;mq;0.000000;0.000000;0.000000;mq;mq;710.000000;1102.000000;mq;mq;mq;mq;mq;mq;mq;mq;mq;mq;mq;mq;mq;mq;
07591;20110903000000;mq;10;0;20;4.600000;292.450000;283.450000;56;mq;0;mq;mq;mq;mq;mq;mq;mq;mq;91660;mq;mq;mq;mq;mq;mq;mq;mq;mq;mq;mq;7.700000;-10;mq;mq;mq;mq;0.000000;0.000000;0.000000;mq;mq;710.000000;1108.000000;mq;mq;mq;mq;mq;mq;mq;mq;mq;mq;mq;mq;mq;mq;
07607;20110903000000;101210;-80;8;0;0.000000;291.750000;290.950000;95;7000;63;mq;mq;100;mq;2250;mq;mq;mq;100520;mq;mq;mq;mq;mq;mq;mq;mq;mq;mq;mq;2.600000;-10;mq;mq;mq;mq;4.000000;9.000000;10.000000;mq;mq;710.000000;1103.000000;mq;mq;mq;mq;mq;mq;mq;mq;mq;mq;mq;mq;mq;mq;
07621;20110903000000;101250;20;0;200;2.100000;291.050000;290.550000;97;15000;91;9;8;100;6;150;35;23;60;97070;mq;mq;mq;mq;mq;mq;mq;mq;mq;mq;mq;2.600000;-10;mq;mq;0.000000;-60;0.600000;2.000000;78.000000;mq;mq;710.000000;1103.000000;3100.000000;mq;5;7;180;5;6;600;7;3;2700;mq;mq;mq;
07627;20110903000000;101190;170;1;310;2.100000;292.450000;289.650000;84;mq;mq;mq;mq;mq;mq;mq;mq;mq;mq;96500;mq;mq;mq;mq;mq;mq;mq;mq;mq;mq;mq;7.200000;-10;mq;mq;mq;mq;0.000000;0.000000;0.000000;mq;mq;710.000000;1107.000000;mq;mq;mq;mq;mq;mq;mq;mq;mq;mq;mq;mq;mq;mq;
07630;20110903000000;101120;80;0;310;1.500000;295.950000;289.250000;66;60000;0;mq;mq;100;mq;1750;mq;mq;mq;99400;mq;mq;mq;mq;mq;mq;mq;mq;mq;mq;mq;5.100000;-10;mq;mq;mq;mq;0.000000;0.000000;0.000000;mq;mq;710.000000;1105.000000;mq;mq;mq;mq;mq;mq;mq;mq;mq;mq;mq;mq;mq;mq;
07643;20110903000000;101230;0;5;160;3.100000;297.350000;295.050000;87;13000;0;mq;mq;100;mq;450;mq;mq;mq;101140;mq;mq;mq;mq;mq;mq;mq;mq;mq;mq;mq;4.600000;-10;mq;mq;mq;mq;0.000000;0.000000;0.000000;mq;mq;710.000000;1105.000000;mq;mq;mq;mq;mq;mq;mq;mq;mq;mq;mq;mq;mq;mq;
07650;20110903000000;101170;-50;6;120;1.500000;297.450000;291.350000;69;35000;0;mq;mq;mq;mq;mq;mq;mq;mq;100800;mq;mq;mq;mq;mq;mq;mq;mq;mq;mq;mq;4.100000;-10;mq;mq;mq;mq;0.000000;0.000000;0.000000;mq;mq;710.000000;1104.000000;mq;mq;mq;mq;mq;mq;mq;mq;mq;mq;mq;mq;mq;mq;
07661;20110903000000;101220;10;3;120;6.700000;296.450000;291.750000;75;mq;mq;mq;mq;mq;mq;mq;mq;mq;mq;99680;mq;mq;mq;mq;mq;mq;mq;mq;mq;mq;mq;10.300000;-10;mq;mq;mq;mq;0.000000;0.000000;0.000000;mq;mq;710.000000;1110.000000;mq;mq;mq;mq;mq;mq;mq;mq;mq;mq;mq;mq;mq;mq;
07690;20110903000000;101300;-20;7;330;2.100000;296.750000;291.850000;74;20000;2;1;1;75;5;3500;30;23;12;100980;mq;mq;mq;mq;mq;mq;mq;mq;mq;mq;mq;3.600000;-10;mq;mq;0.000000;-60;0.000000;0.000000;0.000000;mq;mq;710.000000;1104.000000;3100.000000;mq;5;3;5400;6;0;7800;mq;mq;mq;mq;mq;mq;
07747;20110903000000;101140;-50;7;350;1.500000;294.650000;291.850000;84;23000;0;mq;mq;mq;mq;450;mq;mq;mq;100630;mq;mq;mq;mq;mq;mq;mq;mq;mq;mq;mq;2.100000;-10;mq;mq;mq;mq;0.000000;0.000000;0.000000;mq;mq;710.000000;1102.000000;mq;mq;mq;mq;mq;mq;mq;mq;mq;mq;mq;mq;mq;mq;
07761;20110903000000;101200;60;0;50;2.100000;296.750000;291.150000;71;20000;2;1;1;90;5;3500;30;27;12;101100;mq;mq;mq;mq;mq;mq;mq;mq;mq;mq;mq;4.600000;-10;mq;mq;0.000000;-60;0.000000;0.000000;0.000000;mq;mq;710.000000;1105.000000;3100.000000;mq;3;3;3300;5;3;4500;7;0;6900;mq;mq;mq;
07790;20110903000000;101260;-20;8;190;1.500000;295.950000;294.950000;94;7000;0;mq;mq;mq;mq;mq;mq;mq;mq;101120;mq;mq;mq;mq;mq;mq;mq;mq;mq;mq;mq;2.100000;-10;mq;mq;mq;mq;0.000000;0.000000;0.000000;mq;mq;710.000000;1102.000000;mq;mq;mq;mq;mq;mq;mq;mq;mq;mq;mq;mq;mq;mq;
61970;20110903000000;101450;mq;mq;mq;mq;295.950000;292.950000;83;mq;mq;mq;mq;mq;mq;mq;mq;mq;mq;mq;mq;mq;mq;mq;mq;mq;mq;mq;mq;mq;mq;mq;mq;mq;mq;mq;mq;0.000000;mq;0.000000;mq;mq;mq;mq;mq;mq;mq;mq;mq;mq;mq;mq;mq;mq;mq;mq;mq;mq;
61972;20110903000000;101460;mq;mq;340;5.700000;296.450000;293.950000;86;mq;mq;mq;mq;mq;mq;mq;mq;mq;mq;mq;mq;mq;mq;mq;mq;mq;mq;mq;mq;mq;mq;8.200000;-10;mq;mq;mq;mq;0.000000;mq;0.000000;mq;mq;710.000000;1108.000000;mq;mq;mq;mq;mq;mq;mq;mq;mq;mq;mq;mq;mq;mq;
61980;20110903000000;101930;mq;mq;130;5.100000;293.350000;290.750000;85;10000;1;6;2;60;5;800;38;20;10;mq;mq;mq;mq;mq;mq;mq;mq;mq;mq;mq;mq;8.200000;-10;mq;mq;mq;mq;0.000000;mq;7.000000;mq;mq;710.000000;1108.000000;mq;mq;4;8;690;mq;mq;mq;mq;mq;mq;mq;mq;mq;
61996;20110903000000;mq;mq;mq;240;3.600000;283.450000;mq;mq;mq;mq;mq;mq;mq;mq;mq;mq;mq;mq;mq;mq;mq;mq;mq;mq;mq;mq;mq;mq;mq;mq;6.200000;-10;mq;mq;mq;mq;0.000000;mq;0.600000;mq;mq;710.000000;1106.000000;mq;mq;mq;mq;mq;mq;mq;mq;mq;mq;mq;mq;mq;mq;
61997;20110903000000;98380;mq;mq;340;16.500000;280.150000;279.750000;97;mq;mq;mq;mq;mq;mq;mq;mq;mq;mq;mq;mq;mq;mq;mq;mq;mq;mq;mq;mq;mq;mq;25.700000;-60;mq;mq;mq;mq;mq;mq;11.000000;mq;mq;1126.000000;mq;mq;mq;mq;mq;mq;mq;mq;mq;mq;mq;mq;mq;mq;mq;
61998;20110903000000;100750;mq;mq;300;10.800000;276.150000;271.750000;73;20000;0;mq;mq;10;1;3500;30;24;10;mq;mq;mq;840;mq;mq;mq;mq;mq;mq;mq;mq;19.000000;-10;mq;mq;mq;mq;0.000000;mq;0.000000;mq;mq;710.000000;1119.000000;mq;mq;1;3;3300;mq;mq;mq;mq;mq;mq;mq;mq;mq;
67005;20110903000000;101390;mq;mq;30;1.500000;296.150000;293.450000;85;mq;0;mq;mq;mq;mq;mq;mq;mq;mq;mq;mq;mq;mq;mq;mq;mq;mq;mq;mq;mq;mq;2.100000;-10;mq;mq;mq;mq;0.000000;mq;0.000000;mq;mq;710.000000;1102.000000;mq;mq;mq;mq;mq;mq;mq;mq;mq;mq;mq;mq;mq;mq;
71805;20110903000000;102110;-70;6;140;2.600000;288.850000;288.250000;96;25000;0;mq;mq;mq;mq;250;mq;mq;mq;102030;mq;mq;mq;mq;mq;mq;mq;mq;mq;mq;mq;4.600000;-10;mq;mq;mq;mq;0.000000;0.000000;0.000000;mq;mq;710.000000;1105.000000;mq;mq;mq;mq;mq;mq;mq;mq;mq;mq;mq;mq;mq;mq;
78897;20110903000000;101470;110;3;160;0.500000;299.150000;297.950000;93;14000;0;mq;mq;mq;mq;800;mq;mq;mq;mq;mq;mq;mq;297.050000;mq;305.650000;mq;mq;mq;mq;mq;mq;mq;mq;mq;mq;mq;mq;mq;13.000000;mq;12.700000;mq;mq;mq;mq;mq;mq;mq;mq;mq;mq;mq;mq;mq;mq;mq;mq;
78922;20110903000000;101430;110;3;330;2.100000;300.550000;295.250000;73;mq;mq;mq;mq;mq;mq;mq;mq;mq;mq;100990;mq;mq;mq;mq;mq;mq;mq;mq;mq;mq;mq;mq;mq;mq;mq;mq;mq;mq;mq;mq;mq;mq;mq;mq;mq;mq;mq;mq;mq;mq;mq;mq;mq;mq;mq;mq;mq;mq;
78925;20110903000000;101450;130;1;0;0.000000;298.950000;297.950000;94;25000;3;9;8;60;2;800;38;20;13;mq;mq;mq;mq;296.450000;mq;305.750000;mq;mq;mq;mq;mq;mq;mq;mq;mq;mq;mq;mq;mq;1.000000;mq;17.100000;mq;mq;mq;mq;2;8;780;3;0;7800;mq;mq;mq;mq;mq;mq;
81401;20110903000000;101300;mq;mq;70;2.100000;299.050000;295.750000;82;mq;mq;mq;mq;mq;mq;mq;mq;mq;mq;101240;mq;mq;mq;mq;mq;306.750000;mq;mq;mq;mq;mq;mq;mq;mq;mq;mq;mq;mq;0.000000;0.000000;mq;mq;mq;mq;mq;mq;mq;mq;mq;mq;mq;mq;mq;mq;mq;mq;mq;mq;
81405;20110903000000;101380;mq;mq;70;1.500000;299.150000;296.450000;85;40000;0;mq;mq;mq;mq;mq;mq;mq;mq;101290;mq;mq;mq;mq;mq;305.150000;mq;mq;mq;mq;mq;mq;mq;mq;mq;mq;mq;mq;0.000000;0.000000;mq;mq;mq;mq;mq;mq;mq;mq;mq;mq;mq;mq;mq;mq;mq;mq;mq;mq;
81408;20110903000000;101350;mq;mq;60;1.000000;298.750000;295.450000;82;mq;mq;mq;mq;mq;mq;mq;mq;mq;mq;101270;mq;mq;mq;mq;mq;306.450000;mq;mq;mq;mq;mq;mq;mq;mq;mq;mq;mq;mq;0.000000;0.000000;mq;mq;mq;mq;mq;mq;mq;mq;mq;mq;mq;mq;mq;mq;mq;mq;mq;mq;
81415;20110903000000;101270;mq;mq;360;1.000000;297.450000;296.050000;92;mq;mq;mq;mq;mq;mq;mq;mq;mq;mq;100060;mq;mq;mq;mq;mq;307.150000;mq;mq;mq;mq;mq;mq;mq;mq;mq;mq;mq;mq;0.000000;0.000000;mq;mq;mq;mq;mq;mq;mq;mq;mq;mq;mq;mq;mq;mq;mq;mq;mq;mq;
89642;20110903000000;99440;-270;8;100;11.300000;256.250000;250.850000;60;4000;70;7;2;100;8;450;35;61;60;98870;mq;mq;mq;255.250000;mq;257.150000;mq;mq;mq;mq;mq;15.400000;-60;mq;mq;mq;mq;mq;mq;mq;mq;mq;1115.000000;mq;mq;mq;1;7;330;8;6;1290;mq;mq;mq;mq;mq;mq;
07005;20110903030000;101140;-80;7;120;2.600000;289.150000;288.050000;93;mq;mq;mq;mq;mq;mq;mq;mq;mq;mq;100270;mq;mq;mq;mq;mq;mq;mq;mq;mq;mq;mq;3.100000;-10;mq;mq;mq;mq;0.000000;0.000000;mq;mq;mq;710.000000;1103.000000;mq;mq;mq;mq;mq;mq;mq;mq;mq;mq;mq;mq;mq;mq;
07015;20110903030000;101140;-60;8;0;0.000000;290.050000;288.750000;92;6000;0;mq;mq;90;5;1750;35;20;11;100590;mq;mq;mq;mq;mq;mq;mq;mq;mq;mq;mq;1.500000;-10;mq;mq;0.000000;-30;0.000000;0.000000;mq;mq;mq;710.000000;1102.000000;3100.000000;mq;5;6;1500;5;0;6900;mq;mq;mq;mq;mq;mq;
07020;20110903030000;101180;-60;8;230;4.600000;288.650000;288.350000;98;mq;mq;mq;mq;mq;mq;mq;mq;mq;mq;100920;mq;mq;mq;mq;mq;mq;mq;mq;mq;mq;mq;6.200000;-10;mq;mq;mq;mq;0.000000;0.000000;mq;mq;mq;710.000000;1106.000000;mq;mq;mq;mq;mq;mq;mq;mq;mq;mq;mq;mq;mq;mq;
07027;20110903030000;101130;-50;5;250;3.100000;288.450000;287.950000;97;4200;10;mq;mq;mq;mq;mq;mq;mq;mq;100340;mq;mq;mq;mq;mq;mq;mq;mq;mq;mq;mq;4.600000;-10;mq;mq;mq;mq;0.000000;0.000000;mq;mq;mq;710.000000;1105.000000;mq;mq;mq;mq;mq;mq;mq;mq;mq;mq;mq;mq;mq;mq;
07037;20110903030000;101140;-70;8;100;1.000000;289.350000;289.150000;99;200;45;mq;mq;mq;mq;mq;mq;mq;mq;99360;mq;mq;mq;mq;mq;mq;mq;mq;mq;mq;mq;1.500000;-10;mq;mq;mq;mq;0.000000;0.000000;mq;mq;mq;710.000000;1102.000000;mq;mq;mq;mq;mq;mq;mq;mq;mq;mq;mq;mq;mq;mq;
07110;20110903030000;101130;-90;6;200;3.100000;289.450000;288.850000;96;10000;2;1;1;100;8;250;35;61;60;100010;mq;mq;mq;mq;mq;mq;mq;mq;mq;mq;mq;6.700000;-10;mq;mq;0.000000;-30;0.000000;0.000000;mq;mq;mq;710.000000;1107.000000;3100.000000;mq;8;6;180;mq;mq;mq;mq;mq;mq;mq;mq;mq;
07117;20110903030000;101120;-110;6;210;4.100000;288.550000;287.250000;92;10000;2;1;1;40;3;2250;30;21;11;100430;mq;mq;mq;mq;mq;mq;mq;mq;mq;mq;mq;5.700000;-10;mq;mq;mq;mq;0.000000;0.000000;mq;mq;mq;710.000000;1106.000000;2427.000000;mq;mq;mq;mq;mq;mq;mq;mq;mq;mq;mq;mq;mq;
07130;20110903030000;101160;-50;6;300;1.500000;288.550000;288.250000;98;2800;10;mq;mq;mq;mq;mq;mq;mq;mq;100650;mq;mq;mq;mq;mq;mq;mq;mq;mq;mq;mq;2.600000;-10;mq;mq;mq;mq;0.000000;0.000000;mq;mq;mq;710.000000;1103.000000;mq;mq;mq;mq;mq;mq;mq;mq;mq;mq;mq;mq;mq;mq;
07139;20110903030000;101160;-60;6;0;0.000000;287.150000;286.050000;93;mq;mq;mq;mq;mq;mq;mq;mq;mq;mq;99460;mq;mq;mq;mq;mq;mq;mq;mq;mq;mq;mq;1.000000;-10;mq;mq;mq;mq;0.000000;0.000000;mq;mq;mq;710.000000;1101.000000;mq;mq;mq;mq;mq;mq;mq;mq;mq;mq;mq;mq;mq;mq;
07149;20110903030000;101160;-50;6;190;1.000000;289.650000;289.050000;96;14000;2;1;1;0;mq;mq;mq;mq;mq;100100;mq;mq;mq;mq;mq;mq;mq;mq;mq;mq;mq;2.100000;-10;mq;mq;0.000000;-30;0.000000;0.000000;mq;mq;mq;710.000000;1102.000000;3100.000000;mq;mq;mq;mq;mq;mq;mq;mq;mq;mq;mq;mq;mq;
07168;20110903030000;101240;-60;6;170;2.100000;288.150000;287.350000;95;9000;0;mq;mq;mq;mq;mq;mq;mq;mq;99840;mq;mq;mq;mq;mq;mq;mq;mq;mq;mq;mq;2.600000;-10;mq;mq;mq;mq;0.000000;0.000000;mq;mq;mq;710.000000;1103.000000;mq;mq;mq;mq;mq;mq;mq;mq;mq;mq;mq;mq;mq;mq;
07181;20110903030000;101290;-60;8;140;0.500000;289.450000;288.950000;97;16000;0;mq;mq;mq;mq;mq;mq;mq;mq;97320;mq;mq;mq;mq;mq;mq;mq;mq;mq;mq;mq;2.100000;-10;mq;mq;mq;mq;0.000000;0.000000;mq;mq;mq;710.000000;1102.000000;mq;mq;mq;mq;mq;mq;mq;mq;mq;mq;mq;mq;mq;mq;
07190;20110903030000;101360;-20;8;260;0.500000;288.550000;287.550000;94;500;45;mq;mq;mq;mq;30;mq;mq;mq;99580;mq;mq;mq;mq;mq;mq;mq;mq;mq;mq;mq;1.500000;-10;mq;mq;mq;mq;0.000000;0.000000;mq;mq;mq;710.000000;1102.000000;mq;mq;mq;mq;mq;mq;mq;mq;mq;mq;mq;mq;mq;mq;
07207;20110903030000;mq;mq;mq;340;7.200000;289.750000;288.250000;91;10000;2;1;1;0;mq;mq;mq;mq;mq;mq;mq;mq;mq;mq;mq;mq;mq;mq;mq;mq;mq;10.800000;-10;mq;mq;mq;mq;0.000000;0.000000;mq;mq;mq;710.000000;1111.000000;2427.000000;mq;mq;mq;mq;mq;mq;mq;mq;mq;mq;mq;mq;mq;
07222;20110903030000;101190;-30;5;250;1.000000;289.050000;288.750000;98;700;45;4;4;101;mq;mq;62;61;60;100880;mq;mq;mq;mq;mq;mq;mq;mq;mq;mq;mq;1.500000;-10;mq;mq;mq;mq;0.000000;0.000000;mq;mq;mq;710.000000;1102.000000;mq;mq;mq;mq;mq;mq;mq;mq;mq;mq;mq;mq;mq;mq;
07240;20110903030000;101120;-50;6;70;0.500000;290.350000;288.850000;91;20000;0;mq;mq;0;mq;mq;mq;mq;mq;99810;mq;mq;mq;mq;mq;mq;mq;mq;mq;mq;mq;1.500000;-10;mq;mq;0.000000;-30;0.000000;0.000000;mq;mq;mq;710.000000;1102.000000;3100.000000;mq;mq;mq;mq;mq;mq;mq;mq;mq;mq;mq;mq;mq;
07255;20110903030000;101130;-90;8;70;2.100000;292.350000;290.450000;89;20000;0;mq;mq;mq;mq;mq;mq;mq;mq;99210;mq;mq;mq;mq;mq;mq;mq;mq;mq;mq;mq;3.100000;-10;mq;mq;mq;mq;0.000000;0.000000;mq;mq;mq;710.000000;1103.000000;mq;mq;mq;mq;mq;mq;mq;mq;mq;mq;mq;mq;mq;mq;
07280;20110903030000;101260;-20;8;320;2.600000;290.550000;288.850000;90;35000;0;mq;mq;mq;mq;mq;mq;mq;mq;98620;mq;mq;mq;mq;mq;mq;mq;mq;mq;mq;mq;2.600000;-10;mq;mq;mq;mq;0.000000;0.000000;mq;mq;mq;710.000000;1103.000000;mq;mq;mq;mq;mq;mq;mq;mq;mq;mq;mq;mq;mq;mq;
07299;20110903030000;101370;-40;7;210;0.500000;288.350000;287.850000;97;9000;2;1;1;25;0;8000;30;20;11;98180;mq;mq;mq;mq;mq;mq;mq;mq;mq;mq;mq;1.500000;-10;mq;mq;0.000000;-30;0.000000;0.200000;mq;mq;mq;710.000000;1102.000000;3100.000000;mq;2;0;6900;mq;mq;mq;mq;mq;mq;mq;mq;mq;
07314;20110903030000;101140;-50;7;320;4.600000;292.350000;291.350000;94;mq;mq;mq;mq;mq;mq;mq;mq;mq;mq;100870;mq;mq;mq;mq;mq;mq;mq;mq;mq;mq;mq;6.200000;-10;mq;mq;mq;mq;0.000000;0.000000;mq;mq;mq;710.000000;1106.000000;mq;mq;mq;mq;mq;mq;mq;mq;mq;mq;mq;mq;mq;mq;
07335;20110903030000;101100;-80;8;350;1.500000;290.250000;287.750000;85;45000;0;mq;mq;mq;mq;mq;mq;mq;mq;99690;mq;mq;mq;mq;mq;mq;mq;mq;mq;mq;mq;2.600000;-10;mq;mq;mq;mq;0.000000;0.000000;mq;mq;mq;710.000000;1103.000000;mq;mq;mq;mq;mq;mq;mq;mq;mq;mq;mq;mq;mq;mq;
07434;20110903030000;101010;-80;8;100;2.100000;294.150000;289.750000;76;40000;0;mq;mq;100;mq;2250;mq;mq;mq;96450;mq;mq;mq;mq;mq;mq;mq;mq;mq;mq;mq;3.600000;-10;mq;mq;mq;mq;0.000000;0.000000;mq;mq;mq;710.000000;1104.000000;mq;mq;mq;mq;mq;mq;mq;mq;mq;mq;mq;mq;mq;mq;
07460;20110903030000;101150;-100;7;310;0.500000;290.450000;288.950000;91;20000;1;mq;mq;10;1;3500;30;28;10;97390;mq;mq;mq;mq;mq;mq;mq;mq;mq;mq;mq;1.500000;-10;mq;mq;0.000000;-30;0.000000;0.000000;mq;mq;mq;710.000000;1102.000000;3100.000000;mq;1;3;3600;mq;mq;mq;mq;mq;mq;mq;mq;mq;
07471;20110903030000;mq;-80;8;240;1.500000;286.450000;285.950000;97;10000;0;mq;mq;mq;mq;mq;mq;mq;mq;91900;85000;17440;mq;mq;mq;mq;mq;mq;mq;mq;mq;2.100000;-10;mq;mq;mq;mq;0.000000;0.000000;mq;mq;mq;710.000000;1102.000000;mq;mq;mq;mq;mq;mq;mq;mq;mq;mq;mq;mq;mq;mq;
07481;20110903030000;101180;-80;7;0;0.000000;292.150000;290.450000;90;20000;2;1;1;25;0;8000;30;20;12;98410;mq;mq;mq;mq;mq;mq;mq;mq;mq;mq;mq;1.500000;-10;mq;mq;0.000000;-30;0.000000;0.000000;mq;mq;mq;710.000000;1102.000000;3100.000000;mq;2;0;7800;mq;mq;mq;mq;mq;mq;mq;mq;mq;
07510;20110903030000;100990;-120;8;240;1.500000;293.250000;293.250000;100;8000;60;9;6;100;1;1750;32;28;60;100360;mq;mq;mq;mq;mq;mq;mq;mq;mq;mq;mq;5.100000;-10;mq;mq;0.000000;-30;1.000000;3.000000;mq;mq;mq;710.000000;1105.000000;3100.000000;mq;1;8;1500;7;3;3000;mq;mq;mq;mq;mq;mq;
07535;20110903030000;101110;-10;8;110;1.500000;290.850000;289.850000;94;mq;mq;mq;mq;mq;mq;mq;mq;mq;mq;98090;mq;mq;mq;mq;mq;mq;mq;mq;mq;mq;mq;2.100000;-10;mq;mq;mq;mq;0.000000;0.000000;mq;mq;mq;710.000000;1102.000000;mq;mq;mq;mq;mq;mq;mq;mq;mq;mq;mq;mq;mq;mq;
07558;20110903030000;101160;-40;6;150;3.100000;291.950000;289.950000;88;mq;mq;mq;mq;mq;mq;mq;mq;mq;mq;93160;mq;mq;mq;mq;mq;mq;mq;mq;mq;mq;mq;7.700000;-10;mq;mq;mq;mq;0.000000;0.000000;mq;mq;mq;710.000000;1108.000000;mq;mq;mq;mq;mq;mq;mq;mq;mq;mq;mq;mq;mq;mq;
07577;20110903030000;101200;10;1;0;0.000000;292.750000;291.050000;90;20000;0;mq;mq;mq;mq;mq;mq;mq;mq;100340;mq;mq;mq;mq;mq;mq;mq;mq;mq;mq;mq;1.500000;-10;mq;mq;mq;mq;0.000000;0.000000;mq;mq;mq;710.000000;1102.000000;mq;mq;mq;mq;mq;mq;mq;mq;mq;mq;mq;mq;mq;mq;
07591;20110903030000;mq;-50;6;20;5.100000;291.550000;283.350000;59;mq;0;mq;mq;mq;mq;mq;mq;mq;mq;91610;mq;mq;mq;mq;mq;mq;mq;mq;mq;mq;mq;10.800000;-10;mq;mq;mq;mq;0.000000;0.000000;mq;mq;mq;710.000000;1111.000000;mq;mq;mq;mq;mq;mq;mq;mq;mq;mq;mq;mq;mq;mq;
07607;20110903030000;101150;-60;7;220;1.000000;292.450000;291.750000;96;8000;61;mq;mq;100;mq;150;mq;mq;mq;100460;mq;mq;mq;mq;mq;mq;mq;mq;mq;mq;mq;2.100000;-10;mq;mq;mq;mq;0.200000;3.000000;mq;mq;mq;710.000000;1102.000000;mq;mq;mq;mq;mq;mq;mq;mq;mq;mq;mq;mq;mq;mq;
07621;20110903030000;101150;-100;8;140;1.000000;291.050000;290.550000;97;10000;61;mq;mq;100;8;250;37;61;60;96970;mq;mq;mq;mq;mq;mq;mq;mq;mq;mq;mq;2.100000;-10;mq;mq;0.000000;-30;0.200000;4.000000;mq;mq;mq;710.000000;1102.000000;3100.000000;mq;8;7;240;mq;mq;mq;mq;mq;mq;mq;mq;mq;
07627;20110903030000;101210;-10;8;340;1.000000;290.550000;289.250000;92;mq;mq;mq;mq;mq;mq;mq;mq;mq;mq;96490;mq;mq;mq;mq;mq;mq;mq;mq;mq;mq;mq;3.100000;-10;mq;mq;mq;mq;0.600000;9.000000;mq;mq;mq;710.000000;1103.000000;mq;mq;mq;mq;mq;mq;mq;mq;mq;mq;mq;mq;mq;mq;
07630;20110903030000;101190;50;1;300;3.600000;292.050000;290.850000;93;1100;95;9;6;90;7;450;39;61;60;99450;mq;mq;mq;mq;mq;mq;mq;mq;mq;mq;mq;6.700000;-10;mq;mq;0.000000;-30;14.000000;14.000000;mq;mq;mq;710.000000;1107.000000;3100.000000;mq;2;7;360;4;8;750;2;9;900;7;6;990;
07643;20110903030000;101180;-50;8;170;1.500000;296.550000;294.950000;91;12000;2;1;1;100;7;250;35;61;60;101090;mq;mq;mq;mq;mq;mq;mq;mq;mq;mq;mq;3.600000;-10;mq;mq;mq;mq;0.000000;0.000000;mq;mq;mq;710.000000;1104.000000;mq;mq;5;7;180;7;6;330;mq;mq;mq;mq;mq;mq;
07650;20110903030000;101200;30;3;150;1.000000;295.550000;290.650000;74;20000;2;1;1;90;3;3500;30;23;12;100830;mq;mq;mq;mq;mq;mq;mq;mq;mq;mq;mq;3.100000;-10;mq;mq;0.000000;-30;0.000000;0.000000;mq;mq;mq;710.000000;1103.000000;3100.000000;mq;3;3;3300;6;0;7500;mq;mq;mq;mq;mq;mq;
07661;20110903030000;101190;-30;6;100;7.200000;295.750000;292.750000;83;18000;mq;mq;mq;60;5;3500;30;28;10;99650;mq;mq;mq;mq;mq;mq;mq;mq;mq;mq;mq;8.700000;-10;mq;mq;mq;mq;0.000000;0.000000;mq;mq;mq;710.000000;1109.000000;mq;mq;5;3;2400;mq;mq;mq;mq;mq;mq;mq;mq;mq;
07690;20110903030000;101310;10;0;330;1.500000;296.350000;291.450000;74;20000;2;1;1;90;2;3500;30;23;12;100990;mq;mq;mq;mq;mq;mq;mq;mq;mq;mq;mq;3.600000;-10;mq;mq;0.000000;-30;0.000000;0.000000;mq;mq;mq;710.000000;1104.000000;3100.000000;mq;2;3;4800;6;0;6900;mq;mq;mq;mq;mq;mq;
07747;20110903030000;101080;-60;7;330;2.100000;295.550000;293.450000;88;16000;0;mq;mq;90;mq;450;mq;mq;mq;100570;mq;mq;mq;mq;mq;mq;mq;mq;mq;mq;mq;3.100000;-10;mq;mq;mq;mq;0.000000;0.000000;mq;mq;mq;710.000000;1103.000000;mq;mq;mq;mq;mq;mq;mq;mq;mq;mq;mq;mq;mq;mq;
07761;20110903030000;101280;80;1;60;4.600000;295.450000;289.250000;68;20000;2;1;1;90;7;3500;30;27;12;101180;mq;mq;mq;mq;mq;mq;mq;mq;mq;mq;mq;5.700000;-10;mq;mq;0.000000;-30;0.000000;0.000000;mq;mq;mq;710.000000;1106.000000;3100.000000;mq;5;3;4500;5;0;7800;mq;mq;mq;mq;mq;mq;
07790;20110903030000;101260;0;0;0;0.000000;295.850000;295.050000;95;8000;2;1;1;75;6;450;35;20;10;101120;mq;mq;mq;mq;mq;mq;mq;mq;mq;mq;mq;1.500000;-10;mq;mq;0.000000;-30;0.000000;0.000000;mq;mq;mq;710.000000;1102.000000;3100.000000;mq;6;6;540;mq;mq;mq;mq;mq;mq;mq;mq;mq;
61970;20110903030000;101480;mq;mq;mq;mq;294.250000;293.550000;96;mq;mq;mq;mq;mq;mq;mq;mq;mq;mq;mq;mq;mq;mq;mq;mq;mq;mq;mq;mq;mq;mq;mq;mq;mq;mq;mq;mq;mq;mq;mq;mq;mq;mq;mq;mq;mq;mq;mq;mq;mq;mq;mq;mq;mq;mq;mq;mq;mq;
61972;20110903030000;101520;mq;mq;360;1.500000;296.250000;293.950000;87;mq;mq;mq;mq;mq;mq;mq;mq;mq;mq;mq;mq;mq;mq;mq;mq;mq;mq;mq;mq;mq;mq;5.700000;-10;mq;mq;mq;mq;0.000000;0.000000;mq;mq;mq;710.000000;1106.000000;mq;mq;mq;mq;mq;mq;mq;mq;mq;mq;mq;mq;mq;mq;
61976;20110903030000;101620;mq;mq;100;12.300000;294.650000;292.550000;88;mq;mq;mq;mq;mq;mq;mq;mq;mq;mq;101470;mq;mq;mq;mq;mq;mq;mq;mq;mq;mq;mq;mq;mq;mq;mq;mq;mq;mq;mq;mq;mq;mq;mq;mq;mq;mq;mq;mq;mq;mq;mq;mq;mq;mq;mq;mq;mq;mq;
61980;20110903030000;101980;mq;mq;110;4.600000;293.450000;290.850000;85;10000;80;1;1;60;5;800;38;20;10;mq;mq;mq;mq;mq;mq;mq;mq;mq;mq;mq;mq;7.200000;-10;mq;mq;mq;mq;0.200000;0.200000;mq;mq;mq;710.000000;1107.000000;mq;mq;5;8;690;mq;mq;mq;mq;mq;mq;mq;mq;mq;
61996;20110903030000;mq;mq;mq;260;4.100000;284.450000;mq;mq;mq;mq;mq;mq;mq;mq;mq;mq;mq;mq;mq;mq;mq;110;mq;mq;mq;mq;mq;mq;mq;mq;6.200000;-10;mq;mq;mq;mq;0.000000;0.000000;mq;mq;mq;710.000000;1106.000000;mq;mq;mq;mq;mq;mq;mq;mq;mq;mq;mq;mq;mq;mq;
61997;20110903030000;97640;mq;mq;340;19.000000;280.350000;279.950000;97;mq;mq;mq;mq;mq;mq;mq;mq;mq;mq;mq;mq;mq;mq;mq;mq;mq;mq;mq;mq;mq;mq;28.300000;-30;mq;mq;mq;mq;mq;1.000000;mq;mq;mq;1128.000000;mq;mq;mq;mq;mq;mq;mq;mq;mq;mq;mq;mq;mq;mq;mq;
61998;20110903030000;100660;mq;mq;10;4.600000;276.250000;272.650000;77;22000;2;1;1;10;1;800;31;20;10;mq;mq;mq;310;mq;mq;mq;mq;mq;mq;mq;mq;10.800000;-10;mq;mq;mq;mq;0.000000;0.000000;mq;mq;mq;710.000000;1111.000000;mq;mq;1;8;780;mq;mq;mq;mq;mq;mq;mq;mq;mq;
67005;20110903030000;101410;mq;mq;0;0.500000;294.450000;293.050000;92;20000;2;1;1;10;1;450;32;23;12;mq;mq;mq;mq;mq;mq;mq;mq;mq;mq;mq;mq;1.500000;-10;mq;mq;mq;mq;0.000000;0.000000;mq;mq;mq;710.000000;1102.000000;mq;mq;1;8;540;mq;mq;mq;mq;mq;mq;mq;mq;mq;
71805;20110903030000;102000;-110;8;80;2.100000;287.350000;287.150000;99;300;45;mq;mq;mq;mq;mq;mq;mq;mq;101920;mq;mq;mq;mq;mq;mq;mq;mq;mq;mq;mq;2.600000;-10;mq;mq;mq;mq;0.000000;0.000000;mq;mq;mq;710.000000;1103.000000;mq;mq;mq;mq;mq;mq;mq;mq;mq;mq;mq;mq;mq;mq;
78897;20110903030000;101510;40;0;260;0.500000;298.350000;297.150000;93;15000;2;1;1;40;2;800;38;20;12;mq;mq;mq;0;mq;mq;mq;mq;mq;mq;mq;mq;mq;mq;mq;mq;mq;mq;mq;mq;mq;mq;mq;mq;mq;mq;mq;1;8;600;mq;mq;mq;mq;mq;mq;mq;mq;mq;
78922;20110903030000;101450;20;0;80;3.600000;299.850000;296.950000;84;mq;mq;mq;mq;mq;mq;mq;mq;mq;mq;101010;mq;mq;mq;mq;mq;mq;mq;mq;mq;mq;mq;mq;mq;mq;mq;mq;mq;mq;mq;mq;mq;mq;mq;mq;mq;mq;mq;mq;mq;mq;mq;mq;mq;mq;mq;mq;mq;mq;
78925;20110903030000;101520;70;3;50;1.500000;297.950000;296.750000;93;20000;2;1;1;50;3;800;38;20;13;mq;mq;mq;30;mq;mq;mq;mq;mq;mq;mq;mq;mq;mq;mq;mq;mq;mq;mq;mq;mq;mq;mq;mq;mq;mq;mq;2;8;630;mq;mq;mq;mq;mq;mq;mq;mq;mq;
81401;20110903030000;101380;mq;mq;0;0.000000;297.350000;295.450000;89;mq;mq;mq;mq;mq;mq;mq;mq;mq;mq;101320;mq;mq;mq;mq;mq;mq;mq;mq;mq;mq;mq;mq;mq;mq;mq;mq;mq;mq;0.000000;mq;mq;mq;mq;mq;mq;mq;mq;mq;mq;mq;mq;mq;mq;mq;mq;mq;mq;mq;
81405;20110903030000;101390;mq;mq;0;0.000000;296.950000;295.950000;94;50000;0;mq;mq;mq;mq;mq;mq;mq;mq;101300;mq;mq;mq;mq;mq;mq;mq;mq;mq;mq;mq;mq;mq;mq;mq;mq;mq;mq;0.000000;mq;mq;mq;mq;mq;mq;mq;mq;mq;mq;mq;mq;mq;mq;mq;mq;mq;mq;mq;
81408;20110903030000;101370;mq;mq;0;0.000000;295.950000;295.150000;95;mq;mq;mq;mq;mq;mq;mq;mq;mq;mq;101290;mq;mq;mq;mq;mq;mq;mq;mq;mq;mq;mq;mq;mq;mq;mq;mq;mq;mq;0.000000;mq;mq;mq;mq;mq;mq;mq;mq;mq;mq;mq;mq;mq;mq;mq;mq;mq;mq;mq;
81415;20110903030000;101420;mq;mq;50;2.100000;297.350000;295.750000;91;mq;mq;mq;mq;mq;mq;mq;mq;mq;mq;100210;mq;mq;mq;mq;mq;mq;mq;mq;mq;mq;mq;mq;mq;mq;mq;mq;mq;mq;0.000000;mq;mq;mq;mq;mq;mq;mq;mq;mq;mq;mq;mq;mq;mq;mq;mq;mq;mq;mq;
89642;20110903030000;99150;-280;8;100;10.300000;256.650000;254.050000;78;mq;mq;mq;mq;mq;mq;mq;mq;mq;mq;98590;mq;mq;mq;mq;mq;mq;mq;mq;mq;mq;18.000000;18.500000;-30;mq;mq;mq;mq;mq;mq;mq;mq;mq;1018.000000;1119.000000;mq;mq;mq;mq;mq;mq;mq;mq;mq;mq;mq;mq;mq;mq;
07005;20110903060000;101090;-60;6;110;2.100000;288.350000;287.350000;94;4500;10;0;0;10;0;mq;30;20;11;100210;mq;mq;mq;287.950000;mq;294.450000;mq;287.150000;mq;mq;mq;3.100000;-10;0;0.000000;mq;mq;0.000000;0.000000;mq;0.000000;0.000000;710.000000;1103.000000;mq;mq;1;0;7500;mq;mq;mq;mq;mq;mq;mq;mq;mq;
07015;20110903060000;101100;-40;6;100;1.000000;290.050000;289.550000;97;2000;10;mq;mq;0;mq;mq;mq;mq;mq;100550;mq;mq;mq;288.850000;mq;297.050000;mq;286.150000;mq;mq;mq;1.500000;-10;0;0.000000;0.000000;-60;0.000000;0.000000;mq;0.000000;0.000000;710.000000;1102.000000;3100.000000;mq;mq;mq;mq;mq;mq;mq;mq;mq;mq;mq;mq;mq;
07020;20110903060000;101110;-70;6;200;4.600000;289.350000;288.550000;95;mq;mq;mq;mq;mq;mq;mq;mq;mq;mq;100850;mq;mq;mq;286.550000;mq;289.950000;mq;mq;mq;mq;mq;6.200000;-10;mq;mq;mq;mq;0.200000;0.200000;mq;0.200000;0.400000;710.000000;1106.000000;mq;mq;mq;mq;mq;mq;mq;mq;mq;mq;mq;mq;mq;mq;
07027;20110903060000;101150;20;3;290;2.600000;288.250000;287.950000;98;600;46;4;1;90;7;150;36;61;60;100360;mq;mq;mq;288.050000;mq;294.650000;mq;285.150000;mq;mq;mq;5.700000;-10;0;0.000000;0.000000;-60;0.000000;0.000000;mq;0.000000;0.000000;710.000000;1106.000000;3100.000000;mq;7;7;90;mq;mq;mq;mq;mq;mq;mq;mq;mq;
07037;20110903060000;101100;-50;6;130;1.000000;288.550000;288.350000;99;1500;28;4;1;40;3;80;36;20;10;99310;mq;mq;mq;287.950000;mq;296.850000;mq;284.150000;mq;mq;mq;2.600000;-10;1;0.000000;0.000000;-60;0.000000;0.000000;mq;0.000000;0.000000;710.000000;1103.000000;3100.000000;mq;3;7;60;mq;mq;mq;mq;mq;mq;mq;mq;mq;
07110;20110903060000;101050;-80;8;190;3.100000;289.050000;288.450000;96;12000;2;1;1;100;8;150;35;61;60;99930;mq;mq;mq;288.550000;mq;291.550000;mq;288.150000;mq;mq;mq;5.100000;-10;0;0.000000;0.000000;-60;0.000000;0.000000;mq;0.000000;0.000000;710.000000;1105.000000;3100.000000;mq;5;7;180;6;6;660;mq;mq;mq;mq;mq;mq;
07117;20110903060000;101050;-60;8;220;2.100000;289.250000;287.750000;91;12000;2;1;1;90;6;2250;30;22;11;100370;mq;mq;mq;287.850000;mq;291.950000;mq;mq;mq;mq;mq;4.600000;-10;mq;mq;mq;mq;0.000000;0.000000;mq;0.000000;mq;710.000000;1105.000000;2427.000000;mq;mq;mq;mq;mq;mq;mq;mq;mq;mq;mq;mq;mq;
07130;20110903060000;101140;-20;5;30;1.500000;288.850000;288.650000;99;2900;10;mq;mq;100;mq;80;mq;mq;mq;100630;mq;mq;mq;287.750000;mq;298.950000;mq;284.150000;mq;mq;mq;3.600000;-10;0;0.000000;mq;mq;0.000000;0.200000;mq;0.200000;0.200000;710.000000;1104.000000;mq;mq;mq;mq;mq;mq;mq;mq;mq;mq;mq;mq;mq;mq;
07139;20110903060000;101130;-40;7;60;1.000000;286.850000;285.950000;94;300;46;4;1;90;7;30;36;61;60;99420;mq;mq;mq;286.450000;mq;298.450000;mq;284.150000;mq;mq;mq;1.500000;-10;1;0.000000;0.000000;-60;0.000000;0.000000;mq;0.000000;0.200000;710.000000;1102.000000;3100.000000;mq;7;7;30;mq;mq;mq;mq;mq;mq;mq;mq;mq;
07149;20110903060000;101150;-10;5;170;1.000000;290.250000;289.950000;98;17000;2;1;1;0;mq;mq;mq;mq;mq;100090;mq;mq;mq;288.850000;mq;299.750000;mq;285.150000;mq;mq;mq;1.000000;-10;0;0.000000;0.000000;-60;0.000000;0.000000;mq;0.000000;0.000000;710.000000;1101.000000;3100.000000;mq;mq;mq;mq;mq;mq;mq;mq;mq;mq;mq;mq;mq;
07168;20110903060000;101200;-30;7;160;1.000000;289.150000;288.650000;97;14000;2;1;1;0;mq;mq;mq;mq;mq;99810;mq;mq;mq;287.150000;mq;299.650000;mq;286.150000;mq;mq;mq;1.500000;-10;0;0.000000;0.000000;-60;0.000000;0.000000;mq;0.000000;0.200000;710.000000;1102.000000;3100.000000;mq;mq;mq;mq;mq;mq;mq;mq;mq;mq;mq;mq;mq;
07181;20110903060000;101260;-20;8;100;1.000000;290.450000;290.250000;99;mq;0;mq;mq;mq;mq;mq;mq;mq;mq;97300;mq;mq;mq;288.450000;mq;297.850000;mq;285.150000;mq;mq;mq;2.100000;-10;1;0.000000;0.000000;-60;0.000000;0.000000;mq;0.000000;0.000000;710.000000;1102.000000;3100.000000;mq;mq;mq;mq;mq;mq;mq;mq;mq;mq;mq;mq;mq;
07190;20110903060000;101340;-10;5;120;0.500000;290.250000;289.650000;96;100;45;mq;mq;101;mq;mq;62;61;60;99570;mq;mq;mq;288.450000;mq;297.750000;mq;286.150000;mq;mq;mq;1.000000;-10;1;0.000000;mq;mq;0.000000;0.200000;mq;0.200000;1.000000;710.000000;1101.000000;mq;mq;mq;mq;mq;mq;mq;mq;mq;mq;mq;mq;mq;mq;
07207;20110903060000;mq;mq;mq;0;0.000000;289.150000;288.150000;94;12000;2;1;1;100;8;800;35;20;10;mq;mq;mq;mq;288.550000;mq;290.550000;mq;mq;mq;mq;mq;3.100000;-10;mq;mq;mq;mq;0.000000;0.000000;mq;0.000000;mq;710.000000;1103.000000;2427.000000;mq;mq;mq;mq;mq;mq;mq;mq;mq;mq;mq;mq;mq;
07222;20110903060000;101100;-90;6;320;2.600000;288.750000;288.550000;99;400;45;4;4;101;mq;mq;62;61;60;100790;mq;mq;mq;288.650000;mq;297.250000;mq;285.150000;mq;mq;mq;4.100000;-10;0;0.000000;mq;mq;0.000000;0.200000;mq;0.200000;0.200000;710.000000;1104.000000;mq;mq;mq;mq;mq;mq;mq;mq;mq;mq;mq;mq;mq;mq;
07240;20110903060000;101080;-50;5;360;0.500000;289.550000;288.250000;92;20000;3;mq;mq;50;4;3500;30;28;10;99760;mq;mq;mq;288.750000;mq;300.750000;mq;286.150000;mq;mq;mq;2.100000;-10;0;0.000000;0.000000;-60;0.000000;0.000000;mq;0.000000;0.000000;710.000000;1102.000000;3100.000000;mq;4;3;3000;mq;mq;mq;mq;mq;mq;mq;mq;mq;
07255;20110903060000;101120;-20;5;80;2.600000;291.450000;290.250000;93;25000;2;1;1;60;5;3500;30;28;10;99190;mq;mq;mq;291.350000;mq;300.850000;mq;290.150000;mq;mq;mq;3.600000;-10;0;0.000000;0.000000;-60;0.000000;0.000000;mq;0.000000;0.000000;710.000000;1104.000000;3100.000000;mq;5;3;3900;mq;mq;mq;mq;mq;mq;mq;mq;mq;
07280;20110903060000;101220;-50;5;340;1.500000;289.950000;288.650000;92;45000;0;mq;mq;mq;mq;mq;mq;mq;mq;98570;mq;mq;mq;288.850000;mq;299.550000;mq;286.150000;mq;mq;mq;2.600000;-10;0;0.000000;mq;mq;0.000000;0.000000;mq;0.000000;0.000000;710.000000;1103.000000;mq;mq;mq;mq;mq;mq;mq;mq;mq;mq;mq;mq;mq;mq;
07299;20110903060000;101340;-20;5;190;1.500000;289.450000;289.150000;98;15000;2;1;1;10;0;8000;30;20;11;98160;mq;mq;mq;286.950000;mq;297.450000;mq;285.150000;mq;mq;mq;2.100000;-10;0;0.000000;0.000000;-60;0.000000;0.000000;mq;0.200000;0.200000;710.000000;1102.000000;3100.000000;mq;1;0;6900;mq;mq;mq;mq;mq;mq;mq;mq;mq;
07314;20110903060000;101040;-100;6;340;7.200000;291.750000;290.750000;94;12000;2;1;1;50;4;1250;34;23;10;100770;mq;mq;mq;291.550000;mq;294.250000;mq;mq;mq;mq;mq;8.700000;-10;mq;mq;mq;mq;0.000000;0.000000;mq;0.000000;0.000000;710.000000;1109.000000;2427.000000;mq;2;6;1200;3;3;1800;mq;mq;mq;mq;mq;mq;
07335;20110903060000;101060;-30;6;340;1.500000;290.450000;288.750000;90;30000;2;1;1;75;2;800;39;23;10;99660;mq;mq;mq;289.450000;mq;299.950000;mq;288.150000;mq;mq;mq;4.100000;-10;0;0.000000;mq;mq;0.000000;0.000000;mq;0.000000;0.200000;710.000000;1104.000000;mq;mq;1;9;900;4;3;3900;mq;mq;mq;mq;mq;mq;
07434;20110903060000;101040;-10;5;140;2.100000;292.050000;289.850000;87;40000;13;1;1;75;1;1250;39;20;11;96440;mq;mq;mq;292.050000;mq;298.350000;mq;291.150000;mq;mq;mq;3.600000;-10;0;0.000000;0.000000;-60;0.000000;0.000000;mq;0.000000;0.000000;710.000000;1104.000000;3100.000000;mq;1;9;990;6;0;7800;mq;mq;mq;mq;mq;mq;
07460;20110903060000;101160;20;3;210;0.500000;291.150000;289.650000;91;20000;1;mq;mq;60;3;3500;30;28;11;97410;mq;mq;mq;290.350000;mq;298.550000;mq;289.150000;mq;mq;mq;5.100000;-10;1;0.000000;0.000000;-60;0.000000;0.000000;mq;0.000000;0.000000;710.000000;1105.000000;3100.000000;mq;3;3;3900;4;0;5400;mq;mq;mq;mq;mq;mq;
07471;20110903060000;mq;40;3;210;0.500000;286.850000;286.650000;99;28000;2;1;1;90;4;3500;30;23;12;91940;85000;17480;mq;285.850000;mq;295.250000;mq;284.150000;mq;mq;mq;1.500000;-10;1;0.000000;0.000000;-60;0.000000;0.000000;mq;0.000000;0.000000;710.000000;1102.000000;3100.000000;mq;4;3;3300;5;0;7500;mq;mq;mq;mq;mq;mq;
07481;20110903060000;101240;60;3;160;2.100000;292.250000;289.850000;86;12000;2;1;1;75;3;3500;30;28;12;98470;mq;mq;mq;291.450000;mq;299.950000;mq;289.150000;mq;mq;mq;3.100000;-10;0;0.000000;0.000000;-60;0.000000;0.000000;mq;0.000000;0.000000;710.000000;1103.000000;3100.000000;mq;3;3;3900;4;0;6900;mq;mq;mq;mq;mq;mq;
07510;20110903060000;101010;20;0;220;2.100000;293.650000;293.650000;100;3000;21;9;6;100;5;250;37;61;60;100380;mq;mq;mq;293.250000;mq;301.350000;mq;293.150000;mq;mq;mq;3.600000;-10;2;0.000000;0.000000;-60;0.000000;0.000000;mq;3.000000;2.600000;710.000000;1104.000000;3100.000000;mq;5;7;180;7;3;4500;mq;mq;mq;mq;mq;mq;
07535;20110903060000;101160;50;3;200;2.100000;290.550000;289.750000;95;10000;2;1;1;75;3;800;35;24;10;98140;mq;mq;mq;290.150000;mq;300.050000;mq;289.150000;mq;mq;mq;3.600000;-10;0;0.000000;0.000000;-60;0.000000;0.000000;mq;0.600000;0.600000;710.000000;1104.000000;3100.000000;mq;3;6;690;5;3;2400;mq;mq;mq;mq;mq;mq;
07558;20110903060000;101140;-10;5;130;3.600000;292.350000;290.150000;87;20000;2;1;1;90;6;450;35;20;11;93150;mq;mq;mq;291.850000;mq;296.050000;mq;291.150000;mq;mq;mq;8.700000;-10;0;0.000000;0.000000;-60;0.000000;0.000000;mq;0.000000;0.000000;710.000000;1109.000000;3100.000000;mq;6;6;390;6;0;7500;mq;mq;mq;mq;mq;mq;
07577;20110903060000;101260;60;2;0;0.000000;292.150000;291.150000;94;15000;2;1;1;75;3;3500;30;23;11;100400;mq;mq;mq;291.550000;mq;302.650000;mq;290.150000;mq;mq;mq;1.500000;-10;1;0.000000;0.000000;-60;0.000000;0.000000;mq;0.000000;0.000000;710.000000;1102.000000;3100.000000;mq;3;3;3000;6;0;6900;mq;mq;mq;mq;mq;mq;
07591;20110903060000;mq;50;3;50;3.100000;290.450000;283.550000;64;mq;0;mq;mq;mq;mq;mq;mq;mq;mq;91660;mq;mq;mq;290.250000;mq;298.150000;mq;289.150000;mq;mq;mq;9.300000;-10;mq;mq;mq;mq;0.000000;0.000000;mq;0.000000;0.000000;710.000000;1109.000000;mq;mq;mq;mq;mq;mq;mq;mq;mq;mq;mq;mq;mq;mq;
07607;20110903060000;101150;0;5;300;2.100000;291.850000;291.050000;95;19000;0;mq;mq;100;mq;800;mq;mq;mq;100460;mq;mq;mq;291.750000;mq;300.050000;mq;291.150000;mq;mq;mq;6.700000;-10;mq;mq;mq;mq;1.000000;2.000000;mq;15.000000;15.100000;710.000000;1107.000000;mq;mq;mq;mq;mq;mq;mq;mq;mq;mq;mq;mq;mq;mq;
07621;20110903060000;101180;40;3;180;1.000000;291.450000;290.850000;96;12000;1;mq;mq;100;8;250;36;61;60;97010;mq;mq;mq;290.850000;mq;297.550000;mq;290.150000;mq;mq;mq;2.100000;-10;1;0.000000;0.000000;-60;0.000000;0.000000;mq;83.000000;82.600000;710.000000;1102.000000;3100.000000;mq;7;7;240;mq;mq;mq;mq;mq;mq;mq;mq;mq;
07627;20110903060000;101200;-10;5;0;0.000000;290.550000;289.450000;93;15000;2;1;1;75;6;80;35;20;10;96480;mq;mq;mq;290.250000;mq;297.950000;mq;289.150000;mq;mq;mq;1.000000;-10;2;0.000000;mq;mq;0.000000;0.600000;mq;9.000000;9.100000;710.000000;1101.000000;mq;mq;1;7;30;6;6;690;mq;mq;mq;mq;mq;mq;
07630;20110903060000;101210;10;3;230;1.500000;291.750000;290.450000;92;20000;3;9;6;90;7;450;35;61;60;99460;mq;mq;mq;291.750000;mq;301.550000;mq;291.150000;mq;mq;mq;4.100000;-10;2;0.000000;0.000000;-60;0.000000;4.000000;mq;17.000000;17.200000;710.000000;1104.000000;3100.000000;mq;7;6;360;mq;mq;mq;mq;mq;mq;mq;mq;mq;
07643;20110903060000;101180;0;5;10;3.100000;296.050000;293.950000;88;9000;2;1;1;100;7;450;35;61;60;101090;mq;mq;mq;296.050000;mq;299.750000;mq;295.150000;mq;mq;mq;5.100000;-10;0;0.000000;mq;mq;0.000000;0.000000;mq;0.000000;0.000000;710.000000;1105.000000;mq;mq;6;6;510;4;6;900;mq;mq;mq;mq;mq;mq;
07650;20110903060000;101190;10;0;100;3.100000;297.050000;291.650000;72;40000;2;1;1;90;6;1250;35;23;12;100820;mq;mq;mq;294.350000;mq;298.950000;mq;292.150000;mq;mq;mq;6.200000;-10;0;0.000000;0.000000;-60;0.000000;0.000000;mq;0.000000;0.000000;710.000000;1106.000000;3100.000000;mq;6;6;990;4;0;7500;mq;mq;mq;mq;mq;mq;
07661;20110903060000;101250;60;3;110;6.700000;295.850000;293.350000;86;16000;2;1;1;100;8;800;37;20;10;99710;mq;mq;mq;295.550000;mq;298.350000;mq;mq;mq;mq;mq;9.800000;-10;mq;mq;mq;mq;0.000000;0.000000;mq;0.000000;0.000000;710.000000;1110.000000;mq;mq;8;7;780;mq;mq;mq;mq;mq;mq;mq;mq;mq;
07690;20110903060000;101440;130;3;330;2.100000;296.250000;290.250000;69;25000;2;1;1;75;3;450;35;23;12;101120;mq;mq;mq;295.750000;mq;298.850000;mq;295.150000;mq;mq;mq;4.100000;-10;0;0.000000;0.000000;-60;0.000000;0.000000;mq;0.000000;0.000000;710.000000;1104.000000;3100.000000;mq;3;6;480;3;3;4800;mq;mq;mq;mq;mq;mq;
07747;20110903060000;101150;70;3;160;1.000000;295.650000;293.150000;86;15000;2;1;1;100;7;450;35;20;12;100640;mq;mq;mq;294.350000;mq;297.150000;mq;292.150000;mq;mq;mq;2.100000;-10;0;0.000000;mq;mq;0.000000;0.000000;mq;0.000000;0.000000;710.000000;1102.000000;mq;mq;5;6;330;8;0;7800;mq;mq;mq;mq;mq;mq;
07761;20110903060000;101360;80;3;200;3.100000;298.050000;290.250000;62;12000;2;1;1;60;5;3500;30;27;12;101260;mq;mq;mq;295.050000;mq;300.350000;mq;295.150000;mq;mq;mq;4.600000;-10;0;0.000000;0.000000;-60;0.000000;0.000000;mq;0.000000;0.400000;710.000000;1105.000000;3100.000000;mq;5;3;4500;4;0;7800;mq;mq;mq;mq;mq;mq;
07790;20110903060000;101300;40;3;0;0.000000;296.650000;294.950000;90;8000;2;1;1;90;1;800;35;20;11;101160;mq;mq;mq;295.250000;mq;298.450000;mq;294.150000;mq;mq;mq;1.500000;-10;0;0.000000;0.000000;-60;0.000000;0.000000;mq;0.000000;0.000000;710.000000;1102.000000;3100.000000;mq;1;6;630;7;0;7500;mq;mq;mq;mq;mq;mq;
61970;20110903060000;101630;mq;mq;mq;mq;299.750000;294.250000;72;mq;mq;mq;mq;mq;mq;mq;mq;mq;mq;mq;mq;mq;mq;293.250000;mq;mq;mq;mq;mq;mq;mq;mq;mq;mq;mq;mq;mq;0.000000;mq;mq;mq;0.000000;mq;mq;mq;mq;mq;mq;mq;mq;mq;mq;mq;mq;mq;mq;mq;mq;
61972;20110903060000;101710;mq;mq;50;1.000000;299.150000;294.350000;75;mq;mq;mq;mq;mq;mq;mq;mq;mq;mq;mq;mq;mq;mq;296.150000;mq;mq;mq;mq;mq;mq;mq;4.100000;-10;mq;mq;mq;mq;0.000000;mq;mq;mq;0.000000;710.000000;1104.000000;mq;mq;mq;mq;mq;mq;mq;mq;mq;mq;mq;mq;mq;mq;
61976;20110903060000;101730;mq;mq;110;8.200000;298.550000;294.250000;77;mq;mq;mq;mq;mq;mq;mq;mq;mq;mq;101580;mq;mq;mq;mq;mq;mq;mq;mq;mq;mq;mq;mq;mq;mq;mq;mq;mq;mq;mq;mq;mq;mq;mq;mq;mq;mq;mq;mq;mq;mq;mq;mq;mq;mq;mq;mq;mq;mq;
61980;20110903060000;102020;mq;mq;100;7.200000;297.150000;289.950000;64;12000;3;8;1;25;2;800;38;20;11;mq;mq;mq;mq;292.650000;mq;mq;mq;291.150000;mq;mq;mq;12.300000;-10;mq;mq;mq;mq;0.000000;mq;mq;mq;8.000000;710.000000;1112.000000;2427.000000;mq;2;8;780;mq;mq;mq;mq;mq;mq;mq;mq;mq;
61996;20110903060000;mq;mq;mq;260;4.600000;286.350000;mq;mq;mq;mq;mq;mq;mq;mq;mq;mq;mq;mq;mq;mq;mq;mq;282.350000;mq;mq;mq;280.150000;mq;mq;mq;9.800000;-10;mq;mq;mq;mq;0.000000;mq;mq;mq;mq;710.000000;1110.000000;mq;mq;mq;mq;mq;mq;mq;mq;mq;mq;mq;mq;mq;mq;
61997;20110903060000;97060;mq;mq;340;15.900000;280.350000;279.950000;97;mq;mq;mq;mq;mq;mq;mq;mq;mq;mq;mq;mq;mq;mq;277.150000;mq;mq;mq;277.150000;mq;mq;mq;28.300000;-60;mq;mq;mq;mq;mq;mq;mq;mq;15.000000;1128.000000;mq;mq;mq;mq;mq;mq;mq;mq;mq;mq;mq;mq;mq;mq;mq;
61998;20110903060000;100380;mq;mq;240;3.600000;279.650000;275.150000;73;22000;2;1;1;75;2;800;31;24;18;mq;mq;mq;mq;274.750000;mq;mq;mq;274.150000;mq;mq;mq;10.800000;-10;mq;mq;mq;mq;0.000000;mq;mq;mq;0.000000;710.000000;1111.000000;mq;mq;2;8;780;6;2;6300;mq;mq;mq;mq;mq;mq;
67005;20110903060000;101570;mq;mq;100;2.100000;300.450000;293.550000;66;20000;2;1;1;60;4;800;38;23;11;mq;mq;mq;mq;294.450000;mq;mq;mq;292.150000;mq;mq;mq;3.600000;-10;mq;mq;mq;mq;0.000000;mq;mq;mq;0.000000;710.000000;1104.000000;mq;mq;4;8;690;mq;mq;mq;mq;mq;mq;mq;mq;mq;
71805;20110903060000;101660;-340;8;100;2.600000;287.150000;286.950000;99;7000;0;mq;mq;mq;mq;mq;mq;mq;mq;101580;mq;mq;mq;mq;287.050000;mq;291.750000;284.150000;mq;mq;mq;4.100000;-10;mq;mq;mq;mq;0.200000;0.200000;mq;0.200000;0.200000;710.000000;1104.000000;mq;mq;mq;mq;mq;mq;mq;mq;mq;mq;mq;mq;mq;mq;
78897;20110903060000;101350;-160;6;110;1.000000;297.350000;296.450000;95;15000;2;1;1;25;2;800;32;20;12;mq;mq;mq;mq;mq;297.050000;mq;305.650000;275.150000;mq;mq;mq;mq;mq;mq;mq;mq;mq;mq;mq;0.000000;mq;12.700000;mq;mq;mq;mq;1;8;600;mq;mq;mq;mq;mq;mq;mq;mq;mq;
78922;20110903060000;101270;-180;7;50;3.600000;300.350000;296.550000;80;mq;mq;mq;mq;mq;mq;mq;mq;mq;mq;100830;mq;mq;mq;mq;mq;mq;mq;mq;mq;mq;mq;mq;mq;mq;mq;mq;mq;mq;mq;mq;mq;mq;mq;mq;mq;mq;mq;mq;mq;mq;mq;mq;mq;mq;mq;mq;mq;mq;
78925;20110903060000;101300;-220;6;90;2.100000;297.050000;296.750000;98;45000;0;mq;mq;mq;mq;mq;mq;mq;mq;mq;mq;mq;mq;mq;296.450000;mq;305.750000;mq;mq;mq;mq;mq;mq;mq;mq;mq;mq;mq;mq;0.200000;mq;17.300000;mq;mq;mq;mq;mq;mq;mq;mq;mq;mq;mq;mq;mq;mq;mq;mq;
81401;20110903060000;101270;mq;mq;210;1.000000;295.850000;294.850000;94;mq;mq;mq;mq;mq;mq;mq;mq;mq;mq;101210;mq;mq;mq;mq;mq;mq;mq;mq;mq;mq;mq;mq;mq;mq;mq;mq;mq;mq;0.000000;0.000000;mq;mq;mq;mq;mq;mq;mq;mq;mq;mq;mq;mq;mq;mq;mq;mq;mq;mq;
81405;20110903060000;101270;mq;mq;0;0.000000;295.450000;295.150000;98;22000;0;mq;mq;mq;mq;150;mq;mq;mq;101180;mq;mq;mq;mq;mq;mq;mq;294.150000;mq;mq;mq;mq;mq;mq;mq;mq;mq;mq;0.000000;0.000000;mq;mq;mq;mq;mq;mq;mq;mq;mq;mq;mq;mq;mq;mq;mq;mq;mq;mq;
81408;20110903060000;101240;mq;mq;0;0.000000;294.850000;294.350000;97;mq;mq;mq;mq;mq;mq;mq;mq;mq;mq;101160;mq;mq;mq;mq;mq;mq;mq;mq;mq;mq;mq;mq;mq;mq;mq;mq;mq;mq;0.000000;0.000000;mq;mq;mq;mq;mq;mq;mq;mq;mq;mq;mq;mq;mq;mq;mq;mq;mq;mq;
81415;20110903060000;101310;mq;mq;40;1.500000;296.050000;295.350000;96;mq;mq;mq;mq;mq;mq;mq;mq;mq;mq;100090;mq;mq;mq;mq;mq;mq;mq;mq;mq;mq;mq;mq;mq;mq;mq;mq;mq;mq;0.000000;0.000000;mq;mq;mq;mq;mq;mq;mq;mq;mq;mq;mq;mq;mq;mq;mq;mq;mq;mq;
89642;20110903060000;98890;-250;8;110;9.800000;263.950000;262.150000;85;500;73;7;7;100;8;450;37;61;60;98340;mq;mq;mq;mq;mq;mq;mq;274.150000;mq;mq;19.000000;19.500000;-60;mq;mq;mq;mq;mq;mq;mq;mq;mq;1019.000000;1120.000000;mq;mq;8;7;330;mq;mq;mq;mq;mq;mq;mq;mq;mq;
07005;20110903090000;101100;40;2;240;1.500000;295.750000;291.950000;79;10000;2;1;1;10;0;mq;30;20;11;100250;mq;mq;mq;mq;mq;mq;mq;mq;mq;mq;mq;3.100000;-10;mq;mq;0.000000;-30;0.000000;0.200000;mq;mq;mq;710.000000;1103.000000;3100.000000;mq;1;0;7500;mq;mq;mq;mq;mq;mq;mq;mq;mq;
07015;20110903090000;101090;0;5;190;2.600000;296.550000;290.750000;70;15000;2;1;1;10;0;8000;30;20;11;100550;mq;mq;mq;mq;mq;mq;mq;mq;mq;mq;mq;4.600000;-10;mq;mq;0.000000;-30;0.000000;0.000000;mq;mq;mq;710.000000;1105.000000;3100.000000;mq;1;0;7800;mq;mq;mq;mq;mq;mq;mq;mq;mq;
07020;20110903090000;101130;20;2;200;5.100000;291.650000;289.250000;86;mq;mq;mq;mq;mq;mq;mq;mq;mq;mq;100870;mq;mq;mq;mq;mq;mq;mq;mq;mq;mq;mq;7.700000;-10;mq;mq;mq;mq;0.000000;0.000000;mq;mq;mq;710.000000;1108.000000;mq;mq;mq;mq;mq;mq;mq;mq;mq;mq;mq;mq;mq;mq;
07027;20110903090000;101160;10;3;120;1.000000;289.850000;289.350000;97;3000;28;4;2;90;7;150;36;61;60;100370;mq;mq;mq;mq;mq;mq;mq;mq;mq;mq;mq;2.100000;-10;mq;mq;0.000000;-30;0.000000;0.000000;mq;mq;mq;710.000000;1102.000000;3100.000000;mq;7;7;90;mq;mq;mq;mq;mq;mq;mq;mq;mq;
07037;20110903090000;101100;50;3;300;1.500000;295.550000;291.550000;78;8000;2;1;1;25;2;80;36;20;10;99360;mq;mq;mq;mq;mq;mq;mq;mq;mq;mq;mq;3.600000;-10;mq;mq;0.000000;-30;0.000000;0.000000;mq;mq;mq;710.000000;1104.000000;3100.000000;mq;2;7;60;mq;mq;mq;mq;mq;mq;mq;mq;mq;
07110;20110903090000;101030;10;0;200;5.700000;291.850000;289.250000;85;15000;2;1;1;75;6;250;38;20;10;99920;mq;mq;mq;mq;mq;mq;mq;mq;mq;mq;mq;8.700000;-10;mq;mq;0.000000;-30;0.000000;0.000000;mq;mq;mq;710.000000;1109.000000;3100.000000;mq;5;8;270;4;6;780;mq;mq;mq;mq;mq;mq;
07117;20110903090000;101060;10;3;240;3.600000;292.350000;288.050000;76;15000;2;1;1;90;6;800;38;22;10;100380;mq;mq;mq;mq;mq;mq;mq;mq;mq;mq;mq;6.700000;-10;mq;mq;mq;mq;0.000000;0.000000;mq;mq;mq;710.000000;1107.000000;2427.000000;mq;mq;mq;mq;mq;mq;mq;mq;mq;mq;mq;mq;mq;
07130;20110903090000;101140;10;2;320;0.500000;292.950000;289.350000;80;10000;0;mq;mq;90;mq;250;mq;mq;mq;100640;mq;mq;mq;mq;mq;mq;mq;mq;mq;mq;mq;2.600000;-10;mq;mq;mq;mq;0.000000;0.000000;mq;mq;mq;710.000000;1103.000000;mq;mq;mq;mq;mq;mq;mq;mq;mq;mq;mq;mq;mq;mq;
07139;20110903090000;101060;-10;8;60;2.100000;295.950000;290.850000;73;25000;3;4;1;50;4;3500;30;23;12;99410;mq;mq;mq;mq;mq;mq;mq;mq;mq;mq;mq;2.600000;-10;mq;mq;0.000000;-30;0.000000;0.200000;mq;mq;mq;710.000000;1103.000000;3100.000000;mq;4;3;3000;mq;mq;mq;mq;mq;mq;mq;mq;mq;
07149;20110903090000;101120;0;5;170;2.100000;298.450000;291.350000;65;20000;2;1;1;10;1;2250;35;20;10;100090;mq;mq;mq;mq;mq;mq;mq;mq;mq;mq;mq;3.600000;-10;mq;mq;0.000000;-30;0.000000;0.000000;mq;mq;mq;710.000000;1104.000000;3100.000000;mq;1;6;1800;mq;mq;mq;mq;mq;mq;mq;mq;mq;
07168;20110903090000;101150;0;0;150;2.100000;298.450000;290.650000;62;25000;2;1;1;25;2;3500;30;23;10;99810;mq;mq;mq;mq;mq;mq;mq;mq;mq;mq;mq;3.600000;-10;mq;mq;0.000000;-30;0.000000;0.000000;mq;mq;mq;710.000000;1104.000000;3100.000000;mq;2;3;3000;mq;mq;mq;mq;mq;mq;mq;mq;mq;
07181;20110903090000;101200;40;3;130;1.500000;297.850000;291.550000;68;45000;0;mq;mq;mq;mq;mq;mq;mq;mq;97340;mq;mq;mq;mq;mq;mq;mq;mq;mq;mq;mq;2.600000;-10;mq;mq;mq;mq;0.000000;0.000000;mq;mq;mq;710.000000;1103.000000;mq;mq;mq;mq;mq;mq;mq;mq;mq;mq;mq;mq;mq;mq;
07190;20110903090000;101310;0;5;40;1.000000;294.650000;291.650000;83;19000;0;mq;mq;mq;mq;mq;mq;mq;mq;99570;mq;mq;mq;mq;mq;mq;mq;mq;mq;mq;mq;2.600000;-10;mq;mq;mq;mq;0.000000;0.000000;mq;mq;mq;710.000000;1103.000000;mq;mq;mq;mq;mq;mq;mq;mq;mq;mq;mq;mq;mq;mq;
07207;20110903090000;mq;mq;mq;260;1.500000;292.450000;289.450000;83;15000;2;1;1;90;7;800;35;61;60;mq;mq;mq;mq;mq;mq;mq;mq;mq;mq;mq;mq;3.600000;-10;mq;mq;mq;mq;0.000000;0.000000;mq;mq;mq;710.000000;1104.000000;2427.000000;mq;mq;mq;mq;mq;mq;mq;mq;mq;mq;mq;mq;mq;
07222;20110903090000;101120;20;3;300;2.600000;291.450000;290.950000;97;12000;1;4;1;40;1;150;36;23;10;100810;mq;mq;mq;mq;mq;mq;mq;mq;mq;mq;mq;5.100000;-10;mq;mq;mq;mq;0.000000;0.000000;mq;mq;mq;710.000000;1105.000000;mq;mq;1;7;90;3;3;3900;mq;mq;mq;mq;mq;mq;
07240;20110903090000;101000;-40;7;80;2.600000;296.050000;292.050000;78;45000;0;mq;mq;100;mq;mq;mq;mq;mq;99720;mq;mq;mq;mq;mq;mq;mq;mq;mq;mq;mq;4.100000;-10;mq;mq;mq;mq;0.000000;0.000000;mq;mq;mq;710.000000;1104.000000;mq;mq;mq;mq;mq;mq;mq;mq;mq;mq;mq;mq;mq;mq;
07255;20110903090000;101010;-60;8;100;3.600000;298.150000;292.250000;70;25000;2;1;1;10;1;3500;30;28;10;99130;mq;mq;mq;mq;mq;mq;mq;mq;mq;mq;mq;6.200000;-10;mq;mq;0.000000;-30;0.000000;0.000000;mq;mq;mq;710.000000;1106.000000;3100.000000;mq;1;3;3900;mq;mq;mq;mq;mq;mq;mq;mq;mq;
07280;20110903090000;101160;10;0;30;1.500000;296.550000;290.550000;69;50000;0;mq;mq;mq;mq;mq;mq;mq;mq;98580;mq;mq;mq;mq;mq;mq;mq;mq;mq;mq;mq;2.600000;-10;mq;mq;mq;mq;0.000000;0.000000;mq;mq;mq;710.000000;1103.000000;mq;mq;mq;mq;mq;mq;mq;mq;mq;mq;mq;mq;mq;mq;
07299;20110903090000;101210;-20;5;110;2.600000;299.350000;290.150000;57;25000;2;1;1;25;0;8000;30;20;11;98140;mq;mq;mq;mq;mq;mq;mq;mq;mq;mq;mq;5.700000;-10;mq;mq;0.000000;-30;0.000000;0.000000;mq;mq;mq;710.000000;1106.000000;3100.000000;mq;2;0;6900;mq;mq;mq;mq;mq;mq;mq;mq;mq;
07314;20110903090000;101120;80;2;340;5.100000;292.050000;290.850000;93;12000;2;1;1;100;8;1250;35;61;60;100850;mq;mq;mq;mq;mq;mq;mq;mq;mq;mq;mq;6.700000;-10;mq;mq;mq;mq;0.000000;0.000000;mq;mq;mq;710.000000;1107.000000;2437.000000;mq;8;6;990;mq;mq;mq;mq;mq;mq;mq;mq;mq;
07335;20110903090000;101000;-30;5;150;2.100000;296.650000;290.850000;70;30000;2;1;1;60;2;800;38;28;12;99630;mq;mq;mq;mq;mq;mq;mq;mq;mq;mq;mq;4.100000;-10;mq;mq;mq;mq;0.000000;0.000000;mq;mq;mq;710.000000;1104.000000;mq;mq;1;8;900;3;0;8400;mq;mq;mq;mq;mq;mq;
07434;20110903090000;101090;80;3;160;4.100000;293.850000;290.850000;83;20000;2;1;1;90;4;450;31;20;12;96520;mq;mq;mq;mq;mq;mq;mq;mq;mq;mq;mq;7.700000;-10;mq;mq;0.000000;-30;0.000000;0.000000;mq;mq;mq;710.000000;1108.000000;3100.000000;mq;4;8;330;6;0;7800;mq;mq;mq;mq;mq;mq;
07460;20110903090000;101070;-40;5;160;4.600000;295.050000;290.650000;76;30000;2;1;1;75;1;1750;31;28;12;97370;mq;mq;mq;mq;mq;mq;mq;mq;mq;mq;mq;7.200000;-10;mq;mq;0.000000;-30;0.000000;0.000000;mq;mq;mq;710.000000;1107.000000;3100.000000;mq;1;8;1500;5;3;4500;6;0;6000;mq;mq;mq;
07471;20110903090000;mq;0;5;30;0.500000;290.250000;288.950000;92;25000;2;1;1;100;1;1250;35;27;60;91940;85000;17470;mq;mq;mq;mq;mq;mq;mq;mq;mq;1.500000;-10;mq;mq;0.000000;-30;0.000000;0.000000;mq;mq;mq;710.000000;1102.000000;3100.000000;mq;1;6;1080;7;3;3000;mq;mq;mq;mq;mq;mq;
07481;20110903090000;101210;0;5;180;2.600000;295.850000;290.750000;73;20000;2;1;1;100;5;3500;30;28;12;98470;mq;mq;mq;mq;mq;mq;mq;mq;mq;mq;mq;4.100000;-10;mq;mq;0.000000;-30;0.000000;0.000000;mq;mq;mq;710.000000;1104.000000;3100.000000;mq;5;3;3900;7;0;7800;mq;mq;mq;mq;mq;mq;
07510;20110903090000;101140;130;2;250;3.600000;294.150000;293.350000;95;12000;2;1;1;100;7;250;37;61;60;100510;mq;mq;mq;mq;mq;mq;mq;mq;mq;mq;mq;5.100000;-10;mq;mq;0.000000;-30;0.000000;0.000000;mq;mq;mq;710.000000;1105.000000;3100.000000;mq;7;7;180;mq;mq;mq;mq;mq;mq;mq;mq;mq;
07535;20110903090000;101190;70;3;210;1.000000;295.250000;290.850000;76;15000;2;1;1;75;6;800;38;20;10;98210;mq;mq;mq;mq;mq;mq;mq;mq;mq;mq;mq;4.100000;-10;mq;mq;0.000000;-30;0.000000;0.200000;mq;mq;mq;710.000000;1104.000000;3100.000000;mq;4;8;630;5;6;690;mq;mq;mq;mq;mq;mq;
07558;20110903090000;101080;10;2;130;5.100000;294.850000;290.650000;77;20000;2;1;1;90;4;450;35;27;60;93160;mq;mq;mq;mq;mq;mq;mq;mq;mq;mq;mq;8.700000;-10;mq;mq;0.000000;-30;0.000000;0.000000;mq;mq;mq;710.000000;1109.000000;3100.000000;mq;4;6;480;6;3;3300;mq;mq;mq;mq;mq;mq;
07577;20110903090000;101290;40;3;150;1.000000;295.550000;291.150000;76;20000;2;1;1;90;3;1750;35;27;12;100440;mq;mq;mq;mq;mq;mq;mq;mq;mq;mq;mq;2.600000;-10;mq;mq;0.000000;-30;0.000000;0.000000;mq;mq;mq;710.000000;1103.000000;3100.000000;mq;3;6;1800;5;3;3000;6;0;6900;mq;mq;mq;
07591;20110903090000;mq;-50;8;20;5.700000;296.850000;284.850000;47;mq;0;mq;mq;mq;mq;mq;mq;mq;mq;91610;mq;mq;mq;mq;mq;mq;mq;mq;mq;mq;mq;9.300000;-10;mq;mq;mq;mq;0.000000;0.000000;mq;mq;mq;710.000000;1109.000000;mq;mq;mq;mq;mq;mq;mq;mq;mq;mq;mq;mq;mq;mq;
07607;20110903090000;101260;110;1;300;2.600000;292.850000;290.950000;89;20000;0;mq;mq;100;mq;250;mq;mq;mq;100570;mq;mq;mq;mq;mq;mq;mq;mq;mq;mq;mq;4.600000;-10;mq;mq;mq;mq;0.000000;0.000000;mq;mq;mq;710.000000;1105.000000;mq;mq;mq;mq;mq;mq;mq;mq;mq;mq;mq;mq;mq;mq;
07621;20110903090000;101200;40;1;280;1.500000;293.050000;291.550000;91;12000;2;1;1;90;7;250;36;61;60;97050;mq;mq;mq;mq;mq;mq;mq;mq;mq;mq;mq;3.600000;-10;mq;mq;0.000000;-30;0.000000;0.000000;mq;mq;mq;710.000000;1104.000000;3100.000000;mq;3;7;270;6;6;540;mq;mq;mq;mq;mq;mq;
07627;20110903090000;101130;10;3;40;1.000000;295.050000;289.150000;69;20000;2;1;1;75;5;800;32;23;12;96490;mq;mq;mq;mq;mq;mq;mq;mq;mq;mq;mq;2.600000;-10;mq;mq;0.000000;-30;0.000000;0.000000;mq;mq;mq;710.000000;1103.000000;3100.000000;mq;5;8;690;mq;mq;mq;mq;mq;mq;mq;mq;mq;
07630;20110903090000;101220;30;2;30;1.000000;294.750000;290.550000;77;20000;2;1;1;90;7;450;38;61;60;99490;mq;mq;mq;mq;mq;mq;mq;mq;mq;mq;mq;2.600000;-10;mq;mq;0.000000;-30;0.000000;0.000000;mq;mq;mq;710.000000;1103.000000;3100.000000;mq;3;8;480;5;6;1200;mq;mq;mq;mq;mq;mq;
07643;20110903090000;101250;70;1;70;3.100000;296.750000;293.850000;84;8000;21;6;2;100;8;450;35;61;60;101160;mq;mq;mq;mq;mq;mq;mq;mq;mq;mq;mq;5.100000;-10;mq;mq;mq;mq;0.200000;0.200000;mq;mq;mq;710.000000;1105.000000;mq;mq;8;6;510;mq;mq;mq;mq;mq;mq;mq;mq;mq;
07650;20110903090000;101270;80;2;350;1.000000;298.750000;292.150000;67;35000;2;1;1;90;2;1250;35;21;12;100900;mq;mq;mq;mq;mq;mq;mq;mq;mq;mq;mq;3.100000;-10;mq;mq;0.000000;-30;0.000000;0.000000;mq;mq;mq;710.000000;1103.000000;3100.000000;mq;2;6;990;5;3;3900;mq;mq;mq;mq;mq;mq;
07661;20110903090000;101280;40;2;110;9.300000;296.650000;294.950000;90;16000;60;6;2;100;8;800;37;20;10;99750;mq;mq;mq;mq;mq;mq;mq;mq;mq;mq;mq;12.900000;-10;mq;mq;mq;mq;0.000000;0.000000;mq;mq;mq;710.000000;1113.000000;mq;mq;8;7;780;mq;mq;mq;mq;mq;mq;mq;mq;mq;
07690;20110903090000;101410;-30;5;100;2.600000;300.050000;294.350000;71;20000;2;1;1;75;2;450;35;23;12;101090;mq;mq;mq;mq;mq;mq;mq;mq;mq;mq;mq;3.100000;-10;mq;mq;0.000000;-30;0.000000;0.000000;mq;mq;mq;710.000000;1103.000000;3100.000000;mq;2;8;480;4;3;4500;mq;mq;mq;mq;mq;mq;
07747;20110903090000;101150;10;3;40;2.100000;298.450000;293.250000;73;20000;2;1;1;75;5;800;32;20;11;100650;mq;mq;mq;mq;mq;mq;mq;mq;mq;mq;mq;4.100000;-10;mq;mq;mq;mq;0.000000;0.000000;mq;mq;mq;710.000000;1104.000000;mq;mq;5;8;600;3;0;7500;mq;mq;mq;mq;mq;mq;
07761;20110903090000;101350;-10;5;230;3.600000;302.250000;294.950000;65;15000;2;1;1;75;1;3500;30;27;18;101250;mq;mq;mq;mq;mq;mq;mq;mq;mq;mq;mq;4.600000;-10;mq;mq;0.000000;-30;0.000000;0.000000;mq;mq;mq;710.000000;1105.000000;3100.000000;mq;1;3;4500;6;0;7800;mq;mq;mq;mq;mq;mq;
07790;20110903090000;101370;70;1;340;1.500000;300.650000;296.850000;80;10000;2;1;1;90;4;450;38;20;12;101230;mq;mq;mq;mq;mq;mq;mq;mq;mq;mq;mq;8.700000;-10;mq;mq;0.000000;-30;0.000000;0.000000;mq;mq;mq;710.000000;1109.000000;3100.000000;mq;3;6;300;3;8;600;7;0;7800;mq;mq;mq;
61970;20110903090000;101590;mq;mq;mq;mq;301.050000;294.150000;66;mq;mq;mq;mq;mq;mq;mq;mq;mq;mq;mq;mq;mq;mq;mq;mq;mq;mq;mq;mq;mq;mq;mq;mq;mq;mq;mq;mq;0.000000;0.000000;mq;mq;mq;mq;mq;mq;mq;mq;mq;mq;mq;mq;mq;mq;mq;mq;mq;mq;mq;
61972;20110903090000;101670;mq;mq;320;1.000000;299.850000;293.650000;69;mq;mq;mq;mq;mq;mq;mq;mq;mq;mq;mq;mq;mq;mq;mq;mq;mq;mq;mq;mq;mq;mq;4.100000;-10;mq;mq;mq;mq;0.000000;0.000000;mq;mq;mq;710.000000;1104.000000;mq;mq;mq;mq;mq;mq;mq;mq;mq;mq;mq;mq;mq;mq;
61976;20110903090000;101560;mq;mq;100;8.200000;299.650000;293.450000;69;mq;mq;mq;mq;mq;mq;mq;mq;mq;mq;101410;mq;mq;mq;mq;mq;mq;mq;mq;mq;mq;mq;mq;mq;mq;mq;mq;mq;mq;0.000000;mq;mq;mq;mq;mq;mq;mq;mq;mq;mq;mq;mq;mq;mq;mq;mq;mq;mq;mq;
61980;20110903090000;101820;mq;mq;80;9.800000;298.750000;290.650000;61;12000;2;1;1;10;1;800;38;20;10;mq;mq;mq;mq;mq;mq;mq;mq;mq;mq;mq;mq;12.300000;-10;mq;mq;mq;mq;0.000000;0.000000;mq;mq;mq;710.000000;1112.000000;2437.000000;mq;1;8;840;mq;mq;mq;mq;mq;mq;mq;mq;mq;
61996;20110903090000;mq;mq;mq;290;5.100000;287.450000;mq;mq;mq;mq;mq;mq;mq;mq;mq;mq;mq;mq;mq;mq;mq;230;mq;mq;mq;mq;mq;mq;mq;mq;7.700000;-10;mq;mq;mq;mq;0.000000;0.000000;mq;mq;mq;710.000000;1108.000000;mq;mq;mq;mq;mq;mq;mq;mq;mq;mq;mq;mq;mq;mq;
61997;20110903090000;96670;mq;mq;310;12.300000;280.250000;279.950000;98;mq;mq;mq;mq;mq;mq;mq;mq;mq;mq;mq;mq;mq;mq;mq;mq;mq;mq;mq;mq;mq;mq;27.300000;-30;mq;mq;mq;mq;mq;10.000000;mq;mq;mq;1127.000000;mq;mq;mq;mq;mq;mq;mq;mq;mq;mq;mq;mq;mq;mq;mq;
61998;20110903090000;99950;mq;mq;260;6.700000;280.150000;278.150000;87;16000;2;1;1;90;5;800;35;23;11;mq;mq;mq;mq;mq;mq;mq;mq;mq;mq;mq;mq;10.300000;-10;mq;mq;mq;mq;0.000000;0.000000;mq;mq;mq;710.000000;1110.000000;mq;mq;5;6;690;mq;mq;mq;mq;mq;mq;mq;mq;mq;
67005;20110903090000;101460;mq;mq;80;3.100000;301.750000;292.650000;58;mq;0;mq;mq;mq;mq;mq;mq;mq;mq;mq;mq;mq;mq;mq;mq;mq;mq;mq;mq;mq;mq;5.100000;-10;mq;mq;mq;mq;0.000000;0.000000;mq;mq;mq;710.000000;1105.000000;mq;mq;mq;mq;mq;mq;mq;mq;mq;mq;mq;mq;mq;mq;
71805;20110903090000;101530;-130;6;30;2.100000;287.950000;287.750000;99;16000;0;mq;mq;90;mq;150;mq;mq;mq;101450;mq;mq;mq;mq;mq;mq;mq;mq;mq;mq;mq;4.600000;-10;mq;mq;mq;mq;0.000000;0.000000;mq;mq;mq;710.000000;1105.000000;mq;mq;mq;mq;mq;mq;mq;mq;mq;mq;mq;mq;mq;mq;
78897;20110903090000;101320;-30;5;0;0.000000;297.050000;296.150000;95;15000;2;1;1;25;2;800;32;20;12;mq;mq;mq;mq;mq;mq;mq;mq;mq;mq;mq;mq;mq;mq;mq;mq;mq;mq;mq;mq;mq;mq;mq;mq;mq;mq;mq;1;8;600;mq;mq;mq;mq;mq;mq;mq;mq;mq;
78922;20110903090000;101290;20;3;40;3.600000;300.650000;296.650000;79;mq;mq;mq;mq;mq;mq;mq;mq;mq;mq;100850;mq;mq;mq;mq;mq;mq;mq;mq;mq;mq;mq;mq;mq;mq;mq;mq;mq;mq;mq;mq;mq;mq;mq;mq;mq;mq;mq;mq;mq;mq;mq;mq;mq;mq;mq;mq;mq;mq;
78925;20110903090000;101300;0;5;80;1.000000;296.950000;296.750000;99;45000;0;mq;mq;mq;mq;mq;mq;mq;mq;mq;mq;mq;mq;mq;mq;mq;mq;mq;mq;mq;mq;mq;mq;mq;mq;mq;mq;mq;mq;mq;mq;mq;mq;mq;mq;mq;mq;mq;mq;mq;mq;mq;mq;mq;mq;mq;mq;mq;
81401;20110903090000;101300;mq;mq;120;0.500000;294.850000;294.050000;95;mq;mq;mq;mq;mq;mq;mq;mq;mq;mq;101240;mq;mq;mq;mq;mq;mq;mq;mq;mq;mq;mq;mq;mq;mq;mq;mq;mq;mq;0.000000;mq;mq;mq;mq;mq;mq;mq;mq;mq;mq;mq;mq;mq;mq;mq;mq;mq;mq;mq;
81405;20110903090000;101340;mq;mq;0;0.000000;295.050000;294.850000;99;17000;0;mq;mq;mq;mq;150;mq;mq;mq;101250;mq;mq;mq;mq;mq;mq;mq;mq;mq;mq;mq;mq;mq;mq;mq;mq;mq;mq;0.000000;mq;mq;mq;mq;mq;mq;mq;mq;mq;mq;mq;mq;mq;mq;mq;mq;mq;mq;mq;
81408;20110903090000;101290;mq;mq;0;0.000000;294.350000;293.850000;97;mq;mq;mq;mq;mq;mq;mq;mq;mq;mq;101210;mq;mq;mq;mq;mq;mq;mq;mq;mq;mq;mq;mq;mq;mq;mq;mq;mq;mq;0.000000;mq;mq;mq;mq;mq;mq;mq;mq;mq;mq;mq;mq;mq;mq;mq;mq;mq;mq;mq;
81415;20110903090000;101370;mq;mq;90;0.500000;295.150000;294.650000;97;mq;mq;mq;mq;mq;mq;mq;mq;mq;mq;100150;mq;mq;mq;mq;mq;mq;mq;mq;mq;mq;mq;mq;mq;mq;mq;mq;mq;mq;0.000000;mq;mq;mq;mq;mq;mq;mq;mq;mq;mq;mq;mq;mq;mq;mq;mq;mq;mq;mq;
89642;20110903090000;98690;-200;8;130;13.400000;263.450000;261.650000;85;1000;71;7;7;100;8;450;37;61;60;98140;mq;mq;mq;mq;mq;mq;mq;mq;mq;mq;20.600000;20.600000;-30;mq;mq;mq;mq;mq;mq;mq;mq;mq;1021.000000;1121.000000;mq;mq;8;7;330;mq;mq;mq;mq;mq;mq;mq;mq;mq;
07005;20110903120000;101000;-90;8;260;2.100000;299.650000;292.050000;63;20000;2;1;1;10;1;800;31;20;10;100160;mq;mq;mq;mq;mq;mq;mq;mq;mq;mq;mq;4.100000;-10;mq;mq;0.000000;-60;0.000000;0.000000;0.200000;mq;mq;710.000000;1104.000000;3100.000000;mq;1;8;960;mq;mq;mq;mq;mq;mq;mq;mq;mq;
07015;20110903120000;101010;-70;8;180;4.600000;301.150000;289.750000;50;25000;2;1;1;10;1;1750;31;20;11;100480;mq;mq;mq;mq;mq;mq;mq;mq;mq;mq;mq;7.700000;-10;mq;mq;0.000000;-60;0.000000;0.000000;0.000000;mq;mq;710.000000;1108.000000;3100.000000;mq;1;8;1500;mq;mq;mq;mq;mq;mq;mq;mq;mq;
07020;20110903120000;101120;-10;8;200;6.700000;292.450000;289.250000;82;12000;2;1;1;75;2;800;32;25;11;100860;mq;mq;mq;mq;mq;mq;mq;mq;mq;mq;mq;8.700000;-10;mq;mq;mq;mq;0.000000;0.000000;0.000000;mq;mq;710.000000;1109.000000;mq;mq;1;8;780;3;3;1800;mq;mq;mq;mq;mq;mq;
07027;20110903120000;101030;-110;8;190;1.000000;295.150000;289.450000;70;15000;3;4;2;75;1;800;31;29;10;100260;mq;mq;mq;mq;mq;mq;mq;mq;mq;mq;mq;1.500000;-10;mq;mq;0.000000;-60;0.000000;0.000000;0.000000;mq;mq;710.000000;1102.000000;3100.000000;mq;1;8;600;6;3;3900;mq;mq;mq;mq;mq;mq;
07037;20110903120000;100960;-110;7;140;2.600000;300.350000;290.850000;56;15000;2;1;1;40;2;800;32;23;10;99250;mq;mq;mq;mq;mq;mq;mq;mq;mq;mq;mq;4.600000;-10;mq;mq;0.000000;-60;0.000000;0.000000;0.000000;mq;mq;710.000000;1105.000000;3100.000000;mq;2;8;690;3;3;4500;mq;mq;mq;mq;mq;mq;
07110;20110903120000;101030;10;2;220;6.700000;293.850000;287.750000;68;25000;2;1;1;75;6;800;35;20;10;99930;mq;mq;mq;mq;mq;mq;mq;mq;mq;mq;mq;9.800000;-10;mq;mq;0.000000;-60;0.000000;0.000000;0.000000;mq;mq;710.000000;1110.000000;3100.000000;mq;3;8;600;5;6;1290;mq;mq;mq;mq;mq;mq;
07117;20110903120000;101020;-30;8;230;3.100000;294.250000;287.150000;64;15000;2;1;1;90;5;800;35;22;10;100350;mq;mq;mq;mq;mq;mq;mq;mq;mq;mq;mq;6.700000;-10;mq;mq;mq;mq;0.000000;0.000000;0.000000;mq;mq;710.000000;1107.000000;2427.000000;mq;mq;mq;mq;mq;mq;mq;mq;mq;mq;mq;mq;mq;
07130;20110903120000;101070;-70;8;270;1.500000;294.850000;289.550000;72;15000;0;mq;mq;100;mq;mq;mq;mq;mq;100570;mq;mq;mq;mq;mq;mq;mq;mq;mq;mq;mq;3.600000;-10;mq;mq;mq;mq;0.000000;0.000000;0.000000;mq;mq;710.000000;1104.000000;mq;mq;mq;mq;mq;mq;mq;mq;mq;mq;mq;mq;mq;mq;
07139;20110903120000;100910;-120;6;170;2.100000;300.950000;290.150000;52;30000;3;4;1;75;2;800;32;23;12;99290;mq;mq;mq;mq;mq;mq;mq;mq;mq;mq;mq;4.600000;-10;mq;mq;0.000000;-60;0.000000;0.000000;0.200000;mq;mq;710.000000;1105.000000;3100.000000;mq;2;8;900;3;3;3000;5;0;7500;mq;mq;mq;
07149;20110903120000;100980;-120;7;130;3.100000;302.450000;291.250000;51;25000;2;1;1;25;2;1250;31;23;10;99970;mq;mq;mq;mq;mq;mq;mq;mq;mq;mq;mq;6.200000;-10;mq;mq;0.000000;-60;0.000000;0.000000;0.000000;mq;mq;710.000000;1106.000000;3100.000000;mq;2;8;1380;mq;mq;mq;mq;mq;mq;mq;mq;mq;
07168;20110903120000;101000;-130;8;110;2.600000;302.950000;289.050000;43;25000;2;1;1;10;1;3500;30;23;11;99680;mq;mq;mq;mq;mq;mq;mq;mq;mq;mq;mq;5.700000;-10;mq;mq;0.000000;-60;0.000000;0.000000;0.000000;mq;mq;710.000000;1106.000000;3100.000000;mq;1;3;3000;mq;mq;mq;mq;mq;mq;mq;mq;mq;
07181;20110903120000;101070;-80;6;120;2.100000;301.350000;289.650000;49;50000;0;mq;mq;mq;mq;mq;mq;mq;mq;97260;mq;mq;mq;mq;mq;mq;mq;mq;mq;mq;mq;5.100000;-10;mq;mq;mq;mq;0.000000;0.000000;0.000000;mq;mq;710.000000;1105.000000;mq;mq;mq;mq;mq;mq;mq;mq;mq;mq;mq;mq;mq;mq;
07190;20110903120000;101170;-100;7;90;1.500000;301.050000;290.550000;53;45000;0;mq;mq;mq;mq;mq;mq;mq;mq;99470;mq;mq;mq;mq;mq;mq;mq;mq;mq;mq;mq;6.700000;-10;mq;mq;mq;mq;0.000000;0.000000;0.000000;mq;mq;710.000000;1107.000000;mq;mq;mq;mq;mq;mq;mq;mq;mq;mq;mq;mq;mq;mq;
07207;20110903120000;mq;mq;mq;260;2.600000;292.150000;289.150000;83;15000;2;1;1;90;7;800;35;61;60;mq;mq;mq;mq;mq;mq;mq;mq;mq;mq;mq;mq;4.600000;-10;mq;mq;mq;mq;0.000000;0.000000;0.000000;mq;mq;710.000000;1105.000000;2427.000000;mq;mq;mq;mq;mq;mq;mq;mq;mq;mq;mq;mq;mq;
07222;20110903120000;101040;-70;8;280;3.600000;295.850000;291.350000;76;20000;3;4;1;75;6;3500;30;23;10;100740;mq;mq;mq;mq;mq;mq;mq;mq;mq;mq;mq;5.100000;-10;mq;mq;mq;mq;0.000000;0.000000;0.000000;mq;mq;710.000000;1105.000000;mq;mq;6;3;3900;mq;mq;mq;mq;mq;mq;mq;mq;mq;
07240;20110903120000;100860;-120;6;160;5.100000;301.450000;291.550000;55;40000;0;mq;mq;90;mq;1250;mq;mq;mq;99600;mq;mq;mq;mq;mq;mq;mq;mq;mq;mq;mq;8.700000;-10;mq;mq;mq;mq;0.000000;0.000000;0.000000;mq;mq;710.000000;1109.000000;mq;mq;mq;mq;mq;mq;mq;mq;mq;mq;mq;mq;mq;mq;
07255;20110903120000;100970;-30;8;200;2.600000;300.850000;292.150000;59;25000;2;1;1;90;1;1250;32;23;60;99100;mq;mq;mq;mq;mq;mq;mq;mq;mq;mq;mq;7.700000;-10;mq;mq;0.000000;-60;0.000000;0.000000;0.000000;mq;mq;710.000000;1108.000000;3100.000000;mq;1;8;1200;7;3;2400;mq;mq;mq;mq;mq;mq;
07280;20110903120000;101090;-40;8;180;3.100000;300.850000;290.650000;54;50000;0;mq;mq;mq;mq;mq;mq;mq;mq;98540;mq;mq;mq;mq;mq;mq;mq;mq;mq;mq;mq;8.700000;-10;mq;mq;mq;mq;0.000000;0.000000;0.000000;mq;mq;710.000000;1109.000000;mq;mq;mq;mq;mq;mq;mq;mq;mq;mq;mq;mq;mq;mq;
07299;20110903120000;101060;-110;7;30;2.100000;303.050000;289.150000;43;30000;2;1;1;50;1;1750;31;20;11;98030;mq;mq;mq;mq;mq;mq;mq;mq;mq;mq;mq;5.700000;-10;mq;mq;0.000000;-60;0.000000;0.000000;0.000000;mq;mq;710.000000;1106.000000;3100.000000;mq;1;8;1500;4;0;6900;mq;mq;mq;mq;mq;mq;
07314;20110903120000;101140;20;0;300;6.700000;292.450000;291.250000;93;mq;mq;mq;mq;mq;mq;mq;mq;mq;mq;100870;mq;mq;mq;mq;mq;mq;mq;mq;mq;mq;mq;10.300000;-10;mq;mq;mq;mq;0.000000;0.000000;0.000000;mq;mq;710.000000;1110.000000;mq;mq;mq;mq;mq;mq;mq;mq;mq;mq;mq;mq;mq;mq;
07335;20110903120000;101010;10;0;190;6.200000;296.950000;292.050000;74;30000;2;1;1;90;6;450;38;23;60;99640;mq;mq;mq;mq;mq;mq;mq;mq;mq;mq;mq;8.700000;-10;mq;mq;mq;mq;0.000000;0.000000;0.000000;mq;mq;710.000000;1109.000000;mq;mq;1;8;540;6;6;630;mq;mq;mq;mq;mq;mq;
07434;20110903120000;101070;10;0;180;4.100000;295.550000;290.450000;73;40000;2;1;1;75;5;800;32;23;60;96530;mq;mq;mq;mq;mq;mq;mq;mq;mq;mq;mq;8.700000;-10;mq;mq;0.000000;-60;0.000000;0.000000;0.000000;mq;mq;710.000000;1109.000000;3100.000000;mq;5;8;600;mq;mq;mq;mq;mq;mq;mq;mq;mq;
07460;20110903120000;100980;-30;8;150;7.200000;299.750000;290.850000;58;30000;2;1;1;75;2;1750;32;28;12;97340;mq;mq;mq;mq;mq;mq;mq;mq;mq;mq;mq;11.800000;-10;mq;mq;0.000000;-60;0.000000;0.000000;0.000000;mq;mq;710.000000;1112.000000;3100.000000;mq;2;8;1500;3;3;4200;mq;mq;mq;mq;mq;mq;
07471;20110903120000;mq;-30;8;170;5.100000;295.350000;288.950000;67;25000;2;1;1;90;2;800;35;27;60;91910;85000;17430;mq;mq;mq;mq;mq;mq;mq;mq;mq;12.300000;-10;mq;mq;0.000000;-60;0.000000;0.000000;0.000000;mq;mq;710.000000;1112.000000;3100.000000;mq;2;6;780;7;3;3000;mq;mq;mq;mq;mq;mq;
07481;20110903120000;101220;30;0;150;2.600000;297.650000;290.150000;63;20000;2;1;1;100;2;1250;32;28;60;98500;mq;mq;mq;mq;mq;mq;mq;mq;mq;mq;mq;6.700000;-10;mq;mq;0.000000;-60;0.000000;0.000000;0.000000;mq;mq;710.000000;1107.000000;3100.000000;mq;2;8;990;7;3;3000;mq;mq;mq;mq;mq;mq;
07510;20110903120000;101220;80;1;250;5.700000;292.950000;291.650000;92;29000;0;mq;mq;100;mq;450;mq;mq;mq;100590;mq;mq;mq;mq;mq;mq;mq;mq;mq;mq;mq;8.700000;-10;mq;mq;mq;mq;0.000000;0.600000;0.600000;mq;mq;710.000000;1109.000000;mq;mq;mq;mq;mq;mq;mq;mq;mq;mq;mq;mq;mq;mq;
07535;20110903120000;101130;-10;6;210;2.600000;299.750000;290.850000;58;mq;mq;mq;mq;mq;mq;mq;mq;mq;mq;98200;mq;mq;mq;mq;mq;mq;mq;mq;mq;mq;mq;7.200000;-10;mq;mq;mq;mq;0.000000;0.000000;0.200000;mq;mq;710.000000;1107.000000;mq;mq;mq;mq;mq;mq;mq;mq;mq;mq;mq;mq;mq;mq;
07558;20110903120000;100980;10;2;160;7.700000;299.250000;289.550000;55;mq;mq;mq;mq;mq;mq;mq;mq;mq;mq;93170;mq;mq;mq;mq;mq;mq;mq;mq;mq;mq;mq;11.800000;-10;mq;mq;mq;mq;0.000000;0.000000;0.000000;mq;mq;710.000000;1112.000000;mq;mq;mq;mq;mq;mq;mq;mq;mq;mq;mq;mq;mq;mq;
07577;20110903120000;101280;-10;8;160;2.600000;298.650000;291.850000;66;20000;2;1;1;90;6;800;32;27;60;100430;mq;mq;mq;mq;mq;mq;mq;mq;mq;mq;mq;4.100000;-10;mq;mq;0.000000;-60;0.000000;0.000000;0.000000;mq;mq;710.000000;1104.000000;3100.000000;mq;2;8;900;6;6;1200;6;3;3000;mq;mq;mq;
07591;20110903120000;mq;60;3;100;1.500000;293.050000;289.850000;82;mq;61;mq;mq;mq;mq;mq;mq;mq;mq;91670;mq;mq;mq;mq;mq;mq;mq;mq;mq;mq;mq;4.600000;-10;mq;mq;mq;mq;0.000000;1.000000;1.000000;mq;mq;710.000000;1105.000000;mq;mq;mq;mq;mq;mq;mq;mq;mq;mq;mq;mq;mq;mq;
07607;20110903120000;101340;80;1;250;2.100000;294.350000;290.750000;80;20000;0;mq;mq;100;mq;450;mq;mq;mq;100650;mq;mq;mq;mq;mq;mq;mq;mq;mq;mq;mq;4.600000;-10;mq;mq;mq;mq;0.000000;0.000000;0.000000;mq;mq;710.000000;1105.000000;mq;mq;mq;mq;mq;mq;mq;mq;mq;mq;mq;mq;mq;mq;
07621;20110903120000;101210;40;0;330;2.600000;295.350000;290.450000;74;20000;2;1;1;75;6;450;38;20;10;97090;mq;mq;mq;mq;mq;mq;mq;mq;mq;mq;mq;4.600000;-10;mq;mq;0.000000;-60;0.000000;0.000000;0.000000;mq;mq;710.000000;1105.000000;3100.000000;mq;3;8;540;4;6;780;mq;mq;mq;mq;mq;mq;
07627;20110903120000;101160;30;0;350;2.600000;295.550000;289.150000;67;20000;2;1;1;90;7;800;38;61;60;96520;mq;mq;mq;mq;mq;mq;mq;mq;mq;mq;mq;5.100000;-10;mq;mq;0.000000;-60;0.000000;0.000000;0.000000;mq;mq;710.000000;1105.000000;3100.000000;mq;4;8;780;3;6;1800;mq;mq;mq;mq;mq;mq;
07630;20110903120000;101200;0;0;0;0.000000;298.150000;290.650000;63;30000;2;1;1;90;5;800;38;20;11;99490;mq;mq;mq;mq;mq;mq;mq;mq;mq;mq;mq;3.100000;-10;mq;mq;0.000000;-60;0.000000;0.000000;0.000000;mq;mq;710.000000;1103.000000;3100.000000;mq;1;8;780;5;6;1200;mq;mq;mq;mq;mq;mq;
07643;20110903120000;101290;40;1;140;4.600000;298.750000;295.850000;84;6000;20;6;5;90;7;150;37;61;60;101200;mq;mq;mq;mq;mq;mq;mq;mq;mq;mq;mq;6.700000;-10;mq;mq;mq;mq;0.000000;mq;mq;mq;mq;710.000000;1107.000000;mq;mq;3;7;150;4;6;270;mq;mq;mq;mq;mq;mq;
07650;20110903120000;101260;0;0;190;8.700000;300.850000;294.450000;68;35000;2;1;1;90;1;800;31;27;12;100900;mq;mq;mq;mq;mq;mq;mq;mq;mq;mq;mq;11.800000;-10;mq;mq;0.000000;-60;0.000000;0.000000;0.000000;mq;mq;710.000000;1112.000000;3100.000000;mq;1;8;600;4;3;3000;6;3;4800;mq;mq;mq;
07661;20110903120000;101320;50;1;150;7.700000;299.050000;295.150000;79;18000;1;6;2;90;4;800;37;20;16;99800;mq;mq;mq;mq;mq;mq;mq;mq;mq;mq;mq;11.300000;-10;mq;mq;mq;mq;0.000000;0.000000;0.000000;mq;mq;710.000000;1111.000000;mq;mq;4;7;780;3;2;4800;mq;mq;mq;mq;mq;mq;
07690;20110903120000;101490;80;0;40;3.100000;298.850000;295.950000;84;15000;21;6;1;90;4;450;39;27;60;101170;mq;mq;mq;mq;mq;mq;mq;mq;mq;mq;mq;7.200000;-10;mq;mq;0.000000;-60;0.000000;0.000000;0.000000;mq;mq;710.000000;1107.000000;3100.000000;mq;2;8;390;1;9;780;7;3;3000;mq;mq;mq;
07747;20110903120000;101090;-60;8;90;4.600000;300.650000;293.450000;65;15000;2;1;1;90;6;800;38;20;11;100590;mq;mq;mq;mq;mq;mq;mq;mq;mq;mq;mq;7.700000;-10;mq;mq;mq;mq;0.000000;0.000000;0.000000;mq;mq;710.000000;1108.000000;mq;mq;3;8;750;5;6;2100;mq;mq;mq;mq;mq;mq;
07761;20110903120000;101380;30;0;240;4.600000;301.650000;295.850000;71;15000;2;1;1;90;1;450;32;27;18;101280;mq;mq;mq;mq;mq;mq;mq;mq;mq;mq;mq;5.100000;-10;mq;mq;0.000000;-60;0.000000;0.000000;0.000000;mq;mq;710.000000;1105.000000;3100.000000;mq;1;8;450;3;3;4800;7;2;7800;mq;mq;mq;
07790;20110903120000;101410;40;1;80;3.600000;302.150000;296.850000;73;10000;2;1;1;90;2;450;38;20;12;101270;mq;mq;mq;mq;mq;mq;mq;mq;mq;mq;mq;6.700000;-10;mq;mq;0.000000;-60;0.000000;0.000000;0.000000;mq;mq;710.000000;1107.000000;3100.000000;mq;2;8;420;7;0;6000;mq;mq;mq;mq;mq;mq;
61968;20110903120000;101240;mq;mq;90;3.600000;300.950000;291.050000;55;mq;mq;mq;mq;mq;mq;mq;mq;mq;mq;mq;mq;mq;mq;mq;mq;mq;mq;mq;mq;mq;mq;9.800000;-10;mq;mq;mq;mq;0.000000;mq;0.000000;mq;mq;710.000000;1110.000000;mq;mq;mq;mq;mq;mq;mq;mq;mq;mq;mq;mq;mq;mq;
61970;20110903120000;101460;mq;mq;mq;mq;301.550000;294.850000;67;mq;mq;mq;mq;mq;mq;mq;mq;mq;mq;mq;mq;mq;mq;mq;mq;mq;mq;mq;mq;mq;mq;mq;mq;mq;mq;mq;mq;0.000000;mq;0.000000;mq;mq;mq;mq;mq;mq;mq;mq;mq;mq;mq;mq;mq;mq;mq;mq;mq;mq;
61972;20110903120000;101560;mq;mq;50;3.100000;300.350000;294.450000;70;mq;mq;mq;mq;mq;mq;mq;mq;mq;mq;mq;mq;mq;40;mq;mq;mq;mq;mq;mq;mq;mq;5.100000;-10;mq;mq;mq;mq;0.000000;mq;0.000000;mq;mq;710.000000;1105.000000;mq;mq;mq;mq;mq;mq;mq;mq;mq;mq;mq;mq;mq;mq;
61976;20110903120000;101450;mq;mq;100;7.200000;299.450000;293.750000;71;mq;mq;mq;mq;mq;mq;mq;mq;mq;mq;101300;mq;mq;mq;mq;mq;mq;mq;mq;mq;mq;mq;mq;mq;mq;mq;mq;mq;mq;mq;mq;mq;mq;mq;mq;mq;mq;mq;mq;mq;mq;mq;mq;mq;mq;mq;mq;mq;mq;
61980;20110903120000;101710;mq;mq;90;9.800000;297.750000;289.450000;60;12000;2;1;1;10;1;800;38;20;10;mq;mq;mq;mq;mq;mq;mq;mq;mq;mq;mq;mq;15.400000;-10;mq;mq;mq;mq;0.000000;mq;0.000000;mq;mq;710.000000;1115.000000;2437.000000;mq;1;8;840;mq;mq;mq;mq;mq;mq;mq;mq;mq;
61996;20110903120000;mq;mq;mq;270;4.100000;285.350000;mq;mq;mq;mq;mq;mq;mq;mq;mq;mq;mq;mq;mq;mq;mq;210;mq;mq;mq;mq;mq;mq;mq;mq;7.700000;-10;mq;mq;mq;mq;0.000000;mq;0.000000;mq;mq;710.000000;1108.000000;mq;mq;mq;mq;mq;mq;mq;mq;mq;mq;mq;mq;mq;mq;
61997;20110903120000;96350;mq;mq;320;15.900000;279.750000;279.050000;95;mq;mq;mq;mq;mq;mq;mq;mq;mq;mq;mq;mq;mq;mq;mq;mq;mq;mq;mq;mq;mq;mq;28.300000;-60;mq;mq;mq;mq;mq;mq;18.000000;mq;mq;1128.000000;mq;mq;mq;mq;mq;mq;mq;mq;mq;mq;mq;mq;mq;mq;mq;
61998;20110903120000;99580;mq;mq;310;7.200000;280.250000;278.250000;87;17000;60;2;2;90;5;800;35;23;11;mq;mq;mq;mq;mq;mq;mq;mq;mq;mq;mq;mq;17.500000;-10;mq;mq;mq;mq;0.000000;mq;0.000000;mq;mq;710.000000;1117.000000;mq;mq;5;6;690;mq;mq;mq;mq;mq;mq;mq;mq;mq;
67005;20110903120000;101330;mq;mq;260;5.100000;300.250000;292.850000;64;mq;0;mq;mq;mq;mq;mq;mq;mq;mq;mq;mq;mq;mq;mq;mq;mq;mq;mq;mq;mq;mq;7.200000;-10;mq;mq;mq;mq;0.000000;mq;0.000000;mq;mq;710.000000;1107.000000;mq;mq;mq;mq;mq;mq;mq;mq;mq;mq;mq;mq;mq;mq;
71805;20110903120000;101390;-140;8;110;3.100000;289.550000;289.350000;99;4000;10;2;2;100;7;150;36;61;60;101310;mq;mq;mq;mq;mq;mq;mq;mq;mq;mq;mq;4.100000;-10;mq;mq;0.000000;-60;0.000000;0.000000;0.000000;mq;mq;710.000000;1104.000000;3100.000000;mq;7;7;90;mq;mq;mq;mq;mq;mq;mq;mq;mq;
78897;20110903120000;101430;110;2;260;0.500000;301.050000;297.850000;83;25000;2;1;1;25;2;800;32;20;12;mq;mq;mq;mq;296.750000;mq;mq;305.650000;mq;mq;mq;mq;mq;mq;mq;mq;mq;mq;mq;mq;0.200000;mq;12.900000;mq;mq;mq;mq;1;8;690;mq;mq;mq;mq;mq;mq;mq;mq;mq;
78922;20110903120000;101420;130;3;50;2.600000;304.250000;297.850000;69;mq;mq;mq;mq;mq;mq;mq;mq;mq;mq;100980;mq;mq;mq;mq;mq;mq;mq;mq;mq;mq;mq;mq;mq;mq;mq;mq;mq;mq;mq;mq;mq;mq;mq;mq;mq;mq;mq;mq;mq;mq;mq;mq;mq;mq;mq;mq;mq;mq;
78925;20110903120000;101470;170;3;170;1.500000;300.850000;298.650000;88;20000;2;1;1;25;2;800;32;20;10;mq;mq;mq;30;296.450000;mq;mq;305.750000;mq;mq;mq;mq;mq;mq;mq;mq;mq;mq;mq;mq;0.000000;mq;17.300000;mq;mq;mq;mq;2;8;690;mq;mq;mq;mq;mq;mq;mq;mq;mq;
81401;20110903120000;101450;mq;mq;140;2.600000;300.850000;296.450000;77;mq;mq;mq;mq;mq;mq;mq;mq;mq;mq;101390;mq;mq;mq;294.350000;mq;mq;mq;mq;mq;mq;mq;mq;mq;mq;mq;mq;mq;mq;0.000000;mq;mq;0.000000;mq;mq;mq;mq;mq;mq;mq;mq;mq;mq;mq;mq;mq;mq;mq;mq;
81405;20110903120000;101460;mq;mq;110;1.000000;300.650000;297.050000;81;10000;2;1;1;40;1;450;32;23;11;101370;mq;mq;mq;294.950000;mq;mq;mq;mq;mq;mq;mq;mq;mq;mq;mq;mq;mq;mq;0.000000;mq;mq;0.000000;mq;mq;mq;mq;mq;mq;mq;mq;mq;mq;mq;mq;mq;mq;mq;mq;
81408;20110903120000;101420;mq;mq;70;1.000000;301.550000;297.150000;77;mq;mq;mq;mq;mq;mq;mq;mq;mq;mq;101340;mq;mq;mq;294.250000;mq;mq;mq;mq;mq;mq;mq;mq;mq;mq;mq;mq;mq;mq;0.000000;mq;mq;0.200000;mq;mq;mq;mq;mq;mq;mq;mq;mq;mq;mq;mq;mq;mq;mq;mq;
81415;20110903120000;101520;mq;mq;0;0.000000;298.650000;295.950000;85;mq;mq;mq;mq;mq;mq;mq;mq;mq;mq;100310;mq;mq;mq;295.050000;mq;mq;mq;mq;mq;mq;mq;mq;mq;mq;mq;mq;mq;mq;0.000000;mq;mq;0.000000;mq;mq;mq;mq;mq;mq;mq;mq;mq;mq;mq;mq;mq;mq;mq;mq;
89642;20110903120000;98510;-180;8;130;15.900000;262.950000;261.050000;84;1500;71;7;7;100;8;450;37;61;60;97960;mq;mq;mq;255.950000;mq;264.350000;mq;mq;mq;mq;23.700000;23.700000;-60;mq;mq;mq;mq;mq;mq;mq;mq;mq;1024.000000;1124.000000;mq;mq;8;7;330;mq;mq;mq;mq;mq;mq;mq;mq;mq;
07005;20110903150000;100860;-150;8;290;5.100000;294.450000;289.650000;74;18000;2;1;1;75;1;800;32;28;10;100010;mq;mq;mq;mq;mq;mq;mq;mq;mq;mq;mq;6.700000;-10;mq;mq;0.000000;-30;0.000000;0.000000;mq;mq;mq;710.000000;1107.000000;3100.000000;mq;1;8;780;5;3;3300;mq;mq;mq;mq;mq;mq;
07015;20110903150000;100850;-160;8;190;3.100000;303.050000;289.150000;43;25000;2;1;1;25;2;1750;31;20;11;100320;mq;mq;mq;mq;mq;mq;mq;mq;mq;mq;mq;7.200000;-10;mq;mq;0.000000;-30;0.000000;0.000000;mq;mq;mq;710.000000;1107.000000;3100.000000;mq;2;8;1500;mq;mq;mq;mq;mq;mq;mq;mq;mq;
07020;20110903150000;101020;-100;8;200;5.100000;292.550000;288.650000;78;12000;2;1;1;60;3;2250;30;25;11;100760;mq;mq;mq;mq;mq;mq;mq;mq;mq;mq;mq;6.700000;-10;mq;mq;mq;mq;0.000000;0.000000;mq;mq;mq;710.000000;1107.000000;mq;mq;3;3;1800;mq;mq;mq;mq;mq;mq;mq;mq;mq;
07027;20110903150000;100910;-130;8;320;3.600000;292.050000;288.750000;81;20000;2;1;1;90;7;3500;30;29;60;100130;mq;mq;mq;mq;mq;mq;mq;mq;mq;mq;mq;7.200000;-10;mq;mq;0.000000;-30;0.000000;0.000000;mq;mq;mq;710.000000;1107.000000;3100.000000;mq;7;3;3000;mq;mq;mq;mq;mq;mq;mq;mq;mq;
07037;20110903150000;100710;-240;8;120;3.100000;301.050000;291.750000;57;15000;2;1;1;75;3;1250;32;28;10;99010;mq;mq;mq;mq;mq;mq;mq;mq;mq;mq;mq;5.100000;-10;mq;mq;0.000000;-30;0.000000;0.000000;mq;mq;mq;710.000000;1105.000000;3100.000000;mq;3;8;1380;3;3;3900;5;3;4500;mq;mq;mq;
07110;20110903150000;100950;-90;8;210;7.200000;291.750000;288.450000;81;25000;2;1;1;90;7;450;35;61;60;99840;mq;mq;mq;mq;mq;mq;mq;mq;mq;mq;mq;11.300000;-10;mq;mq;0.000000;-30;0.000000;0.000000;mq;mq;mq;710.000000;1111.000000;3100.000000;mq;4;8;420;6;6;630;mq;mq;mq;mq;mq;mq;
07117;20110903150000;100940;-90;8;310;2.600000;293.050000;287.150000;69;15000;2;1;1;75;5;800;38;21;10;100260;mq;mq;mq;mq;mq;mq;mq;mq;mq;mq;mq;4.600000;-10;mq;mq;mq;mq;0.000000;0.000000;mq;mq;mq;710.000000;1105.000000;2427.000000;mq;mq;mq;mq;mq;mq;mq;mq;mq;mq;mq;mq;mq;
07130;20110903150000;100920;-140;8;300;4.600000;296.550000;289.350000;64;24000;0;mq;mq;100;mq;mq;mq;mq;mq;100430;mq;mq;mq;mq;mq;mq;mq;mq;mq;mq;mq;7.200000;-10;mq;mq;mq;mq;0.000000;0.000000;mq;mq;mq;710.000000;1107.000000;mq;mq;mq;mq;mq;mq;mq;mq;mq;mq;mq;mq;mq;mq;
07139;20110903150000;100770;-150;6;260;2.100000;297.850000;291.050000;66;20000;95;9;6;90;3;800;33;27;60;99140;mq;mq;mq;mq;mq;mq;mq;mq;mq;mq;mq;4.600000;-10;mq;mq;0.000000;-30;0.000000;0.000000;mq;mq;mq;710.000000;1105.000000;3100.000000;mq;2;9;900;7;3;2400;mq;mq;mq;mq;mq;mq;
07149;20110903150000;100690;-290;8;90;2.600000;302.850000;289.250000;44;25000;2;1;1;40;3;1750;32;23;10;99680;mq;mq;mq;mq;mq;mq;mq;mq;mq;mq;mq;7.200000;-10;mq;mq;0.000000;-30;0.000000;0.000000;mq;mq;mq;710.000000;1107.000000;3100.000000;mq;3;8;1500;mq;mq;mq;mq;mq;mq;mq;mq;mq;
07168;20110903150000;100760;-240;8;130;4.600000;303.650000;288.950000;41;25000;2;1;1;75;1;1750;31;23;11;99440;mq;mq;mq;mq;mq;mq;mq;mq;mq;mq;mq;9.800000;-10;mq;mq;0.000000;-30;0.000000;0.000000;mq;mq;mq;710.000000;1110.000000;3100.000000;mq;1;8;1800;5;3;3000;mq;mq;mq;mq;mq;mq;
07181;20110903150000;100900;-160;7;130;2.600000;301.650000;290.850000;52;60000;0;mq;mq;mq;mq;1750;mq;mq;mq;97100;mq;mq;mq;mq;mq;mq;mq;mq;mq;mq;mq;4.600000;-10;mq;mq;mq;mq;0.000000;0.000000;mq;mq;mq;710.000000;1105.000000;mq;mq;mq;mq;mq;mq;mq;mq;mq;mq;mq;mq;mq;mq;
07190;20110903150000;100980;-180;8;30;1.000000;303.450000;289.450000;43;55000;0;mq;mq;mq;mq;mq;mq;mq;mq;99290;mq;mq;mq;mq;mq;mq;mq;mq;mq;mq;mq;3.100000;-10;mq;mq;mq;mq;0.000000;0.000000;mq;mq;mq;710.000000;1103.000000;mq;mq;mq;mq;mq;mq;mq;mq;mq;mq;mq;mq;mq;mq;
07207;20110903150000;mq;mq;mq;260;5.100000;292.550000;289.350000;82;15000;2;1;1;60;4;800;32;25;10;mq;mq;mq;mq;mq;mq;mq;mq;mq;mq;mq;mq;7.700000;-10;mq;mq;mq;mq;0.000000;0.000000;mq;mq;mq;710.000000;1108.000000;2427.000000;mq;mq;mq;mq;mq;mq;mq;mq;mq;mq;mq;mq;mq;
07222;20110903150000;100990;-50;6;280;5.100000;294.450000;289.850000;75;25000;2;1;1;90;7;3500;30;25;60;100690;mq;mq;mq;mq;mq;mq;mq;mq;mq;mq;mq;8.200000;-10;mq;mq;mq;mq;0.000000;0.000000;mq;mq;mq;710.000000;1108.000000;mq;mq;4;3;2700;5;3;3900;mq;mq;mq;mq;mq;mq;
07240;20110903150000;100750;-120;6;190;6.700000;299.250000;291.950000;64;35000;0;mq;mq;90;mq;800;mq;mq;mq;99480;mq;mq;mq;mq;mq;mq;mq;mq;mq;mq;mq;12.300000;-10;mq;mq;mq;mq;0.000000;0.000000;mq;mq;mq;710.000000;1112.000000;mq;mq;mq;mq;mq;mq;mq;mq;mq;mq;mq;mq;mq;mq;
07255;20110903150000;100840;-140;6;230;3.600000;298.850000;292.050000;66;12000;29;9;8;90;7;1250;39;61;60;98960;mq;mq;mq;mq;mq;mq;mq;mq;mq;mq;mq;9.300000;-10;mq;mq;0.000000;-30;0.600000;0.600000;mq;mq;mq;710.000000;1109.000000;3100.000000;mq;1;9;1380;6;8;1500;mq;mq;mq;mq;mq;mq;
07280;20110903150000;100960;-130;8;190;4.100000;299.350000;291.450000;62;40000;0;mq;mq;90;mq;mq;mq;mq;mq;98410;mq;mq;mq;mq;mq;mq;mq;mq;mq;mq;mq;8.200000;-10;mq;mq;mq;mq;0.000000;0.000000;mq;mq;mq;710.000000;1108.000000;mq;mq;mq;mq;mq;mq;mq;mq;mq;mq;mq;mq;mq;mq;
07299;20110903150000;100890;-160;7;330;2.100000;304.450000;286.250000;33;30000;2;1;1;60;1;1750;31;23;11;97870;mq;mq;mq;mq;mq;mq;mq;mq;mq;mq;mq;6.200000;-10;mq;mq;0.000000;-30;0.000000;0.000000;mq;mq;mq;710.000000;1106.000000;3100.000000;mq;1;8;1800;5;0;6300;mq;mq;mq;mq;mq;mq;
07314;20110903150000;101120;-20;5;300;9.300000;292.550000;290.550000;88;mq;mq;mq;mq;mq;mq;mq;mq;mq;mq;100850;mq;mq;mq;mq;mq;mq;mq;mq;mq;mq;mq;12.900000;-10;mq;mq;mq;mq;0.000000;0.000000;mq;mq;mq;710.000000;1113.000000;mq;mq;mq;mq;mq;mq;mq;mq;mq;mq;mq;mq;mq;mq;
07335;20110903150000;100990;-40;8;230;3.600000;293.350000;292.150000;93;25000;25;8;6;90;6;450;38;61;60;99600;mq;mq;mq;mq;mq;mq;mq;mq;mq;mq;mq;6.200000;-10;mq;mq;mq;mq;1.000000;1.000000;mq;mq;mq;710.000000;1106.000000;mq;mq;2;8;480;3;6;780;6;6;1500;mq;mq;mq;
07434;20110903150000;100930;-120;8;210;7.700000;296.650000;289.950000;66;40000;2;1;1;60;5;800;38;23;10;96410;mq;mq;mq;mq;mq;mq;mq;mq;mq;mq;mq;10.800000;-10;mq;mq;0.000000;-30;0.000000;0.000000;mq;mq;mq;710.000000;1111.000000;3100.000000;mq;4;8;840;mq;mq;mq;mq;mq;mq;mq;mq;mq;
07460;20110903150000;100810;-190;6;190;4.600000;297.250000;290.450000;66;20000;80;8;6;90;4;1250;33;28;60;97150;mq;mq;mq;mq;mq;mq;mq;mq;mq;mq;mq;8.200000;-10;mq;mq;0.000000;-30;0.200000;0.200000;mq;mq;mq;710.000000;1108.000000;3100.000000;mq;1;8;990;3;9;1500;5;3;3300;mq;mq;mq;
07471;20110903150000;mq;-100;5;150;5.100000;297.050000;288.250000;58;25000;2;1;1;75;4;1250;32;23;12;91810;85000;17330;mq;mq;mq;mq;mq;mq;mq;mq;mq;11.800000;-10;mq;mq;0.000000;-30;0.000000;0.000000;mq;mq;mq;710.000000;1112.000000;3100.000000;mq;4;8;990;4;0;7500;mq;mq;mq;mq;mq;mq;
07481;20110903150000;101130;-90;6;130;5.100000;297.250000;291.850000;72;15000;60;6;2;100;1;800;32;28;60;98410;mq;mq;mq;mq;mq;mq;mq;mq;mq;mq;mq;7.700000;-10;mq;mq;0.000000;-30;0.000000;0.000000;mq;mq;mq;710.000000;1108.000000;3100.000000;mq;1;8;900;7;3;3000;mq;mq;mq;mq;mq;mq;
07510;20110903150000;101220;0;0;280;4.600000;293.850000;290.650000;82;40000;2;1;1;90;7;450;38;61;60;100590;mq;mq;mq;mq;mq;mq;mq;mq;mq;mq;mq;7.200000;-10;mq;mq;0.000000;-30;0.000000;0.000000;mq;mq;mq;710.000000;1107.000000;3100.000000;mq;3;8;480;7;6;990;mq;mq;mq;mq;mq;mq;
07535;20110903150000;101010;-110;6;280;2.100000;300.350000;289.650000;52;mq;mq;mq;mq;mq;mq;mq;mq;mq;mq;98090;mq;mq;mq;mq;mq;mq;mq;mq;mq;mq;mq;6.700000;-10;mq;mq;mq;mq;0.000000;0.000000;mq;mq;mq;710.000000;1107.000000;mq;mq;mq;mq;mq;mq;mq;mq;mq;mq;mq;mq;mq;mq;
07558;20110903150000;100980;-60;5;160;9.800000;297.050000;288.050000;57;mq;mq;mq;mq;mq;mq;mq;mq;mq;mq;93110;mq;mq;mq;mq;mq;mq;mq;mq;mq;mq;mq;15.400000;-10;mq;mq;mq;mq;0.000000;0.000000;mq;mq;mq;710.000000;1115.000000;mq;mq;mq;mq;mq;mq;mq;mq;mq;mq;mq;mq;mq;mq;
07577;20110903150000;101280;0;5;230;2.600000;297.050000;292.950000;78;5000;95;9;6;90;6;800;39;27;60;100430;mq;mq;mq;mq;mq;mq;mq;mq;mq;mq;mq;5.100000;-10;mq;mq;0.000000;-30;0.200000;0.200000;mq;mq;mq;710.000000;1105.000000;3100.000000;mq;3;9;900;6;6;1200;6;3;3000;mq;mq;mq;
07591;20110903150000;mq;0;0;110;1.500000;294.150000;290.350000;79;mq;0;mq;mq;mq;mq;mq;mq;mq;mq;91670;mq;mq;mq;mq;mq;mq;mq;mq;mq;mq;mq;3.100000;-10;mq;mq;mq;mq;0.000000;3.000000;mq;mq;mq;710.000000;1103.000000;mq;mq;mq;mq;mq;mq;mq;mq;mq;mq;mq;mq;mq;mq;
07607;20110903150000;101260;-70;6;290;5.100000;296.850000;290.550000;68;20000;0;mq;mq;mq;mq;800;mq;mq;mq;100580;mq;mq;mq;mq;mq;mq;mq;mq;mq;mq;mq;7.700000;-10;mq;mq;mq;mq;0.000000;0.000000;mq;mq;mq;710.000000;1108.000000;mq;mq;mq;mq;mq;mq;mq;mq;mq;mq;mq;mq;mq;mq;
07621;20110903150000;101160;-40;7;280;5.700000;295.750000;291.750000;78;20000;2;1;1;75;6;450;38;20;10;97050;mq;mq;mq;mq;mq;mq;mq;mq;mq;mq;mq;10.300000;-10;mq;mq;0.000000;-30;0.000000;0.000000;mq;mq;mq;710.000000;1110.000000;3100.000000;mq;3;8;570;4;6;840;mq;mq;mq;mq;mq;mq;
07627;20110903150000;101080;-70;7;280;2.600000;295.650000;289.950000;70;mq;mq;mq;mq;mq;mq;mq;mq;mq;mq;96450;mq;mq;mq;mq;mq;mq;mq;mq;mq;mq;mq;5.700000;-10;mq;mq;mq;mq;0.000000;0.000000;mq;mq;mq;710.000000;1106.000000;mq;mq;mq;mq;mq;mq;mq;mq;mq;mq;mq;mq;mq;mq;
07630;20110903150000;101050;-140;8;280;3.100000;299.750000;288.450000;50;30000;2;1;1;60;3;1250;38;23;11;99350;mq;mq;mq;mq;mq;mq;mq;mq;mq;mq;mq;5.100000;-10;mq;mq;0.000000;-30;0.000000;0.000000;mq;mq;mq;710.000000;1105.000000;3100.000000;mq;1;8;1200;3;6;1500;mq;mq;mq;mq;mq;mq;
07643;20110903150000;101170;-120;8;140;3.600000;298.650000;294.550000;78;10000;2;1;1;90;5;150;32;20;11;101080;mq;mq;mq;mq;mq;mq;mq;mq;mq;mq;mq;5.700000;-10;mq;mq;mq;mq;0.000000;0.000000;mq;mq;mq;710.000000;1106.000000;mq;mq;2;7;150;4;8;780;5;0;7800;mq;mq;mq;
07650;20110903150000;101240;-20;6;170;8.700000;299.750000;294.250000;72;25000;2;1;1;90;3;450;39;27;12;100880;mq;mq;mq;mq;mq;mq;mq;mq;mq;mq;mq;13.900000;-10;mq;mq;0.000000;-30;0.000000;0.000000;mq;mq;mq;710.000000;1114.000000;3100.000000;mq;3;8;480;3;3;4500;7;0;7500;mq;mq;mq;
07661;20110903150000;101330;0;5;200;5.700000;297.550000;295.250000;87;15000;2;1;1;90;4;800;37;20;16;99800;mq;mq;mq;mq;mq;mq;mq;mq;mq;mq;mq;10.800000;-10;mq;mq;mq;mq;0.000000;0.000000;mq;mq;mq;710.000000;1111.000000;mq;mq;4;7;780;3;2;4800;mq;mq;mq;mq;mq;mq;
07690;20110903150000;101330;-160;6;110;2.100000;299.350000;295.650000;80;20000;2;1;1;90;2;450;32;23;12;101010;mq;mq;mq;mq;mq;mq;mq;mq;mq;mq;mq;5.700000;-10;mq;mq;0.000000;-30;0.000000;0.000000;mq;mq;mq;710.000000;1106.000000;3100.000000;mq;2;8;480;3;3;3900;6;0;6900;mq;mq;mq;
07747;20110903150000;101030;-60;8;70;2.100000;298.950000;293.750000;73;30000;2;1;1;90;3;800;38;24;11;100530;mq;mq;mq;mq;mq;mq;mq;mq;mq;mq;mq;5.700000;-10;mq;mq;mq;mq;0.000000;0.000000;mq;mq;mq;710.000000;1106.000000;mq;mq;2;8;750;5;0;7500;mq;mq;mq;mq;mq;mq;
07761;20110903150000;101190;-190;6;250;1.500000;302.150000;293.850000;61;17000;2;1;1;90;1;450;31;27;18;101090;mq;mq;mq;mq;mq;mq;mq;mq;mq;mq;mq;3.600000;-10;mq;mq;0.000000;-30;0.000000;0.000000;mq;mq;mq;710.000000;1104.000000;3100.000000;mq;1;8;450;3;3;4200;7;2;7800;mq;mq;mq;
07790;20110903150000;101340;-70;8;110;0.500000;299.750000;297.050000;85;10000;91;9;6;90;3;450;39;27;12;101200;mq;mq;mq;mq;mq;mq;mq;mq;mq;mq;mq;2.600000;-10;mq;mq;0.000000;-30;0.800000;0.800000;mq;mq;mq;710.000000;1103.000000;3100.000000;mq;2;8;480;1;9;900;6;3;3300;7;0;7800;
61970;20110903150000;101490;mq;mq;mq;mq;298.850000;294.950000;79;mq;mq;mq;mq;mq;mq;mq;mq;mq;mq;mq;mq;mq;mq;mq;mq;mq;mq;mq;mq;mq;mq;mq;mq;mq;mq;mq;mq;0.000000;0.000000;mq;mq;mq;mq;mq;mq;mq;mq;mq;mq;mq;mq;mq;mq;mq;mq;mq;mq;mq;
61972;20110903150000;101640;mq;mq;170;2.600000;297.950000;293.650000;77;mq;mq;mq;mq;mq;mq;mq;mq;mq;mq;mq;mq;mq;140;mq;mq;mq;mq;mq;mq;mq;mq;4.600000;-10;mq;mq;mq;mq;0.000000;0.000000;mq;mq;mq;710.000000;1105.000000;mq;mq;mq;mq;mq;mq;mq;mq;mq;mq;mq;mq;mq;mq;
61976;20110903150000;101550;mq;mq;110;7.200000;297.050000;293.150000;79;mq;mq;mq;mq;mq;mq;mq;mq;mq;mq;101400;mq;mq;mq;mq;mq;mq;mq;mq;mq;mq;mq;mq;mq;mq;mq;mq;mq;mq;0.000000;mq;mq;mq;mq;mq;mq;mq;mq;mq;mq;mq;mq;mq;mq;mq;mq;mq;mq;mq;
61980;20110903150000;101860;mq;mq;120;4.600000;294.350000;288.650000;70;10000;2;1;1;10;1;800;38;20;10;mq;mq;mq;mq;mq;mq;mq;mq;mq;mq;mq;mq;8.200000;-10;mq;mq;mq;mq;0.000000;0.000000;mq;mq;mq;710.000000;1108.000000;mq;mq;1;8;780;mq;mq;mq;mq;mq;mq;mq;mq;mq;
61996;20110903150000;mq;mq;mq;300;4.600000;284.450000;mq;mq;mq;mq;mq;mq;mq;mq;mq;mq;mq;mq;mq;mq;mq;200;mq;mq;mq;mq;mq;mq;mq;mq;6.700000;-10;mq;mq;mq;mq;0.000000;0.000000;mq;mq;mq;710.000000;1107.000000;mq;mq;mq;mq;mq;mq;mq;mq;mq;mq;mq;mq;mq;mq;
61997;20110903150000;96050;mq;mq;330;19.000000;278.850000;277.650000;92;mq;mq;mq;mq;mq;mq;mq;mq;mq;mq;mq;mq;mq;mq;mq;mq;mq;mq;mq;mq;mq;mq;28.800000;-30;mq;mq;mq;mq;mq;2.000000;mq;mq;mq;1129.000000;mq;mq;mq;mq;mq;mq;mq;mq;mq;mq;mq;mq;mq;mq;mq;
61998;20110903150000;99160;mq;mq;320;13.400000;280.850000;279.750000;93;mq;mq;mq;mq;mq;mq;mq;mq;mq;mq;mq;mq;mq;mq;mq;mq;mq;mq;mq;mq;mq;mq;18.000000;-10;mq;mq;mq;mq;0.200000;0.200000;mq;mq;mq;710.000000;1118.000000;mq;mq;mq;mq;mq;mq;mq;mq;mq;mq;mq;mq;mq;mq;
67005;20110903150000;101400;mq;mq;230;1.500000;298.350000;292.250000;69;mq;0;mq;mq;mq;mq;mq;mq;mq;mq;mq;mq;mq;mq;mq;mq;mq;mq;mq;mq;mq;mq;3.100000;-10;mq;mq;mq;mq;0.000000;0.000000;mq;mq;mq;710.000000;1103.000000;mq;mq;mq;mq;mq;mq;mq;mq;mq;mq;mq;mq;mq;mq;
71805;20110903150000;101180;-210;8;100;3.600000;290.550000;290.350000;99;1200;10;2;2;100;8;80;36;61;60;101100;mq;mq;mq;mq;mq;mq;mq;mq;mq;mq;mq;5.100000;-10;mq;mq;0.000000;-30;0.000000;0.200000;mq;mq;mq;710.000000;1105.000000;3100.000000;mq;8;7;60;mq;mq;mq;mq;mq;mq;mq;mq;mq;
78897;20110903150000;101420;-10;8;40;2.100000;305.150000;295.550000;57;40000;2;1;1;50;4;1250;32;20;12;mq;mq;mq;mq;mq;mq;mq;mq;mq;mq;mq;mq;mq;mq;mq;mq;mq;mq;mq;mq;mq;mq;mq;mq;mq;mq;mq;4;8;990;mq;mq;mq;mq;mq;mq;mq;mq;mq;
78922;20110903150000;101430;10;0;70;2.600000;305.050000;297.150000;63;mq;mq;mq;mq;mq;mq;mq;mq;mq;mq;100990;mq;mq;mq;mq;mq;mq;mq;mq;mq;mq;mq;mq;mq;mq;mq;mq;mq;mq;mq;mq;mq;mq;mq;mq;mq;mq;mq;mq;mq;mq;mq;mq;mq;mq;mq;mq;mq;mq;
78925;20110903150000;101450;-20;8;20;2.600000;304.750000;297.650000;66;20000;2;1;1;40;3;800;38;20;10;mq;mq;mq;mq;mq;mq;mq;mq;mq;mq;mq;mq;mq;mq;mq;mq;mq;mq;mq;mq;mq;mq;mq;mq;mq;mq;mq;3;8;870;mq;mq;mq;mq;mq;mq;mq;mq;mq;
81401;20110903150000;101390;mq;mq;100;2.100000;304.450000;294.050000;54;mq;mq;mq;mq;mq;mq;mq;mq;mq;mq;101330;mq;mq;mq;mq;mq;mq;mq;mq;mq;mq;mq;mq;mq;mq;mq;mq;mq;mq;0.000000;mq;mq;mq;mq;mq;mq;mq;mq;mq;mq;mq;mq;mq;mq;mq;mq;mq;mq;mq;
81405;20110903150000;101430;mq;mq;70;3.600000;304.450000;293.750000;53;10000;2;1;1;60;4;1250;32;23;11;101340;mq;mq;mq;mq;mq;mq;mq;mq;mq;mq;mq;mq;mq;mq;mq;mq;mq;mq;0.000000;mq;mq;mq;mq;mq;mq;mq;mq;mq;mq;mq;mq;mq;mq;mq;mq;mq;mq;mq;
81408;20110903150000;101360;mq;mq;40;3.100000;305.150000;294.650000;54;mq;mq;mq;mq;mq;mq;mq;mq;mq;mq;101280;mq;mq;mq;mq;mq;mq;mq;mq;mq;mq;mq;mq;mq;mq;mq;mq;mq;mq;0.000000;mq;mq;mq;mq;mq;mq;mq;mq;mq;mq;mq;mq;mq;mq;mq;mq;mq;mq;mq;
81415;20110903150000;101440;mq;mq;70;1.500000;303.550000;295.150000;61;mq;mq;mq;mq;mq;mq;mq;mq;mq;mq;100250;mq;mq;mq;mq;mq;mq;mq;mq;mq;mq;mq;mq;mq;mq;mq;mq;mq;mq;0.000000;mq;mq;mq;mq;mq;mq;mq;mq;mq;mq;mq;mq;mq;mq;mq;mq;mq;mq;mq;
89642;20110903150000;98270;-240;7;130;14.400000;263.250000;261.450000;85;mq;mq;mq;mq;mq;mq;mq;mq;mq;mq;97720;mq;mq;mq;mq;mq;mq;mq;mq;mq;mq;21.100000;23.100000;-30;mq;mq;mq;mq;mq;mq;mq;mq;mq;1021.000000;1123.000000;mq;mq;mq;mq;mq;mq;mq;mq;mq;mq;mq;mq;mq;mq;
07005;20110903180000;100810;-70;5;300;4.600000;290.650000;288.450000;87;mq;mq;mq;mq;mq;mq;mq;mq;mq;mq;99940;mq;mq;mq;288.350000;mq;300.450000;mq;mq;mq;mq;mq;7.700000;-10;mq;mq;mq;mq;0.000000;0.000000;mq;0.200000;mq;710.000000;1108.000000;mq;mq;mq;mq;mq;mq;mq;mq;mq;mq;mq;mq;mq;mq;
07015;20110903180000;100680;-170;6;80;2.100000;299.950000;289.850000;54;20000;2;1;1;75;5;3500;30;28;11;100150;mq;mq;mq;290.050000;mq;303.150000;mq;mq;mq;mq;mq;2.600000;-10;mq;mq;0.000000;-60;0.000000;0.000000;mq;0.000000;mq;710.000000;1103.000000;3100.000000;mq;5;3;3600;5;0;7800;mq;mq;mq;mq;mq;mq;
07020;20110903180000;100880;-140;6;210;2.100000;292.450000;287.050000;71;10000;2;1;1;40;2;2250;30;25;11;100620;mq;mq;mq;289.350000;mq;293.150000;mq;mq;mq;mq;mq;3.100000;-10;mq;mq;mq;mq;0.000000;0.000000;mq;0.000000;mq;710.000000;1103.000000;mq;mq;2;3;1800;mq;mq;mq;mq;mq;mq;mq;mq;mq;
07027;20110903180000;100900;10;4;20;2.100000;290.950000;288.350000;85;21000;0;mq;mq;100;mq;450;mq;mq;mq;100120;mq;mq;mq;288.250000;mq;297.750000;mq;mq;mq;mq;mq;6.200000;-10;mq;mq;mq;mq;0.000000;0.000000;mq;0.000000;mq;710.000000;1106.000000;mq;mq;mq;mq;mq;mq;mq;mq;mq;mq;mq;mq;mq;mq;
07037;20110903180000;100870;100;3;40;1.500000;291.250000;290.950000;98;4800;65;mq;mq;100;mq;150;mq;mq;mq;99110;mq;mq;mq;288.650000;mq;302.150000;mq;mq;mq;mq;mq;18.500000;-10;mq;mq;mq;mq;7.000000;7.000000;mq;7.000000;mq;710.000000;1119.000000;mq;mq;mq;mq;mq;mq;mq;mq;mq;mq;mq;mq;mq;mq;
07110;20110903180000;100860;-90;6;210;6.700000;290.350000;288.150000;87;25000;2;1;1;90;7;450;38;20;10;99750;mq;mq;mq;289.050000;mq;294.150000;mq;mq;mq;mq;mq;11.300000;-10;mq;mq;0.000000;-60;0.000000;0.000000;mq;0.000000;mq;710.000000;1111.000000;3100.000000;mq;7;8;300;7;6;1050;mq;mq;mq;mq;mq;mq;
07117;20110903180000;100840;-100;5;210;1.000000;291.350000;288.050000;81;20000;2;1;1;90;7;1250;35;61;60;100160;mq;mq;mq;289.350000;mq;295.150000;mq;mq;mq;mq;mq;3.100000;-10;mq;mq;mq;mq;0.000000;0.000000;mq;0.000000;mq;710.000000;1103.000000;2428.000000;mq;mq;mq;mq;mq;mq;mq;mq;mq;mq;mq;mq;mq;
07130;20110903180000;100870;-60;5;240;4.100000;295.450000;288.350000;64;35000;0;mq;mq;90;mq;mq;mq;mq;mq;100370;mq;mq;mq;288.750000;mq;297.050000;mq;mq;mq;mq;mq;6.200000;-10;mq;mq;mq;mq;0.000000;0.000000;mq;0.000000;mq;710.000000;1106.000000;mq;mq;mq;mq;mq;mq;mq;mq;mq;mq;mq;mq;mq;mq;
07139;20110903180000;100790;-10;5;30;2.100000;293.850000;291.250000;85;mq;mq;mq;mq;mq;mq;mq;mq;mq;mq;99130;mq;mq;mq;286.850000;mq;301.550000;mq;mq;mq;mq;mq;4.600000;-10;mq;mq;mq;mq;0.000000;1.000000;mq;1.000000;mq;710.000000;1105.000000;mq;mq;mq;mq;mq;mq;mq;mq;mq;mq;mq;mq;mq;mq;
07149;20110903180000;100730;10;3;350;1.500000;292.350000;291.550000;95;14000;95;9;8;90;5;450;39;23;60;99690;mq;mq;mq;290.250000;mq;303.550000;mq;mq;mq;mq;mq;12.300000;-10;mq;mq;0.000000;-60;17.000000;17.000000;mq;17.000000;mq;710.000000;1112.000000;3100.000000;mq;3;7;300;3;9;630;7;3;2400;mq;mq;mq;
07168;20110903180000;100720;-60;6;180;3.100000;298.450000;291.650000;66;20000;0;mq;mq;mq;mq;mq;mq;mq;mq;99380;mq;mq;mq;289.250000;mq;304.950000;mq;mq;mq;mq;mq;5.700000;-10;mq;mq;mq;mq;0.000000;0.000000;mq;0.000000;mq;710.000000;1106.000000;mq;mq;mq;mq;mq;mq;mq;mq;mq;mq;mq;mq;mq;mq;
07181;20110903180000;100900;-40;5;170;3.100000;298.550000;290.750000;62;60000;0;mq;mq;90;mq;mq;mq;mq;mq;97060;mq;mq;mq;290.550000;mq;302.550000;mq;mq;mq;mq;mq;7.200000;-10;mq;mq;mq;mq;0.000000;0.000000;mq;0.000000;mq;710.000000;1107.000000;mq;mq;mq;mq;mq;mq;mq;mq;mq;mq;mq;mq;mq;mq;
07190;20110903180000;100920;-80;5;0;0.000000;298.950000;292.550000;68;22000;0;mq;mq;100;mq;mq;mq;mq;mq;99210;mq;mq;mq;290.250000;mq;303.750000;mq;mq;mq;mq;mq;2.100000;-10;mq;mq;mq;mq;0.000000;0.000000;mq;0.000000;mq;710.000000;1102.000000;mq;mq;mq;mq;mq;mq;mq;mq;mq;mq;mq;mq;mq;mq;
07207;20110903180000;mq;mq;mq;250;6.700000;291.850000;289.450000;86;15000;2;1;1;75;4;800;32;25;10;mq;mq;mq;mq;289.150000;mq;293.650000;mq;mq;mq;mq;mq;11.300000;-10;mq;mq;mq;mq;0.000000;0.000000;mq;0.000000;mq;710.000000;1111.000000;2437.000000;mq;mq;mq;mq;mq;mq;mq;mq;mq;mq;mq;mq;mq;
07222;20110903180000;101000;10;3;270;3.600000;292.250000;288.950000;81;25000;2;1;1;75;6;3500;30;27;10;100700;mq;mq;mq;288.750000;mq;297.150000;mq;mq;mq;mq;mq;6.700000;-10;mq;mq;mq;mq;0.000000;0.000000;mq;0.000000;mq;710.000000;1107.000000;mq;mq;6;3;3600;mq;mq;mq;mq;mq;mq;mq;mq;mq;
07240;20110903180000;100810;50;0;200;4.100000;295.450000;292.050000;81;10000;15;2;mq;90;7;800;39;61;60;99530;mq;mq;mq;289.550000;mq;302.450000;mq;mq;mq;mq;mq;7.700000;-10;mq;mq;0.000000;-60;0.000000;0.000000;mq;0.000000;mq;710.000000;1108.000000;3100.000000;mq;2;9;600;5;8;780;mq;mq;mq;mq;mq;mq;
07255;20110903180000;100870;30;3;250;3.100000;298.250000;290.950000;64;20000;0;mq;mq;mq;mq;mq;mq;mq;mq;98990;mq;mq;mq;291.550000;mq;302.850000;mq;mq;mq;mq;mq;6.200000;-10;mq;mq;mq;mq;0.000000;0.000000;mq;0.600000;mq;710.000000;1106.000000;mq;mq;mq;mq;mq;mq;mq;mq;mq;mq;mq;mq;mq;mq;
07280;20110903180000;100990;10;3;180;4.100000;296.950000;291.350000;71;35000;0;mq;mq;100;mq;mq;mq;mq;mq;98420;mq;mq;mq;289.950000;mq;301.650000;mq;mq;mq;mq;mq;8.700000;-10;mq;mq;mq;mq;0.000000;0.000000;mq;0.000000;mq;710.000000;1109.000000;mq;mq;mq;mq;mq;mq;mq;mq;mq;mq;mq;mq;mq;mq;
07299;20110903180000;100910;-30;5;280;2.600000;298.650000;290.350000;60;30000;15;1;1;90;1;1750;39;27;60;97840;mq;mq;mq;289.550000;mq;305.350000;mq;mq;mq;mq;mq;5.100000;-10;mq;mq;0.000000;-60;0.000000;0.000000;mq;0.000000;mq;710.000000;1105.000000;3100.000000;mq;1;9;1500;7;3;4200;mq;mq;mq;mq;mq;mq;
07314;20110903180000;101200;80;3;280;5.100000;292.750000;290.350000;86;15000;2;6;2;100;8;1250;35;21;10;100930;mq;mq;mq;291.650000;mq;292.850000;mq;mq;mq;mq;mq;8.700000;-10;mq;mq;mq;mq;0.000000;0.000000;mq;0.000000;mq;710.000000;1109.000000;2437.000000;mq;4;8;990;3;6;1200;mq;mq;mq;mq;mq;mq;
07335;20110903180000;101020;30;3;220;4.100000;292.950000;291.950000;94;7000;0;mq;mq;100;mq;800;mq;mq;mq;99630;mq;mq;mq;290.450000;mq;298.450000;mq;mq;mq;mq;mq;9.300000;-10;mq;mq;mq;mq;0.400000;0.800000;mq;2.000000;mq;710.000000;1109.000000;mq;mq;mq;mq;mq;mq;mq;mq;mq;mq;mq;mq;mq;mq;
07434;20110903180000;101050;60;1;230;6.200000;293.150000;289.150000;78;45000;0;mq;mq;mq;mq;450;mq;mq;mq;96470;mq;mq;mq;292.050000;mq;297.150000;mq;mq;mq;mq;mq;10.300000;-10;mq;mq;mq;mq;0.000000;0.000000;mq;0.000000;mq;710.000000;1110.000000;mq;mq;mq;mq;mq;mq;mq;mq;mq;mq;mq;mq;mq;mq;
07460;20110903180000;100990;150;3;180;5.100000;295.550000;291.350000;77;1500;1;9;8;90;5;1250;38;23;12;97300;mq;mq;mq;291.150000;mq;301.950000;mq;mq;mq;mq;mq;7.200000;-10;mq;mq;0.000000;-60;0.000000;0.000000;mq;0.200000;mq;710.000000;1107.000000;3100.000000;mq;2;8;990;4;6;1800;5;3;3000;mq;mq;mq;
07471;20110903180000;mq;40;3;160;1.000000;292.850000;288.250000;75;20000;0;mq;mq;mq;mq;mq;mq;mq;mq;91850;85000;17380;mq;286.850000;mq;298.150000;mq;mq;mq;mq;mq;7.200000;-10;mq;mq;mq;mq;0.000000;0.000000;mq;0.000000;mq;710.000000;1107.000000;mq;mq;mq;mq;mq;mq;mq;mq;mq;mq;mq;mq;mq;mq;
07481;20110903180000;101120;-20;5;140;3.100000;296.250000;291.550000;75;30000;1;8;6;90;1;1250;32;28;60;98390;mq;mq;mq;292.250000;mq;297.850000;mq;mq;mq;mq;mq;6.700000;-10;mq;mq;0.000000;-60;0.000000;0.000000;mq;0.000000;mq;710.000000;1107.000000;3100.000000;mq;1;8;990;5;3;3000;7;3;4500;mq;mq;mq;
07510;20110903180000;101250;30;3;320;2.100000;292.950000;291.050000;89;40000;2;1;1;90;2;800;31;27;60;100620;mq;mq;mq;292.450000;mq;294.450000;mq;mq;mq;mq;mq;5.100000;-10;mq;mq;0.000000;-60;0.000000;0.000000;mq;0.600000;mq;710.000000;1105.000000;3100.000000;mq;2;8;780;7;3;3000;mq;mq;mq;mq;mq;mq;
07535;20110903180000;101090;40;3;260;1.500000;296.650000;289.150000;63;mq;mq;mq;mq;mq;mq;mq;mq;mq;mq;98130;mq;mq;mq;290.550000;mq;301.850000;mq;mq;mq;mq;mq;6.200000;-10;mq;mq;mq;mq;0.000000;0.000000;mq;0.200000;mq;710.000000;1106.000000;mq;mq;mq;mq;mq;mq;mq;mq;mq;mq;mq;mq;mq;mq;
07558;20110903180000;101120;60;3;170;5.100000;293.850000;289.250000;75;mq;mq;mq;mq;mq;mq;mq;mq;mq;mq;93170;mq;mq;mq;292.350000;mq;300.350000;mq;mq;mq;mq;mq;7.700000;-10;mq;mq;mq;mq;0.200000;0.200000;mq;0.200000;mq;710.000000;1108.000000;mq;mq;mq;mq;mq;mq;mq;mq;mq;mq;mq;mq;mq;mq;
07577;20110903180000;101200;-80;6;200;1.000000;295.450000;293.950000;91;17000;0;mq;mq;mq;mq;mq;mq;mq;mq;100350;mq;mq;mq;292.150000;mq;300.350000;mq;mq;mq;mq;mq;2.100000;-10;mq;mq;mq;mq;0.000000;2.000000;mq;2.000000;mq;710.000000;1102.000000;mq;mq;mq;mq;mq;mq;mq;mq;mq;mq;mq;mq;mq;mq;
07591;20110903180000;mq;10;3;0;0.000000;292.550000;291.050000;91;mq;61;mq;mq;mq;mq;mq;mq;mq;mq;91680;mq;mq;mq;290.450000;mq;298.150000;mq;mq;mq;mq;mq;2.100000;-10;mq;mq;mq;mq;0.600000;0.600000;mq;4.000000;mq;710.000000;1102.000000;mq;mq;mq;mq;mq;mq;mq;mq;mq;mq;mq;mq;mq;mq;
07607;20110903180000;101290;20;3;310;3.100000;293.750000;290.550000;82;20000;0;mq;mq;100;mq;450;mq;mq;mq;100600;mq;mq;mq;291.850000;mq;297.350000;mq;mq;mq;mq;mq;5.100000;-10;mq;mq;mq;mq;0.000000;0.000000;mq;0.000000;mq;710.000000;1105.000000;mq;mq;mq;mq;mq;mq;mq;mq;mq;mq;mq;mq;mq;mq;
07621;20110903180000;101300;70;3;250;2.600000;291.750000;289.750000;88;20000;2;1;1;90;7;250;39;61;60;97120;mq;mq;mq;291.450000;mq;296.150000;mq;mq;mq;mq;mq;7.200000;-10;mq;mq;0.000000;-60;0.000000;0.000000;mq;0.000000;mq;710.000000;1107.000000;3100.000000;mq;3;8;270;1;9;630;6;6;1380;mq;mq;mq;
07627;20110903180000;101150;40;3;320;1.500000;293.950000;288.950000;73;mq;mq;mq;mq;mq;mq;mq;mq;mq;mq;96490;mq;mq;mq;290.550000;mq;297.150000;mq;mq;mq;mq;mq;3.600000;-10;mq;mq;mq;mq;0.000000;0.000000;mq;0.000000;mq;710.000000;1104.000000;mq;mq;mq;mq;mq;mq;mq;mq;mq;mq;mq;mq;mq;mq;
07630;20110903180000;101090;40;3;310;5.100000;298.750000;289.550000;57;30000;2;1;1;90;6;1250;38;23;60;99390;mq;mq;mq;291.750000;mq;300.650000;mq;mq;mq;mq;mq;7.700000;-10;mq;mq;0.000000;-60;0.000000;0.000000;mq;0.000000;mq;710.000000;1108.000000;3100.000000;mq;1;8;1200;6;6;1800;mq;mq;mq;mq;mq;mq;
07643;20110903180000;101230;60;0;120;4.100000;297.450000;295.350000;88;12000;2;1;1;90;6;450;32;23;60;101140;mq;mq;mq;296.050000;mq;299.750000;mq;mq;mq;mq;mq;5.100000;-10;mq;mq;mq;mq;0.000000;0.000000;mq;mq;mq;710.000000;1105.000000;mq;mq;6;8;360;3;3;2700;mq;mq;mq;mq;mq;mq;
07650;20110903180000;101240;-10;5;180;5.100000;298.450000;293.450000;74;25000;2;1;1;75;1;800;32;28;12;100870;mq;mq;mq;297.050000;mq;302.650000;mq;mq;mq;mq;mq;7.700000;-10;mq;mq;0.000000;-60;0.000000;0.000000;mq;0.000000;mq;710.000000;1108.000000;3100.000000;mq;1;8;600;4;3;2700;5;0;7800;mq;mq;mq;
07661;20110903180000;101270;-70;8;140;3.600000;296.050000;295.050000;94;3000;5;2;2;100;8;800;37;20;10;99730;mq;mq;mq;295.850000;mq;299.250000;mq;mq;mq;mq;mq;6.700000;-10;mq;mq;mq;mq;0.000000;0.000000;mq;0.000000;mq;710.000000;1107.000000;mq;mq;6;7;780;mq;mq;mq;mq;mq;mq;mq;mq;mq;
07690;20110903180000;101420;90;3;230;4.600000;297.850000;295.550000;87;10000;60;6;2;90;5;250;38;28;60;101100;mq;mq;mq;296.250000;mq;300.550000;mq;mq;mq;mq;mq;7.700000;-10;mq;mq;0.000000;-60;0.000000;0.000000;mq;0.000000;mq;710.000000;1108.000000;3100.000000;mq;3;7;240;3;8;480;7;3;3300;mq;mq;mq;
07747;20110903180000;101010;-20;6;140;2.600000;299.150000;291.050000;61;60000;0;mq;mq;mq;mq;mq;mq;mq;mq;100510;mq;mq;mq;295.650000;mq;302.950000;mq;mq;mq;mq;mq;5.700000;-10;mq;mq;mq;mq;0.000000;0.000000;mq;0.000000;mq;710.000000;1106.000000;mq;mq;mq;mq;mq;mq;mq;mq;mq;mq;mq;mq;mq;mq;
07761;20110903180000;101400;210;3;340;3.100000;299.350000;290.950000;60;17000;13;2;2;100;4;450;39;27;60;101300;mq;mq;mq;298.150000;mq;303.850000;mq;mq;mq;mq;mq;12.300000;-10;mq;mq;0.000000;-60;0.000000;0.000000;mq;0.000000;mq;710.000000;1112.000000;3100.000000;mq;2;8;300;1;9;900;3;6;1800;7;3;4500;
07790;20110903180000;101270;-70;7;320;1.500000;298.950000;296.050000;84;10000;3;9;6;90;1;450;31;27;12;101130;mq;mq;mq;296.650000;mq;302.750000;mq;mq;mq;mq;mq;2.100000;-10;mq;mq;0.000000;-60;0.000000;0.000000;mq;0.800000;mq;710.000000;1102.000000;3100.000000;mq;1;8;450;5;3;4800;7;0;7800;mq;mq;mq;
61970;20110903180000;101630;mq;mq;mq;mq;298.050000;295.150000;84;mq;mq;mq;mq;mq;mq;mq;mq;mq;mq;mq;mq;mq;mq;mq;mq;302.250000;mq;mq;mq;mq;mq;mq;mq;mq;mq;mq;mq;0.000000;mq;mq;0.000000;mq;mq;mq;mq;mq;mq;mq;mq;mq;mq;mq;mq;mq;mq;mq;mq;mq;
61972;20110903180000;101800;mq;mq;150;1.500000;295.450000;293.550000;89;mq;mq;mq;mq;mq;mq;mq;mq;mq;mq;mq;mq;mq;220;mq;mq;301.550000;mq;mq;mq;mq;mq;3.100000;-10;mq;mq;mq;mq;0.000000;mq;mq;0.000000;mq;710.000000;1103.000000;mq;mq;mq;mq;mq;mq;mq;mq;mq;mq;mq;mq;mq;mq;
61976;20110903180000;101730;mq;mq;120;7.200000;296.550000;292.650000;79;mq;mq;mq;mq;mq;mq;mq;mq;mq;mq;101580;mq;mq;mq;mq;mq;mq;mq;mq;mq;mq;mq;mq;mq;mq;mq;mq;mq;mq;mq;mq;mq;mq;mq;mq;mq;mq;mq;mq;mq;mq;mq;mq;mq;mq;mq;mq;mq;mq;
61980;20110903180000;102000;mq;mq;160;2.100000;292.550000;288.050000;75;10000;2;1;1;10;1;1250;38;20;10;mq;mq;mq;mq;mq;mq;299.050000;mq;mq;mq;mq;mq;4.600000;-10;mq;mq;mq;mq;0.000000;mq;mq;0.000000;mq;710.000000;1105.000000;mq;mq;1;8;990;mq;mq;mq;mq;mq;mq;mq;mq;mq;
61996;20110903180000;mq;mq;mq;300;6.700000;285.250000;mq;mq;mq;mq;mq;mq;mq;mq;mq;mq;mq;mq;mq;mq;mq;160;mq;mq;288.050000;mq;mq;mq;mq;mq;9.800000;-10;mq;mq;mq;mq;0.000000;mq;mq;0.000000;mq;710.000000;1110.000000;mq;mq;mq;mq;mq;mq;mq;mq;mq;mq;mq;mq;mq;mq;
61997;20110903180000;96190;mq;mq;280;13.900000;277.550000;275.750000;88;mq;mq;mq;mq;mq;mq;mq;mq;mq;mq;mq;mq;mq;mq;mq;mq;281.050000;mq;mq;mq;mq;mq;28.800000;-60;mq;mq;mq;mq;mq;mq;mq;25.000000;mq;1129.000000;mq;mq;mq;mq;mq;mq;mq;mq;mq;mq;mq;mq;mq;mq;mq;
61998;20110903180000;98460;mq;mq;330;23.700000;283.550000;280.750000;83;mq;mq;mq;mq;mq;mq;mq;mq;mq;mq;mq;mq;mq;mq;mq;mq;282.750000;mq;mq;mq;mq;mq;34.000000;-10;mq;mq;mq;mq;2.000000;mq;mq;2.000000;mq;710.000000;1134.000000;mq;mq;mq;mq;mq;mq;mq;mq;mq;mq;mq;mq;mq;mq;
67005;20110903180000;101530;mq;mq;270;2.600000;297.550000;293.250000;77;mq;0;mq;mq;mq;mq;mq;mq;mq;mq;mq;mq;mq;mq;mq;mq;302.150000;mq;mq;mq;mq;mq;3.600000;-10;mq;mq;mq;mq;0.000000;mq;mq;0.000000;mq;710.000000;1104.000000;mq;mq;mq;mq;mq;mq;mq;mq;mq;mq;mq;mq;mq;mq;
71805;20110903180000;101020;-160;8;90;2.600000;291.350000;290.050000;92;3000;10;2;2;100;7;80;36;61;60;100940;mq;mq;mq;mq;287.050000;291.850000;mq;mq;mq;mq;mq;4.600000;-10;mq;mq;0.000000;-60;0.000000;0.000000;mq;0.200000;mq;710.000000;1105.000000;3100.000000;mq;7;7;60;mq;mq;mq;mq;mq;mq;mq;mq;mq;
78897;20110903180000;101270;-150;6;40;3.600000;304.650000;296.450000;62;50000;0;mq;mq;100;mq;800;mq;mq;mq;mq;mq;mq;mq;mq;296.750000;305.450000;mq;mq;mq;mq;mq;mq;mq;mq;mq;mq;mq;mq;mq;0.000000;mq;12.900000;mq;mq;mq;mq;mq;mq;mq;mq;mq;mq;mq;mq;mq;mq;mq;mq;
78922;20110903180000;101260;-170;7;50;2.100000;305.450000;296.450000;59;mq;mq;mq;mq;mq;mq;mq;mq;mq;mq;100820;mq;mq;mq;mq;mq;mq;mq;mq;mq;mq;mq;mq;mq;mq;mq;mq;mq;mq;mq;mq;mq;mq;mq;mq;mq;mq;mq;mq;mq;mq;mq;mq;mq;mq;mq;mq;mq;mq;
78925;20110903180000;101130;-320;8;260;4.600000;304.750000;298.150000;68;20000;2;1;1;60;5;800;33;23;10;mq;mq;mq;mq;mq;296.450000;305.850000;mq;mq;mq;mq;mq;mq;mq;mq;mq;mq;mq;mq;mq;0.000000;mq;mq;mq;mq;mq;mq;1;9;780;4;8;1020;mq;mq;mq;mq;mq;mq;
81401;20110903180000;101140;mq;mq;30;2.600000;305.550000;295.650000;56;mq;mq;mq;mq;mq;mq;mq;mq;mq;mq;101080;mq;mq;mq;mq;mq;mq;mq;mq;mq;mq;mq;mq;mq;mq;mq;mq;mq;mq;0.000000;0.000000;mq;mq;mq;mq;mq;mq;mq;mq;mq;mq;mq;mq;mq;mq;mq;mq;mq;mq;
81405;20110903180000;101200;mq;mq;80;3.600000;305.250000;293.550000;50;20000;2;1;1;50;1;1250;32;20;12;101110;mq;mq;mq;mq;mq;mq;mq;mq;mq;mq;mq;mq;mq;mq;mq;mq;mq;mq;0.000000;0.000000;mq;mq;mq;mq;mq;mq;mq;mq;mq;mq;mq;mq;mq;mq;mq;mq;mq;mq;
81408;20110903180000;101130;mq;mq;80;2.600000;305.150000;293.750000;51;mq;mq;mq;mq;mq;mq;mq;mq;mq;mq;101050;mq;mq;mq;mq;mq;mq;mq;mq;mq;mq;mq;mq;mq;mq;mq;mq;mq;mq;0.000000;0.000000;mq;mq;mq;mq;mq;mq;mq;mq;mq;mq;mq;mq;mq;mq;mq;mq;mq;mq;
81415;20110903180000;101170;mq;mq;180;1.500000;305.250000;293.850000;51;mq;mq;mq;mq;mq;mq;mq;mq;mq;mq;99990;mq;mq;mq;mq;mq;mq;mq;mq;mq;mq;mq;mq;mq;mq;mq;mq;mq;mq;0.000000;0.000000;mq;mq;mq;mq;mq;mq;mq;mq;mq;mq;mq;mq;mq;mq;mq;mq;mq;mq;
89642;20110903180000;97890;-370;8;140;14.900000;263.750000;261.950000;85;mq;mq;mq;mq;mq;mq;mq;mq;mq;mq;97350;mq;mq;mq;mq;mq;mq;mq;mq;mq;mq;21.600000;23.700000;-60;mq;mq;mq;mq;mq;mq;mq;mq;mq;1022.000000;1124.000000;mq;mq;mq;mq;mq;mq;mq;mq;mq;mq;mq;mq;mq;mq;
07005;20110903210000;100810;0;0;310;1.500000;289.250000;288.450000;95;mq;mq;mq;mq;mq;mq;mq;mq;mq;mq;99940;mq;mq;mq;mq;mq;mq;mq;mq;mq;mq;mq;4.100000;-10;mq;mq;mq;mq;0.600000;11.000000;mq;mq;mq;710.000000;1104.000000;mq;mq;mq;mq;mq;mq;mq;mq;mq;mq;mq;mq;mq;mq;
07015;20110903210000;100810;110;3;290;6.700000;290.950000;290.350000;96;1600;95;9;6;100;7;450;39;61;60;100260;mq;mq;mq;mq;mq;mq;mq;mq;mq;mq;mq;20.600000;-10;mq;mq;0.000000;-30;26.000000;26.000000;mq;mq;mq;710.000000;1121.000000;3100.000000;mq;5;7;300;5;6;1080;5;9;1500;mq;mq;mq;
07020;20110903210000;100930;50;0;200;2.100000;289.550000;288.250000;92;10000;2;1;1;40;2;2250;30;25;11;100670;mq;mq;mq;mq;mq;mq;mq;mq;mq;mq;mq;4.100000;-10;mq;mq;mq;mq;0.000000;0.000000;mq;mq;mq;710.000000;1104.000000;mq;mq;2;3;1800;mq;mq;mq;mq;mq;mq;mq;mq;mq;
07027;20110903210000;100960;50;3;160;2.600000;288.650000;288.050000;96;10000;0;mq;mq;mq;mq;1250;mq;mq;mq;100170;mq;mq;mq;mq;mq;mq;mq;mq;mq;mq;mq;3.100000;-10;mq;mq;mq;mq;0.000000;0.000000;mq;mq;mq;710.000000;1103.000000;mq;mq;mq;mq;mq;mq;mq;mq;mq;mq;mq;mq;mq;mq;
07037;20110903210000;100880;-10;5;310;2.100000;289.250000;288.950000;98;6000;0;mq;mq;75;mq;80;mq;mq;mq;99100;mq;mq;mq;mq;mq;mq;mq;mq;mq;mq;mq;4.600000;-10;mq;mq;mq;mq;0.000000;0.000000;mq;mq;mq;710.000000;1105.000000;mq;mq;mq;mq;mq;mq;mq;mq;mq;mq;mq;mq;mq;mq;
07110;20110903210000;100860;0;4;220;4.600000;289.850000;288.850000;94;15000;21;6;2;100;7;150;37;61;60;99750;mq;mq;mq;mq;mq;mq;mq;mq;mq;mq;mq;9.800000;-10;mq;mq;0.000000;-30;0.600000;0.800000;mq;mq;mq;710.000000;1110.000000;3100.000000;mq;7;7;180;7;6;360;mq;mq;mq;mq;mq;mq;
07117;20110903210000;100880;40;0;210;3.100000;290.750000;287.050000;79;20000;2;1;1;75;5;800;35;21;60;100200;mq;mq;mq;mq;mq;mq;mq;mq;mq;mq;mq;6.200000;-10;mq;mq;mq;mq;0.000000;0.000000;mq;mq;mq;710.000000;1106.000000;2428.000000;mq;mq;mq;mq;mq;mq;mq;mq;mq;mq;mq;mq;mq;
07130;20110903210000;101030;150;1;220;2.100000;290.050000;287.550000;85;25000;0;mq;mq;mq;mq;mq;mq;mq;mq;100520;mq;mq;mq;mq;mq;mq;mq;mq;mq;mq;mq;5.700000;-10;mq;mq;mq;mq;0.000000;0.000000;mq;mq;mq;710.000000;1106.000000;mq;mq;mq;mq;mq;mq;mq;mq;mq;mq;mq;mq;mq;mq;
07139;20110903210000;100960;150;1;50;1.500000;290.250000;288.450000;89;mq;mq;mq;mq;mq;mq;mq;mq;mq;mq;99280;mq;mq;mq;mq;mq;mq;mq;mq;mq;mq;mq;3.100000;-10;mq;mq;mq;mq;0.000000;0.000000;mq;mq;mq;710.000000;1103.000000;mq;mq;mq;mq;mq;mq;mq;mq;mq;mq;mq;mq;mq;mq;
07149;20110903210000;100860;120;3;250;2.100000;292.250000;291.550000;96;18000;1;9;8;40;3;1250;35;20;60;99810;mq;mq;mq;mq;mq;mq;mq;mq;mq;mq;mq;3.100000;-10;mq;mq;0.000000;-30;0.000000;0.000000;mq;mq;mq;710.000000;1103.000000;3100.000000;mq;3;6;1200;mq;mq;mq;mq;mq;mq;mq;mq;mq;
07168;20110903210000;100900;170;1;190;4.600000;296.650000;290.850000;70;20000;0;mq;mq;mq;mq;mq;mq;mq;mq;99550;mq;mq;mq;mq;mq;mq;mq;mq;mq;mq;mq;8.200000;-10;mq;mq;mq;mq;0.000000;0.000000;mq;mq;mq;710.000000;1108.000000;mq;mq;mq;mq;mq;mq;mq;mq;mq;mq;mq;mq;mq;mq;
07181;20110903210000;101060;120;2;170;6.200000;295.250000;291.250000;78;45000;0;mq;mq;100;mq;mq;mq;mq;mq;97180;mq;mq;mq;mq;mq;mq;mq;mq;mq;mq;mq;11.300000;-10;mq;mq;mq;mq;0.000000;0.000000;mq;mq;mq;710.000000;1111.000000;mq;mq;mq;mq;mq;mq;mq;mq;mq;mq;mq;mq;mq;mq;
07190;20110903210000;101100;160;3;280;4.100000;296.450000;291.750000;75;19000;61;mq;mq;100;mq;mq;mq;mq;mq;99370;mq;mq;mq;mq;mq;mq;mq;mq;mq;mq;mq;7.200000;-10;mq;mq;mq;mq;0.200000;0.200000;mq;mq;mq;710.000000;1107.000000;mq;mq;mq;mq;mq;mq;mq;mq;mq;mq;mq;mq;mq;mq;
07207;20110903210000;mq;mq;mq;230;5.700000;291.450000;288.850000;85;15000;2;1;1;40;2;800;32;20;11;mq;mq;mq;mq;mq;mq;mq;mq;mq;mq;mq;mq;8.200000;-10;mq;mq;mq;mq;0.000000;0.000000;mq;mq;mq;710.000000;1108.000000;2437.000000;mq;mq;mq;mq;mq;mq;mq;mq;mq;mq;mq;mq;mq;
07222;20110903210000;101140;130;1;220;2.100000;290.050000;289.050000;94;20000;2;1;1;60;3;450;32;23;10;100830;mq;mq;mq;mq;mq;mq;mq;mq;mq;mq;mq;4.100000;-10;mq;mq;mq;mq;0.000000;0.000000;mq;mq;mq;710.000000;1104.000000;mq;mq;3;8;480;4;3;4500;mq;mq;mq;mq;mq;mq;
07240;20110903210000;101030;200;1;250;3.600000;292.350000;290.850000;91;6000;61;9;8;100;7;800;38;61;60;99730;mq;mq;mq;mq;mq;mq;mq;mq;mq;mq;mq;9.300000;-10;mq;mq;0.000000;-30;1.000000;8.000000;mq;mq;mq;710.000000;1109.000000;3100.000000;mq;3;8;780;5;6;1200;mq;mq;mq;mq;mq;mq;
07255;20110903210000;101110;210;3;240;4.100000;294.350000;291.350000;83;20000;0;mq;mq;mq;mq;800;mq;mq;mq;99200;mq;mq;mq;mq;mq;mq;mq;mq;mq;mq;mq;6.200000;-10;mq;mq;mq;mq;0.000000;0.000000;mq;mq;mq;710.000000;1106.000000;mq;mq;mq;mq;mq;mq;mq;mq;mq;mq;mq;mq;mq;mq;
07280;20110903210000;101110;100;2;160;2.600000;295.250000;292.050000;82;40000;0;mq;mq;100;mq;1250;mq;mq;mq;98520;mq;mq;mq;mq;mq;mq;mq;mq;mq;mq;mq;4.100000;-10;mq;mq;mq;mq;0.000000;0.000000;mq;mq;mq;710.000000;1104.000000;mq;mq;mq;mq;mq;mq;mq;mq;mq;mq;mq;mq;mq;mq;
07299;20110903210000;101340;350;1;70;1.500000;292.250000;291.450000;95;8000;91;9;8;90;5;450;39;27;60;98190;mq;mq;mq;mq;mq;mq;mq;mq;mq;mq;mq;6.200000;-10;mq;mq;0.000000;-30;1.000000;mq;mq;mq;mq;710.000000;1106.000000;3100.000000;mq;2;8;420;1;9;1020;7;3;3000;mq;mq;mq;
07314;20110903210000;101270;70;0;270;4.600000;292.550000;290.850000;90;20000;2;1;1;75;6;1250;35;20;10;101000;mq;mq;mq;mq;mq;mq;mq;mq;mq;mq;mq;6.700000;-10;mq;mq;mq;mq;0.000000;0.200000;mq;mq;mq;710.000000;1107.000000;mq;mq;2;8;990;5;6;1200;mq;mq;mq;mq;mq;mq;
07335;20110903210000;101170;140;1;250;4.100000;291.150000;289.850000;92;24000;0;mq;mq;100;mq;1250;mq;mq;mq;99770;mq;mq;mq;mq;mq;mq;mq;mq;mq;mq;mq;8.200000;-10;mq;mq;mq;mq;0.000000;0.200000;mq;mq;mq;710.000000;1108.000000;mq;mq;mq;mq;mq;mq;mq;mq;mq;mq;mq;mq;mq;mq;
07434;20110903210000;101270;160;3;240;3.100000;290.250000;289.250000;94;14000;0;mq;mq;100;mq;150;mq;mq;mq;96630;mq;mq;mq;mq;mq;mq;mq;mq;mq;mq;mq;8.200000;-10;mq;mq;mq;mq;0.000000;0.000000;mq;mq;mq;710.000000;1108.000000;mq;mq;mq;mq;mq;mq;mq;mq;mq;mq;mq;mq;mq;mq;
07460;20110903210000;101130;110;2;160;1.000000;293.350000;290.350000;83;25000;2;1;1;75;3;1750;35;23;10;97410;mq;mq;mq;mq;mq;mq;mq;mq;mq;mq;mq;7.200000;-10;mq;mq;0.000000;-30;0.000000;0.000000;mq;mq;mq;710.000000;1107.000000;3100.000000;mq;3;6;1500;5;3;3600;mq;mq;mq;mq;mq;mq;
07471;20110903210000;mq;80;1;280;1.500000;290.150000;287.750000;86;20000;0;mq;mq;mq;mq;mq;mq;mq;mq;91930;85000;17460;mq;mq;mq;mq;mq;mq;mq;mq;mq;2.600000;-10;mq;mq;mq;mq;0.000000;0.000000;mq;mq;mq;710.000000;1103.000000;mq;mq;mq;mq;mq;mq;mq;mq;mq;mq;mq;mq;mq;mq;
07481;20110903210000;101180;50;3;160;2.100000;295.650000;290.950000;75;30000;2;1;1;60;4;3500;30;28;12;98440;mq;mq;mq;mq;mq;mq;mq;mq;mq;mq;mq;7.200000;-10;mq;mq;0.000000;-30;0.000000;0.000000;mq;mq;mq;710.000000;1107.000000;3100.000000;mq;4;3;3300;3;0;6900;mq;mq;mq;mq;mq;mq;
07510;20110903210000;101330;80;1;210;1.500000;292.050000;290.850000;93;40000;2;1;1;90;7;3500;30;27;60;100700;mq;mq;mq;mq;mq;mq;mq;mq;mq;mq;mq;2.100000;-10;mq;mq;0.000000;-30;0.000000;0.000000;mq;mq;mq;710.000000;1102.000000;3100.000000;mq;7;3;3000;mq;mq;mq;mq;mq;mq;mq;mq;mq;
07535;20110903210000;101330;180;3;280;1.000000;291.450000;289.050000;86;mq;mq;mq;mq;mq;mq;mq;mq;mq;mq;98310;mq;mq;mq;mq;mq;mq;mq;mq;mq;mq;mq;6.200000;-10;mq;mq;mq;mq;0.000000;0.000000;mq;mq;mq;710.000000;1106.000000;mq;mq;mq;mq;mq;mq;mq;mq;mq;mq;mq;mq;mq;mq;
07558;20110903210000;101280;90;3;150;4.600000;291.550000;290.250000;92;mq;mq;mq;mq;mq;mq;mq;mq;mq;mq;93260;mq;mq;mq;mq;mq;mq;mq;mq;mq;mq;mq;6.200000;-10;mq;mq;mq;mq;0.000000;0.800000;mq;mq;mq;710.000000;1106.000000;mq;mq;mq;mq;mq;mq;mq;mq;mq;mq;mq;mq;mq;mq;
07577;20110903210000;101280;70;0;140;1.000000;294.150000;293.150000;94;15000;0;mq;mq;mq;mq;mq;mq;mq;mq;100420;mq;mq;mq;mq;mq;mq;mq;mq;mq;mq;mq;2.100000;-10;mq;mq;mq;mq;0.000000;0.000000;mq;mq;mq;710.000000;1102.000000;mq;mq;mq;mq;mq;mq;mq;mq;mq;mq;mq;mq;mq;mq;
07591;20110903210000;mq;0;5;100;1.000000;290.350000;289.250000;93;mq;0;mq;mq;mq;mq;mq;mq;mq;mq;91680;mq;mq;mq;mq;mq;mq;mq;mq;mq;mq;mq;2.600000;-10;mq;mq;mq;mq;0.200000;0.200000;mq;mq;mq;710.000000;1103.000000;mq;mq;mq;mq;mq;mq;mq;mq;mq;mq;mq;mq;mq;mq;
07607;20110903210000;101380;90;1;280;2.100000;291.450000;289.950000;91;18000;0;mq;mq;75;mq;mq;mq;mq;mq;100690;mq;mq;mq;mq;mq;mq;mq;mq;mq;mq;mq;3.100000;-10;mq;mq;mq;mq;0.000000;0.000000;mq;mq;mq;710.000000;1103.000000;mq;mq;mq;mq;mq;mq;mq;mq;mq;mq;mq;mq;mq;mq;
07621;20110903210000;101390;70;2;210;2.100000;290.450000;289.350000;93;20000;2;1;1;90;4;800;35;23;60;97190;mq;mq;mq;mq;mq;mq;mq;mq;mq;mq;mq;3.100000;-10;mq;mq;0.000000;-30;0.000000;0.000000;mq;mq;mq;710.000000;1103.000000;3100.000000;mq;3;6;660;4;6;1290;5;3;3900;mq;mq;mq;
07627;20110903210000;101330;130;1;310;3.100000;291.150000;289.650000;91;mq;mq;mq;mq;mq;mq;mq;mq;mq;mq;96620;mq;mq;mq;mq;mq;mq;mq;mq;mq;mq;mq;6.700000;-10;mq;mq;mq;mq;4.000000;4.000000;mq;mq;mq;710.000000;1107.000000;mq;mq;mq;mq;mq;mq;mq;mq;mq;mq;mq;mq;mq;mq;
07630;20110903210000;101320;200;3;100;1.500000;294.450000;292.050000;86;18000;61;6;2;90;7;800;39;61;60;99590;mq;mq;mq;mq;mq;mq;mq;mq;mq;mq;mq;4.600000;-10;mq;mq;0.000000;-30;1.000000;1.000000;mq;mq;mq;710.000000;1105.000000;3100.000000;mq;6;6;900;1;9;1500;mq;mq;mq;mq;mq;mq;
07643;20110903210000;101270;40;0;140;3.100000;296.250000;295.250000;94;9000;2;1;1;60;5;150;36;20;10;101180;mq;mq;mq;mq;mq;mq;mq;mq;mq;mq;mq;5.100000;-10;mq;mq;mq;mq;0.000000;0.000000;mq;mq;mq;710.000000;1105.000000;mq;mq;4;8;120;4;6;300;mq;mq;mq;mq;mq;mq;
07650;20110903210000;101300;60;3;110;4.100000;297.750000;292.850000;74;25000;2;1;1;60;5;3500;30;23;60;100930;mq;mq;mq;mq;mq;mq;mq;mq;mq;mq;mq;5.700000;-10;mq;mq;0.000000;-30;0.000000;0.000000;mq;mq;mq;710.000000;1106.000000;3100.000000;mq;5;3;4200;mq;mq;mq;mq;mq;mq;mq;mq;mq;
07661;20110903210000;101370;100;1;160;3.600000;295.750000;294.550000;93;mq;mq;mq;mq;mq;mq;mq;mq;mq;mq;99830;mq;mq;mq;mq;mq;mq;mq;mq;mq;mq;mq;4.600000;-10;mq;mq;mq;mq;0.000000;0.000000;mq;mq;mq;710.000000;1105.000000;mq;mq;mq;mq;mq;mq;mq;mq;mq;mq;mq;mq;mq;mq;
07690;20110903210000;101460;40;3;100;2.100000;298.050000;295.350000;85;9000;2;6;2;90;2;450;35;28;60;101140;mq;mq;mq;mq;mq;mq;mq;mq;mq;mq;mq;2.600000;-10;mq;mq;0.000000;-30;0.000000;0.000000;mq;mq;mq;710.000000;1103.000000;3100.000000;mq;2;6;300;7;3;2700;mq;mq;mq;mq;mq;mq;
07747;20110903210000;101140;120;1;290;3.100000;295.950000;290.450000;71;60000;0;mq;mq;mq;mq;mq;mq;mq;mq;100630;mq;mq;mq;mq;mq;mq;mq;mq;mq;mq;mq;6.700000;-10;mq;mq;mq;mq;0.000000;0.000000;mq;mq;mq;710.000000;1107.000000;mq;mq;mq;mq;mq;mq;mq;mq;mq;mq;mq;mq;mq;mq;
07761;20110903210000;101400;0;0;180;3.600000;296.950000;293.850000;83;20000;2;9;8;100;2;450;39;27;60;101300;mq;mq;mq;mq;mq;mq;mq;mq;mq;mq;mq;5.700000;-10;mq;mq;0.000000;-30;0.000000;1.000000;mq;mq;mq;710.000000;1106.000000;3100.000000;mq;1;8;300;1;9;900;7;3;3300;mq;mq;mq;
07790;20110903210000;101520;250;1;230;2.600000;295.650000;293.350000;87;8000;91;9;8;90;3;800;39;27;60;101380;mq;mq;mq;mq;mq;mq;mq;mq;mq;mq;mq;9.300000;-10;mq;mq;0.000000;-30;4.000000;5.000000;mq;mq;mq;710.000000;1109.000000;3100.000000;mq;1;9;900;3;6;2400;7;3;3000;mq;mq;mq;
61968;20110903210000;101440;mq;mq;80;1.000000;292.950000;291.250000;90;mq;mq;mq;mq;mq;mq;mq;mq;mq;mq;mq;mq;mq;mq;mq;mq;mq;mq;mq;mq;mq;mq;1.500000;-10;mq;mq;mq;mq;0.000000;0.000000;mq;mq;mq;710.000000;1102.000000;mq;mq;mq;mq;mq;mq;mq;mq;mq;mq;mq;mq;mq;mq;
61970;20110903210000;101600;mq;mq;mq;mq;297.450000;295.150000;87;mq;mq;mq;mq;mq;mq;mq;mq;mq;mq;mq;mq;mq;mq;mq;mq;mq;mq;mq;mq;mq;mq;mq;mq;mq;mq;mq;mq;0.000000;0.000000;mq;mq;mq;mq;mq;mq;mq;mq;mq;mq;mq;mq;mq;mq;mq;mq;mq;mq;mq;
61972;20110903210000;101850;mq;mq;170;2.100000;293.650000;292.350000;92;mq;mq;mq;mq;mq;mq;mq;mq;mq;mq;mq;mq;mq;350;mq;mq;mq;mq;mq;mq;mq;mq;3.100000;-10;mq;mq;mq;mq;0.000000;0.000000;mq;mq;mq;710.000000;1103.000000;mq;mq;mq;mq;mq;mq;mq;mq;mq;mq;mq;mq;mq;mq;
61980;20110903210000;101870;mq;mq;120;2.600000;294.350000;290.150000;77;45000;0;mq;mq;mq;mq;mq;mq;mq;mq;mq;mq;mq;mq;mq;mq;mq;mq;mq;mq;mq;mq;6.200000;-10;mq;mq;mq;mq;0.000000;0.000000;mq;mq;mq;710.000000;1106.000000;mq;mq;mq;mq;mq;mq;mq;mq;mq;mq;mq;mq;mq;mq;
61996;20110903210000;mq;mq;mq;310;7.200000;285.550000;mq;mq;mq;mq;mq;mq;mq;mq;mq;mq;mq;mq;mq;mq;mq;80;mq;mq;mq;mq;mq;mq;mq;mq;10.300000;-10;mq;mq;mq;mq;0.000000;0.000000;mq;mq;mq;710.000000;1110.000000;mq;mq;mq;mq;mq;mq;mq;mq;mq;mq;mq;mq;mq;mq;
61997;20110903210000;96570;mq;mq;260;18.500000;273.450000;271.350000;86;mq;mq;mq;mq;mq;mq;mq;mq;mq;mq;mq;mq;mq;mq;mq;mq;mq;mq;mq;mq;mq;mq;30.900000;-30;mq;mq;mq;mq;mq;1.000000;mq;mq;mq;1131.000000;mq;mq;mq;mq;mq;mq;mq;mq;mq;mq;mq;mq;mq;mq;mq;
61998;20110903210000;98200;mq;mq;330;20.600000;282.850000;280.450000;85;mq;mq;mq;mq;mq;mq;mq;mq;mq;mq;mq;mq;mq;mq;mq;mq;mq;mq;mq;mq;mq;mq;34.000000;-10;mq;mq;mq;mq;1.000000;6.000000;mq;mq;mq;710.000000;1134.000000;mq;mq;mq;mq;mq;mq;mq;mq;mq;mq;mq;mq;mq;mq;
67005;20110903210000;101440;mq;mq;350;1.500000;296.250000;293.250000;83;mq;0;mq;mq;mq;mq;mq;mq;mq;mq;mq;mq;mq;mq;mq;mq;mq;mq;mq;mq;mq;mq;5.700000;-10;mq;mq;mq;mq;0.000000;0.000000;mq;mq;mq;710.000000;1106.000000;mq;mq;mq;mq;mq;mq;mq;mq;mq;mq;mq;mq;mq;mq;
71805;20110903210000;100980;-40;7;30;2.100000;290.050000;289.050000;94;8000;2;1;1;100;7;150;35;61;60;100900;mq;mq;mq;mq;mq;mq;mq;mq;mq;mq;mq;3.600000;-10;mq;mq;0.000000;-30;0.000000;0.000000;mq;mq;mq;710.000000;1104.000000;3100.000000;mq;3;7;180;6;6;480;mq;mq;mq;mq;mq;mq;
78897;20110903210000;101230;-40;8;330;3.600000;302.650000;296.150000;68;55000;0;mq;mq;mq;mq;800;mq;mq;mq;mq;mq;mq;mq;mq;mq;mq;mq;mq;mq;mq;mq;mq;mq;mq;mq;mq;mq;mq;mq;mq;mq;mq;mq;mq;mq;mq;mq;mq;mq;mq;mq;mq;mq;mq;mq;mq;mq;mq;
78922;20110903210000;101240;-20;5;20;1.500000;304.050000;296.450000;64;mq;mq;mq;mq;mq;mq;mq;mq;mq;mq;100800;mq;mq;mq;mq;mq;mq;mq;mq;mq;mq;mq;mq;mq;mq;mq;mq;mq;mq;mq;mq;mq;mq;mq;mq;mq;mq;mq;mq;mq;mq;mq;mq;mq;mq;mq;mq;mq;mq;
78925;20110903210000;101270;140;1;200;1.000000;302.550000;297.450000;74;20000;1;9;1;50;4;1250;38;20;10;mq;mq;mq;mq;mq;mq;mq;mq;mq;mq;mq;mq;mq;mq;mq;mq;mq;mq;mq;mq;mq;mq;mq;mq;mq;mq;mq;2;8;990;mq;mq;mq;mq;mq;mq;mq;mq;mq;
81401;20110903210000;101140;mq;mq;210;1.000000;301.350000;295.850000;72;mq;mq;mq;mq;mq;mq;mq;mq;mq;mq;101080;mq;mq;mq;mq;mq;mq;mq;mq;mq;mq;mq;mq;mq;mq;mq;mq;mq;mq;0.000000;mq;mq;mq;mq;mq;mq;mq;mq;mq;mq;mq;mq;mq;mq;mq;mq;mq;mq;mq;
81405;20110903210000;101180;mq;mq;60;4.100000;302.750000;295.450000;65;20000;2;1;1;25;1;800;39;20;11;101090;mq;mq;mq;mq;mq;mq;mq;mq;mq;mq;mq;mq;mq;mq;mq;mq;mq;mq;0.000000;mq;mq;mq;mq;mq;mq;mq;mq;mq;mq;mq;mq;mq;mq;mq;mq;mq;mq;mq;
81408;20110903210000;101130;mq;mq;80;2.600000;303.450000;294.250000;58;mq;mq;mq;mq;mq;mq;mq;mq;mq;mq;101050;mq;mq;mq;mq;mq;mq;mq;mq;mq;mq;mq;mq;mq;mq;mq;mq;mq;mq;0.000000;mq;mq;mq;mq;mq;mq;mq;mq;mq;mq;mq;mq;mq;mq;mq;mq;mq;mq;mq;
81415;20110903210000;101080;mq;mq;350;1.000000;305.250000;294.450000;53;mq;mq;mq;mq;mq;mq;mq;mq;mq;mq;99900;mq;mq;mq;mq;mq;mq;mq;mq;mq;mq;mq;mq;mq;mq;mq;mq;mq;mq;0.000000;mq;mq;mq;mq;mq;mq;mq;mq;mq;mq;mq;mq;mq;mq;mq;mq;mq;mq;mq;
89642;20110903210000;97490;-400;6;130;15.400000;264.750000;263.150000;87;mq;mq;mq;mq;mq;mq;mq;mq;mq;mq;96950;mq;mq;mq;mq;mq;mq;mq;mq;mq;mq;22.100000;26.200000;-30;mq;mq;mq;mq;mq;mq;mq;mq;mq;1022.000000;1126.000000;mq;mq;mq;mq;mq;mq;mq;mq;mq;mq;mq;mq;mq;mq;
07005;20110904000000;100900;90;3;250;1.500000;289.350000;288.750000;96;mq;mq;mq;mq;mq;mq;mq;mq;mq;mq;100030;mq;mq;mq;mq;mq;mq;mq;mq;mq;mq;mq;3.100000;-10;mq;mq;mq;mq;0.000000;0.400000;11.000000;mq;mq;710.000000;1103.000000;mq;mq;mq;mq;mq;mq;mq;mq;mq;mq;mq;mq;mq;mq;
07015;20110904000000;100810;0;5;220;1.500000;290.550000;290.050000;97;2800;10;mq;mq;mq;mq;150;mq;mq;mq;100260;mq;mq;mq;mq;mq;mq;mq;mq;mq;mq;mq;4.100000;-10;mq;mq;mq;mq;0.000000;3.000000;29.000000;mq;mq;710.000000;1104.000000;mq;mq;mq;mq;mq;mq;mq;mq;mq;mq;mq;mq;mq;mq;
07020;20110904000000;100870;-60;8;190;4.100000;290.950000;288.550000;86;10000;2;1;1;90;7;2250;30;22;60;100610;mq;mq;mq;mq;mq;mq;mq;mq;mq;mq;mq;6.200000;-10;mq;mq;mq;mq;0.000000;0.000000;0.000000;mq;mq;710.000000;1106.000000;mq;mq;7;4;1800;mq;mq;mq;mq;mq;mq;mq;mq;mq;
07027;20110904000000;100920;-40;6;130;3.100000;289.250000;287.950000;92;11000;0;mq;mq;100;mq;450;mq;mq;mq;100130;mq;mq;mq;mq;mq;mq;mq;mq;mq;mq;mq;4.600000;-10;mq;mq;mq;mq;0.000000;0.000000;0.000000;mq;mq;710.000000;1105.000000;mq;mq;mq;mq;mq;mq;mq;mq;mq;mq;mq;mq;mq;mq;
07037;20110904000000;100940;60;3;270;2.100000;288.750000;288.550000;99;4500;10;mq;mq;100;mq;80;mq;mq;mq;99160;mq;mq;mq;mq;mq;mq;mq;mq;mq;mq;mq;4.600000;-10;mq;mq;mq;mq;0.000000;0.000000;0.000000;mq;mq;710.000000;1105.000000;mq;mq;mq;mq;mq;mq;mq;mq;mq;mq;mq;mq;mq;mq;
07110;20110904000000;100760;-100;8;200;4.100000;289.850000;289.350000;97;6000;58;6;5;100;7;150;37;61;60;99650;mq;mq;mq;mq;mq;mq;mq;mq;mq;mq;mq;7.700000;-10;mq;mq;0.000000;-60;0.200000;0.400000;1.000000;mq;mq;710.000000;1108.000000;3100.000000;mq;7;7;120;mq;mq;mq;mq;mq;mq;mq;mq;mq;
07117;20110904000000;100790;-90;8;210;3.600000;289.650000;288.550000;93;12000;3;6;2;100;6;800;35;21;60;100110;mq;mq;mq;mq;mq;mq;mq;mq;mq;mq;mq;7.700000;-10;mq;mq;mq;mq;0.000000;0.200000;0.200000;mq;mq;710.000000;1108.000000;2427.000000;mq;mq;mq;mq;mq;mq;mq;mq;mq;mq;mq;mq;mq;
07130;20110904000000;101050;20;3;190;2.100000;289.250000;288.650000;96;14000;0;mq;mq;90;mq;1250;mq;mq;mq;100540;mq;mq;mq;mq;mq;mq;mq;mq;mq;mq;mq;4.100000;-10;mq;mq;mq;mq;0.000000;0.000000;0.000000;mq;mq;710.000000;1104.000000;mq;mq;mq;mq;mq;mq;mq;mq;mq;mq;mq;mq;mq;mq;
07139;20110904000000;100970;10;0;200;1.500000;290.350000;288.850000;91;mq;mq;mq;mq;mq;mq;mq;mq;mq;mq;99290;mq;mq;mq;mq;mq;mq;mq;mq;mq;mq;mq;3.100000;-10;mq;mq;mq;mq;0.000000;0.000000;0.000000;mq;mq;710.000000;1103.000000;mq;mq;mq;mq;mq;mq;mq;mq;mq;mq;mq;mq;mq;mq;
07149;20110904000000;100920;60;3;270;2.100000;291.850000;291.350000;97;11000;21;9;8;90;7;150;35;61;60;99870;mq;mq;mq;mq;mq;mq;mq;mq;mq;mq;mq;4.600000;-10;mq;mq;0.000000;-60;0.200000;0.400000;0.400000;mq;mq;710.000000;1105.000000;3100.000000;mq;4;7;180;6;6;750;mq;mq;mq;mq;mq;mq;
07168;20110904000000;101020;110;1;160;6.200000;293.550000;290.950000;85;20000;0;mq;mq;mq;mq;mq;mq;mq;mq;99660;mq;mq;mq;mq;mq;mq;mq;mq;mq;mq;mq;8.200000;-10;mq;mq;mq;mq;0.000000;0.000000;0.000000;mq;mq;710.000000;1108.000000;mq;mq;mq;mq;mq;mq;mq;mq;mq;mq;mq;mq;mq;mq;
07181;20110904000000;101030;-60;6;190;4.600000;293.050000;290.650000;86;55000;0;mq;mq;mq;mq;mq;mq;mq;mq;97120;mq;mq;mq;mq;mq;mq;mq;mq;mq;mq;mq;7.700000;-10;mq;mq;mq;mq;0.000000;0.400000;0.400000;mq;mq;710.000000;1108.000000;mq;mq;mq;mq;mq;mq;mq;mq;mq;mq;mq;mq;mq;mq;
07190;20110904000000;101210;90;0;200;2.600000;292.950000;291.750000;93;15000;61;mq;mq;100;mq;150;mq;mq;mq;99460;mq;mq;mq;mq;mq;mq;mq;mq;mq;mq;mq;5.700000;-10;mq;mq;mq;mq;0.600000;3.000000;3.000000;mq;mq;710.000000;1106.000000;mq;mq;mq;mq;mq;mq;mq;mq;mq;mq;mq;mq;mq;mq;
07207;20110904000000;mq;mq;mq;220;8.700000;291.650000;289.450000;87;15000;2;1;1;40;3;1250;32;20;10;mq;mq;mq;mq;mq;mq;mq;mq;mq;mq;mq;mq;10.800000;-10;mq;mq;mq;mq;0.000000;0.000000;0.000000;mq;mq;710.000000;1111.000000;2437.000000;mq;mq;mq;mq;mq;mq;mq;mq;mq;mq;mq;mq;mq;
07222;20110904000000;101110;-30;6;210;3.100000;289.450000;288.950000;97;7000;0;mq;mq;90;mq;450;mq;mq;mq;100800;mq;mq;mq;mq;mq;mq;mq;mq;mq;mq;mq;4.100000;-10;mq;mq;mq;mq;0.000000;0.000000;0.000000;mq;mq;710.000000;1104.000000;mq;mq;mq;mq;mq;mq;mq;mq;mq;mq;mq;mq;mq;mq;
07240;20110904000000;101130;90;3;210;3.600000;291.150000;290.150000;94;8000;3;9;8;90;4;250;36;27;60;99820;mq;mq;mq;mq;mq;mq;mq;mq;mq;mq;mq;5.700000;-10;mq;mq;0.000000;-60;0.000000;1.000000;9.000000;mq;mq;710.000000;1106.000000;3100.000000;mq;4;7;180;7;3;2400;mq;mq;mq;mq;mq;mq;
07255;20110904000000;101150;20;3;200;3.100000;291.850000;290.550000;92;19000;0;mq;mq;mq;mq;800;mq;mq;mq;99220;mq;mq;mq;mq;mq;mq;mq;mq;mq;mq;mq;5.700000;-10;mq;mq;mq;mq;0.000000;0.000000;0.000000;mq;mq;710.000000;1106.000000;mq;mq;mq;mq;mq;mq;mq;mq;mq;mq;mq;mq;mq;mq;
07280;20110904000000;101120;-10;8;180;2.600000;293.250000;291.150000;88;19000;0;mq;mq;90;mq;mq;mq;mq;mq;98510;mq;mq;mq;mq;mq;mq;mq;mq;mq;mq;mq;4.600000;-10;mq;mq;mq;mq;0.000000;0.000000;0.000000;mq;mq;710.000000;1105.000000;mq;mq;mq;mq;mq;mq;mq;mq;mq;mq;mq;mq;mq;mq;
07299;20110904000000;101280;-60;6;350;1.500000;292.150000;291.450000;96;23000;61;mq;mq;100;mq;1750;mq;mq;mq;98130;mq;mq;mq;mq;mq;mq;mq;mq;mq;mq;mq;3.600000;-10;mq;mq;mq;mq;0.200000;0.600000;mq;mq;mq;710.000000;1104.000000;mq;mq;mq;mq;mq;mq;mq;mq;mq;mq;mq;mq;mq;mq;
07314;20110904000000;101250;-20;8;230;4.100000;292.750000;290.850000;89;18000;2;1;1;40;3;800;38;20;10;100980;mq;mq;mq;mq;mq;mq;mq;mq;mq;mq;mq;6.700000;-10;mq;mq;mq;mq;0.000000;0.000000;0.200000;mq;mq;710.000000;1107.000000;2437.000000;mq;2;8;780;mq;mq;mq;mq;mq;mq;mq;mq;mq;
07335;20110904000000;101250;70;0;190;2.600000;290.250000;289.250000;94;17000;0;mq;mq;100;mq;mq;mq;mq;mq;99840;mq;mq;mq;mq;mq;mq;mq;mq;mq;mq;mq;4.100000;-10;mq;mq;mq;mq;0.000000;0.000000;0.200000;mq;mq;710.000000;1104.000000;mq;mq;mq;mq;mq;mq;mq;mq;mq;mq;mq;mq;mq;mq;
07434;20110904000000;101340;40;1;280;2.100000;288.650000;287.650000;94;19000;0;mq;mq;100;mq;250;mq;mq;mq;96670;mq;mq;mq;mq;mq;mq;mq;mq;mq;mq;mq;5.700000;-10;mq;mq;mq;mq;0.000000;0.200000;0.200000;mq;mq;710.000000;1106.000000;mq;mq;mq;mq;mq;mq;mq;mq;mq;mq;mq;mq;mq;mq;
07460;20110904000000;101170;30;1;170;5.100000;293.050000;290.450000;85;25000;2;1;1;75;6;2250;35;20;10;97440;mq;mq;mq;mq;mq;mq;mq;mq;mq;mq;mq;6.700000;-10;mq;mq;0.000000;-60;0.000000;0.000000;0.000000;mq;mq;710.000000;1107.000000;3100.000000;mq;3;6;1800;5;6;2400;mq;mq;mq;mq;mq;mq;
07471;20110904000000;mq;20;0;350;0.500000;288.650000;287.550000;93;18000;0;mq;mq;mq;mq;mq;mq;mq;mq;91950;85000;17480;mq;mq;mq;mq;mq;mq;mq;mq;mq;1.000000;-10;mq;mq;mq;mq;0.000000;0.000000;0.000000;mq;mq;710.000000;1101.000000;mq;mq;mq;mq;mq;mq;mq;mq;mq;mq;mq;mq;mq;mq;
07481;20110904000000;101220;30;0;150;3.100000;294.750000;291.350000;81;20000;2;1;1;90;7;3500;30;28;10;98470;mq;mq;mq;mq;mq;mq;mq;mq;mq;mq;mq;4.600000;-10;mq;mq;0.000000;-60;0.000000;0.000000;0.000000;mq;mq;710.000000;1105.000000;3100.000000;mq;7;3;2700;mq;mq;mq;mq;mq;mq;mq;mq;mq;
07510;20110904000000;101370;30;1;190;2.100000;290.950000;290.750000;99;15000;2;1;1;90;3;450;31;27;11;100730;mq;mq;mq;mq;mq;mq;mq;mq;mq;mq;mq;3.600000;-10;mq;mq;0.000000;-60;0.000000;0.200000;0.200000;mq;mq;710.000000;1104.000000;3100.000000;mq;3;8;480;4;3;3000;5;0;5400;mq;mq;mq;
07535;20110904000000;101360;10;1;0;0.000000;290.150000;289.050000;93;mq;mq;mq;mq;mq;mq;mq;mq;mq;mq;98320;mq;mq;mq;mq;mq;mq;mq;mq;mq;mq;mq;2.100000;-10;mq;mq;mq;mq;0.000000;0.000000;0.000000;mq;mq;710.000000;1102.000000;mq;mq;mq;mq;mq;mq;mq;mq;mq;mq;mq;mq;mq;mq;
07558;20110904000000;101260;-40;5;110;1.500000;290.850000;289.150000;90;mq;mq;mq;mq;mq;mq;mq;mq;mq;mq;93220;mq;mq;mq;mq;mq;mq;mq;mq;mq;mq;mq;2.600000;-10;mq;mq;mq;mq;0.000000;0.000000;0.800000;mq;mq;710.000000;1103.000000;mq;mq;mq;mq;mq;mq;mq;mq;mq;mq;mq;mq;mq;mq;
07577;20110904000000;101310;30;0;160;1.500000;294.150000;293.150000;94;15000;0;mq;mq;mq;mq;mq;mq;mq;mq;100450;mq;mq;mq;mq;mq;mq;mq;mq;mq;mq;mq;2.600000;-10;mq;mq;mq;mq;0.000000;0.000000;0.000000;mq;mq;710.000000;1103.000000;mq;mq;mq;mq;mq;mq;mq;mq;mq;mq;mq;mq;mq;mq;
07591;20110904000000;mq;-30;8;60;2.600000;289.850000;289.050000;95;mq;0;mq;mq;mq;mq;mq;mq;mq;mq;91650;mq;mq;mq;mq;mq;mq;mq;mq;mq;mq;mq;4.100000;-10;mq;mq;mq;mq;0.000000;0.200000;0.400000;mq;mq;710.000000;1104.000000;mq;mq;mq;mq;mq;mq;mq;mq;mq;mq;mq;mq;mq;mq;
07607;20110904000000;101390;0;4;0;0.000000;289.450000;288.850000;96;1300;10;mq;mq;mq;mq;800;mq;mq;mq;100690;mq;mq;mq;mq;mq;mq;mq;mq;mq;mq;mq;1.500000;-10;mq;mq;mq;mq;0.000000;0.000000;0.000000;mq;mq;710.000000;1102.000000;mq;mq;mq;mq;mq;mq;mq;mq;mq;mq;mq;mq;mq;mq;
07621;20110904000000;101350;-30;8;0;0.000000;290.750000;289.650000;93;20000;2;1;1;90;7;250;35;61;60;97160;mq;mq;mq;mq;mq;mq;mq;mq;mq;mq;mq;1.500000;-10;mq;mq;0.000000;-60;0.000000;0.000000;0.000000;mq;mq;710.000000;1102.000000;3100.000000;mq;1;7;180;7;6;540;mq;mq;mq;mq;mq;mq;
07627;20110904000000;101360;10;2;290;1.500000;290.450000;289.150000;92;mq;mq;mq;mq;mq;mq;mq;mq;mq;mq;96630;mq;mq;mq;mq;mq;mq;mq;mq;mq;mq;mq;5.700000;-10;mq;mq;mq;mq;4.000000;8.000000;12.000000;mq;mq;710.000000;1106.000000;mq;mq;mq;mq;mq;mq;mq;mq;mq;mq;mq;mq;mq;mq;
07630;20110904000000;101350;20;3;320;2.600000;293.150000;290.750000;86;45000;0;mq;mq;100;mq;800;mq;mq;mq;99610;mq;mq;mq;mq;mq;mq;mq;mq;mq;mq;mq;6.200000;-10;mq;mq;mq;mq;0.000000;1.000000;2.000000;mq;mq;710.000000;1106.000000;mq;mq;mq;mq;mq;mq;mq;mq;mq;mq;mq;mq;mq;mq;
07643;20110904000000;101260;10;0;130;3.100000;296.350000;295.350000;94;6000;0;mq;mq;75;mq;150;mq;mq;mq;101170;mq;mq;mq;mq;mq;mq;mq;mq;mq;mq;mq;4.100000;-10;mq;mq;mq;mq;0.000000;0.000000;0.000000;mq;mq;710.000000;1104.000000;mq;mq;mq;mq;mq;mq;mq;mq;mq;mq;mq;mq;mq;mq;
07650;20110904000000;101290;10;0;140;4.100000;297.150000;292.850000;77;26000;0;mq;mq;90;mq;800;mq;mq;mq;100920;mq;mq;mq;mq;mq;mq;mq;mq;mq;mq;mq;5.100000;-10;mq;mq;mq;mq;0.000000;0.000000;0.000000;mq;mq;710.000000;1105.000000;mq;mq;mq;mq;mq;mq;mq;mq;mq;mq;mq;mq;mq;mq;
07661;20110904000000;101330;-40;8;160;3.100000;295.150000;294.150000;94;mq;mq;mq;mq;mq;mq;mq;mq;mq;mq;99790;mq;mq;mq;mq;mq;mq;mq;mq;mq;mq;mq;5.100000;-10;mq;mq;mq;mq;0.000000;0.000000;0.000000;mq;mq;710.000000;1105.000000;mq;mq;mq;mq;mq;mq;mq;mq;mq;mq;mq;mq;mq;mq;
07690;20110904000000;101360;-100;8;340;2.600000;297.350000;294.450000;84;20000;0;mq;mq;100;mq;mq;mq;mq;mq;101040;mq;mq;mq;mq;mq;mq;mq;mq;mq;mq;mq;4.600000;-10;mq;mq;mq;mq;0.000000;0.200000;0.200000;mq;mq;710.000000;1105.000000;mq;mq;mq;mq;mq;mq;mq;mq;mq;mq;mq;mq;mq;mq;
07747;20110904000000;101170;30;0;230;1.500000;295.450000;292.050000;81;60000;0;mq;mq;mq;mq;450;mq;mq;mq;100660;mq;mq;mq;mq;mq;mq;mq;mq;mq;mq;mq;3.100000;-10;mq;mq;mq;mq;0.000000;0.000000;0.000000;mq;mq;710.000000;1103.000000;mq;mq;mq;mq;mq;mq;mq;mq;mq;mq;mq;mq;mq;mq;
07761;20110904000000;101440;40;0;50;2.600000;295.450000;292.850000;85;20000;2;9;8;100;2;800;38;27;60;101340;mq;mq;mq;mq;mq;mq;mq;mq;mq;mq;mq;3.600000;-10;mq;mq;0.000000;-60;0.000000;0.000000;1.000000;mq;mq;710.000000;1104.000000;3100.000000;mq;1;8;900;4;3;3000;7;3;4500;mq;mq;mq;
07790;20110904000000;101380;-140;6;170;1.000000;295.050000;292.950000;88;40000;0;mq;mq;100;mq;mq;mq;mq;mq;101240;mq;mq;mq;mq;mq;mq;mq;mq;mq;mq;mq;5.700000;-10;mq;mq;mq;mq;0.000000;0.800000;5.000000;mq;mq;710.000000;1106.000000;mq;mq;mq;mq;mq;mq;mq;mq;mq;mq;mq;mq;mq;mq;
61968;20110904000000;101320;mq;mq;0;0.000000;292.350000;291.050000;92;mq;mq;mq;mq;mq;mq;mq;mq;mq;mq;mq;mq;mq;mq;mq;mq;mq;mq;mq;mq;mq;mq;0.000000;-10;mq;mq;mq;mq;0.000000;mq;0.000000;mq;mq;710.000000;1100.000000;mq;mq;mq;mq;mq;mq;mq;mq;mq;mq;mq;mq;mq;mq;
61970;20110904000000;101460;mq;mq;mq;mq;297.450000;295.350000;88;mq;mq;mq;mq;mq;mq;mq;mq;mq;mq;mq;mq;mq;10;mq;mq;mq;mq;mq;mq;mq;mq;mq;mq;mq;mq;mq;mq;0.000000;mq;0.000000;mq;mq;mq;mq;mq;mq;mq;mq;mq;mq;mq;mq;mq;mq;mq;mq;mq;mq;
61972;20110904000000;101730;mq;mq;160;2.100000;293.750000;292.550000;93;mq;mq;mq;mq;mq;mq;mq;mq;mq;mq;mq;mq;mq;270;mq;mq;mq;mq;mq;mq;mq;mq;3.600000;-10;mq;mq;mq;mq;0.000000;mq;0.000000;mq;mq;710.000000;1104.000000;mq;mq;mq;mq;mq;mq;mq;mq;mq;mq;mq;mq;mq;mq;
61980;20110904000000;101760;mq;mq;110;6.700000;295.050000;290.650000;76;10000;2;1;1;25;2;800;38;20;10;mq;mq;mq;mq;mq;mq;mq;mq;mq;mq;mq;mq;9.300000;-10;mq;mq;mq;mq;0.000000;mq;0.000000;mq;mq;710.000000;1109.000000;mq;mq;1;8;690;mq;mq;mq;mq;mq;mq;mq;mq;mq;
61996;20110904000000;mq;mq;mq;310;7.700000;285.450000;mq;mq;mq;mq;mq;mq;mq;mq;mq;mq;mq;mq;mq;mq;mq;10;mq;mq;mq;mq;mq;mq;mq;mq;11.800000;-10;mq;mq;mq;mq;0.000000;mq;0.000000;mq;mq;710.000000;1112.000000;mq;mq;mq;mq;mq;mq;mq;mq;mq;mq;mq;mq;mq;mq;
61997;20110904000000;96990;mq;mq;260;18.000000;272.350000;271.350000;92;mq;mq;mq;mq;mq;mq;mq;mq;mq;mq;mq;mq;mq;mq;mq;mq;mq;mq;mq;mq;mq;mq;30.900000;-60;mq;mq;mq;mq;mq;mq;2.000000;mq;mq;1131.000000;mq;mq;mq;mq;mq;mq;mq;mq;mq;mq;mq;mq;mq;mq;mq;
61998;20110904000000;97880;mq;mq;320;19.500000;282.650000;280.250000;85;17000;60;6;mq;50;4;800;35;20;10;mq;mq;mq;mq;mq;mq;mq;mq;mq;mq;mq;mq;26.800000;-10;mq;mq;mq;mq;0.200000;mq;8.000000;mq;mq;710.000000;1127.000000;mq;mq;4;6;900;mq;mq;mq;mq;mq;mq;mq;mq;mq;
67005;20110904000000;101340;mq;mq;100;1.500000;297.250000;293.750000;81;mq;0;mq;mq;mq;mq;mq;mq;mq;mq;mq;mq;mq;mq;mq;mq;mq;mq;mq;mq;mq;mq;4.600000;-10;mq;mq;mq;mq;0.000000;mq;0.000000;mq;mq;710.000000;1105.000000;mq;mq;mq;mq;mq;mq;mq;mq;mq;mq;mq;mq;mq;mq;
71805;20110904000000;100970;-10;5;0;0.000000;287.850000;287.550000;98;1200;10;1;1;50;4;30;35;20;10;100890;mq;mq;mq;mq;mq;mq;mq;mq;mq;mq;mq;1.000000;-10;mq;mq;0.000000;-60;0.000000;0.000000;0.000000;mq;mq;710.000000;1101.000000;3100.000000;mq;2;7;30;3;6;690;mq;mq;mq;mq;mq;mq;
78897;20110904000000;101390;160;3;10;1.500000;300.650000;296.650000;79;30000;2;1;1;50;4;800;32;20;12;mq;mq;mq;mq;296.750000;mq;305.450000;mq;mq;mq;mq;mq;mq;mq;mq;mq;mq;mq;mq;mq;0.000000;mq;0.200000;mq;mq;mq;mq;2;8;780;3;0;8400;mq;mq;mq;mq;mq;mq;
78922;20110904000000;101340;100;3;350;1.500000;301.050000;296.850000;78;mq;mq;mq;mq;mq;mq;mq;mq;mq;mq;100900;mq;mq;mq;mq;mq;mq;mq;mq;mq;mq;mq;mq;mq;mq;mq;mq;mq;mq;mq;mq;mq;mq;mq;mq;mq;mq;mq;mq;mq;mq;mq;mq;mq;mq;mq;mq;mq;mq;
78925;20110904000000;101340;70;3;80;1.000000;299.850000;298.250000;91;20000;1;9;1;10;1;800;31;20;10;mq;mq;mq;mq;296.450000;mq;305.850000;mq;mq;mq;mq;mq;mq;mq;mq;mq;mq;mq;mq;mq;0.200000;mq;0.400000;mq;mq;mq;mq;1;8;780;mq;mq;mq;mq;mq;mq;mq;mq;mq;
81401;20110904000000;101330;mq;mq;70;1.000000;298.150000;296.050000;88;mq;mq;mq;mq;mq;mq;mq;mq;mq;mq;101270;mq;mq;mq;mq;mq;306.550000;mq;mq;mq;mq;mq;mq;mq;mq;mq;mq;mq;mq;0.000000;0.000000;mq;mq;mq;mq;mq;mq;mq;mq;mq;mq;mq;mq;mq;mq;mq;mq;mq;mq;
81405;20110904000000;101370;mq;mq;100;0.500000;299.750000;296.650000;83;40000;0;mq;mq;mq;mq;mq;mq;mq;mq;101280;mq;mq;mq;mq;mq;305.650000;mq;mq;mq;mq;mq;mq;mq;mq;mq;mq;mq;mq;0.000000;0.000000;mq;mq;mq;mq;mq;mq;mq;mq;mq;mq;mq;mq;mq;mq;mq;mq;mq;mq;
81408;20110904000000;101370;mq;mq;0;0.000000;298.950000;295.850000;83;mq;mq;mq;mq;mq;mq;mq;mq;mq;mq;101290;mq;mq;mq;mq;mq;306.550000;mq;mq;mq;mq;mq;mq;mq;mq;mq;mq;mq;mq;0.000000;0.000000;mq;mq;mq;mq;mq;mq;mq;mq;mq;mq;mq;mq;mq;mq;mq;mq;mq;mq;
81415;20110904000000;101320;mq;mq;220;0.500000;299.050000;297.650000;92;mq;mq;mq;mq;mq;mq;mq;mq;mq;mq;100120;mq;mq;mq;mq;mq;306.350000;mq;mq;mq;mq;mq;mq;mq;mq;mq;mq;mq;mq;0.000000;0.000000;mq;mq;mq;mq;mq;mq;mq;mq;mq;mq;mq;mq;mq;mq;mq;mq;mq;mq;
89642;20110904000000;97130;-350;8;130;20.600000;266.250000;264.750000;88;300;71;7;7;101;mq;mq;62;61;60;96600;mq;mq;mq;262.550000;mq;266.950000;mq;mq;mq;mq;29.300000;29.300000;-60;mq;mq;mq;mq;mq;mq;mq;mq;mq;1029.000000;1129.000000;mq;mq;mq;mq;mq;mq;mq;mq;mq;mq;mq;mq;mq;mq;
07005;20110904030000;100920;20;3;220;1.500000;288.750000;288.150000;96;mq;mq;mq;mq;mq;mq;mq;mq;mq;mq;100050;mq;mq;mq;mq;mq;mq;mq;mq;mq;mq;mq;2.600000;-10;mq;mq;mq;mq;0.000000;0.000000;mq;mq;mq;710.000000;1103.000000;mq;mq;mq;mq;mq;mq;mq;mq;mq;mq;mq;mq;mq;mq;
07015;20110904030000;100840;30;3;260;4.100000;290.050000;289.550000;97;10000;61;mq;6;100;7;250;37;61;60;100290;mq;mq;mq;mq;mq;mq;mq;mq;mq;mq;mq;6.700000;-10;mq;mq;0.000000;-30;1.000000;3.000000;mq;mq;mq;710.000000;1107.000000;3100.000000;mq;7;7;270;mq;mq;mq;mq;mq;mq;mq;mq;mq;
07020;20110904030000;100800;-70;7;190;5.700000;290.750000;289.050000;90;12000;2;1;1;90;7;2250;30;22;60;100540;mq;mq;mq;mq;mq;mq;mq;mq;mq;mq;mq;7.700000;-10;mq;mq;mq;mq;0.000000;0.000000;mq;mq;mq;710.000000;1108.000000;mq;mq;7;4;1800;mq;mq;mq;mq;mq;mq;mq;mq;mq;
07027;20110904030000;100920;0;5;200;3.600000;288.650000;287.350000;92;25000;0;mq;mq;mq;mq;1750;mq;mq;mq;100130;mq;mq;mq;mq;mq;mq;mq;mq;mq;mq;mq;6.200000;-10;mq;mq;mq;mq;0.000000;0.000000;mq;mq;mq;710.000000;1106.000000;mq;mq;mq;mq;mq;mq;mq;mq;mq;mq;mq;mq;mq;mq;
07037;20110904030000;100950;10;3;200;2.100000;288.850000;288.650000;99;3100;61;mq;mq;100;mq;800;mq;mq;mq;99170;mq;mq;mq;mq;mq;mq;mq;mq;mq;mq;mq;3.100000;-10;mq;mq;mq;mq;0.400000;0.400000;mq;mq;mq;710.000000;1103.000000;mq;mq;mq;mq;mq;mq;mq;mq;mq;mq;mq;mq;mq;mq;
07110;20110904030000;100860;80;3;330;4.100000;286.250000;285.750000;97;20000;21;6;5;100;8;800;35;61;60;99730;mq;mq;mq;mq;mq;mq;mq;mq;mq;mq;mq;7.700000;-10;mq;mq;0.000000;-30;0.200000;5.000000;mq;mq;mq;710.000000;1108.000000;3100.000000;mq;8;6;840;mq;mq;mq;mq;mq;mq;mq;mq;mq;
07130;20110904030000;100940;-110;6;160;3.600000;289.450000;288.650000;95;19000;0;mq;mq;100;mq;800;mq;mq;mq;100430;mq;mq;mq;mq;mq;mq;mq;mq;mq;mq;mq;5.700000;-10;mq;mq;mq;mq;0.000000;0.000000;mq;mq;mq;710.000000;1106.000000;mq;mq;mq;mq;mq;mq;mq;mq;mq;mq;mq;mq;mq;mq;
07139;20110904030000;101040;60;1;230;3.100000;288.750000;286.950000;89;mq;mq;mq;mq;mq;mq;mq;mq;mq;mq;99350;mq;mq;mq;mq;mq;mq;mq;mq;mq;mq;mq;5.100000;-10;mq;mq;mq;mq;0.000000;0.400000;mq;mq;mq;710.000000;1105.000000;mq;mq;mq;mq;mq;mq;mq;mq;mq;mq;mq;mq;mq;mq;
07149;20110904030000;100980;60;3;270;2.100000;291.450000;290.950000;97;12000;21;6;2;90;7;150;35;61;60;99930;mq;mq;mq;mq;mq;mq;mq;mq;mq;mq;mq;4.100000;-10;mq;mq;0.000000;-30;0.000000;3.000000;mq;mq;mq;710.000000;1104.000000;3100.000000;mq;3;7;150;6;6;1500;mq;mq;mq;mq;mq;mq;
07168;20110904030000;101020;-10;6;200;3.600000;293.150000;290.550000;85;20000;0;mq;mq;mq;mq;mq;mq;mq;mq;99650;mq;mq;mq;mq;mq;mq;mq;mq;mq;mq;mq;7.200000;-10;mq;mq;mq;mq;0.000000;0.000000;mq;mq;mq;710.000000;1107.000000;mq;mq;mq;mq;mq;mq;mq;mq;mq;mq;mq;mq;mq;mq;
07181;20110904030000;101050;0;0;180;3.600000;291.850000;290.850000;94;30000;0;mq;mq;mq;mq;1750;mq;mq;mq;97120;mq;mq;mq;mq;mq;mq;mq;mq;mq;mq;mq;6.200000;-10;mq;mq;mq;mq;0.000000;0.000000;mq;mq;mq;710.000000;1106.000000;mq;mq;mq;mq;mq;mq;mq;mq;mq;mq;mq;mq;mq;mq;
07190;20110904030000;101170;-50;5;190;3.100000;291.750000;290.750000;94;14000;0;mq;mq;mq;mq;mq;mq;mq;mq;99410;mq;mq;mq;mq;mq;mq;mq;mq;mq;mq;mq;5.100000;-10;mq;mq;mq;mq;0.000000;0.200000;mq;mq;mq;710.000000;1105.000000;mq;mq;mq;mq;mq;mq;mq;mq;mq;mq;mq;mq;mq;mq;
07207;20110904030000;mq;mq;mq;230;8.200000;291.350000;289.850000;91;3000;80;8;2;100;8;450;37;61;60;mq;mq;mq;mq;mq;mq;mq;mq;mq;mq;mq;mq;12.900000;-10;mq;mq;mq;mq;0.000000;0.200000;mq;mq;mq;710.000000;1113.000000;2435.000000;mq;mq;mq;mq;mq;mq;mq;mq;mq;mq;mq;mq;mq;
07222;20110904030000;101050;-60;8;180;2.600000;289.550000;289.050000;97;10000;2;1;1;100;4;800;35;23;60;100740;mq;mq;mq;mq;mq;mq;mq;mq;mq;mq;mq;5.100000;-10;mq;mq;mq;mq;0.000000;0.000000;mq;mq;mq;710.000000;1105.000000;mq;mq;2;6;600;3;6;1500;7;3;3600;mq;mq;mq;
07240;20110904030000;101190;60;3;220;3.100000;290.150000;289.350000;95;7000;0;mq;mq;100;7;150;36;27;60;99880;mq;mq;mq;mq;mq;mq;mq;mq;mq;mq;mq;5.100000;-10;mq;mq;0.000000;-30;0.000000;0.000000;mq;mq;mq;710.000000;1105.000000;3100.000000;mq;5;7;150;7;3;3600;mq;mq;mq;mq;mq;mq;
07255;20110904030000;101240;80;3;260;2.600000;291.050000;288.450000;85;20000;0;mq;mq;100;mq;1250;mq;mq;mq;99300;mq;mq;mq;mq;mq;mq;mq;mq;mq;mq;mq;5.700000;-10;mq;mq;mq;mq;0.000000;0.000000;mq;mq;mq;710.000000;1106.000000;mq;mq;mq;mq;mq;mq;mq;mq;mq;mq;mq;mq;mq;mq;
07280;20110904030000;101140;10;3;140;1.500000;291.850000;290.550000;92;12000;0;mq;mq;100;mq;1750;mq;mq;mq;98520;mq;mq;mq;mq;mq;mq;mq;mq;mq;mq;mq;2.600000;-10;mq;mq;mq;mq;0.000000;0.000000;mq;mq;mq;710.000000;1103.000000;mq;mq;mq;mq;mq;mq;mq;mq;mq;mq;mq;mq;mq;mq;
07299;20110904030000;101200;-80;6;160;1.500000;291.350000;290.550000;95;20000;2;1;1;60;3;1750;35;23;10;98050;mq;mq;mq;mq;mq;mq;mq;mq;mq;mq;mq;5.700000;-10;mq;mq;0.000000;-30;0.000000;0.000000;mq;mq;mq;710.000000;1106.000000;3100.000000;mq;3;6;1800;3;3;5700;mq;mq;mq;mq;mq;mq;
07314;20110904030000;101230;-20;8;210;5.700000;292.950000;290.550000;86;mq;mq;mq;mq;mq;mq;mq;mq;mq;mq;100960;mq;mq;mq;mq;mq;mq;mq;mq;mq;mq;mq;8.200000;-10;mq;mq;mq;mq;0.000000;0.000000;mq;mq;mq;710.000000;1108.000000;mq;mq;mq;mq;mq;mq;mq;mq;mq;mq;mq;mq;mq;mq;
07335;20110904030000;101280;30;3;230;2.100000;289.950000;289.450000;97;8000;0;mq;mq;100;mq;150;mq;mq;mq;99870;mq;mq;mq;mq;mq;mq;mq;mq;mq;mq;mq;4.100000;-10;mq;mq;mq;mq;0.000000;0.000000;mq;mq;mq;710.000000;1104.000000;mq;mq;mq;mq;mq;mq;mq;mq;mq;mq;mq;mq;mq;mq;
07434;20110904030000;101330;-10;5;260;2.100000;288.450000;287.450000;94;18000;0;mq;mq;100;mq;250;mq;mq;mq;96660;mq;mq;mq;mq;mq;mq;mq;mq;mq;mq;mq;3.600000;-10;mq;mq;mq;mq;0.000000;0.000000;mq;mq;mq;710.000000;1104.000000;mq;mq;mq;mq;mq;mq;mq;mq;mq;mq;mq;mq;mq;mq;
07460;20110904030000;101160;-20;5;200;1.000000;291.750000;291.050000;96;10000;21;mq;mq;90;3;2250;35;23;60;97420;mq;mq;mq;mq;mq;mq;mq;mq;mq;mq;mq;2.600000;-10;mq;mq;0.000000;-30;0.000000;0.200000;mq;mq;mq;710.000000;1103.000000;3100.000000;mq;3;6;1800;7;3;3000;mq;mq;mq;mq;mq;mq;
07471;20110904030000;mq;-80;8;210;1.500000;289.050000;288.050000;94;19000;0;mq;mq;mq;mq;1250;mq;mq;mq;91870;85000;17410;mq;mq;mq;mq;mq;mq;mq;mq;mq;2.600000;-10;mq;mq;mq;mq;0.200000;0.200000;mq;mq;mq;710.000000;1103.000000;mq;mq;mq;mq;mq;mq;mq;mq;mq;mq;mq;mq;mq;mq;
07481;20110904030000;101170;-50;6;140;3.600000;294.050000;291.250000;84;20000;2;8;6;90;3;1750;35;28;10;98420;mq;mq;mq;mq;mq;mq;mq;mq;mq;mq;mq;6.200000;-10;mq;mq;0.000000;-30;0.000000;0.400000;mq;mq;mq;710.000000;1106.000000;3100.000000;mq;3;6;1500;7;3;3000;mq;mq;mq;mq;mq;mq;
07510;20110904030000;101330;-30;6;230;1.500000;291.050000;290.750000;98;15000;2;1;1;100;7;3500;30;27;60;100700;mq;mq;mq;mq;mq;mq;mq;mq;mq;mq;mq;2.600000;-10;mq;mq;0.000000;-30;0.000000;0.000000;mq;mq;mq;710.000000;1103.000000;3100.000000;mq;7;3;2700;mq;mq;mq;mq;mq;mq;mq;mq;mq;
07535;20110904030000;101330;-30;6;0;0.000000;289.650000;288.850000;95;mq;mq;mq;mq;mq;mq;mq;mq;mq;mq;98290;mq;mq;mq;mq;mq;mq;mq;mq;mq;mq;mq;1.500000;-10;mq;mq;mq;mq;0.000000;0.000000;mq;mq;mq;710.000000;1102.000000;mq;mq;mq;mq;mq;mq;mq;mq;mq;mq;mq;mq;mq;mq;
07558;20110904030000;101200;-80;8;20;1.500000;290.250000;288.550000;90;mq;mq;mq;mq;mq;mq;mq;mq;mq;mq;93140;mq;mq;mq;mq;mq;mq;mq;mq;mq;mq;mq;2.100000;-10;mq;mq;mq;mq;0.000000;0.000000;mq;mq;mq;710.000000;1102.000000;mq;mq;mq;mq;mq;mq;mq;mq;mq;mq;mq;mq;mq;mq;
07577;20110904030000;101230;-80;6;200;1.000000;293.550000;291.850000;90;20000;0;mq;mq;mq;mq;mq;mq;mq;mq;100370;mq;mq;mq;mq;mq;mq;mq;mq;mq;mq;mq;4.100000;-10;mq;mq;mq;mq;0.000000;0.000000;mq;mq;mq;710.000000;1104.000000;mq;mq;mq;mq;mq;mq;mq;mq;mq;mq;mq;mq;mq;mq;
07591;20110904030000;mq;-70;8;50;2.600000;289.150000;288.650000;97;mq;0;mq;mq;mq;mq;mq;mq;mq;mq;91580;mq;mq;mq;mq;mq;mq;mq;mq;mq;mq;mq;4.100000;-10;mq;mq;mq;mq;0.000000;1.000000;mq;mq;mq;710.000000;1104.000000;mq;mq;mq;mq;mq;mq;mq;mq;mq;mq;mq;mq;mq;mq;
07607;20110904030000;101390;0;4;0;0.000000;288.350000;287.850000;97;6000;0;mq;mq;90;mq;mq;mq;mq;mq;100690;mq;mq;mq;mq;mq;mq;mq;mq;mq;mq;mq;1.000000;-10;mq;mq;mq;mq;0.000000;0.000000;mq;mq;mq;710.000000;1101.000000;mq;mq;mq;mq;mq;mq;mq;mq;mq;mq;mq;mq;mq;mq;
07621;20110904030000;101340;-10;8;290;1.000000;290.750000;289.750000;94;12000;2;mq;mq;90;7;250;35;61;60;97150;mq;mq;mq;mq;mq;mq;mq;mq;mq;mq;mq;2.100000;-10;mq;mq;0.000000;-30;0.000000;0.000000;mq;mq;mq;710.000000;1102.000000;3100.000000;mq;3;6;180;7;6;600;mq;mq;mq;mq;mq;mq;
07627;20110904030000;101320;-40;6;290;1.500000;290.350000;289.050000;92;mq;mq;mq;mq;mq;mq;mq;mq;mq;mq;96590;mq;mq;mq;mq;mq;mq;mq;mq;mq;mq;mq;2.600000;-10;mq;mq;mq;mq;0.000000;5.000000;mq;mq;mq;710.000000;1103.000000;mq;mq;mq;mq;mq;mq;mq;mq;mq;mq;mq;mq;mq;mq;
07630;20110904030000;101320;-40;5;310;3.100000;292.050000;290.050000;88;25000;2;1;1;90;3;1250;35;23;60;99570;mq;mq;mq;mq;mq;mq;mq;mq;mq;mq;mq;5.100000;-10;mq;mq;0.000000;-30;0.000000;0.000000;mq;mq;mq;710.000000;1105.000000;3100.000000;mq;4;6;990;6;3;3600;mq;mq;mq;mq;mq;mq;
07643;20110904030000;101170;-90;6;20;2.600000;294.250000;292.350000;89;15000;2;1;1;75;6;150;38;20;10;101080;mq;mq;mq;mq;mq;mq;mq;mq;mq;mq;mq;5.700000;-10;mq;mq;mq;mq;0.000000;0.000000;mq;mq;mq;710.000000;1106.000000;mq;mq;3;7;150;5;6;330;mq;mq;mq;mq;mq;mq;
07650;20110904030000;101160;-130;6;160;1.000000;296.150000;292.350000;79;30000;2;1;1;90;7;3500;30;24;60;100790;mq;mq;mq;mq;mq;mq;mq;mq;mq;mq;mq;2.100000;-10;mq;mq;0.000000;-30;0.000000;0.000000;mq;mq;mq;710.000000;1102.000000;3100.000000;mq;3;3;2700;6;4;4200;mq;mq;mq;mq;mq;mq;
07661;20110904030000;101170;-160;8;110;3.600000;294.750000;293.750000;94;12000;2;1;1;100;8;800;35;20;10;99630;mq;mq;mq;mq;mq;mq;mq;mq;mq;mq;mq;5.700000;-10;mq;mq;mq;mq;0.200000;0.200000;mq;mq;mq;710.000000;1106.000000;mq;mq;1;7;600;8;6;990;mq;mq;mq;mq;mq;mq;
07690;20110904030000;101280;-80;6;60;1.000000;297.350000;293.450000;79;25000;2;1;1;90;1;800;35;27;60;100960;mq;mq;mq;mq;mq;mq;mq;mq;mq;mq;mq;4.100000;-10;mq;mq;0.000000;-30;0.000000;0.000000;mq;mq;mq;710.000000;1104.000000;3100.000000;mq;1;6;750;7;3;3300;mq;mq;mq;mq;mq;mq;
07747;20110904030000;101100;-70;6;320;1.000000;294.250000;291.250000;83;55000;0;mq;mq;mq;mq;mq;mq;mq;mq;100590;mq;mq;mq;mq;mq;mq;mq;mq;mq;mq;mq;3.600000;-10;mq;mq;mq;mq;0.000000;0.000000;mq;mq;mq;710.000000;1104.000000;mq;mq;mq;mq;mq;mq;mq;mq;mq;mq;mq;mq;mq;mq;
07761;20110904030000;101250;-190;8;50;4.100000;294.750000;291.750000;83;20000;21;6;2;100;1;800;32;27;60;101150;mq;mq;mq;mq;mq;mq;mq;mq;mq;mq;mq;4.600000;-10;mq;mq;0.000000;-30;0.200000;0.400000;mq;mq;mq;710.000000;1105.000000;3100.000000;mq;1;8;900;6;3;2400;7;3;4800;mq;mq;mq;
07790;20110904030000;101310;-70;5;230;2.600000;294.950000;292.650000;87;20000;2;1;1;90;1;800;35;29;60;101170;mq;mq;mq;mq;mq;mq;mq;mq;mq;mq;mq;5.100000;-10;mq;mq;0.000000;-30;0.000000;0.000000;mq;mq;mq;710.000000;1105.000000;3100.000000;mq;1;6;900;5;3;3000;5;3;3900;mq;mq;mq;
61968;20110904030000;101410;mq;mq;100;0.500000;293.550000;291.850000;90;mq;mq;mq;mq;mq;mq;mq;mq;mq;mq;mq;mq;mq;20;mq;mq;mq;mq;mq;mq;mq;mq;1.500000;-10;mq;mq;mq;mq;0.000000;0.000000;mq;mq;mq;710.000000;1102.000000;mq;mq;mq;mq;mq;mq;mq;mq;mq;mq;mq;mq;mq;mq;
61970;20110904030000;101550;mq;mq;mq;mq;298.050000;295.350000;85;mq;mq;mq;mq;mq;mq;mq;mq;mq;mq;mq;mq;mq;70;mq;mq;mq;mq;mq;mq;mq;mq;mq;mq;mq;mq;mq;mq;0.000000;0.000000;mq;mq;mq;mq;mq;mq;mq;mq;mq;mq;mq;mq;mq;mq;mq;mq;mq;mq;mq;
61972;20110904030000;101740;mq;mq;170;2.100000;293.350000;292.350000;94;mq;mq;mq;mq;mq;mq;mq;mq;mq;mq;mq;mq;mq;220;mq;mq;mq;mq;mq;mq;mq;mq;2.600000;-10;mq;mq;mq;mq;0.000000;0.000000;mq;mq;mq;710.000000;1103.000000;mq;mq;mq;mq;mq;mq;mq;mq;mq;mq;mq;mq;mq;mq;
61976;20110904030000;101610;mq;mq;120;7.200000;296.150000;292.150000;78;mq;mq;mq;mq;mq;mq;mq;mq;mq;mq;101460;mq;mq;mq;mq;mq;mq;mq;mq;mq;mq;mq;mq;mq;mq;mq;mq;mq;mq;mq;mq;mq;mq;mq;mq;mq;mq;mq;mq;mq;mq;mq;mq;mq;mq;mq;mq;mq;mq;
61980;20110904030000;101860;mq;mq;100;6.200000;294.850000;290.850000;78;mq;0;mq;mq;mq;mq;mq;mq;mq;mq;mq;mq;mq;mq;mq;mq;mq;mq;mq;mq;mq;mq;9.300000;-10;mq;mq;mq;mq;0.000000;0.000000;mq;mq;mq;710.000000;1109.000000;mq;mq;mq;mq;mq;mq;mq;mq;mq;mq;mq;mq;mq;mq;
61996;20110904030000;mq;mq;mq;310;7.700000;286.550000;mq;mq;mq;mq;mq;mq;mq;mq;mq;mq;mq;mq;mq;mq;mq;mq;mq;mq;mq;mq;mq;mq;mq;mq;13.900000;-10;mq;mq;mq;mq;0.000000;0.000000;mq;mq;mq;710.000000;1114.000000;mq;mq;mq;mq;mq;mq;mq;mq;mq;mq;mq;mq;mq;mq;
61997;20110904030000;97370;mq;mq;270;13.900000;272.750000;269.350000;75;mq;mq;mq;mq;mq;mq;mq;mq;mq;mq;mq;mq;mq;mq;mq;mq;mq;mq;mq;mq;mq;mq;28.800000;-30;mq;mq;mq;mq;mq;0.000000;mq;mq;mq;1129.000000;mq;mq;mq;mq;mq;mq;mq;mq;mq;mq;mq;mq;mq;mq;mq;
61998;20110904030000;97600;mq;mq;340;11.300000;281.550000;279.650000;88;2000;63;6;6;100;8;250;37;61;60;mq;mq;mq;mq;mq;mq;mq;mq;mq;mq;mq;mq;23.100000;-10;mq;mq;mq;mq;2.000000;2.000000;mq;mq;mq;710.000000;1123.000000;mq;mq;8;7;240;mq;mq;mq;mq;mq;mq;mq;mq;mq;
67005;20110904030000;101390;mq;mq;200;4.100000;297.050000;294.550000;86;20000;2;1;1;75;6;800;38;20;11;mq;mq;mq;mq;mq;mq;mq;mq;mq;mq;mq;mq;5.100000;-10;mq;mq;mq;mq;0.000000;0.000000;mq;mq;mq;710.000000;1105.000000;mq;mq;1;8;600;4;6;1500;mq;mq;mq;mq;mq;mq;
71805;20110904030000;101040;70;2;190;1.500000;288.850000;288.650000;99;4000;10;4;1;75;6;80;36;20;10;100960;mq;mq;mq;mq;mq;mq;mq;mq;mq;mq;mq;2.100000;-10;mq;mq;0.000000;-30;0.000000;0.000000;mq;mq;mq;710.000000;1102.000000;3100.000000;mq;2;7;60;6;7;180;mq;mq;mq;mq;mq;mq;
78897;20110904030000;101420;30;0;270;0.500000;298.950000;296.850000;88;13000;0;mq;mq;mq;mq;mq;mq;mq;mq;mq;mq;mq;mq;mq;mq;mq;mq;mq;mq;mq;mq;mq;mq;mq;mq;mq;mq;mq;mq;mq;mq;mq;mq;mq;mq;mq;mq;mq;mq;mq;mq;mq;mq;mq;mq;mq;mq;mq;
78922;20110904030000;101390;50;0;10;4.600000;301.250000;295.450000;71;mq;mq;mq;mq;mq;mq;mq;mq;mq;mq;100950;mq;mq;mq;mq;mq;mq;mq;mq;mq;mq;mq;mq;mq;mq;mq;mq;mq;mq;mq;mq;mq;mq;mq;mq;mq;mq;mq;mq;mq;mq;mq;mq;mq;mq;mq;mq;mq;mq;
78925;20110904030000;101410;70;0;90;0.500000;298.150000;297.250000;95;20000;2;1;1;10;1;800;31;20;10;mq;mq;mq;mq;mq;mq;mq;mq;mq;mq;mq;mq;mq;mq;mq;mq;mq;mq;mq;mq;mq;mq;mq;mq;mq;mq;mq;1;8;690;mq;mq;mq;mq;mq;mq;mq;mq;mq;
81401;20110904030000;101420;mq;mq;0;0.000000;296.550000;295.550000;94;mq;mq;mq;mq;mq;mq;mq;mq;mq;mq;101360;mq;mq;mq;mq;mq;mq;mq;mq;mq;mq;mq;mq;mq;mq;mq;mq;mq;mq;0.000000;mq;mq;mq;mq;mq;mq;mq;mq;mq;mq;mq;mq;mq;mq;mq;mq;mq;mq;mq;
81405;20110904030000;101440;mq;mq;360;0.500000;297.750000;296.850000;95;50000;0;mq;mq;100;mq;800;mq;mq;mq;101350;mq;mq;mq;mq;mq;mq;mq;mq;mq;mq;mq;mq;mq;mq;mq;mq;mq;mq;0.000000;mq;mq;mq;mq;mq;mq;mq;mq;mq;mq;mq;mq;mq;mq;mq;mq;mq;mq;mq;
81408;20110904030000;101410;mq;mq;0;0.000000;297.550000;296.350000;93;mq;mq;mq;mq;mq;mq;mq;mq;mq;mq;101330;mq;mq;mq;mq;mq;mq;mq;mq;mq;mq;mq;mq;mq;mq;mq;mq;mq;mq;0.000000;mq;mq;mq;mq;mq;mq;mq;mq;mq;mq;mq;mq;mq;mq;mq;mq;mq;mq;mq;
89642;20110904030000;96770;-360;6;140;24.200000;265.350000;263.850000;88;50;71;7;7;101;mq;mq;62;61;60;96240;mq;mq;mq;mq;mq;mq;mq;mq;mq;mq;37.000000;37.000000;-30;mq;mq;mq;mq;mq;mq;mq;mq;mq;1037.000000;1137.000000;mq;mq;mq;mq;mq;mq;mq;mq;mq;mq;mq;mq;mq;mq;
07005;20110904060000;100920;0;5;160;2.100000;288.650000;288.050000;96;15000;1;6;2;100;5;1250;35;27;60;100050;mq;mq;mq;288.450000;mq;290.650000;mq;288.150000;mq;mq;mq;3.100000;-10;1;0.000000;mq;mq;0.000000;1.000000;mq;12.000000;12.500000;710.000000;1103.000000;mq;mq;5;6;990;8;3;3000;mq;mq;mq;mq;mq;mq;
07015;20110904060000;100890;50;3;240;1.500000;289.550000;288.950000;96;9000;21;mq;mq;90;7;2600;35;61;60;100340;mq;mq;mq;289.250000;mq;299.850000;mq;289.150000;mq;mq;mq;3.100000;-10;2;0.000000;0.000000;-60;0.000000;1.000000;mq;33.000000;33.000000;710.000000;1103.000000;3100.000000;mq;7;6;2400;mq;mq;mq;mq;mq;mq;mq;mq;mq;
07020;20110904060000;100720;-80;6;190;5.700000;290.450000;289.950000;97;4900;25;8;6;100;8;800;33;61;60;100460;mq;mq;mq;289.250000;mq;292.350000;mq;mq;mq;mq;mq;9.800000;-10;mq;mq;mq;mq;0.200000;0.200000;mq;0.200000;0.200000;710.000000;1110.000000;mq;mq;6;9;780;3;8;900;mq;mq;mq;mq;mq;mq;
07027;20110904060000;100850;-70;6;150;3.600000;289.250000;287.750000;91;30000;2;1;1;90;7;1250;35;61;60;100060;mq;mq;mq;288.350000;mq;290.950000;mq;287.150000;mq;mq;mq;6.700000;-10;0;0.000000;0.000000;-60;0.000000;0.000000;mq;0.000000;0.000000;710.000000;1107.000000;3100.000000;mq;5;6;1380;7;6;1800;mq;mq;mq;mq;mq;mq;
07037;20110904060000;100950;0;5;170;2.600000;289.050000;288.850000;99;3300;10;mq;mq;100;mq;150;mq;mq;mq;99170;mq;mq;mq;288.550000;mq;291.350000;mq;288.150000;mq;mq;mq;3.100000;-10;mq;mq;mq;mq;0.000000;0.000000;mq;0.400000;6.900000;710.000000;1103.000000;mq;mq;mq;mq;mq;mq;mq;mq;mq;mq;mq;mq;mq;mq;
07110;20110904060000;100960;100;1;280;1.500000;285.650000;284.750000;94;20000;1;6;5;60;4;1250;35;20;11;99830;mq;mq;mq;285.550000;mq;290.450000;mq;284.150000;mq;mq;mq;4.100000;-10;2;0.000000;0.000000;-60;0.000000;0.000000;mq;6.000000;5.800000;710.000000;1104.000000;3100.000000;mq;4;6;1200;mq;mq;mq;mq;mq;mq;mq;mq;mq;
07130;20110904060000;100840;-90;7;170;4.100000;290.350000;289.750000;96;13000;61;mq;mq;100;mq;250;mq;mq;mq;100340;mq;mq;mq;288.350000;mq;295.350000;mq;286.150000;mq;mq;mq;7.700000;-10;2;0.000000;mq;mq;0.200000;0.200000;mq;0.200000;0.200000;710.000000;1108.000000;mq;mq;mq;mq;mq;mq;mq;mq;mq;mq;mq;mq;mq;mq;
07139;20110904060000;101040;0;5;180;1.500000;288.550000;287.250000;92;6000;2;1;1;90;7;250;37;61;60;99350;mq;mq;mq;288.250000;mq;293.850000;mq;288.150000;mq;mq;mq;3.100000;-10;1;0.000000;0.000000;-60;0.000000;0.000000;mq;0.400000;1.800000;710.000000;1103.000000;3100.000000;mq;7;7;180;mq;mq;mq;mq;mq;mq;mq;mq;mq;
07149;20110904060000;101060;80;3;250;3.600000;291.150000;290.550000;96;9000;61;6;2;90;7;250;35;61;60;100010;mq;mq;mq;290.950000;mq;293.150000;mq;289.150000;mq;mq;mq;5.100000;-10;2;0.000000;0.000000;-60;0.200000;0.800000;mq;4.000000;20.400000;710.000000;1105.000000;3100.000000;mq;4;7;240;6;6;450;7;6;1500;mq;mq;mq;
07168;20110904060000;101120;90;3;250;4.600000;291.350000;289.650000;90;25000;25;8;6;100;7;450;38;61;60;99740;mq;mq;mq;291.350000;mq;299.250000;mq;291.150000;mq;mq;mq;9.800000;-10;2;0.000000;0.000000;-60;0.200000;0.400000;mq;0.400000;0.400000;710.000000;1110.000000;3100.000000;mq;5;8;420;7;6;900;mq;mq;mq;mq;mq;mq;
07181;20110904060000;101110;60;3;170;3.600000;291.750000;290.950000;95;mq;0;mq;mq;mq;mq;mq;mq;mq;mq;97180;mq;mq;mq;291.550000;mq;298.550000;mq;291.150000;mq;mq;mq;5.700000;-10;0;0.000000;0.000000;-60;0.000000;0.000000;mq;0.400000;0.400000;710.000000;1106.000000;3100.000000;mq;mq;mq;mq;mq;mq;mq;mq;mq;mq;mq;mq;mq;
07190;20110904060000;101190;20;3;190;2.100000;291.750000;290.950000;95;19000;0;mq;mq;90;mq;150;mq;mq;mq;99430;mq;mq;mq;291.050000;mq;298.850000;mq;290.150000;mq;mq;mq;3.600000;-10;1;0.000000;mq;mq;0.000000;0.000000;mq;3.000000;3.400000;710.000000;1104.000000;mq;mq;mq;mq;mq;mq;mq;mq;mq;mq;mq;mq;mq;mq;
07207;20110904060000;mq;mq;mq;320;9.800000;288.650000;285.450000;81;10000;1;8;2;90;4;800;38;27;10;mq;mq;mq;mq;288.550000;mq;291.950000;mq;mq;mq;mq;mq;14.900000;-10;mq;mq;mq;mq;0.200000;0.800000;mq;1.000000;mq;710.000000;1115.000000;2437.000000;mq;mq;mq;mq;mq;mq;mq;mq;mq;mq;mq;mq;mq;
07222;20110904060000;100990;-60;6;190;4.100000;290.350000;289.850000;97;10000;20;6;5;90;7;250;35;61;60;100680;mq;mq;mq;288.850000;mq;292.350000;mq;287.150000;mq;mq;mq;6.200000;-10;0;0.000000;mq;mq;0.000000;1.000000;mq;1.000000;1.000000;710.000000;1106.000000;mq;mq;5;7;210;5;6;630;5;6;1800;mq;mq;mq;
07240;20110904060000;101160;-40;6;190;2.600000;289.650000;288.650000;94;75000;1;mq;mq;75;4;250;36;28;11;99840;mq;mq;mq;289.650000;mq;295.450000;mq;289.150000;mq;mq;mq;5.100000;-10;2;0.000000;0.000000;-60;0.000000;0.000000;mq;9.000000;8.700000;710.000000;1105.000000;3100.000000;mq;2;7;180;3;6;1500;5;3;4800;mq;mq;mq;
07255;20110904060000;101280;40;3;240;2.100000;290.050000;288.550000;91;15000;2;1;1;90;7;250;35;27;60;99340;mq;mq;mq;289.750000;mq;298.150000;mq;289.150000;mq;mq;mq;4.100000;-10;0;0.000000;0.000000;-60;0.000000;0.000000;mq;0.000000;0.600000;710.000000;1104.000000;3100.000000;mq;1;7;240;7;3;3000;mq;mq;mq;mq;mq;mq;
07280;20110904060000;101190;40;3;200;1.500000;291.750000;290.750000;94;11000;0;mq;mq;90;mq;800;mq;mq;mq;98560;mq;mq;mq;291.650000;mq;296.850000;mq;290.150000;mq;mq;mq;3.100000;-10;0;0.000000;mq;mq;0.000000;0.000000;mq;0.000000;0.000000;710.000000;1103.000000;mq;mq;mq;mq;mq;mq;mq;mq;mq;mq;mq;mq;mq;mq;
07299;20110904060000;101240;40;3;170;2.600000;291.750000;291.050000;96;20000;2;1;1;90;1;800;38;23;60;98090;mq;mq;mq;291.250000;mq;298.750000;mq;290.150000;mq;mq;mq;3.600000;-10;2;0.000000;0.000000;-60;0.000000;0.000000;mq;19.000000;19.300000;710.000000;1104.000000;3100.000000;mq;1;8;690;3;3;2700;7;3;3900;mq;mq;mq;
07314;20110904060000;101200;-30;5;210;7.200000;293.350000;290.950000;86;mq;mq;mq;mq;mq;mq;mq;mq;mq;mq;100930;mq;mq;mq;292.350000;mq;293.450000;mq;mq;mq;mq;mq;9.300000;-10;mq;mq;mq;mq;0.000000;0.000000;mq;0.200000;0.200000;710.000000;1109.000000;mq;mq;mq;mq;mq;mq;mq;mq;mq;mq;mq;mq;mq;mq;
07335;20110904060000;101240;-40;5;200;3.600000;290.050000;289.450000;96;15000;2;1;1;90;7;250;35;61;60;99830;mq;mq;mq;289.450000;mq;293.050000;mq;289.150000;mq;mq;mq;4.600000;-10;1;0.000000;0.000000;-60;0.000000;0.000000;mq;0.200000;2.200000;710.000000;1105.000000;3100.000000;mq;5;7;210;3;6;1500;mq;mq;mq;mq;mq;mq;
07434;20110904060000;101320;-10;5;230;1.000000;288.550000;287.950000;96;8000;21;6;2;100;7;150;38;27;60;96650;mq;mq;mq;288.050000;mq;293.050000;mq;287.150000;mq;mq;mq;1.500000;-10;1;0.000000;0.000000;-60;0.000000;0.000000;mq;0.200000;0.200000;710.000000;1102.000000;3100.000000;mq;3;8;150;5;6;420;7;3;2700;mq;mq;mq;
07460;20110904060000;101200;30;3;120;0.500000;291.350000;291.150000;99;13000;3;mq;mq;90;5;450;35;23;60;97450;mq;mq;mq;291.150000;mq;295.550000;mq;291.150000;mq;mq;mq;2.600000;-10;1;0.000000;0.000000;-60;0.000000;0.000000;mq;0.200000;0.400000;710.000000;1103.000000;3100.000000;mq;1;7;300;5;6;690;mq;mq;mq;mq;mq;mq;
07471;20110904060000;mq;-10;8;270;0.500000;287.850000;287.350000;97;35000;2;6;2;90;2;1250;35;27;60;91860;85000;17400;mq;287.550000;mq;292.850000;mq;286.150000;mq;mq;mq;2.100000;-10;1;0.000000;0.000000;-60;0.000000;0.000000;mq;0.200000;0.200000;710.000000;1102.000000;3100.000000;mq;2;6;1380;7;3;3000;mq;mq;mq;mq;mq;mq;
07481;20110904060000;101130;-40;5;210;1.500000;293.750000;291.150000;85;20000;1;8;6;90;1;1750;38;28;60;98380;mq;mq;mq;293.650000;mq;296.250000;mq;293.150000;mq;mq;mq;6.700000;-10;1;0.000000;0.000000;-60;0.000000;0.000000;mq;0.400000;0.400000;710.000000;1107.000000;3100.000000;mq;1;8;1800;7;3;3300;mq;mq;mq;mq;mq;mq;
07510;20110904060000;101320;-20;5;220;1.500000;290.450000;290.250000;99;7000;11;2;2;60;3;450;35;27;10;100680;mq;mq;mq;290.450000;mq;292.950000;mq;289.150000;mq;mq;mq;2.600000;-10;1;0.000000;0.000000;-60;0.000000;0.000000;mq;0.200000;0.800000;710.000000;1103.000000;3100.000000;mq;2;6;390;3;6;1800;5;3;3900;mq;mq;mq;
07535;20110904060000;101320;-20;6;0;0.000000;288.950000;288.450000;97;10000;2;1;1;75;6;800;35;20;11;98270;mq;mq;mq;288.850000;mq;296.550000;mq;288.150000;mq;mq;mq;1.500000;-10;mq;mq;0.000000;-60;0.000000;0.000000;mq;0.000000;0.200000;710.000000;1102.000000;3100.000000;mq;6;6;690;mq;mq;mq;mq;mq;mq;mq;mq;mq;
07558;20110904060000;101210;-10;5;160;1.000000;289.450000;288.450000;94;20000;2;1;1;90;1;450;31;27;60;93130;mq;mq;mq;289.450000;mq;293.650000;mq;289.150000;mq;mq;mq;2.600000;-10;0;0.000000;0.000000;-60;0.000000;0.000000;mq;0.800000;1.000000;710.000000;1103.000000;3100.000000;mq;1;8;480;7;3;3000;mq;mq;mq;mq;mq;mq;
07577;20110904060000;101170;-60;6;340;0.500000;292.450000;291.450000;94;15000;1;8;6;90;3;1250;35;27;12;100310;mq;mq;mq;292.350000;mq;295.450000;mq;291.150000;mq;mq;mq;1.500000;-10;1;0.000000;0.000000;-60;0.000000;0.200000;mq;0.200000;2.000000;710.000000;1102.000000;3100.000000;mq;3;6;1200;4;3;3000;mq;mq;mq;mq;mq;mq;
07591;20110904060000;mq;-100;8;10;5.100000;289.950000;288.150000;89;mq;0;mq;mq;mq;mq;mq;mq;mq;mq;91480;mq;mq;mq;288.950000;mq;292.450000;mq;288.150000;mq;mq;mq;8.200000;-10;mq;mq;mq;mq;0.000000;0.000000;mq;1.000000;5.600000;710.000000;1108.000000;mq;mq;mq;mq;mq;mq;mq;mq;mq;mq;mq;mq;mq;mq;
07607;20110904060000;101360;-30;5;0;0.000000;288.650000;288.150000;97;15000;0;mq;mq;100;mq;mq;mq;mq;mq;100660;mq;mq;mq;287.750000;mq;293.750000;mq;286.150000;mq;mq;mq;1.000000;-10;mq;mq;mq;mq;0.000000;0.000000;mq;0.000000;0.000000;710.000000;1101.000000;mq;mq;mq;mq;mq;mq;mq;mq;mq;mq;mq;mq;mq;mq;
07621;20110904060000;101350;0;5;0;0.000000;290.450000;289.450000;94;5000;20;mq;mq;90;7;250;37;61;60;97150;mq;mq;mq;290.050000;mq;291.750000;mq;288.150000;mq;mq;mq;1.500000;-10;1;0.000000;0.000000;-60;0.000000;0.000000;mq;0.000000;0.000000;710.000000;1102.000000;3100.000000;mq;2;7;180;7;6;600;mq;mq;mq;mq;mq;mq;
07627;20110904060000;101340;10;3;290;2.100000;289.650000;288.550000;93;6000;61;6;5;100;8;450;38;61;60;96600;mq;mq;mq;289.550000;mq;293.950000;mq;290.150000;mq;mq;mq;3.600000;-10;2;0.000000;mq;mq;2.000000;2.000000;mq;19.000000;18.900000;710.000000;1104.000000;mq;mq;5;8;390;8;6;780;mq;mq;mq;mq;mq;mq;
07630;20110904060000;101320;0;5;280;3.600000;291.550000;289.850000;90;25000;1;6;2;90;4;1250;35;27;60;99570;mq;mq;mq;291.450000;mq;298.750000;mq;291.150000;mq;mq;mq;5.100000;-10;1;0.000000;0.000000;-60;0.000000;0.000000;mq;2.000000;2.000000;710.000000;1105.000000;3100.000000;mq;4;6;1380;5;3;3000;mq;mq;mq;mq;mq;mq;
07643;20110904060000;101190;20;3;230;1.500000;293.150000;292.350000;95;600;95;9;8;100;8;80;39;61;60;101100;mq;mq;mq;293.150000;mq;297.550000;mq;292.150000;mq;mq;mq;6.700000;-10;2;0.000000;0.000000;-60;9.000000;9.000000;mq;9.000000;mq;710.000000;1107.000000;3100.000000;mq;2;7;60;6;8;180;2;9;480;mq;mq;mq;
07650;20110904060000;101180;20;3;170;4.100000;294.950000;292.850000;88;8000;63;6;2;100;7;450;39;61;60;100810;mq;mq;mq;294.950000;mq;298.450000;mq;293.150000;mq;mq;mq;7.200000;-10;2;0.000000;0.000000;-60;1.000000;1.000000;mq;1.000000;1.000000;710.000000;1107.000000;3100.000000;mq;3;8;330;3;9;390;5;8;690;mq;mq;mq;
07661;20110904060000;101190;10;3;260;8.200000;293.350000;292.150000;93;12000;60;6;2;100;8;800;37;20;10;99640;mq;mq;mq;293.350000;mq;296.050000;mq;mq;mq;mq;mq;10.800000;-10;mq;mq;mq;mq;1.000000;1.000000;mq;1.000000;1.400000;710.000000;1111.000000;mq;mq;8;7;600;mq;mq;mq;mq;mq;mq;mq;mq;mq;
07690;20110904060000;101260;-20;5;30;3.100000;296.150000;293.450000;85;15000;61;6;2;90;5;250;38;27;60;100940;mq;mq;mq;296.150000;mq;298.250000;mq;295.150000;mq;mq;mq;5.100000;-10;1;0.000000;0.000000;-60;0.400000;0.400000;mq;0.600000;0.600000;710.000000;1105.000000;3100.000000;mq;3;8;240;3;6;840;7;3;3000;mq;mq;mq;
07747;20110904060000;101140;40;3;340;2.100000;294.950000;290.950000;78;40000;2;1;1;90;7;800;38;61;60;100630;mq;mq;mq;294.150000;mq;299.350000;mq;292.150000;mq;mq;mq;3.100000;-10;0;0.000000;mq;mq;0.000000;0.000000;mq;0.000000;0.000000;710.000000;1103.000000;mq;mq;2;8;810;6;6;1800;mq;mq;mq;mq;mq;mq;
07761;20110904060000;101220;-30;7;50;3.100000;294.550000;291.550000;83;20000;3;6;2;90;1;800;35;27;60;101120;mq;mq;mq;294.450000;mq;299.550000;mq;293.150000;mq;mq;mq;4.100000;-10;2;0.000000;0.000000;-60;0.000000;0.000000;mq;1.000000;1.400000;710.000000;1104.000000;3100.000000;mq;1;6;900;5;3;2700;6;3;3600;mq;mq;mq;
07790;20110904060000;101340;30;3;200;1.500000;295.150000;293.050000;88;10000;60;8;6;90;1;800;35;28;60;101200;mq;mq;mq;294.450000;mq;298.950000;mq;293.150000;mq;mq;mq;4.100000;-10;1;0.000000;0.000000;-60;0.200000;0.200000;mq;6.000000;6.300000;710.000000;1104.000000;3100.000000;mq;1;8;600;7;3;2700;mq;mq;mq;mq;mq;mq;
61968;20110904060000;101580;mq;mq;150;1.500000;300.050000;293.450000;67;mq;mq;mq;mq;mq;mq;mq;mq;mq;mq;mq;mq;mq;mq;292.250000;mq;mq;mq;mq;mq;mq;mq;4.100000;-10;mq;mq;mq;mq;0.000000;mq;mq;mq;0.000000;710.000000;1104.000000;mq;mq;mq;mq;mq;mq;mq;mq;mq;mq;mq;mq;mq;mq;
61970;20110904060000;101740;mq;mq;mq;mq;299.650000;294.850000;75;mq;mq;mq;mq;mq;mq;mq;mq;mq;mq;mq;mq;mq;mq;297.050000;mq;mq;mq;mq;mq;mq;mq;mq;mq;mq;mq;mq;mq;0.000000;mq;mq;mq;0.000000;mq;mq;mq;mq;mq;mq;mq;mq;mq;mq;mq;mq;mq;mq;mq;mq;
61972;20110904060000;101900;mq;mq;160;4.100000;297.050000;293.150000;79;mq;mq;mq;mq;mq;mq;mq;mq;mq;mq;mq;mq;mq;mq;293.250000;mq;mq;mq;mq;mq;mq;mq;10.300000;-10;mq;mq;mq;mq;0.000000;mq;mq;mq;0.000000;710.000000;1110.000000;mq;mq;mq;mq;mq;mq;mq;mq;mq;mq;mq;mq;mq;mq;
61976;20110904060000;101770;mq;mq;110;7.200000;299.250000;292.150000;65;mq;mq;mq;mq;mq;mq;mq;mq;mq;mq;101620;mq;mq;40;mq;mq;mq;mq;mq;mq;mq;mq;mq;mq;mq;mq;mq;mq;mq;mq;mq;mq;mq;mq;mq;mq;mq;mq;mq;mq;mq;mq;mq;mq;mq;mq;mq;mq;mq;
61980;20110904060000;101940;mq;mq;90;7.200000;297.350000;291.950000;72;10000;2;1;1;75;6;800;38;20;10;mq;mq;mq;mq;292.050000;mq;mq;mq;290.150000;mq;mq;mq;11.300000;-10;mq;mq;mq;mq;0.000000;mq;mq;mq;0.000000;710.000000;1111.000000;2437.000000;mq;3;8;750;5;6;2400;mq;mq;mq;mq;mq;mq;
61996;20110904060000;mq;mq;mq;310;9.800000;287.850000;mq;mq;mq;mq;mq;mq;mq;mq;mq;mq;mq;mq;mq;mq;mq;mq;284.350000;mq;mq;mq;283.150000;mq;mq;mq;13.400000;-10;mq;mq;mq;mq;0.000000;mq;mq;mq;0.000000;710.000000;1113.000000;mq;mq;mq;mq;mq;mq;mq;mq;mq;mq;mq;mq;mq;mq;
61997;20110904060000;97640;mq;mq;270;15.900000;272.450000;270.250000;83;mq;mq;mq;mq;mq;mq;mq;mq;mq;mq;mq;mq;mq;mq;271.150000;mq;mq;mq;271.150000;mq;mq;mq;28.800000;-60;mq;mq;mq;mq;mq;mq;mq;mq;26.000000;1129.000000;mq;mq;mq;mq;mq;mq;mq;mq;mq;mq;mq;mq;mq;mq;mq;
61998;20110904060000;97280;mq;mq;330;14.900000;280.650000;278.650000;87;3000;61;6;6;100;8;450;37;61;60;mq;mq;mq;mq;280.650000;mq;mq;mq;280.150000;mq;mq;mq;23.100000;-10;mq;mq;mq;mq;0.600000;mq;mq;mq;15.000000;710.000000;1123.000000;mq;mq;8;7;300;mq;mq;mq;mq;mq;mq;mq;mq;mq;
67005;20110904060000;101640;mq;mq;170;3.100000;300.850000;292.650000;61;30000;2;1;1;40;3;800;38;20;11;mq;mq;mq;mq;295.550000;mq;mq;mq;293.150000;mq;mq;mq;4.600000;-10;mq;mq;mq;mq;0.000000;mq;mq;mq;0.000000;710.000000;1105.000000;mq;mq;2;8;690;mq;mq;mq;mq;mq;mq;mq;mq;mq;
71805;20110904060000;101010;-30;5;270;4.100000;289.150000;288.950000;99;40000;0;mq;mq;mq;mq;150;mq;mq;mq;100930;mq;mq;mq;mq;287.350000;mq;291.250000;284.150000;mq;mq;mq;7.700000;-10;mq;mq;mq;mq;0.000000;0.000000;mq;0.000000;0.200000;710.000000;1108.000000;mq;mq;mq;mq;mq;mq;mq;mq;mq;mq;mq;mq;mq;mq;
78897;20110904060000;101240;-180;6;0;0.000000;297.150000;296.150000;94;30000;2;1;1;75;1;800;32;20;12;mq;mq;mq;mq;mq;296.750000;mq;305.450000;275.150000;mq;mq;mq;mq;mq;mq;mq;mq;mq;mq;mq;0.000000;mq;0.200000;mq;mq;mq;mq;1;8;780;6;0;7800;mq;mq;mq;mq;mq;mq;
78922;20110904060000;101210;-180;6;340;2.100000;300.350000;295.950000;77;mq;mq;mq;mq;mq;mq;mq;mq;mq;mq;100770;mq;mq;mq;mq;mq;mq;mq;mq;mq;mq;mq;mq;mq;mq;mq;mq;mq;mq;mq;mq;mq;mq;mq;mq;mq;mq;mq;mq;mq;mq;mq;mq;mq;mq;mq;mq;mq;mq;
78925;20110904060000;101240;-170;8;0;0.000000;297.050000;296.750000;98;16000;0;mq;mq;mq;mq;mq;mq;mq;mq;mq;mq;mq;mq;mq;296.450000;mq;305.850000;mq;mq;mq;mq;mq;mq;mq;mq;mq;mq;mq;mq;0.000000;mq;0.200000;mq;mq;mq;mq;mq;mq;mq;mq;mq;mq;mq;mq;mq;mq;mq;mq;
81401;20110904060000;101300;mq;mq;0;0.000000;295.850000;295.050000;95;mq;mq;mq;mq;mq;mq;mq;mq;mq;mq;101240;mq;mq;mq;mq;mq;mq;mq;mq;mq;mq;mq;mq;mq;mq;mq;mq;mq;mq;0.200000;0.200000;mq;mq;mq;mq;mq;mq;mq;mq;mq;mq;mq;mq;mq;mq;mq;mq;mq;mq;
81405;20110904060000;101270;mq;mq;0;0.000000;296.950000;296.450000;97;25000;0;mq;mq;mq;mq;2250;mq;mq;mq;101180;mq;mq;mq;mq;mq;mq;mq;296.150000;mq;mq;mq;mq;mq;mq;mq;mq;mq;mq;0.000000;0.000000;mq;mq;mq;mq;mq;mq;mq;mq;mq;mq;mq;mq;mq;mq;mq;mq;mq;mq;
81408;20110904060000;101250;mq;mq;0;0.000000;296.250000;295.550000;96;mq;mq;mq;mq;mq;mq;mq;mq;mq;mq;101170;mq;mq;mq;mq;mq;mq;mq;mq;mq;mq;mq;mq;mq;mq;mq;mq;mq;mq;0.000000;0.000000;mq;mq;mq;mq;mq;mq;mq;mq;mq;mq;mq;mq;mq;mq;mq;mq;mq;mq;
89642;20110904060000;96680;-90;5;130;22.600000;265.150000;263.550000;87;50;71;7;7;101;mq;mq;62;61;60;96150;mq;mq;mq;mq;mq;mq;mq;274.150000;mq;mq;34.500000;38.600000;-60;mq;mq;mq;mq;mq;mq;mq;mq;mq;1034.000000;1139.000000;mq;mq;mq;mq;mq;mq;mq;mq;mq;mq;mq;mq;mq;mq;
07005;20110904090000;100940;30;3;170;4.100000;291.250000;289.950000;92;18000;2;1;1;100;3;800;38;27;12;100080;mq;mq;mq;mq;mq;mq;mq;mq;mq;mq;mq;6.200000;-10;mq;mq;0.000000;-30;0.000000;0.000000;mq;mq;mq;710.000000;1106.000000;3100.000000;mq;2;8;600;5;3;3000;6;0;7500;mq;mq;mq;
07015;20110904090000;100990;100;1;200;3.100000;290.250000;289.250000;94;6000;80;8;6;90;6;250;38;27;60;100440;mq;mq;mq;mq;mq;mq;mq;mq;mq;mq;mq;4.600000;-10;mq;mq;0.000000;-30;0.600000;0.800000;mq;mq;mq;710.000000;1105.000000;3100.000000;mq;4;8;240;5;6;1200;5;3;3000;mq;mq;mq;
07020;20110904090000;100850;130;3;290;6.700000;288.450000;286.850000;90;mq;mq;mq;mq;mq;mq;mq;mq;mq;mq;100590;mq;mq;mq;mq;mq;mq;mq;mq;mq;mq;mq;13.400000;-10;mq;mq;mq;mq;0.400000;3.000000;mq;mq;mq;710.000000;1113.000000;mq;mq;mq;mq;mq;mq;mq;mq;mq;mq;mq;mq;mq;mq;
07027;20110904090000;100850;10;2;170;8.200000;291.250000;289.250000;88;20000;60;8;6;90;5;450;38;27;60;100070;mq;mq;mq;mq;mq;mq;mq;mq;mq;mq;mq;12.300000;-10;mq;mq;0.000000;-30;0.200000;0.200000;mq;mq;mq;710.000000;1112.000000;3100.000000;mq;4;8;480;5;6;1800;7;3;2700;mq;mq;mq;
07037;20110904090000;100980;40;3;170;4.600000;290.650000;288.650000;88;19000;0;mq;mq;75;mq;450;mq;mq;mq;99210;mq;mq;mq;mq;mq;mq;mq;mq;mq;mq;mq;7.200000;-10;mq;mq;mq;mq;0.000000;0.000000;mq;mq;mq;710.000000;1107.000000;mq;mq;mq;mq;mq;mq;mq;mq;mq;mq;mq;mq;mq;mq;
07110;20110904090000;101070;120;1;250;5.700000;289.650000;284.150000;70;25000;2;1;1;40;3;800;38;20;11;99950;mq;mq;mq;mq;mq;mq;mq;mq;mq;mq;mq;9.300000;-10;mq;mq;0.000000;-30;0.000000;0.000000;mq;mq;mq;710.000000;1109.000000;3100.000000;mq;3;8;750;mq;mq;mq;mq;mq;mq;mq;mq;mq;
07130;20110904090000;101020;170;3;290;7.200000;288.150000;287.150000;94;9000;60;mq;mq;100;mq;450;mq;mq;mq;100510;mq;mq;mq;mq;mq;mq;mq;mq;mq;mq;mq;14.900000;-10;mq;mq;mq;mq;0.800000;11.000000;mq;mq;mq;710.000000;1115.000000;mq;mq;mq;mq;mq;mq;mq;mq;mq;mq;mq;mq;mq;mq;
07139;20110904090000;101040;0;5;190;4.600000;289.850000;288.550000;92;4000;61;6;2;100;8;150;37;61;60;99350;mq;mq;mq;mq;mq;mq;mq;mq;mq;mq;mq;8.700000;-10;mq;mq;0.000000;-30;2.000000;2.000000;mq;mq;mq;710.000000;1109.000000;3100.000000;mq;7;7;120;mq;mq;mq;mq;mq;mq;mq;mq;mq;
07149;20110904090000;101140;80;3;230;5.700000;292.250000;290.050000;87;15000;3;6;2;90;7;450;38;61;60;100090;mq;mq;mq;mq;mq;mq;mq;mq;mq;mq;mq;8.700000;-10;mq;mq;0.000000;-30;0.000000;0.200000;mq;mq;mq;710.000000;1109.000000;3100.000000;mq;4;8;300;6;6;1500;mq;mq;mq;mq;mq;mq;
07168;20110904090000;101260;140;3;220;2.600000;291.650000;289.850000;89;25000;2;1;1;100;7;450;38;61;60;99880;mq;mq;mq;mq;mq;mq;mq;mq;mq;mq;mq;5.100000;-10;mq;mq;0.000000;-30;0.000000;0.000000;mq;mq;mq;710.000000;1105.000000;3100.000000;mq;5;8;360;7;6;1200;mq;mq;mq;mq;mq;mq;
07181;20110904090000;101170;70;3;220;4.600000;292.950000;290.550000;86;45000;0;mq;mq;100;mq;450;mq;mq;mq;97250;mq;mq;mq;mq;mq;mq;mq;mq;mq;mq;mq;7.200000;-10;mq;mq;mq;mq;0.000000;0.000000;mq;mq;mq;710.000000;1107.000000;mq;mq;mq;mq;mq;mq;mq;mq;mq;mq;mq;mq;mq;mq;
07190;20110904090000;101160;0;0;190;3.600000;295.750000;291.550000;77;60000;0;mq;mq;75;mq;mq;mq;mq;mq;99430;mq;mq;mq;mq;mq;mq;mq;mq;mq;mq;mq;5.700000;-10;mq;mq;mq;mq;0.000000;0.000000;mq;mq;mq;710.000000;1106.000000;mq;mq;mq;mq;mq;mq;mq;mq;mq;mq;mq;mq;mq;mq;
07207;20110904090000;mq;mq;mq;290;8.200000;289.550000;285.550000;77;15000;2;8;2;90;7;800;38;61;60;mq;mq;mq;mq;mq;mq;mq;mq;mq;mq;mq;13.900000;13.900000;-10;mq;mq;mq;mq;0.200000;0.200000;mq;mq;mq;1014.000000;710.000000;1114.000000;2437.000000;mq;mq;mq;mq;mq;mq;mq;mq;mq;mq;mq;mq;
07222;20110904090000;101160;170;3;280;7.200000;290.750000;287.050000;79;25000;1;9;6;90;7;450;38;20;10;100850;mq;mq;mq;mq;mq;mq;mq;mq;mq;mq;mq;10.800000;-10;mq;mq;mq;mq;0.000000;6.000000;mq;mq;mq;710.000000;1111.000000;mq;mq;1;8;390;7;6;1200;mq;mq;mq;mq;mq;mq;
07240;20110904090000;101220;70;3;190;4.600000;290.450000;289.450000;94;2700;61;mq;mq;100;mq;450;mq;mq;mq;99910;mq;mq;mq;mq;mq;mq;mq;mq;mq;mq;mq;10.300000;-10;mq;mq;mq;mq;0.600000;0.600000;mq;mq;mq;710.000000;1110.000000;mq;mq;mq;mq;mq;mq;mq;mq;mq;mq;mq;mq;mq;mq;
07255;20110904090000;101330;60;3;210;2.600000;292.150000;288.050000;77;25000;2;1;1;100;2;450;31;27;60;99400;mq;mq;mq;mq;mq;mq;mq;mq;mq;mq;mq;4.100000;-10;mq;mq;0.000000;-30;0.000000;0.000000;mq;mq;mq;710.000000;1104.000000;3100.000000;mq;2;8;390;8;3;2400;mq;mq;mq;mq;mq;mq;
07280;20110904090000;101260;80;3;200;0.500000;292.550000;291.050000;91;35000;0;mq;mq;100;mq;800;mq;mq;mq;98640;mq;mq;mq;mq;mq;mq;mq;mq;mq;mq;mq;3.100000;-10;mq;mq;mq;mq;2.000000;2.000000;mq;mq;mq;710.000000;1103.000000;mq;mq;mq;mq;mq;mq;mq;mq;mq;mq;mq;mq;mq;mq;
07299;20110904090000;101200;0;4;110;2.100000;294.950000;291.750000;82;20000;2;1;1;90;1;450;38;23;12;98090;mq;mq;mq;mq;mq;mq;mq;mq;mq;mq;mq;3.100000;-10;mq;mq;0.000000;-30;0.000000;0.000000;mq;mq;mq;710.000000;1103.000000;3100.000000;mq;1;8;480;5;3;3000;7;0;6000;mq;mq;mq;
07314;20110904090000;101310;110;3;280;9.300000;292.150000;290.450000;90;25000;2;1;1;75;6;450;36;20;10;101040;mq;mq;mq;mq;mq;mq;mq;mq;mq;mq;mq;12.900000;-10;mq;mq;mq;mq;0.600000;2.000000;mq;mq;mq;710.000000;1113.000000;2448.000000;mq;6;7;390;mq;mq;mq;mq;mq;mq;mq;mq;mq;
07335;20110904090000;101270;50;3;210;5.100000;293.550000;290.350000;82;30000;21;6;2;90;6;450;38;23;60;99880;mq;mq;mq;mq;mq;mq;mq;mq;mq;mq;mq;10.800000;-10;mq;mq;0.000000;-30;0.200000;0.200000;mq;mq;mq;710.000000;1111.000000;3100.000000;mq;5;8;480;3;6;1080;mq;mq;mq;mq;mq;mq;
07434;20110904090000;101380;80;3;160;2.100000;289.650000;288.550000;93;15000;21;6;2;100;6;250;38;27;60;96730;mq;mq;mq;mq;mq;mq;mq;mq;mq;mq;mq;3.600000;-10;mq;mq;0.000000;-30;0.000000;0.200000;mq;mq;mq;710.000000;1104.000000;3100.000000;mq;4;8;240;3;6;810;7;3;2400;mq;mq;mq;
07460;20110904090000;101310;110;3;100;1.500000;291.850000;290.150000;90;12000;80;8;6;100;7;450;35;61;60;97560;mq;mq;mq;mq;mq;mq;mq;mq;mq;mq;mq;2.100000;-10;mq;mq;0.000000;-30;0.400000;0.400000;mq;mq;mq;710.000000;1102.000000;3100.000000;mq;1;7;300;5;6;390;mq;mq;mq;mq;mq;mq;
07471;20110904090000;mq;80;3;50;0.500000;292.250000;287.750000;75;35000;2;1;1;90;4;800;38;27;60;91940;85000;17470;mq;mq;mq;mq;mq;mq;mq;mq;mq;2.100000;-10;mq;mq;0.000000;-30;0.000000;0.000000;mq;mq;mq;710.000000;1102.000000;3100.000000;mq;3;8;600;7;3;3000;mq;mq;mq;mq;mq;mq;
07481;20110904090000;101210;90;3;290;1.500000;295.350000;291.950000;81;20000;2;1;1;90;1;1750;38;61;60;98470;mq;mq;mq;mq;mq;mq;mq;mq;mq;mq;mq;2.600000;-10;mq;mq;0.000000;-30;0.000000;0.000000;mq;mq;mq;710.000000;1103.000000;3100.000000;mq;1;8;1500;7;6;2100;mq;mq;mq;mq;mq;mq;
07510;20110904090000;101420;110;3;240;4.600000;294.650000;291.650000;83;30000;2;1;1;75;5;450;38;27;10;100790;mq;mq;mq;mq;mq;mq;mq;mq;mq;mq;mq;7.200000;-10;mq;mq;0.000000;-30;0.000000;0.000000;mq;mq;mq;710.000000;1107.000000;3100.000000;mq;4;8;480;4;6;2100;5;3;3300;mq;mq;mq;
07535;20110904090000;101380;110;3;270;1.500000;293.350000;289.750000;80;10000;2;1;1;90;2;800;35;25;60;98380;mq;mq;mq;mq;mq;mq;mq;mq;mq;mq;mq;4.100000;-10;mq;mq;0.000000;-30;0.000000;0.000000;mq;mq;mq;710.000000;1104.000000;3100.000000;mq;2;6;690;7;3;2400;mq;mq;mq;mq;mq;mq;
07558;20110904090000;101210;80;2;160;1.500000;292.250000;289.450000;84;20000;2;1;1;75;2;800;31;27;10;93210;mq;mq;mq;mq;mq;mq;mq;mq;mq;mq;mq;2.600000;-10;mq;mq;0.000000;-30;0.000000;0.000000;mq;mq;mq;710.000000;1103.000000;3100.000000;mq;2;8;600;5;3;3000;mq;mq;mq;mq;mq;mq;
07577;20110904090000;101270;100;2;310;0.500000;294.750000;292.350000;86;20000;2;1;1;90;6;800;32;27;60;100410;mq;mq;mq;mq;mq;mq;mq;mq;mq;mq;mq;1.000000;-10;mq;mq;0.000000;-30;0.000000;0.000000;mq;mq;mq;710.000000;1101.000000;3100.000000;mq;2;8;900;6;6;1200;6;3;3000;mq;mq;mq;
07591;20110904090000;mq;30;0;20;4.100000;290.450000;288.650000;89;mq;61;mq;mq;mq;mq;mq;mq;mq;mq;91510;mq;mq;mq;mq;mq;mq;mq;mq;mq;mq;mq;7.200000;-10;mq;mq;mq;mq;0.800000;1.000000;mq;mq;mq;710.000000;1107.000000;mq;mq;mq;mq;mq;mq;mq;mq;mq;mq;mq;mq;mq;mq;
07607;20110904090000;101490;140;3;270;1.500000;293.750000;289.950000;79;19000;0;mq;mq;75;mq;2250;mq;mq;mq;100800;mq;mq;mq;mq;mq;mq;mq;mq;mq;mq;mq;2.600000;-10;mq;mq;mq;mq;0.000000;0.200000;mq;mq;mq;710.000000;1103.000000;mq;mq;mq;mq;mq;mq;mq;mq;mq;mq;mq;mq;mq;mq;
07621;20110904090000;101430;110;3;320;1.500000;292.850000;289.150000;79;18000;2;1;1;75;6;450;38;20;10;97260;mq;mq;mq;mq;mq;mq;mq;mq;mq;mq;mq;3.600000;-10;mq;mq;0.000000;-30;0.000000;0.000000;mq;mq;mq;710.000000;1104.000000;3100.000000;mq;5;8;480;3;6;2400;mq;mq;mq;mq;mq;mq;
07627;20110904090000;101420;100;3;280;0.500000;291.150000;288.950000;87;8000;2;6;2;100;8;450;38;61;60;96700;mq;mq;mq;mq;mq;mq;mq;mq;mq;mq;mq;2.100000;-10;mq;mq;0.000000;-30;0.000000;0.600000;mq;mq;mq;710.000000;1102.000000;3100.000000;mq;5;8;390;8;6;780;mq;mq;mq;mq;mq;mq;
07630;20110904090000;101410;100;1;280;2.100000;293.050000;289.450000;80;30000;2;1;1;90;3;1250;35;27;60;99670;mq;mq;mq;mq;mq;mq;mq;mq;mq;mq;mq;3.100000;-10;mq;mq;0.000000;-30;0.000000;0.000000;mq;mq;mq;710.000000;1103.000000;3100.000000;mq;1;6;1200;3;6;1500;5;3;2400;mq;mq;mq;
07643;20110904090000;101270;80;3;20;4.600000;294.450000;292.750000;90;30000;1;9;8;100;8;450;32;27;60;101180;mq;mq;mq;mq;mq;mq;mq;mq;mq;mq;mq;7.200000;-10;mq;mq;mq;mq;0.000000;10.000000;mq;mq;mq;710.000000;1107.000000;mq;mq;2;8;390;8;3;2700;mq;mq;mq;mq;mq;mq;
07650;20110904090000;101320;140;3;200;2.100000;294.050000;292.150000;89;40000;15;6;2;100;7;250;39;61;60;100950;mq;mq;mq;mq;mq;mq;mq;mq;mq;mq;mq;3.600000;-10;mq;mq;0.000000;-30;0.000000;6.000000;mq;mq;mq;710.000000;1104.000000;3100.000000;mq;1;8;180;3;8;330;1;9;390;6;6;780;
07661;20110904090000;101240;60;3;110;2.600000;294.850000;292.250000;85;30000;1;9;6;90;7;800;37;20;10;99700;mq;mq;mq;mq;mq;mq;mq;mq;mq;mq;mq;8.200000;-10;mq;mq;mq;mq;0.000000;3.000000;mq;mq;mq;710.000000;1108.000000;mq;mq;7;7;600;mq;mq;mq;mq;mq;mq;mq;mq;mq;
07690;20110904090000;101340;80;3;110;5.100000;296.250000;293.550000;85;3500;63;6;2;100;8;450;39;61;60;101020;mq;mq;mq;mq;mq;mq;mq;mq;mq;mq;mq;6.700000;-10;mq;mq;0.000000;-30;4.000000;4.000000;mq;mq;mq;710.000000;1107.000000;3100.000000;mq;5;8;390;1;9;900;7;6;990;mq;mq;mq;
07747;20110904090000;101260;120;3;310;4.600000;296.750000;289.550000;64;40000;2;1;1;90;7;1250;38;20;11;100750;mq;mq;mq;mq;mq;mq;mq;mq;mq;mq;mq;9.300000;-10;mq;mq;mq;mq;0.000000;0.000000;mq;mq;mq;710.000000;1109.000000;mq;mq;4;8;1320;6;6;2400;6;0;7500;mq;mq;mq;
07761;20110904090000;101350;130;3;240;6.700000;298.650000;291.550000;65;20000;21;6;2;90;1;800;38;28;60;101250;mq;mq;mq;mq;mq;mq;mq;mq;mq;mq;mq;9.800000;-10;mq;mq;0.000000;-30;0.000000;0.000000;mq;mq;mq;710.000000;1110.000000;3100.000000;mq;1;8;900;6;6;1800;5;3;4200;mq;mq;mq;
07790;20110904090000;101380;40;3;30;1.000000;299.050000;292.450000;67;15000;3;6;2;75;1;450;38;28;12;101240;mq;mq;mq;mq;mq;mq;mq;mq;mq;mq;mq;4.600000;-10;mq;mq;0.000000;-30;0.000000;0.800000;mq;mq;mq;710.000000;1105.000000;3100.000000;mq;1;8;480;4;3;3900;6;0;6900;mq;mq;mq;
61970;20110904090000;101670;mq;mq;mq;mq;302.050000;294.250000;63;mq;mq;mq;mq;mq;mq;mq;mq;mq;mq;mq;mq;mq;80;mq;mq;mq;mq;mq;mq;mq;mq;mq;mq;mq;mq;mq;mq;0.000000;0.000000;mq;mq;mq;mq;mq;mq;mq;mq;mq;mq;mq;mq;mq;mq;mq;mq;mq;mq;mq;
61972;20110904090000;101820;mq;mq;140;4.600000;299.850000;292.450000;64;mq;mq;mq;mq;mq;mq;mq;mq;mq;mq;mq;mq;mq;150;mq;mq;mq;mq;mq;mq;mq;mq;8.200000;-10;mq;mq;mq;mq;0.000000;0.000000;mq;mq;mq;710.000000;1108.000000;mq;mq;mq;mq;mq;mq;mq;mq;mq;mq;mq;mq;mq;mq;
61976;20110904090000;101600;mq;mq;100;6.200000;300.050000;292.650000;64;mq;mq;mq;mq;mq;mq;mq;mq;mq;mq;101450;mq;mq;40;mq;mq;mq;mq;mq;mq;mq;mq;mq;mq;mq;mq;mq;mq;mq;0.000000;mq;mq;mq;mq;mq;mq;mq;mq;mq;mq;mq;mq;mq;mq;mq;mq;mq;mq;mq;
61980;20110904090000;101800;mq;mq;80;9.800000;299.050000;292.950000;69;10000;2;1;1;60;2;800;32;23;10;mq;mq;mq;mq;mq;mq;mq;mq;mq;mq;mq;mq;12.900000;-10;mq;mq;mq;mq;0.000000;0.000000;mq;mq;mq;710.000000;1113.000000;2437.000000;mq;2;8;900;4;3;2700;mq;mq;mq;mq;mq;mq;
61996;20110904090000;102180;mq;mq;310;9.800000;288.150000;288.150000;100;mq;mq;mq;mq;mq;mq;mq;mq;mq;mq;mq;mq;mq;mq;mq;mq;mq;mq;mq;mq;mq;mq;14.900000;-10;mq;mq;mq;mq;0.000000;0.000000;mq;mq;mq;710.000000;1115.000000;mq;mq;mq;mq;mq;mq;mq;mq;mq;mq;mq;mq;mq;mq;
61997;20110904090000;97840;mq;mq;270;15.900000;273.950000;268.950000;69;mq;mq;mq;mq;mq;mq;mq;mq;mq;mq;mq;mq;mq;1100;mq;mq;mq;mq;mq;mq;mq;mq;30.400000;-30;mq;mq;mq;mq;mq;0.000000;mq;mq;mq;1130.000000;mq;mq;mq;mq;mq;mq;mq;mq;mq;mq;mq;mq;mq;mq;mq;
61998;20110904090000;97380;mq;mq;310;19.500000;279.850000;272.850000;61;17000;21;6;2;60;5;800;31;20;11;mq;mq;mq;mq;mq;mq;mq;mq;mq;mq;mq;mq;27.300000;-10;mq;mq;mq;mq;0.000000;0.000000;mq;mq;mq;710.000000;1127.000000;mq;mq;5;8;690;mq;mq;mq;mq;mq;mq;mq;mq;mq;
67005;20110904090000;101530;mq;mq;170;4.100000;301.450000;293.450000;62;30000;2;1;1;50;4;800;38;20;10;mq;mq;mq;70;mq;mq;mq;mq;mq;mq;mq;mq;6.200000;-10;mq;mq;mq;mq;0.000000;0.000000;mq;mq;mq;710.000000;1106.000000;mq;mq;4;8;690;mq;mq;mq;mq;mq;mq;mq;mq;mq;
71805;20110904090000;101070;60;3;250;4.100000;288.850000;288.650000;99;10000;2;1;1;75;4;250;36;23;10;100990;mq;mq;mq;mq;mq;mq;mq;mq;mq;mq;mq;6.200000;-10;mq;mq;0.000000;-30;0.000000;0.000000;mq;mq;mq;710.000000;1106.000000;3100.000000;mq;3;7;240;5;3;3000;mq;mq;mq;mq;mq;mq;
78897;20110904090000;101250;10;3;130;1.500000;296.250000;295.250000;94;20000;0;mq;mq;mq;mq;mq;mq;mq;mq;mq;mq;mq;mq;mq;mq;mq;mq;mq;mq;mq;mq;mq;mq;mq;mq;mq;mq;mq;mq;mq;mq;mq;mq;mq;mq;mq;mq;mq;mq;mq;mq;mq;mq;mq;mq;mq;mq;mq;
78922;20110904090000;101250;40;3;270;2.100000;299.650000;296.350000;82;mq;mq;mq;mq;mq;mq;mq;mq;mq;mq;100810;mq;mq;mq;mq;mq;mq;mq;mq;mq;mq;mq;mq;mq;mq;mq;mq;mq;mq;mq;mq;mq;mq;mq;mq;mq;mq;mq;mq;mq;mq;mq;mq;mq;mq;mq;mq;mq;mq;
78925;20110904090000;101280;40;3;80;1.000000;296.450000;296.250000;99;15000;0;mq;mq;mq;mq;mq;mq;mq;mq;mq;mq;mq;mq;mq;mq;mq;mq;mq;mq;mq;mq;mq;mq;mq;mq;mq;mq;mq;mq;mq;mq;mq;mq;mq;mq;mq;mq;mq;mq;mq;mq;mq;mq;mq;mq;mq;mq;mq;
81401;20110904090000;101340;mq;mq;220;1.000000;295.850000;295.050000;95;mq;mq;mq;mq;mq;mq;mq;mq;mq;mq;101280;mq;mq;mq;mq;mq;mq;mq;mq;mq;mq;mq;mq;mq;mq;mq;mq;mq;mq;0.000000;mq;mq;mq;mq;mq;mq;mq;mq;mq;mq;mq;mq;mq;mq;mq;mq;mq;mq;mq;
81405;20110904090000;101360;mq;mq;0;0.000000;296.750000;296.450000;98;24000;0;mq;mq;100;mq;450;mq;mq;mq;101270;mq;mq;mq;mq;mq;mq;mq;mq;mq;mq;mq;mq;mq;mq;mq;mq;mq;mq;0.000000;mq;mq;mq;mq;mq;mq;mq;mq;mq;mq;mq;mq;mq;mq;mq;mq;mq;mq;mq;
81408;20110904090000;101310;mq;mq;0;0.000000;295.750000;295.250000;97;mq;mq;mq;mq;mq;mq;mq;mq;mq;mq;101230;mq;mq;mq;mq;mq;mq;mq;mq;mq;mq;mq;mq;mq;mq;mq;mq;mq;mq;0.000000;mq;mq;mq;mq;mq;mq;mq;mq;mq;mq;mq;mq;mq;mq;mq;mq;mq;mq;mq;
89642;20110904090000;96770;90;0;130;23.100000;264.650000;263.050000;87;50;71;7;7;101;mq;mq;62;61;60;96240;mq;mq;mq;mq;mq;mq;mq;mq;mq;mq;35.000000;38.100000;-30;mq;mq;mq;mq;mq;mq;mq;mq;mq;1035.000000;1138.000000;mq;mq;mq;mq;mq;mq;mq;mq;mq;mq;mq;mq;mq;mq;
07005;20110904120000;100940;0;5;180;5.700000;293.050000;288.050000;73;35000;2;1;1;100;8;800;38;61;60;100080;mq;mq;mq;mq;mq;mq;mq;mq;mq;mq;mq;9.800000;-10;mq;mq;0.000000;-60;0.000000;0.000000;0.000000;mq;mq;710.000000;1110.000000;3100.000000;mq;5;8;780;8;6;1200;mq;mq;mq;mq;mq;mq;
07015;20110904120000;100960;-30;8;190;5.700000;293.750000;289.350000;76;20000;3;8;6;90;7;450;38;61;60;100410;mq;mq;mq;mq;mq;mq;mq;mq;mq;mq;mq;8.200000;-10;mq;mq;0.000000;-60;0.000000;0.000000;0.800000;mq;mq;710.000000;1108.000000;3100.000000;mq;3;8;510;7;6;1200;mq;mq;mq;mq;mq;mq;
07020;20110904120000;101020;170;1;260;8.700000;289.350000;283.450000;68;18000;1;6;2;75;4;800;35;23;60;100760;mq;mq;mq;mq;mq;mq;mq;mq;mq;mq;mq;11.300000;-10;mq;mq;mq;mq;0.000000;0.000000;3.000000;mq;mq;710.000000;1111.000000;mq;mq;4;6;780;mq;mq;mq;mq;mq;mq;mq;mq;mq;
07027;20110904120000;100980;120;3;260;8.200000;289.550000;286.250000;81;40000;21;8;6;100;5;450;38;26;60;100190;mq;mq;mq;mq;mq;mq;mq;mq;mq;mq;mq;12.900000;-10;mq;mq;0.000000;-60;0.200000;0.800000;1.000000;mq;mq;710.000000;1113.000000;3100.000000;mq;2;8;330;4;8;690;6;3;3300;mq;mq;mq;
07037;20110904120000;100990;10;2;180;5.100000;290.250000;289.750000;97;6000;61;6;2;90;7;450;38;23;10;99220;mq;mq;mq;mq;mq;mq;mq;mq;mq;mq;mq;9.300000;-10;mq;mq;0.000000;-60;0.400000;0.400000;0.400000;mq;mq;710.000000;1109.000000;3100.000000;mq;5;8;420;5;6;1170;5;3;3300;mq;mq;mq;
07110;20110904120000;101080;20;1;220;10.300000;291.150000;283.950000;63;25000;2;1;1;75;5;800;38;20;11;99970;mq;mq;mq;mq;mq;mq;mq;mq;mq;mq;mq;13.900000;-10;mq;mq;0.000000;-60;0.000000;0.000000;0.000000;mq;mq;710.000000;1114.000000;3100.000000;mq;4;8;870;4;6;1380;mq;mq;mq;mq;mq;mq;
07130;20110904120000;101190;170;1;260;5.100000;290.650000;284.450000;67;50000;0;mq;mq;100;mq;1750;mq;mq;mq;100680;mq;mq;mq;mq;mq;mq;mq;mq;mq;mq;mq;8.200000;-10;mq;mq;mq;mq;0.000000;0.000000;11.000000;mq;mq;710.000000;1108.000000;mq;mq;mq;mq;mq;mq;mq;mq;mq;mq;mq;mq;mq;mq;
07139;20110904120000;100960;-60;8;200;6.200000;293.050000;289.050000;78;15000;1;6;2;90;7;450;32;61;60;99290;mq;mq;mq;mq;mq;mq;mq;mq;mq;mq;mq;9.300000;-10;mq;mq;0.000000;-60;0.000000;0.400000;2.000000;mq;mq;710.000000;1109.000000;3100.000000;mq;7;8;330;mq;mq;mq;mq;mq;mq;mq;mq;mq;
07149;20110904120000;101140;0;0;210;5.100000;293.350000;288.350000;73;11000;3;6;2;90;7;800;38;61;60;100090;mq;mq;mq;mq;mq;mq;mq;mq;mq;mq;mq;9.300000;-10;mq;mq;0.000000;-60;0.000000;0.000000;0.200000;mq;mq;710.000000;1109.000000;3100.000000;mq;4;8;630;6;6;1200;mq;mq;mq;mq;mq;mq;
07168;20110904120000;101220;-20;8;210;5.700000;295.850000;287.950000;61;25000;2;1;1;90;7;800;38;61;60;99860;mq;mq;mq;mq;mq;mq;mq;mq;mq;mq;mq;8.200000;-10;mq;mq;0.000000;-60;0.000000;0.000000;0.000000;mq;mq;710.000000;1108.000000;3100.000000;mq;5;8;750;6;6;1380;mq;mq;mq;mq;mq;mq;
07181;20110904120000;101190;10;3;260;4.100000;292.250000;290.950000;92;16000;61;mq;mq;100;mq;450;mq;mq;mq;97260;mq;mq;mq;mq;mq;mq;mq;mq;mq;mq;mq;7.200000;-10;mq;mq;mq;mq;0.200000;0.400000;0.400000;mq;mq;710.000000;1107.000000;mq;mq;mq;mq;mq;mq;mq;mq;mq;mq;mq;mq;mq;mq;
07190;20110904120000;101090;-60;6;190;2.100000;298.150000;291.550000;67;55000;0;mq;mq;75;mq;1250;mq;mq;mq;99370;mq;mq;mq;mq;mq;mq;mq;mq;mq;mq;mq;5.700000;-10;mq;mq;mq;mq;0.000000;0.000000;0.000000;mq;mq;710.000000;1106.000000;mq;mq;mq;mq;mq;mq;mq;mq;mq;mq;mq;mq;mq;mq;
07207;20110904120000;mq;mq;mq;280;6.200000;291.550000;284.350000;63;15000;2;1;1;50;4;800;38;20;10;mq;mq;mq;mq;mq;mq;mq;mq;mq;mq;mq;mq;10.800000;-10;mq;mq;mq;mq;0.000000;0.000000;0.200000;mq;mq;710.000000;1111.000000;2437.000000;mq;mq;mq;mq;mq;mq;mq;mq;mq;mq;mq;mq;mq;
07222;20110904120000;101300;140;1;280;5.700000;292.350000;284.350000;60;25000;3;9;6;50;4;1250;38;20;10;100990;mq;mq;mq;mq;mq;mq;mq;mq;mq;mq;mq;10.800000;-10;mq;mq;mq;mq;0.000000;0.000000;6.000000;mq;mq;710.000000;1111.000000;mq;mq;3;8;1170;mq;mq;mq;mq;mq;mq;mq;mq;mq;
07240;20110904120000;101120;-80;8;190;5.100000;295.050000;290.850000;77;19000;0;mq;mq;90;mq;800;mq;mq;mq;99830;mq;mq;mq;mq;mq;mq;mq;mq;mq;mq;mq;9.800000;-10;mq;mq;mq;mq;0.000000;3.000000;3.000000;mq;mq;710.000000;1110.000000;mq;mq;mq;mq;mq;mq;mq;mq;mq;mq;mq;mq;mq;mq;
07255;20110904120000;101300;-10;8;250;3.600000;294.750000;288.150000;66;30000;2;1;1;90;7;800;38;20;10;99390;mq;mq;mq;mq;mq;mq;mq;mq;mq;mq;mq;6.700000;-10;mq;mq;0.000000;-60;0.000000;0.000000;0.000000;mq;mq;710.000000;1107.000000;3100.000000;mq;4;8;690;6;6;1200;mq;mq;mq;mq;mq;mq;
07280;20110904120000;101240;0;0;210;2.600000;294.550000;291.150000;81;55000;0;mq;mq;100;mq;450;mq;mq;mq;98640;mq;mq;mq;mq;mq;mq;mq;mq;mq;mq;mq;3.600000;-10;mq;mq;mq;mq;0.000000;0.600000;3.000000;mq;mq;710.000000;1104.000000;mq;mq;mq;mq;mq;mq;mq;mq;mq;mq;mq;mq;mq;mq;
07299;20110904120000;101170;-20;5;290;2.600000;296.150000;291.450000;75;20000;80;8;6;90;1;800;38;23;60;98070;mq;mq;mq;mq;mq;mq;mq;mq;mq;mq;mq;4.100000;-10;mq;mq;0.000000;-60;0.000000;0.200000;0.200000;mq;mq;710.000000;1104.000000;3100.000000;mq;1;8;600;3;6;1200;7;3;2100;mq;mq;mq;
07314;20110904120000;101460;150;1;270;8.700000;292.950000;287.550000;71;mq;mq;mq;mq;mq;mq;mq;mq;mq;mq;101190;mq;mq;mq;mq;mq;mq;mq;mq;mq;mq;mq;11.300000;-10;mq;mq;mq;mq;0.000000;0.000000;2.000000;mq;mq;710.000000;1111.000000;mq;mq;mq;mq;mq;mq;mq;mq;mq;mq;mq;mq;mq;mq;
07335;20110904120000;101310;40;3;220;5.100000;292.950000;291.250000;90;30000;25;8;6;90;5;800;38;23;60;99920;mq;mq;mq;mq;mq;mq;mq;mq;mq;mq;mq;13.400000;-10;mq;mq;0.000000;-60;0.200000;0.200000;0.400000;mq;mq;710.000000;1113.000000;3100.000000;mq;2;8;840;4;6;1500;5;3;2700;mq;mq;mq;
07434;20110904120000;101360;20;0;220;4.100000;292.550000;287.750000;74;60000;1;6;1;50;4;450;38;20;10;96750;mq;mq;mq;mq;mq;mq;mq;mq;mq;mq;mq;6.700000;-10;mq;mq;0.000000;-60;0.000000;0.000000;0.200000;mq;mq;710.000000;1107.000000;3100.000000;mq;2;8;390;3;6;1800;mq;mq;mq;mq;mq;mq;
07460;20110904120000;101260;-20;8;100;1.000000;294.250000;290.450000;79;25000;1;8;6;90;6;250;35;23;60;97540;mq;mq;mq;mq;mq;mq;mq;mq;mq;mq;mq;2.600000;-10;mq;mq;0.000000;-60;0.000000;0.200000;0.600000;mq;mq;710.000000;1103.000000;3100.000000;mq;1;7;180;3;6;330;5;3;3000;mq;mq;mq;
07471;20110904120000;mq;-40;8;10;1.500000;293.550000;286.950000;66;30000;2;1;1;90;5;800;32;27;60;91900;85000;17430;mq;mq;mq;mq;mq;mq;mq;mq;mq;3.100000;-10;mq;mq;0.000000;-60;0.000000;0.000000;0.000000;mq;mq;710.000000;1103.000000;3100.000000;mq;5;8;780;7;3;3000;mq;mq;mq;mq;mq;mq;
07481;20110904120000;101160;-30;8;220;1.000000;296.950000;291.150000;70;20000;3;8;6;100;4;800;38;61;60;98440;mq;mq;mq;mq;mq;mq;mq;mq;mq;mq;mq;2.600000;-10;mq;mq;0.000000;-60;0.000000;0.000000;0.000000;mq;mq;710.000000;1103.000000;3100.000000;mq;4;8;600;7;3;3300;mq;mq;mq;mq;mq;mq;
07510;20110904120000;101520;100;1;300;6.200000;294.450000;290.050000;76;25000;2;8;6;90;5;800;38;27;60;100890;mq;mq;mq;mq;mq;mq;mq;mq;mq;mq;mq;9.800000;-10;mq;mq;0.000000;-60;0.000000;3.000000;3.000000;mq;mq;710.000000;1110.000000;3100.000000;mq;4;8;690;3;6;1800;5;3;2700;mq;mq;mq;
07535;20110904120000;101400;30;0;290;2.100000;295.050000;288.850000;68;mq;mq;mq;mq;mq;mq;mq;mq;mq;mq;98410;mq;mq;mq;mq;mq;mq;mq;mq;mq;mq;mq;5.100000;-10;mq;mq;mq;mq;0.000000;0.000000;0.000000;mq;mq;710.000000;1105.000000;mq;mq;mq;mq;mq;mq;mq;mq;mq;mq;mq;mq;mq;mq;
07558;20110904120000;101260;-10;8;350;3.100000;290.350000;289.050000;92;mq;mq;mq;mq;mq;mq;mq;mq;mq;mq;93200;mq;mq;mq;mq;mq;mq;mq;mq;mq;mq;mq;9.300000;-10;mq;mq;mq;mq;9.000000;9.000000;9.000000;mq;mq;710.000000;1109.000000;mq;mq;mq;mq;mq;mq;mq;mq;mq;mq;mq;mq;mq;mq;
07577;20110904120000;101270;0;0;210;1.000000;294.750000;293.550000;93;6000;60;6;2;90;6;450;38;27;60;100410;mq;mq;mq;mq;mq;mq;mq;mq;mq;mq;mq;2.100000;-10;mq;mq;0.000000;-60;0.800000;5.000000;5.000000;mq;mq;710.000000;1102.000000;3100.000000;mq;2;8;300;6;6;900;6;3;2400;mq;mq;mq;
07591;20110904120000;mq;-30;8;190;1.500000;292.450000;289.450000;83;mq;0;mq;mq;mq;mq;mq;mq;mq;mq;91480;mq;mq;mq;mq;mq;mq;mq;mq;mq;mq;mq;3.100000;-10;mq;mq;mq;mq;0.000000;2.000000;3.000000;mq;mq;710.000000;1103.000000;mq;mq;mq;mq;mq;mq;mq;mq;mq;mq;mq;mq;mq;mq;
07607;20110904120000;101560;70;2;310;6.700000;293.850000;289.650000;77;20000;0;mq;mq;100;mq;800;mq;mq;mq;100870;mq;mq;mq;mq;mq;mq;mq;mq;mq;mq;mq;12.300000;-10;mq;mq;mq;mq;0.000000;0.000000;0.200000;mq;mq;710.000000;1112.000000;mq;mq;mq;mq;mq;mq;mq;mq;mq;mq;mq;mq;mq;mq;
07621;20110904120000;101480;60;1;290;4.600000;293.850000;289.050000;74;15000;80;8;6;90;7;800;38;61;60;97320;mq;mq;mq;mq;mq;mq;mq;mq;mq;mq;mq;6.700000;-10;mq;mq;0.000000;-60;0.000000;0.000000;0.000000;mq;mq;710.000000;1107.000000;3100.000000;mq;5;8;750;5;6;1500;mq;mq;mq;mq;mq;mq;
07627;20110904120000;101420;40;0;350;0.500000;293.350000;289.750000;80;15000;1;6;2;90;7;800;38;27;60;96740;mq;mq;mq;mq;mq;mq;mq;mq;mq;mq;mq;3.100000;-10;mq;mq;0.000000;-60;0.000000;0.000000;0.600000;mq;mq;710.000000;1103.000000;3100.000000;mq;3;8;600;4;6;900;5;3;1800;mq;mq;mq;
07630;20110904120000;101400;10;0;310;4.600000;296.850000;289.150000;62;30000;2;1;1;90;7;800;38;61;60;99680;mq;mq;mq;mq;mq;mq;mq;mq;mq;mq;mq;6.700000;-10;mq;mq;0.000000;-60;0.000000;0.000000;0.000000;mq;mq;710.000000;1107.000000;3100.000000;mq;5;8;900;5;6;1500;mq;mq;mq;mq;mq;mq;
07643;20110904120000;101260;10;0;150;2.600000;295.750000;292.550000;82;20000;1;9;8;100;4;450;38;27;60;101170;mq;mq;mq;mq;mq;mq;mq;mq;mq;mq;mq;6.200000;-10;mq;mq;mq;mq;0.000000;0.000000;10.000000;mq;mq;710.000000;1106.000000;mq;mq;2;6;300;7;3;2700;mq;mq;mq;mq;mq;mq;
07650;20110904120000;101230;-90;6;300;3.100000;297.950000;290.150000;62;50000;1;6;2;60;3;1250;38;23;12;100860;mq;mq;mq;mq;mq;mq;mq;mq;mq;mq;mq;4.100000;-10;mq;mq;0.000000;-60;0.000000;0.000000;6.000000;mq;mq;710.000000;1104.000000;3100.000000;mq;3;8;1200;3;3;3900;5;0;6300;mq;mq;mq;
07661;20110904120000;101190;-40;8;250;3.600000;297.550000;291.750000;70;mq;mq;mq;mq;mq;mq;mq;mq;mq;mq;99660;mq;mq;mq;mq;mq;mq;mq;mq;mq;mq;mq;5.700000;-10;mq;mq;mq;mq;0.000000;0.000000;3.000000;mq;mq;710.000000;1106.000000;mq;mq;mq;mq;mq;mq;mq;mq;mq;mq;mq;mq;mq;mq;
07690;20110904120000;101270;-70;6;130;4.600000;297.850000;294.350000;81;25000;2;6;2;90;7;450;39;61;60;100950;mq;mq;mq;mq;mq;mq;mq;mq;mq;mq;mq;5.100000;-10;mq;mq;0.000000;-60;0.000000;0.000000;4.000000;mq;mq;710.000000;1105.000000;3100.000000;mq;4;8;480;1;9;900;7;6;1800;mq;mq;mq;
07747;20110904120000;101240;-10;8;310;5.100000;299.450000;289.350000;54;40000;2;1;1;75;6;1750;33;20;10;100740;mq;mq;mq;mq;mq;mq;mq;mq;mq;mq;mq;9.800000;-10;mq;mq;mq;mq;0.000000;0.000000;0.000000;mq;mq;710.000000;1110.000000;mq;mq;1;9;1500;6;8;1500;mq;mq;mq;mq;mq;mq;
07761;20110904120000;101440;80;3;30;5.100000;292.750000;290.750000;88;15000;61;9;8;100;8;450;38;61;60;101330;mq;mq;mq;mq;mq;mq;mq;mq;mq;mq;mq;7.700000;-10;mq;mq;0.000000;-60;3.000000;16.000000;16.000000;mq;mq;710.000000;1108.000000;3100.000000;mq;4;8;390;7;6;780;mq;mq;mq;mq;mq;mq;
07790;20110904120000;101250;-130;6;100;4.100000;299.250000;294.050000;73;15000;3;6;2;75;2;800;32;23;12;101110;mq;mq;mq;mq;mq;mq;mq;mq;mq;mq;mq;6.700000;-10;mq;mq;0.000000;-60;0.000000;0.000000;0.800000;mq;mq;710.000000;1107.000000;3100.000000;mq;2;8;780;4;3;2700;5;0;6000;mq;mq;mq;
61968;20110904120000;101360;mq;mq;80;4.100000;300.450000;292.750000;63;mq;mq;mq;mq;mq;mq;mq;mq;mq;mq;mq;mq;mq;120;mq;mq;mq;mq;mq;mq;mq;mq;7.200000;-10;mq;mq;mq;mq;0.000000;mq;0.000000;mq;mq;710.000000;1107.000000;mq;mq;mq;mq;mq;mq;mq;mq;mq;mq;mq;mq;mq;mq;
61970;20110904120000;101480;mq;mq;mq;mq;301.350000;294.850000;68;mq;mq;mq;mq;mq;mq;mq;mq;mq;mq;mq;mq;mq;20;mq;mq;mq;mq;mq;mq;mq;mq;mq;mq;mq;mq;mq;mq;0.000000;mq;0.000000;mq;mq;mq;mq;mq;mq;mq;mq;mq;mq;mq;mq;mq;mq;mq;mq;mq;mq;
61972;20110904120000;101660;mq;mq;180;4.100000;298.750000;292.450000;68;mq;mq;mq;mq;mq;mq;mq;mq;mq;mq;mq;mq;mq;100;mq;mq;mq;mq;mq;mq;mq;mq;8.200000;-10;mq;mq;mq;mq;0.000000;mq;0.000000;mq;mq;710.000000;1108.000000;mq;mq;mq;mq;mq;mq;mq;mq;mq;mq;mq;mq;mq;mq;
61976;20110904120000;101500;mq;mq;90;5.100000;299.450000;292.550000;66;mq;mq;mq;mq;mq;mq;mq;mq;mq;mq;101350;mq;mq;50;mq;mq;mq;mq;mq;mq;mq;mq;mq;mq;mq;mq;mq;mq;mq;mq;0.000000;mq;mq;mq;mq;mq;mq;mq;mq;mq;mq;mq;mq;mq;mq;mq;mq;mq;mq;
61980;20110904120000;101710;mq;mq;100;7.700000;297.850000;290.050000;62;10000;2;1;1;60;5;1250;38;20;10;mq;mq;mq;0;mq;mq;mq;mq;mq;mq;mq;mq;11.300000;-10;mq;mq;mq;mq;0.000000;mq;0.000000;mq;mq;710.000000;1111.000000;2437.000000;mq;2;8;990;3;6;1800;mq;mq;mq;mq;mq;mq;
61996;20110904120000;mq;mq;mq;310;13.400000;286.950000;mq;mq;mq;mq;mq;mq;mq;mq;mq;mq;mq;mq;mq;mq;mq;mq;mq;mq;mq;mq;mq;mq;mq;mq;20.100000;-10;mq;mq;mq;mq;0.000000;mq;0.000000;mq;mq;710.000000;1120.000000;mq;mq;mq;mq;mq;mq;mq;mq;mq;mq;mq;mq;mq;mq;
61997;20110904120000;97990;mq;mq;260;12.300000;273.550000;269.050000;72;mq;mq;mq;mq;mq;mq;mq;mq;mq;mq;mq;mq;mq;1570;mq;mq;mq;mq;mq;mq;mq;mq;30.400000;-60;mq;mq;mq;mq;mq;mq;0.200000;mq;mq;1130.000000;mq;mq;mq;mq;mq;mq;mq;mq;mq;mq;mq;mq;mq;mq;mq;
61998;20110904120000;97650;mq;mq;310;12.900000;276.650000;273.650000;81;16000;60;6;2;100;8;800;35;61;60;mq;mq;mq;mq;mq;mq;mq;mq;mq;mq;mq;mq;21.100000;-10;mq;mq;mq;mq;0.200000;mq;0.200000;mq;mq;710.000000;1121.000000;mq;mq;8;6;750;mq;mq;mq;mq;mq;mq;mq;mq;mq;
67005;20110904120000;101380;mq;mq;190;3.100000;300.850000;293.650000;65;30000;2;1;1;75;6;800;38;23;10;mq;mq;mq;50;mq;mq;mq;mq;mq;mq;mq;mq;5.700000;-10;mq;mq;mq;mq;0.000000;mq;0.000000;mq;mq;710.000000;1106.000000;mq;mq;2;8;660;6;3;2700;mq;mq;mq;mq;mq;mq;
71805;20110904120000;101230;160;1;250;3.600000;290.450000;290.150000;98;19000;0;mq;mq;75;mq;150;mq;mq;mq;101150;mq;mq;mq;mq;mq;mq;mq;mq;mq;mq;mq;5.100000;-10;mq;mq;mq;mq;0.000000;0.000000;0.000000;mq;mq;710.000000;1105.000000;mq;mq;mq;mq;mq;mq;mq;mq;mq;mq;mq;mq;mq;mq;
78897;20110904120000;101390;140;1;270;1.500000;300.850000;297.450000;82;20000;2;1;1;60;1;800;32;20;12;mq;mq;mq;mq;296.150000;mq;mq;305.450000;mq;mq;mq;mq;mq;mq;mq;mq;mq;mq;mq;mq;0.200000;mq;0.200000;mq;mq;mq;mq;1;8;780;5;0;7800;mq;mq;mq;mq;mq;mq;
78922;20110904120000;101440;190;3;310;1.000000;302.750000;296.250000;68;mq;mq;mq;mq;mq;mq;mq;mq;mq;mq;101000;mq;mq;mq;mq;mq;mq;mq;mq;mq;mq;mq;mq;mq;mq;mq;mq;mq;mq;mq;mq;mq;mq;mq;mq;mq;mq;mq;mq;mq;mq;mq;mq;mq;mq;mq;mq;mq;mq;
78925;20110904120000;101470;190;3;120;1.000000;301.150000;296.950000;78;20000;2;1;1;10;1;800;31;20;10;mq;mq;mq;0;295.950000;mq;mq;305.850000;mq;mq;mq;mq;mq;mq;mq;mq;mq;mq;mq;mq;0.000000;mq;0.200000;mq;mq;mq;mq;1;8;690;mq;mq;mq;mq;mq;mq;mq;mq;mq;
81401;20110904120000;101490;mq;mq;160;1.500000;299.150000;296.650000;86;mq;mq;mq;mq;mq;mq;mq;mq;mq;mq;101430;mq;mq;mq;295.650000;mq;mq;mq;mq;mq;mq;mq;mq;mq;mq;mq;mq;mq;mq;0.000000;mq;mq;0.200000;mq;mq;mq;mq;mq;mq;mq;mq;mq;mq;mq;mq;mq;mq;mq;mq;
81405;20110904120000;101510;mq;mq;10;2.600000;298.850000;297.050000;90;10000;21;8;6;90;5;250;38;23;10;101420;mq;mq;mq;296.550000;mq;mq;mq;mq;mq;mq;mq;mq;mq;mq;mq;mq;mq;mq;0.400000;mq;mq;0.400000;mq;mq;mq;mq;mq;mq;mq;mq;mq;mq;mq;mq;mq;mq;mq;mq;
81408;20110904120000;101460;mq;mq;0;0.000000;301.050000;296.850000;78;mq;mq;mq;mq;mq;mq;mq;mq;mq;mq;101380;mq;mq;mq;295.550000;mq;mq;mq;mq;mq;mq;mq;mq;mq;mq;mq;mq;mq;mq;0.000000;mq;mq;0.000000;mq;mq;mq;mq;mq;mq;mq;mq;mq;mq;mq;mq;mq;mq;mq;mq;
89642;20110904120000;96970;190;3;100;13.400000;264.850000;263.250000;87;300;71;7;7;100;8;450;35;61;60;96430;mq;mq;mq;264.550000;mq;266.250000;mq;mq;mq;mq;20.600000;38.100000;-60;mq;mq;mq;mq;mq;mq;mq;mq;mq;1021.000000;1138.000000;mq;mq;2;7;330;8;6;780;mq;mq;mq;mq;mq;mq;
07005;20110904150000;100860;-80;8;170;3.600000;293.250000;290.650000;85;25000;21;6;2;75;4;800;32;27;11;100000;mq;mq;mq;mq;mq;mq;mq;mq;mq;mq;mq;7.200000;-10;mq;mq;0.000000;-30;0.000000;2.000000;mq;mq;mq;710.000000;1107.000000;3100.000000;mq;4;8;780;3;0;7500;mq;mq;mq;mq;mq;mq;
07015;20110904150000;100900;-60;6;220;5.100000;293.650000;288.650000;73;30000;60;6;2;90;7;800;38;61;60;100350;mq;mq;mq;mq;mq;mq;mq;mq;mq;mq;mq;10.800000;-10;mq;mq;0.000000;-30;0.000000;0.000000;mq;mq;mq;710.000000;1111.000000;3100.000000;mq;4;8;900;7;6;1380;mq;mq;mq;mq;mq;mq;
07020;20110904150000;101000;-20;8;230;8.200000;291.050000;285.250000;69;20000;2;1;1;60;3;800;32;23;11;100740;mq;mq;mq;mq;mq;mq;mq;mq;mq;mq;mq;12.900000;-10;mq;mq;mq;mq;0.000000;0.000000;mq;mq;mq;710.000000;1113.000000;mq;mq;3;8;780;mq;mq;mq;mq;mq;mq;mq;mq;mq;
07027;20110904150000;101080;100;1;260;7.200000;290.650000;282.250000;58;30000;1;8;6;90;7;1250;38;61;60;100290;mq;mq;mq;mq;mq;mq;mq;mq;mq;mq;mq;11.800000;-10;mq;mq;0.000000;-30;0.000000;0.000000;mq;mq;mq;710.000000;1112.000000;3100.000000;mq;3;8;1080;7;6;1440;mq;mq;mq;mq;mq;mq;
07037;20110904150000;101000;-10;5;280;7.200000;288.550000;287.750000;95;7000;81;8;6;90;7;150;38;61;60;99210;mq;mq;mq;mq;mq;mq;mq;mq;mq;mq;mq;12.300000;-10;mq;mq;0.000000;-30;0.400000;0.400000;mq;mq;mq;710.000000;1112.000000;3100.000000;mq;5;7;120;7;6;750;mq;mq;mq;mq;mq;mq;
07110;20110904150000;101030;-60;8;220;9.800000;290.250000;284.950000;71;20000;2;1;1;90;7;800;38;61;60;99910;mq;mq;mq;mq;mq;mq;mq;mq;mq;mq;mq;18.000000;-10;mq;mq;0.000000;-30;0.000000;0.000000;mq;mq;mq;710.000000;1118.000000;3100.000000;mq;1;8;720;7;6;960;mq;mq;mq;mq;mq;mq;
07130;20110904150000;101150;-30;8;230;7.200000;293.250000;283.050000;52;40000;0;mq;mq;mq;mq;1250;mq;mq;mq;100650;mq;mq;mq;mq;mq;mq;mq;mq;mq;mq;mq;11.300000;-10;mq;mq;mq;mq;0.000000;0.000000;mq;mq;mq;710.000000;1111.000000;mq;mq;mq;mq;mq;mq;mq;mq;mq;mq;mq;mq;mq;mq;
07139;20110904150000;101150;180;1;270;5.100000;290.750000;285.250000;70;25000;2;1;1;40;3;450;38;20;10;99470;mq;mq;mq;mq;mq;mq;mq;mq;mq;mq;mq;11.300000;-10;mq;mq;0.000000;-30;0.000000;0.200000;mq;mq;mq;710.000000;1111.000000;3100.000000;mq;1;8;480;3;6;1500;mq;mq;mq;mq;mq;mq;
07149;20110904150000;100990;-130;8;210;4.600000;296.050000;289.850000;68;18000;1;6;2;60;4;800;38;20;11;99960;mq;mq;mq;mq;mq;mq;mq;mq;mq;mq;mq;8.700000;-10;mq;mq;0.000000;-30;0.000000;0.400000;mq;mq;mq;710.000000;1109.000000;3100.000000;mq;2;8;720;3;6;1500;mq;mq;mq;mq;mq;mq;
07168;20110904150000;101150;-70;8;220;4.100000;296.150000;287.150000;57;25000;2;1;1;90;5;1250;38;20;12;99790;mq;mq;mq;mq;mq;mq;mq;mq;mq;mq;mq;7.700000;-10;mq;mq;0.000000;-30;0.000000;0.000000;mq;mq;mq;710.000000;1108.000000;3100.000000;mq;2;8;1080;3;6;1380;5;0;7500;mq;mq;mq;
07181;20110904150000;101150;-30;6;260;3.100000;292.750000;289.950000;84;60000;0;mq;mq;75;mq;800;mq;mq;mq;97230;mq;mq;mq;mq;mq;mq;mq;mq;mq;mq;mq;5.100000;-10;mq;mq;mq;mq;0.000000;0.200000;mq;mq;mq;710.000000;1105.000000;mq;mq;mq;mq;mq;mq;mq;mq;mq;mq;mq;mq;mq;mq;
07190;20110904150000;101140;20;3;160;2.100000;293.150000;291.450000;90;5000;63;mq;mq;90;mq;1250;mq;mq;mq;99390;mq;mq;mq;mq;mq;mq;mq;mq;mq;mq;mq;5.100000;-10;mq;mq;mq;mq;3.000000;5.000000;mq;mq;mq;710.000000;1105.000000;mq;mq;mq;mq;mq;mq;mq;mq;mq;mq;mq;mq;mq;mq;
07207;20110904150000;mq;mq;mq;260;8.200000;290.850000;284.850000;68;15000;2;1;1;90;3;800;32;25;10;mq;mq;mq;mq;mq;mq;mq;mq;mq;mq;mq;mq;12.900000;-10;mq;mq;mq;mq;0.000000;0.000000;mq;mq;mq;710.000000;1113.000000;2437.000000;mq;mq;mq;mq;mq;mq;mq;mq;mq;mq;mq;mq;mq;
07222;20110904150000;101380;80;3;270;7.700000;291.750000;283.850000;60;30000;2;1;1;90;6;1250;38;20;11;101070;mq;mq;mq;mq;mq;mq;mq;mq;mq;mq;mq;11.800000;-10;mq;mq;mq;mq;0.000000;0.000000;mq;mq;mq;710.000000;1112.000000;mq;mq;2;8;1290;6;6;1500;mq;mq;mq;mq;mq;mq;
07240;20110904150000;101150;30;1;260;5.100000;295.750000;286.250000;55;18000;0;mq;mq;mq;mq;1250;mq;mq;mq;99860;mq;mq;mq;mq;mq;mq;mq;mq;mq;mq;mq;12.300000;-10;mq;mq;mq;mq;0.000000;2.000000;mq;mq;mq;710.000000;1112.000000;mq;mq;mq;mq;mq;mq;mq;mq;mq;mq;mq;mq;mq;mq;
07255;20110904150000;101140;-140;6;250;5.700000;297.950000;287.450000;52;25000;2;1;1;75;6;800;33;20;10;99250;mq;mq;mq;mq;mq;mq;mq;mq;mq;mq;mq;8.700000;-10;mq;mq;0.000000;-30;0.000000;0.000000;mq;mq;mq;710.000000;1109.000000;3100.000000;mq;2;9;900;5;8;1200;mq;mq;mq;mq;mq;mq;
07280;20110904150000;101180;-60;5;320;2.600000;295.150000;288.750000;67;60000;0;mq;mq;90;mq;800;mq;mq;mq;98580;mq;mq;mq;mq;mq;mq;mq;mq;mq;mq;mq;4.100000;-10;mq;mq;mq;mq;0.000000;0.000000;mq;mq;mq;710.000000;1104.000000;mq;mq;mq;mq;mq;mq;mq;mq;mq;mq;mq;mq;mq;mq;
07299;20110904150000;101180;-20;7;290;1.000000;292.950000;291.650000;92;5000;63;8;6;90;7;450;39;61;60;98050;mq;mq;mq;mq;mq;mq;mq;mq;mq;mq;mq;2.100000;-10;mq;mq;0.000000;-30;4.000000;7.000000;mq;mq;mq;710.000000;1102.000000;3100.000000;mq;1;8;390;1;9;900;3;6;990;7;6;1500;
07314;20110904150000;101570;110;1;270;8.200000;292.950000;285.450000;62;25000;2;1;1;40;3;1250;32;20;15;101300;mq;mq;mq;mq;mq;mq;mq;mq;mq;mq;mq;10.800000;-10;mq;mq;mq;mq;0.000000;0.000000;mq;mq;mq;710.000000;1111.000000;2438.000000;mq;3;8;1200;mq;mq;mq;mq;mq;mq;mq;mq;mq;
07335;20110904150000;101300;-10;5;250;6.700000;294.850000;284.550000;52;30000;1;8;6;40;3;1250;31;20;10;99910;mq;mq;mq;mq;mq;mq;mq;mq;mq;mq;mq;11.300000;-10;mq;mq;0.000000;-30;0.000000;0.000000;mq;mq;mq;710.000000;1111.000000;3100.000000;mq;3;8;1230;mq;mq;mq;mq;mq;mq;mq;mq;mq;
07434;20110904150000;101380;0;5;250;4.100000;291.250000;288.850000;86;60000;25;8;6;90;4;450;32;23;60;96750;mq;mq;mq;mq;mq;mq;mq;mq;mq;mq;mq;8.200000;-10;mq;mq;0.000000;-30;0.000000;2.000000;mq;mq;mq;710.000000;1108.000000;3100.000000;mq;4;8;330;6;3;2400;mq;mq;mq;mq;mq;mq;
07460;20110904150000;101130;-100;6;100;1.000000;295.750000;290.650000;73;40000;25;8;6;90;4;800;32;26;12;97440;mq;mq;mq;mq;mq;mq;mq;mq;mq;mq;mq;3.100000;-10;mq;mq;0.000000;-30;0.000000;0.000000;mq;mq;mq;710.000000;1103.000000;3100.000000;mq;1;8;780;3;8;1290;5;0;7800;mq;mq;mq;
07471;20110904150000;mq;-20;5;260;1.500000;291.550000;288.050000;80;30000;80;8;6;90;4;800;32;27;60;91880;85000;17410;mq;mq;mq;mq;mq;mq;mq;mq;mq;7.200000;-10;mq;mq;0.000000;-30;0.200000;0.200000;mq;mq;mq;710.000000;1107.000000;3100.000000;mq;4;8;900;6;3;3000;mq;mq;mq;mq;mq;mq;
07481;20110904150000;101210;0;0;360;2.100000;292.650000;290.650000;88;30000;80;9;8;100;1;1250;32;26;60;98440;mq;mq;mq;mq;mq;mq;mq;mq;mq;mq;mq;7.200000;-10;mq;mq;0.000000;-30;0.200000;2.000000;mq;mq;mq;710.000000;1107.000000;3100.000000;mq;1;8;990;3;6;1800;8;3;3000;mq;mq;mq;
07510;20110904150000;101610;90;1;280;5.700000;294.150000;286.350000;61;25000;2;1;1;75;4;1250;38;27;10;100980;mq;mq;mq;mq;mq;mq;mq;mq;mq;mq;mq;11.800000;-10;mq;mq;0.000000;-30;0.000000;0.000000;mq;mq;mq;710.000000;1112.000000;3100.000000;mq;2;8;990;3;6;2400;5;3;2700;mq;mq;mq;
07535;20110904150000;101440;30;3;290;5.100000;294.250000;288.350000;69;mq;mq;mq;mq;mq;mq;mq;mq;mq;mq;98440;mq;mq;mq;mq;mq;mq;mq;mq;mq;mq;mq;11.300000;-10;mq;mq;mq;mq;0.000000;0.000000;mq;mq;mq;710.000000;1111.000000;mq;mq;mq;mq;mq;mq;mq;mq;mq;mq;mq;mq;mq;mq;
07558;20110904150000;101190;20;1;270;3.100000;293.350000;289.350000;78;mq;mq;mq;mq;mq;mq;mq;mq;mq;mq;93220;mq;mq;mq;mq;mq;mq;mq;mq;mq;mq;mq;6.700000;-10;mq;mq;mq;mq;0.000000;1.000000;mq;mq;mq;710.000000;1107.000000;mq;mq;mq;mq;mq;mq;mq;mq;mq;mq;mq;mq;mq;mq;
07577;20110904150000;101170;-90;6;190;1.500000;296.450000;291.750000;75;10000;60;6;2;90;5;450;38;27;60;100320;mq;mq;mq;mq;mq;mq;mq;mq;mq;mq;mq;3.100000;-10;mq;mq;0.000000;-30;0.000000;0.000000;mq;mq;mq;710.000000;1103.000000;3100.000000;mq;1;8;300;5;6;1200;6;3;2400;mq;mq;mq;
07591;20110904150000;mq;-170;6;240;1.500000;296.350000;286.250000;53;mq;0;mq;mq;mq;mq;mq;mq;mq;mq;91310;mq;mq;mq;mq;mq;mq;mq;mq;mq;mq;mq;3.600000;-10;mq;mq;mq;mq;0.000000;0.000000;mq;mq;mq;710.000000;1104.000000;mq;mq;mq;mq;mq;mq;mq;mq;mq;mq;mq;mq;mq;mq;
07607;20110904150000;101650;90;1;310;5.700000;294.450000;287.650000;65;20000;0;mq;mq;100;mq;800;mq;mq;mq;100960;mq;mq;mq;mq;mq;mq;mq;mq;mq;mq;mq;8.700000;-10;mq;mq;mq;mq;0.000000;0.000000;mq;mq;mq;710.000000;1109.000000;mq;mq;mq;mq;mq;mq;mq;mq;mq;mq;mq;mq;mq;mq;
07621;20110904150000;101620;100;3;310;3.100000;290.950000;289.250000;90;12000;60;8;6;100;8;450;38;61;60;97420;mq;mq;mq;mq;mq;mq;mq;mq;mq;mq;mq;8.200000;-10;mq;mq;0.000000;-30;0.200000;0.200000;mq;mq;mq;710.000000;1108.000000;3100.000000;mq;3;8;390;5;6;840;8;6;1380;mq;mq;mq;
07627;20110904150000;101440;20;3;300;4.100000;293.750000;289.150000;75;10000;61;6;2;100;5;800;38;27;60;96760;mq;mq;mq;mq;mq;mq;mq;mq;mq;mq;mq;6.200000;-10;mq;mq;0.000000;-30;0.000000;0.000000;mq;mq;mq;710.000000;1106.000000;3100.000000;mq;4;8;600;8;3;2100;mq;mq;mq;mq;mq;mq;
07630;20110904150000;101370;-20;5;310;5.700000;298.350000;287.150000;50;30000;2;1;1;90;7;1250;38;61;60;99660;mq;mq;mq;mq;mq;mq;mq;mq;mq;mq;mq;8.700000;-10;mq;mq;0.000000;-30;0.000000;0.000000;mq;mq;mq;710.000000;1109.000000;3100.000000;mq;1;8;1200;3;8;1500;5;6;1500;mq;mq;mq;
07643;20110904150000;101240;-20;5;110;1.500000;297.150000;291.350000;70;30000;15;2;2;75;3;800;38;27;10;101150;mq;mq;mq;mq;mq;mq;mq;mq;mq;mq;mq;2.600000;-10;mq;mq;mq;mq;0.000000;0.000000;mq;mq;mq;710.000000;1103.000000;mq;mq;2;8;600;5;3;2700;mq;mq;mq;mq;mq;mq;
07650;20110904150000;101210;-20;5;240;5.100000;298.350000;291.750000;67;60000;2;1;1;75;5;800;38;23;12;100840;mq;mq;mq;mq;mq;mq;mq;mq;mq;mq;mq;7.200000;-10;mq;mq;0.000000;-30;0.000000;0.000000;mq;mq;mq;710.000000;1107.000000;3100.000000;mq;4;8;840;3;3;4200;mq;mq;mq;mq;mq;mq;
07661;20110904150000;101220;30;0;270;5.700000;298.250000;290.750000;63;30000;2;1;1;75;2;800;32;27;18;99690;mq;mq;mq;mq;mq;mq;mq;mq;mq;mq;mq;10.800000;-10;mq;mq;mq;mq;0.000000;0.000000;mq;mq;mq;710.000000;1111.000000;mq;mq;2;8;600;mq;mq;mq;mq;mq;mq;mq;mq;mq;
07690;20110904150000;101180;-90;6;200;4.100000;297.950000;293.850000;78;25000;2;1;1;90;4;450;39;20;12;100860;mq;mq;mq;mq;mq;mq;mq;mq;mq;mq;mq;6.200000;-10;mq;mq;0.000000;-30;0.000000;0.000000;mq;mq;mq;710.000000;1106.000000;3100.000000;mq;3;8;390;2;9;900;4;0;6900;mq;mq;mq;
07747;20110904150000;101210;-30;8;330;3.100000;301.850000;289.450000;47;40000;2;1;1;60;5;1250;31;23;10;100710;mq;mq;mq;mq;mq;mq;mq;mq;mq;mq;mq;7.200000;-10;mq;mq;mq;mq;0.000000;0.000000;mq;mq;mq;710.000000;1107.000000;mq;mq;4;8;1350;mq;mq;mq;mq;mq;mq;mq;mq;mq;
07761;20110904150000;101430;0;0;80;2.600000;294.350000;292.050000;87;6000;81;8;6;100;8;250;38;61;60;101330;mq;mq;mq;mq;mq;mq;mq;mq;mq;mq;mq;8.200000;-10;mq;mq;0.000000;-30;1.000000;15.000000;mq;mq;mq;710.000000;1108.000000;3100.000000;mq;1;7;240;5;8;1290;6;6;1800;mq;mq;mq;
07790;20110904150000;101220;-30;8;240;1.500000;294.250000;291.650000;85;15000;29;9;8;100;1;800;35;27;60;101080;mq;mq;mq;mq;mq;mq;mq;mq;mq;mq;mq;5.100000;-10;mq;mq;0.000000;-30;0.000000;20.000000;mq;mq;mq;710.000000;1105.000000;3100.000000;mq;1;6;900;3;3;2100;6;3;2700;mq;mq;mq;
61968;20110904150000;101440;mq;mq;80;3.100000;297.950000;292.550000;72;mq;mq;mq;mq;mq;mq;mq;mq;mq;mq;mq;mq;mq;100;mq;mq;mq;mq;mq;mq;mq;mq;6.700000;-10;mq;mq;mq;mq;0.000000;0.000000;mq;mq;mq;710.000000;1107.000000;mq;mq;mq;mq;mq;mq;mq;mq;mq;mq;mq;mq;mq;mq;
61970;20110904150000;101540;mq;mq;mq;mq;298.450000;294.950000;81;mq;mq;mq;mq;mq;mq;mq;mq;mq;mq;mq;mq;mq;50;mq;mq;mq;mq;mq;mq;mq;mq;mq;mq;mq;mq;mq;mq;0.000000;0.000000;mq;mq;mq;mq;mq;mq;mq;mq;mq;mq;mq;mq;mq;mq;mq;mq;mq;mq;mq;
61972;20110904150000;101730;mq;mq;170;4.100000;296.050000;292.250000;79;mq;mq;mq;mq;mq;mq;mq;mq;mq;mq;mq;mq;mq;90;mq;mq;mq;mq;mq;mq;mq;mq;7.700000;-10;mq;mq;mq;mq;0.000000;0.000000;mq;mq;mq;710.000000;1108.000000;mq;mq;mq;mq;mq;mq;mq;mq;mq;mq;mq;mq;mq;mq;
61976;20110904150000;101600;mq;mq;120;6.200000;297.050000;292.550000;76;mq;mq;mq;mq;mq;mq;mq;mq;mq;mq;101450;mq;mq;50;mq;mq;mq;mq;mq;mq;mq;mq;mq;mq;mq;mq;mq;mq;mq;mq;mq;mq;mq;mq;mq;mq;mq;mq;mq;mq;mq;mq;mq;mq;mq;mq;mq;mq;mq;
61980;20110904150000;101810;mq;mq;110;2.100000;293.350000;291.450000;89;8000;25;8;2;90;7;800;38;61;60;mq;mq;mq;mq;mq;mq;mq;mq;mq;mq;mq;mq;7.200000;-10;mq;mq;mq;mq;0.600000;2.000000;mq;mq;mq;710.000000;1107.000000;mq;mq;3;8;690;5;6;1290;mq;mq;mq;mq;mq;mq;
61996;20110904150000;mq;mq;mq;320;12.300000;286.250000;mq;mq;mq;mq;mq;mq;mq;mq;mq;mq;mq;mq;mq;mq;mq;mq;mq;mq;mq;mq;mq;mq;mq;mq;16.500000;-10;mq;mq;mq;mq;0.000000;0.000000;mq;mq;mq;710.000000;1116.000000;mq;mq;mq;mq;mq;mq;mq;mq;mq;mq;mq;mq;mq;mq;
61997;20110904150000;97980;mq;mq;290;7.700000;273.450000;267.250000;63;mq;mq;mq;mq;mq;mq;mq;mq;mq;mq;mq;mq;mq;1860;mq;mq;mq;mq;mq;mq;mq;mq;21.100000;-30;mq;mq;mq;mq;mq;0.000000;mq;mq;mq;1121.000000;mq;mq;mq;mq;mq;mq;mq;mq;mq;mq;mq;mq;mq;mq;mq;
61998;20110904150000;97920;mq;mq;320;12.900000;275.650000;270.550000;69;mq;mq;mq;mq;mq;mq;mq;mq;mq;mq;mq;mq;mq;mq;mq;mq;mq;mq;mq;mq;mq;mq;18.500000;-10;mq;mq;mq;mq;0.000000;0.600000;mq;mq;mq;710.000000;1119.000000;mq;mq;mq;mq;mq;mq;mq;mq;mq;mq;mq;mq;mq;mq;
67005;20110904150000;101460;mq;mq;180;2.100000;298.650000;293.850000;75;30000;2;1;1;40;2;800;38;23;10;mq;mq;mq;60;mq;mq;mq;mq;mq;mq;mq;mq;3.600000;-10;mq;mq;mq;mq;0.000000;0.000000;mq;mq;mq;710.000000;1104.000000;mq;mq;2;8;660;3;3;2700;mq;mq;mq;mq;mq;mq;
71805;20110904150000;101300;70;1;240;5.700000;292.950000;290.950000;88;15000;2;1;1;50;2;150;36;23;10;101220;mq;mq;mq;mq;mq;mq;mq;mq;mq;mq;mq;7.700000;-10;mq;mq;0.000000;-30;0.000000;0.000000;mq;mq;mq;710.000000;1108.000000;3100.000000;mq;2;7;150;3;3;3000;mq;mq;mq;mq;mq;mq;
78897;20110904150000;101460;70;0;330;3.100000;304.050000;296.150000;63;20000;2;1;1;60;2;800;32;20;12;mq;mq;mq;40;mq;mq;mq;mq;mq;mq;mq;mq;mq;mq;mq;mq;mq;mq;mq;mq;mq;mq;mq;mq;mq;mq;mq;2;8;900;4;0;7800;mq;mq;mq;mq;mq;mq;
78922;20110904150000;101500;60;0;70;1.500000;306.150000;296.250000;56;mq;mq;mq;mq;mq;mq;mq;mq;mq;mq;101060;mq;mq;mq;mq;mq;mq;mq;mq;mq;mq;mq;mq;mq;mq;mq;mq;mq;mq;mq;mq;mq;mq;mq;mq;mq;mq;mq;mq;mq;mq;mq;mq;mq;mq;mq;mq;mq;mq;
78925;20110904150000;101520;50;0;250;3.600000;304.750000;297.150000;64;20000;2;1;1;40;3;800;32;20;10;mq;mq;mq;70;mq;mq;mq;mq;mq;mq;mq;mq;mq;mq;mq;mq;mq;mq;mq;mq;mq;mq;mq;mq;mq;mq;mq;3;8;690;mq;mq;mq;mq;mq;mq;mq;mq;mq;
81401;20110904150000;101440;mq;mq;60;3.100000;304.050000;295.350000;60;mq;mq;mq;mq;mq;mq;mq;mq;mq;mq;101380;mq;mq;mq;mq;mq;mq;mq;mq;mq;mq;mq;mq;mq;mq;mq;mq;mq;mq;0.000000;mq;mq;mq;mq;mq;mq;mq;mq;mq;mq;mq;mq;mq;mq;mq;mq;mq;mq;mq;
81405;20110904150000;101390;mq;mq;10;2.100000;304.750000;296.350000;61;10000;2;1;1;75;4;800;32;23;10;101300;mq;mq;mq;mq;mq;mq;mq;mq;mq;mq;mq;mq;mq;mq;mq;mq;mq;mq;0.000000;mq;mq;mq;mq;mq;mq;mq;mq;mq;mq;mq;mq;mq;mq;mq;mq;mq;mq;mq;
81408;20110904150000;101450;mq;mq;190;1.000000;298.650000;295.350000;82;mq;mq;mq;mq;mq;mq;mq;mq;mq;mq;101370;mq;mq;mq;mq;mq;mq;mq;mq;mq;mq;mq;mq;mq;mq;mq;mq;mq;mq;2.000000;mq;mq;mq;mq;mq;mq;mq;mq;mq;mq;mq;mq;mq;mq;mq;mq;mq;mq;mq;
89642;20110904150000;96990;20;0;100;16.500000;264.250000;262.650000;87;mq;mq;mq;mq;mq;mq;mq;mq;mq;mq;96450;mq;mq;mq;mq;mq;mq;mq;mq;mq;mq;33.400000;33.400000;-30;mq;mq;mq;mq;mq;mq;mq;mq;mq;1033.000000;1133.000000;mq;mq;mq;mq;mq;mq;mq;mq;mq;mq;mq;mq;mq;mq;
07005;20110904180000;101050;170;1;240;4.100000;288.050000;285.750000;86;mq;mq;mq;mq;mq;mq;mq;mq;mq;mq;100170;mq;mq;mq;287.450000;mq;293.350000;mq;mq;mq;mq;mq;10.300000;-10;mq;mq;mq;mq;0.000000;0.200000;mq;3.000000;mq;710.000000;1110.000000;mq;mq;mq;mq;mq;mq;mq;mq;mq;mq;mq;mq;mq;mq;
07015;20110904180000;100850;-50;5;200;3.100000;293.150000;289.350000;79;15000;16;6;2;90;7;450;39;61;60;100300;mq;mq;mq;289.450000;mq;295.050000;mq;mq;mq;mq;mq;6.200000;-10;mq;mq;0.000000;-60;0.000000;0.200000;mq;1.000000;mq;710.000000;1106.000000;3100.000000;mq;2;9;480;7;6;990;mq;mq;mq;mq;mq;mq;
07020;20110904180000;100940;-60;7;200;7.200000;289.950000;285.450000;75;18000;2;1;1;90;4;800;32;23;11;100680;mq;mq;mq;288.050000;mq;291.350000;mq;mq;mq;mq;mq;10.300000;-10;mq;mq;mq;mq;0.000000;0.000000;mq;3.000000;mq;710.000000;1110.000000;mq;mq;4;8;780;mq;mq;mq;mq;mq;mq;mq;mq;mq;
07027;20110904180000;101070;-10;5;190;3.600000;289.850000;284.150000;69;60000;0;mq;mq;75;mq;1250;mq;mq;mq;100280;mq;mq;mq;287.950000;mq;291.950000;mq;mq;mq;mq;mq;7.200000;-10;mq;mq;mq;mq;0.000000;0.000000;mq;1.000000;mq;710.000000;1107.000000;mq;mq;mq;mq;mq;mq;mq;mq;mq;mq;mq;mq;mq;mq;
07037;20110904180000;101130;130;1;230;3.100000;288.450000;286.150000;86;50000;mq;mq;mq;90;mq;1750;mq;mq;mq;99340;mq;mq;mq;287.950000;mq;295.050000;mq;mq;mq;mq;mq;6.700000;-10;mq;mq;mq;mq;0.000000;0.000000;mq;0.800000;mq;710.000000;1107.000000;mq;mq;mq;mq;mq;mq;mq;mq;mq;mq;mq;mq;mq;mq;
07110;20110904180000;101080;40;3;240;4.600000;287.050000;285.250000;89;15000;1;6;2;90;3;450;38;27;60;99950;mq;mq;mq;285.650000;mq;291.950000;mq;mq;mq;mq;mq;8.700000;-10;mq;mq;0.000000;-60;0.000000;2.000000;mq;2.000000;mq;710.000000;1109.000000;3100.000000;mq;2;8;300;7;4;3900;mq;mq;mq;mq;mq;mq;
07130;20110904180000;101200;40;3;210;4.600000;290.150000;283.750000;66;50000;0;mq;mq;mq;mq;1750;mq;mq;mq;100690;mq;mq;mq;288.050000;mq;293.450000;mq;mq;mq;mq;mq;11.300000;-10;mq;mq;mq;mq;0.000000;0.000000;mq;11.000000;mq;710.000000;1111.000000;mq;mq;mq;mq;mq;mq;mq;mq;mq;mq;mq;mq;mq;mq;
07139;20110904180000;101160;10;3;230;4.100000;290.850000;283.450000;62;mq;mq;mq;mq;mq;mq;mq;mq;mq;mq;99480;mq;mq;mq;287.950000;mq;294.650000;mq;mq;mq;mq;mq;7.700000;-10;mq;mq;mq;mq;0.000000;0.000000;mq;2.000000;mq;710.000000;1108.000000;mq;mq;mq;mq;mq;mq;mq;mq;mq;mq;mq;mq;mq;mq;
07149;20110904180000;101170;150;3;260;6.200000;291.250000;284.750000;66;20000;1;8;6;40;3;800;38;20;10;100110;mq;mq;mq;290.650000;mq;296.250000;mq;mq;mq;mq;mq;12.900000;-10;mq;mq;0.000000;-60;0.000000;0.000000;mq;0.600000;mq;710.000000;1113.000000;3100.000000;mq;2;8;810;mq;mq;mq;mq;mq;mq;mq;mq;mq;
07168;20110904180000;101120;-30;5;180;3.100000;294.250000;287.650000;66;20000;0;mq;mq;mq;mq;mq;mq;mq;mq;99760;mq;mq;mq;291.150000;mq;296.650000;mq;mq;mq;mq;mq;7.200000;-10;mq;mq;mq;mq;0.000000;0.000000;mq;0.000000;mq;710.000000;1107.000000;mq;mq;mq;mq;mq;mq;mq;mq;mq;mq;mq;mq;mq;mq;
07181;20110904180000;101190;20;3;200;2.100000;291.450000;289.250000;87;60000;0;mq;mq;75;mq;1250;mq;mq;mq;97250;mq;mq;mq;291.450000;mq;293.650000;mq;mq;mq;mq;mq;3.600000;-10;mq;mq;mq;mq;0.000000;0.000000;mq;0.600000;mq;710.000000;1104.000000;mq;mq;mq;mq;mq;mq;mq;mq;mq;mq;mq;mq;mq;mq;
07190;20110904180000;101170;30;3;220;1.500000;292.950000;291.950000;94;4200;63;mq;mq;90;mq;150;mq;mq;mq;99420;mq;mq;mq;291.750000;mq;298.950000;mq;mq;mq;mq;mq;2.100000;-10;mq;mq;mq;mq;1.000000;6.000000;mq;11.000000;mq;710.000000;1102.000000;mq;mq;mq;mq;mq;mq;mq;mq;mq;mq;mq;mq;mq;mq;
07207;20110904180000;mq;mq;mq;270;10.300000;290.750000;285.850000;73;15000;3;8;2;90;3;450;32;29;10;mq;mq;mq;mq;288.550000;mq;291.950000;mq;mq;mq;mq;mq;14.900000;-10;mq;mq;mq;mq;0.000000;0.000000;mq;0.200000;mq;710.000000;1115.000000;2437.000000;mq;mq;mq;mq;mq;mq;mq;mq;mq;mq;mq;mq;mq;
07222;20110904180000;101370;-10;6;240;3.100000;290.250000;285.350000;73;20000;25;8;6;75;6;800;38;20;10;101060;mq;mq;mq;289.850000;mq;293.650000;mq;mq;mq;mq;mq;9.800000;-10;mq;mq;mq;mq;0.000000;0.000000;mq;6.000000;mq;710.000000;1110.000000;mq;mq;2;8;930;4;6;1230;6;6;1500;mq;mq;mq;
07240;20110904180000;101280;110;2;240;6.200000;292.150000;282.650000;54;30000;2;1;1;25;2;1250;31;20;10;99970;mq;mq;mq;289.650000;mq;295.950000;mq;mq;mq;mq;mq;10.300000;-10;mq;mq;0.000000;-60;0.000000;0.000000;mq;6.000000;mq;710.000000;1110.000000;3100.000000;mq;2;8;990;mq;mq;mq;mq;mq;mq;mq;mq;mq;
07255;20110904180000;101290;120;3;250;5.100000;293.350000;288.950000;76;20000;0;mq;mq;mq;mq;800;mq;mq;mq;99370;mq;mq;mq;290.050000;mq;298.350000;mq;mq;mq;mq;mq;9.800000;-10;mq;mq;mq;mq;0.000000;0.200000;mq;0.200000;mq;710.000000;1110.000000;mq;mq;mq;mq;mq;mq;mq;mq;mq;mq;mq;mq;mq;mq;
07280;20110904180000;101230;40;3;250;1.500000;293.550000;289.350000;77;60000;0;mq;mq;75;mq;mq;mq;mq;mq;98620;mq;mq;mq;291.750000;mq;295.650000;mq;mq;mq;mq;mq;3.100000;-10;mq;mq;mq;mq;0.000000;0.000000;mq;3.000000;mq;710.000000;1103.000000;mq;mq;mq;mq;mq;mq;mq;mq;mq;mq;mq;mq;mq;mq;
07299;20110904180000;101220;20;3;170;1.500000;291.950000;291.250000;96;7000;61;8;6;100;4;250;39;23;60;98070;mq;mq;mq;291.750000;mq;296.750000;mq;mq;mq;mq;mq;3.100000;-10;mq;mq;0.000000;-60;0.800000;5.000000;mq;12.000000;mq;710.000000;1103.000000;3100.000000;mq;1;8;240;1;9;900;3;6;990;7;3;2700;
07314;20110904180000;101580;10;3;260;7.700000;292.050000;286.050000;68;25000;2;1;1;50;4;1250;32;20;10;101310;mq;mq;mq;291.750000;mq;293.750000;mq;mq;mq;mq;mq;11.800000;-10;mq;mq;mq;mq;0.000000;0.000000;mq;2.000000;mq;710.000000;1112.000000;2438.000000;mq;4;8;1200;mq;mq;mq;mq;mq;mq;mq;mq;mq;
07335;20110904180000;101460;140;3;240;5.100000;291.350000;281.850000;54;55000;0;mq;mq;mq;mq;mq;mq;mq;mq;100050;mq;mq;mq;290.050000;mq;296.350000;mq;mq;mq;mq;mq;9.800000;-10;mq;mq;mq;mq;0.000000;0.000000;mq;0.400000;mq;710.000000;1110.000000;mq;mq;mq;mq;mq;mq;mq;mq;mq;mq;mq;mq;mq;mq;
07434;20110904180000;101500;90;3;270;3.100000;290.050000;285.350000;74;60000;0;mq;mq;100;mq;mq;mq;mq;mq;96840;mq;mq;mq;288.550000;mq;293.650000;mq;mq;mq;mq;mq;9.300000;-10;mq;mq;mq;mq;0.000000;0.000000;mq;2.000000;mq;710.000000;1109.000000;mq;mq;mq;mq;mq;mq;mq;mq;mq;mq;mq;mq;mq;mq;
07460;20110904180000;101330;150;3;100;1.500000;292.950000;290.550000;86;40000;16;8;6;90;5;800;32;26;60;97590;mq;mq;mq;291.350000;mq;296.350000;mq;mq;mq;mq;mq;5.100000;-10;mq;mq;0.000000;-60;0.000000;0.000000;mq;0.600000;mq;710.000000;1105.000000;3100.000000;mq;3;8;780;3;8;1290;6;3;3000;mq;mq;mq;
07471;20110904180000;mq;120;3;310;2.600000;290.550000;288.050000;85;20000;0;mq;mq;mq;mq;800;mq;mq;mq;92000;85000;17520;mq;287.850000;mq;294.150000;mq;mq;mq;mq;mq;3.600000;-10;mq;mq;mq;mq;0.000000;0.200000;mq;0.400000;mq;710.000000;1104.000000;mq;mq;mq;mq;mq;mq;mq;mq;mq;mq;mq;mq;mq;mq;
07481;20110904180000;101310;110;3;340;2.100000;293.050000;291.550000;91;15000;21;9;8;90;5;250;38;27;60;98550;mq;mq;mq;292.350000;mq;296.950000;mq;mq;mq;mq;mq;3.100000;-10;mq;mq;0.000000;-60;0.000000;0.200000;mq;2.000000;mq;710.000000;1103.000000;3100.000000;mq;4;8;240;3;6;1500;7;3;2400;mq;mq;mq;
07510;20110904180000;101700;80;3;290;3.600000;292.450000;284.750000;61;25000;2;1;1;60;5;1250;38;23;10;101060;mq;mq;mq;290.450000;mq;295.650000;mq;mq;mq;mq;mq;6.700000;-10;mq;mq;0.000000;-60;0.000000;0.000000;mq;3.000000;mq;710.000000;1107.000000;3100.000000;mq;1;8;1200;5;6;1800;mq;mq;mq;mq;mq;mq;
07535;20110904180000;101620;150;3;280;2.600000;292.050000;287.950000;77;mq;mq;mq;mq;mq;mq;mq;mq;mq;mq;98590;mq;mq;mq;289.050000;mq;297.850000;mq;mq;mq;mq;mq;7.200000;-10;mq;mq;mq;mq;0.000000;0.000000;mq;0.000000;mq;710.000000;1107.000000;mq;mq;mq;mq;mq;mq;mq;mq;mq;mq;mq;mq;mq;mq;
07558;20110904180000;101390;120;3;320;5.100000;291.250000;288.150000;82;mq;mq;mq;mq;mq;mq;mq;mq;mq;mq;93340;mq;mq;mq;289.550000;mq;295.350000;mq;mq;mq;mq;mq;8.700000;-10;mq;mq;mq;mq;0.000000;0.000000;mq;10.000000;mq;710.000000;1109.000000;mq;mq;mq;mq;mq;mq;mq;mq;mq;mq;mq;mq;mq;mq;
07577;20110904180000;101270;100;3;180;1.500000;295.350000;293.450000;89;20000;0;mq;mq;mq;mq;mq;mq;mq;mq;100420;mq;mq;mq;292.550000;mq;296.850000;mq;mq;mq;mq;mq;2.600000;-10;mq;mq;mq;mq;0.000000;0.200000;mq;5.000000;mq;710.000000;1103.000000;mq;mq;mq;mq;mq;mq;mq;mq;mq;mq;mq;mq;mq;mq;
07591;20110904180000;mq;170;1;180;1.500000;289.950000;288.250000;90;mq;0;mq;mq;mq;mq;mq;mq;mq;mq;91480;mq;mq;mq;289.550000;mq;296.350000;mq;mq;mq;mq;mq;5.100000;-10;mq;mq;mq;mq;0.000000;2.000000;mq;5.000000;mq;710.000000;1105.000000;mq;mq;mq;mq;mq;mq;mq;mq;mq;mq;mq;mq;mq;mq;
07607;20110904180000;101760;110;2;300;4.100000;292.750000;286.950000;69;20000;0;mq;mq;75;mq;800;mq;mq;mq;101070;mq;mq;mq;288.650000;mq;296.750000;mq;mq;mq;mq;mq;7.200000;-10;mq;mq;mq;mq;0.000000;0.000000;mq;0.200000;mq;710.000000;1107.000000;mq;mq;mq;mq;mq;mq;mq;mq;mq;mq;mq;mq;mq;mq;
07621;20110904180000;101830;170;1;250;2.600000;289.150000;288.050000;93;9000;20;8;6;90;7;250;38;61;60;97590;mq;mq;mq;288.850000;mq;295.450000;mq;mq;mq;mq;mq;8.200000;-10;mq;mq;0.000000;-60;0.000000;2.000000;mq;2.000000;mq;710.000000;1108.000000;3100.000000;mq;4;7;180;3;8;450;6;6;900;mq;mq;mq;
07627;20110904180000;101700;190;3;300;3.600000;290.050000;288.350000;90;mq;mq;mq;mq;mq;mq;mq;mq;mq;mq;96950;mq;mq;mq;289.650000;mq;294.950000;mq;mq;mq;mq;mq;8.700000;-10;mq;mq;mq;mq;0.000000;0.600000;mq;1.000000;mq;710.000000;1109.000000;mq;mq;mq;mq;mq;mq;mq;mq;mq;mq;mq;mq;mq;mq;
07630;20110904180000;101620;220;3;310;6.700000;294.450000;287.850000;66;30000;2;1;1;90;7;1250;38;61;60;99880;mq;mq;mq;291.550000;mq;298.850000;mq;mq;mq;mq;mq;10.800000;-10;mq;mq;0.000000;-60;0.000000;0.000000;mq;0.000000;mq;710.000000;1111.000000;3100.000000;mq;1;8;1380;5;6;1500;5;6;1800;mq;mq;mq;
07643;20110904180000;101320;80;3;180;1.000000;295.750000;292.950000;84;40000;1;8;6;60;4;3500;30;23;11;101230;mq;mq;mq;292.750000;mq;297.950000;mq;mq;mq;mq;mq;2.600000;-10;mq;mq;mq;mq;0.000000;2.000000;mq;11.000000;mq;710.000000;1103.000000;mq;mq;4;3;3000;3;0;6900;mq;mq;mq;mq;mq;mq;
07650;20110904180000;101290;80;3;250;2.100000;296.650000;291.050000;71;60000;2;1;1;60;4;800;38;23;10;100920;mq;mq;mq;292.950000;mq;299.150000;mq;mq;mq;mq;mq;3.100000;-10;mq;mq;0.000000;-60;0.000000;0.000000;mq;6.000000;mq;710.000000;1103.000000;3100.000000;mq;3;8;750;3;6;1500;mq;mq;mq;mq;mq;mq;
07661;20110904180000;101300;70;3;310;3.600000;295.250000;291.850000;81;20000;2;1;1;60;2;800;33;27;10;99760;mq;mq;mq;292.250000;mq;299.450000;mq;mq;mq;mq;mq;7.200000;-10;mq;mq;mq;mq;0.000000;0.000000;mq;3.000000;mq;710.000000;1107.000000;mq;mq;2;9;600;mq;mq;mq;mq;mq;mq;mq;mq;mq;
07690;20110904180000;101240;60;1;320;2.600000;295.550000;291.950000;80;50000;2;1;1;75;3;450;32;23;12;100920;mq;mq;mq;295.550000;mq;298.650000;mq;mq;mq;mq;mq;4.100000;-10;mq;mq;0.000000;-60;0.000000;0.000000;mq;4.000000;mq;710.000000;1104.000000;3100.000000;mq;2;8;390;4;3;4800;mq;mq;mq;mq;mq;mq;
07747;20110904180000;101390;170;3;300;5.100000;298.050000;289.750000;60;18000;0;mq;mq;mq;mq;mq;mq;mq;mq;100880;mq;mq;mq;294.750000;mq;302.050000;mq;mq;mq;mq;mq;9.800000;-10;mq;mq;mq;mq;0.000000;0.000000;mq;0.000000;mq;710.000000;1110.000000;mq;mq;mq;mq;mq;mq;mq;mq;mq;mq;mq;mq;mq;mq;
07761;20110904180000;101510;70;3;50;3.100000;294.350000;291.150000;82;20000;29;9;8;90;4;800;33;20;12;101400;mq;mq;mq;292.550000;mq;300.450000;mq;mq;mq;mq;mq;4.600000;-10;mq;mq;0.000000;-60;0.000000;0.800000;mq;32.000000;mq;710.000000;1105.000000;3100.000000;mq;2;6;780;4;8;1080;1;9;1200;6;0;6300;
07790;20110904180000;101380;160;3;190;2.100000;294.050000;292.350000;90;20000;1;9;8;75;1;1250;35;24;11;101240;mq;mq;mq;291.950000;mq;300.750000;mq;mq;mq;mq;mq;3.100000;-10;mq;mq;0.000000;-60;0.000000;0.000000;mq;21.000000;mq;710.000000;1103.000000;3100.000000;mq;1;6;990;3;3;3300;5;0;7800;mq;mq;mq;
61968;20110904180000;101590;mq;mq;90;3.100000;297.850000;292.650000;73;mq;mq;mq;mq;mq;mq;mq;mq;mq;mq;mq;mq;mq;90;mq;mq;302.350000;mq;mq;mq;mq;mq;7.200000;-10;mq;mq;mq;mq;0.000000;mq;mq;0.000000;mq;710.000000;1107.000000;mq;mq;mq;mq;mq;mq;mq;mq;mq;mq;mq;mq;mq;mq;
61970;20110904180000;101640;mq;mq;mq;mq;297.950000;295.650000;87;mq;mq;mq;mq;mq;mq;mq;mq;mq;mq;mq;mq;mq;10;mq;mq;302.350000;mq;mq;mq;mq;mq;mq;mq;mq;mq;mq;mq;0.000000;mq;mq;0.000000;mq;mq;mq;mq;mq;mq;mq;mq;mq;mq;mq;mq;mq;mq;mq;mq;mq;
61972;20110904180000;101890;mq;mq;170;2.100000;293.850000;291.650000;87;mq;mq;mq;mq;mq;mq;mq;mq;mq;mq;mq;mq;mq;90;mq;mq;300.250000;mq;mq;mq;mq;mq;3.600000;-10;mq;mq;mq;mq;0.000000;mq;mq;0.000000;mq;710.000000;1104.000000;mq;mq;mq;mq;mq;mq;mq;mq;mq;mq;mq;mq;mq;mq;
61976;20110904180000;101760;mq;mq;100;4.100000;296.250000;291.350000;74;mq;mq;mq;mq;mq;mq;mq;mq;mq;mq;101610;mq;mq;30;mq;mq;mq;mq;mq;mq;mq;mq;mq;mq;mq;mq;mq;mq;mq;mq;mq;mq;mq;mq;mq;mq;mq;mq;mq;mq;mq;mq;mq;mq;mq;mq;mq;mq;mq;
61980;20110904180000;101910;mq;mq;170;4.100000;294.050000;289.650000;76;10000;1;8;2;75;4;800;38;23;60;mq;mq;mq;mq;mq;mq;299.250000;mq;mq;mq;mq;mq;9.300000;-10;mq;mq;mq;mq;0.000000;mq;mq;2.000000;mq;710.000000;1109.000000;mq;mq;2;8;750;3;6;1800;5;3;3000;mq;mq;mq;
61996;20110904180000;mq;mq;mq;310;10.800000;286.450000;mq;mq;mq;mq;mq;mq;mq;mq;mq;mq;mq;mq;mq;mq;mq;mq;mq;mq;288.550000;mq;mq;mq;mq;mq;16.500000;-10;mq;mq;mq;mq;0.000000;mq;mq;0.000000;mq;710.000000;1116.000000;mq;mq;mq;mq;mq;mq;mq;mq;mq;mq;mq;mq;mq;mq;
61997;20110904180000;97570;mq;mq;330;9.300000;273.250000;267.850000;67;mq;mq;mq;mq;mq;mq;mq;mq;mq;mq;mq;mq;mq;1320;mq;mq;274.450000;mq;mq;mq;mq;mq;21.100000;-60;mq;mq;mq;mq;mq;mq;mq;0.200000;mq;1121.000000;mq;mq;mq;mq;mq;mq;mq;mq;mq;mq;mq;mq;mq;mq;mq;
61998;20110904180000;98340;mq;mq;300;12.900000;275.150000;269.650000;67;mq;mq;mq;mq;mq;mq;mq;mq;mq;mq;mq;mq;mq;mq;mq;mq;282.350000;mq;mq;mq;mq;mq;22.100000;-10;mq;mq;mq;mq;0.000000;mq;mq;0.800000;mq;710.000000;1122.000000;mq;mq;mq;mq;mq;mq;mq;mq;mq;mq;mq;mq;mq;mq;
67005;20110904180000;101610;mq;mq;250;2.100000;297.850000;294.750000;83;mq;0;mq;mq;mq;mq;mq;mq;mq;mq;mq;mq;mq;80;mq;mq;302.150000;mq;mq;mq;mq;mq;3.100000;-10;mq;mq;mq;mq;0.000000;mq;mq;0.000000;mq;710.000000;1103.000000;mq;mq;mq;mq;mq;mq;mq;mq;mq;mq;mq;mq;mq;mq;
71805;20110904180000;101300;0;0;260;6.200000;291.750000;290.450000;92;6000;2;1;1;100;7;80;36;61;60;101220;mq;mq;mq;mq;288.850000;294.350000;mq;mq;mq;mq;mq;9.300000;-10;mq;mq;0.000000;-60;0.000000;0.000000;mq;0.000000;mq;710.000000;1109.000000;3100.000000;mq;7;7;60;mq;mq;mq;mq;mq;mq;mq;mq;mq;
78897;20110904180000;101270;-190;7;320;5.100000;304.550000;294.750000;56;20000;2;1;1;50;2;800;38;20;11;mq;mq;mq;0;mq;296.150000;304.950000;mq;mq;mq;mq;mq;mq;mq;mq;mq;mq;mq;mq;mq;0.000000;mq;0.200000;mq;mq;mq;mq;2;8;930;3;0;7800;mq;mq;mq;mq;mq;mq;
78922;20110904180000;101300;-190;6;350;3.100000;307.050000;296.450000;54;mq;mq;mq;mq;mq;mq;mq;mq;mq;mq;100870;mq;mq;mq;mq;mq;mq;mq;mq;mq;mq;mq;mq;mq;mq;mq;mq;mq;mq;mq;mq;mq;mq;mq;mq;mq;mq;mq;mq;mq;mq;mq;mq;mq;mq;mq;mq;mq;mq;
78925;20110904180000;101340;-180;7;360;1.500000;302.750000;297.850000;75;15000;80;8;6;60;5;800;32;20;10;mq;mq;mq;210;mq;295.950000;305.550000;mq;mq;mq;mq;mq;mq;mq;mq;mq;mq;mq;mq;mq;0.400000;mq;mq;mq;mq;mq;mq;4;8;630;mq;mq;mq;mq;mq;mq;mq;mq;mq;
81401;20110904180000;101160;mq;mq;10;5.100000;304.650000;295.650000;59;mq;mq;mq;mq;mq;mq;mq;mq;mq;mq;101100;mq;mq;mq;mq;mq;mq;mq;mq;mq;mq;mq;mq;mq;mq;mq;mq;mq;mq;0.000000;0.000000;mq;mq;mq;mq;mq;mq;mq;mq;mq;mq;mq;mq;mq;mq;mq;mq;mq;mq;
81405;20110904180000;101340;mq;mq;160;2.600000;298.350000;296.550000;90;7000;60;8;6;75;4;250;33;23;10;101250;mq;mq;mq;mq;mq;mq;mq;mq;mq;mq;mq;mq;mq;mq;mq;mq;mq;mq;3.000000;3.000000;mq;mq;mq;mq;mq;mq;mq;mq;mq;mq;mq;mq;mq;mq;mq;mq;mq;mq;
81408;20110904180000;101230;mq;mq;310;3.100000;300.750000;295.950000;75;mq;mq;mq;mq;mq;mq;mq;mq;mq;mq;101150;mq;mq;mq;mq;mq;mq;mq;mq;mq;mq;mq;mq;mq;mq;mq;mq;mq;mq;0.000000;2.000000;mq;mq;mq;mq;mq;mq;mq;mq;mq;mq;mq;mq;mq;mq;mq;mq;mq;mq;
89642;20110904180000;96980;-10;8;130;24.700000;262.550000;260.650000;84;mq;mq;mq;mq;mq;mq;mq;mq;mq;mq;96440;mq;mq;mq;mq;mq;mq;mq;mq;mq;mq;35.500000;37.600000;-60;mq;mq;mq;mq;mq;mq;mq;mq;mq;1035.000000;1138.000000;mq;mq;mq;mq;mq;mq;mq;mq;mq;mq;mq;mq;mq;mq;
07005;20110904210000;101150;90;3;160;3.100000;285.650000;284.250000;91;mq;mq;mq;mq;mq;mq;mq;mq;mq;mq;100260;mq;mq;mq;mq;mq;mq;mq;mq;mq;mq;mq;4.600000;-10;mq;mq;mq;mq;0.000000;0.000000;mq;mq;mq;710.000000;1105.000000;mq;mq;mq;mq;mq;mq;mq;mq;mq;mq;mq;mq;mq;mq;
07015;20110904210000;101110;250;1;210;2.100000;285.650000;284.750000;94;30000;1;8;6;25;2;1250;35;20;10;100550;mq;mq;mq;mq;mq;mq;mq;mq;mq;mq;mq;3.100000;-10;mq;mq;0.000000;-30;0.000000;2.000000;mq;mq;mq;710.000000;1103.000000;3100.000000;mq;2;6;1380;mq;mq;mq;mq;mq;mq;mq;mq;mq;
07020;20110904210000;101050;110;2;260;9.800000;287.950000;286.150000;89;16000;61;8;6;100;8;800;35;61;60;100790;mq;mq;mq;mq;mq;mq;mq;mq;mq;mq;mq;13.900000;-10;mq;mq;mq;mq;0.200000;3.000000;mq;mq;mq;710.000000;1114.000000;mq;mq;8;7;780;mq;mq;mq;mq;mq;mq;mq;mq;mq;
07027;20110904210000;101140;60;3;190;4.600000;287.850000;283.450000;75;60000;0;mq;mq;mq;mq;mq;mq;mq;mq;100340;mq;mq;mq;mq;mq;mq;mq;mq;mq;mq;mq;8.200000;-10;mq;mq;mq;mq;0.000000;0.000000;mq;mq;mq;710.000000;1108.000000;mq;mq;mq;mq;mq;mq;mq;mq;mq;mq;mq;mq;mq;mq;
07037;20110904210000;101190;50;1;190;3.600000;286.350000;285.050000;92;60000;mq;mq;mq;90;mq;1750;mq;mq;mq;99390;mq;mq;mq;mq;mq;mq;mq;mq;mq;mq;mq;4.600000;-10;mq;mq;mq;mq;0.000000;0.000000;mq;mq;mq;710.000000;1105.000000;mq;mq;mq;mq;mq;mq;mq;mq;mq;mq;mq;mq;mq;mq;
07110;20110904210000;101290;200;1;250;3.100000;285.050000;283.450000;90;15000;25;8;6;60;5;800;38;20;10;100150;mq;mq;mq;mq;mq;mq;mq;mq;mq;mq;mq;8.200000;-10;mq;mq;0.000000;-30;0.200000;0.400000;mq;mq;mq;710.000000;1108.000000;3100.000000;mq;2;8;810;4;6;1500;mq;mq;mq;mq;mq;mq;
07117;20110904210000;101180;170;1;250;6.700000;286.950000;284.850000;87;15000;1;6;2;75;6;450;38;20;10;100490;mq;mq;mq;mq;mq;mq;mq;mq;mq;mq;mq;10.800000;-10;mq;mq;mq;mq;0.000000;0.000000;mq;mq;mq;710.000000;1111.000000;2427.000000;mq;mq;mq;mq;mq;mq;mq;mq;mq;mq;mq;mq;mq;
07130;20110904210000;101280;80;1;210;4.600000;288.850000;285.550000;81;40000;0;mq;mq;100;mq;2250;mq;mq;mq;100770;mq;mq;mq;mq;mq;mq;mq;mq;mq;mq;mq;8.200000;-10;mq;mq;mq;mq;0.000000;0.000000;mq;mq;mq;710.000000;1108.000000;mq;mq;mq;mq;mq;mq;mq;mq;mq;mq;mq;mq;mq;mq;
07139;20110904210000;101300;110;1;200;4.100000;287.050000;282.050000;72;mq;mq;mq;mq;mq;mq;mq;mq;mq;mq;99590;mq;mq;mq;mq;mq;mq;mq;mq;mq;mq;mq;8.700000;-10;mq;mq;mq;mq;0.000000;0.000000;mq;mq;mq;710.000000;1109.000000;mq;mq;mq;mq;mq;mq;mq;mq;mq;mq;mq;mq;mq;mq;
07149;20110904210000;101340;150;1;250;0.500000;285.950000;284.550000;91;20000;2;1;1;10;1;1750;35;20;10;100260;mq;mq;mq;mq;mq;mq;mq;mq;mq;mq;mq;2.600000;-10;mq;mq;0.000000;-30;0.000000;0.000000;mq;mq;mq;710.000000;1103.000000;3100.000000;mq;1;6;1500;mq;mq;mq;mq;mq;mq;mq;mq;mq;
07168;20110904210000;101370;220;2;290;3.600000;289.550000;287.550000;88;20000;0;mq;mq;mq;mq;mq;mq;mq;mq;99980;mq;mq;mq;mq;mq;mq;mq;mq;mq;mq;mq;11.800000;-10;mq;mq;mq;mq;0.200000;0.200000;mq;mq;mq;710.000000;1112.000000;mq;mq;mq;mq;mq;mq;mq;mq;mq;mq;mq;mq;mq;mq;
07181;20110904210000;101290;70;2;220;4.100000;289.850000;288.250000;90;60000;0;mq;mq;100;mq;mq;mq;mq;mq;97320;mq;mq;mq;mq;mq;mq;mq;mq;mq;mq;mq;5.700000;-10;mq;mq;mq;mq;0.000000;0.000000;mq;mq;mq;710.000000;1106.000000;mq;mq;mq;mq;mq;mq;mq;mq;mq;mq;mq;mq;mq;mq;
07190;20110904210000;101240;60;0;0;0.000000;291.850000;290.850000;94;7000;0;mq;mq;90;mq;800;mq;mq;mq;99480;mq;mq;mq;mq;mq;mq;mq;mq;mq;mq;mq;2.100000;-10;mq;mq;mq;mq;0.000000;2.000000;mq;mq;mq;710.000000;1102.000000;mq;mq;mq;mq;mq;mq;mq;mq;mq;mq;mq;mq;mq;mq;
07207;20110904210000;mq;mq;mq;270;9.300000;288.650000;285.450000;81;10000;2;8;2;90;3;450;32;29;10;mq;mq;mq;mq;mq;mq;mq;mq;mq;mq;mq;mq;14.400000;-10;mq;mq;mq;mq;0.600000;3.000000;mq;mq;mq;710.000000;1114.000000;2437.000000;mq;mq;mq;mq;mq;mq;mq;mq;mq;mq;mq;mq;mq;
07222;20110904210000;101430;60;1;230;3.600000;287.950000;286.850000;93;10000;25;8;6;90;7;800;39;23;10;101120;mq;mq;mq;mq;mq;mq;mq;mq;mq;mq;mq;6.700000;-10;mq;mq;mq;mq;2.000000;2.000000;mq;mq;mq;710.000000;1107.000000;mq;mq;1;9;780;3;8;990;6;3;2700;mq;mq;mq;
07240;20110904210000;101510;210;1;220;3.100000;288.250000;282.850000;70;30000;2;1;1;0;mq;mq;mq;mq;mq;100180;mq;mq;mq;mq;mq;mq;mq;mq;mq;mq;mq;6.200000;-10;mq;mq;0.000000;-30;0.000000;0.000000;mq;mq;mq;710.000000;1106.000000;3100.000000;mq;mq;mq;mq;mq;mq;mq;mq;mq;mq;mq;mq;mq;
07255;20110904210000;101550;230;2;250;3.600000;290.150000;285.450000;74;20000;0;mq;mq;mq;mq;1250;mq;mq;mq;99600;mq;mq;mq;mq;mq;mq;mq;mq;mq;mq;mq;6.700000;-10;mq;mq;mq;mq;0.000000;0.000000;mq;mq;mq;710.000000;1107.000000;mq;mq;mq;mq;mq;mq;mq;mq;mq;mq;mq;mq;mq;mq;
07280;20110904210000;101410;140;3;220;2.100000;290.350000;288.850000;91;50000;0;mq;mq;mq;mq;1750;mq;mq;mq;98760;mq;mq;mq;mq;mq;mq;mq;mq;mq;mq;mq;2.600000;-10;mq;mq;mq;mq;0.000000;0.000000;mq;mq;mq;710.000000;1103.000000;mq;mq;mq;mq;mq;mq;mq;mq;mq;mq;mq;mq;mq;mq;
07299;20110904210000;101320;100;1;160;1.500000;291.650000;291.150000;97;7000;61;6;6;100;7;250;38;61;60;98170;mq;mq;mq;mq;mq;mq;mq;mq;mq;mq;mq;2.100000;-10;mq;mq;0.000000;-30;0.600000;2.000000;mq;mq;mq;710.000000;1102.000000;3100.000000;mq;1;8;180;3;8;690;5;6;990;mq;mq;mq;
07314;20110904210000;101670;90;3;270;11.300000;290.650000;287.150000;80;20000;2;1;1;90;7;1250;38;20;10;101400;mq;mq;mq;mq;mq;mq;mq;mq;mq;mq;mq;18.000000;-10;mq;mq;mq;mq;0.000000;0.000000;mq;mq;mq;710.000000;1118.000000;mq;mq;2;8;990;6;6;1290;mq;mq;mq;mq;mq;mq;
07335;20110904210000;101680;190;1;210;3.600000;285.450000;282.850000;84;60000;0;mq;mq;mq;mq;mq;mq;mq;mq;100240;mq;mq;mq;mq;mq;mq;mq;mq;mq;mq;mq;5.100000;-10;mq;mq;mq;mq;0.000000;0.000000;mq;mq;mq;710.000000;1105.000000;mq;mq;mq;mq;mq;mq;mq;mq;mq;mq;mq;mq;mq;mq;
07434;20110904210000;101780;210;1;250;2.100000;286.750000;282.550000;76;60000;0;mq;mq;mq;mq;mq;mq;mq;mq;97050;mq;mq;mq;mq;mq;mq;mq;mq;mq;mq;mq;5.100000;-10;mq;mq;mq;mq;0.000000;0.000000;mq;mq;mq;710.000000;1105.000000;mq;mq;mq;mq;mq;mq;mq;mq;mq;mq;mq;mq;mq;mq;
07460;20110904210000;101540;180;1;70;1.000000;291.450000;288.150000;81;60000;1;8;6;90;6;800;38;27;60;97770;mq;mq;mq;mq;mq;mq;mq;mq;mq;mq;mq;5.100000;-10;mq;mq;0.000000;-30;0.000000;1.000000;mq;mq;mq;710.000000;1105.000000;3100.000000;mq;2;8;780;5;3;2100;6;3;3000;mq;mq;mq;
07471;20110904210000;mq;190;1;270;1.000000;288.450000;286.850000;90;20000;0;mq;mq;75;mq;800;mq;mq;mq;92190;85000;17690;mq;mq;mq;mq;mq;mq;mq;mq;mq;2.600000;-10;mq;mq;mq;mq;0.000000;0.000000;mq;mq;mq;710.000000;1103.000000;mq;mq;mq;mq;mq;mq;mq;mq;mq;mq;mq;mq;mq;mq;
07481;20110904210000;101480;150;1;270;2.100000;292.250000;291.050000;93;4500;80;8;6;100;5;450;38;27;60;98700;mq;mq;mq;mq;mq;mq;mq;mq;mq;mq;mq;4.600000;-10;mq;mq;0.000000;-30;2.000000;2.000000;mq;mq;mq;710.000000;1105.000000;3100.000000;mq;2;8;300;5;6;1500;8;3;2400;mq;mq;mq;
07510;20110904210000;101880;180;2;220;2.600000;289.350000;285.750000;79;25000;2;1;1;40;3;1250;38;20;12;101240;mq;mq;mq;mq;mq;mq;mq;mq;mq;mq;mq;3.100000;-10;mq;mq;0.000000;-30;0.000000;0.000000;mq;mq;mq;710.000000;1103.000000;3100.000000;mq;1;8;990;3;6;1800;mq;mq;mq;mq;mq;mq;
07535;20110904210000;101830;190;3;280;2.100000;290.150000;286.450000;79;mq;mq;mq;mq;mq;mq;mq;mq;mq;mq;98780;mq;mq;mq;mq;mq;mq;mq;mq;mq;mq;mq;5.100000;-10;mq;mq;mq;mq;0.000000;0.000000;mq;mq;mq;710.000000;1105.000000;mq;mq;mq;mq;mq;mq;mq;mq;mq;mq;mq;mq;mq;mq;
07558;20110904210000;101640;170;1;270;3.100000;288.950000;286.750000;87;mq;mq;mq;mq;mq;mq;mq;mq;mq;mq;93510;mq;mq;mq;mq;mq;mq;mq;mq;mq;mq;mq;13.400000;-10;mq;mq;mq;mq;0.000000;0.000000;mq;mq;mq;710.000000;1113.000000;mq;mq;mq;mq;mq;mq;mq;mq;mq;mq;mq;mq;mq;mq;
07577;20110904210000;101470;190;2;60;1.000000;293.850000;292.650000;93;10000;0;mq;mq;mq;mq;mq;mq;mq;mq;100610;mq;mq;mq;mq;mq;mq;mq;mq;mq;mq;mq;1.500000;-10;mq;mq;mq;mq;0.000000;0.000000;mq;mq;mq;710.000000;1102.000000;mq;mq;mq;mq;mq;mq;mq;mq;mq;mq;mq;mq;mq;mq;
07591;20110904210000;mq;100;1;210;2.600000;289.250000;287.650000;90;mq;0;mq;mq;mq;mq;mq;mq;mq;mq;91580;mq;mq;mq;mq;mq;mq;mq;mq;mq;mq;mq;3.100000;-10;mq;mq;mq;mq;0.000000;0.000000;mq;mq;mq;710.000000;1103.000000;mq;mq;mq;mq;mq;mq;mq;mq;mq;mq;mq;mq;mq;mq;
07607;20110904210000;101970;200;1;260;2.100000;290.850000;285.350000;70;20000;0;mq;mq;100;mq;1750;mq;mq;mq;101270;mq;mq;mq;mq;mq;mq;mq;mq;mq;mq;mq;4.100000;-10;mq;mq;mq;mq;0.000000;0.000000;mq;mq;mq;710.000000;1104.000000;mq;mq;mq;mq;mq;mq;mq;mq;mq;mq;mq;mq;mq;mq;
07621;20110904210000;102040;180;2;240;4.100000;287.750000;286.650000;93;8000;20;2;2;90;7;150;38;61;60;97770;mq;mq;mq;mq;mq;mq;mq;mq;mq;mq;mq;5.700000;-10;mq;mq;0.000000;-30;0.000000;0.000000;mq;mq;mq;710.000000;1106.000000;3100.000000;mq;2;7;180;3;8;450;6;6;900;mq;mq;mq;
07627;20110904210000;101940;210;1;310;1.500000;288.850000;287.050000;89;mq;mq;mq;mq;mq;mq;mq;mq;mq;mq;97160;mq;mq;mq;mq;mq;mq;mq;mq;mq;mq;mq;3.100000;-10;mq;mq;mq;mq;0.000000;1.000000;mq;mq;mq;710.000000;1103.000000;mq;mq;mq;mq;mq;mq;mq;mq;mq;mq;mq;mq;mq;mq;
07630;20110904210000;101870;240;1;290;6.200000;292.750000;286.950000;69;30000;2;1;1;90;7;800;35;61;60;100120;mq;mq;mq;mq;mq;mq;mq;mq;mq;mq;mq;8.200000;-10;mq;mq;0.000000;-30;0.000000;0.000000;mq;mq;mq;710.000000;1108.000000;3100.000000;mq;6;6;900;7;6;1440;mq;mq;mq;mq;mq;mq;
07643;20110904210000;101460;140;2;280;3.100000;294.650000;292.550000;88;40000;2;1;1;50;4;3500;30;23;10;101370;mq;mq;mq;mq;mq;mq;mq;mq;mq;mq;mq;4.600000;-10;mq;mq;mq;mq;0.000000;0.000000;mq;mq;mq;710.000000;1105.000000;mq;mq;4;3;3000;mq;mq;mq;mq;mq;mq;mq;mq;mq;
07650;20110904210000;101430;140;1;180;1.500000;294.550000;291.950000;85;60000;2;1;1;25;1;1750;38;23;10;101060;mq;mq;mq;mq;mq;mq;mq;mq;mq;mq;mq;2.600000;-10;mq;mq;0.000000;-30;0.000000;0.000000;mq;mq;mq;710.000000;1103.000000;3100.000000;mq;1;6;1500;mq;mq;mq;mq;mq;mq;mq;mq;mq;
07661;20110904210000;101400;90;1;330;5.100000;294.250000;292.350000;89;mq;mq;mq;mq;mq;mq;mq;mq;mq;mq;99850;mq;mq;mq;mq;mq;mq;mq;mq;mq;mq;mq;7.700000;-10;mq;mq;mq;mq;0.000000;0.000000;mq;mq;mq;710.000000;1108.000000;mq;mq;mq;mq;mq;mq;mq;mq;mq;mq;mq;mq;mq;mq;
07690;20110904210000;101340;90;1;320;3.100000;294.450000;291.650000;84;50000;2;1;1;90;3;800;38;23;13;101010;mq;mq;mq;mq;mq;mq;mq;mq;mq;mq;mq;5.100000;-10;mq;mq;0.000000;-30;0.000000;0.000000;mq;mq;mq;710.000000;1105.000000;3100.000000;mq;1;8;690;4;0;6300;mq;mq;mq;mq;mq;mq;
07747;20110904210000;101660;270;1;300;4.100000;294.950000;290.550000;76;55000;0;mq;mq;90;mq;2250;mq;mq;mq;101150;mq;mq;mq;mq;mq;mq;mq;mq;mq;mq;mq;7.200000;-10;mq;mq;mq;mq;0.600000;0.600000;mq;mq;mq;710.000000;1107.000000;mq;mq;mq;mq;mq;mq;mq;mq;mq;mq;mq;mq;mq;mq;
07761;20110904210000;101610;100;0;40;3.100000;292.750000;291.050000;90;20000;1;9;8;50;2;1250;32;27;10;101500;mq;mq;mq;mq;mq;mq;mq;mq;mq;mq;mq;4.100000;-10;mq;mq;0.000000;-30;0.000000;6.000000;mq;mq;mq;710.000000;1104.000000;3100.000000;mq;2;8;1200;3;3;3000;mq;mq;mq;mq;mq;mq;
07790;20110904210000;101480;100;0;200;2.100000;292.250000;290.550000;90;30000;2;1;1;60;1;1250;35;24;11;101340;mq;mq;mq;mq;mq;mq;mq;mq;mq;mq;mq;3.100000;-10;mq;mq;0.000000;-30;0.000000;0.000000;mq;mq;mq;710.000000;1103.000000;3100.000000;mq;1;6;990;5;0;6300;mq;mq;mq;mq;mq;mq;
61968;20110904210000;101530;mq;mq;80;4.600000;298.150000;292.550000;71;mq;mq;mq;mq;mq;mq;mq;mq;mq;mq;mq;mq;mq;90;mq;mq;mq;mq;mq;mq;mq;mq;10.800000;-10;mq;mq;mq;mq;0.000000;0.000000;mq;mq;mq;710.000000;1111.000000;mq;mq;mq;mq;mq;mq;mq;mq;mq;mq;mq;mq;mq;mq;
61970;20110904210000;101670;mq;mq;mq;mq;297.550000;295.250000;87;mq;mq;mq;mq;mq;mq;mq;mq;mq;mq;mq;mq;mq;70;mq;mq;mq;mq;mq;mq;mq;mq;mq;mq;mq;mq;mq;mq;0.000000;0.000000;mq;mq;mq;mq;mq;mq;mq;mq;mq;mq;mq;mq;mq;mq;mq;mq;mq;mq;mq;
61972;20110904210000;101960;mq;mq;180;4.100000;294.550000;291.950000;85;mq;mq;mq;mq;mq;mq;mq;mq;mq;mq;mq;mq;mq;110;mq;mq;mq;mq;mq;mq;mq;mq;6.700000;-10;mq;mq;mq;mq;0.000000;0.000000;mq;mq;mq;710.000000;1107.000000;mq;mq;mq;mq;mq;mq;mq;mq;mq;mq;mq;mq;mq;mq;
61980;20110904210000;101940;mq;mq;110;4.600000;293.250000;290.450000;84;28000;0;mq;mq;90;mq;1250;mq;mq;mq;mq;mq;mq;70;mq;mq;mq;mq;mq;mq;mq;mq;8.200000;-10;mq;mq;mq;mq;0.000000;0.000000;mq;mq;mq;710.000000;1108.000000;mq;mq;mq;mq;mq;mq;mq;mq;mq;mq;mq;mq;mq;mq;
61996;20110904210000;mq;mq;mq;310;10.300000;286.450000;mq;mq;mq;mq;mq;mq;mq;mq;mq;mq;mq;mq;mq;mq;mq;mq;mq;mq;mq;mq;mq;mq;mq;mq;14.400000;-10;mq;mq;mq;mq;0.000000;0.000000;mq;mq;mq;710.000000;1114.000000;mq;mq;mq;mq;mq;mq;mq;mq;mq;mq;mq;mq;mq;mq;
61997;20110904210000;97180;mq;mq;330;15.400000;273.950000;269.650000;73;mq;mq;mq;mq;mq;mq;mq;mq;mq;mq;mq;mq;mq;600;mq;mq;mq;mq;mq;mq;mq;mq;21.100000;-30;mq;mq;mq;mq;mq;0.000000;mq;mq;mq;1121.000000;mq;mq;mq;mq;mq;mq;mq;mq;mq;mq;mq;mq;mq;mq;mq;
61998;20110904210000;98620;mq;mq;300;11.300000;275.350000;269.450000;65;mq;mq;mq;mq;mq;mq;mq;mq;mq;mq;mq;mq;mq;400;mq;mq;mq;mq;mq;mq;mq;mq;22.100000;-10;mq;mq;mq;mq;0.000000;0.000000;mq;mq;mq;710.000000;1122.000000;mq;mq;mq;mq;mq;mq;mq;mq;mq;mq;mq;mq;mq;mq;
67005;20110904210000;101580;mq;mq;0;0.500000;295.850000;294.150000;90;mq;0;mq;mq;mq;mq;mq;mq;mq;mq;mq;mq;mq;140;mq;mq;mq;mq;mq;mq;mq;mq;2.100000;-10;mq;mq;mq;mq;0.000000;0.000000;mq;mq;mq;710.000000;1102.000000;mq;mq;mq;mq;mq;mq;mq;mq;mq;mq;mq;mq;mq;mq;
71805;20110904210000;101390;90;3;260;4.600000;292.250000;290.750000;91;7000;0;mq;mq;mq;mq;150;mq;mq;mq;101310;mq;mq;mq;mq;mq;mq;mq;mq;mq;mq;mq;8.700000;-10;mq;mq;mq;mq;0.000000;0.000000;mq;mq;mq;710.000000;1109.000000;mq;mq;mq;mq;mq;mq;mq;mq;mq;mq;mq;mq;mq;mq;
78897;20110904210000;101200;-70;6;330;4.600000;303.050000;296.250000;67;20000;2;1;1;40;1;800;38;20;12;mq;mq;mq;mq;mq;mq;mq;mq;mq;mq;mq;mq;mq;mq;mq;mq;mq;mq;mq;mq;mq;mq;mq;mq;mq;mq;mq;2;8;840;3;0;7800;mq;mq;mq;mq;mq;mq;
78922;20110904210000;101240;-70;6;180;2.100000;302.850000;296.050000;67;mq;mq;mq;mq;mq;mq;mq;mq;mq;mq;100800;mq;mq;mq;mq;mq;mq;mq;mq;mq;mq;mq;mq;mq;mq;mq;mq;mq;mq;mq;mq;mq;mq;mq;mq;mq;mq;mq;mq;mq;mq;mq;mq;mq;mq;mq;mq;mq;mq;
78925;20110904210000;101240;-100;6;260;2.100000;303.150000;298.050000;74;12000;3;9;8;60;5;800;38;20;10;mq;mq;mq;mq;mq;mq;mq;mq;mq;mq;mq;mq;mq;mq;mq;mq;mq;mq;mq;mq;mq;mq;mq;mq;mq;mq;mq;4;8;900;mq;mq;mq;mq;mq;mq;mq;mq;mq;
81401;20110904210000;101240;mq;mq;70;2.100000;301.650000;295.450000;69;mq;mq;mq;mq;mq;mq;mq;mq;mq;mq;101180;mq;mq;mq;mq;mq;mq;mq;mq;mq;mq;mq;mq;mq;mq;mq;mq;mq;mq;0.000000;mq;mq;mq;mq;mq;mq;mq;mq;mq;mq;mq;mq;mq;mq;mq;mq;mq;mq;mq;
81405;20110904210000;101230;mq;mq;360;2.100000;298.050000;296.150000;89;12000;1;8;6;75;5;450;38;23;10;101140;mq;mq;mq;mq;mq;mq;mq;mq;mq;mq;mq;mq;mq;mq;mq;mq;mq;mq;0.600000;mq;mq;mq;mq;mq;mq;mq;mq;mq;mq;mq;mq;mq;mq;mq;mq;mq;mq;mq;
81408;20110904210000;101250;mq;mq;170;2.600000;298.350000;294.850000;81;mq;mq;mq;mq;mq;mq;mq;mq;mq;mq;101170;mq;mq;mq;mq;mq;mq;mq;mq;mq;mq;mq;mq;mq;mq;mq;mq;mq;mq;0.400000;mq;mq;mq;mq;mq;mq;mq;mq;mq;mq;mq;mq;mq;mq;mq;mq;mq;mq;mq;
89642;20110904210000;97200;220;1;130;24.700000;262.250000;260.350000;84;mq;mq;mq;mq;mq;mq;mq;mq;mq;mq;96660;mq;mq;mq;mq;mq;mq;mq;mq;mq;mq;35.500000;41.200000;-30;mq;mq;mq;mq;mq;mq;mq;mq;mq;1035.000000;1141.000000;mq;mq;mq;mq;mq;mq;mq;mq;mq;mq;mq;mq;mq;mq;
07005;20110905000000;101130;-10;7;160;3.100000;286.050000;285.150000;94;mq;mq;mq;mq;mq;mq;mq;mq;mq;mq;100250;mq;mq;mq;mq;mq;mq;mq;mq;mq;mq;mq;5.100000;-10;mq;mq;mq;mq;0.200000;0.200000;0.200000;mq;mq;710.000000;1105.000000;mq;mq;mq;mq;mq;mq;mq;mq;mq;mq;mq;mq;mq;mq;
07015;20110905000000;101120;10;0;210;3.600000;285.650000;284.550000;93;30000;2;8;6;10;1;1250;35;20;10;100560;mq;mq;mq;mq;mq;mq;mq;mq;mq;mq;mq;5.700000;-10;mq;mq;0.000000;-60;0.000000;0.000000;2.000000;mq;mq;710.000000;1106.000000;3100.000000;mq;1;6;1380;mq;mq;mq;mq;mq;mq;mq;mq;mq;
07020;20110905000000;101120;70;2;250;11.800000;288.650000;283.650000;72;16000;21;8;6;60;3;1250;32;20;11;100860;mq;mq;mq;mq;mq;mq;mq;mq;mq;mq;mq;15.400000;-10;mq;mq;mq;mq;0.000000;0.000000;3.000000;mq;mq;710.000000;1115.000000;mq;mq;3;8;990;mq;mq;mq;mq;mq;mq;mq;mq;mq;
07027;20110905000000;101230;90;3;220;4.600000;286.950000;285.150000;89;55000;0;mq;mq;100;mq;1750;mq;mq;mq;100430;mq;mq;mq;mq;mq;mq;mq;mq;mq;mq;mq;8.700000;-10;mq;mq;mq;mq;0.200000;0.200000;0.200000;mq;mq;710.000000;1109.000000;mq;mq;mq;mq;mq;mq;mq;mq;mq;mq;mq;mq;mq;mq;
07037;20110905000000;101230;30;1;210;5.700000;286.050000;284.250000;89;19000;mq;mq;mq;mq;mq;1750;mq;mq;mq;99420;mq;mq;mq;mq;mq;mq;mq;mq;mq;mq;mq;8.700000;-10;mq;mq;mq;mq;0.000000;0.000000;0.000000;mq;mq;710.000000;1109.000000;mq;mq;mq;mq;mq;mq;mq;mq;mq;mq;mq;mq;mq;mq;
07110;20110905000000;101370;80;1;230;4.600000;284.950000;283.350000;90;15000;3;8;6;40;3;1250;32;20;10;100230;mq;mq;mq;mq;mq;mq;mq;mq;mq;mq;mq;6.700000;-10;mq;mq;0.000000;-60;0.000000;0.200000;0.600000;mq;mq;710.000000;1107.000000;3100.000000;mq;3;8;1200;mq;mq;mq;mq;mq;mq;mq;mq;mq;
07117;20110905000000;101290;100;2;240;5.100000;285.750000;283.250000;85;15000;2;1;1;25;2;450;32;20;10;100590;mq;mq;mq;mq;mq;mq;mq;mq;mq;mq;mq;11.300000;-10;mq;mq;mq;mq;0.000000;0.000000;0.000000;mq;mq;710.000000;1111.000000;2437.000000;mq;mq;mq;mq;mq;mq;mq;mq;mq;mq;mq;mq;mq;
07130;20110905000000;101410;120;3;240;3.100000;286.050000;284.650000;91;50000;0;mq;mq;75;mq;mq;mq;mq;mq;100890;mq;mq;mq;mq;mq;mq;mq;mq;mq;mq;mq;5.100000;-10;mq;mq;mq;mq;0.000000;0.400000;0.400000;mq;mq;710.000000;1105.000000;mq;mq;mq;mq;mq;mq;mq;mq;mq;mq;mq;mq;mq;mq;
07139;20110905000000;101340;40;1;220;3.600000;287.250000;284.250000;82;mq;mq;mq;mq;mq;mq;mq;mq;mq;mq;99630;mq;mq;mq;mq;mq;mq;mq;mq;mq;mq;mq;6.200000;-10;mq;mq;mq;mq;0.000000;0.000000;0.000000;mq;mq;710.000000;1106.000000;mq;mq;mq;mq;mq;mq;mq;mq;mq;mq;mq;mq;mq;mq;
07149;20110905000000;101420;80;1;190;1.500000;286.050000;283.950000;87;20000;2;1;1;10;1;1750;35;20;10;100340;mq;mq;mq;mq;mq;mq;mq;mq;mq;mq;mq;4.100000;-10;mq;mq;0.000000;-60;0.000000;0.000000;0.000000;mq;mq;710.000000;1104.000000;3100.000000;mq;1;6;1500;mq;mq;mq;mq;mq;mq;mq;mq;mq;
07168;20110905000000;101530;140;1;220;3.100000;286.750000;284.650000;87;20000;0;mq;mq;mq;mq;mq;mq;mq;mq;100120;mq;mq;mq;mq;mq;mq;mq;mq;mq;mq;mq;3.600000;-10;mq;mq;mq;mq;0.000000;0.000000;0.200000;mq;mq;710.000000;1104.000000;mq;mq;mq;mq;mq;mq;mq;mq;mq;mq;mq;mq;mq;mq;
07181;20110905000000;101400;90;3;270;4.100000;288.750000;286.950000;89;60000;0;mq;mq;100;mq;450;mq;mq;mq;97410;mq;mq;mq;mq;mq;mq;mq;mq;mq;mq;mq;9.800000;-10;mq;mq;mq;mq;0.200000;0.200000;0.200000;mq;mq;710.000000;1110.000000;mq;mq;mq;mq;mq;mq;mq;mq;mq;mq;mq;mq;mq;mq;
07190;20110905000000;101280;40;1;210;2.100000;291.550000;290.750000;95;5000;0;mq;mq;90;mq;1250;mq;mq;mq;99520;mq;mq;mq;mq;mq;mq;mq;mq;mq;mq;mq;4.100000;-10;mq;mq;mq;mq;0.000000;0.000000;2.000000;mq;mq;710.000000;1104.000000;mq;mq;mq;mq;mq;mq;mq;mq;mq;mq;mq;mq;mq;mq;
07207;20110905000000;mq;mq;mq;300;7.200000;288.750000;282.650000;67;12000;1;8;2;10;1;800;32;20;10;mq;mq;mq;mq;mq;mq;mq;mq;mq;mq;mq;mq;15.900000;-10;mq;mq;mq;mq;0.000000;0.200000;3.000000;mq;mq;710.000000;1116.000000;2437.000000;mq;mq;mq;mq;mq;mq;mq;mq;mq;mq;mq;mq;mq;
07222;20110905000000;101520;90;1;240;2.600000;287.350000;286.550000;95;5000;60;mq;mq;100;mq;450;mq;mq;mq;101210;mq;mq;mq;mq;mq;mq;mq;mq;mq;mq;mq;4.100000;-10;mq;mq;mq;mq;0.400000;4.000000;6.000000;mq;mq;710.000000;1104.000000;mq;mq;mq;mq;mq;mq;mq;mq;mq;mq;mq;mq;mq;mq;
07240;20110905000000;101530;20;0;190;4.600000;287.850000;283.850000;77;30000;2;1;1;75;6;1750;35;20;10;100200;mq;mq;mq;mq;mq;mq;mq;mq;mq;mq;mq;9.800000;-10;mq;mq;0.000000;-60;0.000000;0.000000;0.000000;mq;mq;710.000000;1110.000000;3100.000000;mq;6;6;1500;mq;mq;mq;mq;mq;mq;mq;mq;mq;
07255;20110905000000;101720;140;1;220;3.100000;286.550000;283.350000;81;20000;0;mq;mq;mq;mq;mq;mq;mq;mq;99740;mq;mq;mq;mq;mq;mq;mq;mq;mq;mq;mq;5.700000;-10;mq;mq;mq;mq;0.000000;0.000000;0.000000;mq;mq;710.000000;1106.000000;mq;mq;mq;mq;mq;mq;mq;mq;mq;mq;mq;mq;mq;mq;
07280;20110905000000;101500;100;3;260;2.600000;291.450000;288.350000;82;60000;0;mq;mq;100;mq;800;mq;mq;mq;98860;mq;mq;mq;mq;mq;mq;mq;mq;mq;mq;mq;4.600000;-10;mq;mq;mq;mq;0.000000;0.000000;0.000000;mq;mq;710.000000;1105.000000;mq;mq;mq;mq;mq;mq;mq;mq;mq;mq;mq;mq;mq;mq;
07299;20110905000000;101390;50;3;230;2.100000;290.750000;289.950000;95;16000;61;mq;mq;100;mq;mq;mq;mq;mq;98220;mq;mq;mq;mq;mq;mq;mq;mq;mq;mq;mq;4.100000;-10;mq;mq;mq;mq;0.000000;3.000000;5.000000;mq;mq;710.000000;1104.000000;mq;mq;mq;mq;mq;mq;mq;mq;mq;mq;mq;mq;mq;mq;
07314;20110905000000;101680;10;3;250;8.200000;291.150000;286.850000;76;18000;2;1;1;100;8;1250;38;20;10;101410;mq;mq;mq;mq;mq;mq;mq;mq;mq;mq;mq;11.800000;-10;mq;mq;mq;mq;0.200000;0.400000;0.400000;mq;mq;710.000000;1112.000000;2437.000000;mq;2;8;990;8;6;1290;mq;mq;mq;mq;mq;mq;
07335;20110905000000;101700;30;1;210;5.700000;287.250000;285.250000;88;60000;0;mq;mq;100;mq;1750;mq;mq;mq;100270;mq;mq;mq;mq;mq;mq;mq;mq;mq;mq;mq;10.300000;-10;mq;mq;mq;mq;0.000000;0.000000;0.000000;mq;mq;710.000000;1110.000000;mq;mq;mq;mq;mq;mq;mq;mq;mq;mq;mq;mq;mq;mq;
07434;20110905000000;101900;80;0;210;2.100000;284.650000;282.350000;86;60000;0;mq;mq;mq;mq;mq;mq;mq;mq;97130;mq;mq;mq;mq;mq;mq;mq;mq;mq;mq;mq;4.100000;-10;mq;mq;mq;mq;0.000000;0.000000;0.000000;mq;mq;710.000000;1104.000000;mq;mq;mq;mq;mq;mq;mq;mq;mq;mq;mq;mq;mq;mq;
07460;20110905000000;101690;140;2;260;3.600000;291.050000;284.850000;67;60000;1;8;6;90;6;1250;38;27;60;97910;mq;mq;mq;mq;mq;mq;mq;mq;mq;mq;mq;7.700000;-10;mq;mq;0.000000;-60;0.000000;0.000000;1.000000;mq;mq;710.000000;1108.000000;3100.000000;mq;2;8;990;5;6;1800;6;3;2700;mq;mq;mq;
07471;20110905000000;mq;60;3;260;1.500000;288.250000;284.450000;78;20000;0;mq;mq;mq;mq;1250;mq;mq;mq;92250;85000;17750;mq;mq;mq;mq;mq;mq;mq;mq;mq;4.600000;-10;mq;mq;mq;mq;0.000000;0.000000;0.000000;mq;mq;710.000000;1105.000000;mq;mq;mq;mq;mq;mq;mq;mq;mq;mq;mq;mq;mq;mq;
07481;20110905000000;101600;110;3;210;1.000000;291.450000;290.250000;93;15000;1;8;6;100;5;1250;38;27;60;98810;mq;mq;mq;mq;mq;mq;mq;mq;mq;mq;mq;6.200000;-10;mq;mq;0.000000;-60;0.000000;0.400000;3.000000;mq;mq;710.000000;1106.000000;3100.000000;mq;5;6;990;3;6;1290;7;3;2100;mq;mq;mq;
07510;20110905000000;101920;30;3;190;2.600000;288.150000;286.150000;88;25000;2;1;1;50;4;1750;35;23;10;101270;mq;mq;mq;mq;mq;mq;mq;mq;mq;mq;mq;3.600000;-10;mq;mq;0.000000;-60;0.000000;0.000000;0.000000;mq;mq;710.000000;1104.000000;3100.000000;mq;2;6;1800;3;3;3000;mq;mq;mq;mq;mq;mq;
07535;20110905000000;101980;130;3;280;1.000000;288.750000;284.950000;78;mq;mq;mq;mq;mq;mq;mq;mq;mq;mq;98910;mq;mq;mq;mq;mq;mq;mq;mq;mq;mq;mq;4.100000;-10;mq;mq;mq;mq;0.000000;0.000000;0.000000;mq;mq;710.000000;1104.000000;mq;mq;mq;mq;mq;mq;mq;mq;mq;mq;mq;mq;mq;mq;
07558;20110905000000;101810;120;1;310;5.700000;287.850000;286.350000;91;mq;mq;mq;mq;mq;mq;mq;mq;mq;mq;93630;mq;mq;mq;mq;mq;mq;mq;mq;mq;mq;mq;9.300000;-10;mq;mq;mq;mq;0.200000;0.400000;0.400000;mq;mq;710.000000;1109.000000;mq;mq;mq;mq;mq;mq;mq;mq;mq;mq;mq;mq;mq;mq;
07577;20110905000000;101580;100;2;360;1.500000;292.550000;290.650000;89;20000;0;mq;mq;mq;mq;mq;mq;mq;mq;100710;mq;mq;mq;mq;mq;mq;mq;mq;mq;mq;mq;7.200000;-10;mq;mq;mq;mq;0.000000;0.000000;0.000000;mq;mq;710.000000;1107.000000;mq;mq;mq;mq;mq;mq;mq;mq;mq;mq;mq;mq;mq;mq;
07591;20110905000000;mq;40;3;210;2.100000;288.650000;288.050000;96;mq;60;mq;mq;mq;mq;mq;mq;mq;mq;91620;mq;mq;mq;mq;mq;mq;mq;mq;mq;mq;mq;5.100000;-10;mq;mq;mq;mq;0.400000;0.400000;0.400000;mq;mq;710.000000;1105.000000;mq;mq;mq;mq;mq;mq;mq;mq;mq;mq;mq;mq;mq;mq;
07607;20110905000000;102020;50;2;220;2.600000;290.350000;287.250000;82;20000;0;mq;mq;100;mq;2250;mq;mq;mq;101320;mq;mq;mq;mq;mq;mq;mq;mq;mq;mq;mq;4.100000;-10;mq;mq;mq;mq;0.000000;0.000000;0.000000;mq;mq;710.000000;1104.000000;mq;mq;mq;mq;mq;mq;mq;mq;mq;mq;mq;mq;mq;mq;
07621;20110905000000;102090;50;2;200;2.100000;287.650000;286.350000;92;15000;2;1;1;90;7;1250;35;61;60;97820;mq;mq;mq;mq;mq;mq;mq;mq;mq;mq;mq;4.100000;-10;mq;mq;0.000000;-60;0.000000;0.000000;0.000000;mq;mq;710.000000;1104.000000;3100.000000;mq;7;6;1080;mq;mq;mq;mq;mq;mq;mq;mq;mq;
07627;20110905000000;102080;100;3;300;5.100000;287.250000;285.150000;87;mq;mq;mq;mq;mq;mq;mq;mq;mq;mq;97260;mq;mq;mq;mq;mq;mq;mq;mq;mq;mq;mq;10.800000;-10;mq;mq;mq;mq;0.200000;0.200000;1.000000;mq;mq;710.000000;1111.000000;mq;mq;mq;mq;mq;mq;mq;mq;mq;mq;mq;mq;mq;mq;
07630;20110905000000;102000;110;2;290;4.100000;290.850000;287.350000;80;60000;0;mq;mq;100;mq;1750;mq;mq;mq;100230;mq;mq;mq;mq;mq;mq;mq;mq;mq;mq;mq;6.700000;-10;mq;mq;mq;mq;0.000000;0.000000;0.000000;mq;mq;710.000000;1107.000000;mq;mq;mq;mq;mq;mq;mq;mq;mq;mq;mq;mq;mq;mq;
07643;20110905000000;101600;140;3;270;6.200000;294.650000;289.850000;74;60000;0;mq;mq;mq;mq;mq;mq;mq;mq;101510;mq;mq;mq;mq;mq;mq;mq;mq;mq;mq;mq;7.700000;-10;mq;mq;mq;mq;0.000000;0.000000;0.000000;mq;mq;710.000000;1108.000000;mq;mq;mq;mq;mq;mq;mq;mq;mq;mq;mq;mq;mq;mq;
07650;20110905000000;101500;70;1;310;2.100000;294.250000;292.550000;90;40000;0;mq;mq;100;mq;450;mq;mq;mq;101130;mq;mq;mq;mq;mq;mq;mq;mq;mq;mq;mq;3.600000;-10;mq;mq;mq;mq;0.000000;0.000000;0.000000;mq;mq;710.000000;1104.000000;mq;mq;mq;mq;mq;mq;mq;mq;mq;mq;mq;mq;mq;mq;
07661;20110905000000;101440;40;1;340;6.700000;293.550000;291.350000;87;mq;mq;mq;mq;mq;mq;mq;mq;mq;mq;99890;mq;mq;mq;mq;mq;mq;mq;mq;mq;mq;mq;8.700000;-10;mq;mq;mq;mq;0.000000;0.000000;0.000000;mq;mq;710.000000;1109.000000;mq;mq;mq;mq;mq;mq;mq;mq;mq;mq;mq;mq;mq;mq;
07690;20110905000000;101290;-50;7;320;2.600000;293.550000;290.350000;82;50000;2;1;1;10;1;800;35;20;10;100960;mq;mq;mq;mq;mq;mq;mq;mq;mq;mq;mq;5.100000;-10;mq;mq;0.000000;-60;0.000000;0.000000;0.000000;mq;mq;710.000000;1105.000000;3100.000000;mq;1;6;600;mq;mq;mq;mq;mq;mq;mq;mq;mq;
07747;20110905000000;101800;130;1;300;4.600000;293.350000;287.950000;71;60000;0;mq;mq;mq;mq;2250;mq;mq;mq;101280;mq;mq;mq;mq;mq;mq;mq;mq;mq;mq;mq;8.200000;-10;mq;mq;mq;mq;0.000000;0.000000;0.600000;mq;mq;710.000000;1108.000000;mq;mq;mq;mq;mq;mq;mq;mq;mq;mq;mq;mq;mq;mq;
07761;20110905000000;101560;-50;7;40;4.100000;291.850000;289.950000;89;20000;2;9;8;50;4;800;38;20;10;101450;mq;mq;mq;mq;mq;mq;mq;mq;mq;mq;mq;5.100000;-10;mq;mq;0.000000;-60;0.000000;0.000000;6.000000;mq;mq;710.000000;1105.000000;3100.000000;mq;2;8;780;3;6;900;mq;mq;mq;mq;mq;mq;
07790;20110905000000;101420;-60;8;200;2.100000;291.750000;289.550000;87;60000;0;mq;mq;mq;mq;mq;mq;mq;mq;101280;mq;mq;mq;mq;mq;mq;mq;mq;mq;mq;mq;4.100000;-10;mq;mq;mq;mq;0.000000;0.000000;0.000000;mq;mq;710.000000;1104.000000;mq;mq;mq;mq;mq;mq;mq;mq;mq;mq;mq;mq;mq;mq;
61968;20110905000000;101360;mq;mq;90;4.100000;297.650000;292.450000;73;mq;mq;mq;mq;mq;mq;mq;mq;mq;mq;mq;mq;mq;40;mq;mq;mq;mq;mq;mq;mq;mq;9.800000;-10;mq;mq;mq;mq;0.000000;mq;0.000000;mq;mq;710.000000;1110.000000;mq;mq;mq;mq;mq;mq;mq;mq;mq;mq;mq;mq;mq;mq;
61970;20110905000000;101540;mq;mq;mq;mq;297.350000;295.250000;88;mq;mq;mq;mq;mq;mq;mq;mq;mq;mq;mq;mq;mq;80;mq;mq;mq;mq;mq;mq;mq;mq;mq;mq;mq;mq;mq;mq;0.000000;mq;0.000000;mq;mq;mq;mq;mq;mq;mq;mq;mq;mq;mq;mq;mq;mq;mq;mq;mq;mq;
61972;20110905000000;101890;mq;mq;180;5.100000;293.850000;289.250000;75;mq;mq;mq;mq;mq;mq;mq;mq;mq;mq;mq;mq;mq;160;mq;mq;mq;mq;mq;mq;mq;mq;8.200000;-10;mq;mq;mq;mq;0.000000;mq;0.000000;mq;mq;710.000000;1108.000000;mq;mq;mq;mq;mq;mq;mq;mq;mq;mq;mq;mq;mq;mq;
61980;20110905000000;101780;mq;mq;170;3.100000;292.750000;289.750000;83;10000;1;8;1;50;3;800;38;23;10;mq;mq;mq;20;mq;mq;mq;mq;mq;mq;mq;mq;4.600000;-10;mq;mq;mq;mq;0.000000;mq;0.200000;mq;mq;710.000000;1105.000000;mq;mq;1;8;750;3;6;1500;mq;mq;mq;mq;mq;mq;
61996;20110905000000;mq;mq;mq;310;9.800000;286.450000;mq;mq;mq;mq;mq;mq;mq;mq;mq;mq;mq;mq;mq;mq;mq;mq;mq;mq;mq;mq;mq;mq;mq;mq;13.400000;-10;mq;mq;mq;mq;0.000000;mq;0.000000;mq;mq;710.000000;1113.000000;mq;mq;mq;mq;mq;mq;mq;mq;mq;mq;mq;mq;mq;mq;
61997;20110905000000;96990;mq;mq;260;9.300000;271.850000;270.750000;91;mq;mq;mq;mq;mq;mq;mq;mq;mq;mq;mq;mq;mq;mq;mq;mq;mq;mq;mq;mq;mq;mq;24.700000;-60;mq;mq;mq;mq;mq;mq;0.600000;mq;mq;1125.000000;mq;mq;mq;mq;mq;mq;mq;mq;mq;mq;mq;mq;mq;mq;mq;
61998;20110905000000;98560;mq;mq;320;10.800000;275.850000;272.050000;76;15000;0;mq;mq;75;1;800;35;20;16;mq;mq;mq;670;mq;mq;mq;mq;mq;mq;mq;mq;18.000000;-10;mq;mq;mq;mq;0.000000;mq;0.000000;mq;mq;710.000000;1118.000000;mq;mq;1;6;600;6;0;6900;mq;mq;mq;mq;mq;mq;
67005;20110905000000;101410;mq;mq;330;1.500000;295.350000;293.850000;91;mq;0;mq;mq;mq;mq;mq;mq;mq;mq;mq;mq;mq;70;mq;mq;mq;mq;mq;mq;mq;mq;3.100000;-10;mq;mq;mq;mq;0.000000;mq;0.000000;mq;mq;710.000000;1103.000000;mq;mq;mq;mq;mq;mq;mq;mq;mq;mq;mq;mq;mq;mq;
71805;20110905000000;101530;140;3;250;3.100000;289.650000;289.350000;98;3300;10;mq;mq;101;mq;mq;62;61;60;101450;mq;mq;mq;mq;mq;mq;mq;mq;mq;mq;mq;6.200000;-10;mq;mq;mq;mq;0.000000;0.000000;0.000000;mq;mq;710.000000;1106.000000;mq;mq;mq;mq;mq;mq;mq;mq;mq;mq;mq;mq;mq;mq;
78897;20110905000000;101320;120;3;270;1.500000;299.850000;296.150000;80;20000;2;1;1;25;1;800;32;20;12;mq;mq;mq;mq;296.150000;mq;304.950000;mq;mq;mq;mq;mq;mq;mq;mq;mq;mq;mq;mq;mq;0.000000;mq;0.200000;mq;mq;mq;mq;1;8;630;mq;mq;mq;mq;mq;mq;mq;mq;mq;
78922;20110905000000;101350;110;3;90;2.100000;301.250000;295.950000;73;mq;mq;mq;mq;mq;mq;mq;mq;mq;mq;100910;mq;mq;mq;mq;mq;mq;mq;mq;mq;mq;mq;mq;mq;mq;mq;mq;mq;mq;mq;mq;mq;mq;mq;mq;mq;mq;mq;mq;mq;mq;mq;mq;mq;mq;mq;mq;mq;mq;
78925;20110905000000;101330;90;3;60;1.000000;300.250000;297.850000;87;20000;1;9;8;25;2;800;32;20;10;mq;mq;mq;mq;295.950000;mq;305.550000;mq;mq;mq;mq;mq;mq;mq;mq;mq;mq;mq;mq;mq;7.000000;mq;7.000000;mq;mq;mq;mq;2;8;900;mq;mq;mq;mq;mq;mq;mq;mq;mq;
81401;20110905000000;101410;mq;mq;230;1.500000;296.650000;294.950000;90;mq;mq;mq;mq;mq;mq;mq;mq;mq;mq;101350;mq;mq;mq;mq;mq;305.550000;mq;mq;mq;mq;mq;mq;mq;mq;mq;mq;mq;mq;0.000000;0.000000;mq;mq;mq;mq;mq;mq;mq;mq;mq;mq;mq;mq;mq;mq;mq;mq;mq;mq;
81405;20110905000000;101460;mq;mq;170;1.500000;296.650000;295.950000;96;40000;0;mq;mq;90;mq;mq;mq;mq;mq;101370;mq;mq;mq;mq;mq;304.950000;mq;mq;mq;mq;mq;mq;mq;mq;mq;mq;mq;mq;0.000000;0.600000;mq;mq;mq;mq;mq;mq;mq;mq;mq;mq;mq;mq;mq;mq;mq;mq;mq;mq;
81408;20110905000000;101400;mq;mq;270;0.500000;296.350000;295.550000;95;mq;mq;mq;mq;mq;mq;mq;mq;mq;mq;101320;mq;mq;mq;mq;mq;303.350000;mq;mq;mq;mq;mq;mq;mq;mq;mq;mq;mq;mq;2.000000;2.000000;mq;mq;mq;mq;mq;mq;mq;mq;mq;mq;mq;mq;mq;mq;mq;mq;mq;mq;
89642;20110905000000;97600;400;1;110;14.900000;262.850000;260.950000;84;200;71;7;7;101;mq;mq;62;61;60;97060;mq;mq;mq;262.050000;mq;265.150000;mq;mq;mq;mq;25.200000;41.200000;-60;mq;mq;mq;mq;mq;mq;mq;mq;mq;1025.000000;1141.000000;mq;mq;mq;mq;mq;mq;mq;mq;mq;mq;mq;mq;mq;mq;
07005;20110905030000;101130;0;5;190;4.600000;286.850000;284.850000;88;mq;mq;mq;mq;mq;mq;mq;mq;mq;mq;100250;mq;mq;mq;mq;mq;mq;mq;mq;mq;mq;mq;6.700000;-10;mq;mq;mq;mq;0.000000;0.000000;mq;mq;mq;710.000000;1107.000000;mq;mq;mq;mq;mq;mq;mq;mq;mq;mq;mq;mq;mq;mq;
07015;20110905030000;101090;-30;7;200;4.600000;286.250000;284.650000;90;30000;0;mq;mq;90;7;1250;35;61;60;100530;mq;mq;mq;mq;mq;mq;mq;mq;mq;mq;mq;7.700000;-10;mq;mq;0.000000;-30;0.000000;0.000000;mq;mq;mq;710.000000;1108.000000;3100.000000;mq;2;6;990;7;6;1800;mq;mq;mq;mq;mq;mq;
07020;20110905030000;101160;40;0;250;12.300000;288.450000;284.450000;77;16000;2;1;1;60;3;1250;32;20;11;100900;mq;mq;mq;mq;mq;mq;mq;mq;mq;mq;mq;16.500000;-10;mq;mq;mq;mq;0.000000;0.000000;mq;mq;mq;710.000000;1116.000000;mq;mq;3;8;990;mq;mq;mq;mq;mq;mq;mq;mq;mq;
07027;20110905030000;101320;80;3;190;3.600000;284.450000;283.350000;93;45000;0;mq;mq;mq;mq;800;mq;mq;mq;100510;mq;mq;mq;mq;mq;mq;mq;mq;mq;mq;mq;6.700000;-10;mq;mq;mq;mq;0.200000;1.000000;mq;mq;mq;710.000000;1107.000000;mq;mq;mq;mq;mq;mq;mq;mq;mq;mq;mq;mq;mq;mq;
07037;20110905030000;101290;60;3;230;3.600000;285.550000;285.050000;97;18000;mq;mq;mq;100;mq;450;mq;mq;mq;99480;mq;mq;mq;mq;mq;mq;mq;mq;mq;mq;mq;8.700000;-10;mq;mq;mq;mq;0.000000;0.200000;mq;mq;mq;710.000000;1109.000000;mq;mq;mq;mq;mq;mq;mq;mq;mq;mq;mq;mq;mq;mq;
07110;20110905030000;101420;50;1;240;4.600000;285.550000;283.950000;90;20000;3;8;6;75;6;800;38;20;10;100280;mq;mq;mq;mq;mq;mq;mq;mq;mq;mq;mq;8.700000;-10;mq;mq;0.000000;-30;0.000000;0.200000;mq;mq;mq;710.000000;1109.000000;3100.000000;mq;4;8;600;5;6;1500;mq;mq;mq;mq;mq;mq;
07117;20110905030000;101310;30;3;250;7.200000;286.750000;283.950000;83;15000;2;1;1;90;6;800;38;22;60;100620;mq;mq;mq;mq;mq;mq;mq;mq;mq;mq;mq;12.900000;-10;mq;mq;mq;mq;0.000000;0.200000;mq;mq;mq;710.000000;1113.000000;2437.000000;mq;mq;mq;mq;mq;mq;mq;mq;mq;mq;mq;mq;mq;
07130;20110905030000;101560;150;1;220;2.600000;283.850000;282.650000;92;45000;0;mq;mq;mq;mq;mq;mq;mq;mq;101040;mq;mq;mq;mq;mq;mq;mq;mq;mq;mq;mq;5.700000;-10;mq;mq;mq;mq;0.000000;0.000000;mq;mq;mq;710.000000;1106.000000;mq;mq;mq;mq;mq;mq;mq;mq;mq;mq;mq;mq;mq;mq;
07139;20110905030000;101450;100;3;260;3.600000;285.450000;283.350000;87;mq;mq;mq;mq;mq;mq;mq;mq;mq;mq;99730;mq;mq;mq;mq;mq;mq;mq;mq;mq;mq;mq;6.700000;-10;mq;mq;mq;mq;0.000000;0.200000;mq;mq;mq;710.000000;1107.000000;mq;mq;mq;mq;mq;mq;mq;mq;mq;mq;mq;mq;mq;mq;
07149;20110905030000;101430;10;3;200;2.600000;286.550000;284.050000;85;20000;2;1;1;60;5;3500;30;23;10;100350;mq;mq;mq;mq;mq;mq;mq;mq;mq;mq;mq;6.200000;-10;mq;mq;0.000000;-30;0.000000;0.000000;mq;mq;mq;710.000000;1106.000000;3100.000000;mq;5;3;3000;mq;mq;mq;mq;mq;mq;mq;mq;mq;
07168;20110905030000;101580;40;1;200;4.100000;284.750000;282.650000;87;20000;0;mq;mq;mq;mq;mq;mq;mq;mq;100160;mq;mq;mq;mq;mq;mq;mq;mq;mq;mq;mq;6.200000;-10;mq;mq;mq;mq;0.000000;0.000000;mq;mq;mq;710.000000;1106.000000;mq;mq;mq;mq;mq;mq;mq;mq;mq;mq;mq;mq;mq;mq;
07181;20110905030000;101500;70;1;260;3.600000;286.950000;284.950000;88;60000;0;mq;mq;90;mq;mq;mq;mq;mq;97480;mq;mq;mq;mq;mq;mq;mq;mq;mq;mq;mq;6.700000;-10;mq;mq;mq;mq;0.000000;0.000000;mq;mq;mq;710.000000;1107.000000;mq;mq;mq;mq;mq;mq;mq;mq;mq;mq;mq;mq;mq;mq;
07190;20110905030000;101400;110;3;300;5.100000;290.150000;287.950000;87;27000;0;mq;mq;100;mq;800;mq;mq;mq;99630;mq;mq;mq;mq;mq;mq;mq;mq;mq;mq;mq;11.800000;-10;mq;mq;mq;mq;0.000000;0.000000;mq;mq;mq;710.000000;1112.000000;mq;mq;mq;mq;mq;mq;mq;mq;mq;mq;mq;mq;mq;mq;
07207;20110905030000;mq;mq;mq;280;8.700000;289.150000;283.250000;68;12000;2;1;1;10;1;800;32;20;10;mq;mq;mq;mq;mq;mq;mq;mq;mq;mq;mq;mq;14.400000;-10;mq;mq;mq;mq;0.000000;0.000000;mq;mq;mq;710.000000;1114.000000;2437.000000;mq;mq;mq;mq;mq;mq;mq;mq;mq;mq;mq;mq;mq;
07222;20110905030000;101680;150;1;240;1.000000;284.450000;283.850000;96;15000;2;1;1;0;mq;mq;mq;mq;mq;101360;mq;mq;mq;mq;mq;mq;mq;mq;mq;mq;mq;1.500000;-10;mq;mq;mq;mq;0.000000;0.200000;mq;mq;mq;710.000000;1102.000000;mq;mq;mq;mq;mq;mq;mq;mq;mq;mq;mq;mq;mq;mq;
07240;20110905030000;101610;70;3;240;4.600000;286.950000;285.850000;93;50000;61;mq;mq;100;7;800;35;61;60;100270;mq;mq;mq;mq;mq;mq;mq;mq;mq;mq;mq;7.700000;-10;mq;mq;0.000000;-30;0.600000;0.800000;mq;mq;mq;710.000000;1108.000000;3100.000000;mq;7;6;600;mq;mq;mq;mq;mq;mq;mq;mq;mq;
07255;20110905030000;101720;0;5;210;4.100000;286.350000;283.850000;85;20000;0;mq;mq;mq;mq;1250;mq;mq;mq;99740;mq;mq;mq;mq;mq;mq;mq;mq;mq;mq;mq;6.200000;-10;mq;mq;mq;mq;0.000000;0.000000;mq;mq;mq;710.000000;1106.000000;mq;mq;mq;mq;mq;mq;mq;mq;mq;mq;mq;mq;mq;mq;
07280;20110905030000;101650;120;1;290;2.600000;289.350000;282.950000;66;60000;0;mq;mq;100;mq;1250;mq;mq;mq;98980;mq;mq;mq;mq;mq;mq;mq;mq;mq;mq;mq;7.200000;-10;mq;mq;mq;mq;0.000000;0.000000;mq;mq;mq;710.000000;1107.000000;mq;mq;mq;mq;mq;mq;mq;mq;mq;mq;mq;mq;mq;mq;
07299;20110905030000;101400;10;2;250;4.100000;290.850000;289.550000;92;20000;2;1;1;100;3;1250;38;27;60;98230;mq;mq;mq;mq;mq;mq;mq;mq;mq;mq;mq;7.200000;-10;mq;mq;0.000000;-30;0.000000;0.200000;mq;mq;mq;710.000000;1107.000000;3100.000000;mq;1;8;990;3;6;1800;7;3;2400;mq;mq;mq;
07314;20110905030000;101800;120;3;290;8.200000;290.650000;285.750000;73;mq;mq;mq;mq;mq;mq;mq;mq;mq;mq;101530;mq;mq;mq;mq;mq;mq;mq;mq;mq;mq;mq;12.900000;-10;mq;mq;mq;mq;0.000000;0.800000;mq;mq;mq;710.000000;1113.000000;mq;mq;mq;mq;mq;mq;mq;mq;mq;mq;mq;mq;mq;mq;
07335;20110905030000;101740;30;3;210;3.600000;285.750000;284.950000;95;60000;0;mq;mq;mq;mq;1750;mq;mq;mq;100300;mq;mq;mq;mq;mq;mq;mq;mq;mq;mq;mq;6.200000;-10;mq;mq;mq;mq;0.000000;0.000000;mq;mq;mq;710.000000;1106.000000;mq;mq;mq;mq;mq;mq;mq;mq;mq;mq;mq;mq;mq;mq;
07434;20110905030000;101910;10;1;180;1.500000;284.450000;282.850000;90;50000;0;mq;mq;100;mq;1250;mq;mq;mq;97140;mq;mq;mq;mq;mq;mq;mq;mq;mq;mq;mq;2.600000;-10;mq;mq;mq;mq;0.000000;0.000000;mq;mq;mq;710.000000;1103.000000;mq;mq;mq;mq;mq;mq;mq;mq;mq;mq;mq;mq;mq;mq;
07460;20110905030000;101840;90;1;280;3.600000;287.550000;282.350000;71;60000;1;mq;mq;25;1;3500;30;23;11;98000;mq;mq;mq;mq;mq;mq;mq;mq;mq;mq;mq;8.700000;-10;mq;mq;0.000000;-30;0.000000;0.000000;mq;mq;mq;710.000000;1109.000000;3100.000000;mq;1;3;3000;mq;mq;mq;mq;mq;mq;mq;mq;mq;
07481;20110905030000;101730;110;3;340;6.200000;289.750000;286.250000;80;30000;2;1;1;90;7;450;38;61;60;98920;mq;mq;mq;mq;mq;mq;mq;mq;mq;mq;mq;9.800000;-10;mq;mq;0.000000;-30;0.000000;0.200000;mq;mq;mq;710.000000;1110.000000;3100.000000;mq;1;8;390;7;6;690;mq;mq;mq;mq;mq;mq;
07510;20110905030000;101910;-10;5;210;4.100000;288.050000;287.450000;96;15000;21;6;1;60;5;450;38;20;10;101260;mq;mq;mq;mq;mq;mq;mq;mq;mq;mq;mq;7.700000;-10;mq;mq;0.000000;-30;0.200000;0.200000;mq;mq;mq;710.000000;1108.000000;3100.000000;mq;1;8;330;4;6;960;mq;mq;mq;mq;mq;mq;
07535;20110905030000;102030;10;3;140;2.100000;285.750000;284.650000;93;mq;mq;mq;mq;mq;mq;mq;mq;mq;mq;98920;mq;mq;mq;mq;mq;mq;mq;mq;mq;mq;mq;2.600000;-10;mq;mq;mq;mq;0.000000;0.000000;mq;mq;mq;710.000000;1103.000000;mq;mq;mq;mq;mq;mq;mq;mq;mq;mq;mq;mq;mq;mq;
07558;20110905030000;101910;60;3;320;7.200000;286.650000;284.550000;87;mq;mq;mq;mq;mq;mq;mq;mq;mq;mq;93690;mq;mq;mq;mq;mq;mq;mq;mq;mq;mq;mq;10.300000;-10;mq;mq;mq;mq;0.000000;0.000000;mq;mq;mq;710.000000;1110.000000;mq;mq;mq;mq;mq;mq;mq;mq;mq;mq;mq;mq;mq;mq;
07577;20110905030000;101650;70;3;300;0.500000;291.350000;290.150000;93;20000;0;mq;mq;mq;mq;mq;mq;mq;mq;100780;mq;mq;mq;mq;mq;mq;mq;mq;mq;mq;mq;2.100000;-10;mq;mq;mq;mq;0.000000;0.000000;mq;mq;mq;710.000000;1102.000000;mq;mq;mq;mq;mq;mq;mq;mq;mq;mq;mq;mq;mq;mq;
07591;20110905030000;mq;40;3;190;2.100000;287.850000;287.050000;95;mq;0;mq;mq;mq;mq;mq;mq;mq;mq;91660;mq;mq;mq;mq;mq;mq;mq;mq;mq;mq;mq;3.100000;-10;mq;mq;mq;mq;0.200000;1.000000;mq;mq;mq;710.000000;1103.000000;mq;mq;mq;mq;mq;mq;mq;mq;mq;mq;mq;mq;mq;mq;
07607;20110905030000;102050;30;3;230;2.600000;289.550000;287.250000;86;20000;0;mq;mq;90;mq;mq;mq;mq;mq;101350;mq;mq;mq;mq;mq;mq;mq;mq;mq;mq;mq;4.600000;-10;mq;mq;mq;mq;0.000000;0.000000;mq;mq;mq;710.000000;1105.000000;mq;mq;mq;mq;mq;mq;mq;mq;mq;mq;mq;mq;mq;mq;
07621;20110905030000;102100;10;0;190;2.600000;287.750000;286.250000;91;15000;2;mq;mq;100;8;1750;37;61;60;97830;mq;mq;mq;mq;mq;mq;mq;mq;mq;mq;mq;3.600000;-10;mq;mq;0.000000;-30;0.000000;0.000000;mq;mq;mq;710.000000;1104.000000;3100.000000;mq;7;6;1500;mq;mq;mq;mq;mq;mq;mq;mq;mq;
07627;20110905030000;102140;60;2;140;1.000000;287.250000;285.850000;91;mq;mq;mq;mq;mq;mq;mq;mq;mq;mq;97320;mq;mq;mq;mq;mq;mq;mq;mq;mq;mq;mq;1.500000;-10;mq;mq;mq;mq;0.000000;0.000000;mq;mq;mq;710.000000;1102.000000;mq;mq;mq;mq;mq;mq;mq;mq;mq;mq;mq;mq;mq;mq;
07630;20110905030000;102070;70;1;270;3.100000;290.550000;286.050000;75;30000;2;1;1;90;7;1750;35;61;60;100300;mq;mq;mq;mq;mq;mq;mq;mq;mq;mq;mq;5.100000;-10;mq;mq;0.000000;-30;0.000000;0.000000;mq;mq;mq;710.000000;1105.000000;3100.000000;mq;6;6;1500;7;6;1500;mq;mq;mq;mq;mq;mq;
07643;20110905030000;101690;90;3;260;3.100000;292.950000;288.350000;75;40000;2;1;1;40;3;1250;35;20;10;101600;mq;mq;mq;mq;mq;mq;mq;mq;mq;mq;mq;5.700000;-10;mq;mq;mq;mq;0.000000;0.000000;mq;mq;mq;710.000000;1106.000000;mq;mq;3;6;1200;mq;mq;mq;mq;mq;mq;mq;mq;mq;
07650;20110905030000;101520;20;3;310;4.100000;293.850000;292.350000;91;20000;2;1;1;90;4;450;31;23;10;101150;mq;mq;mq;mq;mq;mq;mq;mq;mq;mq;mq;6.200000;-10;mq;mq;mq;mq;0.000000;0.000000;mq;mq;mq;710.000000;1106.000000;mq;mq;4;8;390;6;3;3600;mq;mq;mq;mq;mq;mq;
07661;20110905030000;101410;-30;6;340;8.200000;294.150000;291.350000;84;mq;mq;mq;mq;mq;mq;mq;mq;mq;mq;99860;mq;mq;mq;mq;mq;mq;mq;mq;mq;mq;mq;11.800000;-10;mq;mq;mq;mq;0.000000;0.000000;mq;mq;mq;710.000000;1112.000000;mq;mq;mq;mq;mq;mq;mq;mq;mq;mq;mq;mq;mq;mq;
07690;20110905030000;101200;-90;6;320;3.100000;292.750000;289.750000;83;50000;2;1;1;0;mq;mq;mq;mq;mq;100870;mq;mq;mq;mq;mq;mq;mq;mq;mq;mq;mq;4.600000;-10;mq;mq;0.000000;-30;0.000000;0.000000;mq;mq;mq;710.000000;1105.000000;3100.000000;mq;mq;mq;mq;mq;mq;mq;mq;mq;mq;mq;mq;mq;
07747;20110905030000;101850;50;3;290;2.600000;293.050000;286.950000;68;60000;0;mq;mq;90;mq;1750;mq;mq;mq;101330;mq;mq;mq;mq;mq;mq;mq;mq;mq;mq;mq;6.700000;-10;mq;mq;mq;mq;0.000000;0.000000;mq;mq;mq;710.000000;1107.000000;mq;mq;mq;mq;mq;mq;mq;mq;mq;mq;mq;mq;mq;mq;
07761;20110905030000;101550;-10;8;40;3.100000;291.350000;289.350000;88;20000;2;1;1;10;1;800;32;20;10;101440;mq;mq;mq;mq;mq;mq;mq;mq;mq;mq;mq;4.600000;-10;mq;mq;0.000000;-30;0.000000;0.000000;mq;mq;mq;710.000000;1105.000000;3100.000000;mq;1;8;900;mq;mq;mq;mq;mq;mq;mq;mq;mq;
07790;20110905030000;101410;-10;5;200;1.500000;291.050000;288.850000;87;25000;2;1;1;0;mq;mq;mq;mq;mq;101270;mq;mq;mq;mq;mq;mq;mq;mq;mq;mq;mq;3.100000;-10;mq;mq;mq;mq;0.000000;0.000000;mq;mq;mq;710.000000;1103.000000;mq;mq;mq;mq;mq;mq;mq;mq;mq;mq;mq;mq;mq;mq;
61968;20110905030000;101450;mq;mq;100;3.100000;297.150000;292.050000;73;mq;mq;mq;mq;mq;mq;mq;mq;mq;mq;mq;mq;mq;40;mq;mq;mq;mq;mq;mq;mq;mq;6.700000;-10;mq;mq;mq;mq;0.000000;0.000000;mq;mq;mq;710.000000;1107.000000;mq;mq;mq;mq;mq;mq;mq;mq;mq;mq;mq;mq;mq;mq;
61970;20110905030000;101620;mq;mq;mq;mq;297.650000;294.550000;83;mq;mq;mq;mq;mq;mq;mq;mq;mq;mq;mq;mq;mq;70;mq;mq;mq;mq;mq;mq;mq;mq;mq;mq;mq;mq;mq;mq;0.000000;0.000000;mq;mq;mq;mq;mq;mq;mq;mq;mq;mq;mq;mq;mq;mq;mq;mq;mq;mq;mq;
61972;20110905030000;101920;mq;mq;160;4.100000;293.250000;288.850000;76;mq;mq;mq;mq;mq;mq;mq;mq;mq;mq;mq;mq;mq;180;mq;mq;mq;mq;mq;mq;mq;mq;8.700000;-10;mq;mq;mq;mq;0.000000;0.000000;mq;mq;mq;710.000000;1109.000000;mq;mq;mq;mq;mq;mq;mq;mq;mq;mq;mq;mq;mq;mq;
61976;20110905030000;101650;mq;mq;170;4.100000;295.750000;293.650000;88;mq;mq;mq;mq;mq;mq;mq;mq;mq;mq;101500;mq;mq;mq;mq;mq;mq;mq;mq;mq;mq;mq;mq;mq;mq;mq;mq;mq;mq;mq;mq;mq;mq;mq;mq;mq;mq;mq;mq;mq;mq;mq;mq;mq;mq;mq;mq;mq;mq;
61980;20110905030000;101870;mq;mq;180;3.100000;291.850000;289.450000;86;10000;2;1;1;10;1;800;38;20;10;mq;mq;mq;10;mq;mq;mq;mq;mq;mq;mq;mq;4.600000;-10;mq;mq;mq;mq;0.000000;0.000000;mq;mq;mq;710.000000;1105.000000;mq;mq;1;8;780;mq;mq;mq;mq;mq;mq;mq;mq;mq;
61996;20110905030000;mq;mq;mq;330;11.300000;287.650000;mq;mq;mq;mq;mq;mq;mq;mq;mq;mq;mq;mq;mq;mq;mq;mq;mq;mq;mq;mq;mq;mq;mq;mq;14.400000;-10;mq;mq;mq;mq;0.000000;0.000000;mq;mq;mq;710.000000;1114.000000;mq;mq;mq;mq;mq;mq;mq;mq;mq;mq;mq;mq;mq;mq;
61997;20110905030000;97090;mq;mq;250;9.800000;272.350000;269.450000;78;mq;mq;mq;mq;mq;mq;mq;mq;mq;mq;mq;mq;mq;mq;mq;mq;mq;mq;mq;mq;mq;mq;19.000000;-30;mq;mq;mq;mq;mq;0.400000;mq;mq;mq;1119.000000;mq;mq;mq;mq;mq;mq;mq;mq;mq;mq;mq;mq;mq;mq;mq;
61998;20110905030000;97660;mq;mq;50;8.200000;273.250000;272.550000;95;600;71;7;mq;100;5;450;35;22;60;mq;mq;mq;50;mq;mq;mq;mq;mq;mq;mq;mq;10.800000;-10;mq;mq;mq;mq;0.800000;1.000000;mq;mq;mq;710.000000;1111.000000;mq;mq;5;6;480;7;4;2400;mq;mq;mq;mq;mq;mq;
67005;20110905030000;101530;mq;mq;170;3.600000;295.450000;294.250000;93;20000;2;1;1;50;4;800;38;20;10;mq;mq;mq;140;mq;mq;mq;mq;mq;mq;mq;mq;5.100000;-10;mq;mq;mq;mq;0.000000;0.000000;mq;mq;mq;710.000000;1105.000000;mq;mq;3;8;600;mq;mq;mq;mq;mq;mq;mq;mq;mq;
71805;20110905030000;101520;-10;8;240;5.100000;289.650000;289.450000;99;100;45;mq;mq;101;mq;mq;62;61;60;101440;mq;mq;mq;mq;mq;mq;mq;mq;mq;mq;mq;6.700000;-10;mq;mq;mq;mq;0.200000;0.200000;mq;mq;mq;710.000000;1107.000000;mq;mq;mq;mq;mq;mq;mq;mq;mq;mq;mq;mq;mq;mq;
78897;20110905030000;101360;40;0;230;1.000000;298.750000;295.850000;84;20000;2;1;1;25;1;800;32;20;12;mq;mq;mq;mq;mq;mq;mq;mq;mq;mq;mq;mq;mq;mq;mq;mq;mq;mq;mq;mq;mq;mq;mq;mq;mq;mq;mq;1;8;630;mq;mq;mq;mq;mq;mq;mq;mq;mq;
78922;20110905030000;101380;30;0;60;1.500000;300.750000;295.950000;75;mq;mq;mq;mq;mq;mq;mq;mq;mq;mq;100940;mq;mq;mq;mq;mq;mq;mq;mq;mq;mq;mq;mq;mq;mq;mq;mq;mq;mq;mq;mq;mq;mq;mq;mq;mq;mq;mq;mq;mq;mq;mq;mq;mq;mq;mq;mq;mq;mq;
78925;20110905030000;101400;70;0;110;1.500000;298.150000;297.250000;95;20000;2;1;1;10;1;800;32;20;10;mq;mq;mq;mq;mq;mq;mq;mq;mq;mq;mq;mq;mq;mq;mq;mq;mq;mq;mq;mq;mq;mq;mq;mq;mq;mq;mq;1;8;900;mq;mq;mq;mq;mq;mq;mq;mq;mq;
81401;20110905030000;101490;mq;mq;170;1.000000;296.350000;294.950000;92;mq;mq;mq;mq;mq;mq;mq;mq;mq;mq;101430;mq;mq;mq;mq;mq;mq;mq;mq;mq;mq;mq;mq;mq;mq;mq;mq;mq;mq;0.000000;mq;mq;mq;mq;mq;mq;mq;mq;mq;mq;mq;mq;mq;mq;mq;mq;mq;mq;mq;
81405;20110905030000;101490;mq;mq;270;1.500000;296.550000;296.350000;99;1100;45;mq;mq;101;mq;mq;62;61;60;101400;mq;mq;mq;mq;mq;mq;mq;mq;mq;mq;mq;mq;mq;mq;mq;mq;mq;mq;0.000000;mq;mq;mq;mq;mq;mq;mq;mq;mq;mq;mq;mq;mq;mq;mq;mq;mq;mq;mq;
81408;20110905030000;101460;mq;mq;0;0.000000;296.050000;295.550000;97;mq;mq;mq;mq;mq;mq;mq;mq;mq;mq;101380;mq;mq;mq;mq;mq;mq;mq;mq;mq;mq;mq;mq;mq;mq;mq;mq;mq;mq;0.000000;mq;mq;mq;mq;mq;mq;mq;mq;mq;mq;mq;mq;mq;mq;mq;mq;mq;mq;mq;
89642;20110905030000;97850;240;3;90;15.400000;261.450000;259.450000;83;100;71;7;7;101;mq;mq;62;61;60;97300;mq;mq;mq;mq;mq;mq;mq;mq;mq;mq;23.100000;24.200000;-30;mq;mq;mq;mq;mq;mq;mq;mq;mq;1023.000000;1124.000000;mq;mq;mq;mq;mq;mq;mq;mq;mq;mq;mq;mq;mq;mq;
07005;20110905060000;101280;140;3;210;4.600000;285.550000;284.250000;92;30000;1;6;1;25;1;450;38;23;10;100390;mq;mq;mq;285.250000;mq;288.250000;mq;284.150000;mq;mq;mq;7.700000;-10;1;0.000000;0.000000;-60;0.000000;0.800000;mq;1.000000;3.600000;710.000000;1108.000000;3100.000000;mq;1;8;480;mq;mq;mq;mq;mq;mq;mq;mq;mq;
07015;20110905060000;101220;130;3;220;4.100000;286.550000;285.250000;92;20000;21;mq;mq;90;7;450;38;61;60;100660;mq;mq;mq;285.050000;mq;292.850000;mq;284.150000;mq;mq;mq;6.200000;-10;2;0.000000;0.000000;-60;0.200000;0.400000;mq;2.000000;3.400000;710.000000;1106.000000;3100.000000;mq;3;8;360;7;6;1350;mq;mq;mq;mq;mq;mq;
07020;20110905060000;101300;140;2;260;9.800000;288.650000;283.650000;72;mq;mq;mq;mq;mq;mq;mq;mq;mq;mq;101040;mq;mq;mq;287.750000;mq;290.150000;mq;mq;mq;mq;mq;15.900000;-10;mq;mq;mq;mq;0.000000;0.000000;mq;3.000000;6.200000;710.000000;1116.000000;mq;mq;mq;mq;mq;mq;mq;mq;mq;mq;mq;mq;mq;mq;
07027;20110905060000;101450;130;3;200;4.600000;285.250000;283.850000;91;30000;2;1;1;40;3;800;38;20;10;100640;mq;mq;mq;284.050000;mq;289.750000;mq;283.150000;mq;mq;mq;8.700000;-10;2;0.000000;0.000000;-60;0.000000;0.000000;mq;1.000000;2.400000;710.000000;1109.000000;3100.000000;mq;1;8;780;mq;mq;mq;mq;mq;mq;mq;mq;mq;
07037;20110905060000;101450;150;3;220;4.600000;284.550000;284.050000;97;15000;1;8;6;40;3;450;38;20;10;99630;mq;mq;mq;284.250000;mq;288.450000;mq;282.150000;mq;mq;mq;6.700000;-10;1;0.000000;0.000000;-60;0.000000;0.000000;mq;0.200000;1.000000;710.000000;1107.000000;3100.000000;mq;1;8;300;3;6;1500;mq;mq;mq;mq;mq;mq;
07110;20110905060000;101600;180;3;240;3.100000;285.050000;284.150000;94;20000;1;8;6;40;3;800;38;20;10;100460;mq;mq;mq;284.350000;mq;287.050000;mq;283.150000;mq;mq;mq;7.700000;-10;2;0.000000;0.000000;-60;0.200000;0.800000;mq;2.000000;3.400000;710.000000;1108.000000;3100.000000;mq;1;8;750;3;6;1500;mq;mq;mq;mq;mq;mq;
07117;20110905060000;101500;180;3;250;6.200000;286.150000;284.550000;90;18000;2;1;1;60;2;800;32;22;60;100800;mq;mq;mq;285.650000;mq;287.150000;mq;mq;mq;mq;mq;10.800000;-10;mq;mq;mq;mq;0.000000;0.000000;mq;0.200000;mq;710.000000;1111.000000;2437.000000;mq;mq;mq;mq;mq;mq;mq;mq;mq;mq;mq;mq;mq;
07130;20110905060000;101680;120;3;210;3.100000;284.150000;282.750000;91;35000;0;mq;mq;mq;mq;mq;mq;mq;mq;101160;mq;mq;mq;283.650000;mq;290.050000;mq;281.150000;mq;mq;mq;6.700000;-10;mq;mq;mq;mq;0.000000;0.000000;mq;0.400000;11.100000;710.000000;1107.000000;mq;mq;mq;mq;mq;mq;mq;mq;mq;mq;mq;mq;mq;mq;
07139;20110905060000;101660;200;3;230;3.100000;284.050000;282.450000;90;20000;2;1;1;10;1;250;38;20;10;99930;mq;mq;mq;283.750000;mq;290.750000;mq;282.150000;mq;mq;mq;5.700000;-10;1;0.000000;0.000000;-60;0.000000;0.000000;mq;0.200000;2.600000;710.000000;1106.000000;3100.000000;mq;1;7;240;mq;mq;mq;mq;mq;mq;mq;mq;mq;
07149;20110905060000;101550;130;3;230;5.100000;286.950000;284.950000;88;20000;2;1;1;90;5;450;35;23;10;100480;mq;mq;mq;285.650000;mq;291.250000;mq;282.150000;mq;mq;mq;8.200000;-10;0;0.000000;0.000000;-60;0.000000;0.000000;mq;0.000000;0.600000;710.000000;1108.000000;3100.000000;mq;2;6;420;4;6;780;5;3;3000;mq;mq;mq;
07168;20110905060000;101660;90;3;210;5.100000;286.550000;283.750000;83;30000;2;1;1;40;2;1250;35;23;10;100250;mq;mq;mq;283.350000;mq;294.150000;mq;281.150000;mq;mq;mq;8.700000;-10;1;0.000000;0.000000;-60;0.000000;0.000000;mq;0.200000;0.200000;710.000000;1109.000000;3100.000000;mq;2;6;1440;mq;mq;mq;mq;mq;mq;mq;mq;mq;
07181;20110905060000;101710;180;3;230;3.600000;285.650000;283.150000;85;60000;2;1;1;25;2;3500;30;23;10;97660;mq;mq;mq;284.750000;mq;291.450000;mq;283.150000;mq;mq;mq;5.700000;-10;0;0.000000;0.000000;-60;0.000000;0.000000;mq;0.200000;0.800000;710.000000;1106.000000;3100.000000;mq;2;3;3300;mq;mq;mq;mq;mq;mq;mq;mq;mq;
07190;20110905060000;101650;230;3;160;1.500000;288.550000;285.150000;80;60000;0;mq;mq;100;mq;mq;mq;mq;mq;99860;mq;mq;mq;288.250000;mq;292.950000;mq;287.150000;mq;mq;mq;3.600000;-10;1;0.000000;mq;mq;0.000000;0.200000;mq;2.000000;12.900000;710.000000;1104.000000;mq;mq;mq;mq;mq;mq;mq;mq;mq;mq;mq;mq;mq;mq;
07207;20110905060000;mq;mq;mq;280;9.300000;289.450000;283.550000;68;12000;2;1;1;50;2;450;31;25;10;mq;mq;mq;mq;287.550000;mq;290.850000;mq;mq;mq;mq;mq;14.900000;-10;mq;mq;mq;mq;0.000000;0.000000;mq;3.000000;mq;710.000000;1115.000000;2437.000000;mq;mq;mq;mq;mq;mq;mq;mq;mq;mq;mq;mq;mq;
07222;20110905060000;101840;160;3;200;2.600000;283.550000;283.050000;97;20000;2;1;1;10;1;800;32;20;10;101520;mq;mq;mq;282.950000;mq;290.250000;mq;278.150000;mq;mq;mq;5.100000;-10;1;0.000000;mq;mq;0.000000;0.200000;mq;6.000000;11.400000;710.000000;1105.000000;mq;mq;1;8;600;mq;mq;mq;mq;mq;mq;mq;mq;mq;
07240;20110905060000;101830;210;3;260;3.100000;285.050000;284.150000;94;30000;1;mq;mq;10;1;150;37;20;10;100480;mq;mq;mq;284.950000;mq;292.150000;mq;284.150000;mq;mq;mq;6.200000;-10;2;0.000000;0.000000;-60;0.000000;0.200000;mq;1.000000;6.600000;710.000000;1106.000000;3100.000000;mq;1;7;150;mq;mq;mq;mq;mq;mq;mq;mq;mq;
07255;20110905060000;101830;120;3;230;4.600000;287.350000;284.650000;84;30000;2;1;1;90;5;1250;35;23;10;99860;mq;mq;mq;285.150000;mq;293.350000;mq;284.150000;mq;mq;mq;8.200000;-10;0;0.000000;0.000000;-60;0.000000;0.000000;mq;0.000000;0.200000;710.000000;1108.000000;3100.000000;mq;1;6;990;5;6;1500;5;3;3000;mq;mq;mq;
07280;20110905060000;101880;200;3;210;2.600000;286.450000;283.450000;82;60000;0;mq;mq;mq;mq;mq;mq;mq;mq;99180;mq;mq;mq;286.050000;mq;293.550000;mq;283.150000;mq;mq;mq;4.600000;-10;0;0.000000;mq;mq;0.000000;0.000000;mq;0.000000;3.000000;710.000000;1105.000000;mq;mq;mq;mq;mq;mq;mq;mq;mq;mq;mq;mq;mq;mq;
07299;20110905060000;101690;260;3;260;2.600000;288.850000;287.050000;89;30000;21;6;2;90;2;450;38;27;60;98490;mq;mq;mq;288.850000;mq;291.950000;mq;288.150000;mq;mq;mq;4.600000;-10;2;0.000000;0.000000;-60;0.000000;0.800000;mq;6.000000;17.900000;710.000000;1105.000000;3100.000000;mq;1;8;450;7;3;2700;mq;mq;mq;mq;mq;mq;
07314;20110905060000;102010;210;3;290;7.200000;290.350000;283.050000;62;mq;mq;mq;mq;mq;mq;mq;mq;mq;mq;101740;mq;mq;mq;289.250000;mq;292.350000;mq;mq;mq;mq;mq;11.300000;-10;mq;mq;mq;mq;0.000000;0.000000;mq;1.000000;3.200000;710.000000;1111.000000;mq;mq;mq;mq;mq;mq;mq;mq;mq;mq;mq;mq;mq;mq;
07335;20110905060000;101950;210;3;250;2.100000;285.350000;284.550000;95;30000;2;1;1;25;1;450;38;20;11;100510;mq;mq;mq;285.350000;mq;291.250000;mq;284.150000;mq;mq;mq;3.100000;-10;0;0.000000;0.000000;-60;0.000000;0.000000;mq;0.000000;0.400000;710.000000;1103.000000;3100.000000;mq;1;8;480;mq;mq;mq;mq;mq;mq;mq;mq;mq;
07434;20110905060000;101990;100;3;220;3.600000;285.450000;284.350000;93;6000;61;6;2;90;7;450;38;61;60;97240;mq;mq;mq;283.850000;mq;290.050000;mq;281.150000;mq;mq;mq;5.700000;-10;1;0.000000;0.000000;-60;0.400000;0.400000;mq;0.400000;2.200000;710.000000;1106.000000;3100.000000;mq;5;8;300;7;6;540;mq;mq;mq;mq;mq;mq;
07460;20110905060000;101970;130;3;230;3.100000;287.650000;281.550000;67;30000;3;mq;mq;10;1;1750;35;20;10;98130;mq;mq;mq;285.650000;mq;292.950000;mq;282.150000;mq;mq;mq;7.700000;-10;0;0.000000;0.000000;-60;0.000000;0.000000;mq;1.000000;1.800000;710.000000;1108.000000;3100.000000;mq;1;6;1500;mq;mq;mq;mq;mq;mq;mq;mq;mq;
07471;20110905060000;mq;100;3;290;2.100000;284.450000;283.150000;92;30000;2;1;1;40;3;450;35;20;10;92420;85000;17910;mq;282.850000;mq;290.550000;mq;280.150000;mq;mq;mq;4.100000;-10;1;0.000000;0.000000;-60;0.000000;0.000000;mq;0.000000;0.400000;710.000000;1104.000000;3100.000000;mq;3;6;360;mq;mq;mq;mq;mq;mq;mq;mq;mq;
07481;20110905060000;101960;210;3;10;2.600000;288.250000;285.950000;86;40000;25;8;6;90;5;800;35;27;60;99130;mq;mq;mq;288.150000;mq;293.050000;mq;287.150000;mq;mq;mq;4.600000;-10;2;0.000000;0.000000;-60;0.000000;1.000000;mq;4.000000;6.200000;710.000000;1105.000000;3100.000000;mq;3;8;840;5;6;1080;7;3;3000;mq;mq;mq;
07510;20110905060000;102100;190;3;220;1.500000;287.850000;287.650000;99;30000;1;6;1;60;4;1250;35;20;12;101450;mq;mq;mq;287.750000;mq;292.450000;mq;286.150000;mq;mq;mq;3.100000;-10;1;0.000000;0.000000;-60;0.000000;0.200000;mq;0.400000;3.700000;710.000000;1103.000000;3100.000000;mq;1;6;990;3;6;1500;mq;mq;mq;mq;mq;mq;
07535;20110905060000;102150;120;3;200;2.600000;285.950000;285.050000;94;15000;61;6;1;90;7;3500;30;27;60;99040;mq;mq;mq;284.050000;mq;292.050000;mq;283.150000;mq;mq;mq;4.600000;-10;1;0.000000;0.000000;-60;0.200000;0.200000;mq;0.200000;0.200000;710.000000;1105.000000;3100.000000;mq;7;3;3300;mq;mq;mq;mq;mq;mq;mq;mq;mq;
07558;20110905060000;102140;160;3;300;2.100000;285.150000;282.850000;86;20000;2;1;1;60;2;450;31;24;10;93850;mq;mq;mq;285.150000;mq;291.250000;mq;285.150000;mq;mq;mq;6.700000;-10;1;0.000000;0.000000;-60;0.000000;0.000000;mq;0.400000;10.800000;710.000000;1107.000000;3100.000000;mq;2;8;390;4;3;3000;mq;mq;mq;mq;mq;mq;
07577;20110905060000;101800;140;3;0;0.000000;289.850000;289.250000;96;40000;1;4;0;10;1;250;36;23;11;100920;mq;mq;mq;288.650000;mq;295.350000;mq;286.150000;mq;mq;mq;2.100000;-10;1;0.000000;0.000000;-60;0.000000;0.000000;mq;0.000000;5.000000;710.000000;1102.000000;3100.000000;mq;1;7;180;mq;mq;mq;mq;mq;mq;mq;mq;mq;
07591;20110905060000;mq;140;3;290;1.000000;286.450000;285.350000;93;mq;0;mq;mq;mq;mq;mq;mq;mq;mq;91800;mq;mq;mq;285.750000;mq;290.150000;mq;284.150000;mq;mq;mq;3.600000;-10;mq;mq;mq;mq;0.000000;0.000000;mq;1.000000;6.800000;710.000000;1104.000000;mq;mq;mq;mq;mq;mq;mq;mq;mq;mq;mq;mq;mq;mq;
07607;20110905060000;102200;150;3;270;4.600000;289.150000;288.050000;93;7000;61;mq;mq;100;mq;450;mq;mq;mq;101500;mq;mq;mq;288.850000;mq;292.650000;mq;288.150000;mq;mq;mq;7.700000;-10;mq;mq;mq;mq;0.400000;0.600000;mq;0.600000;0.800000;710.000000;1108.000000;mq;mq;mq;mq;mq;mq;mq;mq;mq;mq;mq;mq;mq;mq;
07621;20110905060000;102260;120;3;190;2.100000;285.850000;284.750000;93;30000;1;mq;mq;40;3;1750;35;23;10;97950;mq;mq;mq;285.550000;mq;289.150000;mq;283.150000;mq;mq;mq;3.600000;-10;0;0.000000;0.000000;-60;0.000000;0.000000;mq;0.000000;2.000000;710.000000;1104.000000;3100.000000;mq;2;6;1500;mq;mq;mq;mq;mq;mq;mq;mq;mq;
07627;20110905060000;102210;60;3;220;1.000000;286.650000;285.350000;92;15000;2;1;1;90;7;1250;35;61;60;97380;mq;mq;mq;286.650000;mq;290.050000;mq;286.150000;mq;mq;mq;1.500000;-10;1;0.000000;0.000000;-60;0.000000;0.000000;mq;1.000000;2.400000;710.000000;1102.000000;3100.000000;mq;7;6;1080;mq;mq;mq;mq;mq;mq;mq;mq;mq;
07630;20110905060000;102170;90;3;220;2.600000;289.750000;286.250000;80;60000;0;mq;mq;100;mq;1750;mq;mq;mq;100390;mq;mq;mq;289.450000;mq;294.450000;mq;288.150000;mq;mq;mq;5.100000;-10;0;0.000000;mq;mq;0.000000;0.000000;mq;0.000000;0.000000;710.000000;1105.000000;mq;mq;mq;mq;mq;mq;mq;mq;mq;mq;mq;mq;mq;mq;
07643;20110905060000;101820;130;3;280;4.100000;293.750000;286.250000;62;40000;2;1;1;75;4;1750;35;23;12;101730;mq;mq;mq;292.750000;mq;295.750000;mq;291.150000;mq;mq;mq;6.700000;-10;1;0.000000;0.000000;-60;0.000000;0.000000;mq;0.000000;11.100000;710.000000;1107.000000;3100.000000;mq;4;6;1500;3;3;3000;mq;mq;mq;mq;mq;mq;
07650;20110905060000;101670;150;1;320;5.100000;293.650000;290.850000;84;20000;2;1;1;25;1;450;31;23;10;101300;mq;mq;mq;293.150000;mq;296.650000;mq;292.150000;mq;mq;mq;8.200000;-10;0;0.000000;0.000000;-60;0.000000;0.000000;mq;0.000000;5.900000;710.000000;1108.000000;3100.000000;mq;1;8;390;mq;mq;mq;mq;mq;mq;mq;mq;mq;
07661;20110905060000;101500;90;3;340;9.800000;294.450000;289.150000;72;25000;2;1;1;25;2;3500;30;27;10;99950;mq;mq;mq;293.550000;mq;295.250000;mq;mq;mq;mq;mq;13.900000;-10;mq;mq;mq;mq;0.000000;0.000000;mq;0.000000;3.000000;710.000000;1114.000000;mq;mq;1;3;2400;mq;mq;mq;mq;mq;mq;mq;mq;mq;
07690;20110905060000;101230;30;3;310;2.100000;294.150000;288.650000;71;50000;2;1;1;40;2;3500;30;23;10;100900;mq;mq;mq;292.250000;mq;295.550000;mq;292.150000;mq;mq;mq;5.100000;-10;1;0.000000;0.000000;-60;0.000000;0.000000;mq;0.000000;3.500000;710.000000;1105.000000;3100.000000;mq;3;3;4200;mq;mq;mq;mq;mq;mq;mq;mq;mq;
07747;20110905060000;101970;120;3;290;4.100000;292.050000;285.050000;64;30000;2;1;1;75;6;1250;38;20;10;101450;mq;mq;mq;291.850000;mq;298.050000;mq;290.150000;mq;mq;mq;7.700000;-10;0;0.000000;0.000000;-60;0.000000;0.000000;mq;0.600000;0.600000;710.000000;1108.000000;3100.000000;mq;1;8;1080;6;6;2100;mq;mq;mq;mq;mq;mq;
07761;20110905060000;101620;70;3;50;4.100000;292.250000;289.450000;84;25000;2;1;1;75;5;1250;38;24;10;101510;mq;mq;mq;290.850000;mq;294.450000;mq;290.150000;mq;mq;mq;5.700000;-10;2;0.000000;0.000000;-60;0.000000;0.000000;mq;6.000000;37.600000;710.000000;1106.000000;3100.000000;mq;1;8;1080;5;6;1380;mq;mq;mq;mq;mq;mq;
07790;20110905060000;101470;60;3;190;2.100000;292.650000;289.350000;81;40000;2;1;1;10;1;450;35;20;10;101330;mq;mq;mq;290.650000;mq;294.050000;mq;290.150000;mq;mq;mq;3.100000;-10;0;0.000000;0.000000;-60;0.000000;0.000000;mq;0.000000;21.100000;710.000000;1103.000000;3100.000000;mq;1;8;300;mq;mq;mq;mq;mq;mq;mq;mq;mq;
61968;20110905060000;101620;mq;mq;130;3.600000;299.950000;292.050000;62;mq;mq;mq;mq;mq;mq;mq;mq;mq;mq;mq;mq;mq;mq;297.150000;mq;mq;mq;mq;mq;mq;mq;7.200000;-10;mq;mq;mq;mq;0.000000;mq;mq;mq;0.000000;710.000000;1107.000000;mq;mq;mq;mq;mq;mq;mq;mq;mq;mq;mq;mq;mq;mq;
61970;20110905060000;101760;mq;mq;mq;mq;299.550000;294.750000;75;mq;mq;mq;mq;mq;mq;mq;mq;mq;mq;mq;mq;mq;mq;297.350000;mq;mq;mq;mq;mq;mq;mq;mq;mq;mq;mq;mq;mq;0.000000;mq;mq;mq;0.000000;mq;mq;mq;mq;mq;mq;mq;mq;mq;mq;mq;mq;mq;mq;mq;mq;
61972;20110905060000;102140;mq;mq;160;6.700000;297.150000;288.950000;60;mq;mq;mq;mq;mq;mq;mq;mq;mq;mq;mq;mq;mq;mq;293.150000;mq;mq;mq;mq;mq;mq;mq;13.400000;-10;mq;mq;mq;mq;0.000000;mq;mq;mq;0.000000;710.000000;1113.000000;mq;mq;mq;mq;mq;mq;mq;mq;mq;mq;mq;mq;mq;mq;
61976;20110905060000;101740;mq;mq;150;4.100000;298.550000;294.450000;78;mq;mq;mq;mq;mq;mq;mq;mq;mq;mq;101590;mq;mq;mq;mq;mq;mq;mq;mq;mq;mq;mq;mq;mq;mq;mq;mq;mq;mq;mq;mq;mq;mq;mq;mq;mq;mq;mq;mq;mq;mq;mq;mq;mq;mq;mq;mq;mq;mq;
61980;20110905060000;101940;mq;mq;70;2.600000;298.250000;292.850000;72;10000;2;1;1;25;2;800;38;20;10;mq;mq;mq;mq;291.550000;mq;mq;mq;290.150000;mq;mq;mq;4.100000;-10;mq;mq;mq;mq;0.000000;mq;mq;mq;3.000000;710.000000;1104.000000;2427.000000;mq;1;8;780;mq;mq;mq;mq;mq;mq;mq;mq;mq;
61996;20110905060000;mq;mq;mq;330;12.300000;288.750000;mq;mq;mq;mq;mq;mq;mq;mq;mq;mq;mq;mq;mq;mq;mq;mq;286.150000;mq;mq;mq;286.150000;mq;mq;mq;15.900000;-10;mq;mq;mq;mq;0.000000;mq;mq;mq;0.000000;710.000000;1116.000000;mq;mq;mq;mq;mq;mq;mq;mq;mq;mq;mq;mq;mq;mq;
61997;20110905060000;97620;mq;mq;230;16.500000;270.050000;268.450000;87;mq;mq;mq;mq;mq;mq;mq;mq;mq;mq;mq;mq;mq;mq;271.250000;mq;mq;mq;270.150000;mq;mq;mq;30.900000;-60;mq;mq;mq;mq;mq;mq;mq;mq;1.000000;1131.000000;mq;mq;mq;mq;mq;mq;mq;mq;mq;mq;mq;mq;mq;mq;mq;
61998;20110905060000;95820;mq;mq;360;22.100000;278.250000;277.950000;98;1000;63;7;6;100;6;450;35;61;60;mq;mq;mq;mq;273.250000;mq;mq;mq;323.150000;mq;mq;mq;32.900000;-10;mq;mq;mq;mq;7.000000;mq;mq;mq;32.000000;710.000000;1133.000000;mq;mq;6;6;480;7;4;2400;mq;mq;mq;mq;mq;mq;
67005;20110905060000;101660;mq;mq;170;3.600000;300.550000;294.150000;68;20000;2;1;1;40;3;800;38;20;10;mq;mq;mq;mq;294.250000;mq;mq;mq;292.150000;mq;mq;mq;5.700000;-10;mq;mq;mq;mq;0.000000;mq;mq;mq;0.000000;710.000000;1106.000000;mq;mq;3;8;660;mq;mq;mq;mq;mq;mq;mq;mq;mq;
71805;20110905060000;101490;-30;5;230;6.200000;289.950000;289.750000;99;500;45;mq;mq;101;mq;mq;62;61;60;101410;mq;mq;mq;mq;289.050000;mq;293.050000;288.150000;mq;mq;mq;8.700000;-10;mq;mq;mq;mq;0.000000;0.000000;mq;0.200000;0.200000;710.000000;1109.000000;mq;mq;mq;mq;mq;mq;mq;mq;mq;mq;mq;mq;mq;mq;
78897;20110905060000;101260;-100;6;320;0.500000;297.150000;295.950000;93;20000;2;1;1;10;1;800;32;20;10;mq;mq;mq;20;mq;296.150000;mq;304.950000;275.150000;mq;mq;mq;mq;mq;mq;mq;mq;mq;mq;mq;0.000000;mq;0.200000;mq;mq;mq;mq;1;8;600;mq;mq;mq;mq;mq;mq;mq;mq;mq;
78922;20110905060000;101250;-130;7;200;2.100000;300.050000;296.050000;79;mq;mq;mq;mq;mq;mq;mq;mq;mq;mq;100810;mq;mq;mq;mq;mq;mq;mq;mq;mq;mq;mq;mq;mq;mq;mq;mq;mq;mq;mq;mq;mq;mq;mq;mq;mq;mq;mq;mq;mq;mq;mq;mq;mq;mq;mq;mq;mq;mq;
78925;20110905060000;101270;-130;8;70;1.500000;297.050000;296.550000;97;27000;0;mq;mq;mq;mq;mq;mq;mq;mq;mq;mq;mq;30;mq;295.950000;mq;305.550000;mq;mq;mq;mq;mq;mq;mq;mq;mq;mq;mq;mq;0.000000;mq;7.000000;mq;mq;mq;mq;mq;mq;mq;mq;mq;mq;mq;mq;mq;mq;mq;mq;
81401;20110905060000;101300;mq;mq;250;1.000000;296.050000;295.050000;94;mq;mq;mq;mq;mq;mq;mq;mq;mq;mq;101240;mq;mq;mq;mq;mq;mq;mq;mq;mq;mq;mq;mq;mq;mq;mq;mq;mq;mq;0.000000;0.000000;mq;mq;mq;mq;mq;mq;mq;mq;mq;mq;mq;mq;mq;mq;mq;mq;mq;mq;
81405;20110905060000;101360;mq;mq;220;1.500000;296.150000;295.950000;99;8000;0;mq;mq;101;mq;mq;62;61;60;101270;mq;mq;mq;mq;mq;mq;mq;295.150000;mq;mq;mq;mq;mq;mq;mq;mq;mq;mq;0.000000;0.000000;mq;mq;mq;mq;mq;mq;mq;mq;mq;mq;mq;mq;mq;mq;mq;mq;mq;mq;
81408;20110905060000;101320;mq;mq;270;0.500000;295.550000;295.050000;97;mq;mq;mq;mq;mq;mq;mq;mq;mq;mq;101240;mq;mq;mq;mq;mq;mq;mq;mq;mq;mq;mq;mq;mq;mq;mq;mq;mq;mq;0.000000;0.000000;mq;mq;mq;mq;mq;mq;mq;mq;mq;mq;mq;mq;mq;mq;mq;mq;mq;mq;
81415;20110905060000;101420;mq;mq;150;0.500000;295.950000;294.950000;94;mq;mq;mq;mq;mq;mq;mq;mq;mq;mq;100200;mq;mq;mq;mq;mq;mq;mq;mq;mq;mq;mq;mq;mq;mq;mq;mq;mq;mq;0.000000;0.000000;mq;mq;mq;mq;mq;mq;mq;mq;mq;mq;mq;mq;mq;mq;mq;mq;mq;mq;
89642;20110905060000;97960;120;3;110;15.900000;263.250000;261.450000;85;100;71;7;7;101;mq;mq;62;61;60;97420;mq;mq;mq;mq;mq;mq;mq;274.150000;mq;mq;24.200000;25.200000;-60;mq;mq;mq;mq;mq;mq;mq;mq;mq;1024.000000;1125.000000;mq;mq;mq;mq;mq;mq;mq;mq;mq;mq;mq;mq;mq;mq;
07005;20110905090000;101450;180;3;220;8.200000;288.750000;284.150000;74;20000;2;1;1;50;4;450;39;20;10;100570;mq;mq;mq;mq;mq;mq;mq;mq;mq;mq;mq;12.900000;-10;mq;mq;0.000000;-30;0.000000;0.000000;mq;mq;mq;710.000000;1113.000000;3100.000000;mq;1;9;450;4;8;540;mq;mq;mq;mq;mq;mq;
07015;20110905090000;101380;160;2;230;7.200000;290.050000;284.750000;71;40000;2;1;1;50;4;800;32;20;10;100820;mq;mq;mq;mq;mq;mq;mq;mq;mq;mq;mq;9.800000;-10;mq;mq;0.000000;-30;0.000000;0.000000;mq;mq;mq;710.000000;1110.000000;3100.000000;mq;4;8;690;mq;mq;mq;mq;mq;mq;mq;mq;mq;
07020;20110905090000;101580;280;3;260;11.800000;289.650000;283.050000;65;18000;1;6;2;60;4;1250;32;26;10;101320;mq;mq;mq;mq;mq;mq;mq;mq;mq;mq;mq;14.900000;-10;mq;mq;mq;mq;0.000000;0.000000;mq;mq;mq;710.000000;1115.000000;mq;mq;4;8;990;mq;mq;mq;mq;mq;mq;mq;mq;mq;
07027;20110905090000;101640;200;1;220;7.700000;288.350000;285.150000;81;30000;25;8;6;60;5;800;32;20;10;100840;mq;mq;mq;mq;mq;mq;mq;mq;mq;mq;mq;10.800000;-10;mq;mq;0.000000;-30;0.000000;0.800000;mq;mq;mq;710.000000;1111.000000;3100.000000;mq;5;8;750;mq;mq;mq;mq;mq;mq;mq;mq;mq;
07037;20110905090000;101620;190;3;240;8.200000;288.250000;284.250000;77;30000;2;1;1;60;5;800;38;20;10;99820;mq;mq;mq;mq;mq;mq;mq;mq;mq;mq;mq;12.300000;-10;mq;mq;0.000000;-30;0.000000;0.000000;mq;mq;mq;710.000000;1112.000000;3100.000000;mq;4;8;600;3;6;1500;mq;mq;mq;mq;mq;mq;
07110;20110905090000;101840;250;3;260;5.700000;289.750000;284.250000;70;30000;2;1;1;25;2;800;31;20;10;100710;mq;mq;mq;mq;mq;mq;mq;mq;mq;mq;mq;9.800000;-10;mq;mq;0.000000;-30;0.000000;0.000000;mq;mq;mq;710.000000;1110.000000;3100.000000;mq;2;8;750;mq;mq;mq;mq;mq;mq;mq;mq;mq;
07117;20110905090000;101710;220;3;260;7.200000;289.250000;282.150000;63;18000;2;1;1;10;1;800;38;20;10;101020;mq;mq;mq;mq;mq;mq;mq;mq;mq;mq;mq;13.900000;-10;mq;mq;mq;mq;0.000000;0.000000;mq;mq;mq;710.000000;1114.000000;2437.000000;mq;mq;mq;mq;mq;mq;mq;mq;mq;mq;mq;mq;mq;
07130;20110905090000;101880;210;2;250;5.700000;290.350000;285.650000;74;40000;0;mq;mq;mq;mq;800;mq;mq;mq;101370;mq;mq;mq;mq;mq;mq;mq;mq;mq;mq;mq;10.800000;-10;mq;mq;mq;mq;0.000000;0.000000;mq;mq;mq;710.000000;1111.000000;mq;mq;mq;mq;mq;mq;mq;mq;mq;mq;mq;mq;mq;mq;
07139;20110905090000;101810;170;2;250;8.200000;287.950000;282.950000;72;25000;2;1;1;90;7;450;38;20;12;100100;mq;mq;mq;mq;mq;mq;mq;mq;mq;mq;mq;12.300000;-10;mq;mq;0.000000;-30;0.200000;0.200000;mq;mq;mq;710.000000;1112.000000;3100.000000;mq;3;8;450;5;6;1290;mq;mq;mq;mq;mq;mq;
07149;20110905090000;101780;230;1;250;6.700000;290.250000;283.350000;64;25000;2;1;1;10;1;800;31;20;10;100710;mq;mq;mq;mq;mq;mq;mq;mq;mq;mq;mq;11.300000;-10;mq;mq;0.000000;-30;0.000000;0.000000;mq;mq;mq;710.000000;1111.000000;3100.000000;mq;1;8;780;mq;mq;mq;mq;mq;mq;mq;mq;mq;
07168;20110905090000;101880;230;1;240;7.700000;289.950000;284.250000;69;25000;2;1;1;75;6;800;32;20;10;100480;mq;mq;mq;mq;mq;mq;mq;mq;mq;mq;mq;10.800000;-10;mq;mq;0.000000;-30;0.000000;0.000000;mq;mq;mq;710.000000;1111.000000;3100.000000;mq;6;8;600;mq;mq;mq;mq;mq;mq;mq;mq;mq;
07181;20110905090000;101790;130;2;250;6.700000;289.250000;284.650000;74;35000;0;mq;mq;100;mq;800;mq;mq;mq;97790;mq;mq;mq;mq;mq;mq;mq;mq;mq;mq;mq;10.300000;-10;mq;mq;mq;mq;0.000000;0.000000;mq;mq;mq;710.000000;1110.000000;mq;mq;mq;mq;mq;mq;mq;mq;mq;mq;mq;mq;mq;mq;
07190;20110905090000;101810;180;1;220;4.100000;291.950000;284.050000;60;30000;0;mq;mq;mq;mq;1250;mq;mq;mq;100040;mq;mq;mq;mq;mq;mq;mq;mq;mq;mq;mq;9.300000;-10;mq;mq;mq;mq;0.000000;0.000000;mq;mq;mq;710.000000;1109.000000;mq;mq;mq;mq;mq;mq;mq;mq;mq;mq;mq;mq;mq;mq;
07207;20110905090000;mq;mq;mq;290;9.300000;290.250000;284.950000;71;15000;2;1;1;50;2;450;31;23;11;mq;mq;mq;mq;mq;mq;mq;mq;mq;mq;mq;mq;15.900000;-10;mq;mq;mq;mq;0.000000;0.600000;mq;mq;mq;710.000000;1116.000000;2447.000000;mq;mq;mq;mq;mq;mq;mq;mq;mq;mq;mq;mq;mq;
07222;20110905090000;102020;190;2;260;5.700000;291.050000;285.050000;68;20000;2;1;1;60;4;800;38;20;10;101710;mq;mq;mq;mq;mq;mq;mq;mq;mq;mq;mq;10.300000;-10;mq;mq;mq;mq;0.000000;0.000000;mq;mq;mq;710.000000;1110.000000;mq;mq;4;8;900;mq;mq;mq;mq;mq;mq;mq;mq;mq;
07240;20110905090000;102010;200;1;240;5.700000;289.850000;284.350000;70;19000;0;mq;mq;mq;mq;mq;mq;mq;mq;100680;mq;mq;mq;mq;mq;mq;mq;mq;mq;mq;mq;9.300000;-10;mq;mq;mq;mq;0.000000;0.200000;mq;mq;mq;710.000000;1109.000000;mq;mq;mq;mq;mq;mq;mq;mq;mq;mq;mq;mq;mq;mq;
07255;20110905090000;102080;260;2;270;4.600000;290.750000;282.150000;57;35000;1;6;2;60;5;800;32;20;10;100120;mq;mq;mq;mq;mq;mq;mq;mq;mq;mq;mq;9.800000;-10;mq;mq;0.000000;-30;0.000000;0.000000;mq;mq;mq;710.000000;1110.000000;3100.000000;mq;5;8;750;mq;mq;mq;mq;mq;mq;mq;mq;mq;
07280;20110905090000;101990;150;1;210;5.100000;290.550000;284.550000;68;50000;0;mq;mq;75;mq;800;mq;mq;mq;99330;mq;mq;mq;mq;mq;mq;mq;mq;mq;mq;mq;8.200000;-10;mq;mq;mq;mq;0.000000;0.000000;mq;mq;mq;710.000000;1108.000000;mq;mq;mq;mq;mq;mq;mq;mq;mq;mq;mq;mq;mq;mq;
07299;20110905090000;101920;240;1;230;3.100000;290.150000;285.850000;76;45000;2;1;1;75;4;800;38;24;10;98730;mq;mq;mq;mq;mq;mq;mq;mq;mq;mq;mq;6.700000;-10;mq;mq;0.000000;-30;0.000000;0.000000;mq;mq;mq;710.000000;1107.000000;3100.000000;mq;2;8;600;3;6;1350;mq;mq;mq;mq;mq;mq;
07314;20110905090000;102220;210;1;270;5.100000;291.850000;284.450000;62;25000;2;1;1;50;4;1250;32;20;10;101950;mq;mq;mq;mq;mq;mq;mq;mq;mq;mq;mq;8.200000;-10;mq;mq;mq;mq;0.000000;0.000000;mq;mq;mq;710.000000;1108.000000;2438.000000;mq;4;8;990;mq;mq;mq;mq;mq;mq;mq;mq;mq;
07335;20110905090000;102150;220;1;270;4.600000;290.550000;283.850000;65;40000;2;1;1;25;2;800;31;20;11;100730;mq;mq;mq;mq;mq;mq;mq;mq;mq;mq;mq;7.200000;-10;mq;mq;0.000000;-30;0.000000;0.000000;mq;mq;mq;710.000000;1107.000000;3100.000000;mq;2;8;840;mq;mq;mq;mq;mq;mq;mq;mq;mq;
07434;20110905090000;102240;260;1;290;3.100000;286.950000;283.150000;78;50000;1;6;2;90;7;450;38;61;60;97500;mq;mq;mq;mq;mq;mq;mq;mq;mq;mq;mq;6.700000;-10;mq;mq;0.000000;-30;0.000000;0.000000;mq;mq;mq;710.000000;1107.000000;3100.000000;mq;5;8;480;4;6;1110;mq;mq;mq;mq;mq;mq;
07460;20110905090000;102050;130;3;180;1.500000;291.950000;282.950000;56;50000;2;1;1;50;4;1250;35;20;10;98260;mq;mq;mq;mq;mq;mq;mq;mq;mq;mq;mq;6.700000;-10;mq;mq;0.000000;-30;0.000000;0.000000;mq;mq;mq;710.000000;1107.000000;3100.000000;mq;4;6;1080;mq;mq;mq;mq;mq;mq;mq;mq;mq;
07471;20110905090000;mq;220;1;280;3.600000;287.750000;280.550000;62;30000;2;1;1;25;2;800;31;20;10;92640;85000;18100;mq;mq;mq;mq;mq;mq;mq;mq;mq;7.700000;-10;mq;mq;0.000000;-30;0.000000;0.000000;mq;mq;mq;710.000000;1108.000000;3100.000000;mq;2;8;900;mq;mq;mq;mq;mq;mq;mq;mq;mq;
07481;20110905090000;102130;190;3;40;2.600000;291.050000;283.450000;61;50000;2;1;1;40;2;800;38;20;11;99320;mq;mq;mq;mq;mq;mq;mq;mq;mq;mq;mq;7.700000;-10;mq;mq;0.000000;-30;0.000000;0.000000;mq;mq;mq;710.000000;1108.000000;3100.000000;mq;2;8;750;mq;mq;mq;mq;mq;mq;mq;mq;mq;
07510;20110905090000;102290;200;1;250;1.500000;292.750000;287.150000;70;50000;2;1;1;60;3;800;38;20;12;101650;mq;mq;mq;mq;mq;mq;mq;mq;mq;mq;mq;3.100000;-10;mq;mq;0.000000;-30;0.000000;0.000000;mq;mq;mq;710.000000;1103.000000;3100.000000;mq;2;8;840;3;6;1500;mq;mq;mq;mq;mq;mq;
07535;20110905090000;102310;200;3;270;1.000000;289.650000;287.450000;87;20000;21;6;2;90;7;450;38;61;60;99240;mq;mq;mq;mq;mq;mq;mq;mq;mq;mq;mq;4.600000;-10;mq;mq;0.000000;-30;0.000000;0.400000;mq;mq;mq;710.000000;1105.000000;3100.000000;mq;5;8;480;mq;mq;mq;mq;mq;mq;mq;mq;mq;
07558;20110905090000;102210;150;1;290;4.100000;288.250000;282.150000;67;30000;2;1;1;40;3;800;31;20;10;94000;mq;mq;mq;mq;mq;mq;mq;mq;mq;mq;mq;8.200000;-10;mq;mq;0.000000;-30;0.000000;0.000000;mq;mq;mq;710.000000;1108.000000;3100.000000;mq;3;8;600;mq;mq;mq;mq;mq;mq;mq;mq;mq;
07577;20110905090000;101990;200;1;20;6.200000;293.750000;287.450000;67;40000;2;1;1;10;1;1250;35;23;11;101120;mq;mq;mq;mq;mq;mq;mq;mq;mq;mq;mq;11.800000;-10;mq;mq;0.000000;-30;0.000000;0.000000;mq;mq;mq;710.000000;1112.000000;3100.000000;mq;1;6;1200;mq;mq;mq;mq;mq;mq;mq;mq;mq;
07591;20110905090000;mq;60;3;200;2.600000;292.550000;286.450000;68;mq;0;mq;mq;mq;mq;mq;mq;mq;mq;91860;mq;mq;mq;mq;mq;mq;mq;mq;mq;mq;mq;5.700000;-10;mq;mq;mq;mq;0.000000;0.000000;mq;mq;mq;710.000000;1106.000000;mq;mq;mq;mq;mq;mq;mq;mq;mq;mq;mq;mq;mq;mq;
07607;20110905090000;102410;210;2;210;1.500000;289.950000;287.950000;88;20000;0;mq;mq;100;mq;1750;mq;mq;mq;101710;mq;mq;mq;mq;mq;mq;mq;mq;mq;mq;mq;3.600000;-10;mq;mq;mq;mq;0.000000;0.400000;mq;mq;mq;710.000000;1104.000000;mq;mq;mq;mq;mq;mq;mq;mq;mq;mq;mq;mq;mq;mq;
07621;20110905090000;102380;190;1;290;3.600000;290.950000;284.950000;68;30000;2;1;1;75;6;1750;35;20;10;98140;mq;mq;mq;mq;mq;mq;mq;mq;mq;mq;mq;5.700000;-10;mq;mq;0.000000;-30;0.000000;0.000000;mq;mq;mq;710.000000;1106.000000;3100.000000;mq;6;6;1500;mq;mq;mq;mq;mq;mq;mq;mq;mq;
07627;20110905090000;102310;180;1;320;2.600000;292.250000;283.550000;57;mq;mq;mq;mq;mq;mq;mq;mq;mq;mq;97560;mq;mq;mq;mq;mq;mq;mq;mq;mq;mq;mq;5.100000;-10;mq;mq;mq;mq;0.000000;0.000000;mq;mq;mq;710.000000;1105.000000;mq;mq;mq;mq;mq;mq;mq;mq;mq;mq;mq;mq;mq;mq;
07630;20110905090000;102330;180;1;280;3.100000;292.850000;285.850000;64;40000;2;1;1;90;7;800;38;61;60;100570;mq;mq;mq;mq;mq;mq;mq;mq;mq;mq;mq;7.200000;-10;mq;mq;0.000000;-30;0.000000;0.000000;mq;mq;mq;710.000000;1107.000000;3100.000000;mq;4;8;960;5;6;1230;mq;mq;mq;mq;mq;mq;
07643;20110905090000;102000;180;1;300;7.200000;297.150000;282.350000;39;50000;2;1;1;40;1;1750;35;23;12;101910;mq;mq;mq;mq;mq;mq;mq;mq;mq;mq;mq;10.800000;-10;mq;mq;mq;mq;0.000000;0.000000;mq;mq;mq;710.000000;1111.000000;mq;mq;1;6;1500;mq;mq;mq;mq;mq;mq;mq;mq;mq;
07650;20110905090000;101840;170;1;330;8.700000;297.550000;287.350000;53;20000;2;1;1;10;1;800;31;23;10;101470;mq;mq;mq;mq;mq;mq;mq;mq;mq;mq;mq;12.300000;-10;mq;mq;0.000000;-30;0.000000;0.000000;mq;mq;mq;710.000000;1112.000000;3100.000000;mq;1;8;780;mq;mq;mq;mq;mq;mq;mq;mq;mq;
07661;20110905090000;101620;130;3;330;11.300000;297.650000;288.250000;56;25000;2;1;1;25;2;3500;30;27;10;100080;mq;mq;mq;mq;mq;mq;mq;mq;mq;mq;mq;14.900000;-10;mq;mq;mq;mq;0.000000;0.000000;mq;mq;mq;710.000000;1115.000000;mq;mq;1;3;2400;mq;mq;mq;mq;mq;mq;mq;mq;mq;
07690;20110905090000;101320;100;1;110;3.600000;298.250000;292.150000;69;50000;2;1;1;25;1;1250;31;23;11;101000;mq;mq;mq;mq;mq;mq;mq;mq;mq;mq;mq;5.100000;-10;mq;mq;0.000000;-30;0.000000;0.000000;mq;mq;mq;710.000000;1105.000000;3100.000000;mq;1;8;1200;mq;mq;mq;mq;mq;mq;mq;mq;mq;
07747;20110905090000;102110;150;2;300;6.200000;296.650000;282.650000;41;30000;2;1;1;50;4;1250;31;23;10;101600;mq;mq;mq;mq;mq;mq;mq;mq;mq;mq;mq;11.300000;-10;mq;mq;0.000000;-30;0.000000;0.000000;mq;mq;mq;710.000000;1111.000000;3100.000000;mq;1;8;990;4;3;2400;mq;mq;mq;mq;mq;mq;
07761;20110905090000;101750;140;3;220;1.500000;298.650000;290.550000;61;40000;2;1;1;25;2;1250;35;20;10;101650;mq;mq;mq;mq;mq;mq;mq;mq;mq;mq;mq;2.600000;-10;mq;mq;0.000000;-30;0.000000;0.000000;mq;mq;mq;710.000000;1103.000000;3100.000000;mq;2;6;1200;mq;mq;mq;mq;mq;mq;mq;mq;mq;
07790;20110905090000;101560;90;3;110;2.600000;299.850000;291.950000;62;40000;2;1;1;10;1;800;31;20;10;101420;mq;mq;mq;mq;mq;mq;mq;mq;mq;mq;mq;5.100000;-10;mq;mq;0.000000;-30;0.000000;0.000000;mq;mq;mq;710.000000;1105.000000;3100.000000;mq;1;8;750;mq;mq;mq;mq;mq;mq;mq;mq;mq;
61968;20110905090000;101540;mq;mq;130;2.600000;301.650000;291.150000;53;mq;mq;mq;mq;mq;mq;mq;mq;mq;mq;mq;mq;mq;40;mq;mq;mq;mq;mq;mq;mq;mq;7.200000;-10;mq;mq;mq;mq;0.000000;0.000000;mq;mq;mq;710.000000;1107.000000;mq;mq;mq;mq;mq;mq;mq;mq;mq;mq;mq;mq;mq;mq;
61970;20110905090000;101660;mq;mq;mq;mq;300.650000;294.450000;69;mq;mq;mq;mq;mq;mq;mq;mq;mq;mq;mq;mq;mq;mq;mq;mq;mq;mq;mq;mq;mq;mq;mq;mq;mq;mq;mq;mq;0.000000;0.000000;mq;mq;mq;mq;mq;mq;mq;mq;mq;mq;mq;mq;mq;mq;mq;mq;mq;mq;mq;
61972;20110905090000;102100;mq;mq;170;8.200000;298.050000;290.050000;61;mq;mq;mq;mq;mq;mq;mq;mq;mq;mq;mq;mq;mq;280;mq;mq;mq;mq;mq;mq;mq;mq;13.400000;-10;mq;mq;mq;mq;0.000000;0.000000;mq;mq;mq;710.000000;1113.000000;mq;mq;mq;mq;mq;mq;mq;mq;mq;mq;mq;mq;mq;mq;
61976;20110905090000;101570;mq;mq;100;5.100000;299.750000;294.950000;75;mq;mq;mq;mq;mq;mq;mq;mq;mq;mq;101420;mq;mq;mq;mq;mq;mq;mq;mq;mq;mq;mq;mq;mq;mq;mq;mq;mq;mq;0.000000;mq;mq;mq;mq;mq;mq;mq;mq;mq;mq;mq;mq;mq;mq;mq;mq;mq;mq;mq;
61980;20110905090000;101780;mq;mq;20;2.600000;298.850000;292.950000;70;10000;2;1;1;25;2;800;38;20;10;mq;mq;mq;mq;mq;mq;mq;mq;mq;mq;mq;mq;4.100000;-10;mq;mq;mq;mq;0.000000;0.000000;mq;mq;mq;710.000000;1104.000000;2427.000000;mq;1;8;780;mq;mq;mq;mq;mq;mq;mq;mq;mq;
61996;20110905090000;mq;mq;mq;340;13.400000;288.350000;mq;mq;mq;mq;mq;mq;mq;mq;mq;mq;mq;mq;mq;mq;mq;mq;mq;mq;mq;mq;mq;mq;mq;mq;18.000000;-10;mq;mq;mq;mq;0.000000;0.000000;mq;mq;mq;710.000000;1118.000000;mq;mq;mq;mq;mq;mq;mq;mq;mq;mq;mq;mq;mq;mq;
61997;20110905090000;97860;mq;mq;250;12.300000;269.650000;268.350000;90;mq;mq;mq;mq;mq;mq;mq;mq;mq;mq;mq;mq;mq;mq;mq;mq;mq;mq;mq;mq;mq;mq;21.100000;-30;mq;mq;mq;mq;mq;0.000000;mq;mq;mq;1121.000000;mq;mq;mq;mq;mq;mq;mq;mq;mq;mq;mq;mq;mq;mq;mq;
61998;20110905090000;96620;mq;mq;230;16.500000;273.250000;272.950000;98;3000;77;7;6;100;6;450;35;22;60;mq;mq;mq;mq;mq;mq;mq;mq;mq;mq;mq;mq;21.600000;-10;mq;mq;mq;mq;0.400000;6.000000;mq;mq;mq;710.000000;1122.000000;mq;mq;6;6;480;8;4;2400;mq;mq;mq;mq;mq;mq;
67005;20110905090000;101540;mq;mq;140;4.100000;300.250000;293.150000;65;20000;2;1;1;25;2;800;38;20;10;mq;mq;mq;10;mq;mq;mq;mq;mq;mq;mq;mq;6.200000;-10;mq;mq;mq;mq;0.000000;0.000000;mq;mq;mq;710.000000;1106.000000;mq;mq;2;8;690;mq;mq;mq;mq;mq;mq;mq;mq;mq;
71805;20110905090000;101510;20;3;220;6.200000;290.450000;290.450000;100;7000;2;1;1;100;8;150;36;61;60;101430;mq;mq;mq;mq;mq;mq;mq;mq;mq;mq;mq;8.700000;-10;mq;mq;0.000000;-30;0.000000;0.000000;mq;mq;mq;710.000000;1109.000000;3100.000000;mq;7;7;90;mq;mq;mq;mq;mq;mq;mq;mq;mq;
78897;20110905090000;101290;30;3;110;0.500000;296.350000;295.350000;94;20000;2;1;1;10;1;800;32;20;10;mq;mq;mq;40;mq;mq;mq;mq;mq;mq;mq;mq;mq;mq;mq;mq;mq;mq;mq;mq;mq;mq;mq;mq;mq;mq;mq;1;8;600;mq;mq;mq;mq;mq;mq;mq;mq;mq;
78922;20110905090000;101290;40;3;0;0.000000;300.150000;296.450000;80;mq;mq;mq;mq;mq;mq;mq;mq;mq;mq;100850;mq;mq;mq;mq;mq;mq;mq;mq;mq;mq;mq;mq;mq;mq;mq;mq;mq;mq;mq;mq;mq;mq;mq;mq;mq;mq;mq;mq;mq;mq;mq;mq;mq;mq;mq;mq;mq;mq;
78925;20110905090000;101300;30;3;90;1.000000;296.650000;296.350000;98;40000;0;mq;mq;mq;mq;mq;mq;mq;mq;mq;mq;mq;20;mq;mq;mq;mq;mq;mq;mq;mq;mq;mq;mq;mq;mq;mq;mq;mq;mq;mq;mq;mq;mq;mq;mq;mq;mq;mq;mq;mq;mq;mq;mq;mq;mq;mq;mq;
81401;20110905090000;101360;mq;mq;190;2.100000;296.350000;294.950000;92;mq;mq;mq;mq;mq;mq;mq;mq;mq;mq;101300;mq;mq;mq;mq;mq;mq;mq;mq;mq;mq;mq;mq;mq;mq;mq;mq;mq;mq;0.000000;mq;mq;mq;mq;mq;mq;mq;mq;mq;mq;mq;mq;mq;mq;mq;mq;mq;mq;mq;
81405;20110905090000;101390;mq;mq;200;1.500000;295.650000;295.650000;100;1200;10;mq;mq;101;mq;mq;62;61;60;101300;mq;mq;mq;mq;mq;mq;mq;mq;mq;mq;mq;mq;mq;mq;mq;mq;mq;mq;0.000000;mq;mq;mq;mq;mq;mq;mq;mq;mq;mq;mq;mq;mq;mq;mq;mq;mq;mq;mq;
81408;20110905090000;101380;mq;mq;0;0.000000;294.450000;294.150000;98;mq;mq;mq;mq;mq;mq;mq;mq;mq;mq;101300;mq;mq;mq;mq;mq;mq;mq;mq;mq;mq;mq;mq;mq;mq;mq;mq;mq;mq;0.200000;mq;mq;mq;mq;mq;mq;mq;mq;mq;mq;mq;mq;mq;mq;mq;mq;mq;mq;mq;
81415;20110905090000;101480;mq;mq;0;0.000000;295.150000;294.450000;96;mq;mq;mq;mq;mq;mq;mq;mq;mq;mq;100260;mq;mq;mq;mq;mq;mq;mq;mq;mq;mq;mq;mq;mq;mq;mq;mq;mq;mq;0.000000;mq;mq;mq;mq;mq;mq;mq;mq;mq;mq;mq;mq;mq;mq;mq;mq;mq;mq;mq;
89642;20110905090000;98040;80;3;120;19.500000;264.150000;262.350000;85;1200;71;7;7;100;8;450;35;61;60;97500;mq;mq;mq;mq;mq;mq;mq;mq;mq;mq;29.300000;29.800000;-30;mq;mq;mq;mq;mq;mq;mq;mq;mq;1029.000000;1130.000000;mq;mq;3;7;330;8;6;690;mq;mq;mq;mq;mq;mq;
07005;20110905120000;101640;200;1;240;10.300000;291.050000;283.150000;60;22000;1;8;6;50;4;800;38;20;10;100770;mq;mq;mq;mq;mq;mq;mq;mq;mq;mq;mq;14.900000;-10;mq;mq;0.000000;-60;0.000000;0.000000;0.000000;mq;mq;710.000000;1115.000000;3100.000000;mq;2;8;780;3;6;1500;mq;mq;mq;mq;mq;mq;
07015;20110905120000;101570;190;1;250;8.700000;290.250000;284.250000;68;40000;1;8;6;50;4;800;38;20;10;101010;mq;mq;mq;mq;mq;mq;mq;mq;mq;mq;mq;14.400000;-10;mq;mq;0.000000;-60;0.000000;2.000000;2.000000;mq;mq;710.000000;1114.000000;3100.000000;mq;1;8;900;4;6;2100;mq;mq;mq;mq;mq;mq;
07020;20110905120000;101770;190;1;240;11.800000;289.950000;285.450000;75;18000;1;6;2;60;4;1250;32;26;10;101510;mq;mq;mq;mq;mq;mq;mq;mq;mq;mq;mq;17.000000;-10;mq;mq;mq;mq;0.000000;0.000000;0.000000;mq;mq;710.000000;1117.000000;mq;mq;4;8;990;mq;mq;mq;mq;mq;mq;mq;mq;mq;
07027;20110905120000;101840;200;1;250;7.700000;290.150000;283.050000;63;30000;1;8;6;75;6;1250;32;20;10;101040;mq;mq;mq;mq;mq;mq;mq;mq;mq;mq;mq;12.900000;-10;mq;mq;0.000000;-60;0.000000;0.000000;0.800000;mq;mq;710.000000;1113.000000;3100.000000;mq;6;8;1350;mq;mq;mq;mq;mq;mq;mq;mq;mq;
07037;20110905120000;101840;210;2;260;4.100000;287.050000;285.450000;90;30000;25;8;6;60;5;800;38;20;10;100030;mq;mq;mq;mq;mq;mq;mq;mq;mq;mq;mq;13.900000;-10;mq;mq;0.000000;-60;0.000000;0.000000;0.000000;mq;mq;710.000000;1114.000000;3100.000000;mq;3;8;600;3;6;1500;mq;mq;mq;mq;mq;mq;
07110;20110905120000;101960;130;1;250;6.700000;290.750000;284.350000;66;30000;2;1;1;60;4;1250;32;23;11;100840;mq;mq;mq;mq;mq;mq;mq;mq;mq;mq;mq;12.300000;-10;mq;mq;0.000000;-60;0.000000;0.000000;0.000000;mq;mq;710.000000;1112.000000;3100.000000;mq;4;8;1020;mq;mq;mq;mq;mq;mq;mq;mq;mq;
07117;20110905120000;101870;160;1;270;9.300000;291.150000;283.250000;60;20000;2;1;1;40;2;800;32;20;12;101180;mq;mq;mq;mq;mq;mq;mq;mq;mq;mq;16.500000;18.000000;-10;mq;mq;mq;mq;0.000000;0.000000;0.000000;mq;mq;1016.000000;710.000000;1118.000000;2448.000000;mq;mq;mq;mq;mq;mq;mq;mq;mq;mq;mq;mq;
07130;20110905120000;102040;160;1;280;5.100000;290.250000;284.050000;67;40000;0;mq;mq;100;mq;1250;mq;mq;mq;101530;mq;mq;mq;mq;mq;mq;mq;mq;mq;mq;mq;11.300000;-10;mq;mq;mq;mq;0.000000;0.000000;0.000000;mq;mq;710.000000;1111.000000;mq;mq;mq;mq;mq;mq;mq;mq;mq;mq;mq;mq;mq;mq;
07139;20110905120000;101930;140;1;270;8.200000;291.850000;283.650000;59;25000;1;8;6;50;4;800;38;20;10;100240;mq;mq;mq;mq;mq;mq;mq;mq;mq;mq;mq;13.900000;-10;mq;mq;0.000000;-60;0.000000;0.000000;0.200000;mq;mq;710.000000;1114.000000;3100.000000;mq;4;8;690;mq;mq;mq;mq;mq;mq;mq;mq;mq;
07149;20110905120000;101930;160;1;250;8.700000;292.750000;283.450000;55;25000;2;1;1;60;5;1250;38;20;10;100870;mq;mq;mq;mq;mq;mq;mq;mq;mq;mq;mq;13.400000;-10;mq;mq;0.000000;-60;0.000000;0.000000;0.000000;mq;mq;710.000000;1113.000000;3100.000000;mq;3;8;1080;3;6;1500;mq;mq;mq;mq;mq;mq;
07168;20110905120000;102030;160;1;260;7.700000;292.550000;280.350000;45;30000;2;1;1;60;5;1250;32;20;10;100640;mq;mq;mq;mq;mq;mq;mq;mq;mq;mq;mq;12.900000;-10;mq;mq;0.000000;-60;0.000000;0.000000;0.000000;mq;mq;710.000000;1113.000000;3100.000000;mq;5;8;1350;mq;mq;mq;mq;mq;mq;mq;mq;mq;
07181;20110905120000;101890;120;3;250;8.200000;291.150000;282.750000;58;7000;0;mq;mq;mq;mq;mq;mq;mq;mq;97910;mq;mq;mq;mq;mq;mq;mq;mq;mq;mq;mq;14.400000;-10;mq;mq;mq;mq;0.200000;0.200000;0.200000;mq;mq;710.000000;1114.000000;mq;mq;mq;mq;mq;mq;mq;mq;mq;mq;mq;mq;mq;mq;
07190;20110905120000;101870;70;3;250;5.700000;293.450000;283.250000;52;50000;0;mq;mq;100;mq;1750;mq;mq;mq;100110;mq;mq;mq;mq;mq;mq;mq;mq;mq;mq;mq;9.800000;-10;mq;mq;mq;mq;0.000000;0.000000;0.000000;mq;mq;710.000000;1110.000000;mq;mq;mq;mq;mq;mq;mq;mq;mq;mq;mq;mq;mq;mq;
07207;20110905120000;mq;mq;mq;280;8.200000;291.350000;285.350000;68;20000;2;1;1;50;3;1250;31;20;11;mq;mq;mq;mq;mq;mq;mq;mq;mq;mq;mq;mq;12.900000;-10;mq;mq;mq;mq;0.000000;0.000000;0.600000;mq;mq;710.000000;1113.000000;2448.000000;mq;mq;mq;mq;mq;mq;mq;mq;mq;mq;mq;mq;mq;
07222;20110905120000;102210;190;3;270;5.100000;291.450000;286.750000;74;20000;25;8;6;60;5;1250;32;20;10;101900;mq;mq;mq;mq;mq;mq;mq;mq;mq;mq;mq;11.800000;-10;mq;mq;mq;mq;0.400000;0.400000;0.400000;mq;mq;710.000000;1112.000000;mq;mq;5;8;1080;mq;mq;mq;mq;mq;mq;mq;mq;mq;
07240;20110905120000;102120;130;1;240;6.200000;293.450000;282.950000;51;60000;0;mq;mq;90;mq;1250;mq;mq;mq;100810;mq;mq;mq;mq;mq;mq;mq;mq;mq;mq;mq;11.300000;-10;mq;mq;mq;mq;0.000000;0.000000;0.200000;mq;mq;710.000000;1111.000000;mq;mq;mq;mq;mq;mq;mq;mq;mq;mq;mq;mq;mq;mq;
07255;20110905120000;102240;170;3;270;4.100000;292.950000;280.050000;43;40000;3;6;1;50;4;1250;31;20;12;100290;mq;mq;mq;mq;mq;mq;mq;mq;mq;mq;mq;11.300000;-10;mq;mq;0.000000;-60;0.000000;0.000000;0.000000;mq;mq;710.000000;1111.000000;3100.000000;mq;4;8;1380;mq;mq;mq;mq;mq;mq;mq;mq;mq;
07280;20110905120000;102090;110;2;220;5.700000;292.750000;285.550000;63;60000;0;mq;mq;90;mq;800;mq;mq;mq;99440;mq;mq;mq;mq;mq;mq;mq;mq;mq;mq;mq;8.700000;-10;mq;mq;mq;mq;0.000000;0.000000;0.000000;mq;mq;710.000000;1109.000000;mq;mq;mq;mq;mq;mq;mq;mq;mq;mq;mq;mq;mq;mq;
07299;20110905120000;102000;100;1;260;5.100000;292.550000;284.050000;58;60000;2;1;1;75;6;1250;34;24;10;98830;mq;mq;mq;mq;mq;mq;mq;mq;mq;mq;mq;10.800000;-10;mq;mq;0.000000;-60;0.000000;0.000000;0.000000;mq;mq;710.000000;1111.000000;3100.000000;mq;2;8;1200;5;6;1800;mq;mq;mq;mq;mq;mq;
07314;20110905120000;102390;170;1;270;6.700000;292.850000;285.350000;62;25000;2;1;1;50;4;1250;38;20;10;102120;mq;mq;mq;mq;mq;mq;mq;mq;mq;mq;mq;9.800000;-10;mq;mq;mq;mq;0.000000;0.000000;0.000000;mq;mq;710.000000;1110.000000;2438.000000;mq;2;8;990;mq;mq;mq;mq;mq;mq;mq;mq;mq;
07335;20110905120000;102280;140;2;230;6.200000;293.150000;282.950000;52;40000;2;1;1;60;5;1250;32;20;11;100870;mq;mq;mq;mq;mq;mq;mq;mq;mq;mq;mq;11.800000;-10;mq;mq;0.000000;-60;0.000000;0.000000;0.000000;mq;mq;710.000000;1112.000000;3100.000000;mq;5;8;1290;mq;mq;mq;mq;mq;mq;mq;mq;mq;
07434;20110905120000;102340;140;3;240;4.600000;290.450000;280.250000;51;50000;1;6;2;60;5;1250;31;20;10;97640;mq;mq;mq;mq;mq;mq;mq;mq;mq;mq;mq;8.200000;-10;mq;mq;0.000000;-60;0.000000;0.000000;0.000000;mq;mq;710.000000;1108.000000;3100.000000;mq;5;8;1200;mq;mq;mq;mq;mq;mq;mq;mq;mq;
07460;20110905120000;102110;80;1;250;3.600000;293.350000;281.650000;47;50000;2;1;1;60;4;1250;38;20;12;98340;mq;mq;mq;mq;mq;mq;mq;mq;mq;mq;mq;7.200000;-10;mq;mq;0.000000;-60;0.000000;0.000000;0.000000;mq;mq;710.000000;1107.000000;3100.000000;mq;2;8;1350;3;6;1800;mq;mq;mq;mq;mq;mq;
07471;20110905120000;mq;30;1;260;3.100000;290.650000;282.250000;58;30000;2;1;1;90;6;1250;32;20;11;92670;85000;18130;mq;mq;mq;mq;mq;mq;mq;mq;mq;7.700000;-10;mq;mq;0.000000;-60;0.000000;0.000000;0.000000;mq;mq;710.000000;1108.000000;3100.000000;mq;6;8;1080;mq;mq;mq;mq;mq;mq;mq;mq;mq;
07481;20110905120000;102140;30;0;60;2.600000;293.950000;283.750000;52;50000;2;1;1;60;2;1250;32;26;12;99350;mq;mq;mq;mq;mq;mq;mq;mq;mq;mq;mq;5.100000;-10;mq;mq;0.000000;-60;0.000000;0.000000;0.000000;mq;mq;710.000000;1105.000000;3100.000000;mq;2;8;1290;3;3;2100;mq;mq;mq;mq;mq;mq;
07510;20110905120000;102420;130;1;290;4.600000;294.150000;284.250000;53;50000;2;1;1;75;4;1250;38;20;12;101780;mq;mq;mq;mq;mq;mq;mq;mq;mq;mq;mq;8.200000;-10;mq;mq;0.000000;-60;0.000000;0.000000;0.000000;mq;mq;710.000000;1108.000000;3100.000000;mq;2;8;1200;3;6;1500;mq;mq;mq;mq;mq;mq;
07535;20110905120000;102350;80;2;270;1.500000;294.650000;283.750000;50;30000;1;6;1;50;4;800;31;20;10;99320;mq;mq;mq;mq;mq;mq;mq;mq;mq;mq;mq;6.200000;-10;mq;mq;0.000000;-60;0.000000;0.000000;0.400000;mq;mq;710.000000;1106.000000;3100.000000;mq;4;8;780;mq;mq;mq;mq;mq;mq;mq;mq;mq;
07558;20110905120000;102240;90;2;270;4.100000;290.150000;284.850000;71;40000;15;1;1;90;7;800;31;61;60;94090;mq;mq;mq;mq;mq;mq;mq;mq;mq;mq;mq;8.200000;-10;mq;mq;0.000000;-60;0.000000;0.000000;0.000000;mq;mq;710.000000;1108.000000;3100.000000;mq;7;8;600;mq;mq;mq;mq;mq;mq;mq;mq;mq;
07577;20110905120000;102040;60;0;30;5.700000;296.950000;285.250000;48;40000;2;1;1;25;1;1250;35;20;11;101180;mq;mq;mq;mq;mq;mq;mq;mq;mq;mq;mq;10.300000;-10;mq;mq;0.000000;-60;0.000000;0.000000;0.000000;mq;mq;710.000000;1110.000000;3100.000000;mq;1;6;1200;mq;mq;mq;mq;mq;mq;mq;mq;mq;
07591;20110905120000;mq;-20;8;210;5.700000;295.450000;282.250000;43;mq;0;mq;mq;mq;mq;mq;mq;mq;mq;91840;mq;mq;mq;mq;mq;mq;mq;mq;mq;mq;mq;10.800000;-10;mq;mq;mq;mq;0.000000;0.000000;0.000000;mq;mq;710.000000;1111.000000;mq;mq;mq;mq;mq;mq;mq;mq;mq;mq;mq;mq;mq;mq;
07607;20110905120000;102490;80;1;240;2.600000;293.450000;287.750000;70;16000;0;mq;mq;100;mq;2250;mq;mq;mq;101790;mq;mq;mq;mq;mq;mq;mq;mq;mq;mq;mq;6.200000;-10;mq;mq;mq;mq;0.000000;0.000000;0.400000;mq;mq;710.000000;1106.000000;mq;mq;mq;mq;mq;mq;mq;mq;mq;mq;mq;mq;mq;mq;
07621;20110905120000;102470;90;2;310;4.600000;291.450000;286.350000;72;20000;2;1;1;90;7;800;38;61;60;98230;mq;mq;mq;mq;mq;mq;mq;mq;mq;mq;mq;8.700000;-10;mq;mq;0.000000;-60;0.000000;0.000000;0.000000;mq;mq;710.000000;1109.000000;3100.000000;mq;5;8;660;7;6;1500;mq;mq;mq;mq;mq;mq;
07627;20110905120000;102370;60;1;280;2.100000;292.650000;285.150000;62;20000;2;1;1;90;7;1250;38;61;60;97620;mq;mq;mq;mq;mq;mq;mq;mq;mq;mq;mq;5.700000;-10;mq;mq;0.000000;-60;0.000000;0.000000;0.000000;mq;mq;710.000000;1106.000000;3100.000000;mq;4;8;1200;4;6;1500;mq;mq;mq;mq;mq;mq;
07630;20110905120000;102410;90;1;290;3.600000;294.250000;285.150000;56;40000;2;1;1;75;6;1250;38;20;12;100660;mq;mq;mq;mq;mq;mq;mq;mq;mq;mq;mq;9.300000;-10;mq;mq;0.000000;-60;0.000000;0.000000;0.000000;mq;mq;710.000000;1109.000000;3100.000000;mq;4;8;1140;4;6;1800;mq;mq;mq;mq;mq;mq;
07643;20110905120000;102010;10;0;330;5.100000;300.650000;282.050000;31;50000;2;1;1;40;1;1750;32;20;11;101920;mq;mq;mq;mq;mq;mq;mq;mq;mq;mq;mq;10.800000;-10;mq;mq;mq;mq;0.000000;0.000000;0.000000;mq;mq;710.000000;1111.000000;mq;mq;1;8;1500;3;0;7800;mq;mq;mq;mq;mq;mq;
07650;20110905120000;101870;30;1;300;8.200000;300.250000;285.850000;41;20000;2;1;1;10;1;1750;31;20;12;101500;mq;mq;mq;mq;mq;mq;mq;mq;mq;mq;mq;11.300000;-10;mq;mq;0.000000;-60;0.000000;0.000000;0.000000;mq;mq;710.000000;1111.000000;3100.000000;mq;1;8;1500;mq;mq;mq;mq;mq;mq;mq;mq;mq;
07661;20110905120000;101650;40;0;330;11.300000;299.050000;285.850000;44;25000;2;1;1;25;2;3500;30;27;10;100120;mq;mq;mq;mq;mq;mq;mq;mq;mq;mq;mq;16.500000;-10;mq;mq;mq;mq;0.000000;0.000000;0.000000;mq;mq;710.000000;1116.000000;mq;mq;1;3;2400;mq;mq;mq;mq;mq;mq;mq;mq;mq;
07690;20110905120000;101340;20;3;80;9.300000;299.050000;293.350000;71;50000;2;1;1;25;1;1250;31;23;11;101020;mq;mq;mq;mq;mq;mq;mq;mq;mq;mq;mq;12.300000;-10;mq;mq;0.000000;-60;0.000000;0.000000;0.000000;mq;mq;710.000000;1112.000000;3100.000000;mq;1;8;1200;mq;mq;mq;mq;mq;mq;mq;mq;mq;
07747;20110905120000;102150;40;1;320;6.700000;297.850000;283.350000;40;30000;2;1;1;75;6;1250;38;20;10;101640;mq;mq;mq;mq;mq;mq;mq;mq;mq;mq;mq;13.400000;-10;mq;mq;0.000000;-60;0.000000;0.000000;0.000000;mq;mq;710.000000;1113.000000;3100.000000;mq;1;8;1200;6;6;2100;mq;mq;mq;mq;mq;mq;
07761;20110905120000;101810;60;3;220;5.700000;300.150000;292.750000;64;40000;2;1;1;40;1;800;32;20;12;101710;mq;mq;mq;mq;mq;mq;mq;mq;mq;mq;mq;7.700000;-10;mq;mq;0.000000;-60;0.000000;0.000000;0.000000;mq;mq;710.000000;1108.000000;3100.000000;mq;1;8;900;3;0;7800;mq;mq;mq;mq;mq;mq;
07790;20110905120000;101540;-20;7;120;4.100000;301.250000;292.750000;60;40000;2;1;1;10;1;1250;35;20;12;101400;mq;mq;mq;mq;mq;mq;mq;mq;mq;mq;mq;6.200000;-10;mq;mq;0.000000;-60;0.000000;0.000000;0.000000;mq;mq;710.000000;1106.000000;3100.000000;mq;1;6;1080;mq;mq;mq;mq;mq;mq;mq;mq;mq;
61968;20110905120000;101380;mq;mq;100;2.600000;300.550000;291.850000;59;mq;mq;mq;mq;mq;mq;mq;mq;mq;mq;mq;mq;mq;20;mq;mq;mq;mq;mq;mq;mq;mq;6.200000;-10;mq;mq;mq;mq;0.000000;mq;0.000000;mq;mq;710.000000;1106.000000;mq;mq;mq;mq;mq;mq;mq;mq;mq;mq;mq;mq;mq;mq;
61970;20110905120000;101550;mq;mq;mq;mq;300.950000;294.750000;69;mq;mq;mq;mq;mq;mq;mq;mq;mq;mq;mq;mq;mq;70;mq;mq;mq;mq;mq;mq;mq;mq;mq;mq;mq;mq;mq;mq;0.000000;mq;0.000000;mq;mq;mq;mq;mq;mq;mq;mq;mq;mq;mq;mq;mq;mq;mq;mq;mq;mq;
61972;20110905120000;101930;mq;mq;170;8.200000;297.550000;290.550000;65;mq;mq;mq;mq;mq;mq;mq;mq;mq;mq;mq;mq;mq;270;mq;mq;mq;mq;mq;mq;mq;mq;13.900000;-10;mq;mq;mq;mq;0.000000;mq;0.000000;mq;mq;710.000000;1114.000000;mq;mq;mq;mq;mq;mq;mq;mq;mq;mq;mq;mq;mq;mq;
61976;20110905120000;101490;mq;mq;100;6.200000;299.750000;294.250000;72;mq;mq;mq;mq;mq;mq;mq;mq;mq;mq;101340;mq;mq;mq;mq;mq;mq;mq;mq;mq;mq;mq;mq;mq;mq;mq;mq;mq;mq;mq;mq;mq;mq;mq;mq;mq;mq;mq;mq;mq;mq;mq;mq;mq;mq;mq;mq;mq;mq;
61980;20110905120000;101670;mq;mq;30;2.100000;298.350000;292.450000;70;10000;2;1;1;25;2;800;38;20;10;mq;mq;mq;mq;mq;mq;mq;mq;mq;mq;mq;mq;3.100000;-10;mq;mq;mq;mq;0.000000;mq;0.000000;mq;mq;710.000000;1103.000000;2427.000000;mq;1;8;780;mq;mq;mq;mq;mq;mq;mq;mq;mq;
61996;20110905120000;mq;mq;mq;340;12.900000;286.850000;mq;mq;mq;mq;mq;mq;mq;mq;mq;mq;mq;mq;mq;mq;mq;mq;mq;mq;mq;mq;mq;mq;mq;mq;17.000000;-10;mq;mq;mq;mq;0.000000;mq;0.000000;mq;mq;710.000000;1117.000000;mq;mq;mq;mq;mq;mq;mq;mq;mq;mq;mq;mq;mq;mq;
61997;20110905120000;97870;mq;mq;260;11.300000;270.150000;267.050000;77;mq;mq;mq;mq;mq;mq;mq;mq;mq;mq;mq;mq;mq;mq;mq;mq;mq;mq;mq;mq;mq;mq;21.100000;-60;mq;mq;mq;mq;mq;mq;0.000000;mq;mq;1121.000000;mq;mq;mq;mq;mq;mq;mq;mq;mq;mq;mq;mq;mq;mq;mq;
61998;20110905120000;97700;mq;mq;250;5.100000;274.350000;273.050000;91;50000;1;7;6;10;1;800;35;20;10;mq;mq;mq;50;mq;mq;mq;mq;mq;mq;mq;mq;10.800000;-10;mq;mq;mq;mq;0.000000;mq;6.000000;mq;mq;710.000000;1111.000000;mq;mq;1;6;780;mq;mq;mq;mq;mq;mq;mq;mq;mq;
67005;20110905120000;101390;mq;mq;80;2.600000;301.150000;293.450000;63;mq;0;mq;mq;mq;mq;mq;mq;mq;mq;mq;mq;mq;10;mq;mq;mq;mq;mq;mq;mq;mq;5.100000;-10;mq;mq;mq;mq;0.000000;mq;0.000000;mq;mq;710.000000;1105.000000;mq;mq;mq;mq;mq;mq;mq;mq;mq;mq;mq;mq;mq;mq;
71805;20110905120000;101530;20;1;210;5.100000;291.350000;291.050000;98;12000;2;1;1;90;7;150;35;61;60;101450;mq;mq;mq;mq;mq;mq;mq;mq;mq;mq;mq;7.700000;-10;mq;mq;0.000000;-60;0.000000;0.000000;0.000000;mq;mq;710.000000;1108.000000;3100.000000;mq;2;7;150;6;6;840;mq;mq;mq;mq;mq;mq;
78897;20110905120000;101420;130;2;150;1.500000;301.650000;297.450000;78;20000;2;1;1;10;1;800;32;20;10;mq;mq;mq;30;296.150000;mq;mq;304.950000;mq;mq;mq;mq;mq;mq;mq;mq;mq;mq;mq;mq;0.000000;mq;0.000000;mq;mq;mq;mq;1;8;690;mq;mq;mq;mq;mq;mq;mq;mq;mq;
78922;20110905120000;101420;130;3;240;2.600000;302.950000;298.050000;75;mq;mq;mq;mq;mq;mq;mq;mq;mq;mq;100980;mq;mq;mq;mq;mq;mq;mq;mq;mq;mq;mq;mq;mq;mq;mq;mq;mq;mq;mq;mq;mq;mq;mq;mq;mq;mq;mq;mq;mq;mq;mq;mq;mq;mq;mq;mq;mq;mq;
78925;20110905120000;101430;130;1;60;1.000000;301.150000;298.350000;85;45000;0;mq;mq;mq;mq;mq;mq;mq;mq;mq;mq;mq;mq;296.250000;mq;mq;305.550000;mq;mq;mq;mq;mq;mq;mq;mq;mq;mq;mq;mq;0.000000;mq;7.000000;mq;mq;mq;mq;mq;mq;mq;mq;mq;mq;mq;mq;mq;mq;mq;mq;
81401;20110905120000;101490;mq;mq;180;2.600000;300.250000;294.550000;71;mq;mq;mq;mq;mq;mq;mq;mq;mq;mq;101430;mq;mq;mq;295.850000;mq;mq;mq;mq;mq;mq;mq;mq;mq;mq;mq;mq;mq;mq;0.000000;mq;mq;0.000000;mq;mq;mq;mq;mq;mq;mq;mq;mq;mq;mq;mq;mq;mq;mq;mq;
81405;20110905120000;101550;mq;mq;220;1.500000;298.450000;296.350000;88;15000;2;1;1;25;2;150;32;20;10;101460;mq;mq;mq;295.550000;mq;mq;mq;mq;mq;mq;mq;mq;mq;mq;mq;mq;mq;mq;0.000000;mq;mq;3.000000;mq;mq;mq;mq;mq;mq;mq;mq;mq;mq;mq;mq;mq;mq;mq;mq;
81408;20110905120000;101540;mq;mq;240;1.000000;297.050000;295.150000;89;mq;mq;mq;mq;mq;mq;mq;mq;mq;mq;101460;mq;mq;mq;294.450000;mq;mq;mq;mq;mq;mq;mq;mq;mq;mq;mq;mq;mq;mq;0.000000;mq;mq;5.000000;mq;mq;mq;mq;mq;mq;mq;mq;mq;mq;mq;mq;mq;mq;mq;mq;
81415;20110905120000;101570;mq;mq;110;1.000000;299.750000;295.150000;76;mq;mq;mq;mq;mq;mq;mq;mq;mq;mq;100360;mq;mq;mq;294.950000;mq;mq;mq;mq;mq;mq;mq;mq;mq;mq;mq;mq;mq;mq;0.000000;mq;mq;0.800000;mq;mq;mq;mq;mq;mq;mq;mq;mq;mq;mq;mq;mq;mq;mq;mq;
89642;20110905120000;98370;330;3;120;15.900000;264.850000;262.950000;85;4000;38;7;3;100;4;3500;30;21;17;97830;mq;mq;mq;261.350000;mq;264.950000;mq;mq;mq;mq;23.100000;29.800000;-60;mq;mq;mq;mq;mq;mq;mq;mq;mq;1023.000000;1130.000000;mq;mq;3;4;3300;8;2;4800;mq;mq;mq;mq;mq;mq;
07005;20110905150000;101760;120;1;250;9.800000;291.050000;283.150000;60;22000;2;1;1;25;2;1250;32;23;10;100890;mq;mq;mq;mq;mq;mq;mq;mq;mq;mq;mq;14.900000;-10;mq;mq;0.000000;-30;0.000000;0.000000;mq;mq;mq;710.000000;1115.000000;3100.000000;mq;2;8;1050;mq;mq;mq;mq;mq;mq;mq;mq;mq;
07015;20110905150000;101660;90;3;250;10.300000;291.550000;282.050000;54;40000;2;1;1;25;2;1250;38;20;10;101100;mq;mq;mq;mq;mq;mq;mq;mq;mq;mq;15.900000;16.500000;-10;mq;mq;0.000000;-30;0.000000;0.000000;mq;mq;mq;1016.000000;710.000000;1116.000000;3100.000000;1;8;1200;mq;mq;mq;mq;mq;mq;mq;mq;mq;
07020;20110905150000;101840;70;1;250;11.800000;290.350000;286.050000;76;18000;2;1;1;75;5;800;32;26;10;101580;mq;mq;mq;mq;mq;mq;mq;mq;mq;mq;mq;17.500000;-10;mq;mq;mq;mq;0.000000;0.000000;mq;mq;mq;710.000000;1117.000000;mq;mq;5;8;780;3;3;1800;mq;mq;mq;mq;mq;mq;
07027;20110905150000;101940;110;2;240;6.700000;291.550000;282.650000;56;40000;2;1;1;40;1;1250;31;20;11;101150;mq;mq;mq;mq;mq;mq;mq;mq;mq;mq;mq;12.300000;-10;mq;mq;0.000000;-30;0.000000;0.000000;mq;mq;mq;710.000000;1112.000000;3100.000000;mq;1;8;1380;mq;mq;mq;mq;mq;mq;mq;mq;mq;
07037;20110905150000;101880;60;3;250;7.200000;291.550000;281.550000;52;40000;2;1;1;60;4;1250;38;20;11;100090;mq;mq;mq;mq;mq;mq;mq;mq;mq;mq;mq;13.400000;-10;mq;mq;0.000000;-30;0.000000;0.000000;mq;mq;mq;710.000000;1113.000000;3100.000000;mq;3;8;1290;mq;mq;mq;mq;mq;mq;mq;mq;mq;
07110;20110905150000;101990;30;3;230;9.800000;290.850000;285.550000;71;30000;2;1;1;50;4;800;32;20;11;100870;mq;mq;mq;mq;mq;mq;mq;mq;mq;mq;mq;15.400000;-10;mq;mq;0.000000;-30;0.000000;0.400000;mq;mq;mq;710.000000;1115.000000;3100.000000;mq;4;8;750;mq;mq;mq;mq;mq;mq;mq;mq;mq;
07117;20110905150000;101920;50;3;270;6.700000;290.750000;285.650000;72;20000;2;1;1;75;4;800;34;26;10;101230;mq;mq;mq;mq;mq;mq;mq;mq;mq;mq;mq;11.800000;-10;mq;mq;mq;mq;0.000000;0.000000;mq;mq;mq;710.000000;1112.000000;2438.000000;mq;mq;mq;mq;mq;mq;mq;mq;mq;mq;mq;mq;mq;
07130;20110905150000;102050;10;2;240;4.100000;293.050000;284.750000;59;45000;0;mq;mq;90;mq;1250;mq;mq;mq;101540;mq;mq;mq;mq;mq;mq;mq;mq;mq;mq;mq;8.700000;-10;mq;mq;mq;mq;0.000000;0.000000;mq;mq;mq;710.000000;1109.000000;mq;mq;mq;mq;mq;mq;mq;mq;mq;mq;mq;mq;mq;mq;
07139;20110905150000;102000;70;1;260;6.200000;292.350000;281.050000;48;35000;2;1;1;60;2;800;38;20;12;100310;mq;mq;mq;mq;mq;mq;mq;mq;mq;mq;mq;11.800000;-10;mq;mq;0.000000;-30;0.000000;0.000000;mq;mq;mq;710.000000;1112.000000;3100.000000;mq;1;8;900;5;0;7500;mq;mq;mq;mq;mq;mq;
07149;20110905150000;101980;50;2;250;5.700000;292.350000;284.150000;59;25000;2;1;1;75;5;1250;38;20;11;100920;mq;mq;mq;mq;mq;mq;mq;mq;mq;mq;mq;10.800000;-10;mq;mq;0.000000;-30;0.000000;0.000000;mq;mq;mq;710.000000;1111.000000;3100.000000;mq;3;8;1230;3;6;1800;mq;mq;mq;mq;mq;mq;
07168;20110905150000;102100;70;3;240;8.200000;293.350000;281.050000;45;30000;2;1;1;75;6;1750;38;20;10;100710;mq;mq;mq;mq;mq;mq;mq;mq;mq;mq;mq;12.900000;-10;mq;mq;0.000000;-30;0.000000;0.000000;mq;mq;mq;710.000000;1113.000000;3100.000000;mq;2;8;1500;4;6;1800;mq;mq;mq;mq;mq;mq;
07181;20110905150000;102050;140;2;270;5.100000;290.850000;280.250000;50;35000;0;mq;mq;mq;mq;1750;mq;mq;mq;98050;mq;mq;mq;mq;mq;mq;mq;mq;mq;mq;mq;14.400000;-10;mq;mq;mq;mq;0.000000;0.000000;mq;mq;mq;710.000000;1114.000000;mq;mq;mq;mq;mq;mq;mq;mq;mq;mq;mq;mq;mq;mq;
07190;20110905150000;101950;80;3;260;6.200000;294.150000;283.350000;50;40000;0;mq;mq;mq;mq;2250;mq;mq;mq;100190;mq;mq;mq;mq;mq;mq;mq;mq;mq;mq;mq;15.900000;-10;mq;mq;mq;mq;0.000000;0.000000;mq;mq;mq;710.000000;1116.000000;mq;mq;mq;mq;mq;mq;mq;mq;mq;mq;mq;mq;mq;mq;
07207;20110905150000;mq;mq;mq;270;7.200000;291.350000;285.350000;68;20000;2;1;1;60;2;800;31;20;14;mq;mq;mq;mq;mq;mq;mq;mq;mq;mq;mq;mq;11.800000;-10;mq;mq;mq;mq;0.000000;0.000000;mq;mq;mq;710.000000;1112.000000;2448.000000;mq;mq;mq;mq;mq;mq;mq;mq;mq;mq;mq;mq;mq;
07222;20110905150000;102270;60;3;260;7.200000;293.450000;285.450000;60;30000;2;1;1;50;3;1250;32;20;11;101960;mq;mq;mq;mq;mq;mq;mq;mq;mq;mq;mq;11.300000;-10;mq;mq;mq;mq;0.000000;0.000000;mq;mq;mq;710.000000;1111.000000;mq;mq;3;8;1080;mq;mq;mq;mq;mq;mq;mq;mq;mq;
07240;20110905150000;102170;40;1;230;6.200000;293.150000;283.550000;54;60000;0;mq;mq;90;mq;1250;mq;mq;mq;100850;mq;mq;mq;mq;mq;mq;mq;mq;mq;mq;mq;11.300000;-10;mq;mq;mq;mq;0.000000;0.000000;mq;mq;mq;710.000000;1111.000000;mq;mq;mq;mq;mq;mq;mq;mq;mq;mq;mq;mq;mq;mq;
07255;20110905150000;102270;40;3;240;5.100000;294.450000;280.650000;41;40000;2;1;1;60;4;1750;31;20;11;100330;mq;mq;mq;mq;mq;mq;mq;mq;mq;mq;mq;11.800000;-10;mq;mq;0.000000;-30;0.000000;0.000000;mq;mq;mq;710.000000;1112.000000;3100.000000;mq;4;8;1500;mq;mq;mq;mq;mq;mq;mq;mq;mq;
07280;20110905150000;102150;70;3;260;4.600000;293.750000;281.050000;44;45000;0;mq;mq;mq;mq;1750;mq;mq;mq;99510;mq;mq;mq;mq;mq;mq;mq;mq;mq;mq;mq;9.800000;-10;mq;mq;mq;mq;0.000000;0.000000;mq;mq;mq;710.000000;1110.000000;mq;mq;mq;mq;mq;mq;mq;mq;mq;mq;mq;mq;mq;mq;
07299;20110905150000;102010;30;1;270;5.100000;294.550000;283.050000;48;60000;15;1;1;50;2;1250;34;24;11;98860;mq;mq;mq;mq;mq;mq;mq;mq;mq;mq;mq;10.300000;-10;mq;mq;0.000000;-30;0.000000;0.000000;mq;mq;mq;710.000000;1110.000000;3100.000000;mq;2;8;1350;mq;mq;mq;mq;mq;mq;mq;mq;mq;
07314;20110905150000;102450;60;1;250;6.700000;292.350000;285.350000;64;mq;mq;mq;mq;mq;mq;mq;mq;mq;mq;102180;mq;mq;mq;mq;mq;mq;mq;mq;mq;mq;mq;9.800000;-10;mq;mq;mq;mq;0.000000;0.000000;mq;mq;mq;710.000000;1110.000000;mq;mq;mq;mq;mq;mq;mq;mq;mq;mq;mq;mq;mq;mq;
07335;20110905150000;102300;20;1;230;7.200000;294.250000;282.150000;46;40000;2;1;1;50;3;1750;32;26;11;100890;mq;mq;mq;mq;mq;mq;mq;mq;mq;mq;mq;12.300000;-10;mq;mq;0.000000;-30;0.000000;0.000000;mq;mq;mq;710.000000;1112.000000;3100.000000;mq;3;8;1500;mq;mq;mq;mq;mq;mq;mq;mq;mq;
07434;20110905150000;102380;50;0;250;3.600000;290.950000;282.050000;56;50000;2;1;1;40;3;1250;38;20;10;97690;mq;mq;mq;mq;mq;mq;mq;mq;mq;mq;mq;7.700000;-10;mq;mq;0.000000;-30;mq;mq;mq;mq;mq;710.000000;1108.000000;3100.000000;mq;2;8;1350;mq;mq;mq;mq;mq;mq;mq;mq;mq;
07460;20110905150000;102240;120;1;280;4.600000;293.350000;281.650000;47;50000;2;1;1;40;3;1750;32;20;10;98460;mq;mq;mq;mq;mq;mq;mq;mq;mq;mq;mq;7.200000;-10;mq;mq;0.000000;-30;0.000000;0.000000;mq;mq;mq;710.000000;1107.000000;3100.000000;mq;3;8;1500;mq;mq;mq;mq;mq;mq;mq;mq;mq;
07471;20110905150000;mq;40;3;290;5.100000;291.550000;281.550000;52;50000;25;8;6;40;3;1250;32;20;10;92710;85000;18160;mq;mq;mq;mq;mq;mq;mq;mq;mq;11.300000;-10;mq;mq;0.000000;-30;0.000000;0.200000;mq;mq;mq;710.000000;1111.000000;3100.000000;mq;3;8;1200;mq;mq;mq;mq;mq;mq;mq;mq;mq;
07481;20110905150000;102150;20;1;80;2.100000;295.050000;282.950000;46;50000;2;1;1;60;2;1750;34;20;12;99370;mq;mq;mq;mq;mq;mq;mq;mq;mq;mq;mq;7.200000;-10;mq;mq;0.000000;-30;0.000000;0.000000;mq;mq;mq;710.000000;1107.000000;3100.000000;mq;2;8;1500;3;6;1800;mq;mq;mq;mq;mq;mq;
07510;20110905150000;102490;70;1;270;5.700000;294.850000;280.250000;39;50000;2;1;1;40;3;1750;38;20;12;101850;mq;mq;mq;mq;mq;mq;mq;mq;mq;mq;mq;9.300000;-10;mq;mq;0.000000;-30;0.000000;0.000000;mq;mq;mq;710.000000;1109.000000;3100.000000;mq;2;8;1500;mq;mq;mq;mq;mq;mq;mq;mq;mq;
07535;20110905150000;102360;30;1;280;2.100000;296.150000;281.850000;40;30000;2;1;1;25;2;1250;31;20;10;99350;mq;mq;mq;mq;mq;mq;mq;mq;mq;mq;mq;6.200000;-10;mq;mq;0.000000;-30;0.000000;0.000000;mq;mq;mq;710.000000;1106.000000;3100.000000;mq;2;8;1200;mq;mq;mq;mq;mq;mq;mq;mq;mq;
07558;20110905150000;102290;30;1;310;8.700000;289.950000;281.350000;57;50000;2;1;1;25;2;800;31;20;10;94120;mq;mq;mq;mq;mq;mq;mq;mq;mq;mq;mq;12.300000;-10;mq;mq;0.000000;-30;0.000000;0.000000;mq;mq;mq;710.000000;1112.000000;3100.000000;mq;2;8;780;mq;mq;mq;mq;mq;mq;mq;mq;mq;
07577;20110905150000;102030;10;0;30;5.700000;297.850000;284.450000;43;50000;2;1;1;10;1;1250;35;20;11;101170;mq;mq;mq;mq;mq;mq;mq;mq;mq;mq;mq;10.300000;-10;mq;mq;0.000000;-30;0.000000;0.000000;mq;mq;mq;710.000000;1110.000000;3100.000000;mq;1;6;1380;mq;mq;mq;mq;mq;mq;mq;mq;mq;
07591;20110905150000;mq;10;3;210;5.700000;295.050000;280.050000;38;mq;0;mq;mq;mq;mq;mq;mq;mq;mq;91850;mq;mq;mq;mq;mq;mq;mq;mq;mq;mq;mq;12.300000;-10;mq;mq;mq;mq;0.000000;0.000000;mq;mq;mq;710.000000;1112.000000;mq;mq;mq;mq;mq;mq;mq;mq;mq;mq;mq;mq;mq;mq;
07607;20110905150000;102520;40;2;290;4.100000;295.650000;284.050000;48;20000;0;mq;mq;100;mq;1750;mq;mq;mq;101830;mq;mq;mq;mq;mq;mq;mq;mq;mq;mq;mq;9.800000;-10;mq;mq;mq;mq;0.000000;0.000000;mq;mq;mq;710.000000;1110.000000;mq;mq;mq;mq;mq;mq;mq;mq;mq;mq;mq;mq;mq;mq;
07621;20110905150000;102590;100;2;260;3.600000;290.050000;285.950000;77;20000;2;1;1;90;7;800;38;61;60;98330;mq;mq;mq;mq;mq;mq;mq;mq;mq;mq;mq;8.200000;-10;mq;mq;0.000000;-30;0.000000;0.000000;mq;mq;mq;710.000000;1108.000000;3100.000000;mq;4;8;660;7;6;990;mq;mq;mq;mq;mq;mq;
07627;20110905150000;102530;120;3;280;2.100000;290.250000;285.750000;75;15000;2;1;1;90;7;800;38;61;60;97740;mq;mq;mq;mq;mq;mq;mq;mq;mq;mq;mq;7.200000;-10;mq;mq;0.000000;-30;0.000000;0.000000;mq;mq;mq;710.000000;1107.000000;3100.000000;mq;5;8;600;7;6;990;mq;mq;mq;mq;mq;mq;
07630;20110905150000;102450;40;2;320;4.100000;294.550000;284.550000;53;40000;2;1;1;90;7;1250;38;61;60;100700;mq;mq;mq;mq;mq;mq;mq;mq;mq;mq;mq;8.200000;-10;mq;mq;0.000000;-30;0.000000;0.000000;mq;mq;mq;710.000000;1108.000000;3100.000000;mq;4;8;1290;7;6;1800;mq;mq;mq;mq;mq;mq;
07643;20110905150000;102010;0;5;290;8.700000;300.850000;283.550000;34;60000;2;1;1;25;2;1750;32;20;60;101920;mq;mq;mq;mq;mq;mq;mq;mq;mq;mq;mq;12.900000;-10;mq;mq;mq;mq;0.000000;0.000000;mq;mq;mq;710.000000;1113.000000;mq;mq;2;8;1500;mq;mq;mq;mq;mq;mq;mq;mq;mq;
07650;20110905150000;101910;40;3;330;8.200000;299.950000;284.850000;39;20000;2;1;1;10;1;1750;31;20;12;101540;mq;mq;mq;mq;mq;mq;mq;mq;mq;mq;mq;14.400000;-10;mq;mq;0.000000;-30;0.000000;0.000000;mq;mq;mq;710.000000;1114.000000;3100.000000;mq;1;8;1500;mq;mq;mq;mq;mq;mq;mq;mq;mq;
07661;20110905150000;101680;30;3;330;11.800000;300.450000;280.850000;29;25000;2;1;1;25;2;3500;30;27;10;100150;mq;mq;mq;mq;mq;mq;mq;mq;mq;mq;mq;18.000000;-10;mq;mq;mq;mq;0.000000;0.000000;mq;mq;mq;710.000000;1118.000000;mq;mq;1;3;2400;mq;mq;mq;mq;mq;mq;mq;mq;mq;
07690;20110905150000;101400;60;3;90;6.700000;299.150000;293.750000;72;50000;2;1;1;25;1;1250;31;23;11;101080;mq;mq;mq;mq;mq;mq;mq;mq;mq;mq;mq;9.300000;-10;mq;mq;0.000000;-30;0.000000;0.000000;mq;mq;mq;710.000000;1109.000000;3100.000000;mq;1;8;1200;mq;mq;mq;mq;mq;mq;mq;mq;mq;
07747;20110905150000;102200;50;3;320;5.100000;298.150000;283.950000;41;30000;2;1;1;90;7;1250;38;61;60;101690;mq;mq;mq;mq;mq;mq;mq;mq;mq;mq;mq;12.300000;-10;mq;mq;0.000000;-30;0.000000;0.000000;mq;mq;mq;710.000000;1112.000000;3100.000000;mq;1;8;1200;7;6;2400;mq;mq;mq;mq;mq;mq;
07761;20110905150000;101850;40;3;240;6.700000;300.050000;291.850000;61;40000;2;1;1;25;1;800;32;20;12;101750;mq;mq;mq;mq;mq;mq;mq;mq;mq;mq;mq;7.700000;-10;mq;mq;0.000000;-30;0.000000;0.000000;mq;mq;mq;710.000000;1108.000000;3100.000000;mq;1;8;900;mq;mq;mq;mq;mq;mq;mq;mq;mq;
07790;20110905150000;101570;30;3;120;4.100000;301.750000;291.250000;53;40000;2;1;1;40;1;1250;32;23;11;101430;mq;mq;mq;mq;mq;mq;mq;mq;mq;mq;mq;7.200000;-10;mq;mq;0.000000;-30;0.000000;0.000000;mq;mq;mq;710.000000;1107.000000;3100.000000;mq;1;8;990;3;0;7800;mq;mq;mq;mq;mq;mq;
61968;20110905150000;101500;mq;mq;80;1.000000;297.450000;291.850000;71;mq;mq;mq;mq;mq;mq;mq;mq;mq;mq;mq;mq;mq;60;mq;mq;mq;mq;mq;mq;mq;mq;2.600000;-10;mq;mq;mq;mq;0.000000;0.000000;mq;mq;mq;710.000000;1103.000000;mq;mq;mq;mq;mq;mq;mq;mq;mq;mq;mq;mq;mq;mq;
61970;20110905150000;101670;mq;mq;mq;mq;298.150000;295.050000;83;mq;mq;mq;mq;mq;mq;mq;mq;mq;mq;mq;mq;mq;120;mq;mq;mq;mq;mq;mq;mq;mq;mq;mq;mq;mq;mq;mq;0.000000;0.000000;mq;mq;mq;mq;mq;mq;mq;mq;mq;mq;mq;mq;mq;mq;mq;mq;mq;mq;mq;
61972;20110905150000;102020;mq;mq;170;6.700000;295.750000;290.650000;73;mq;mq;mq;mq;mq;mq;mq;mq;mq;mq;mq;mq;mq;290;mq;mq;mq;mq;mq;mq;mq;mq;12.900000;-10;mq;mq;mq;mq;0.000000;0.000000;mq;mq;mq;710.000000;1113.000000;mq;mq;mq;mq;mq;mq;mq;mq;mq;mq;mq;mq;mq;mq;
61976;20110905150000;101650;mq;mq;100;5.100000;297.550000;294.450000;83;mq;mq;mq;mq;mq;mq;mq;mq;mq;mq;101500;mq;mq;50;mq;mq;mq;mq;mq;mq;mq;mq;mq;mq;mq;mq;mq;mq;mq;mq;mq;mq;mq;mq;mq;mq;mq;mq;mq;mq;mq;mq;mq;mq;mq;mq;mq;mq;mq;
61980;20110905150000;101840;mq;mq;190;2.100000;294.550000;292.450000;88;10000;25;8;1;40;3;800;38;20;10;mq;mq;mq;30;mq;mq;mq;mq;mq;mq;mq;mq;4.100000;-10;mq;mq;mq;mq;0.200000;1.000000;mq;mq;mq;710.000000;1104.000000;mq;mq;2;8;690;mq;mq;mq;mq;mq;mq;mq;mq;mq;
61996;20110905150000;mq;mq;mq;340;13.900000;286.750000;mq;mq;mq;mq;mq;mq;mq;mq;mq;mq;mq;mq;mq;mq;mq;mq;mq;mq;mq;mq;mq;mq;mq;mq;20.100000;-10;mq;mq;mq;mq;0.000000;0.000000;mq;mq;mq;710.000000;1120.000000;mq;mq;mq;mq;mq;mq;mq;mq;mq;mq;mq;mq;mq;mq;
61997;20110905150000;97840;mq;mq;280;8.200000;271.750000;268.050000;73;mq;mq;mq;mq;mq;mq;mq;mq;mq;mq;mq;mq;mq;mq;mq;mq;mq;mq;mq;mq;mq;mq;20.100000;-30;mq;mq;mq;mq;mq;0.000000;mq;mq;mq;1120.000000;mq;mq;mq;mq;mq;mq;mq;mq;mq;mq;mq;mq;mq;mq;mq;
61998;20110905150000;97910;mq;mq;30;4.600000;273.650000;272.350000;91;mq;mq;mq;mq;mq;mq;mq;mq;mq;mq;mq;mq;mq;mq;mq;mq;mq;mq;mq;mq;mq;mq;6.700000;-10;mq;mq;mq;mq;0.000000;0.000000;mq;mq;mq;710.000000;1107.000000;mq;mq;mq;mq;mq;mq;mq;mq;mq;mq;mq;mq;mq;mq;
67005;20110905150000;101510;mq;mq;310;1.500000;298.950000;293.750000;73;25000;2;1;1;50;1;800;32;20;12;mq;mq;mq;50;mq;mq;mq;mq;mq;mq;mq;mq;4.600000;-10;mq;mq;mq;mq;0.000000;0.000000;mq;mq;mq;710.000000;1105.000000;mq;mq;1;8;660;4;0;9000;mq;mq;mq;mq;mq;mq;
71805;20110905150000;101470;-60;7;220;9.300000;293.850000;290.650000;82;20000;2;1;1;0;mq;mq;mq;mq;mq;101390;mq;mq;mq;mq;mq;mq;mq;mq;mq;mq;mq;13.400000;-10;mq;mq;0.000000;-30;0.000000;0.000000;mq;mq;mq;710.000000;1113.000000;3100.000000;mq;mq;mq;mq;mq;mq;mq;mq;mq;mq;mq;mq;mq;
78897;20110905150000;101500;80;0;150;4.600000;304.350000;295.950000;61;45000;0;mq;mq;mq;mq;800;mq;mq;mq;mq;mq;mq;40;mq;mq;mq;mq;mq;mq;mq;mq;mq;mq;mq;mq;mq;mq;mq;mq;mq;mq;mq;mq;mq;mq;mq;mq;mq;mq;mq;mq;mq;mq;mq;mq;mq;mq;mq;
78922;20110905150000;101520;100;0;140;3.600000;304.850000;296.450000;61;mq;mq;mq;mq;mq;mq;mq;mq;mq;mq;101080;mq;mq;mq;mq;mq;mq;mq;mq;mq;mq;mq;mq;mq;mq;mq;mq;mq;mq;mq;mq;mq;mq;mq;mq;mq;mq;mq;mq;mq;mq;mq;mq;mq;mq;mq;mq;mq;mq;
78925;20110905150000;101490;60;0;90;3.100000;305.250000;297.550000;64;30000;2;1;1;50;4;800;32;20;10;mq;mq;mq;mq;mq;mq;mq;mq;mq;mq;mq;mq;mq;mq;mq;mq;mq;mq;mq;mq;mq;mq;mq;mq;mq;mq;mq;4;8;900;mq;mq;mq;mq;mq;mq;mq;mq;mq;
81401;20110905150000;101400;mq;mq;180;2.600000;304.850000;294.750000;55;mq;mq;mq;mq;mq;mq;mq;mq;mq;mq;101340;mq;mq;mq;mq;mq;mq;mq;mq;mq;mq;mq;mq;mq;mq;mq;mq;mq;mq;0.000000;mq;mq;mq;mq;mq;mq;mq;mq;mq;mq;mq;mq;mq;mq;mq;mq;mq;mq;mq;
81405;20110905150000;101420;mq;mq;150;2.600000;304.750000;296.050000;60;15000;2;1;1;60;5;800;32;20;10;101330;mq;mq;mq;mq;mq;mq;mq;mq;mq;mq;mq;mq;mq;mq;mq;mq;mq;mq;0.000000;mq;mq;mq;mq;mq;mq;mq;mq;mq;mq;mq;mq;mq;mq;mq;mq;mq;mq;mq;
81408;20110905150000;101430;mq;mq;130;0.500000;303.350000;296.750000;68;mq;mq;mq;mq;mq;mq;mq;mq;mq;mq;101350;mq;mq;mq;mq;mq;mq;mq;mq;mq;mq;mq;mq;mq;mq;mq;mq;mq;mq;0.000000;mq;mq;mq;mq;mq;mq;mq;mq;mq;mq;mq;mq;mq;mq;mq;mq;mq;mq;mq;
81415;20110905150000;101460;mq;mq;10;1.000000;303.950000;296.350000;64;mq;mq;mq;mq;mq;mq;mq;mq;mq;mq;100270;mq;mq;mq;mq;mq;mq;mq;mq;mq;mq;mq;mq;mq;mq;mq;mq;mq;mq;0.000000;mq;mq;mq;mq;mq;mq;mq;mq;mq;mq;mq;mq;mq;mq;mq;mq;mq;mq;mq;
89642;20110905150000;98620;250;1;120;15.900000;264.850000;262.450000;81;mq;mq;mq;mq;mq;mq;mq;mq;mq;mq;98080;mq;mq;mq;mq;mq;mq;mq;mq;mq;mq;22.100000;24.200000;-30;mq;mq;mq;mq;mq;mq;mq;mq;mq;1022.000000;1124.000000;mq;mq;mq;mq;mq;mq;mq;mq;mq;mq;mq;mq;mq;mq;
07005;20110905180000;101900;130;1;220;5.700000;289.450000;282.850000;65;mq;mq;mq;mq;mq;mq;mq;mq;mq;mq;101020;mq;mq;mq;285.550000;mq;291.550000;mq;mq;mq;mq;mq;10.800000;-10;mq;mq;mq;mq;0.000000;0.000000;mq;0.000000;mq;710.000000;1111.000000;mq;mq;mq;mq;mq;mq;mq;mq;mq;mq;mq;mq;mq;mq;
07015;20110905180000;101840;180;1;260;6.200000;289.750000;281.650000;59;35000;2;1;1;75;6;1750;35;20;10;101280;mq;mq;mq;286.450000;mq;292.050000;mq;mq;mq;mq;mq;11.800000;-10;mq;mq;0.000000;-60;0.000000;0.000000;mq;2.000000;mq;710.000000;1112.000000;3100.000000;mq;6;6;1500;mq;mq;mq;mq;mq;mq;mq;mq;mq;
07020;20110905180000;101850;10;0;240;11.800000;289.650000;285.450000;76;14000;2;1;1;60;4;800;32;26;10;101590;mq;mq;mq;288.350000;mq;290.950000;mq;mq;mq;mq;mq;17.000000;-10;mq;mq;mq;mq;0.000000;0.000000;mq;0.000000;mq;710.000000;1117.000000;mq;mq;4;8;780;3;3;1800;mq;mq;mq;mq;mq;mq;
07027;20110905180000;101970;20;3;230;3.100000;290.050000;283.650000;66;60000;0;mq;mq;100;mq;1750;mq;mq;mq;101170;mq;mq;mq;285.050000;mq;292.250000;mq;mq;mq;mq;mq;7.700000;-10;mq;mq;mq;mq;0.000000;0.000000;mq;0.800000;mq;710.000000;1108.000000;mq;mq;mq;mq;mq;mq;mq;mq;mq;mq;mq;mq;mq;mq;
07037;20110905180000;101990;100;1;220;4.100000;289.150000;282.150000;63;55000;0;mq;mq;mq;mq;1750;mq;mq;mq;100190;mq;mq;mq;284.650000;mq;291.850000;mq;mq;mq;mq;mq;9.300000;-10;mq;mq;mq;mq;0.000000;0.000000;mq;0.000000;mq;710.000000;1109.000000;mq;mq;mq;mq;mq;mq;mq;mq;mq;mq;mq;mq;mq;mq;
07110;20110905180000;102050;50;3;220;8.200000;289.150000;284.750000;75;15000;2;1;1;40;2;800;38;20;11;100920;mq;mq;mq;284.750000;mq;292.150000;mq;mq;mq;mq;mq;12.900000;-10;mq;mq;0.000000;-60;0.000000;0.000000;mq;0.400000;mq;710.000000;1113.000000;3100.000000;mq;2;8;600;3;0;7500;mq;mq;mq;mq;mq;mq;
07117;20110905180000;101950;30;3;250;8.200000;290.050000;283.150000;64;20000;2;1;1;40;3;450;31;20;10;101260;mq;mq;mq;286.150000;mq;292.750000;mq;mq;mq;mq;mq;15.400000;-10;mq;mq;mq;mq;0.000000;0.000000;mq;0.000000;mq;710.000000;1115.000000;2438.000000;mq;mq;mq;mq;mq;mq;mq;mq;mq;mq;mq;mq;mq;
07130;20110905180000;102150;100;3;220;5.100000;290.450000;284.250000;67;35000;0;mq;mq;90;mq;1750;mq;mq;mq;101640;mq;mq;mq;284.150000;mq;294.050000;mq;mq;mq;mq;mq;10.800000;-10;mq;mq;mq;mq;0.000000;0.000000;mq;0.000000;mq;710.000000;1111.000000;mq;mq;mq;mq;mq;mq;mq;mq;mq;mq;mq;mq;mq;mq;
07139;20110905180000;102060;50;1;220;3.600000;291.250000;283.850000;62;mq;mq;mq;mq;mq;mq;mq;mq;mq;mq;100360;mq;mq;mq;284.050000;mq;293.450000;mq;mq;mq;mq;mq;7.200000;-10;mq;mq;mq;mq;0.000000;0.000000;mq;0.200000;mq;710.000000;1107.000000;mq;mq;mq;mq;mq;mq;mq;mq;mq;mq;mq;mq;mq;mq;
07149;20110905180000;102110;120;3;230;4.600000;291.050000;284.150000;64;30000;2;1;1;50;3;1250;38;20;11;101040;mq;mq;mq;286.850000;mq;293.850000;mq;mq;mq;mq;mq;9.800000;-10;mq;mq;0.000000;-60;0.000000;0.000000;mq;0.000000;mq;710.000000;1110.000000;3100.000000;mq;2;8;1200;mq;mq;mq;mq;mq;mq;mq;mq;mq;
07168;20110905180000;102220;110;2;220;3.600000;289.850000;282.050000;60;20000;0;mq;mq;mq;mq;mq;mq;mq;mq;100820;mq;mq;mq;286.550000;mq;294.950000;mq;mq;mq;mq;mq;8.700000;-10;mq;mq;mq;mq;0.000000;0.000000;mq;0.000000;mq;710.000000;1109.000000;mq;mq;mq;mq;mq;mq;mq;mq;mq;mq;mq;mq;mq;mq;
07181;20110905180000;102210;120;3;240;3.600000;288.150000;281.150000;63;60000;0;mq;mq;mq;mq;mq;mq;mq;mq;98170;mq;mq;mq;285.650000;mq;292.450000;mq;mq;mq;mq;mq;7.700000;-10;mq;mq;mq;mq;0.000000;0.000000;mq;0.200000;mq;710.000000;1108.000000;mq;mq;mq;mq;mq;mq;mq;mq;mq;mq;mq;mq;mq;mq;
07190;20110905180000;102200;220;3;290;3.600000;290.950000;279.750000;48;60000;0;mq;mq;mq;mq;mq;mq;mq;mq;100410;mq;mq;mq;288.550000;mq;295.650000;mq;mq;mq;mq;mq;9.300000;-10;mq;mq;mq;mq;0.000000;0.000000;mq;0.000000;mq;710.000000;1109.000000;mq;mq;mq;mq;mq;mq;mq;mq;mq;mq;mq;mq;mq;mq;
07207;20110905180000;mq;mq;mq;260;8.700000;290.550000;285.050000;70;18000;2;1;1;75;4;800;38;25;14;mq;mq;mq;mq;287.250000;mq;291.850000;mq;mq;mq;mq;mq;12.300000;-10;mq;mq;mq;mq;0.000000;0.000000;mq;0.600000;mq;710.000000;1112.000000;2447.000000;mq;mq;mq;mq;mq;mq;mq;mq;mq;mq;mq;mq;mq;
07222;20110905180000;102340;70;3;250;3.600000;290.350000;285.050000;71;30000;2;1;1;25;1;1250;32;20;11;102030;mq;mq;mq;283.550000;mq;293.650000;mq;mq;mq;mq;mq;7.700000;-10;mq;mq;mq;mq;0.000000;0.000000;mq;0.400000;mq;710.000000;1108.000000;mq;mq;1;8;1080;mq;mq;mq;mq;mq;mq;mq;mq;mq;
07240;20110905180000;102250;80;3;240;4.600000;292.050000;283.350000;57;30000;2;1;1;40;1;1750;35;20;11;100930;mq;mq;mq;285.050000;mq;294.350000;mq;mq;mq;mq;mq;9.800000;-10;mq;mq;0.000000;-60;0.000000;0.000000;mq;0.200000;mq;710.000000;1110.000000;3100.000000;mq;1;6;1500;mq;mq;mq;mq;mq;mq;mq;mq;mq;
07255;20110905180000;102330;50;3;240;4.100000;292.150000;281.450000;50;20000;0;mq;mq;mq;mq;mq;mq;mq;mq;100380;mq;mq;mq;287.350000;mq;294.650000;mq;mq;mq;mq;mq;7.700000;-10;mq;mq;mq;mq;0.000000;0.000000;mq;0.000000;mq;710.000000;1108.000000;mq;mq;mq;mq;mq;mq;mq;mq;mq;mq;mq;mq;mq;mq;
07280;20110905180000;102330;150;3;260;3.100000;290.850000;279.950000;49;60000;0;mq;mq;mq;mq;mq;mq;mq;mq;99660;mq;mq;mq;286.450000;mq;295.450000;mq;mq;mq;mq;mq;7.200000;-10;mq;mq;mq;mq;0.000000;0.000000;mq;0.000000;mq;710.000000;1107.000000;mq;mq;mq;mq;mq;mq;mq;mq;mq;mq;mq;mq;mq;mq;
07299;20110905180000;102290;220;3;280;1.500000;289.750000;285.050000;74;60000;2;1;1;40;1;1250;34;23;11;99080;mq;mq;mq;288.750000;mq;295.150000;mq;mq;mq;mq;mq;9.300000;-10;mq;mq;0.000000;-60;0.000000;0.000000;mq;0.000000;mq;710.000000;1109.000000;3100.000000;mq;1;8;1200;3;6;1800;mq;mq;mq;mq;mq;mq;
07314;20110905180000;102510;60;1;260;6.200000;291.950000;286.150000;69;25000;2;1;1;60;5;1250;32;26;11;102240;mq;mq;mq;290.350000;mq;293.250000;mq;mq;mq;mq;mq;8.200000;-10;mq;mq;mq;mq;0.000000;0.000000;mq;0.000000;mq;710.000000;1108.000000;2438.000000;mq;4;8;990;mq;mq;mq;mq;mq;mq;mq;mq;mq;
07335;20110905180000;102410;100;3;250;5.100000;291.450000;283.550000;60;55000;0;mq;mq;mq;mq;mq;mq;mq;mq;100990;mq;mq;mq;285.250000;mq;294.950000;mq;mq;mq;mq;mq;10.300000;-10;mq;mq;mq;mq;0.000000;0.000000;mq;0.000000;mq;710.000000;1110.000000;mq;mq;mq;mq;mq;mq;mq;mq;mq;mq;mq;mq;mq;mq;
07434;20110905180000;102440;40;3;240;1.500000;289.650000;282.050000;61;60000;0;mq;mq;mq;mq;1750;mq;mq;mq;97730;mq;mq;mq;285.450000;mq;291.850000;mq;mq;mq;mq;mq;5.100000;-10;mq;mq;mq;mq;0.000000;mq;mq;mq;mq;710.000000;1105.000000;mq;mq;mq;mq;mq;mq;mq;mq;mq;mq;mq;mq;mq;mq;
07460;20110905180000;102410;140;3;290;2.100000;291.450000;280.250000;48;50000;2;1;1;10;1;1750;35;20;12;98600;mq;mq;mq;287.750000;mq;295.250000;mq;mq;mq;mq;mq;6.200000;-10;mq;mq;0.000000;-60;0.000000;0.000000;mq;0.000000;mq;710.000000;1106.000000;3100.000000;mq;1;6;1500;mq;mq;mq;mq;mq;mq;mq;mq;mq;
07471;20110905180000;mq;170;3;280;3.600000;288.150000;279.450000;56;20000;0;mq;mq;mq;mq;mq;mq;mq;mq;92880;85000;18320;mq;284.450000;mq;292.750000;mq;mq;mq;mq;mq;7.200000;-10;mq;mq;mq;mq;0.000000;0.000000;mq;0.200000;mq;710.000000;1107.000000;mq;mq;mq;mq;mq;mq;mq;mq;mq;mq;mq;mq;mq;mq;
07481;20110905180000;102300;130;3;360;5.100000;292.850000;285.150000;61;50000;2;1;1;40;3;1750;38;20;11;99500;mq;mq;mq;288.250000;mq;295.750000;mq;mq;mq;mq;mq;6.200000;-10;mq;mq;0.000000;-60;0.000000;0.000000;mq;0.000000;mq;710.000000;1106.000000;3100.000000;mq;2;8;1500;mq;mq;mq;mq;mq;mq;mq;mq;mq;
07510;20110905180000;102560;70;2;270;3.600000;292.650000;281.650000;49;30000;2;1;1;25;1;1750;35;20;12;101920;mq;mq;mq;287.850000;mq;295.850000;mq;mq;mq;mq;mq;7.700000;-10;mq;mq;0.000000;-60;0.000000;0.000000;mq;0.000000;mq;710.000000;1108.000000;3100.000000;mq;1;6;1500;mq;mq;mq;mq;mq;mq;mq;mq;mq;
07535;20110905180000;102460;60;3;280;1.500000;292.450000;281.750000;50;mq;mq;mq;mq;mq;mq;mq;mq;mq;mq;99410;mq;mq;mq;285.950000;mq;296.750000;mq;mq;mq;mq;mq;6.700000;-10;mq;mq;mq;mq;0.000000;0.000000;mq;0.400000;mq;710.000000;1107.000000;mq;mq;mq;mq;mq;mq;mq;mq;mq;mq;mq;mq;mq;mq;
07558;20110905180000;102420;80;3;330;6.200000;288.750000;280.550000;58;mq;mq;mq;mq;mq;mq;mq;mq;mq;mq;94200;mq;mq;mq;285.150000;mq;292.450000;mq;mq;mq;mq;mq;9.800000;-10;mq;mq;mq;mq;0.000000;0.000000;mq;0.000000;mq;710.000000;1110.000000;mq;mq;mq;mq;mq;mq;mq;mq;mq;mq;mq;mq;mq;mq;
07577;20110905180000;102140;100;3;10;2.100000;294.950000;284.350000;51;20000;0;mq;mq;mq;mq;mq;mq;mq;mq;101270;mq;mq;mq;289.850000;mq;297.950000;mq;mq;mq;mq;mq;6.200000;-10;mq;mq;mq;mq;0.000000;0.000000;mq;0.000000;mq;710.000000;1106.000000;mq;mq;mq;mq;mq;mq;mq;mq;mq;mq;mq;mq;mq;mq;
07591;20110905180000;mq;170;3;190;2.600000;290.250000;281.350000;56;mq;0;mq;mq;mq;mq;mq;mq;mq;mq;92020;mq;mq;mq;286.450000;mq;296.750000;mq;mq;mq;mq;mq;9.300000;-10;mq;mq;mq;mq;0.000000;0.000000;mq;0.000000;mq;710.000000;1109.000000;mq;mq;mq;mq;mq;mq;mq;mq;mq;mq;mq;mq;mq;mq;
07607;20110905180000;102620;90;3;300;3.100000;292.850000;284.350000;58;20000;0;mq;mq;mq;mq;mq;mq;mq;mq;101920;mq;mq;mq;288.850000;mq;297.050000;mq;mq;mq;mq;mq;6.700000;-10;mq;mq;mq;mq;0.000000;0.000000;mq;0.400000;mq;710.000000;1107.000000;mq;mq;mq;mq;mq;mq;mq;mq;mq;mq;mq;mq;mq;mq;
07621;20110905180000;102700;90;3;160;2.600000;289.350000;285.550000;78;20000;2;1;1;90;7;800;38;61;60;98420;mq;mq;mq;285.650000;mq;293.250000;mq;mq;mq;mq;mq;4.100000;-10;mq;mq;0.000000;-60;0.000000;0.000000;mq;0.000000;mq;710.000000;1104.000000;3100.000000;mq;3;8;840;7;6;1200;mq;mq;mq;mq;mq;mq;
07627;20110905180000;102630;80;3;160;1.000000;289.050000;286.750000;86;mq;mq;mq;mq;mq;mq;mq;mq;mq;mq;97820;mq;mq;mq;286.650000;mq;293.850000;mq;mq;mq;mq;mq;2.600000;-10;mq;mq;mq;mq;0.000000;0.000000;mq;0.000000;mq;710.000000;1103.000000;mq;mq;mq;mq;mq;mq;mq;mq;mq;mq;mq;mq;mq;mq;
07630;20110905180000;102510;50;3;260;3.600000;293.850000;284.750000;56;40000;2;1;1;25;2;2250;34;20;10;100750;mq;mq;mq;289.750000;mq;295.650000;mq;mq;mq;mq;mq;7.700000;-10;mq;mq;0.000000;-60;0.000000;0.000000;mq;0.000000;mq;710.000000;1108.000000;3100.000000;mq;2;6;2100;mq;mq;mq;mq;mq;mq;mq;mq;mq;
07643;20110905180000;102170;160;3;300;5.100000;297.250000;279.550000;32;60000;2;1;1;10;1;1750;34;20;10;102080;mq;mq;mq;293.650000;mq;301.650000;mq;mq;mq;mq;mq;11.300000;-10;mq;mq;mq;mq;0.000000;0.000000;mq;0.000000;mq;710.000000;1111.000000;mq;mq;1;6;1500;mq;mq;mq;mq;mq;mq;mq;mq;mq;
07650;20110905180000;101970;60;2;310;6.200000;297.350000;284.350000;44;20000;2;1;1;10;1;1250;31;20;12;101600;mq;mq;mq;293.650000;mq;300.850000;mq;mq;mq;mq;mq;11.300000;-10;mq;mq;0.000000;-60;0.000000;0.000000;mq;0.000000;mq;710.000000;1111.000000;3100.000000;mq;1;8;1200;mq;mq;mq;mq;mq;mq;mq;mq;mq;
07661;20110905180000;101800;110;3;340;11.800000;297.750000;281.650000;36;25000;2;1;1;25;2;3500;30;27;10;100260;mq;mq;mq;294.450000;mq;300.650000;mq;mq;mq;mq;17.500000;19.500000;-10;mq;mq;mq;mq;0.000000;0.000000;mq;0.000000;mq;1017.000000;710.000000;1120.000000;mq;1;3;2400;mq;mq;mq;mq;mq;mq;mq;mq;mq;
07690;20110905180000;101480;80;3;90;7.700000;297.450000;293.750000;80;30000;2;1;1;40;1;1250;31;23;11;101160;mq;mq;mq;294.150000;mq;299.450000;mq;mq;mq;mq;mq;10.300000;-10;mq;mq;0.000000;-60;0.000000;0.000000;mq;0.000000;mq;710.000000;1110.000000;3100.000000;mq;1;8;1200;3;0;6900;mq;mq;mq;mq;mq;mq;
07747;20110905180000;102330;120;2;320;7.200000;295.450000;285.450000;53;60000;0;mq;mq;100;mq;2250;mq;mq;mq;101810;mq;mq;mq;292.050000;mq;298.650000;mq;mq;mq;mq;mq;15.400000;-10;mq;mq;mq;mq;0.000000;0.000000;mq;0.000000;mq;710.000000;1115.000000;mq;mq;mq;mq;mq;mq;mq;mq;mq;mq;mq;mq;mq;mq;
07761;20110905180000;101960;110;3;240;3.100000;297.250000;290.450000;66;40000;2;1;1;10;1;1250;35;20;12;101860;mq;mq;mq;292.250000;mq;300.750000;mq;mq;mq;mq;mq;4.600000;-10;mq;mq;0.000000;-60;0.000000;0.000000;mq;0.000000;mq;710.000000;1105.000000;3100.000000;mq;1;6;1200;mq;mq;mq;mq;mq;mq;mq;mq;mq;
07790;20110905180000;101680;110;2;200;0.500000;296.850000;292.750000;78;40000;2;1;1;10;1;1250;31;20;11;101540;mq;mq;mq;292.650000;mq;301.950000;mq;mq;mq;mq;mq;3.100000;-10;mq;mq;0.000000;-60;0.000000;0.000000;mq;0.000000;mq;710.000000;1103.000000;3100.000000;mq;1;8;990;mq;mq;mq;mq;mq;mq;mq;mq;mq;
61968;20110905180000;101700;mq;mq;70;1.500000;294.050000;291.650000;86;mq;mq;mq;mq;mq;mq;mq;mq;mq;mq;mq;mq;mq;110;mq;mq;302.250000;mq;mq;mq;mq;mq;2.600000;-10;mq;mq;mq;mq;0.000000;mq;mq;0.000000;mq;710.000000;1103.000000;mq;mq;mq;mq;mq;mq;mq;mq;mq;mq;mq;mq;mq;mq;
61970;20110905180000;101800;mq;mq;mq;mq;297.850000;295.350000;86;mq;mq;mq;mq;mq;mq;mq;mq;mq;mq;mq;mq;mq;160;mq;mq;301.650000;mq;mq;mq;mq;mq;mq;mq;mq;mq;mq;mq;0.000000;mq;mq;0.000000;mq;mq;mq;mq;mq;mq;mq;mq;mq;mq;mq;mq;mq;mq;mq;mq;mq;
61972;20110905180000;102180;mq;mq;170;5.100000;295.550000;291.750000;79;mq;mq;mq;mq;mq;mq;mq;mq;mq;mq;mq;mq;mq;290;mq;mq;299.050000;mq;mq;mq;mq;mq;11.300000;-10;mq;mq;mq;mq;0.000000;mq;mq;0.000000;mq;710.000000;1111.000000;mq;mq;mq;mq;mq;mq;mq;mq;mq;mq;mq;mq;mq;mq;
61976;20110905180000;101840;mq;mq;120;5.100000;296.950000;294.050000;84;mq;mq;mq;mq;mq;mq;mq;mq;mq;mq;101690;mq;mq;80;mq;mq;mq;mq;mq;mq;mq;mq;mq;mq;mq;mq;mq;mq;mq;mq;mq;mq;mq;mq;mq;mq;mq;mq;mq;mq;mq;mq;mq;mq;mq;mq;mq;mq;mq;
61980;20110905180000;102020;mq;mq;180;2.100000;292.550000;290.650000;89;10000;3;8;1;40;3;800;38;20;10;mq;mq;mq;110;mq;mq;299.150000;mq;mq;mq;mq;mq;3.600000;-10;mq;mq;mq;mq;0.000000;mq;mq;1.000000;mq;710.000000;1104.000000;mq;mq;1;8;690;3;6;2400;mq;mq;mq;mq;mq;mq;
61996;20110905180000;mq;mq;mq;340;13.900000;286.950000;mq;mq;mq;mq;mq;mq;mq;mq;mq;mq;mq;mq;mq;mq;mq;mq;mq;mq;289.050000;mq;mq;mq;mq;mq;20.100000;-10;mq;mq;mq;mq;0.000000;mq;mq;0.000000;mq;710.000000;1120.000000;mq;mq;mq;mq;mq;mq;mq;mq;mq;mq;mq;mq;mq;mq;
61997;20110905180000;97460;mq;mq;90;0.500000;270.450000;269.450000;92;mq;mq;mq;mq;mq;mq;mq;mq;mq;mq;mq;mq;mq;mq;mq;mq;272.450000;mq;mq;mq;mq;mq;20.100000;-60;mq;mq;mq;mq;mq;mq;mq;0.800000;mq;1120.000000;mq;mq;mq;mq;mq;mq;mq;mq;mq;mq;mq;mq;mq;mq;mq;
61998;20110905180000;97670;mq;mq;350;9.800000;274.250000;271.850000;84;mq;mq;mq;mq;mq;mq;mq;mq;mq;mq;mq;mq;mq;mq;mq;mq;280.950000;mq;mq;mq;mq;mq;13.400000;-10;mq;mq;mq;mq;0.000000;mq;mq;6.000000;mq;710.000000;1113.000000;mq;mq;mq;mq;mq;mq;mq;mq;mq;mq;mq;mq;mq;mq;
67005;20110905180000;101640;mq;mq;270;2.100000;297.550000;294.250000;82;mq;0;mq;mq;mq;mq;mq;mq;mq;mq;mq;mq;mq;30;mq;mq;301.450000;mq;mq;mq;mq;mq;3.600000;-10;mq;mq;mq;mq;0.000000;mq;mq;0.000000;mq;710.000000;1104.000000;mq;mq;mq;mq;mq;mq;mq;mq;mq;mq;mq;mq;mq;mq;
71805;20110905180000;101460;-10;8;220;8.700000;293.950000;291.350000;85;20000;2;1;1;10;1;250;31;20;11;101380;mq;mq;mq;mq;289.950000;294.650000;mq;mq;mq;mq;mq;12.300000;-10;mq;mq;0.000000;-60;0.000000;0.000000;mq;0.000000;mq;710.000000;1112.000000;3100.000000;mq;1;8;210;mq;mq;mq;mq;mq;mq;mq;mq;mq;
78897;20110905180000;101320;-180;8;160;4.600000;304.550000;296.950000;64;40000;0;mq;mq;mq;mq;800;mq;mq;mq;mq;mq;mq;50;mq;296.150000;304.850000;mq;mq;mq;mq;mq;mq;mq;mq;mq;mq;mq;mq;mq;0.000000;mq;0.000000;mq;mq;mq;mq;mq;mq;mq;mq;mq;mq;mq;mq;mq;mq;mq;mq;
78922;20110905180000;101320;-200;8;140;4.100000;304.150000;295.750000;61;mq;mq;mq;mq;mq;mq;mq;mq;mq;mq;100880;mq;mq;mq;mq;mq;mq;mq;mq;mq;mq;mq;mq;mq;mq;mq;mq;mq;mq;mq;mq;mq;mq;mq;mq;mq;mq;mq;mq;mq;mq;mq;mq;mq;mq;mq;mq;mq;mq;
78925;20110905180000;101340;-150;8;70;4.600000;305.350000;297.650000;64;30000;2;1;1;40;3;1250;32;20;10;mq;mq;mq;0;mq;296.250000;305.750000;mq;mq;mq;mq;mq;mq;mq;mq;mq;mq;mq;mq;mq;0.000000;mq;mq;mq;mq;mq;mq;3;8;990;mq;mq;mq;mq;mq;mq;mq;mq;mq;
81401;20110905180000;101090;mq;mq;170;2.100000;306.650000;293.750000;47;mq;mq;mq;mq;mq;mq;mq;mq;mq;mq;101030;mq;mq;mq;mq;mq;mq;mq;mq;mq;mq;mq;mq;mq;mq;mq;mq;mq;mq;0.000000;0.000000;mq;mq;mq;mq;mq;mq;mq;mq;mq;mq;mq;mq;mq;mq;mq;mq;mq;mq;
81405;20110905180000;101150;mq;mq;40;5.100000;299.150000;296.850000;87;10000;80;8;6;75;6;1250;32;20;10;101060;mq;mq;mq;mq;mq;mq;mq;mq;mq;mq;mq;mq;mq;mq;mq;mq;mq;mq;6.000000;6.000000;mq;mq;mq;mq;mq;mq;mq;mq;mq;mq;mq;mq;mq;mq;mq;mq;mq;mq;
81408;20110905180000;101090;mq;mq;130;1.500000;306.050000;294.550000;51;mq;mq;mq;mq;mq;mq;mq;mq;mq;mq;101010;mq;mq;mq;mq;mq;mq;mq;mq;mq;mq;mq;mq;mq;mq;mq;mq;mq;mq;0.000000;0.000000;mq;mq;mq;mq;mq;mq;mq;mq;mq;mq;mq;mq;mq;mq;mq;mq;mq;mq;
81415;20110905180000;101110;mq;mq;110;1.000000;305.850000;295.350000;54;mq;mq;mq;mq;mq;mq;mq;mq;mq;mq;99930;mq;mq;mq;mq;mq;mq;mq;mq;mq;mq;mq;mq;mq;mq;mq;mq;mq;mq;0.000000;0.000000;mq;mq;mq;mq;mq;mq;mq;mq;mq;mq;mq;mq;mq;mq;mq;mq;mq;mq;
89642;20110905180000;98840;210;1;130;17.500000;263.950000;261.750000;82;mq;mq;mq;mq;mq;mq;mq;mq;mq;mq;98290;mq;mq;mq;mq;mq;mq;mq;mq;mq;mq;25.700000;25.700000;-60;mq;mq;mq;mq;mq;mq;mq;mq;mq;1026.000000;1126.000000;mq;mq;mq;mq;mq;mq;mq;mq;mq;mq;mq;mq;mq;mq;
07005;20110905210000;102030;120;1;200;2.600000;287.350000;282.950000;75;mq;mq;mq;mq;mq;mq;mq;mq;mq;mq;101140;mq;mq;mq;mq;mq;mq;mq;mq;mq;mq;mq;5.100000;-10;mq;mq;mq;mq;0.000000;0.000000;mq;mq;mq;710.000000;1105.000000;mq;mq;mq;mq;mq;mq;mq;mq;mq;mq;mq;mq;mq;mq;
07015;20110905210000;101940;100;2;230;5.100000;288.550000;282.450000;67;35000;2;1;1;75;6;3500;30;23;10;101380;mq;mq;mq;mq;mq;mq;mq;mq;mq;mq;mq;8.700000;-10;mq;mq;0.000000;-30;0.000000;0.000000;mq;mq;mq;710.000000;1109.000000;3100.000000;mq;6;3;3600;mq;mq;mq;mq;mq;mq;mq;mq;mq;
07020;20110905210000;101950;100;1;230;11.800000;289.750000;285.650000;77;16000;2;1;1;75;5;1250;32;26;10;101690;mq;mq;mq;mq;mq;mq;mq;mq;mq;mq;mq;17.000000;-10;mq;mq;mq;mq;0.000000;0.000000;mq;mq;mq;710.000000;1117.000000;mq;mq;5;8;990;4;3;2400;mq;mq;mq;mq;mq;mq;
07027;20110905210000;102090;120;1;210;4.600000;288.750000;284.550000;76;60000;0;mq;mq;100;mq;1750;mq;mq;mq;101290;mq;mq;mq;mq;mq;mq;mq;mq;mq;mq;mq;7.700000;-10;mq;mq;mq;mq;0.000000;0.000000;mq;mq;mq;710.000000;1108.000000;mq;mq;mq;mq;mq;mq;mq;mq;mq;mq;mq;mq;mq;mq;
07037;20110905210000;102080;80;1;190;4.600000;287.450000;283.650000;78;60000;0;mq;mq;mq;mq;2250;mq;mq;mq;100270;mq;mq;mq;mq;mq;mq;mq;mq;mq;mq;mq;5.700000;-10;mq;mq;mq;mq;0.000000;0.000000;mq;mq;mq;710.000000;1106.000000;mq;mq;mq;mq;mq;mq;mq;mq;mq;mq;mq;mq;mq;mq;
07110;20110905210000;102100;50;1;230;7.700000;289.050000;287.250000;89;25000;2;1;1;90;7;250;36;61;60;100970;mq;mq;mq;mq;mq;mq;mq;mq;mq;mq;mq;12.900000;-10;mq;mq;0.000000;-30;0.000000;0.000000;mq;mq;mq;710.000000;1113.000000;3100.000000;mq;6;7;270;7;6;1500;mq;mq;mq;mq;mq;mq;
07117;20110905210000;102030;80;0;230;6.700000;288.450000;284.850000;79;18000;2;1;1;100;8;800;38;61;60;101340;mq;mq;mq;mq;mq;mq;mq;mq;mq;mq;mq;11.800000;-10;mq;mq;mq;mq;0.000000;0.000000;mq;mq;mq;710.000000;1112.000000;2437.000000;mq;mq;mq;mq;mq;mq;mq;mq;mq;mq;mq;mq;mq;
07130;20110905210000;102300;140;1;200;3.100000;287.850000;284.650000;81;40000;0;mq;mq;75;mq;1250;mq;mq;mq;101780;mq;mq;mq;mq;mq;mq;mq;mq;mq;mq;mq;9.300000;-10;mq;mq;mq;mq;0.000000;0.000000;mq;mq;mq;710.000000;1109.000000;mq;mq;mq;mq;mq;mq;mq;mq;mq;mq;mq;mq;mq;mq;
07139;20110905210000;102270;190;1;220;5.100000;287.850000;282.850000;72;mq;mq;mq;mq;mq;mq;mq;mq;mq;mq;100550;mq;mq;mq;mq;mq;mq;mq;mq;mq;mq;mq;9.300000;-10;mq;mq;mq;mq;0.000000;0.000000;mq;mq;mq;710.000000;1109.000000;mq;mq;mq;mq;mq;mq;mq;mq;mq;mq;mq;mq;mq;mq;
07149;20110905210000;102260;140;1;190;2.100000;288.150000;284.150000;77;30000;2;1;1;10;1;1750;35;20;10;101180;mq;mq;mq;mq;mq;mq;mq;mq;mq;mq;mq;4.100000;-10;mq;mq;0.000000;-30;0.000000;0.000000;mq;mq;mq;710.000000;1104.000000;3100.000000;mq;1;6;1800;mq;mq;mq;mq;mq;mq;mq;mq;mq;
07168;20110905210000;102420;170;1;210;2.600000;285.350000;281.850000;79;20000;0;mq;mq;mq;mq;mq;mq;mq;mq;100990;mq;mq;mq;mq;mq;mq;mq;mq;mq;mq;mq;4.100000;-10;mq;mq;mq;mq;0.000000;0.000000;mq;mq;mq;710.000000;1104.000000;mq;mq;mq;mq;mq;mq;mq;mq;mq;mq;mq;mq;mq;mq;
07181;20110905210000;102410;170;1;200;4.600000;286.450000;280.850000;69;60000;0;mq;mq;mq;mq;mq;mq;mq;mq;98340;mq;mq;mq;mq;mq;mq;mq;mq;mq;mq;mq;5.700000;-10;mq;mq;mq;mq;0.000000;0.000000;mq;mq;mq;710.000000;1106.000000;mq;mq;mq;mq;mq;mq;mq;mq;mq;mq;mq;mq;mq;mq;
07190;20110905210000;102440;210;1;210;1.500000;285.950000;281.650000;75;60000;0;mq;mq;mq;mq;mq;mq;mq;mq;100620;mq;mq;mq;mq;mq;mq;mq;mq;mq;mq;mq;4.100000;-10;mq;mq;mq;mq;0.000000;0.000000;mq;mq;mq;710.000000;1104.000000;mq;mq;mq;mq;mq;mq;mq;mq;mq;mq;mq;mq;mq;mq;
07207;20110905210000;mq;mq;mq;260;10.800000;290.550000;286.050000;75;15000;2;1;1;75;4;800;38;25;14;mq;mq;mq;mq;mq;mq;mq;mq;mq;mq;mq;mq;15.900000;-10;mq;mq;mq;mq;0.000000;0.000000;mq;mq;mq;710.000000;1116.000000;2447.000000;mq;mq;mq;mq;mq;mq;mq;mq;mq;mq;mq;mq;mq;
07222;20110905210000;102420;80;3;220;3.100000;287.850000;285.350000;85;30000;2;1;1;40;1;800;32;23;11;102110;mq;mq;mq;mq;mq;mq;mq;mq;mq;mq;mq;4.600000;-10;mq;mq;mq;mq;0.000000;0.000000;mq;mq;mq;710.000000;1105.000000;mq;mq;1;8;900;mq;mq;mq;mq;mq;mq;mq;mq;mq;
07240;20110905210000;102450;180;3;240;3.600000;288.150000;283.550000;74;30000;2;1;1;10;1;2250;35;20;10;101110;mq;mq;mq;mq;mq;mq;mq;mq;mq;mq;mq;5.700000;-10;mq;mq;0.000000;-30;0.000000;0.000000;mq;mq;mq;710.000000;1106.000000;3100.000000;mq;1;6;1800;mq;mq;mq;mq;mq;mq;mq;mq;mq;
07255;20110905210000;102520;150;2;210;2.600000;286.850000;282.050000;73;20000;0;mq;mq;mq;mq;mq;mq;mq;mq;100530;mq;mq;mq;mq;mq;mq;mq;mq;mq;mq;mq;4.600000;-10;mq;mq;mq;mq;0.000000;0.000000;mq;mq;mq;710.000000;1105.000000;mq;mq;mq;mq;mq;mq;mq;mq;mq;mq;mq;mq;mq;mq;
07280;20110905210000;102570;190;1;200;2.100000;286.250000;281.150000;71;60000;0;mq;mq;mq;mq;mq;mq;mq;mq;99850;mq;mq;mq;mq;mq;mq;mq;mq;mq;mq;mq;3.100000;-10;mq;mq;mq;mq;0.000000;0.000000;mq;mq;mq;710.000000;1103.000000;mq;mq;mq;mq;mq;mq;mq;mq;mq;mq;mq;mq;mq;mq;
07299;20110905210000;102520;180;1;260;2.100000;286.350000;285.050000;92;60000;2;1;1;25;1;1750;34;23;11;99260;mq;mq;mq;mq;mq;mq;mq;mq;mq;mq;mq;3.100000;-10;mq;mq;0.000000;-30;0.000000;0.000000;mq;mq;mq;710.000000;1103.000000;3100.000000;mq;1;6;1500;mq;mq;mq;mq;mq;mq;mq;mq;mq;
07314;20110905210000;102600;90;3;260;6.200000;291.850000;286.650000;72;25000;2;1;1;50;3;1250;32;26;10;102330;mq;mq;mq;mq;mq;mq;mq;mq;mq;mq;mq;9.300000;-10;mq;mq;mq;mq;0.000000;0.000000;mq;mq;mq;710.000000;1109.000000;mq;mq;3;8;990;mq;mq;mq;mq;mq;mq;mq;mq;mq;
07335;20110905210000;102600;160;3;220;2.600000;285.250000;282.950000;86;55000;0;mq;mq;mq;mq;mq;mq;mq;mq;101150;mq;mq;mq;mq;mq;mq;mq;mq;mq;mq;mq;4.100000;-10;mq;mq;mq;mq;0.000000;0.000000;mq;mq;mq;710.000000;1104.000000;mq;mq;mq;mq;mq;mq;mq;mq;mq;mq;mq;mq;mq;mq;
07434;20110905210000;102610;120;0;270;1.500000;286.750000;282.350000;75;55000;0;mq;mq;mq;mq;mq;mq;mq;mq;97850;mq;mq;mq;mq;mq;mq;mq;mq;mq;mq;mq;3.600000;-10;mq;mq;mq;mq;0.000000;0.000000;mq;mq;mq;710.000000;1104.000000;mq;mq;mq;mq;mq;mq;mq;mq;mq;mq;mq;mq;mq;mq;
07460;20110905210000;102660;170;3;220;1.500000;285.750000;281.650000;76;40000;2;1;1;10;1;1750;35;20;10;98770;mq;mq;mq;mq;mq;mq;mq;mq;mq;mq;mq;3.100000;-10;mq;mq;0.000000;-30;0.000000;0.000000;mq;mq;mq;710.000000;1103.000000;3100.000000;mq;1;6;1500;mq;mq;mq;mq;mq;mq;mq;mq;mq;
07471;20110905210000;mq;130;1;310;3.100000;284.350000;279.450000;72;20000;0;mq;mq;mq;mq;mq;mq;mq;mq;93010;85000;18430;mq;mq;mq;mq;mq;mq;mq;mq;mq;6.200000;-10;mq;mq;mq;mq;0.000000;0.000000;mq;mq;mq;710.000000;1106.000000;mq;mq;mq;mq;mq;mq;mq;mq;mq;mq;mq;mq;mq;mq;
07481;20110905210000;102560;220;1;20;3.100000;289.550000;284.950000;74;50000;2;1;1;25;2;1750;35;20;10;99720;mq;mq;mq;mq;mq;mq;mq;mq;mq;mq;mq;4.600000;-10;mq;mq;0.000000;-30;0.000000;0.000000;mq;mq;mq;710.000000;1105.000000;3100.000000;mq;2;6;1500;mq;mq;mq;mq;mq;mq;mq;mq;mq;
07510;20110905210000;102680;110;0;220;1.500000;287.750000;284.150000;79;30000;2;1;1;25;1;1750;35;20;12;102030;mq;mq;mq;mq;mq;mq;mq;mq;mq;mq;mq;2.100000;-10;mq;mq;0.000000;-30;0.000000;0.000000;mq;mq;mq;710.000000;1102.000000;3100.000000;mq;1;6;1500;mq;mq;mq;mq;mq;mq;mq;mq;mq;
07535;20110905210000;102700;160;2;160;1.500000;285.950000;282.950000;82;mq;mq;mq;mq;mq;mq;mq;mq;mq;mq;99570;mq;mq;mq;mq;mq;mq;mq;mq;mq;mq;mq;2.100000;-10;mq;mq;mq;mq;0.000000;0.000000;mq;mq;mq;710.000000;1102.000000;mq;mq;mq;mq;mq;mq;mq;mq;mq;mq;mq;mq;mq;mq;
07558;20110905210000;102620;120;2;310;2.100000;286.150000;281.450000;73;mq;mq;mq;mq;mq;mq;mq;mq;mq;mq;94320;mq;mq;mq;mq;mq;mq;mq;mq;mq;mq;mq;5.700000;-10;mq;mq;mq;mq;0.000000;0.000000;mq;mq;mq;710.000000;1106.000000;mq;mq;mq;mq;mq;mq;mq;mq;mq;mq;mq;mq;mq;mq;
07577;20110905210000;102340;200;1;10;3.100000;292.950000;285.250000;61;20000;0;mq;mq;mq;mq;mq;mq;mq;mq;101470;mq;mq;mq;mq;mq;mq;mq;mq;mq;mq;mq;6.200000;-10;mq;mq;mq;mq;0.000000;0.000000;mq;mq;mq;710.000000;1106.000000;mq;mq;mq;mq;mq;mq;mq;mq;mq;mq;mq;mq;mq;mq;
07591;20110905210000;mq;230;1;350;1.000000;285.750000;281.450000;75;mq;0;mq;mq;mq;mq;mq;mq;mq;mq;92250;mq;mq;mq;mq;mq;mq;mq;mq;mq;mq;mq;1.500000;-10;mq;mq;mq;mq;0.000000;0.000000;mq;mq;mq;710.000000;1102.000000;mq;mq;mq;mq;mq;mq;mq;mq;mq;mq;mq;mq;mq;mq;
07607;20110905210000;102760;130;3;280;1.000000;287.950000;284.350000;79;20000;0;mq;mq;100;mq;mq;mq;mq;mq;102050;mq;mq;mq;mq;mq;mq;mq;mq;mq;mq;mq;2.100000;-10;mq;mq;mq;mq;0.000000;0.000000;mq;mq;mq;710.000000;1102.000000;mq;mq;mq;mq;mq;mq;mq;mq;mq;mq;mq;mq;mq;mq;
07621;20110905210000;102760;50;3;180;2.600000;288.550000;285.850000;84;20000;2;1;1;90;7;1750;35;61;60;98470;mq;mq;mq;mq;mq;mq;mq;mq;mq;mq;mq;3.600000;-10;mq;mq;0.000000;-30;0.000000;0.000000;mq;mq;mq;710.000000;1104.000000;3100.000000;mq;7;6;1500;mq;mq;mq;mq;mq;mq;mq;mq;mq;
07627;20110905210000;102760;100;1;210;1.500000;288.150000;285.050000;82;mq;mq;mq;mq;mq;mq;mq;mq;mq;mq;97920;mq;mq;mq;mq;mq;mq;mq;mq;mq;mq;mq;4.600000;-10;mq;mq;mq;mq;0.000000;0.200000;mq;mq;mq;710.000000;1105.000000;mq;mq;mq;mq;mq;mq;mq;mq;mq;mq;mq;mq;mq;mq;
07630;20110905210000;102660;140;1;260;4.100000;292.150000;285.850000;67;40000;2;1;1;75;6;2250;35;20;10;100890;mq;mq;mq;mq;mq;mq;mq;mq;mq;mq;mq;8.200000;-10;mq;mq;0.000000;-30;0.000000;0.000000;mq;mq;mq;710.000000;1108.000000;3100.000000;mq;6;6;2100;mq;mq;mq;mq;mq;mq;mq;mq;mq;
07643;20110905210000;102380;210;1;300;3.100000;293.950000;280.550000;42;60000;2;1;1;0;mq;mq;mq;mq;mq;102290;mq;mq;mq;mq;mq;mq;mq;mq;mq;mq;mq;6.200000;-10;mq;mq;mq;mq;0.000000;0.000000;mq;mq;mq;710.000000;1106.000000;mq;mq;mq;mq;mq;mq;mq;mq;mq;mq;mq;mq;mq;mq;
07650;20110905210000;102150;170;1;300;8.700000;294.850000;285.650000;56;20000;2;1;1;0;mq;mq;mq;mq;mq;101770;mq;mq;mq;mq;mq;mq;mq;mq;mq;mq;mq;10.300000;-10;mq;mq;0.000000;-30;0.000000;0.000000;mq;mq;mq;710.000000;1110.000000;3100.000000;mq;mq;mq;mq;mq;mq;mq;mq;mq;mq;mq;mq;mq;
07661;20110905210000;101940;120;1;340;10.800000;295.850000;282.250000;42;mq;mq;mq;mq;mq;mq;mq;mq;mq;mq;100380;mq;mq;mq;mq;mq;mq;mq;mq;mq;mq;mq;15.400000;-10;mq;mq;mq;mq;0.000000;0.000000;mq;mq;mq;710.000000;1115.000000;mq;mq;mq;mq;mq;mq;mq;mq;mq;mq;mq;mq;mq;mq;
07690;20110905210000;101670;190;2;100;5.100000;296.950000;293.450000;81;30000;2;1;1;75;6;450;35;20;10;101350;mq;mq;mq;mq;mq;mq;mq;mq;mq;mq;mq;6.700000;-10;mq;mq;0.000000;-30;0.000000;0.000000;mq;mq;mq;710.000000;1107.000000;3100.000000;mq;6;6;480;mq;mq;mq;mq;mq;mq;mq;mq;mq;
07747;20110905210000;102510;180;1;310;5.100000;294.350000;284.950000;55;60000;0;mq;mq;90;mq;2250;mq;mq;mq;101990;mq;mq;mq;mq;mq;mq;mq;mq;mq;mq;mq;9.300000;-10;mq;mq;mq;mq;0.000000;0.000000;mq;mq;mq;710.000000;1109.000000;mq;mq;mq;mq;mq;mq;mq;mq;mq;mq;mq;mq;mq;mq;
07761;20110905210000;102140;170;1;50;3.100000;292.650000;287.850000;74;20000;2;1;1;0;mq;mq;mq;mq;mq;102030;mq;mq;mq;mq;mq;mq;mq;mq;mq;mq;mq;4.600000;-10;mq;mq;0.000000;-30;0.000000;0.000000;mq;mq;mq;710.000000;1105.000000;3100.000000;mq;mq;mq;mq;mq;mq;mq;mq;mq;mq;mq;mq;mq;
07790;20110905210000;101800;120;1;200;1.000000;293.050000;288.050000;73;40000;2;1;1;10;0;8000;30;20;11;101660;mq;mq;mq;mq;mq;mq;mq;mq;mq;mq;mq;3.600000;-10;mq;mq;0.000000;-30;0.000000;0.000000;mq;mq;mq;710.000000;1104.000000;3100.000000;mq;1;0;7800;mq;mq;mq;mq;mq;mq;mq;mq;mq;
61968;20110905210000;101670;mq;mq;70;2.100000;295.550000;291.950000;80;mq;mq;mq;mq;mq;mq;mq;mq;mq;mq;mq;mq;mq;140;mq;mq;mq;mq;mq;mq;mq;mq;5.100000;-10;mq;mq;mq;mq;0.000000;0.000000;mq;mq;mq;710.000000;1105.000000;mq;mq;mq;mq;mq;mq;mq;mq;mq;mq;mq;mq;mq;mq;
61970;20110905210000;101770;mq;mq;mq;mq;297.350000;295.050000;87;mq;mq;mq;mq;mq;mq;mq;mq;mq;mq;mq;mq;mq;100;mq;mq;mq;mq;mq;mq;mq;mq;mq;mq;mq;mq;mq;mq;0.000000;0.000000;mq;mq;mq;mq;mq;mq;mq;mq;mq;mq;mq;mq;mq;mq;mq;mq;mq;mq;mq;
61972;20110905210000;102150;mq;mq;170;6.200000;294.550000;290.950000;80;mq;mq;mq;mq;mq;mq;mq;mq;mq;mq;mq;mq;mq;190;mq;mq;mq;mq;mq;mq;mq;mq;11.800000;-10;mq;mq;mq;mq;0.000000;0.000000;mq;mq;mq;710.000000;1112.000000;mq;mq;mq;mq;mq;mq;mq;mq;mq;mq;mq;mq;mq;mq;
61980;20110905210000;102010;mq;mq;180;2.600000;291.850000;290.150000;90;60000;0;mq;mq;mq;mq;mq;mq;mq;mq;mq;mq;mq;70;mq;mq;mq;mq;mq;mq;mq;mq;4.100000;-10;mq;mq;mq;mq;0.000000;0.000000;mq;mq;mq;710.000000;1104.000000;mq;mq;mq;mq;mq;mq;mq;mq;mq;mq;mq;mq;mq;mq;
61996;20110905210000;mq;mq;mq;340;15.400000;287.050000;mq;mq;mq;mq;mq;mq;mq;mq;mq;mq;mq;mq;mq;mq;mq;mq;mq;mq;mq;mq;mq;mq;mq;mq;20.600000;-10;mq;mq;mq;mq;0.000000;0.000000;mq;mq;mq;710.000000;1121.000000;mq;mq;mq;mq;mq;mq;mq;mq;mq;mq;mq;mq;mq;mq;
61997;20110905210000;97740;mq;mq;240;14.400000;270.850000;269.850000;92;mq;mq;mq;mq;mq;mq;mq;mq;mq;mq;mq;mq;mq;530;mq;mq;mq;mq;mq;mq;mq;mq;26.800000;-30;mq;mq;mq;mq;mq;2.000000;mq;mq;mq;1127.000000;mq;mq;mq;mq;mq;mq;mq;mq;mq;mq;mq;mq;mq;mq;mq;
61998;20110905210000;97400;mq;mq;350;13.400000;274.550000;273.650000;94;mq;mq;mq;mq;mq;mq;mq;mq;mq;mq;mq;mq;mq;mq;mq;mq;mq;mq;mq;mq;mq;mq;18.500000;-10;mq;mq;mq;mq;1.000000;1.000000;mq;mq;mq;710.000000;1119.000000;mq;mq;mq;mq;mq;mq;mq;mq;mq;mq;mq;mq;mq;mq;
67005;20110905210000;101640;mq;mq;270;2.600000;296.950000;294.050000;84;mq;0;mq;mq;mq;mq;mq;mq;mq;mq;mq;mq;mq;60;mq;mq;mq;mq;mq;mq;mq;mq;3.600000;-10;mq;mq;mq;mq;0.000000;0.000000;mq;mq;mq;710.000000;1104.000000;mq;mq;mq;mq;mq;mq;mq;mq;mq;mq;mq;mq;mq;mq;
71805;20110905210000;101510;50;1;210;8.700000;291.950000;290.750000;93;20000;2;1;1;75;6;150;35;20;10;101430;mq;mq;mq;mq;mq;mq;mq;mq;mq;mq;mq;11.800000;-10;mq;mq;0.000000;-30;0.000000;0.000000;mq;mq;mq;710.000000;1112.000000;3100.000000;mq;2;7;150;5;6;690;mq;mq;mq;mq;mq;mq;
78897;20110905210000;101310;-10;5;120;3.100000;303.250000;296.150000;66;45000;0;mq;mq;mq;mq;800;mq;mq;mq;mq;mq;mq;110;mq;mq;mq;mq;mq;mq;mq;mq;mq;mq;mq;mq;mq;mq;mq;mq;mq;mq;mq;mq;mq;mq;mq;mq;mq;mq;mq;mq;mq;mq;mq;mq;mq;mq;mq;
78922;20110905210000;101270;-50;6;120;3.600000;302.650000;294.850000;63;mq;mq;mq;mq;mq;mq;mq;mq;mq;mq;100830;mq;mq;mq;mq;mq;mq;mq;mq;mq;mq;mq;mq;mq;mq;mq;mq;mq;mq;mq;mq;mq;mq;mq;mq;mq;mq;mq;mq;mq;mq;mq;mq;mq;mq;mq;mq;mq;mq;
78925;20110905210000;101270;-70;6;80;4.100000;303.950000;296.350000;64;55000;0;mq;mq;mq;mq;mq;mq;mq;mq;mq;mq;mq;30;mq;mq;mq;mq;mq;mq;mq;mq;mq;mq;mq;mq;mq;mq;mq;mq;mq;mq;mq;mq;mq;mq;mq;mq;mq;mq;mq;mq;mq;mq;mq;mq;mq;mq;mq;
81401;20110905210000;101050;mq;mq;50;2.600000;302.550000;297.250000;73;mq;mq;mq;mq;mq;mq;mq;mq;mq;mq;100990;mq;mq;mq;mq;mq;mq;mq;mq;mq;mq;mq;mq;mq;mq;mq;mq;mq;mq;0.000000;mq;mq;mq;mq;mq;mq;mq;mq;mq;mq;mq;mq;mq;mq;mq;mq;mq;mq;mq;
81405;20110905210000;101150;mq;mq;90;3.100000;301.950000;297.050000;75;10000;1;8;6;25;2;800;32;20;10;101060;mq;mq;mq;mq;mq;mq;mq;mq;mq;mq;mq;mq;mq;mq;mq;mq;mq;mq;2.000000;mq;mq;mq;mq;mq;mq;mq;mq;mq;mq;mq;mq;mq;mq;mq;mq;mq;mq;mq;
81408;20110905210000;101090;mq;mq;210;1.000000;302.250000;296.650000;72;mq;mq;mq;mq;mq;mq;mq;mq;mq;mq;101010;mq;mq;mq;mq;mq;mq;mq;mq;mq;mq;mq;mq;mq;mq;mq;mq;mq;mq;0.000000;mq;mq;mq;mq;mq;mq;mq;mq;mq;mq;mq;mq;mq;mq;mq;mq;mq;mq;mq;
81415;20110905210000;101060;mq;mq;10;1.500000;300.850000;296.450000;77;mq;mq;mq;mq;mq;mq;mq;mq;mq;mq;99870;mq;mq;mq;mq;mq;mq;mq;mq;mq;mq;mq;mq;mq;mq;mq;mq;mq;mq;0.000000;mq;mq;mq;mq;mq;mq;mq;mq;mq;mq;mq;mq;mq;mq;mq;mq;mq;mq;mq;
89642;20110905210000;99140;300;3;130;16.500000;263.550000;261.650000;84;mq;mq;mq;mq;mq;mq;mq;mq;mq;mq;98590;mq;mq;mq;mq;mq;mq;mq;mq;mq;mq;24.700000;27.300000;-30;mq;mq;mq;mq;mq;mq;mq;mq;mq;1025.000000;1127.000000;mq;mq;mq;mq;mq;mq;mq;mq;mq;mq;mq;mq;mq;mq;
07005;20110906000000;101950;-80;8;190;3.600000;286.250000;282.850000;80;mq;mq;mq;mq;mq;mq;mq;mq;mq;mq;101060;mq;mq;mq;mq;mq;mq;mq;mq;mq;mq;mq;5.100000;-10;mq;mq;mq;mq;0.000000;0.000000;0.000000;mq;mq;710.000000;1105.000000;mq;mq;mq;mq;mq;mq;mq;mq;mq;mq;mq;mq;mq;mq;
07015;20110906000000;101890;-60;8;190;3.100000;286.950000;282.150000;73;25000;0;mq;mq;90;7;2250;35;61;60;101320;mq;mq;mq;mq;mq;mq;mq;mq;mq;mq;mq;6.200000;-10;mq;mq;0.000000;-60;0.000000;0.000000;0.000000;mq;mq;710.000000;1106.000000;3100.000000;mq;7;6;2100;mq;mq;mq;mq;mq;mq;mq;mq;mq;
07020;20110906000000;101830;-120;8;220;11.800000;289.850000;287.350000;85;14000;2;1;1;100;8;1250;32;61;60;101570;mq;mq;mq;mq;mq;mq;mq;mq;mq;mq;mq;16.500000;-10;mq;mq;mq;mq;0.000000;0.000000;0.000000;mq;mq;710.000000;1116.000000;mq;mq;5;8;990;4;6;1500;mq;mq;mq;mq;mq;mq;
07027;20110906000000;102060;-40;8;190;5.100000;286.850000;284.350000;85;35000;0;mq;mq;mq;mq;mq;mq;mq;mq;101250;mq;mq;mq;mq;mq;mq;mq;mq;mq;mq;mq;9.300000;-10;mq;mq;mq;mq;0.000000;0.000000;0.000000;mq;mq;710.000000;1109.000000;mq;mq;mq;mq;mq;mq;mq;mq;mq;mq;mq;mq;mq;mq;
07037;20110906000000;102100;10;0;210;5.100000;286.350000;283.750000;84;50000;0;mq;mq;mq;mq;mq;mq;mq;mq;100280;mq;mq;mq;mq;mq;mq;mq;mq;mq;mq;mq;9.300000;-10;mq;mq;mq;mq;0.000000;0.000000;0.000000;mq;mq;710.000000;1109.000000;mq;mq;mq;mq;mq;mq;mq;mq;mq;mq;mq;mq;mq;mq;
07110;20110906000000;101970;-130;8;220;8.700000;288.850000;287.350000;91;25000;2;1;1;100;8;250;35;61;60;100840;mq;mq;mq;mq;mq;mq;mq;mq;mq;mq;mq;13.900000;-10;mq;mq;0.000000;-60;0.000000;0.000000;0.000000;mq;mq;710.000000;1114.000000;3100.000000;mq;7;7;270;8;6;480;mq;mq;mq;mq;mq;mq;
07117;20110906000000;101900;-130;7;240;6.700000;288.850000;286.350000;85;20000;2;1;1;25;2;800;32;20;10;101210;mq;mq;mq;mq;mq;mq;mq;mq;mq;mq;mq;11.800000;-10;mq;mq;mq;mq;0.000000;0.000000;0.000000;mq;mq;710.000000;1112.000000;2438.000000;mq;mq;mq;mq;mq;mq;mq;mq;mq;mq;mq;mq;mq;
07130;20110906000000;102210;-90;8;200;5.100000;287.750000;285.750000;88;35000;0;mq;mq;100;mq;1750;mq;mq;mq;101690;mq;mq;mq;mq;mq;mq;mq;mq;mq;mq;mq;7.700000;-10;mq;mq;mq;mq;0.000000;0.000000;0.000000;mq;mq;710.000000;1108.000000;mq;mq;mq;mq;mq;mq;mq;mq;mq;mq;mq;mq;mq;mq;
07139;20110906000000;102260;-20;8;200;3.100000;285.950000;283.150000;83;mq;mq;mq;mq;mq;mq;mq;mq;mq;mq;100530;mq;mq;mq;mq;mq;mq;mq;mq;mq;mq;mq;6.200000;-10;mq;mq;mq;mq;0.000000;0.000000;0.000000;mq;mq;710.000000;1106.000000;mq;mq;mq;mq;mq;mq;mq;mq;mq;mq;mq;mq;mq;mq;
07149;20110906000000;102300;40;1;230;3.600000;286.550000;283.550000;82;30000;2;1;1;0;mq;mq;mq;mq;mq;101220;mq;mq;mq;mq;mq;mq;mq;mq;mq;mq;mq;5.700000;-10;mq;mq;0.000000;-60;0.000000;0.000000;0.000000;mq;mq;710.000000;1106.000000;3100.000000;mq;mq;mq;mq;mq;mq;mq;mq;mq;mq;mq;mq;mq;
07168;20110906000000;102440;10;0;190;3.600000;283.250000;281.350000;88;20000;0;mq;mq;mq;mq;mq;mq;mq;mq;101000;mq;mq;mq;mq;mq;mq;mq;mq;mq;mq;mq;5.100000;-10;mq;mq;mq;mq;0.000000;0.000000;0.000000;mq;mq;710.000000;1105.000000;mq;mq;mq;mq;mq;mq;mq;mq;mq;mq;mq;mq;mq;mq;
07181;20110906000000;102490;60;1;190;4.100000;285.550000;280.850000;73;60000;0;mq;mq;mq;mq;1250;mq;mq;mq;98400;mq;mq;mq;mq;mq;mq;mq;mq;mq;mq;mq;6.200000;-10;mq;mq;mq;mq;0.000000;0.000000;0.000000;mq;mq;710.000000;1106.000000;mq;mq;mq;mq;mq;mq;mq;mq;mq;mq;mq;mq;mq;mq;
07190;20110906000000;102560;100;2;180;2.600000;283.850000;281.650000;86;60000;0;mq;mq;mq;mq;mq;mq;mq;mq;100720;mq;mq;mq;mq;mq;mq;mq;mq;mq;mq;mq;3.600000;-10;mq;mq;mq;mq;0.000000;0.000000;0.000000;mq;mq;710.000000;1104.000000;mq;mq;mq;mq;mq;mq;mq;mq;mq;mq;mq;mq;mq;mq;
07207;20110906000000;mq;mq;mq;260;10.300000;290.550000;287.250000;81;15000;2;1;1;50;4;800;38;20;10;mq;mq;mq;mq;mq;mq;mq;mq;mq;mq;mq;mq;14.900000;-10;mq;mq;mq;mq;0.000000;0.000000;0.000000;mq;mq;710.000000;1115.000000;2447.000000;mq;mq;mq;mq;mq;mq;mq;mq;mq;mq;mq;mq;mq;
07222;20110906000000;102380;-40;8;210;3.100000;287.350000;285.750000;90;19000;0;mq;mq;mq;mq;1750;mq;mq;mq;102070;mq;mq;mq;mq;mq;mq;mq;mq;mq;mq;mq;4.600000;-10;mq;mq;mq;mq;0.000000;0.000000;0.000000;mq;mq;710.000000;1105.000000;mq;mq;mq;mq;mq;mq;mq;mq;mq;mq;mq;mq;mq;mq;
07240;20110906000000;102460;0;0;220;3.600000;287.150000;283.950000;81;30000;2;1;1;0;mq;mq;mq;mq;mq;101110;mq;mq;mq;mq;mq;mq;mq;mq;mq;mq;mq;6.700000;-10;mq;mq;0.000000;-60;0.000000;0.000000;0.000000;mq;mq;710.000000;1107.000000;3100.000000;mq;mq;mq;mq;mq;mq;mq;mq;mq;mq;mq;mq;mq;
07255;20110906000000;102590;60;1;240;2.100000;286.050000;282.850000;81;20000;0;mq;mq;mq;mq;mq;mq;mq;mq;100590;mq;mq;mq;mq;mq;mq;mq;mq;mq;mq;mq;5.100000;-10;mq;mq;mq;mq;0.000000;0.000000;0.000000;mq;mq;710.000000;1105.000000;mq;mq;mq;mq;mq;mq;mq;mq;mq;mq;mq;mq;mq;mq;
07280;20110906000000;102640;30;1;150;1.500000;282.850000;280.150000;83;60000;0;mq;mq;mq;mq;mq;mq;mq;mq;99880;mq;mq;mq;mq;mq;mq;mq;mq;mq;mq;mq;3.600000;-10;mq;mq;mq;mq;0.000000;0.000000;0.000000;mq;mq;710.000000;1104.000000;mq;mq;mq;mq;mq;mq;mq;mq;mq;mq;mq;mq;mq;mq;
07299;20110906000000;102640;100;1;110;0.500000;284.550000;283.750000;95;60000;0;mq;mq;mq;mq;mq;mq;mq;mq;99360;mq;mq;mq;mq;mq;mq;mq;mq;mq;mq;mq;2.100000;-10;mq;mq;mq;mq;0.000000;0.000000;0.000000;mq;mq;710.000000;1102.000000;mq;mq;mq;mq;mq;mq;mq;mq;mq;mq;mq;mq;mq;mq;
07314;20110906000000;102560;-40;8;260;7.200000;291.950000;287.250000;74;20000;2;1;1;50;4;1250;38;20;10;102290;mq;mq;mq;mq;mq;mq;mq;mq;mq;mq;mq;10.800000;-10;mq;mq;mq;mq;0.000000;0.000000;0.000000;mq;mq;710.000000;1111.000000;2438.000000;mq;2;8;990;mq;mq;mq;mq;mq;mq;mq;mq;mq;
07335;20110906000000;102620;0;0;210;3.100000;283.050000;281.950000;93;50000;0;mq;mq;mq;mq;mq;mq;mq;mq;101150;mq;mq;mq;mq;mq;mq;mq;mq;mq;mq;mq;3.600000;-10;mq;mq;mq;mq;0.000000;0.000000;0.000000;mq;mq;710.000000;1104.000000;mq;mq;mq;mq;mq;mq;mq;mq;mq;mq;mq;mq;mq;mq;
07434;20110906000000;102740;70;1;240;1.000000;283.950000;282.050000;88;55000;0;mq;mq;mq;mq;mq;mq;mq;mq;97920;mq;mq;mq;mq;mq;mq;mq;mq;mq;mq;mq;1.500000;-10;mq;mq;mq;mq;0.000000;0.000000;0.000000;mq;mq;710.000000;1102.000000;mq;mq;mq;mq;mq;mq;mq;mq;mq;mq;mq;mq;mq;mq;
07460;20110906000000;102720;20;3;350;0.500000;283.250000;281.150000;87;30000;2;1;1;25;0;8000;30;20;11;98790;mq;mq;mq;mq;mq;mq;mq;mq;mq;mq;mq;1.500000;-10;mq;mq;0.000000;-60;0.000000;0.000000;0.000000;mq;mq;710.000000;1102.000000;3100.000000;mq;2;0;7800;mq;mq;mq;mq;mq;mq;mq;mq;mq;
07471;20110906000000;mq;30;1;220;1.500000;280.150000;278.750000;91;20000;0;mq;mq;mq;mq;mq;mq;mq;mq;93040;85000;18450;mq;mq;mq;mq;mq;mq;mq;mq;mq;3.100000;-10;mq;mq;mq;mq;0.000000;0.000000;0.000000;mq;mq;710.000000;1103.000000;mq;mq;mq;mq;mq;mq;mq;mq;mq;mq;mq;mq;mq;mq;
07481;20110906000000;102630;40;1;240;1.000000;287.050000;283.850000;81;35000;2;1;1;0;mq;mq;mq;mq;mq;99760;mq;mq;mq;mq;mq;mq;mq;mq;mq;mq;mq;1.500000;-10;mq;mq;0.000000;-60;0.000000;0.000000;0.000000;mq;mq;710.000000;1102.000000;3100.000000;mq;mq;mq;mq;mq;mq;mq;mq;mq;mq;mq;mq;mq;
07510;20110906000000;102730;40;1;170;1.000000;286.050000;284.450000;90;30000;2;1;1;25;1;1250;35;20;60;102070;mq;mq;mq;mq;mq;mq;mq;mq;mq;mq;mq;1.500000;-10;mq;mq;0.000000;-60;0.000000;0.000000;0.000000;mq;mq;710.000000;1102.000000;3100.000000;mq;2;6;990;mq;mq;mq;mq;mq;mq;mq;mq;mq;
07535;20110906000000;102770;50;3;220;0.500000;284.450000;282.750000;89;mq;mq;mq;mq;mq;mq;mq;mq;mq;mq;99620;mq;mq;mq;mq;mq;mq;mq;mq;mq;mq;mq;1.500000;-10;mq;mq;mq;mq;0.000000;0.000000;0.000000;mq;mq;710.000000;1102.000000;mq;mq;mq;mq;mq;mq;mq;mq;mq;mq;mq;mq;mq;mq;
07558;20110906000000;102690;10;1;60;1.500000;284.450000;280.750000;78;mq;mq;mq;mq;mq;mq;mq;mq;mq;mq;94330;mq;mq;mq;mq;mq;mq;mq;mq;mq;mq;mq;3.100000;-10;mq;mq;mq;mq;0.000000;0.000000;0.000000;mq;mq;710.000000;1103.000000;mq;mq;mq;mq;mq;mq;mq;mq;mq;mq;mq;mq;mq;mq;
07577;20110906000000;102440;90;0;40;4.100000;290.450000;284.450000;68;20000;0;mq;mq;mq;mq;mq;mq;mq;mq;101560;mq;mq;mq;mq;mq;mq;mq;mq;mq;mq;mq;6.700000;-10;mq;mq;mq;mq;0.000000;0.000000;0.000000;mq;mq;710.000000;1107.000000;mq;mq;mq;mq;mq;mq;mq;mq;mq;mq;mq;mq;mq;mq;
07591;20110906000000;mq;10;3;30;2.100000;284.550000;279.450000;71;mq;0;mq;mq;mq;mq;mq;mq;mq;mq;92260;mq;mq;mq;mq;mq;mq;mq;mq;mq;mq;mq;3.600000;-10;mq;mq;mq;mq;0.000000;0.000000;0.000000;mq;mq;710.000000;1104.000000;mq;mq;mq;mq;mq;mq;mq;mq;mq;mq;mq;mq;mq;mq;
07607;20110906000000;102790;20;3;100;1.000000;283.650000;282.550000;93;20000;0;mq;mq;mq;mq;mq;mq;mq;mq;102070;mq;mq;mq;mq;mq;mq;mq;mq;mq;mq;mq;1.500000;-10;mq;mq;mq;mq;0.000000;0.000000;0.000000;mq;mq;710.000000;1102.000000;mq;mq;mq;mq;mq;mq;mq;mq;mq;mq;mq;mq;mq;mq;
07621;20110906000000;102770;-20;7;170;0.500000;286.850000;284.850000;88;15000;2;1;1;50;4;1750;35;20;10;98450;mq;mq;mq;mq;mq;mq;mq;mq;mq;mq;mq;3.100000;-10;mq;mq;0.000000;-60;0.000000;0.000000;0.000000;mq;mq;710.000000;1103.000000;3100.000000;mq;4;6;1500;mq;mq;mq;mq;mq;mq;mq;mq;mq;
07627;20110906000000;102750;-10;6;0;0.000000;287.750000;285.450000;86;mq;mq;mq;mq;mq;mq;mq;mq;mq;mq;97910;mq;mq;mq;mq;mq;mq;mq;mq;mq;mq;mq;2.100000;-10;mq;mq;mq;mq;0.000000;0.000000;0.200000;mq;mq;710.000000;1102.000000;mq;mq;mq;mq;mq;mq;mq;mq;mq;mq;mq;mq;mq;mq;
07630;20110906000000;102730;50;1;260;3.100000;289.850000;285.550000;76;60000;0;mq;mq;90;mq;2250;mq;mq;mq;100940;mq;mq;mq;mq;mq;mq;mq;mq;mq;mq;mq;4.600000;-10;mq;mq;mq;mq;0.000000;0.000000;0.000000;mq;mq;710.000000;1105.000000;mq;mq;mq;mq;mq;mq;mq;mq;mq;mq;mq;mq;mq;mq;
07643;20110906000000;102460;70;1;300;3.600000;291.850000;281.250000;50;60000;2;1;1;0;mq;mq;mq;mq;mq;102360;mq;mq;mq;mq;mq;mq;mq;mq;mq;mq;mq;4.600000;-10;mq;mq;mq;mq;0.000000;0.000000;0.000000;mq;mq;710.000000;1105.000000;mq;mq;mq;mq;mq;mq;mq;mq;mq;mq;mq;mq;mq;mq;
07650;20110906000000;102190;40;2;310;9.800000;293.350000;285.050000;59;60000;0;mq;mq;mq;mq;mq;mq;mq;mq;101810;mq;mq;mq;mq;mq;mq;mq;mq;mq;mq;mq;13.400000;-10;mq;mq;mq;mq;0.000000;0.000000;0.000000;mq;mq;710.000000;1113.000000;mq;mq;mq;mq;mq;mq;mq;mq;mq;mq;mq;mq;mq;mq;
07661;20110906000000;101900;-50;5;350;11.800000;293.650000;281.950000;47;mq;mq;mq;mq;mq;mq;mq;mq;mq;mq;100330;mq;mq;mq;mq;mq;mq;mq;mq;mq;mq;mq;19.000000;-10;mq;mq;mq;mq;0.000000;0.000000;0.000000;mq;mq;710.000000;1119.000000;mq;mq;mq;mq;mq;mq;mq;mq;mq;mq;mq;mq;mq;mq;
07690;20110906000000;101820;140;3;320;5.100000;294.050000;289.050000;73;60000;0;mq;mq;mq;mq;800;mq;mq;mq;101490;mq;mq;mq;mq;mq;mq;mq;mq;mq;mq;mq;6.700000;-10;mq;mq;mq;mq;0.000000;0.000000;0.000000;mq;mq;710.000000;1107.000000;mq;mq;mq;mq;mq;mq;mq;mq;mq;mq;mq;mq;mq;mq;
07747;20110906000000;102530;20;1;310;6.200000;293.350000;284.850000;58;60000;0;mq;mq;mq;mq;mq;mq;mq;mq;102010;mq;mq;mq;mq;mq;mq;mq;mq;mq;mq;mq;10.300000;-10;mq;mq;mq;mq;0.000000;0.000000;0.000000;mq;mq;710.000000;1110.000000;mq;mq;mq;mq;mq;mq;mq;mq;mq;mq;mq;mq;mq;mq;
07761;20110906000000;102140;0;0;60;4.600000;290.950000;287.050000;78;20000;2;1;1;0;mq;mq;mq;mq;mq;102030;mq;mq;mq;mq;mq;mq;mq;mq;mq;mq;mq;6.200000;-10;mq;mq;0.000000;-60;0.000000;0.000000;0.000000;mq;mq;710.000000;1106.000000;3100.000000;mq;mq;mq;mq;mq;mq;mq;mq;mq;mq;mq;mq;mq;
07790;20110906000000;101860;60;2;250;1.000000;291.150000;286.250000;73;60000;0;mq;mq;mq;mq;mq;mq;mq;mq;101720;mq;mq;mq;mq;mq;mq;mq;mq;mq;mq;mq;2.600000;-10;mq;mq;mq;mq;0.000000;0.000000;0.000000;mq;mq;710.000000;1103.000000;mq;mq;mq;mq;mq;mq;mq;mq;mq;mq;mq;mq;mq;mq;
61970;20110906000000;101650;mq;mq;mq;mq;297.550000;294.850000;85;mq;mq;mq;mq;mq;mq;mq;mq;mq;mq;mq;mq;mq;mq;mq;mq;mq;mq;mq;mq;mq;mq;mq;mq;mq;mq;mq;mq;mq;mq;mq;mq;mq;mq;mq;mq;mq;mq;mq;mq;mq;mq;mq;mq;mq;mq;mq;mq;mq;
61972;20110906000000;102090;mq;mq;170;5.700000;294.050000;290.450000;80;mq;mq;mq;mq;mq;mq;mq;mq;mq;mq;mq;mq;mq;200;mq;mq;mq;mq;mq;mq;mq;mq;11.800000;-10;mq;mq;mq;mq;0.000000;mq;0.000000;mq;mq;710.000000;1112.000000;mq;mq;mq;mq;mq;mq;mq;mq;mq;mq;mq;mq;mq;mq;
61980;20110906000000;101880;mq;mq;180;2.600000;291.250000;289.250000;88;10000;2;1;1;40;3;800;38;20;10;mq;mq;mq;100;mq;mq;mq;mq;mq;mq;mq;mq;3.600000;-10;mq;mq;mq;mq;0.000000;mq;0.000000;mq;mq;710.000000;1104.000000;mq;mq;1;8;690;3;6;1800;mq;mq;mq;mq;mq;mq;
61996;20110906000000;mq;mq;mq;340;17.000000;286.950000;mq;mq;mq;mq;mq;mq;mq;mq;mq;mq;mq;mq;mq;mq;mq;mq;mq;mq;mq;mq;mq;mq;mq;mq;22.600000;-10;mq;mq;mq;mq;0.000000;mq;0.000000;mq;mq;710.000000;1123.000000;mq;mq;mq;mq;mq;mq;mq;mq;mq;mq;mq;mq;mq;mq;
61997;20110906000000;97820;mq;mq;240;13.400000;270.850000;267.050000;72;mq;mq;mq;mq;mq;mq;mq;mq;mq;mq;mq;mq;mq;810;mq;mq;mq;mq;mq;mq;mq;mq;26.800000;-60;mq;mq;mq;mq;mq;mq;2.000000;mq;mq;1127.000000;mq;mq;mq;mq;mq;mq;mq;mq;mq;mq;mq;mq;mq;mq;mq;
61998;20110906000000;97680;mq;mq;270;17.000000;273.350000;269.750000;77;20000;0;6;mq;50;4;800;35;20;10;mq;mq;mq;mq;mq;mq;mq;mq;mq;mq;mq;mq;24.200000;-10;mq;mq;mq;mq;0.000000;mq;2.000000;mq;mq;710.000000;1124.000000;mq;mq;4;6;600;mq;mq;mq;mq;mq;mq;mq;mq;mq;
67005;20110906000000;101610;mq;mq;210;2.100000;297.450000;294.550000;84;mq;0;mq;mq;mq;mq;mq;mq;mq;mq;mq;mq;mq;200;mq;mq;mq;mq;mq;mq;mq;mq;3.600000;-10;mq;mq;mq;mq;0.000000;mq;0.000000;mq;mq;710.000000;1104.000000;mq;mq;mq;mq;mq;mq;mq;mq;mq;mq;mq;mq;mq;mq;
71805;20110906000000;101480;-30;6;220;7.200000;291.050000;290.550000;97;15000;0;mq;mq;mq;mq;mq;mq;mq;mq;101400;mq;mq;mq;mq;mq;mq;mq;mq;mq;mq;mq;11.300000;-10;mq;mq;mq;mq;0.000000;0.000000;0.000000;mq;mq;710.000000;1111.000000;mq;mq;mq;mq;mq;mq;mq;mq;mq;mq;mq;mq;mq;mq;
78897;20110906000000;101430;120;1;40;1.000000;300.250000;296.950000;82;15000;1;9;0;10;1;800;32;20;10;mq;mq;mq;110;296.150000;mq;304.950000;mq;mq;mq;mq;mq;mq;mq;mq;mq;mq;mq;mq;mq;0.000000;mq;0.000000;mq;mq;mq;mq;1;8;690;mq;mq;mq;mq;mq;mq;mq;mq;mq;
78922;20110906000000;101390;120;3;90;3.100000;301.250000;295.050000;69;mq;mq;mq;mq;mq;mq;mq;mq;mq;mq;100950;mq;mq;mq;mq;mq;mq;mq;mq;mq;mq;mq;mq;mq;mq;mq;mq;mq;mq;mq;mq;mq;mq;mq;mq;mq;mq;mq;mq;mq;mq;mq;mq;mq;mq;mq;mq;mq;mq;
78925;20110906000000;101360;90;3;30;1.500000;299.950000;296.850000;83;45000;0;mq;mq;mq;mq;mq;mq;mq;mq;mq;mq;mq;30;296.250000;mq;305.750000;mq;mq;mq;mq;mq;mq;mq;mq;mq;mq;mq;mq;mq;mq;mq;mq;mq;mq;mq;mq;mq;mq;mq;mq;mq;mq;mq;mq;mq;mq;mq;mq;
81401;20110906000000;101260;mq;mq;40;1.000000;298.650000;296.150000;86;mq;mq;mq;mq;mq;mq;mq;mq;mq;mq;101200;mq;mq;mq;mq;mq;307.350000;mq;mq;mq;mq;mq;mq;mq;mq;mq;mq;mq;mq;0.000000;0.000000;mq;mq;mq;mq;mq;mq;mq;mq;mq;mq;mq;mq;mq;mq;mq;mq;mq;mq;
81405;20110906000000;101350;mq;mq;90;0.500000;297.750000;296.850000;95;27000;0;mq;mq;mq;mq;mq;mq;mq;mq;101260;mq;mq;mq;mq;mq;305.550000;mq;mq;mq;mq;mq;mq;mq;mq;mq;mq;mq;mq;0.000000;2.000000;mq;mq;mq;mq;mq;mq;mq;mq;mq;mq;mq;mq;mq;mq;mq;mq;mq;mq;
81408;20110906000000;101340;mq;mq;0;0.000000;297.750000;296.550000;93;mq;mq;mq;mq;mq;mq;mq;mq;mq;mq;101260;mq;mq;mq;mq;mq;306.650000;mq;mq;mq;mq;mq;mq;mq;mq;mq;mq;mq;mq;0.000000;0.000000;mq;mq;mq;mq;mq;mq;mq;mq;mq;mq;mq;mq;mq;mq;mq;mq;mq;mq;
81415;20110906000000;101300;mq;mq;50;1.500000;297.150000;294.850000;87;mq;mq;mq;mq;mq;mq;mq;mq;mq;mq;100090;mq;mq;mq;mq;mq;306.950000;mq;mq;mq;mq;mq;mq;mq;mq;mq;mq;mq;mq;0.000000;0.000000;mq;mq;mq;mq;mq;mq;mq;mq;mq;mq;mq;mq;mq;mq;mq;mq;mq;mq;
89642;20110906000000;99270;130;1;140;19.500000;263.250000;261.350000;84;500;39;3;3;101;mq;mq;62;61;60;98720;mq;mq;mq;262.850000;mq;265.750000;mq;mq;mq;mq;26.800000;28.300000;-60;mq;mq;mq;mq;mq;mq;mq;mq;mq;1027.000000;1128.000000;mq;mq;mq;mq;mq;mq;mq;mq;mq;mq;mq;mq;mq;mq;
07005;20110906030000;101780;-170;8;190;5.700000;286.650000;283.650000;82;mq;mq;mq;mq;mq;mq;mq;mq;mq;mq;100890;mq;mq;mq;mq;mq;mq;mq;mq;mq;mq;mq;8.700000;-10;mq;mq;mq;mq;0.000000;0.000000;mq;mq;mq;710.000000;1109.000000;mq;mq;mq;mq;mq;mq;mq;mq;mq;mq;mq;mq;mq;mq;
07015;20110906030000;101760;-130;8;200;5.100000;286.550000;283.550000;82;15000;0;mq;mq;90;7;3500;30;27;60;101190;mq;mq;mq;mq;mq;mq;mq;mq;mq;mq;mq;7.700000;-10;mq;mq;0.000000;-30;0.000000;0.000000;mq;mq;mq;710.000000;1108.000000;3100.000000;mq;7;3;4500;mq;mq;mq;mq;mq;mq;mq;mq;mq;
07020;20110906030000;101610;-220;6;220;13.400000;289.850000;287.350000;85;14000;2;1;1;75;5;1250;32;20;10;101350;mq;mq;mq;mq;mq;mq;mq;mq;mq;mq;19.500000;19.500000;-10;mq;mq;mq;mq;0.000000;0.000000;mq;mq;mq;1020.000000;710.000000;1120.000000;mq;5;8;990;4;6;1500;mq;mq;mq;mq;mq;mq;
07027;20110906030000;101870;-190;6;160;4.100000;285.950000;284.550000;91;35000;0;mq;mq;100;mq;450;mq;mq;mq;101060;mq;mq;mq;mq;mq;mq;mq;mq;mq;mq;mq;6.700000;-10;mq;mq;mq;mq;0.000000;0.000000;mq;mq;mq;710.000000;1107.000000;mq;mq;mq;mq;mq;mq;mq;mq;mq;mq;mq;mq;mq;mq;
07037;20110906030000;101910;-190;8;200;8.200000;285.350000;284.250000;93;50000;0;mq;mq;mq;mq;mq;mq;mq;mq;100090;mq;mq;mq;mq;mq;mq;mq;mq;mq;mq;mq;11.300000;-10;mq;mq;mq;mq;0.000000;0.000000;mq;mq;mq;710.000000;1111.000000;mq;mq;mq;mq;mq;mq;mq;mq;mq;mq;mq;mq;mq;mq;
07110;20110906030000;101820;-150;6;220;10.300000;288.850000;287.250000;90;24000;0;mq;mq;100;mq;450;mq;mq;mq;100690;mq;mq;mq;mq;mq;mq;mq;mq;mq;mq;15.400000;15.400000;-10;mq;mq;mq;mq;0.000000;0.000000;mq;mq;mq;1015.000000;710.000000;1115.000000;mq;mq;mq;mq;mq;mq;mq;mq;mq;mq;mq;mq;mq;
07117;20110906030000;101700;-200;6;240;7.200000;289.150000;286.250000;83;20000;2;1;1;40;3;800;32;20;10;101010;mq;mq;mq;mq;mq;mq;mq;mq;mq;mq;mq;12.300000;-10;mq;mq;mq;mq;0.000000;0.000000;mq;mq;mq;710.000000;1112.000000;2438.000000;mq;mq;mq;mq;mq;mq;mq;mq;mq;mq;mq;mq;mq;
07130;20110906030000;102070;-140;8;200;4.600000;287.750000;286.650000;93;23000;0;mq;mq;mq;mq;mq;mq;mq;mq;101550;mq;mq;mq;mq;mq;mq;mq;mq;mq;mq;mq;7.200000;-10;mq;mq;mq;mq;0.000000;0.000000;mq;mq;mq;710.000000;1107.000000;mq;mq;mq;mq;mq;mq;mq;mq;mq;mq;mq;mq;mq;mq;
07139;20110906030000;102070;-180;8;200;4.600000;286.950000;284.650000;86;mq;mq;mq;mq;mq;mq;mq;mq;mq;mq;100350;mq;mq;mq;mq;mq;mq;mq;mq;mq;mq;mq;7.200000;-10;mq;mq;mq;mq;0.000000;0.000000;mq;mq;mq;710.000000;1107.000000;mq;mq;mq;mq;mq;mq;mq;mq;mq;mq;mq;mq;mq;mq;
07149;20110906030000;102200;-110;8;190;3.600000;285.550000;283.650000;88;30000;2;1;1;40;3;3500;30;23;10;101110;mq;mq;mq;mq;mq;mq;mq;mq;mq;mq;mq;5.100000;-10;mq;mq;0.000000;-30;0.000000;0.000000;mq;mq;mq;710.000000;1105.000000;3100.000000;mq;3;3;3000;mq;mq;mq;mq;mq;mq;mq;mq;mq;
07168;20110906030000;102390;-40;8;200;3.600000;283.850000;281.950000;88;20000;0;mq;mq;mq;mq;mq;mq;mq;mq;100960;mq;mq;mq;mq;mq;mq;mq;mq;mq;mq;mq;5.100000;-10;mq;mq;mq;mq;0.000000;0.000000;mq;mq;mq;710.000000;1105.000000;mq;mq;mq;mq;mq;mq;mq;mq;mq;mq;mq;mq;mq;mq;
07181;20110906030000;102450;-50;6;210;5.100000;284.750000;281.050000;78;60000;0;mq;mq;mq;mq;mq;mq;mq;mq;98350;mq;mq;mq;mq;mq;mq;mq;mq;mq;mq;mq;7.700000;-10;mq;mq;mq;mq;0.000000;0.000000;mq;mq;mq;710.000000;1108.000000;mq;mq;mq;mq;mq;mq;mq;mq;mq;mq;mq;mq;mq;mq;
07190;20110906030000;102540;-20;6;190;2.100000;283.250000;282.150000;93;60000;0;mq;mq;mq;mq;mq;mq;mq;mq;100700;mq;mq;mq;mq;mq;mq;mq;mq;mq;mq;mq;4.600000;-10;mq;mq;mq;mq;0.000000;0.000000;mq;mq;mq;710.000000;1105.000000;mq;mq;mq;mq;mq;mq;mq;mq;mq;mq;mq;mq;mq;mq;
07207;20110906030000;mq;mq;mq;260;8.700000;290.450000;287.550000;83;15000;2;1;1;0;mq;mq;mq;mq;mq;mq;mq;mq;mq;mq;mq;mq;mq;mq;mq;mq;mq;15.400000;-10;mq;mq;mq;mq;0.000000;0.000000;mq;mq;mq;710.000000;1115.000000;2447.000000;mq;mq;mq;mq;mq;mq;mq;mq;mq;mq;mq;mq;mq;
07222;20110906030000;102240;-140;7;200;3.100000;288.050000;286.250000;89;20000;2;1;1;90;7;800;35;61;60;101930;mq;mq;mq;mq;mq;mq;mq;mq;mq;mq;mq;5.100000;-10;mq;mq;mq;mq;0.000000;0.000000;mq;mq;mq;710.000000;1105.000000;mq;mq;7;6;630;mq;mq;mq;mq;mq;mq;mq;mq;mq;
07240;20110906030000;102360;-100;6;190;3.600000;286.150000;283.850000;86;30000;2;mq;mq;10;1;1750;35;20;10;101010;mq;mq;mq;mq;mq;mq;mq;mq;mq;mq;mq;5.700000;-10;mq;mq;0.000000;-30;0.000000;0.000000;mq;mq;mq;710.000000;1106.000000;3100.000000;mq;1;6;1500;mq;mq;mq;mq;mq;mq;mq;mq;mq;
07255;20110906030000;102550;-50;6;210;2.600000;283.950000;282.750000;92;20000;0;mq;mq;mq;mq;mq;mq;mq;mq;100540;mq;mq;mq;mq;mq;mq;mq;mq;mq;mq;mq;3.600000;-10;mq;mq;mq;mq;0.000000;0.000000;mq;mq;mq;710.000000;1104.000000;mq;mq;mq;mq;mq;mq;mq;mq;mq;mq;mq;mq;mq;mq;
07280;20110906030000;102640;10;0;230;0.500000;281.850000;280.150000;89;60000;0;mq;mq;mq;mq;mq;mq;mq;mq;99870;mq;mq;mq;mq;mq;mq;mq;mq;mq;mq;mq;2.600000;-10;mq;mq;mq;mq;0.000000;0.000000;mq;mq;mq;710.000000;1103.000000;mq;mq;mq;mq;mq;mq;mq;mq;mq;mq;mq;mq;mq;mq;
07299;20110906030000;102640;-10;8;160;1.000000;283.550000;282.950000;96;25000;2;1;1;10;0;mq;30;20;11;99350;mq;mq;mq;mq;mq;mq;mq;mq;mq;mq;mq;1.500000;-10;mq;mq;0.000000;-30;0.000000;0.000000;mq;mq;mq;710.000000;1102.000000;3100.000000;mq;1;0;7800;mq;mq;mq;mq;mq;mq;mq;mq;mq;
07314;20110906030000;102470;-90;8;230;6.700000;291.550000;287.250000;76;18000;2;1;1;50;4;1250;38;20;10;102200;mq;mq;mq;mq;mq;mq;mq;mq;mq;mq;mq;9.300000;-10;mq;mq;mq;mq;0.000000;0.000000;mq;mq;mq;710.000000;1109.000000;2437.000000;mq;2;8;990;mq;mq;mq;mq;mq;mq;mq;mq;mq;
07335;20110906030000;102500;-100;7;200;2.600000;286.550000;284.750000;89;55000;0;mq;mq;100;mq;800;mq;mq;mq;101050;mq;mq;mq;mq;mq;mq;mq;mq;mq;mq;mq;5.100000;-10;mq;mq;mq;mq;0.000000;0.000000;mq;mq;mq;710.000000;1105.000000;mq;mq;mq;mq;mq;mq;mq;mq;mq;mq;mq;mq;mq;mq;
07434;20110906030000;102670;-70;7;0;0.000000;283.550000;282.150000;91;35000;0;mq;mq;mq;mq;mq;mq;mq;mq;97850;mq;mq;mq;mq;mq;mq;mq;mq;mq;mq;mq;1.000000;-10;mq;mq;mq;mq;0.000000;0.000000;mq;mq;mq;710.000000;1101.000000;mq;mq;mq;mq;mq;mq;mq;mq;mq;mq;mq;mq;mq;mq;
07460;20110906030000;102720;0;0;0;0.000000;282.750000;281.150000;90;30000;3;mq;mq;40;1;1250;35;20;11;98790;mq;mq;mq;mq;mq;mq;mq;mq;mq;mq;mq;1.500000;-10;mq;mq;0.000000;-30;0.000000;0.000000;mq;mq;mq;710.000000;1102.000000;3100.000000;mq;1;6;1380;3;0;7800;mq;mq;mq;mq;mq;mq;
07471;20110906030000;mq;0;4;0;0.000000;277.350000;276.450000;94;19000;0;mq;mq;mq;mq;mq;mq;mq;mq;93040;85000;18440;mq;mq;mq;mq;mq;mq;mq;mq;mq;1.500000;-10;mq;mq;mq;mq;0.000000;0.000000;mq;mq;mq;710.000000;1102.000000;mq;mq;mq;mq;mq;mq;mq;mq;mq;mq;mq;mq;mq;mq;
07481;20110906030000;102620;-20;7;340;1.000000;285.450000;283.150000;86;35000;2;1;1;0;mq;mq;mq;mq;mq;99740;mq;mq;mq;mq;mq;mq;mq;mq;mq;mq;mq;1.500000;-10;mq;mq;0.000000;-30;0.000000;0.000000;mq;mq;mq;710.000000;1102.000000;3100.000000;mq;mq;mq;mq;mq;mq;mq;mq;mq;mq;mq;mq;mq;
07510;20110906030000;102650;-80;6;210;1.000000;286.050000;284.650000;91;30000;2;1;1;60;2;800;35;20;12;101990;mq;mq;mq;mq;mq;mq;mq;mq;mq;mq;mq;3.600000;-10;mq;mq;0.000000;-30;0.000000;0.000000;mq;mq;mq;710.000000;1104.000000;3100.000000;mq;2;6;900;4;0;7800;mq;mq;mq;mq;mq;mq;
07535;20110906030000;102770;-30;8;130;1.500000;281.750000;281.150000;96;mq;mq;mq;mq;mq;mq;mq;mq;mq;mq;99590;mq;mq;mq;mq;mq;mq;mq;mq;mq;mq;mq;3.100000;-10;mq;mq;mq;mq;0.000000;0.000000;mq;mq;mq;710.000000;1103.000000;mq;mq;mq;mq;mq;mq;mq;mq;mq;mq;mq;mq;mq;mq;
07558;20110906030000;102730;0;4;40;1.500000;283.150000;280.350000;83;mq;mq;mq;mq;mq;mq;mq;mq;mq;mq;94330;mq;mq;mq;mq;mq;mq;mq;mq;mq;mq;mq;3.100000;-10;mq;mq;mq;mq;0.000000;0.000000;mq;mq;mq;710.000000;1103.000000;mq;mq;mq;mq;mq;mq;mq;mq;mq;mq;mq;mq;mq;mq;
07577;20110906030000;102400;-40;8;20;4.600000;289.950000;282.650000;62;20000;0;mq;mq;mq;mq;mq;mq;mq;mq;101520;mq;mq;mq;mq;mq;mq;mq;mq;mq;mq;mq;8.200000;-10;mq;mq;mq;mq;0.000000;0.000000;mq;mq;mq;710.000000;1108.000000;mq;mq;mq;mq;mq;mq;mq;mq;mq;mq;mq;mq;mq;mq;
07591;20110906030000;mq;30;0;10;5.100000;284.850000;275.050000;51;mq;0;mq;mq;mq;mq;mq;mq;mq;mq;92290;mq;mq;mq;mq;mq;mq;mq;mq;mq;mq;mq;7.700000;-10;mq;mq;mq;mq;0.000000;0.000000;mq;mq;mq;710.000000;1108.000000;mq;mq;mq;mq;mq;mq;mq;mq;mq;mq;mq;mq;mq;mq;
07607;20110906030000;102730;-70;7;100;1.500000;281.850000;280.950000;94;20000;0;mq;mq;mq;mq;mq;mq;mq;mq;102000;mq;mq;mq;mq;mq;mq;mq;mq;mq;mq;mq;2.100000;-10;mq;mq;mq;mq;0.000000;0.000000;mq;mq;mq;710.000000;1102.000000;mq;mq;mq;mq;mq;mq;mq;mq;mq;mq;mq;mq;mq;mq;
07621;20110906030000;102820;10;3;160;2.100000;284.250000;283.750000;97;20000;3;mq;mq;50;0;8000;30;20;11;98460;mq;mq;mq;mq;mq;mq;mq;mq;mq;mq;mq;2.600000;-10;mq;mq;0.000000;-30;0.000000;0.000000;mq;mq;mq;710.000000;1103.000000;3100.000000;mq;4;0;7500;mq;mq;mq;mq;mq;mq;mq;mq;mq;
07627;20110906030000;102760;-10;5;290;1.000000;286.850000;285.550000;92;mq;mq;mq;mq;mq;mq;mq;mq;mq;mq;97900;mq;mq;mq;mq;mq;mq;mq;mq;mq;mq;mq;1.500000;-10;mq;mq;mq;mq;0.000000;0.000000;mq;mq;mq;710.000000;1102.000000;mq;mq;mq;mq;mq;mq;mq;mq;mq;mq;mq;mq;mq;mq;
07630;20110906030000;102750;10;3;300;2.100000;287.350000;283.950000;80;40000;2;1;1;40;3;1750;35;20;10;100950;mq;mq;mq;mq;mq;mq;mq;mq;mq;mq;mq;3.600000;-10;mq;mq;0.000000;-30;0.000000;0.000000;mq;mq;mq;710.000000;1104.000000;3100.000000;mq;3;6;1800;mq;mq;mq;mq;mq;mq;mq;mq;mq;
07643;20110906030000;102460;0;0;310;2.100000;289.350000;281.850000;61;60000;2;mq;mq;0;mq;mq;mq;mq;mq;102360;mq;mq;mq;mq;mq;mq;mq;mq;mq;mq;mq;3.600000;-10;mq;mq;mq;mq;0.000000;0.000000;mq;mq;mq;710.000000;1104.000000;mq;mq;mq;mq;mq;mq;mq;mq;mq;mq;mq;mq;mq;mq;
07650;20110906030000;102170;-20;8;330;7.200000;291.950000;283.250000;57;50000;2;1;1;0;mq;mq;mq;mq;mq;101790;mq;mq;mq;mq;mq;mq;mq;mq;mq;mq;mq;10.800000;-10;mq;mq;0.000000;-30;0.000000;0.000000;mq;mq;mq;710.000000;1111.000000;3100.000000;mq;mq;mq;mq;mq;mq;mq;mq;mq;mq;mq;mq;mq;
07661;20110906030000;102000;90;1;320;5.700000;292.250000;281.250000;49;25000;2;1;1;0;mq;mq;mq;mq;mq;100420;mq;mq;mq;mq;mq;mq;mq;mq;mq;mq;mq;8.200000;-10;mq;mq;mq;mq;0.000000;0.000000;mq;mq;mq;710.000000;1108.000000;mq;mq;mq;mq;mq;mq;mq;mq;mq;mq;mq;mq;mq;mq;
07690;20110906030000;101890;70;3;330;5.700000;293.350000;284.250000;56;50000;2;1;1;40;2;800;35;23;10;101560;mq;mq;mq;mq;mq;mq;mq;mq;mq;mq;mq;8.700000;-10;mq;mq;0.000000;-30;0.000000;0.000000;mq;mq;mq;710.000000;1109.000000;3100.000000;mq;2;6;600;mq;mq;mq;mq;mq;mq;mq;mq;mq;
07747;20110906030000;102530;0;5;300;3.100000;291.350000;283.950000;62;60000;0;mq;mq;mq;mq;mq;mq;mq;mq;102010;mq;mq;mq;mq;mq;mq;mq;mq;mq;mq;mq;7.700000;-10;mq;mq;mq;mq;0.000000;0.000000;mq;mq;mq;710.000000;1108.000000;mq;mq;mq;mq;mq;mq;mq;mq;mq;mq;mq;mq;mq;mq;
07761;20110906030000;102120;-20;7;40;3.600000;290.150000;286.450000;79;20000;2;1;1;0;mq;mq;mq;mq;mq;102010;mq;mq;mq;mq;mq;mq;mq;mq;mq;mq;mq;6.200000;-10;mq;mq;0.000000;-30;0.000000;0.000000;mq;mq;mq;710.000000;1106.000000;3100.000000;mq;mq;mq;mq;mq;mq;mq;mq;mq;mq;mq;mq;mq;
07790;20110906030000;101840;-20;6;200;3.100000;293.950000;282.250000;47;15000;2;1;1;0;mq;mq;mq;mq;mq;101700;mq;mq;mq;mq;mq;mq;mq;mq;mq;mq;mq;7.200000;-10;mq;mq;0.000000;-30;0.000000;0.000000;mq;mq;mq;710.000000;1107.000000;3100.000000;mq;mq;mq;mq;mq;mq;mq;mq;mq;mq;mq;mq;mq;
61968;20110906030000;101660;mq;mq;100;0.500000;294.450000;292.550000;89;mq;mq;mq;mq;mq;mq;mq;mq;mq;mq;mq;mq;mq;210;mq;mq;mq;mq;mq;mq;mq;mq;2.600000;-10;mq;mq;mq;mq;0.000000;0.000000;mq;mq;mq;710.000000;1103.000000;mq;mq;mq;mq;mq;mq;mq;mq;mq;mq;mq;mq;mq;mq;
61970;20110906030000;101720;mq;mq;mq;mq;297.550000;295.050000;86;mq;mq;mq;mq;mq;mq;mq;mq;mq;mq;mq;mq;mq;100;mq;mq;mq;mq;mq;mq;mq;mq;mq;mq;mq;mq;mq;mq;0.000000;0.000000;mq;mq;mq;mq;mq;mq;mq;mq;mq;mq;mq;mq;mq;mq;mq;mq;mq;mq;mq;
61972;20110906030000;102180;mq;mq;160;4.600000;293.450000;290.450000;83;mq;mq;mq;mq;mq;mq;mq;mq;mq;mq;mq;mq;mq;260;mq;mq;mq;mq;mq;mq;mq;mq;9.300000;-10;mq;mq;mq;mq;0.000000;0.000000;mq;mq;mq;710.000000;1109.000000;mq;mq;mq;mq;mq;mq;mq;mq;mq;mq;mq;mq;mq;mq;
61976;20110906030000;101780;mq;mq;140;7.200000;296.950000;294.250000;85;mq;mq;mq;mq;mq;mq;mq;mq;mq;mq;101630;mq;mq;mq;mq;mq;mq;mq;mq;mq;mq;mq;mq;mq;mq;mq;mq;mq;mq;mq;mq;mq;mq;mq;mq;mq;mq;mq;mq;mq;mq;mq;mq;mq;mq;mq;mq;mq;mq;
61980;20110906030000;102000;mq;mq;190;3.100000;291.850000;289.250000;85;12000;2;1;1;10;1;800;38;20;10;mq;mq;mq;130;mq;mq;mq;mq;mq;mq;mq;mq;4.100000;-10;mq;mq;mq;mq;0.000000;0.000000;mq;mq;mq;710.000000;1104.000000;2437.000000;mq;1;8;690;mq;mq;mq;mq;mq;mq;mq;mq;mq;
61996;20110906030000;mq;mq;mq;340;15.900000;286.550000;mq;mq;mq;mq;mq;mq;mq;mq;mq;mq;mq;mq;mq;mq;mq;mq;mq;mq;mq;mq;mq;mq;mq;mq;21.600000;-10;mq;mq;mq;mq;1.000000;1.000000;mq;mq;mq;710.000000;1122.000000;mq;mq;mq;mq;mq;mq;mq;mq;mq;mq;mq;mq;mq;mq;
61997;20110906030000;97940;mq;mq;240;10.300000;269.850000;268.250000;87;mq;mq;mq;mq;mq;mq;mq;mq;mq;mq;mq;mq;mq;810;mq;mq;mq;mq;mq;mq;mq;mq;17.000000;-30;mq;mq;mq;mq;mq;0.000000;mq;mq;mq;1117.000000;mq;mq;mq;mq;mq;mq;mq;mq;mq;mq;mq;mq;mq;mq;mq;
61998;20110906030000;98320;mq;mq;310;8.700000;273.750000;268.350000;67;20000;2;1;1;25;2;800;35;20;10;mq;mq;mq;650;mq;mq;mq;mq;mq;mq;mq;mq;15.400000;-10;mq;mq;mq;mq;0.000000;0.000000;mq;mq;mq;710.000000;1115.000000;mq;mq;2;6;780;mq;mq;mq;mq;mq;mq;mq;mq;mq;
67005;20110906030000;101680;mq;mq;200;3.100000;297.350000;294.450000;84;20000;2;1;1;50;2;800;38;23;11;mq;mq;mq;150;mq;mq;mq;mq;mq;mq;mq;mq;4.600000;-10;mq;mq;mq;mq;0.000000;0.000000;mq;mq;mq;710.000000;1105.000000;mq;mq;1;8;630;3;3;3000;mq;mq;mq;mq;mq;mq;
71805;20110906030000;101420;-60;7;220;8.700000;291.050000;290.750000;98;3600;10;mq;mq;100;mq;80;mq;mq;mq;101340;mq;mq;mq;mq;mq;mq;mq;mq;mq;mq;mq;12.300000;-10;mq;mq;mq;mq;0.000000;0.000000;mq;mq;mq;710.000000;1112.000000;mq;mq;mq;mq;mq;mq;mq;mq;mq;mq;mq;mq;mq;mq;
78897;20110906030000;101500;70;0;130;1.500000;298.450000;296.550000;89;17000;0;mq;mq;mq;mq;2250;mq;mq;mq;mq;mq;mq;140;mq;mq;mq;mq;mq;mq;mq;mq;mq;mq;mq;mq;mq;mq;mq;mq;mq;mq;mq;mq;mq;mq;mq;mq;mq;mq;mq;mq;mq;mq;mq;mq;mq;mq;mq;
78922;20110906030000;101450;60;0;80;4.100000;301.350000;295.850000;72;mq;mq;mq;mq;mq;mq;mq;mq;mq;mq;101010;mq;mq;mq;mq;mq;mq;mq;mq;mq;mq;mq;mq;mq;mq;mq;mq;mq;mq;mq;mq;mq;mq;mq;mq;mq;mq;mq;mq;mq;mq;mq;mq;mq;mq;mq;mq;mq;mq;
78925;20110906030000;101480;120;0;80;1.500000;297.550000;296.350000;93;30000;2;1;1;40;1;800;31;20;11;mq;mq;mq;80;mq;mq;mq;mq;mq;mq;mq;mq;mq;mq;mq;mq;mq;mq;mq;mq;mq;mq;mq;mq;mq;mq;mq;1;8;780;3;0;7800;mq;mq;mq;mq;mq;mq;
81401;20110906030000;101360;mq;mq;0;0.000000;297.750000;296.150000;91;mq;mq;mq;mq;mq;mq;mq;mq;mq;mq;101300;mq;mq;mq;mq;mq;mq;mq;mq;mq;mq;mq;mq;mq;mq;mq;mq;mq;mq;0.000000;mq;mq;mq;mq;mq;mq;mq;mq;mq;mq;mq;mq;mq;mq;mq;mq;mq;mq;mq;
81405;20110906030000;101390;mq;mq;270;0.500000;296.850000;296.350000;97;30000;0;mq;mq;mq;mq;800;mq;mq;mq;101300;mq;mq;mq;mq;mq;mq;mq;mq;mq;mq;mq;mq;mq;mq;mq;mq;mq;mq;0.000000;mq;mq;mq;mq;mq;mq;mq;mq;mq;mq;mq;mq;mq;mq;mq;mq;mq;mq;mq;
81408;20110906030000;101390;mq;mq;0;0.000000;296.350000;295.850000;97;mq;mq;mq;mq;mq;mq;mq;mq;mq;mq;101310;mq;mq;mq;mq;mq;mq;mq;mq;mq;mq;mq;mq;mq;mq;mq;mq;mq;mq;0.000000;mq;mq;mq;mq;mq;mq;mq;mq;mq;mq;mq;mq;mq;mq;mq;mq;mq;mq;mq;
81415;20110906030000;101430;mq;mq;60;0.500000;295.750000;294.550000;93;mq;mq;mq;mq;mq;mq;mq;mq;mq;mq;100210;mq;mq;mq;mq;mq;mq;mq;mq;mq;mq;mq;mq;mq;mq;mq;mq;mq;mq;0.000000;mq;mq;mq;mq;mq;mq;mq;mq;mq;mq;mq;mq;mq;mq;mq;mq;mq;mq;mq;
89642;20110906030000;99500;230;0;140;16.500000;263.950000;261.150000;78;3000;2;3;2;90;7;1250;35;61;60;98950;mq;mq;mq;mq;mq;mq;mq;mq;mq;mq;23.700000;28.800000;-30;mq;mq;mq;mq;mq;mq;mq;mq;mq;1024.000000;1129.000000;mq;mq;7;6;1290;mq;mq;mq;mq;mq;mq;mq;mq;mq;
07005;20110906060000;101730;-50;6;200;6.700000;286.750000;284.050000;84;22000;2;1;1;90;2;1250;35;23;12;100840;mq;mq;mq;286.150000;mq;289.450000;mq;285.150000;mq;mq;mq;10.800000;-10;0;0.000000;mq;mq;0.000000;0.000000;mq;0.000000;0.000000;710.000000;1111.000000;mq;mq;2;6;1200;4;3;3300;7;0;7200;mq;mq;mq;
07015;20110906060000;101680;-70;8;200;7.700000;286.550000;283.850000;84;20000;3;mq;mq;90;7;1750;35;61;60;101120;mq;mq;mq;286.250000;mq;289.750000;mq;286.150000;mq;mq;mq;11.800000;-10;1;0.000000;0.000000;-60;0.000000;0.000000;mq;0.000000;2.000000;710.000000;1112.000000;3100.000000;mq;7;6;1800;mq;mq;mq;mq;mq;mq;mq;mq;mq;
07020;20110906060000;101420;-190;8;230;14.400000;289.950000;287.250000;84;8000;60;6;2;100;8;800;37;61;60;101160;mq;mq;mq;289.550000;mq;290.250000;mq;mq;mq;mq;mq;20.600000;-10;mq;mq;mq;mq;0.000000;0.000000;mq;0.000000;0.000000;710.000000;1121.000000;mq;mq;8;6;780;mq;mq;mq;mq;mq;mq;mq;mq;mq;
07027;20110906060000;101730;-130;7;200;7.200000;288.350000;285.650000;84;30000;2;1;1;90;4;800;38;20;12;100930;mq;mq;mq;285.650000;mq;290.150000;mq;285.150000;mq;mq;mq;11.800000;-10;0;0.000000;0.000000;-60;0.000000;0.000000;mq;0.000000;0.800000;710.000000;1112.000000;3100.000000;mq;1;8;720;3;6;1440;7;0;6300;mq;mq;mq;
07037;20110906060000;101890;-20;8;190;6.200000;286.250000;285.150000;93;50000;0;mq;mq;100;mq;800;mq;mq;mq;100070;mq;mq;mq;285.050000;mq;289.150000;mq;281.150000;mq;mq;mq;10.300000;-10;mq;mq;mq;mq;0.000000;0.000000;mq;0.000000;0.000000;710.000000;1110.000000;mq;mq;mq;mq;mq;mq;mq;mq;mq;mq;mq;mq;mq;mq;
07110;20110906060000;101690;-130;7;210;10.800000;289.250000;287.650000;90;20000;2;1;1;100;8;250;36;61;60;100560;mq;mq;mq;288.350000;mq;289.250000;mq;288.150000;mq;mq;15.900000;18.500000;-10;0;0.000000;0.000000;-60;0.000000;0.000000;mq;0.000000;0.400000;1016.000000;710.000000;1119.000000;3100.000000;7;7;270;mq;mq;mq;mq;mq;mq;mq;mq;mq;
07117;20110906060000;101540;-160;6;240;9.300000;289.450000;285.950000;80;18000;2;1;1;75;6;800;34;20;10;100850;mq;mq;mq;288.250000;mq;290.050000;mq;mq;mq;mq;16.500000;16.500000;-10;mq;mq;mq;mq;0.000000;0.000000;mq;0.000000;mq;1016.000000;710.000000;1116.000000;2447.000000;mq;mq;mq;mq;mq;mq;mq;mq;mq;mq;mq;mq;
07130;20110906060000;101950;-110;7;200;4.600000;288.350000;286.850000;91;26000;0;mq;mq;90;mq;450;mq;mq;mq;101440;mq;mq;mq;286.750000;mq;290.450000;mq;285.150000;mq;mq;mq;6.700000;-10;1;0.000000;mq;mq;0.000000;0.000000;mq;0.000000;0.000000;710.000000;1107.000000;mq;mq;mq;mq;mq;mq;mq;mq;mq;mq;mq;mq;mq;mq;
07139;20110906060000;102020;-50;8;190;3.600000;287.250000;285.150000;87;15000;2;1;1;100;8;250;36;61;60;100300;mq;mq;mq;285.250000;mq;291.250000;mq;284.150000;mq;mq;mq;9.300000;-10;1;0.000000;0.000000;-60;0.000000;0.000000;mq;0.000000;0.200000;710.000000;1109.000000;3100.000000;mq;7;7;240;mq;mq;mq;mq;mq;mq;mq;mq;mq;
07149;20110906060000;102130;-60;6;200;4.600000;286.750000;284.750000;88;20000;2;1;1;90;7;1250;38;61;60;101050;mq;mq;mq;285.050000;mq;291.050000;mq;283.150000;mq;mq;mq;7.700000;-10;0;0.000000;0.000000;-60;0.000000;0.000000;mq;0.000000;0.000000;710.000000;1108.000000;3100.000000;mq;3;8;1230;7;6;1380;mq;mq;mq;mq;mq;mq;
07168;20110906060000;102380;-10;5;180;3.600000;284.450000;282.750000;89;30000;2;1;1;40;1;3500;30;23;11;100950;mq;mq;mq;282.350000;mq;289.750000;mq;281.150000;mq;mq;mq;5.700000;-10;0;0.000000;0.000000;-60;0.000000;0.200000;mq;0.200000;0.200000;710.000000;1106.000000;3100.000000;mq;1;3;3000;3;0;7800;mq;mq;mq;mq;mq;mq;
07181;20110906060000;102400;-50;5;220;5.100000;284.550000;281.550000;82;60000;2;1;1;60;0;8000;30;20;11;98300;mq;mq;mq;283.650000;mq;288.050000;mq;282.150000;mq;mq;mq;7.200000;-10;0;0.000000;0.000000;-60;0.000000;0.000000;mq;0.000000;0.200000;710.000000;1107.000000;3100.000000;mq;5;0;9000;mq;mq;mq;mq;mq;mq;mq;mq;mq;
07190;20110906060000;102450;-80;6;200;2.600000;284.050000;283.150000;94;55000;0;mq;mq;mq;mq;mq;mq;mq;mq;100620;mq;mq;mq;282.550000;mq;290.850000;mq;280.150000;mq;mq;mq;4.100000;-10;0;0.000000;mq;mq;0.200000;0.200000;mq;0.200000;0.200000;710.000000;1104.000000;mq;mq;mq;mq;mq;mq;mq;mq;mq;mq;mq;mq;mq;mq;
07207;20110906060000;mq;mq;mq;250;8.200000;290.550000;287.050000;80;12000;2;1;1;90;5;800;38;23;11;mq;mq;mq;mq;290.350000;mq;290.750000;mq;mq;mq;mq;14.400000;15.400000;-10;mq;mq;mq;mq;0.000000;0.000000;mq;0.000000;mq;1014.000000;710.000000;1115.000000;2447.000000;mq;mq;mq;mq;mq;mq;mq;mq;mq;mq;mq;mq;
07222;20110906060000;102180;-60;6;220;4.100000;289.550000;287.550000;88;20000;2;1;1;75;4;800;38;20;11;101870;mq;mq;mq;287.050000;mq;290.350000;mq;285.150000;mq;mq;mq;7.200000;-10;0;0.000000;mq;mq;0.000000;0.000000;mq;0.000000;0.400000;710.000000;1107.000000;mq;mq;2;8;690;3;6;1380;6;0;7500;mq;mq;mq;
07240;20110906060000;102330;-30;5;200;3.100000;286.350000;284.750000;90;45000;0;mq;mq;75;mq;1250;mq;mq;mq;100980;mq;mq;mq;285.950000;mq;292.050000;mq;285.150000;mq;mq;mq;5.700000;-10;mq;mq;mq;mq;0.000000;0.000000;mq;0.000000;0.200000;710.000000;1106.000000;mq;mq;mq;mq;mq;mq;mq;mq;mq;mq;mq;mq;mq;mq;
07255;20110906060000;102500;-50;5;200;5.100000;284.850000;282.950000;88;25000;2;1;1;10;1;1750;35;20;11;100490;mq;mq;mq;283.650000;mq;292.150000;mq;282.150000;mq;mq;mq;7.700000;-10;0;0.000000;0.000000;-60;0.000000;0.000000;mq;0.000000;0.000000;710.000000;1108.000000;3100.000000;mq;1;6;1500;mq;mq;mq;mq;mq;mq;mq;mq;mq;
07280;20110906060000;102570;-70;6;0;0.000000;281.450000;280.650000;95;60000;0;mq;mq;mq;mq;mq;mq;mq;mq;99800;mq;mq;mq;280.750000;mq;290.850000;mq;278.150000;mq;mq;mq;1.000000;-10;0;0.000000;mq;mq;0.000000;0.000000;mq;0.000000;0.000000;710.000000;1101.000000;mq;mq;mq;mq;mq;mq;mq;mq;mq;mq;mq;mq;mq;mq;
07299;20110906060000;102530;-90;6;160;2.600000;285.450000;284.650000;95;25000;2;1;1;25;1;3500;30;23;11;99260;mq;mq;mq;282.750000;mq;289.750000;mq;281.150000;mq;mq;mq;4.600000;-10;1;0.000000;0.000000;-60;0.000000;0.200000;mq;0.200000;0.200000;710.000000;1105.000000;3100.000000;mq;1;3;2400;mq;mq;mq;mq;mq;mq;mq;mq;mq;
07314;20110906060000;102430;-40;5;230;8.200000;291.950000;288.250000;79;mq;mq;mq;mq;mq;mq;mq;mq;mq;mq;102160;mq;mq;mq;291.450000;mq;292.250000;mq;mq;mq;mq;mq;10.800000;-10;mq;mq;mq;mq;0.000000;0.000000;mq;0.000000;0.000000;710.000000;1111.000000;mq;mq;mq;mq;mq;mq;mq;mq;mq;mq;mq;mq;mq;mq;
07335;20110906060000;102460;-40;5;190;4.100000;285.550000;284.250000;92;50000;0;mq;mq;mq;mq;800;mq;mq;mq;101010;mq;mq;mq;282.950000;mq;291.350000;mq;281.150000;mq;mq;mq;5.700000;-10;1;0.000000;mq;mq;0.000000;0.000000;mq;0.000000;0.000000;710.000000;1106.000000;mq;mq;mq;mq;mq;mq;mq;mq;mq;mq;mq;mq;mq;mq;
07434;20110906060000;102690;-10;5;0;0.000000;282.150000;281.250000;94;15000;2;1;1;10;1;450;35;20;11;97840;mq;mq;mq;282.150000;mq;289.650000;mq;280.150000;mq;mq;mq;1.000000;-10;0;0.000000;0.000000;-60;0.000000;0.000000;mq;0.000000;mq;710.000000;1101.000000;3100.000000;mq;1;6;480;mq;mq;mq;mq;mq;mq;mq;mq;mq;
07460;20110906060000;102650;-70;6;0;0.000000;283.050000;280.950000;87;40000;1;mq;mq;25;0;8000;30;20;11;98720;mq;mq;mq;282.350000;mq;291.350000;mq;281.150000;mq;mq;mq;2.600000;-10;0;0.000000;0.000000;-60;0.000000;0.000000;mq;0.000000;0.000000;710.000000;1103.000000;3100.000000;mq;2;0;7800;mq;mq;mq;mq;mq;mq;mq;mq;mq;
07471;20110906060000;mq;-50;5;0;0.000000;278.250000;277.950000;98;45000;2;1;1;40;0;8000;30;20;11;92990;85000;18400;mq;276.150000;mq;288.050000;mq;272.150000;mq;mq;mq;1.000000;-10;1;0.000000;0.000000;-60;0.000000;0.000000;mq;0.000000;0.200000;710.000000;1101.000000;3100.000000;mq;3;0;7500;mq;mq;mq;mq;mq;mq;mq;mq;mq;
07481;20110906060000;102570;-50;6;0;0.000000;285.450000;282.850000;84;35000;2;1;1;25;0;mq;30;20;11;99690;mq;mq;mq;284.650000;mq;292.850000;mq;281.150000;mq;mq;mq;2.100000;-10;1;0.000000;0.000000;-60;0.000000;0.200000;mq;0.200000;0.200000;710.000000;1102.000000;3100.000000;mq;2;0;7500;mq;mq;mq;mq;mq;mq;mq;mq;mq;
07510;20110906060000;102620;-30;5;190;3.100000;286.150000;284.750000;91;30000;2;1;1;50;3;800;35;20;11;101960;mq;mq;mq;285.550000;mq;292.650000;mq;283.150000;mq;mq;mq;4.600000;-10;0;0.000000;0.000000;-60;0.000000;0.000000;mq;0.000000;0.000000;710.000000;1105.000000;3100.000000;mq;1;8;780;3;6;990;mq;mq;mq;mq;mq;mq;
07535;20110906060000;102720;-40;8;110;2.100000;282.150000;281.850000;98;25000;2;1;1;25;0;8000;30;20;11;99550;mq;mq;mq;280.950000;mq;292.450000;mq;280.150000;mq;mq;mq;3.100000;-10;0;0.000000;0.000000;-60;0.000000;0.000000;mq;0.000000;0.400000;710.000000;1103.000000;3100.000000;mq;2;0;7500;mq;mq;mq;mq;mq;mq;mq;mq;mq;
07558;20110906060000;102700;-40;5;80;1.500000;282.550000;280.450000;87;60000;2;1;1;40;1;3500;30;23;12;94290;mq;mq;mq;281.750000;mq;288.750000;mq;280.150000;mq;mq;mq;3.600000;-10;0;0.000000;0.000000;-60;0.000000;0.000000;mq;0.000000;0.000000;710.000000;1104.000000;3100.000000;mq;1;3;3000;3;0;7500;mq;mq;mq;mq;mq;mq;
07577;20110906060000;102430;20;3;60;3.100000;289.050000;282.050000;63;20000;2;1;1;25;0;8000;30;20;11;101540;mq;mq;mq;289.050000;mq;294.950000;mq;288.150000;mq;mq;mq;8.200000;-10;0;0.000000;0.000000;-60;0.000000;0.000000;mq;0.000000;0.000000;710.000000;1108.000000;3100.000000;mq;2;0;6900;mq;mq;mq;mq;mq;mq;mq;mq;mq;
07591;20110906060000;mq;70;3;50;3.100000;282.650000;275.050000;59;mq;0;mq;mq;mq;mq;mq;mq;mq;mq;92360;mq;mq;mq;282.650000;mq;290.150000;mq;279.150000;mq;mq;mq;8.700000;-10;mq;mq;mq;mq;0.000000;0.000000;mq;0.000000;0.000000;710.000000;1109.000000;mq;mq;mq;mq;mq;mq;mq;mq;mq;mq;mq;mq;mq;mq;
07607;20110906060000;102690;-40;6;100;2.100000;281.150000;280.350000;95;20000;0;mq;mq;mq;mq;mq;mq;mq;mq;101960;mq;mq;mq;280.950000;mq;292.750000;mq;278.150000;mq;mq;mq;2.100000;-10;mq;mq;mq;mq;0.000000;0.000000;mq;0.000000;0.400000;710.000000;1102.000000;mq;mq;mq;mq;mq;mq;mq;mq;mq;mq;mq;mq;mq;mq;
07621;20110906060000;102730;-120;7;0;0.000000;282.450000;281.850000;96;35000;11;mq;mq;60;0;8000;30;20;12;98340;mq;mq;mq;282.450000;mq;289.350000;mq;280.150000;mq;mq;mq;2.100000;-10;0;0.000000;0.000000;-60;0.000000;0.000000;mq;0.000000;0.000000;710.000000;1102.000000;3100.000000;mq;5;0;7500;mq;mq;mq;mq;mq;mq;mq;mq;mq;
07627;20110906060000;102720;-80;7;0;0.000000;284.350000;283.250000;93;15000;2;1;1;40;3;450;35;20;11;97820;mq;mq;mq;284.250000;mq;289.050000;mq;280.150000;mq;mq;mq;1.000000;-10;1;0.000000;0.000000;-60;0.000000;0.000000;mq;0.200000;0.200000;710.000000;1101.000000;3100.000000;mq;1;6;390;3;0;7500;mq;mq;mq;mq;mq;mq;
07630;20110906060000;102710;-50;6;0;0.000000;286.650000;283.250000;80;40000;2;1;1;75;0;8000;30;20;12;100900;mq;mq;mq;286.150000;mq;293.850000;mq;282.150000;mq;mq;mq;1.500000;-10;0;0.000000;0.000000;-60;0.000000;0.000000;mq;0.000000;0.000000;710.000000;1102.000000;3100.000000;mq;6;0;7800;mq;mq;mq;mq;mq;mq;mq;mq;mq;
07643;20110906060000;102450;-10;8;270;2.100000;288.150000;283.150000;72;75000;2;mq;mq;10;0;8000;30;20;11;102350;mq;mq;mq;287.550000;mq;297.150000;mq;286.150000;mq;mq;mq;3.100000;-10;0;0.000000;0.000000;-60;0.000000;0.000000;mq;0.000000;0.000000;710.000000;1103.000000;3100.000000;mq;1;0;7800;mq;mq;mq;mq;mq;mq;mq;mq;mq;
07650;20110906060000;102220;50;1;320;7.200000;291.150000;282.750000;58;50000;2;1;1;0;mq;mq;mq;mq;mq;101840;mq;mq;mq;290.550000;mq;297.350000;mq;290.150000;mq;mq;mq;10.300000;-10;0;0.000000;0.000000;-60;0.000000;0.000000;mq;0.000000;0.000000;710.000000;1110.000000;3100.000000;mq;mq;mq;mq;mq;mq;mq;mq;mq;mq;mq;mq;mq;
07661;20110906060000;102030;30;3;330;5.700000;290.650000;282.750000;60;25000;2;1;1;25;2;2250;30;27;10;100450;mq;mq;mq;290.450000;mq;297.650000;mq;mq;mq;mq;mq;9.800000;-10;mq;mq;mq;mq;0.000000;0.000000;mq;0.000000;0.000000;710.000000;1110.000000;mq;mq;2;4;2100;mq;mq;mq;mq;mq;mq;mq;mq;mq;
07690;20110906060000;102020;130;3;330;5.100000;293.850000;283.050000;50;50000;2;1;1;10;1;800;35;23;10;101690;mq;mq;mq;292.850000;mq;297.450000;mq;292.150000;mq;mq;mq;6.200000;-10;0;0.000000;0.000000;-60;0.000000;0.000000;mq;0.000000;0.000000;710.000000;1106.000000;3100.000000;mq;1;6;900;mq;mq;mq;mq;mq;mq;mq;mq;mq;
07747;20110906060000;102540;10;1;290;1.000000;291.450000;283.250000;59;40000;2;1;1;40;0;8000;30;20;11;102020;mq;mq;mq;290.850000;mq;295.450000;mq;288.150000;mq;mq;mq;7.200000;-10;mq;mq;mq;mq;0.000000;0.000000;mq;0.000000;0.000000;710.000000;1107.000000;mq;mq;3;0;7500;mq;mq;mq;mq;mq;mq;mq;mq;mq;
07761;20110906060000;102110;-10;5;40;3.600000;290.950000;285.850000;72;20000;2;1;1;10;1;800;31;20;10;102000;mq;mq;mq;289.450000;mq;297.350000;mq;289.150000;mq;mq;mq;6.200000;-10;0;0.000000;0.000000;-60;0.000000;0.000000;mq;0.000000;0.000000;710.000000;1106.000000;3100.000000;mq;1;8;900;mq;mq;mq;mq;mq;mq;mq;mq;mq;
07790;20110906060000;101940;100;3;190;2.100000;293.050000;283.750000;55;15000;2;1;1;40;3;800;35;20;10;101800;mq;mq;mq;290.050000;mq;296.650000;mq;288.150000;mq;mq;mq;4.600000;-10;0;0.000000;0.000000;-60;0.000000;0.000000;mq;0.000000;0.000000;710.000000;1105.000000;3100.000000;mq;3;6;690;mq;mq;mq;mq;mq;mq;mq;mq;mq;
61970;20110906060000;101900;mq;mq;mq;mq;300.250000;293.550000;67;mq;mq;mq;mq;mq;mq;mq;mq;mq;mq;mq;mq;mq;mq;297.350000;mq;mq;mq;mq;mq;mq;mq;mq;mq;mq;mq;mq;mq;0.000000;mq;mq;mq;0.000000;mq;mq;mq;mq;mq;mq;mq;mq;mq;mq;mq;mq;mq;mq;mq;mq;
61972;20110906060000;102350;mq;mq;160;5.700000;296.750000;291.150000;71;mq;mq;mq;mq;mq;mq;mq;mq;mq;mq;mq;mq;mq;mq;293.450000;mq;mq;mq;mq;mq;mq;mq;9.800000;-10;mq;mq;mq;mq;0.000000;mq;mq;mq;0.000000;710.000000;1110.000000;mq;mq;mq;mq;mq;mq;mq;mq;mq;mq;mq;mq;mq;mq;
61976;20110906060000;101880;mq;mq;140;7.200000;299.550000;294.950000;76;mq;mq;mq;mq;mq;mq;mq;mq;mq;mq;101730;mq;mq;140;mq;mq;mq;mq;mq;mq;mq;mq;mq;mq;mq;mq;mq;mq;mq;mq;mq;mq;mq;mq;mq;mq;mq;mq;mq;mq;mq;mq;mq;mq;mq;mq;mq;mq;mq;
61980;20110906060000;102070;mq;mq;70;3.600000;298.150000;292.250000;70;12000;2;1;1;10;1;800;31;20;10;mq;mq;mq;mq;291.050000;mq;mq;mq;289.150000;mq;mq;mq;5.100000;-10;mq;mq;mq;mq;0.000000;mq;mq;mq;1.000000;710.000000;1105.000000;2437.000000;mq;1;8;690;mq;mq;mq;mq;mq;mq;mq;mq;mq;
61996;20110906060000;mq;mq;mq;290;4.600000;285.650000;mq;mq;mq;mq;mq;mq;mq;mq;mq;mq;mq;mq;mq;mq;mq;mq;286.550000;mq;mq;mq;286.150000;mq;mq;mq;7.200000;-10;mq;mq;mq;mq;1.000000;mq;mq;mq;13.000000;710.000000;1107.000000;mq;mq;mq;mq;mq;mq;mq;mq;mq;mq;mq;mq;mq;mq;
61997;20110906060000;98070;mq;mq;270;8.700000;271.050000;265.550000;63;mq;mq;mq;mq;mq;mq;mq;mq;mq;mq;mq;mq;mq;mq;269.350000;mq;mq;mq;269.150000;mq;mq;mq;17.000000;-60;mq;mq;mq;mq;mq;mq;mq;mq;2.000000;1117.000000;mq;mq;mq;mq;mq;mq;mq;mq;mq;mq;mq;mq;mq;mq;mq;
61998;20110906060000;98460;mq;mq;330;10.800000;275.550000;270.650000;70;25000;2;1;1;60;5;800;32;20;10;mq;mq;mq;mq;272.250000;mq;mq;mq;272.150000;mq;mq;mq;17.000000;-10;mq;mq;mq;mq;0.000000;mq;mq;mq;8.000000;710.000000;1117.000000;mq;mq;5;8;780;mq;mq;mq;mq;mq;mq;mq;mq;mq;
67005;20110906060000;101830;mq;mq;200;3.100000;300.750000;294.750000;70;25000;2;1;1;40;3;800;38;23;10;mq;mq;mq;mq;295.950000;mq;mq;mq;294.150000;mq;mq;mq;4.100000;-10;mq;mq;mq;mq;0.000000;mq;mq;mq;0.000000;710.000000;1104.000000;mq;mq;3;8;630;mq;mq;mq;mq;mq;mq;mq;mq;mq;
71805;20110906060000;101350;-70;7;240;7.700000;290.950000;290.750000;99;6000;0;mq;mq;100;mq;150;mq;mq;mq;101270;mq;mq;mq;mq;290.550000;mq;294.250000;290.150000;mq;mq;mq;13.900000;-10;mq;mq;mq;mq;0.000000;0.200000;mq;0.200000;0.200000;710.000000;1114.000000;mq;mq;mq;mq;mq;mq;mq;mq;mq;mq;mq;mq;mq;mq;
78897;20110906060000;101350;-150;8;120;1.500000;297.950000;295.850000;88;15000;2;1;1;10;1;800;32;20;10;mq;mq;mq;90;mq;296.150000;mq;304.950000;274.150000;mq;mq;mq;mq;mq;mq;mq;mq;mq;mq;mq;0.000000;mq;0.000000;mq;mq;mq;mq;1;8;780;mq;mq;mq;mq;mq;mq;mq;mq;mq;
78922;20110906060000;101330;-120;8;80;5.100000;301.150000;294.650000;68;mq;mq;mq;mq;mq;mq;mq;mq;mq;mq;100890;mq;mq;mq;mq;mq;mq;mq;mq;mq;mq;mq;mq;mq;mq;mq;mq;mq;mq;mq;mq;mq;mq;mq;mq;mq;mq;mq;mq;mq;mq;mq;mq;mq;mq;mq;mq;mq;mq;
78925;20110906060000;101350;-130;6;90;1.000000;296.950000;296.050000;95;35000;0;mq;mq;mq;mq;800;mq;mq;mq;mq;mq;mq;80;mq;296.250000;mq;305.750000;mq;mq;mq;mq;mq;mq;mq;mq;mq;mq;mq;mq;0.000000;mq;mq;mq;mq;mq;mq;mq;mq;mq;mq;mq;mq;mq;mq;mq;mq;mq;mq;
81401;20110906060000;101240;mq;mq;0;0.000000;296.550000;295.550000;94;mq;mq;mq;mq;mq;mq;mq;mq;mq;mq;101180;mq;mq;mq;mq;mq;mq;mq;mq;mq;mq;mq;mq;mq;mq;mq;mq;mq;mq;0.000000;0.000000;mq;mq;mq;mq;mq;mq;mq;mq;mq;mq;mq;mq;mq;mq;mq;mq;mq;mq;
81405;20110906060000;101250;mq;mq;0;0.000000;295.850000;295.650000;99;23000;0;mq;mq;mq;mq;mq;mq;mq;mq;101160;mq;mq;mq;mq;mq;mq;mq;294.150000;mq;mq;mq;mq;mq;mq;mq;mq;mq;mq;0.000000;0.000000;mq;mq;mq;mq;mq;mq;mq;mq;mq;mq;mq;mq;mq;mq;mq;mq;mq;mq;
81408;20110906060000;101230;mq;mq;0;0.000000;295.350000;294.850000;97;mq;mq;mq;mq;mq;mq;mq;mq;mq;mq;101150;mq;mq;mq;mq;mq;mq;mq;mq;mq;mq;mq;mq;mq;mq;mq;mq;mq;mq;0.000000;0.000000;mq;mq;mq;mq;mq;mq;mq;mq;mq;mq;mq;mq;mq;mq;mq;mq;mq;mq;
81415;20110906060000;101300;mq;mq;0;0.000000;295.550000;294.750000;95;mq;mq;mq;mq;mq;mq;mq;mq;mq;mq;100080;mq;mq;mq;mq;mq;mq;mq;mq;mq;mq;mq;mq;mq;mq;mq;mq;mq;mq;0.000000;0.000000;mq;mq;mq;mq;mq;mq;mq;mq;mq;mq;mq;mq;mq;mq;mq;mq;mq;mq;
89642;20110906060000;99670;170;1;140;12.900000;264.150000;260.350000;71;mq;mq;mq;mq;mq;mq;mq;mq;mq;mq;99120;mq;mq;mq;mq;mq;mq;mq;274.150000;mq;mq;21.100000;28.800000;-60;mq;mq;mq;mq;mq;mq;mq;mq;mq;1021.000000;1129.000000;mq;mq;mq;mq;mq;mq;mq;mq;mq;mq;mq;mq;mq;mq;
07005;20110906090000;101570;-150;6;210;9.300000;289.650000;285.250000;75;30000;2;1;1;100;7;800;31;61;60;100690;mq;mq;mq;mq;mq;mq;mq;mq;mq;mq;mq;14.900000;-10;mq;mq;0.000000;-30;0.000000;0.000000;mq;mq;mq;710.000000;1115.000000;3100.000000;mq;7;8;600;mq;mq;mq;mq;mq;mq;mq;mq;mq;
07015;20110906090000;101520;-160;8;210;10.300000;289.350000;285.350000;77;20000;2;1;1;90;6;800;38;20;12;100960;mq;mq;mq;mq;mq;mq;mq;mq;mq;mq;15.900000;15.900000;-10;mq;mq;0.000000;-30;0.000000;0.000000;mq;mq;mq;1016.000000;710.000000;1116.000000;3100.000000;3;8;600;5;6;1500;7;0;6000;mq;mq;mq;
07020;20110906090000;101420;0;5;220;15.900000;290.550000;287.850000;84;mq;mq;mq;mq;mq;mq;mq;mq;mq;mq;101160;mq;mq;mq;mq;mq;mq;mq;mq;mq;mq;21.600000;21.600000;-10;mq;mq;mq;mq;0.000000;0.000000;mq;mq;mq;1022.000000;710.000000;1122.000000;mq;mq;mq;mq;mq;mq;mq;mq;mq;mq;mq;mq;mq;
07027;20110906090000;101630;-90;6;200;10.300000;290.650000;285.950000;74;30000;2;1;1;90;6;800;38;27;60;100840;mq;mq;mq;mq;mq;mq;mq;mq;mq;mq;17.000000;17.000000;-10;mq;mq;0.000000;-30;0.000000;0.000000;mq;mq;mq;1017.000000;710.000000;1117.000000;3100.000000;5;8;840;4;6;990;7;3;3300;mq;mq;mq;
07037;20110906090000;101750;-110;6;210;8.700000;289.850000;286.350000;80;15000;2;1;1;100;8;800;35;61;60;99960;mq;mq;mq;mq;mq;mq;mq;mq;mq;mq;mq;13.900000;-10;mq;mq;0.000000;-30;0.000000;0.000000;mq;mq;mq;710.000000;1114.000000;3100.000000;mq;5;6;630;8;6;810;mq;mq;mq;mq;mq;mq;
07110;20110906090000;101650;-30;5;220;11.800000;289.550000;288.250000;92;8000;60;6;2;100;8;250;37;61;60;100530;mq;mq;mq;mq;mq;mq;mq;mq;mq;mq;18.500000;20.600000;-10;mq;mq;0.000000;-30;0.200000;0.200000;mq;mq;mq;1019.000000;710.000000;1121.000000;3100.000000;7;7;240;mq;mq;mq;mq;mq;mq;mq;mq;mq;
07117;20110906090000;101500;-30;5;240;11.800000;290.950000;286.850000;77;12000;51;6;5;100;8;450;37;22;60;100820;mq;mq;mq;mq;mq;mq;mq;mq;mq;mq;19.500000;22.100000;-10;mq;mq;mq;mq;0.000000;0.000000;mq;mq;mq;1020.000000;710.000000;1122.000000;2447.000000;mq;mq;mq;mq;mq;mq;mq;mq;mq;mq;mq;mq;
07130;20110906090000;101910;-40;6;220;9.300000;291.250000;286.550000;74;30000;0;mq;mq;100;mq;800;mq;mq;mq;101400;mq;mq;mq;mq;mq;mq;mq;mq;mq;mq;mq;16.500000;-10;mq;mq;mq;mq;0.000000;0.000000;mq;mq;mq;710.000000;1116.000000;mq;mq;mq;mq;mq;mq;mq;mq;mq;mq;mq;mq;mq;mq;
07139;20110906090000;101920;-80;6;230;7.700000;290.850000;286.150000;74;25000;2;1;1;90;7;450;35;61;60;100220;mq;mq;mq;mq;mq;mq;mq;mq;mq;mq;mq;14.400000;-10;mq;mq;0.000000;-30;0.000000;0.000000;mq;mq;mq;710.000000;1114.000000;3100.000000;mq;7;6;480;mq;mq;mq;mq;mq;mq;mq;mq;mq;
07149;20110906090000;102050;-70;8;210;5.700000;290.150000;285.850000;76;20000;2;1;1;90;7;450;38;61;60;100980;mq;mq;mq;mq;mq;mq;mq;mq;mq;mq;mq;10.300000;-10;mq;mq;0.000000;-30;0.000000;0.000000;mq;mq;mq;710.000000;1110.000000;3100.000000;mq;3;8;570;6;6;1290;mq;mq;mq;mq;mq;mq;
07168;20110906090000;102280;-70;8;210;6.700000;291.150000;284.450000;65;30000;2;1;1;90;6;800;38;20;11;100880;mq;mq;mq;mq;mq;mq;mq;mq;mq;mq;mq;10.300000;-10;mq;mq;0.000000;-30;0.000000;0.000000;mq;mq;mq;710.000000;1110.000000;3100.000000;mq;3;8;780;4;6;1290;5;0;7800;mq;mq;mq;
07181;20110906090000;102310;-10;8;230;7.200000;289.750000;284.050000;69;20000;2;1;1;75;3;800;31;20;11;98290;mq;mq;mq;mq;mq;mq;mq;mq;mq;mq;mq;11.800000;-10;mq;mq;0.000000;-30;0.000000;0.000000;mq;mq;mq;710.000000;1112.000000;3100.000000;mq;3;8;600;5;0;9000;mq;mq;mq;mq;mq;mq;
07190;20110906090000;102350;-50;8;170;4.600000;291.650000;284.450000;63;19000;0;mq;mq;mq;mq;mq;mq;mq;mq;100570;mq;mq;mq;mq;mq;mq;mq;mq;mq;mq;mq;7.200000;-10;mq;mq;mq;mq;0.000000;0.000000;mq;mq;mq;710.000000;1107.000000;mq;mq;mq;mq;mq;mq;mq;mq;mq;mq;mq;mq;mq;mq;
07207;20110906090000;mq;mq;mq;250;10.800000;290.950000;287.650000;81;12000;2;1;1;90;5;800;38;23;60;mq;mq;mq;mq;mq;mq;mq;mq;mq;mq;mq;17.000000;17.000000;-10;mq;mq;mq;mq;0.000000;0.000000;mq;mq;mq;1017.000000;710.000000;1117.000000;2447.000000;mq;mq;mq;mq;mq;mq;mq;mq;mq;mq;mq;mq;
07222;20110906090000;102170;-10;7;250;8.200000;292.850000;287.650000;72;20000;2;1;1;90;5;800;38;23;11;101860;mq;mq;mq;mq;mq;mq;mq;mq;mq;mq;15.900000;15.900000;-10;mq;mq;mq;mq;0.000000;0.000000;mq;mq;mq;1016.000000;710.000000;1116.000000;mq;3;8;600;3;6;1380;5;0;6900;mq;mq;mq;
07240;20110906090000;102210;-90;8;200;7.200000;291.550000;287.050000;75;40000;0;mq;mq;mq;mq;mq;mq;mq;mq;100890;mq;mq;mq;mq;mq;mq;mq;mq;mq;mq;mq;10.800000;-10;mq;mq;mq;mq;0.000000;0.000000;mq;mq;mq;710.000000;1111.000000;mq;mq;mq;mq;mq;mq;mq;mq;mq;mq;mq;mq;mq;mq;
07255;20110906090000;102430;-20;8;240;6.200000;291.450000;284.750000;65;30000;2;1;1;90;2;800;38;20;11;100470;mq;mq;mq;mq;mq;mq;mq;mq;mq;mq;mq;9.800000;-10;mq;mq;0.000000;-30;0.000000;0.000000;mq;mq;mq;710.000000;1110.000000;3100.000000;mq;1;8;720;7;0;7800;mq;mq;mq;mq;mq;mq;
07280;20110906090000;102460;-10;8;180;4.600000;291.450000;284.050000;62;60000;0;mq;mq;mq;mq;mq;mq;mq;mq;99790;mq;mq;mq;mq;mq;mq;mq;mq;mq;mq;mq;6.700000;-10;mq;mq;mq;mq;0.000000;0.000000;mq;mq;mq;710.000000;1107.000000;mq;mq;mq;mq;mq;mq;mq;mq;mq;mq;mq;mq;mq;mq;
07299;20110906090000;102470;10;3;340;1.500000;291.550000;283.650000;60;30000;2;1;1;25;1;1250;31;23;11;99270;mq;mq;mq;mq;mq;mq;mq;mq;mq;mq;mq;3.600000;-10;mq;mq;0.000000;-30;0.000000;0.000000;mq;mq;mq;710.000000;1104.000000;3100.000000;mq;1;8;990;mq;mq;mq;mq;mq;mq;mq;mq;mq;
07314;20110906090000;102420;-10;5;220;9.300000;292.550000;288.250000;76;25000;2;1;1;75;3;1250;32;26;12;102150;mq;mq;mq;mq;mq;mq;mq;mq;mq;mq;mq;12.900000;-10;mq;mq;mq;mq;0.000000;0.000000;mq;mq;mq;710.000000;1113.000000;2448.000000;mq;3;8;990;mq;mq;mq;mq;mq;mq;mq;mq;mq;
07335;20110906090000;102420;-10;8;190;7.200000;291.150000;286.650000;75;40000;2;1;1;90;7;800;38;61;60;101000;mq;mq;mq;mq;mq;mq;mq;mq;mq;mq;mq;11.300000;-10;mq;mq;mq;mq;0.000000;0.000000;mq;mq;mq;710.000000;1111.000000;mq;mq;4;8;600;4;6;870;mq;mq;mq;mq;mq;mq;
07434;20110906090000;102600;30;3;210;5.700000;288.650000;285.050000;79;19000;0;mq;mq;mq;mq;450;mq;mq;mq;97870;mq;mq;mq;mq;mq;mq;mq;mq;mq;mq;mq;8.200000;-10;mq;mq;mq;mq;0.000000;0.000000;mq;mq;mq;710.000000;1108.000000;mq;mq;mq;mq;mq;mq;mq;mq;mq;mq;mq;mq;mq;mq;
07460;20110906090000;102540;-10;8;170;3.100000;289.650000;282.550000;63;40000;2;1;1;10;0;8000;30;20;11;98710;mq;mq;mq;mq;mq;mq;mq;mq;mq;mq;mq;5.100000;-10;mq;mq;0.000000;-30;0.000000;0.000000;mq;mq;mq;710.000000;1105.000000;3100.000000;mq;1;0;7800;mq;mq;mq;mq;mq;mq;mq;mq;mq;
07471;20110906090000;mq;10;2;140;1.500000;287.350000;281.050000;66;45000;2;1;1;25;0;8000;30;20;11;93000;85000;18430;mq;mq;mq;mq;mq;mq;mq;mq;mq;3.600000;-10;mq;mq;0.000000;-30;0.000000;0.000000;mq;mq;mq;710.000000;1104.000000;3100.000000;mq;2;0;7500;mq;mq;mq;mq;mq;mq;mq;mq;mq;
07481;20110906090000;102570;50;0;310;1.000000;290.450000;283.350000;63;40000;2;1;1;40;0;8000;30;20;12;99740;mq;mq;mq;mq;mq;mq;mq;mq;mq;mq;mq;3.100000;-10;mq;mq;0.000000;-30;0.000000;0.000000;mq;mq;mq;710.000000;1103.000000;3100.000000;mq;3;0;7500;mq;mq;mq;mq;mq;mq;mq;mq;mq;
07510;20110906090000;102630;30;3;210;3.600000;292.850000;287.450000;71;30000;2;1;1;25;2;800;38;20;11;101990;mq;mq;mq;mq;mq;mq;mq;mq;mq;mq;mq;6.700000;-10;mq;mq;0.000000;-30;0.000000;0.000000;mq;mq;mq;710.000000;1107.000000;3100.000000;mq;1;8;780;mq;mq;mq;mq;mq;mq;mq;mq;mq;
07535;20110906090000;102660;50;0;170;1.000000;291.750000;284.050000;61;mq;mq;mq;mq;mq;mq;mq;mq;mq;mq;99600;mq;mq;mq;mq;mq;mq;mq;mq;mq;mq;mq;2.600000;-10;mq;mq;mq;mq;0.000000;0.000000;mq;mq;mq;710.000000;1103.000000;mq;mq;mq;mq;mq;mq;mq;mq;mq;mq;mq;mq;mq;mq;
07558;20110906090000;102550;40;1;210;1.000000;289.050000;282.250000;64;60000;2;1;1;50;0;8000;30;20;12;94330;mq;mq;mq;mq;mq;mq;mq;mq;mq;mq;mq;3.100000;-10;mq;mq;0.000000;-30;0.000000;0.000000;mq;mq;mq;710.000000;1103.000000;3100.000000;mq;4;0;7500;mq;mq;mq;mq;mq;mq;mq;mq;mq;
07577;20110906090000;102440;30;1;30;5.100000;294.150000;282.750000;48;30000;2;1;1;50;0;8000;30;20;11;101570;mq;mq;mq;mq;mq;mq;mq;mq;mq;mq;mq;10.300000;-10;mq;mq;0.000000;-30;0.000000;0.000000;mq;mq;mq;710.000000;1110.000000;3100.000000;mq;4;0;6900;mq;mq;mq;mq;mq;mq;mq;mq;mq;
07591;20110906090000;mq;50;1;70;2.600000;290.050000;274.450000;35;mq;0;mq;mq;mq;mq;mq;mq;mq;mq;92410;mq;mq;mq;mq;mq;mq;mq;mq;mq;mq;mq;6.200000;-10;mq;mq;mq;mq;0.000000;0.000000;mq;mq;mq;710.000000;1106.000000;mq;mq;mq;mq;mq;mq;mq;mq;mq;mq;mq;mq;mq;mq;
07607;20110906090000;102700;40;1;150;2.100000;292.150000;284.950000;63;20000;0;mq;mq;mq;mq;mq;mq;mq;mq;102000;mq;mq;mq;mq;mq;mq;mq;mq;mq;mq;mq;3.600000;-10;mq;mq;mq;mq;0.000000;0.000000;mq;mq;mq;710.000000;1104.000000;mq;mq;mq;mq;mq;mq;mq;mq;mq;mq;mq;mq;mq;mq;
07621;20110906090000;102640;50;1;120;0.500000;291.050000;284.350000;65;35000;2;1;1;75;0;8000;30;20;12;98390;mq;mq;mq;mq;mq;mq;mq;mq;mq;mq;mq;3.100000;-10;mq;mq;0.000000;-30;0.000000;0.000000;mq;mq;mq;710.000000;1103.000000;3100.000000;mq;6;0;7200;mq;mq;mq;mq;mq;mq;mq;mq;mq;
07627;20110906090000;102610;20;3;120;1.500000;291.650000;285.450000;67;25000;2;1;1;25;0;8000;30;20;11;97840;mq;mq;mq;mq;mq;mq;mq;mq;mq;mq;mq;4.100000;-10;mq;mq;0.000000;-30;0.000000;0.000000;mq;mq;mq;710.000000;1104.000000;3100.000000;mq;2;0;7500;mq;mq;mq;mq;mq;mq;mq;mq;mq;
07630;20110906090000;102690;20;1;40;1.000000;292.050000;283.350000;57;40000;2;1;1;75;0;8000;30;20;12;100920;mq;mq;mq;mq;mq;mq;mq;mq;mq;mq;mq;2.100000;-10;mq;mq;0.000000;-30;0.000000;0.000000;mq;mq;mq;710.000000;1102.000000;3100.000000;mq;6;0;7800;mq;mq;mq;mq;mq;mq;mq;mq;mq;
07643;20110906090000;102460;20;0;250;2.100000;295.550000;280.950000;39;50000;2;1;1;50;0;8000;30;20;11;102370;mq;mq;mq;mq;mq;mq;mq;mq;mq;mq;mq;3.600000;-10;mq;mq;mq;mq;0.000000;0.000000;mq;mq;mq;710.000000;1104.000000;mq;mq;4;0;7800;mq;mq;mq;mq;mq;mq;mq;mq;mq;
07650;20110906090000;102290;70;1;330;6.200000;295.550000;282.050000;42;60000;2;1;1;10;0;8000;30;20;11;101910;mq;mq;mq;mq;mq;mq;mq;mq;mq;mq;mq;10.800000;-10;mq;mq;0.000000;-30;0.000000;0.000000;mq;mq;mq;710.000000;1111.000000;3100.000000;mq;1;0;7500;mq;mq;mq;mq;mq;mq;mq;mq;mq;
07661;20110906090000;102160;150;1;350;2.100000;295.850000;281.550000;40;35000;2;1;1;10;1;2250;30;27;10;100600;mq;mq;mq;mq;mq;mq;mq;mq;mq;mq;mq;4.600000;-10;mq;mq;mq;mq;0.000000;0.000000;mq;mq;mq;710.000000;1105.000000;mq;mq;1;4;2100;mq;mq;mq;mq;mq;mq;mq;mq;mq;
07690;20110906090000;102120;110;1;240;3.100000;298.550000;288.550000;54;50000;2;1;1;10;1;800;38;20;11;101800;mq;mq;mq;mq;mq;mq;mq;mq;mq;mq;mq;5.700000;-10;mq;mq;0.000000;-30;0.000000;0.000000;mq;mq;mq;710.000000;1106.000000;3100.000000;mq;1;6;780;mq;mq;mq;mq;mq;mq;mq;mq;mq;
07747;20110906090000;102550;10;0;300;4.600000;296.050000;283.450000;45;40000;2;1;1;60;0;8000;30;20;11;102030;mq;mq;mq;mq;mq;mq;mq;mq;mq;mq;mq;8.700000;-10;mq;mq;mq;mq;0.000000;0.000000;mq;mq;mq;710.000000;1109.000000;mq;mq;5;0;7500;mq;mq;mq;mq;mq;mq;mq;mq;mq;
07761;20110906090000;102130;30;3;250;3.100000;297.650000;288.550000;57;30000;2;1;1;10;1;800;31;20;10;102030;mq;mq;mq;mq;mq;mq;mq;mq;mq;mq;mq;4.100000;-10;mq;mq;0.000000;-30;0.000000;0.000000;mq;mq;mq;710.000000;1104.000000;3100.000000;mq;1;8;900;mq;mq;mq;mq;mq;mq;mq;mq;mq;
07790;20110906090000;102050;110;3;110;4.600000;299.150000;290.750000;60;20000;2;1;1;40;3;800;32;20;10;101910;mq;mq;mq;mq;mq;mq;mq;mq;mq;mq;mq;7.200000;-10;mq;mq;0.000000;-30;0.000000;0.000000;mq;mq;mq;710.000000;1107.000000;3100.000000;mq;3;8;900;mq;mq;mq;mq;mq;mq;mq;mq;mq;
61968;20110906090000;101660;mq;mq;190;1.000000;300.850000;292.650000;61;mq;mq;mq;mq;mq;mq;mq;mq;mq;mq;mq;mq;mq;120;mq;mq;mq;mq;mq;mq;mq;mq;2.600000;-10;mq;mq;mq;mq;0.000000;0.000000;mq;mq;mq;710.000000;1103.000000;mq;mq;mq;mq;mq;mq;mq;mq;mq;mq;mq;mq;mq;mq;
61970;20110906090000;101840;mq;mq;mq;mq;301.250000;295.050000;69;mq;mq;mq;mq;mq;mq;mq;mq;mq;mq;mq;mq;mq;180;mq;mq;mq;mq;mq;mq;mq;mq;mq;mq;mq;mq;mq;mq;0.000000;0.000000;mq;mq;mq;mq;mq;mq;mq;mq;mq;mq;mq;mq;mq;mq;mq;mq;mq;mq;mq;
61972;20110906090000;102280;mq;mq;150;4.100000;298.950000;289.250000;55;mq;mq;mq;mq;mq;mq;mq;mq;mq;mq;mq;mq;mq;180;mq;mq;mq;mq;mq;mq;mq;mq;7.700000;-10;mq;mq;mq;mq;0.000000;0.000000;mq;mq;mq;710.000000;1108.000000;mq;mq;mq;mq;mq;mq;mq;mq;mq;mq;mq;mq;mq;mq;
61976;20110906090000;101720;mq;mq;150;7.200000;300.350000;294.650000;71;mq;mq;mq;mq;mq;mq;mq;mq;mq;mq;101570;mq;mq;150;mq;mq;mq;mq;mq;mq;mq;mq;mq;mq;mq;mq;mq;mq;mq;0.000000;mq;mq;mq;mq;mq;mq;mq;mq;mq;mq;mq;mq;mq;mq;mq;mq;mq;mq;mq;
61980;20110906090000;101920;mq;mq;330;3.100000;298.450000;291.850000;67;12000;2;1;1;60;5;800;38;20;10;mq;mq;mq;140;mq;mq;mq;mq;mq;mq;mq;mq;5.100000;-10;mq;mq;mq;mq;0.000000;0.000000;mq;mq;mq;710.000000;1105.000000;2437.000000;mq;3;8;750;3;6;1200;mq;mq;mq;mq;mq;mq;
61996;20110906090000;mq;mq;mq;290;4.600000;284.650000;mq;mq;mq;mq;mq;mq;mq;mq;mq;mq;mq;mq;mq;mq;mq;mq;mq;mq;mq;mq;mq;mq;mq;mq;6.200000;-10;mq;mq;mq;mq;4.000000;7.000000;mq;mq;mq;710.000000;1106.000000;mq;mq;mq;mq;mq;mq;mq;mq;mq;mq;mq;mq;mq;mq;
61997;20110906090000;98110;mq;mq;260;7.700000;273.150000;265.150000;55;mq;mq;mq;mq;mq;mq;mq;mq;mq;mq;mq;mq;mq;270;mq;mq;mq;mq;mq;mq;mq;mq;15.400000;-30;mq;mq;mq;mq;mq;0.000000;mq;mq;mq;1115.000000;mq;mq;mq;mq;mq;mq;mq;mq;mq;mq;mq;mq;mq;mq;mq;
61998;20110906090000;98270;mq;mq;360;14.400000;276.050000;272.450000;77;20000;2;1;1;90;2;1250;35;20;16;mq;mq;mq;1650;mq;mq;mq;mq;mq;mq;mq;mq;19.500000;-10;mq;mq;mq;mq;0.000000;0.000000;mq;mq;mq;710.000000;1120.000000;mq;mq;1;6;990;7;2;6000;mq;mq;mq;mq;mq;mq;
67005;20110906090000;101700;mq;mq;190;3.600000;301.850000;294.650000;65;25000;2;1;1;40;3;800;32;20;10;mq;mq;mq;160;mq;mq;mq;mq;mq;mq;mq;mq;5.100000;-10;mq;mq;mq;mq;0.000000;0.000000;mq;mq;mq;710.000000;1105.000000;mq;mq;3;8;660;mq;mq;mq;mq;mq;mq;mq;mq;mq;
71805;20110906090000;101370;20;3;260;6.200000;291.250000;291.050000;99;700;46;4;2;100;8;80;37;61;60;101290;mq;mq;mq;mq;mq;mq;mq;mq;mq;mq;mq;10.800000;-10;mq;mq;0.000000;-30;0.000000;0.000000;mq;mq;mq;710.000000;1111.000000;3100.000000;mq;8;7;30;mq;mq;mq;mq;mq;mq;mq;mq;mq;
78897;20110906090000;101380;30;3;0;0.000000;296.750000;295.550000;93;15000;2;1;1;10;1;800;32;20;10;mq;mq;mq;90;mq;mq;mq;mq;mq;mq;mq;mq;mq;mq;mq;mq;mq;mq;mq;mq;mq;mq;mq;mq;mq;mq;mq;1;8;600;mq;mq;mq;mq;mq;mq;mq;mq;mq;
78922;20110906090000;101310;-20;5;80;4.600000;300.950000;295.250000;71;mq;mq;mq;mq;mq;mq;mq;mq;mq;mq;100870;mq;mq;mq;mq;mq;mq;mq;mq;mq;mq;mq;mq;mq;mq;mq;mq;mq;mq;mq;mq;mq;mq;mq;mq;mq;mq;mq;mq;mq;mq;mq;mq;mq;mq;mq;mq;mq;mq;
78925;20110906090000;101320;-30;5;90;0.500000;296.550000;296.250000;98;27000;0;mq;mq;mq;mq;mq;mq;mq;mq;mq;mq;mq;20;mq;mq;mq;mq;mq;mq;mq;mq;mq;mq;mq;mq;mq;mq;mq;mq;mq;mq;mq;mq;mq;mq;mq;mq;mq;mq;mq;mq;mq;mq;mq;mq;mq;mq;mq;
81401;20110906090000;101260;mq;mq;160;1.000000;295.850000;295.050000;95;mq;mq;mq;mq;mq;mq;mq;mq;mq;mq;101200;mq;mq;mq;mq;mq;mq;mq;mq;mq;mq;mq;mq;mq;mq;mq;mq;mq;mq;0.000000;mq;mq;mq;mq;mq;mq;mq;mq;mq;mq;mq;mq;mq;mq;mq;mq;mq;mq;mq;
81405;20110906090000;101300;mq;mq;0;0.000000;295.350000;295.150000;99;27000;0;mq;mq;101;mq;mq;62;61;60;101210;mq;mq;mq;mq;mq;mq;mq;mq;mq;mq;mq;mq;mq;mq;mq;mq;mq;mq;0.000000;mq;mq;mq;mq;mq;mq;mq;mq;mq;mq;mq;mq;mq;mq;mq;mq;mq;mq;mq;
81408;20110906090000;101280;mq;mq;0;0.000000;294.850000;294.550000;98;mq;mq;mq;mq;mq;mq;mq;mq;mq;mq;101200;mq;mq;mq;mq;mq;mq;mq;mq;mq;mq;mq;mq;mq;mq;mq;mq;mq;mq;0.000000;mq;mq;mq;mq;mq;mq;mq;mq;mq;mq;mq;mq;mq;mq;mq;mq;mq;mq;mq;
81415;20110906090000;101330;mq;mq;0;0.000000;294.950000;294.650000;98;mq;mq;mq;mq;mq;mq;mq;mq;mq;mq;100110;mq;mq;mq;mq;mq;mq;mq;mq;mq;mq;mq;mq;mq;mq;mq;mq;mq;mq;0.000000;mq;mq;mq;mq;mq;mq;mq;mq;mq;mq;mq;mq;mq;mq;mq;mq;mq;mq;mq;
89642;20110906090000;99870;200;1;150;12.300000;264.350000;259.550000;65;40000;2;1;1;90;7;1250;35;61;60;99320;mq;mq;mq;mq;mq;mq;mq;mq;mq;mq;mq;19.500000;-30;mq;mq;mq;mq;mq;mq;mq;mq;mq;1120.000000;mq;mq;mq;7;6;1290;mq;mq;mq;mq;mq;mq;mq;mq;mq;
07005;20110906120000;101450;-110;7;210;8.700000;291.250000;286.150000;72;20000;60;6;2;100;5;800;35;27;60;100580;mq;mq;mq;mq;mq;mq;mq;mq;mq;mq;mq;13.400000;-10;mq;mq;0.000000;-60;0.000000;0.000000;0.000000;mq;mq;710.000000;1113.000000;3100.000000;mq;5;6;600;8;3;3000;mq;mq;mq;mq;mq;mq;
07015;20110906120000;101370;-140;7;210;9.300000;290.950000;285.450000;70;20000;60;6;2;100;5;800;31;27;60;100820;mq;mq;mq;mq;mq;mq;mq;mq;mq;mq;14.400000;15.900000;-10;mq;mq;0.000000;-60;0.000000;0.000000;0.000000;mq;mq;1014.000000;710.000000;1116.000000;3100.000000;5;8;930;8;3;3000;mq;mq;mq;mq;mq;mq;
07020;20110906120000;101200;-220;8;220;18.000000;289.950000;288.250000;90;2000;61;6;6;100;8;800;37;61;60;100940;mq;mq;mq;mq;mq;mq;mq;mq;mq;mq;26.800000;26.800000;-10;mq;mq;mq;mq;1.000000;4.000000;4.000000;mq;mq;1027.000000;710.000000;1127.000000;mq;8;6;780;mq;mq;mq;mq;mq;mq;mq;mq;mq;
07027;20110906120000;101510;-120;8;200;12.300000;291.950000;287.250000;74;30000;21;6;2;100;4;1250;38;27;60;100720;mq;mq;mq;mq;mq;mq;mq;mq;mq;mq;18.500000;18.500000;-10;mq;mq;0.000000;-60;0.000000;0.000000;0.000000;mq;mq;1019.000000;710.000000;1119.000000;3100.000000;2;8;990;3;6;1500;7;3;3000;mq;mq;mq;
07037;20110906120000;101650;-90;7;220;11.300000;291.450000;285.650000;69;15000;2;1;1;100;8;1250;35;61;60;99870;mq;mq;mq;mq;mq;mq;mq;mq;mq;mq;mq;15.900000;-10;mq;mq;0.000000;-60;0.000000;0.000000;0.000000;mq;mq;710.000000;1116.000000;3100.000000;mq;5;6;1080;8;6;1290;mq;mq;mq;mq;mq;mq;
07110;20110906120000;101550;-100;8;220;11.800000;290.250000;288.250000;88;15000;2;6;2;100;8;250;37;61;60;100430;mq;mq;mq;mq;mq;mq;mq;mq;mq;mq;17.000000;18.000000;-10;mq;mq;0.000000;-60;0.000000;0.200000;0.400000;mq;mq;1017.000000;710.000000;1118.000000;3100.000000;7;7;270;mq;mq;mq;mq;mq;mq;mq;mq;mq;
07117;20110906120000;101430;-80;7;230;10.300000;289.550000;288.250000;92;3000;63;6;5;100;8;450;37;22;60;100740;mq;mq;mq;mq;mq;mq;mq;mq;mq;mq;18.000000;19.000000;-10;mq;mq;mq;mq;2.000000;2.000000;2.000000;mq;mq;1018.000000;710.000000;1119.000000;2445.000000;mq;mq;mq;mq;mq;mq;mq;mq;mq;mq;mq;mq;
07130;20110906120000;101840;-70;8;220;9.800000;292.550000;287.150000;71;29000;0;mq;mq;100;mq;800;mq;mq;mq;101330;mq;mq;mq;mq;mq;mq;mq;mq;mq;mq;16.500000;16.500000;-10;mq;mq;mq;mq;0.000000;0.000000;0.000000;mq;mq;1016.000000;710.000000;1116.000000;mq;mq;mq;mq;mq;mq;mq;mq;mq;mq;mq;mq;mq;
07139;20110906120000;101820;-90;8;240;9.800000;292.350000;285.350000;64;25000;2;1;1;90;7;800;32;22;60;100130;mq;mq;mq;mq;mq;mq;mq;mq;mq;mq;mq;15.900000;-10;mq;mq;0.000000;-60;0.000000;0.000000;0.000000;mq;mq;710.000000;1116.000000;3100.000000;mq;3;8;900;7;4;2700;mq;mq;mq;mq;mq;mq;
07149;20110906120000;101900;-140;8;230;8.700000;293.350000;285.350000;60;20000;2;1;1;90;4;1250;31;20;11;100840;mq;mq;mq;mq;mq;mq;mq;mq;mq;mq;13.900000;15.900000;-10;mq;mq;0.000000;-60;0.000000;0.000000;0.000000;mq;mq;1014.000000;710.000000;1116.000000;3100.000000;4;8;1020;6;0;6900;mq;mq;mq;mq;mq;mq;
07168;20110906120000;102140;-130;6;220;8.700000;292.850000;283.550000;55;30000;2;1;1;90;7;1250;35;61;60;100750;mq;mq;mq;mq;mq;mq;mq;mq;mq;mq;mq;14.400000;-10;mq;mq;0.000000;-60;0.000000;0.000000;0.000000;mq;mq;710.000000;1114.000000;3100.000000;mq;7;6;1230;mq;mq;mq;mq;mq;mq;mq;mq;mq;
07181;20110906120000;102100;-160;6;230;8.700000;292.550000;283.550000;56;20000;2;1;1;75;3;1250;31;20;11;98130;mq;mq;mq;mq;mq;mq;mq;mq;mq;mq;mq;12.900000;-10;mq;mq;0.000000;-60;0.000000;0.000000;0.000000;mq;mq;710.000000;1113.000000;3100.000000;mq;3;8;1200;6;0;9000;mq;mq;mq;mq;mq;mq;
07190;20110906120000;102110;-220;6;200;5.100000;295.250000;283.450000;47;9000;0;mq;mq;mq;mq;mq;mq;mq;mq;100350;mq;mq;mq;mq;mq;mq;mq;mq;mq;mq;mq;10.300000;-10;mq;mq;mq;mq;0.000000;0.000000;0.000000;mq;mq;710.000000;1110.000000;mq;mq;mq;mq;mq;mq;mq;mq;mq;mq;mq;mq;mq;mq;
07207;20110906120000;mq;mq;mq;250;10.800000;291.550000;288.650000;83;10000;2;1;1;90;5;1250;35;23;10;mq;mq;mq;mq;mq;mq;mq;mq;mq;mq;mq;mq;17.500000;-10;mq;mq;mq;mq;0.000000;0.000000;0.000000;mq;mq;710.000000;1117.000000;2447.000000;mq;mq;mq;mq;mq;mq;mq;mq;mq;mq;mq;mq;mq;
07222;20110906120000;102150;-20;8;240;8.200000;293.250000;287.650000;70;20000;2;1;1;90;5;800;38;20;11;101840;mq;mq;mq;mq;mq;mq;mq;mq;mq;mq;13.900000;15.900000;-10;mq;mq;mq;mq;0.000000;0.000000;0.000000;mq;mq;1014.000000;710.000000;1116.000000;mq;4;8;810;3;6;1290;6;0;7500;mq;mq;mq;
07240;20110906120000;102100;-100;8;220;7.200000;294.650000;286.550000;60;55000;0;mq;mq;mq;mq;1250;mq;mq;mq;100790;mq;mq;mq;mq;mq;mq;mq;mq;mq;mq;mq;12.900000;-10;mq;mq;mq;mq;0.000000;0.000000;0.000000;mq;mq;710.000000;1113.000000;mq;mq;mq;mq;mq;mq;mq;mq;mq;mq;mq;mq;mq;mq;
07255;20110906120000;102300;-110;5;250;6.700000;293.550000;284.750000;57;35000;2;1;1;90;6;1250;31;20;11;100360;mq;mq;mq;mq;mq;mq;mq;mq;mq;mq;mq;12.900000;-10;mq;mq;0.000000;-60;0.000000;0.000000;0.000000;mq;mq;710.000000;1113.000000;3100.000000;mq;6;8;1020;3;0;7800;mq;mq;mq;mq;mq;mq;
07280;20110906120000;102230;-200;8;190;6.200000;294.150000;283.650000;51;55000;0;mq;mq;mq;mq;1250;mq;mq;mq;99590;mq;mq;mq;mq;mq;mq;mq;mq;mq;mq;mq;10.300000;-10;mq;mq;mq;mq;0.000000;0.000000;0.000000;mq;mq;710.000000;1110.000000;mq;mq;mq;mq;mq;mq;mq;mq;mq;mq;mq;mq;mq;mq;
07299;20110906120000;102190;-240;8;280;3.100000;294.750000;281.650000;43;40000;2;1;1;75;1;1250;31;20;16;99030;mq;mq;mq;mq;mq;mq;mq;mq;mq;mq;mq;8.700000;-10;mq;mq;0.000000;-60;0.000000;0.000000;0.000000;mq;mq;710.000000;1109.000000;3100.000000;mq;1;8;1200;6;0;7800;mq;mq;mq;mq;mq;mq;
07314;20110906120000;102420;0;0;230;9.300000;293.550000;288.950000;75;20000;2;1;1;90;4;1250;38;26;60;102150;mq;mq;mq;mq;mq;mq;mq;mq;mq;mq;mq;11.800000;-10;mq;mq;mq;mq;0.000000;0.000000;0.000000;mq;mq;710.000000;1112.000000;2448.000000;mq;3;8;990;3;3;2400;mq;mq;mq;mq;mq;mq;
07335;20110906120000;102310;-90;6;230;9.800000;294.750000;286.350000;59;40000;2;1;1;90;6;1250;38;20;11;100910;mq;mq;mq;mq;mq;mq;mq;mq;mq;mq;mq;15.400000;-10;mq;mq;mq;mq;0.000000;0.000000;0.000000;mq;mq;710.000000;1115.000000;mq;mq;5;8;1080;4;0;7800;mq;mq;mq;mq;mq;mq;
07434;20110906120000;102430;mq;8;210;5.700000;290.950000;283.850000;63;40000;2;1;1;75;3;800;34;23;12;97740;mq;mq;mq;mq;mq;mq;mq;mq;mq;mq;mq;9.300000;-10;mq;mq;0.000000;-60;0.000000;0.000000;0.000000;mq;mq;710.000000;1109.000000;3100.000000;mq;3;6;780;5;0;7800;mq;mq;mq;mq;mq;mq;
07460;20110906120000;102300;-170;8;110;3.100000;294.950000;282.450000;45;40000;2;1;1;40;0;8000;30;20;12;98540;mq;mq;mq;mq;mq;mq;mq;mq;mq;mq;mq;6.200000;-10;mq;mq;0.000000;-60;0.000000;0.000000;0.000000;mq;mq;710.000000;1106.000000;3100.000000;mq;3;0;7800;mq;mq;mq;mq;mq;mq;mq;mq;mq;
07471;20110906120000;mq;-130;6;270;2.600000;293.850000;275.150000;29;45000;2;1;1;10;0;8000;30;20;11;92870;85000;18310;mq;mq;mq;mq;mq;mq;mq;mq;mq;5.700000;-10;mq;mq;0.000000;-60;0.000000;0.000000;0.000000;mq;mq;710.000000;1106.000000;3100.000000;mq;1;0;7500;mq;mq;mq;mq;mq;mq;mq;mq;mq;
07481;20110906120000;102360;-170;6;330;1.500000;294.850000;281.750000;43;40000;2;1;1;25;0;8000;30;20;12;99570;mq;mq;mq;mq;mq;mq;mq;mq;mq;mq;mq;4.600000;-10;mq;mq;0.000000;-60;0.000000;0.000000;0.000000;mq;mq;710.000000;1105.000000;3100.000000;mq;2;0;7500;mq;mq;mq;mq;mq;mq;mq;mq;mq;
07510;20110906120000;102510;-110;7;250;3.600000;296.150000;285.450000;51;20000;2;1;1;60;3;1250;31;20;12;101880;mq;mq;mq;mq;mq;mq;mq;mq;mq;mq;mq;7.200000;-10;mq;mq;0.000000;-60;0.000000;0.000000;0.000000;mq;mq;710.000000;1107.000000;3100.000000;mq;3;8;1080;4;0;7800;mq;mq;mq;mq;mq;mq;
07535;20110906120000;102550;-80;7;330;2.100000;294.750000;282.950000;47;30000;2;1;1;25;0;8000;30;20;12;99520;mq;mq;mq;mq;mq;mq;mq;mq;mq;mq;mq;mq;mq;mq;mq;0.000000;-60;0.000000;0.000000;0.000000;mq;mq;3100.000000;mq;mq;mq;2;0;7500;mq;mq;mq;mq;mq;mq;mq;mq;mq;
07558;20110906120000;102310;-90;6;330;3.100000;294.050000;281.350000;44;60000;2;1;1;10;0;8000;30;20;11;94240;mq;mq;mq;mq;mq;mq;mq;mq;mq;mq;mq;7.700000;-10;mq;mq;0.000000;-60;0.000000;0.000000;0.000000;mq;mq;710.000000;1108.000000;3100.000000;mq;1;0;7500;mq;mq;mq;mq;mq;mq;mq;mq;mq;
07577;20110906120000;102270;-160;6;30;5.700000;297.250000;280.850000;35;30000;2;1;1;25;0;8000;30;20;11;101410;mq;mq;mq;mq;mq;mq;mq;mq;mq;mq;mq;10.800000;-10;mq;mq;0.000000;-60;0.000000;0.000000;0.000000;mq;mq;710.000000;1111.000000;3100.000000;mq;2;0;6900;mq;mq;mq;mq;mq;mq;mq;mq;mq;
07591;20110906120000;mq;-160;6;180;3.600000;296.150000;279.050000;33;mq;0;mq;mq;mq;mq;mq;mq;mq;mq;92250;mq;mq;mq;mq;mq;mq;mq;mq;mq;mq;mq;6.700000;-10;mq;mq;mq;mq;0.000000;0.000000;0.000000;mq;mq;710.000000;1107.000000;mq;mq;mq;mq;mq;mq;mq;mq;mq;mq;mq;mq;mq;mq;
07607;20110906120000;102560;-130;6;40;1.000000;296.850000;284.250000;45;45000;0;mq;mq;mq;mq;mq;mq;mq;mq;101870;mq;mq;mq;mq;mq;mq;mq;mq;mq;mq;mq;4.100000;-10;mq;mq;mq;mq;0.000000;0.000000;0.000000;mq;mq;710.000000;1104.000000;mq;mq;mq;mq;mq;mq;mq;mq;mq;mq;mq;mq;mq;mq;
07621;20110906120000;102490;-90;6;230;1.500000;294.950000;284.350000;51;35000;2;1;1;50;0;8000;30;20;12;98300;mq;mq;mq;mq;mq;mq;mq;mq;mq;mq;mq;3.100000;-10;mq;mq;0.000000;-60;0.000000;0.000000;0.000000;mq;mq;710.000000;1103.000000;3100.000000;mq;4;0;7200;mq;mq;mq;mq;mq;mq;mq;mq;mq;
07627;20110906120000;102420;-120;6;320;1.500000;295.650000;284.750000;50;50000;2;1;1;10;0;8000;30;20;11;97720;mq;mq;mq;mq;mq;mq;mq;mq;mq;mq;mq;3.600000;-10;mq;mq;0.000000;-60;0.000000;0.000000;0.000000;mq;mq;710.000000;1104.000000;3100.000000;mq;1;0;7800;mq;mq;mq;mq;mq;mq;mq;mq;mq;
07630;20110906120000;102530;-140;7;280;1.000000;296.050000;282.850000;43;40000;2;1;1;10;0;8000;30;20;12;100780;mq;mq;mq;mq;mq;mq;mq;mq;mq;mq;mq;5.700000;-10;mq;mq;0.000000;-60;0.000000;0.000000;0.000000;mq;mq;710.000000;1106.000000;3100.000000;mq;1;0;7800;mq;mq;mq;mq;mq;mq;mq;mq;mq;
07643;20110906120000;102290;-170;8;170;3.100000;298.150000;283.250000;39;60000;0;mq;mq;mq;mq;mq;mq;mq;mq;102200;mq;mq;mq;mq;mq;mq;mq;mq;mq;mq;mq;5.100000;-10;mq;mq;mq;mq;0.000000;0.000000;0.000000;mq;mq;710.000000;1105.000000;mq;mq;mq;mq;mq;mq;mq;mq;mq;mq;mq;mq;mq;mq;
07650;20110906120000;102220;-60;8;280;6.700000;299.250000;283.050000;36;75000;2;1;1;40;0;8000;30;20;12;101850;mq;mq;mq;mq;mq;mq;mq;mq;mq;mq;mq;9.300000;-10;mq;mq;0.000000;-60;0.000000;0.000000;0.000000;mq;mq;710.000000;1109.000000;3100.000000;mq;3;0;6900;mq;mq;mq;mq;mq;mq;mq;mq;mq;
07661;20110906120000;102110;-40;8;330;6.200000;298.150000;283.650000;40;mq;mq;mq;mq;mq;mq;mq;mq;mq;mq;100560;mq;mq;mq;mq;mq;mq;mq;mq;mq;mq;mq;9.300000;-10;mq;mq;mq;mq;0.000000;0.000000;0.000000;mq;mq;710.000000;1109.000000;mq;mq;mq;mq;mq;mq;mq;mq;mq;mq;mq;mq;mq;mq;
07690;20110906120000;102110;-10;7;160;4.100000;298.750000;291.650000;65;50000;2;1;1;10;1;1250;38;20;10;101790;mq;mq;mq;mq;mq;mq;mq;mq;mq;mq;mq;6.700000;-10;mq;mq;0.000000;-60;0.000000;0.000000;0.000000;mq;mq;710.000000;1107.000000;3100.000000;mq;1;8;1050;mq;mq;mq;mq;mq;mq;mq;mq;mq;
07747;20110906120000;102340;-200;8;280;1.000000;300.250000;280.150000;28;40000;2;1;1;60;1;2250;31;20;11;101830;mq;mq;mq;mq;mq;mq;mq;mq;mq;mq;mq;5.100000;-10;mq;mq;mq;mq;0.000000;0.000000;0.000000;mq;mq;710.000000;1105.000000;mq;mq;1;8;1800;5;0;7500;mq;mq;mq;mq;mq;mq;
07761;20110906120000;102090;-40;8;220;5.100000;299.150000;288.550000;52;30000;2;1;1;10;1;800;32;20;10;101990;mq;mq;mq;mq;mq;mq;mq;mq;mq;mq;mq;6.200000;-10;mq;mq;0.000000;-60;0.000000;0.000000;0.000000;mq;mq;710.000000;1106.000000;3100.000000;mq;1;8;900;mq;mq;mq;mq;mq;mq;mq;mq;mq;
07790;20110906120000;102030;-20;8;50;4.600000;300.150000;291.450000;59;25000;2;1;1;25;2;800;38;20;10;101890;mq;mq;mq;mq;mq;mq;mq;mq;mq;mq;mq;7.700000;-10;mq;mq;0.000000;-60;0.000000;0.000000;0.000000;mq;mq;710.000000;1108.000000;3100.000000;mq;2;8;900;mq;mq;mq;mq;mq;mq;mq;mq;mq;
61970;20110906120000;101670;mq;mq;mq;mq;300.850000;294.450000;68;mq;mq;mq;mq;mq;mq;mq;mq;mq;mq;mq;mq;mq;120;mq;mq;mq;mq;mq;mq;mq;mq;mq;mq;mq;mq;mq;mq;0.000000;mq;0.000000;mq;mq;mq;mq;mq;mq;mq;mq;mq;mq;mq;mq;mq;mq;mq;mq;mq;mq;
61972;20110906120000;102110;mq;mq;170;3.100000;298.750000;289.350000;56;mq;mq;mq;mq;mq;mq;mq;mq;mq;mq;mq;mq;mq;180;mq;mq;mq;mq;mq;mq;mq;mq;7.700000;-10;mq;mq;mq;mq;0.000000;mq;0.000000;mq;mq;710.000000;1108.000000;mq;mq;mq;mq;mq;mq;mq;mq;mq;mq;mq;mq;mq;mq;
61976;20110906120000;101620;mq;mq;150;8.200000;299.450000;294.650000;75;mq;mq;mq;mq;mq;mq;mq;mq;mq;mq;101470;mq;mq;130;mq;mq;mq;mq;mq;mq;mq;mq;mq;mq;mq;mq;mq;mq;mq;mq;mq;mq;mq;mq;mq;mq;mq;mq;mq;mq;mq;mq;mq;mq;mq;mq;mq;mq;mq;
61980;20110906120000;101800;mq;mq;360;2.100000;297.750000;291.650000;69;12000;2;1;1;50;4;800;38;20;10;mq;mq;mq;130;mq;mq;mq;mq;mq;mq;mq;mq;3.600000;-10;mq;mq;mq;mq;0.000000;mq;0.000000;mq;mq;710.000000;1104.000000;2437.000000;mq;3;8;750;mq;mq;mq;mq;mq;mq;mq;mq;mq;
61996;20110906120000;mq;mq;mq;330;1.000000;284.350000;mq;mq;mq;mq;mq;mq;mq;mq;mq;mq;mq;mq;mq;mq;mq;mq;mq;mq;mq;mq;mq;mq;mq;mq;2.100000;-10;mq;mq;mq;mq;0.200000;mq;9.000000;mq;mq;710.000000;1102.000000;mq;mq;mq;mq;mq;mq;mq;mq;mq;mq;mq;mq;mq;mq;
61997;20110906120000;98150;mq;mq;250;10.800000;271.450000;266.650000;67;mq;mq;mq;mq;mq;mq;mq;mq;mq;mq;mq;mq;mq;280;mq;mq;mq;mq;mq;mq;mq;mq;17.000000;-60;mq;mq;mq;mq;mq;mq;0.200000;mq;mq;1117.000000;mq;mq;mq;mq;mq;mq;mq;mq;mq;mq;mq;mq;mq;mq;mq;
61998;20110906120000;98070;mq;mq;340;15.400000;274.750000;272.950000;88;15000;23;6;2;75;6;800;32;20;10;mq;mq;mq;370;mq;mq;mq;mq;mq;mq;mq;mq;21.100000;-10;mq;mq;mq;mq;1.000000;mq;3.000000;mq;mq;710.000000;1121.000000;mq;mq;6;8;600;mq;mq;mq;mq;mq;mq;mq;mq;mq;
67005;20110906120000;101510;mq;mq;190;5.100000;301.450000;293.950000;64;25000;2;1;1;40;3;800;32;20;10;mq;mq;mq;120;mq;mq;mq;mq;mq;mq;mq;mq;6.700000;-10;mq;mq;mq;mq;0.000000;mq;0.000000;mq;mq;710.000000;1107.000000;mq;mq;3;8;690;mq;mq;mq;mq;mq;mq;mq;mq;mq;
71805;20110906120000;101480;110;1;240;5.700000;291.550000;291.350000;99;500;45;4;2;101;mq;mq;62;61;60;101400;mq;mq;mq;mq;mq;mq;mq;mq;mq;mq;mq;8.700000;-10;mq;mq;0.000000;-60;0.000000;0.000000;0.000000;mq;mq;710.000000;1109.000000;3100.000000;mq;mq;mq;mq;mq;mq;mq;mq;mq;mq;mq;mq;mq;
78897;20110906120000;101460;80;3;110;3.100000;302.150000;296.150000;70;25000;2;1;1;40;1;800;32;20;12;mq;mq;mq;40;296.350000;mq;mq;304.950000;mq;mq;mq;mq;mq;mq;mq;mq;mq;mq;mq;mq;0.000000;mq;0.000000;mq;mq;mq;mq;1;8;600;3;0;7800;mq;mq;mq;mq;mq;mq;
78922;20110906120000;101430;120;3;90;4.600000;304.150000;295.750000;61;mq;mq;mq;mq;mq;mq;mq;mq;mq;mq;100990;mq;mq;mq;mq;mq;mq;mq;mq;mq;mq;mq;mq;mq;mq;mq;mq;mq;mq;mq;mq;mq;mq;mq;mq;mq;mq;mq;mq;mq;mq;mq;mq;mq;mq;mq;mq;mq;mq;
78925;20110906120000;101450;130;3;40;2.100000;302.650000;297.250000;73;25000;2;1;1;50;3;800;32;20;12;mq;mq;mq;20;296.250000;mq;mq;305.750000;mq;mq;mq;mq;mq;mq;mq;mq;mq;mq;mq;mq;0.000000;mq;mq;mq;mq;mq;mq;3;8;840;4;0;7800;mq;mq;mq;mq;mq;mq;
81401;20110906120000;101360;mq;mq;140;2.600000;301.750000;296.850000;75;mq;mq;mq;mq;mq;mq;mq;mq;mq;mq;101300;mq;mq;mq;295.550000;mq;mq;mq;mq;mq;mq;mq;mq;mq;mq;mq;mq;mq;mq;0.000000;mq;mq;0.000000;mq;mq;mq;mq;mq;mq;mq;mq;mq;mq;mq;mq;mq;mq;mq;mq;
81405;20110906120000;101410;mq;mq;120;2.100000;301.550000;297.950000;81;10000;2;1;1;40;2;450;32;20;11;101320;mq;mq;mq;295.250000;mq;mq;mq;mq;mq;mq;mq;mq;mq;mq;mq;mq;mq;mq;0.000000;mq;mq;8.000000;mq;mq;mq;mq;mq;mq;mq;mq;mq;mq;mq;mq;mq;mq;mq;mq;
81408;20110906120000;101390;mq;mq;100;1.500000;301.650000;296.550000;74;mq;mq;mq;mq;mq;mq;mq;mq;mq;mq;101310;mq;mq;mq;294.750000;mq;mq;mq;mq;mq;mq;mq;mq;mq;mq;mq;mq;mq;mq;0.000000;mq;mq;0.000000;mq;mq;mq;mq;mq;mq;mq;mq;mq;mq;mq;mq;mq;mq;mq;mq;
81415;20110906120000;101450;mq;mq;0;0.000000;300.350000;295.550000;75;mq;mq;mq;mq;mq;mq;mq;mq;mq;mq;100250;mq;mq;mq;294.750000;mq;mq;mq;mq;mq;mq;mq;mq;mq;mq;mq;mq;mq;mq;0.000000;mq;mq;0.000000;mq;mq;mq;mq;mq;mq;mq;mq;mq;mq;mq;mq;mq;mq;mq;mq;
89642;20110906120000;99870;0;0;130;8.200000;264.150000;258.550000;60;40000;2;1;1;90;7;1250;35;61;60;99320;mq;mq;mq;262.850000;mq;264.950000;mq;mq;mq;mq;mq;19.500000;-60;mq;mq;mq;mq;mq;mq;mq;mq;mq;1120.000000;mq;mq;mq;7;6;1290;mq;mq;mq;mq;mq;mq;mq;mq;mq;
07005;20110906150000;101270;-180;6;200;8.700000;290.250000;286.950000;81;15000;21;6;2;100;8;800;38;61;60;100400;mq;mq;mq;mq;mq;mq;mq;mq;mq;mq;13.900000;18.000000;-10;mq;mq;0.000000;-30;0.000000;0.600000;mq;mq;mq;1014.000000;710.000000;1118.000000;3100.000000;2;8;900;7;6;1350;mq;mq;mq;mq;mq;mq;
07015;20110906150000;101210;-160;8;210;9.800000;290.650000;286.550000;77;30000;60;6;2;100;6;800;38;27;60;100660;mq;mq;mq;mq;mq;mq;mq;mq;mq;mq;mq;17.000000;-10;mq;mq;0.000000;-30;0.000000;0.000000;mq;mq;mq;710.000000;1117.000000;3100.000000;mq;1;8;750;6;6;990;8;3;3000;mq;mq;mq;
07020;20110906150000;101130;-70;8;220;14.400000;289.750000;289.250000;97;2000;61;6;6;100;8;800;37;61;60;100870;mq;mq;mq;mq;mq;mq;mq;mq;mq;mq;21.100000;22.100000;-10;mq;mq;mq;mq;5.000000;9.000000;mq;mq;mq;1021.000000;710.000000;1122.000000;mq;8;6;780;mq;mq;mq;mq;mq;mq;mq;mq;mq;
07027;20110906150000;101380;-130;6;200;9.300000;290.650000;288.050000;85;12000;61;6;2;100;7;800;38;61;60;100590;mq;mq;mq;mq;mq;mq;mq;mq;mq;mq;mq;18.000000;-10;mq;mq;0.000000;-30;1.000000;3.000000;mq;mq;mq;710.000000;1118.000000;3100.000000;mq;3;8;960;7;6;1290;mq;mq;mq;mq;mq;mq;
07037;20110906150000;101460;-190;8;210;8.700000;290.750000;287.050000;79;15000;1;6;2;100;8;1250;35;61;60;99680;mq;mq;mq;mq;mq;mq;mq;mq;mq;mq;mq;14.900000;-10;mq;mq;0.000000;-30;0.000000;0.000000;mq;mq;mq;710.000000;1115.000000;3100.000000;mq;6;6;1200;8;6;1800;mq;mq;mq;mq;mq;mq;
07110;20110906150000;101420;-130;8;220;12.300000;289.550000;288.750000;95;2000;61;6;5;100;8;150;37;61;60;100300;mq;mq;mq;mq;mq;mq;mq;mq;mq;mq;19.000000;19.500000;-10;mq;mq;0.000000;-30;1.000000;1.000000;mq;mq;mq;1019.000000;710.000000;1120.000000;3100.000000;7;7;120;mq;mq;mq;mq;mq;mq;mq;mq;mq;
07117;20110906150000;101250;-170;6;230;9.800000;289.750000;288.950000;95;3000;63;6;2;100;8;450;37;22;60;100570;mq;mq;mq;mq;mq;mq;mq;mq;mq;mq;16.500000;16.500000;-10;mq;mq;mq;mq;1.000000;7.000000;mq;mq;mq;1016.000000;710.000000;1116.000000;2445.000000;mq;mq;mq;mq;mq;mq;mq;mq;mq;mq;mq;mq;
07130;20110906150000;101700;-140;8;230;9.300000;292.850000;286.350000;66;45000;0;mq;mq;100;mq;1250;mq;mq;mq;101190;mq;mq;mq;mq;mq;mq;mq;mq;mq;mq;15.900000;17.000000;-10;mq;mq;mq;mq;0.000000;0.000000;mq;mq;mq;1016.000000;710.000000;1117.000000;mq;mq;mq;mq;mq;mq;mq;mq;mq;mq;mq;mq;mq;
07139;20110906150000;101660;-150;8;230;10.300000;292.750000;285.550000;63;25000;2;1;1;100;4;800;35;22;60;99980;mq;mq;mq;mq;mq;mq;mq;mq;mq;mq;17.500000;17.500000;-10;mq;mq;0.000000;-30;0.000000;0.000000;mq;mq;mq;1017.000000;710.000000;1117.000000;3100.000000;4;6;900;7;4;2700;mq;mq;mq;mq;mq;mq;
07149;20110906150000;101680;-210;8;230;9.300000;294.250000;284.850000;55;25000;2;1;1;90;4;1250;32;27;60;100630;mq;mq;mq;mq;mq;mq;mq;mq;mq;mq;14.900000;15.400000;-10;mq;mq;0.000000;-30;0.000000;0.000000;mq;mq;mq;1015.000000;710.000000;1115.000000;3100.000000;4;8;1380;7;3;3300;mq;mq;mq;mq;mq;mq;
07168;20110906150000;101940;-190;8;220;8.200000;294.550000;283.950000;51;30000;2;1;1;90;5;1250;35;23;11;100560;mq;mq;mq;mq;mq;mq;mq;mq;mq;mq;mq;13.900000;-10;mq;mq;0.000000;-30;0.000000;0.000000;mq;mq;mq;710.000000;1114.000000;3100.000000;mq;5;6;1380;7;0;7800;mq;mq;mq;mq;mq;mq;
07190;20110906150000;101910;-190;7;230;5.100000;295.750000;281.850000;41;30000;0;mq;mq;mq;mq;mq;mq;mq;mq;100160;mq;mq;mq;mq;mq;mq;mq;mq;mq;mq;mq;9.300000;-10;mq;mq;mq;mq;0.000000;0.000000;mq;mq;mq;710.000000;1109.000000;mq;mq;mq;mq;mq;mq;mq;mq;mq;mq;mq;mq;mq;mq;
07207;20110906150000;mq;mq;mq;250;11.300000;291.850000;288.950000;83;9000;2;1;1;100;5;1250;35;23;60;mq;mq;mq;mq;mq;mq;mq;mq;mq;mq;mq;18.000000;18.000000;-10;mq;mq;mq;mq;0.000000;0.000000;mq;mq;mq;1018.000000;710.000000;1118.000000;2456.000000;mq;mq;mq;mq;mq;mq;mq;mq;mq;mq;mq;mq;
07222;20110906150000;102050;-100;8;250;9.300000;293.250000;288.250000;73;20000;2;1;1;90;5;800;32;20;11;101740;mq;mq;mq;mq;mq;mq;mq;mq;mq;mq;14.900000;14.900000;-10;mq;mq;mq;mq;0.000000;0.000000;mq;mq;mq;1015.000000;710.000000;1115.000000;mq;5;8;780;5;0;6000;mq;mq;mq;mq;mq;mq;
07240;20110906150000;101950;-140;8;220;8.200000;294.950000;286.050000;57;60000;0;mq;mq;90;mq;1250;mq;mq;mq;100650;mq;mq;mq;mq;mq;mq;mq;mq;mq;mq;mq;14.400000;-10;mq;mq;mq;mq;0.000000;0.000000;mq;mq;mq;710.000000;1114.000000;mq;mq;mq;mq;mq;mq;mq;mq;mq;mq;mq;mq;mq;mq;
07255;20110906150000;102120;-170;8;230;6.200000;295.050000;284.750000;52;35000;2;1;1;90;5;1250;38;20;11;100190;mq;mq;mq;mq;mq;mq;mq;mq;mq;mq;mq;12.900000;-10;mq;mq;0.000000;-30;0.000000;0.000000;mq;mq;mq;710.000000;1113.000000;3100.000000;mq;2;8;1200;4;6;1290;7;0;7800;mq;mq;mq;
07299;20110906150000;102000;-160;6;270;1.500000;296.350000;283.450000;44;40000;2;1;1;90;0;mq;30;20;12;98870;mq;mq;mq;mq;mq;mq;mq;mq;mq;mq;mq;6.700000;-10;mq;mq;0.000000;-30;0.000000;0.000000;mq;mq;mq;710.000000;1107.000000;3100.000000;mq;7;0;7800;mq;mq;mq;mq;mq;mq;mq;mq;mq;
07314;20110906150000;102290;-130;8;220;8.700000;293.350000;289.550000;79;20000;2;1;1;90;4;1250;32;20;11;102020;mq;mq;mq;mq;mq;mq;mq;mq;mq;mq;mq;12.300000;-10;mq;mq;mq;mq;0.000000;0.000000;mq;mq;mq;710.000000;1112.000000;2438.000000;mq;3;8;990;mq;mq;mq;mq;mq;mq;mq;mq;mq;
07335;20110906150000;102160;-150;8;230;9.300000;295.050000;285.350000;54;40000;2;1;1;90;4;1250;32;20;12;100760;mq;mq;mq;mq;mq;mq;mq;mq;mq;mq;mq;13.400000;-10;mq;mq;mq;mq;0.000000;0.000000;mq;mq;mq;710.000000;1113.000000;mq;mq;4;8;1200;6;0;7800;mq;mq;mq;mq;mq;mq;
07434;20110906150000;102310;-90;8;230;4.600000;292.550000;284.050000;58;60000;2;1;1;75;3;1250;35;20;12;97650;mq;mq;mq;mq;mq;mq;mq;mq;mq;mq;mq;8.700000;-10;mq;mq;0.000000;-30;0.000000;0.000000;mq;mq;mq;710.000000;1109.000000;3100.000000;mq;3;6;1080;6;0;7800;mq;mq;mq;mq;mq;mq;
07460;20110906150000;102100;-160;6;280;4.600000;297.150000;282.350000;39;40000;2;1;1;40;0;8000;30;20;12;98380;mq;mq;mq;mq;mq;mq;mq;mq;mq;mq;mq;7.700000;-10;mq;mq;0.000000;-30;0.000000;0.000000;mq;mq;mq;710.000000;1108.000000;3100.000000;mq;3;0;7500;mq;mq;mq;mq;mq;mq;mq;mq;mq;
07471;20110906150000;mq;-90;6;280;3.100000;295.850000;279.150000;34;45000;2;1;1;25;0;8000;30;20;11;92780;85000;18230;mq;mq;mq;mq;mq;mq;mq;mq;mq;6.700000;-10;mq;mq;0.000000;-30;0.000000;0.000000;mq;mq;mq;710.000000;1107.000000;3100.000000;mq;2;0;7500;mq;mq;mq;mq;mq;mq;mq;mq;mq;
07481;20110906150000;102190;-140;6;110;1.500000;297.050000;278.450000;30;40000;2;1;1;25;0;8000;30;20;12;99430;mq;mq;mq;mq;mq;mq;mq;mq;mq;mq;mq;3.600000;-10;mq;mq;0.000000;-30;0.000000;0.000000;mq;mq;mq;710.000000;1104.000000;3100.000000;mq;2;0;7500;mq;mq;mq;mq;mq;mq;mq;mq;mq;
07510;20110906150000;102400;-110;8;220;5.700000;296.850000;284.250000;45;30000;2;1;1;75;1;1250;31;20;12;101770;mq;mq;mq;mq;mq;mq;mq;mq;mq;mq;mq;8.200000;-10;mq;mq;0.000000;-30;0.000000;0.000000;mq;mq;mq;710.000000;1108.000000;3100.000000;mq;1;8;1200;6;0;7800;mq;mq;mq;mq;mq;mq;
07535;20110906150000;102330;-180;6;240;1.500000;298.350000;280.450000;32;30000;2;1;1;40;0;8000;30;20;12;99340;mq;mq;mq;mq;mq;mq;mq;mq;mq;mq;mq;4.600000;-10;mq;mq;0.000000;-30;0.000000;0.000000;mq;mq;mq;710.000000;1105.000000;3100.000000;mq;3;0;7500;mq;mq;mq;mq;mq;mq;mq;mq;mq;
07558;20110906150000;102170;-90;8;300;4.100000;295.550000;278.050000;32;60000;2;1;1;50;0;8000;30;20;12;94150;mq;mq;mq;mq;mq;mq;mq;mq;mq;mq;mq;6.200000;-10;mq;mq;0.000000;-30;0.000000;0.000000;mq;mq;mq;710.000000;1106.000000;3100.000000;mq;4;0;7500;mq;mq;mq;mq;mq;mq;mq;mq;mq;
07577;20110906150000;102110;-150;7;40;4.600000;299.550000;280.050000;29;30000;2;1;1;25;0;8000;30;20;11;101260;mq;mq;mq;mq;mq;mq;mq;mq;mq;mq;mq;7.700000;-10;mq;mq;0.000000;-30;0.000000;0.000000;mq;mq;mq;710.000000;1108.000000;3100.000000;mq;2;0;6900;mq;mq;mq;mq;mq;mq;mq;mq;mq;
07591;20110906150000;mq;-100;6;220;4.600000;298.450000;282.750000;37;mq;0;mq;mq;mq;mq;mq;mq;mq;mq;92150;mq;mq;mq;mq;mq;mq;mq;mq;mq;mq;mq;9.300000;-10;mq;mq;mq;mq;0.000000;0.000000;mq;mq;mq;710.000000;1109.000000;mq;mq;mq;mq;mq;mq;mq;mq;mq;mq;mq;mq;mq;mq;
07621;20110906150000;102370;-90;8;310;2.600000;297.250000;282.450000;39;35000;2;1;1;50;0;8000;30;20;12;98210;mq;mq;mq;mq;mq;mq;mq;mq;mq;mq;mq;4.100000;-10;mq;mq;0.000000;-30;0.000000;0.000000;mq;mq;mq;710.000000;1104.000000;3100.000000;mq;4;0;7200;mq;mq;mq;mq;mq;mq;mq;mq;mq;
07627;20110906150000;102310;-80;8;310;2.600000;297.050000;285.350000;48;50000;2;1;1;10;0;8000;30;20;11;97640;mq;mq;mq;mq;mq;mq;mq;mq;mq;mq;mq;4.100000;-10;mq;mq;0.000000;-30;0.000000;0.000000;mq;mq;mq;710.000000;1104.000000;3100.000000;mq;1;0;7800;mq;mq;mq;mq;mq;mq;mq;mq;mq;
07630;20110906150000;102340;-170;8;240;3.100000;299.450000;279.450000;28;40000;2;1;1;40;0;8000;30;20;12;100610;mq;mq;mq;mq;mq;mq;mq;mq;mq;mq;mq;5.100000;-10;mq;mq;0.000000;-30;0.000000;0.000000;mq;mq;mq;710.000000;1105.000000;3100.000000;mq;3;0;7800;mq;mq;mq;mq;mq;mq;mq;mq;mq;
07643;20110906150000;102160;-130;6;220;6.200000;299.750000;284.250000;38;50000;2;1;1;25;0;8000;30;20;11;102070;mq;mq;mq;mq;mq;mq;mq;mq;mq;mq;mq;8.700000;-10;mq;mq;mq;mq;0.000000;0.000000;mq;mq;mq;710.000000;1109.000000;mq;mq;2;0;7800;mq;mq;mq;mq;mq;mq;mq;mq;mq;
07650;20110906150000;102120;-100;6;270;4.600000;300.450000;281.850000;31;75000;2;1;1;40;0;8000;30;20;12;101750;mq;mq;mq;mq;mq;mq;mq;mq;mq;mq;mq;6.700000;-10;mq;mq;0.000000;-30;0.000000;0.000000;mq;mq;mq;710.000000;1107.000000;3100.000000;mq;3;0;6900;mq;mq;mq;mq;mq;mq;mq;mq;mq;
07661;20110906150000;102040;-60;6;330;7.700000;298.350000;286.250000;47;30000;2;1;1;40;3;3500;30;27;10;100500;mq;mq;mq;mq;mq;mq;mq;mq;mq;mq;mq;10.300000;-10;mq;mq;mq;mq;0.000000;0.000000;mq;mq;mq;710.000000;1110.000000;mq;mq;3;4;2400;mq;mq;mq;mq;mq;mq;mq;mq;mq;
07690;20110906150000;102040;-70;8;190;2.600000;298.950000;291.350000;63;50000;2;1;1;60;1;1250;32;20;12;101720;mq;mq;mq;mq;mq;mq;mq;mq;mq;mq;mq;4.100000;-10;mq;mq;0.000000;-30;0.000000;0.000000;mq;mq;mq;710.000000;1104.000000;3100.000000;mq;1;8;1050;5;0;7800;mq;mq;mq;mq;mq;mq;
07747;20110906150000;102240;-100;6;130;4.600000;301.050000;282.850000;32;40000;2;1;1;25;1;2250;31;20;11;101730;mq;mq;mq;mq;mq;mq;mq;mq;mq;mq;mq;6.700000;-10;mq;mq;mq;mq;0.000000;0.000000;mq;mq;mq;710.000000;1107.000000;mq;mq;1;8;1800;mq;mq;mq;mq;mq;mq;mq;mq;mq;
07761;20110906150000;102030;-60;6;230;5.100000;299.750000;290.850000;58;30000;2;1;1;25;2;800;32;20;10;101930;mq;mq;mq;mq;mq;mq;mq;mq;mq;mq;mq;6.700000;-10;mq;mq;0.000000;-30;0.000000;0.000000;mq;mq;mq;710.000000;1107.000000;3100.000000;mq;2;8;900;mq;mq;mq;mq;mq;mq;mq;mq;mq;
07790;20110906150000;101950;-80;7;40;2.100000;299.650000;290.150000;56;25000;2;1;1;25;2;800;38;20;10;101810;mq;mq;mq;mq;mq;mq;mq;mq;mq;mq;mq;4.100000;-10;mq;mq;0.000000;-30;0.000000;0.000000;mq;mq;mq;710.000000;1104.000000;3100.000000;mq;1;8;900;mq;mq;mq;mq;mq;mq;mq;mq;mq;
61968;20110906150000;101610;mq;mq;0;0.000000;298.050000;292.850000;73;mq;mq;mq;mq;mq;mq;mq;mq;mq;mq;mq;mq;mq;110;mq;mq;mq;mq;mq;mq;mq;mq;1.500000;-10;mq;mq;mq;mq;0.000000;0.000000;mq;mq;mq;710.000000;1102.000000;mq;mq;mq;mq;mq;mq;mq;mq;mq;mq;mq;mq;mq;mq;
61970;20110906150000;101770;mq;mq;mq;mq;298.850000;294.750000;78;mq;mq;mq;mq;mq;mq;mq;mq;mq;mq;mq;mq;mq;100;mq;mq;mq;mq;mq;mq;mq;mq;mq;mq;mq;mq;mq;mq;0.000000;0.000000;mq;mq;mq;mq;mq;mq;mq;mq;mq;mq;mq;mq;mq;mq;mq;mq;mq;mq;mq;
61972;20110906150000;102160;mq;mq;180;3.100000;295.250000;289.750000;71;mq;mq;mq;mq;mq;mq;mq;mq;mq;mq;mq;mq;mq;140;mq;mq;mq;mq;mq;mq;mq;mq;6.700000;-10;mq;mq;mq;mq;0.000000;0.000000;mq;mq;mq;710.000000;1107.000000;mq;mq;mq;mq;mq;mq;mq;mq;mq;mq;mq;mq;mq;mq;
61976;20110906150000;101770;mq;mq;130;6.200000;297.450000;294.750000;85;mq;mq;mq;mq;mq;mq;mq;mq;mq;mq;101620;mq;mq;120;mq;mq;mq;mq;mq;mq;mq;mq;mq;mq;mq;mq;mq;mq;mq;mq;mq;mq;mq;mq;mq;mq;mq;mq;mq;mq;mq;mq;mq;mq;mq;mq;mq;mq;mq;
61980;20110906150000;101910;mq;mq;80;2.100000;296.250000;291.550000;75;12000;2;1;1;60;5;800;38;20;10;mq;mq;mq;70;mq;mq;mq;mq;mq;mq;mq;mq;3.600000;-10;mq;mq;mq;mq;0.000000;0.000000;mq;mq;mq;710.000000;1104.000000;mq;mq;2;8;630;5;6;900;mq;mq;mq;mq;mq;mq;
61996;20110906150000;mq;mq;mq;280;3.100000;284.650000;mq;mq;mq;mq;mq;mq;mq;mq;mq;mq;mq;mq;mq;mq;mq;mq;mq;mq;mq;mq;mq;mq;mq;mq;4.600000;-10;mq;mq;mq;mq;0.000000;0.200000;mq;mq;mq;710.000000;1105.000000;mq;mq;mq;mq;mq;mq;mq;mq;mq;mq;mq;mq;mq;mq;
61997;20110906150000;98330;mq;mq;240;11.800000;270.050000;266.950000;77;mq;mq;mq;mq;mq;mq;mq;mq;mq;mq;mq;mq;mq;470;mq;mq;mq;mq;mq;mq;mq;mq;mq;mq;mq;mq;mq;mq;mq;0.000000;mq;mq;mq;mq;mq;mq;mq;mq;mq;mq;mq;mq;mq;mq;mq;mq;mq;mq;mq;
61998;20110906150000;98310;mq;mq;330;14.400000;275.550000;271.050000;72;mq;mq;mq;mq;mq;mq;mq;mq;mq;mq;mq;mq;mq;400;mq;mq;mq;mq;mq;mq;mq;mq;21.100000;-10;mq;mq;mq;mq;0.000000;0.200000;mq;mq;mq;710.000000;1121.000000;mq;mq;mq;mq;mq;mq;mq;mq;mq;mq;mq;mq;mq;mq;
67005;20110906150000;101600;mq;mq;170;4.100000;298.950000;294.350000;76;25000;2;1;1;10;1;800;31;20;11;mq;mq;mq;90;mq;mq;mq;mq;mq;mq;mq;mq;6.200000;-10;mq;mq;mq;mq;0.000000;0.000000;mq;mq;mq;710.000000;1106.000000;mq;mq;1;8;690;mq;mq;mq;mq;mq;mq;mq;mq;mq;
71805;20110906150000;101370;-110;8;210;7.700000;293.650000;291.250000;86;10000;1;4;2;90;3;450;36;27;60;101290;mq;mq;mq;mq;mq;mq;mq;mq;mq;mq;mq;12.300000;-10;mq;mq;0.000000;-30;0.000000;0.000000;mq;mq;mq;710.000000;1112.000000;3100.000000;mq;3;7;300;7;3;2400;mq;mq;mq;mq;mq;mq;
78897;20110906150000;101540;80;0;100;3.100000;303.650000;296.350000;65;60000;0;mq;mq;mq;mq;800;mq;mq;mq;mq;mq;mq;40;mq;mq;mq;mq;mq;mq;mq;mq;mq;mq;mq;mq;mq;mq;mq;mq;mq;mq;mq;mq;mq;mq;mq;mq;mq;mq;mq;mq;mq;mq;mq;mq;mq;mq;mq;
78922;20110906150000;101490;60;0;70;4.600000;305.650000;296.050000;57;mq;mq;mq;mq;mq;mq;mq;mq;mq;mq;101050;mq;mq;mq;mq;mq;mq;mq;mq;mq;mq;mq;mq;mq;mq;mq;mq;mq;mq;mq;mq;mq;mq;mq;mq;mq;mq;mq;mq;mq;mq;mq;mq;mq;mq;mq;mq;mq;mq;
78925;20110906150000;101500;50;0;60;5.100000;304.250000;296.650000;64;25000;2;1;1;60;4;800;32;20;11;mq;mq;mq;10;mq;mq;mq;mq;mq;mq;mq;mq;mq;mq;mq;mq;mq;mq;mq;mq;mq;mq;mq;mq;mq;mq;mq;4;8;840;3;0;7800;mq;mq;mq;mq;mq;mq;
81401;20110906150000;101320;mq;mq;130;3.100000;306.050000;295.550000;54;mq;mq;mq;mq;mq;mq;mq;mq;mq;mq;101260;mq;mq;mq;mq;mq;mq;mq;mq;mq;mq;mq;mq;mq;mq;mq;mq;mq;mq;0.000000;mq;mq;mq;mq;mq;mq;mq;mq;mq;mq;mq;mq;mq;mq;mq;mq;mq;mq;mq;
81405;20110906150000;101390;mq;mq;90;4.100000;303.450000;296.850000;68;10000;2;1;1;60;5;800;32;20;11;101300;mq;mq;mq;mq;mq;mq;mq;mq;mq;mq;mq;mq;mq;mq;mq;mq;mq;mq;0.200000;mq;mq;mq;mq;mq;mq;mq;mq;mq;mq;mq;mq;mq;mq;mq;mq;mq;mq;mq;
81408;20110906150000;101360;mq;mq;100;4.100000;305.850000;295.650000;55;mq;mq;mq;mq;mq;mq;mq;mq;mq;mq;101280;mq;mq;mq;mq;mq;mq;mq;mq;mq;mq;mq;mq;mq;mq;mq;mq;mq;mq;0.000000;mq;mq;mq;mq;mq;mq;mq;mq;mq;mq;mq;mq;mq;mq;mq;mq;mq;mq;mq;
81415;20110906150000;101400;mq;mq;40;3.600000;304.850000;295.850000;59;mq;mq;mq;mq;mq;mq;mq;mq;mq;mq;100220;mq;mq;mq;mq;mq;mq;mq;mq;mq;mq;mq;mq;mq;mq;mq;mq;mq;0.000000;mq;mq;mq;mq;mq;mq;mq;mq;mq;mq;mq;mq;mq;mq;mq;mq;mq;mq;mq;mq;
89642;20110906150000;99780;-100;8;110;0.500000;262.150000;258.750000;73;mq;mq;mq;mq;mq;mq;mq;mq;mq;mq;99220;mq;mq;mq;mq;mq;mq;mq;mq;mq;mq;mq;mq;mq;mq;mq;mq;mq;mq;mq;mq;mq;mq;mq;mq;mq;mq;mq;mq;mq;mq;mq;mq;mq;mq;mq;mq;mq;mq;
07005;20110906180000;101090;-180;8;200;9.300000;289.250000;287.650000;90;mq;mq;mq;mq;mq;mq;mq;mq;mq;mq;100220;mq;mq;mq;286.750000;mq;291.250000;mq;mq;mq;mq;mq;15.400000;-10;mq;mq;mq;mq;0.400000;0.800000;mq;1.000000;mq;710.000000;1115.000000;mq;mq;mq;mq;mq;mq;mq;mq;mq;mq;mq;mq;mq;mq;
07015;20110906180000;101010;-200;8;210;10.300000;289.550000;287.350000;87;15000;60;6;2;100;8;800;35;61;60;100460;mq;mq;mq;286.550000;mq;291.750000;mq;mq;mq;mq;15.900000;15.900000;-10;mq;mq;0.000000;-60;0.600000;0.800000;mq;0.800000;mq;1016.000000;710.000000;1116.000000;3100.000000;4;6;600;6;6;1200;mq;mq;mq;mq;mq;mq;
07020;20110906180000;101040;-90;5;280;10.300000;288.350000;287.850000;97;mq;mq;mq;mq;mq;mq;mq;mq;mq;mq;100780;mq;mq;mq;288.350000;mq;290.650000;mq;mq;mq;mq;mq;20.600000;-10;mq;mq;mq;mq;2.000000;11.000000;mq;25.000000;mq;710.000000;1121.000000;mq;mq;mq;mq;mq;mq;mq;mq;mq;mq;mq;mq;mq;mq;
07027;20110906180000;101250;-130;6;190;8.700000;289.150000;287.850000;92;10000;61;mq;mq;100;mq;800;mq;mq;mq;100460;mq;mq;mq;288.350000;mq;292.250000;mq;mq;mq;mq;mq;16.500000;-10;mq;mq;mq;mq;0.200000;0.800000;mq;3.000000;mq;710.000000;1116.000000;mq;mq;mq;mq;mq;mq;mq;mq;mq;mq;mq;mq;mq;mq;
07037;20110906180000;101310;-160;8;210;8.200000;289.450000;287.450000;88;10000;mq;mq;mq;100;mq;800;mq;mq;mq;99520;mq;mq;mq;286.250000;mq;291.950000;mq;mq;mq;mq;mq;14.400000;-10;mq;mq;mq;mq;0.000000;0.000000;mq;0.000000;mq;710.000000;1114.000000;mq;mq;mq;mq;mq;mq;mq;mq;mq;mq;mq;mq;mq;mq;
07110;20110906180000;101370;-50;6;240;10.800000;289.650000;289.150000;97;2000;61;6;5;100;8;150;37;61;60;100250;mq;mq;mq;289.250000;mq;290.350000;mq;mq;mq;mq;mq;18.000000;-10;mq;mq;0.000000;-60;4.000000;8.000000;mq;9.000000;mq;710.000000;1118.000000;3100.000000;mq;7;7;150;mq;mq;mq;mq;mq;mq;mq;mq;mq;
07117;20110906180000;101180;-70;6;250;10.300000;289.850000;289.250000;96;3000;63;6;6;100;8;450;37;22;60;100500;mq;mq;mq;289.450000;mq;291.550000;mq;mq;mq;mq;16.500000;19.500000;-10;mq;mq;mq;mq;5.000000;8.000000;mq;17.000000;mq;1016.000000;710.000000;1120.000000;2445.000000;mq;mq;mq;mq;mq;mq;mq;mq;mq;mq;mq;mq;
07130;20110906180000;101570;-130;8;220;9.800000;292.050000;287.550000;75;35000;0;mq;mq;100;mq;800;mq;mq;mq;101060;mq;mq;mq;288.450000;mq;293.250000;mq;mq;mq;mq;15.400000;15.900000;-10;mq;mq;mq;mq;0.000000;0.000000;mq;0.000000;mq;1015.000000;710.000000;1116.000000;mq;mq;mq;mq;mq;mq;mq;mq;mq;mq;mq;mq;mq;
07139;20110906180000;101540;-130;6;220;8.700000;291.450000;285.450000;68;mq;mq;mq;mq;mq;mq;mq;mq;mq;mq;99850;mq;mq;mq;287.250000;mq;293.750000;mq;mq;mq;mq;mq;17.500000;-10;mq;mq;mq;mq;0.000000;0.000000;mq;0.000000;mq;710.000000;1117.000000;mq;mq;mq;mq;mq;mq;mq;mq;mq;mq;mq;mq;mq;mq;
07149;20110906180000;101530;-150;6;230;6.700000;293.250000;284.450000;57;25000;2;1;1;90;4;1750;38;27;60;100480;mq;mq;mq;286.750000;mq;295.150000;mq;mq;mq;mq;mq;14.900000;-10;mq;mq;0.000000;-60;0.000000;0.000000;mq;0.000000;mq;710.000000;1115.000000;3100.000000;mq;1;8;1500;4;6;1800;7;3;3000;mq;mq;mq;
07168;20110906180000;101770;-170;6;210;6.700000;292.750000;284.250000;58;20000;0;mq;mq;mq;mq;mq;mq;mq;mq;100390;mq;mq;mq;284.450000;mq;294.750000;mq;mq;mq;mq;mq;12.900000;-10;mq;mq;mq;mq;0.000000;0.000000;mq;0.000000;mq;710.000000;1113.000000;mq;mq;mq;mq;mq;mq;mq;mq;mq;mq;mq;mq;mq;mq;
07190;20110906180000;101800;-120;6;250;7.200000;293.650000;282.850000;50;60000;0;mq;mq;mq;mq;mq;mq;mq;mq;100040;mq;mq;mq;284.050000;mq;296.650000;mq;mq;mq;mq;mq;mq;mq;mq;mq;mq;mq;0.000000;0.000000;mq;0.000000;mq;mq;mq;mq;mq;mq;mq;mq;mq;mq;mq;mq;mq;mq;mq;mq;mq;
07207;20110906180000;mq;mq;mq;260;10.800000;291.350000;288.750000;85;mq;mq;mq;mq;mq;mq;mq;mq;mq;mq;mq;mq;mq;mq;290.550000;mq;292.050000;mq;mq;mq;mq;19.000000;19.000000;-10;mq;mq;mq;mq;0.000000;0.000000;mq;0.000000;mq;1019.000000;710.000000;1119.000000;mq;mq;mq;mq;mq;mq;mq;mq;mq;mq;mq;mq;mq;
07222;20110906180000;101930;-120;7;240;7.200000;291.950000;288.250000;79;20000;2;1;1;90;6;800;38;20;12;101620;mq;mq;mq;289.550000;mq;294.250000;mq;mq;mq;mq;mq;13.900000;-10;mq;mq;mq;mq;0.000000;0.000000;mq;0.000000;mq;710.000000;1114.000000;mq;mq;4;8;600;3;6;1290;7;0;6900;mq;mq;mq;
07240;20110906180000;101860;-100;6;220;7.200000;293.050000;285.750000;63;30000;2;1;1;90;7;1250;35;61;60;100550;mq;mq;mq;286.350000;mq;295.350000;mq;mq;mq;mq;mq;14.400000;-10;mq;mq;0.000000;-60;0.000000;0.000000;mq;0.000000;mq;710.000000;1114.000000;3100.000000;mq;6;6;1080;6;6;1440;mq;mq;mq;mq;mq;mq;
07255;20110906180000;102020;-110;6;230;6.200000;293.450000;284.650000;57;20000;0;mq;mq;mq;mq;1250;mq;mq;mq;100080;mq;mq;mq;284.850000;mq;295.050000;mq;mq;mq;mq;mq;11.300000;-10;mq;mq;mq;mq;0.000000;0.000000;mq;0.000000;mq;710.000000;1111.000000;mq;mq;mq;mq;mq;mq;mq;mq;mq;mq;mq;mq;mq;mq;
07299;20110906180000;101950;-110;6;270;2.100000;290.850000;284.150000;65;40000;2;1;1;90;1;1750;35;23;12;98760;mq;mq;mq;285.450000;mq;296.550000;mq;mq;mq;mq;mq;4.100000;-10;mq;mq;0.000000;-60;0.000000;0.000000;mq;0.000000;mq;710.000000;1104.000000;3100.000000;mq;1;6;1500;7;0;7800;mq;mq;mq;mq;mq;mq;
07314;20110906180000;102210;-80;8;240;9.800000;292.650000;288.950000;79;mq;mq;mq;mq;mq;mq;mq;mq;mq;mq;101940;mq;mq;mq;291.850000;mq;293.850000;mq;mq;mq;mq;mq;13.400000;-10;mq;mq;mq;mq;0.000000;0.000000;mq;0.000000;mq;710.000000;1113.000000;mq;mq;mq;mq;mq;mq;mq;mq;mq;mq;mq;mq;mq;mq;
07335;20110906180000;102110;-60;6;220;6.700000;291.850000;285.850000;68;60000;0;mq;mq;mq;mq;mq;mq;mq;mq;100700;mq;mq;mq;285.450000;mq;295.850000;mq;mq;mq;mq;mq;13.400000;-10;mq;mq;mq;mq;0.000000;0.000000;mq;0.000000;mq;710.000000;1113.000000;mq;mq;mq;mq;mq;mq;mq;mq;mq;mq;mq;mq;mq;mq;
07434;20110906180000;102230;-90;6;220;3.600000;291.150000;285.350000;69;60000;0;mq;mq;mq;mq;mq;mq;mq;mq;97560;mq;mq;mq;282.150000;mq;293.250000;mq;mq;mq;mq;mq;8.200000;-10;mq;mq;mq;mq;0.000000;0.000000;mq;0.000000;mq;710.000000;1108.000000;mq;mq;mq;mq;mq;mq;mq;mq;mq;mq;mq;mq;mq;mq;
07460;20110906180000;102060;-80;6;280;1.500000;293.950000;281.550000;45;40000;2;1;1;90;1;3500;30;23;12;98300;mq;mq;mq;283.150000;mq;298.050000;mq;mq;mq;mq;mq;6.200000;-10;mq;mq;0.000000;-60;0.000000;0.000000;mq;0.000000;mq;710.000000;1106.000000;3100.000000;mq;1;3;4500;7;0;7500;mq;mq;mq;mq;mq;mq;
07471;20110906180000;mq;-40;5;250;2.100000;291.850000;282.050000;53;20000;0;mq;mq;mq;mq;mq;mq;mq;mq;92740;85000;18190;mq;278.350000;mq;296.150000;mq;mq;mq;mq;mq;4.100000;-10;mq;mq;mq;mq;0.000000;0.000000;mq;0.000000;mq;710.000000;1104.000000;mq;mq;mq;mq;mq;mq;mq;mq;mq;mq;mq;mq;mq;mq;
07481;20110906180000;102100;-110;5;140;1.500000;295.050000;280.050000;38;40000;2;1;1;50;0;8000;30;20;12;99320;mq;mq;mq;285.450000;mq;297.750000;mq;mq;mq;mq;mq;7.200000;-10;mq;mq;0.000000;-60;0.000000;0.000000;mq;0.000000;mq;710.000000;1107.000000;3100.000000;mq;4;0;7500;mq;mq;mq;mq;mq;mq;mq;mq;mq;
07510;20110906180000;102350;-50;5;260;4.100000;294.550000;285.650000;57;30000;2;1;1;75;0;8000;30;20;12;101720;mq;mq;mq;286.150000;mq;297.250000;mq;mq;mq;mq;mq;6.200000;-10;mq;mq;0.000000;-60;0.000000;0.000000;mq;0.000000;mq;710.000000;1106.000000;3100.000000;mq;6;0;7800;mq;mq;mq;mq;mq;mq;mq;mq;mq;
07535;20110906180000;102290;-80;6;250;1.500000;294.450000;281.050000;42;mq;mq;mq;mq;mq;mq;mq;mq;mq;mq;99260;mq;mq;mq;281.950000;mq;298.550000;mq;mq;mq;mq;mq;4.600000;-10;mq;mq;mq;mq;0.000000;0.000000;mq;0.000000;mq;710.000000;1105.000000;mq;mq;mq;mq;mq;mq;mq;mq;mq;mq;mq;mq;mq;mq;
07558;20110906180000;102240;-20;5;320;3.600000;292.350000;279.750000;44;mq;mq;mq;mq;mq;mq;mq;mq;mq;mq;94130;mq;mq;mq;281.950000;mq;296.150000;mq;mq;mq;mq;mq;7.200000;-10;mq;mq;mq;mq;0.000000;0.000000;mq;0.000000;mq;710.000000;1107.000000;mq;mq;mq;mq;mq;mq;mq;mq;mq;mq;mq;mq;mq;mq;
07577;20110906180000;102080;-40;6;330;1.500000;295.950000;283.050000;44;20000;0;mq;mq;mq;mq;mq;mq;mq;mq;101220;mq;mq;mq;289.150000;mq;299.750000;mq;mq;mq;mq;mq;3.100000;-10;mq;mq;mq;mq;0.000000;0.000000;mq;0.000000;mq;710.000000;1103.000000;mq;mq;mq;mq;mq;mq;mq;mq;mq;mq;mq;mq;mq;mq;
07591;20110906180000;mq;0;5;210;2.100000;294.350000;282.550000;47;mq;0;mq;mq;mq;mq;mq;mq;mq;mq;92150;mq;mq;mq;282.550000;mq;298.750000;mq;mq;mq;mq;mq;6.700000;-10;mq;mq;mq;mq;0.000000;0.000000;mq;0.000000;mq;710.000000;1107.000000;mq;mq;mq;mq;mq;mq;mq;mq;mq;mq;mq;mq;mq;mq;
07621;20110906180000;102360;-30;5;260;1.500000;294.750000;287.150000;62;35000;2;1;1;50;0;8000;30;20;12;98180;mq;mq;mq;282.450000;mq;297.750000;mq;mq;mq;mq;mq;2.600000;-10;mq;mq;0.000000;-60;0.000000;0.000000;mq;0.000000;mq;710.000000;1103.000000;3100.000000;mq;4;0;6300;mq;mq;mq;mq;mq;mq;mq;mq;mq;
07627;20110906180000;102370;-20;5;210;1.000000;292.250000;286.250000;68;mq;mq;mq;mq;mq;mq;mq;mq;mq;mq;97620;mq;mq;mq;284.350000;mq;297.850000;mq;mq;mq;mq;mq;2.100000;-10;mq;mq;mq;mq;0.000000;0.000000;mq;0.000000;mq;710.000000;1102.000000;mq;mq;mq;mq;mq;mq;mq;mq;mq;mq;mq;mq;mq;mq;
07630;20110906180000;102310;-40;5;310;1.500000;297.550000;280.250000;33;40000;2;1;1;50;0;8000;30;20;12;100570;mq;mq;mq;286.650000;mq;299.550000;mq;mq;mq;mq;mq;4.100000;-10;mq;mq;0.000000;-60;0.000000;0.000000;mq;0.000000;mq;710.000000;1104.000000;3100.000000;mq;4;0;7800;mq;mq;mq;mq;mq;mq;mq;mq;mq;
07643;20110906180000;102080;-80;6;230;4.600000;296.950000;289.450000;63;60000;2;1;1;25;0;8000;30;20;11;101990;mq;mq;mq;288.250000;mq;301.850000;mq;mq;mq;mq;mq;7.200000;-10;mq;mq;mq;mq;0.000000;0.000000;mq;0.000000;mq;710.000000;1107.000000;mq;mq;2;0;7800;mq;mq;mq;mq;mq;mq;mq;mq;mq;
07650;20110906180000;102060;-60;5;250;6.200000;296.750000;287.450000;56;60000;2;1;1;25;0;8000;30;20;12;101690;mq;mq;mq;291.150000;mq;301.150000;mq;mq;mq;mq;mq;8.200000;-10;mq;mq;0.000000;-60;0.000000;0.000000;mq;0.000000;mq;710.000000;1108.000000;3100.000000;mq;2;0;6900;mq;mq;mq;mq;mq;mq;mq;mq;mq;
07661;20110906180000;102010;-50;6;330;8.200000;295.350000;287.450000;61;mq;mq;mq;mq;mq;mq;mq;mq;mq;mq;100450;mq;mq;mq;290.650000;mq;301.350000;mq;mq;mq;mq;mq;12.300000;-10;mq;mq;mq;mq;0.000000;0.000000;mq;0.000000;mq;710.000000;1112.000000;mq;mq;mq;mq;mq;mq;mq;mq;mq;mq;mq;mq;mq;mq;
07690;20110906180000;102010;-30;7;230;3.600000;297.350000;291.050000;68;50000;2;1;1;10;1;1250;32;20;12;101690;mq;mq;mq;293.850000;mq;299.250000;mq;mq;mq;mq;mq;5.100000;-10;mq;mq;0.000000;-60;0.000000;0.000000;mq;0.000000;mq;710.000000;1105.000000;3100.000000;mq;1;8;1050;mq;mq;mq;mq;mq;mq;mq;mq;mq;
07747;20110906180000;102210;-30;5;130;1.000000;296.750000;286.850000;54;60000;0;mq;mq;mq;mq;mq;mq;mq;mq;101700;mq;mq;mq;291.450000;mq;302.150000;mq;mq;mq;mq;mq;4.600000;-10;mq;mq;mq;mq;0.000000;0.000000;mq;0.000000;mq;710.000000;1105.000000;mq;mq;mq;mq;mq;mq;mq;mq;mq;mq;mq;mq;mq;mq;
07761;20110906180000;102070;30;3;310;2.600000;295.950000;291.050000;74;25000;2;1;1;10;1;800;32;20;12;101960;mq;mq;mq;290.950000;mq;300.250000;mq;mq;mq;mq;mq;6.200000;-10;mq;mq;0.000000;-60;0.000000;0.000000;mq;0.000000;mq;710.000000;1106.000000;3100.000000;mq;1;8;630;mq;mq;mq;mq;mq;mq;mq;mq;mq;
07790;20110906180000;101920;-30;5;300;2.600000;296.650000;291.050000;71;25000;2;1;1;50;2;800;35;20;11;101780;mq;mq;mq;293.050000;mq;301.050000;mq;mq;mq;mq;mq;8.700000;-10;mq;mq;0.000000;-60;0.000000;0.000000;mq;0.000000;mq;710.000000;1109.000000;3100.000000;mq;2;6;900;4;0;7500;mq;mq;mq;mq;mq;mq;
61968;20110906180000;101770;mq;mq;10;0.500000;294.550000;292.250000;87;mq;mq;mq;mq;mq;mq;mq;mq;mq;mq;mq;mq;mq;70;mq;mq;301.750000;mq;mq;mq;mq;mq;2.100000;-10;mq;mq;mq;mq;0.000000;mq;mq;0.000000;mq;710.000000;1102.000000;mq;mq;mq;mq;mq;mq;mq;mq;mq;mq;mq;mq;mq;mq;
61970;20110906180000;101900;mq;mq;mq;mq;297.750000;295.650000;88;mq;mq;mq;mq;mq;mq;mq;mq;mq;mq;mq;mq;mq;100;mq;mq;302.050000;mq;mq;mq;mq;mq;mq;mq;mq;mq;mq;mq;0.000000;mq;mq;0.000000;mq;mq;mq;mq;mq;mq;mq;mq;mq;mq;mq;mq;mq;mq;mq;mq;mq;
61972;20110906180000;102310;mq;mq;170;2.600000;292.950000;289.750000;82;mq;mq;mq;mq;mq;mq;mq;mq;mq;mq;mq;mq;mq;130;mq;mq;299.950000;mq;mq;mq;mq;mq;4.600000;-10;mq;mq;mq;mq;0.000000;mq;mq;0.000000;mq;710.000000;1105.000000;mq;mq;mq;mq;mq;mq;mq;mq;mq;mq;mq;mq;mq;mq;
61976;20110906180000;101900;mq;mq;140;7.200000;297.250000;295.150000;88;mq;mq;mq;mq;mq;mq;mq;mq;mq;mq;101750;mq;mq;60;mq;mq;mq;mq;mq;mq;mq;mq;mq;mq;mq;mq;mq;mq;mq;mq;mq;mq;mq;mq;mq;mq;mq;mq;mq;mq;mq;mq;mq;mq;mq;mq;mq;mq;mq;
61980;20110906180000;102060;mq;mq;190;2.600000;294.450000;290.050000;76;12000;2;1;1;40;3;800;38;20;10;mq;mq;mq;40;mq;mq;299.050000;mq;mq;mq;mq;mq;5.100000;-10;mq;mq;mq;mq;0.000000;mq;mq;0.000000;mq;710.000000;1105.000000;mq;mq;2;8;630;3;6;990;mq;mq;mq;mq;mq;mq;
61996;20110906180000;mq;mq;mq;290;3.100000;284.950000;mq;mq;mq;mq;mq;mq;mq;mq;mq;mq;mq;mq;mq;mq;mq;0;mq;mq;286.650000;mq;mq;mq;mq;mq;5.100000;-10;mq;mq;mq;mq;0.000000;mq;mq;10.000000;mq;710.000000;1105.000000;mq;mq;mq;mq;mq;mq;mq;mq;mq;mq;mq;mq;mq;mq;
61997;20110906180000;98460;mq;mq;240;11.300000;271.650000;267.750000;72;mq;mq;mq;mq;mq;mq;mq;mq;mq;mq;mq;mq;mq;990;mq;mq;273.150000;mq;mq;mq;mq;mq;17.500000;-60;mq;mq;mq;mq;mq;mq;mq;0.200000;mq;1117.000000;mq;mq;mq;mq;mq;mq;mq;mq;mq;mq;mq;mq;mq;mq;mq;
61998;20110906180000;98390;mq;mq;330;6.700000;274.850000;270.750000;74;mq;mq;mq;mq;mq;mq;mq;mq;mq;mq;mq;mq;mq;710;mq;mq;276.850000;mq;mq;mq;mq;mq;13.900000;-10;mq;mq;mq;mq;0.000000;mq;mq;3.000000;mq;710.000000;1114.000000;mq;mq;mq;mq;mq;mq;mq;mq;mq;mq;mq;mq;mq;mq;
67005;20110906180000;101740;mq;mq;200;4.100000;297.450000;293.550000;79;mq;0;mq;mq;mq;mq;mq;mq;mq;mq;mq;mq;mq;100;mq;mq;302.150000;mq;mq;mq;mq;mq;5.700000;-10;mq;mq;mq;mq;0.000000;mq;mq;0.000000;mq;710.000000;1106.000000;mq;mq;mq;mq;mq;mq;mq;mq;mq;mq;mq;mq;mq;mq;
71805;20110906180000;101160;-210;8;210;10.300000;292.050000;291.750000;98;700;47;4;2;101;mq;mq;62;61;60;101080;mq;mq;mq;mq;290.850000;294.050000;mq;mq;mq;mq;mq;13.400000;-10;mq;mq;0.000000;-60;0.000000;0.000000;mq;0.000000;mq;710.000000;1113.000000;3100.000000;mq;mq;mq;mq;mq;mq;mq;mq;mq;mq;mq;mq;mq;
78897;20110906180000;101310;-230;7;90;4.100000;304.650000;296.750000;63;30000;15;0;0;50;3;800;32;20;12;mq;mq;mq;mq;mq;296.350000;305.350000;mq;mq;mq;mq;mq;mq;mq;mq;mq;mq;mq;mq;mq;0.000000;mq;0.000000;mq;mq;mq;mq;3;8;900;3;0;7800;mq;mq;mq;mq;mq;mq;
78922;20110906180000;101330;-160;8;180;5.700000;302.950000;296.850000;70;mq;mq;mq;mq;mq;mq;mq;mq;mq;mq;100890;mq;mq;mq;mq;mq;mq;mq;mq;mq;mq;mq;mq;mq;mq;mq;mq;mq;mq;mq;mq;mq;mq;mq;mq;mq;mq;mq;mq;mq;mq;mq;mq;mq;mq;mq;mq;mq;mq;
78925;20110906180000;101290;-210;7;20;1.000000;299.250000;298.250000;94;15000;25;8;6;90;6;800;38;20;11;mq;mq;mq;mq;mq;296.250000;305.350000;mq;mq;mq;mq;mq;mq;mq;mq;mq;mq;mq;mq;mq;10.000000;mq;mq;mq;mq;mq;mq;2;8;750;3;8;900;5;6;1080;mq;mq;mq;
81401;20110906180000;101050;mq;mq;60;1.000000;306.550000;294.750000;50;mq;mq;mq;mq;mq;mq;mq;mq;mq;mq;100990;mq;mq;mq;mq;mq;mq;mq;mq;mq;mq;mq;mq;mq;mq;mq;mq;mq;mq;0.000000;0.000000;mq;mq;mq;mq;mq;mq;mq;mq;mq;mq;mq;mq;mq;mq;mq;mq;mq;mq;
81405;20110906180000;101170;mq;mq;80;6.200000;304.750000;295.750000;59;10000;2;1;1;60;5;1250;32;20;11;101080;mq;mq;mq;mq;mq;mq;mq;mq;mq;mq;mq;mq;mq;mq;mq;mq;mq;mq;0.000000;0.200000;mq;mq;mq;mq;mq;mq;mq;mq;mq;mq;mq;mq;mq;mq;mq;mq;mq;mq;
81408;20110906180000;101100;mq;mq;110;3.600000;306.150000;294.050000;49;mq;mq;mq;mq;mq;mq;mq;mq;mq;mq;101020;mq;mq;mq;mq;mq;mq;mq;mq;mq;mq;mq;mq;mq;mq;mq;mq;mq;mq;0.000000;0.000000;mq;mq;mq;mq;mq;mq;mq;mq;mq;mq;mq;mq;mq;mq;mq;mq;mq;mq;
81415;20110906180000;101110;mq;mq;70;1.500000;306.150000;294.350000;50;mq;mq;mq;mq;mq;mq;mq;mq;mq;mq;99930;mq;mq;mq;mq;mq;mq;mq;mq;mq;mq;mq;mq;mq;mq;mq;mq;mq;0.000000;0.000000;mq;mq;mq;mq;mq;mq;mq;mq;mq;mq;mq;mq;mq;mq;mq;mq;mq;mq;mq;
89642;20110906180000;99670;-110;7;170;2.600000;260.850000;255.450000;61;mq;mq;mq;mq;mq;mq;mq;mq;mq;mq;99110;mq;mq;mq;mq;mq;mq;mq;mq;mq;mq;mq;mq;mq;mq;mq;mq;mq;mq;mq;mq;mq;mq;mq;mq;mq;mq;mq;mq;mq;mq;mq;mq;mq;mq;mq;mq;mq;mq;
07005;20110906210000;100920;-170;6;200;10.300000;289.150000;287.350000;89;mq;mq;mq;mq;mq;mq;mq;mq;mq;mq;100050;mq;mq;mq;mq;mq;mq;mq;mq;mq;mq;mq;17.000000;-10;mq;mq;mq;mq;0.200000;2.000000;mq;mq;mq;710.000000;1117.000000;mq;mq;mq;mq;mq;mq;mq;mq;mq;mq;mq;mq;mq;mq;
07015;20110906210000;100830;-180;6;220;11.300000;289.550000;287.250000;86;20000;60;6;6;100;7;450;35;61;60;100280;mq;mq;mq;mq;mq;mq;mq;mq;mq;mq;18.500000;18.500000;-10;mq;mq;0.000000;-30;0.000000;0.400000;mq;mq;mq;1019.000000;710.000000;1119.000000;3100.000000;7;6;480;mq;mq;mq;mq;mq;mq;mq;mq;mq;
07020;20110906210000;101270;230;2;270;11.300000;289.250000;286.150000;82;6000;2;6;2;100;8;800;35;61;60;101010;mq;mq;mq;mq;mq;mq;mq;mq;mq;mq;mq;18.000000;-10;mq;mq;mq;mq;0.000000;0.000000;mq;mq;mq;710.000000;1118.000000;mq;mq;8;6;780;mq;mq;mq;mq;mq;mq;mq;mq;mq;
07027;20110906210000;101190;-60;6;220;8.700000;290.350000;289.050000;92;35000;0;mq;mq;100;mq;450;mq;mq;mq;100400;mq;mq;mq;mq;mq;mq;mq;mq;mq;mq;mq;15.400000;-10;mq;mq;mq;mq;0.200000;4.000000;mq;mq;mq;710.000000;1115.000000;mq;mq;mq;mq;mq;mq;mq;mq;mq;mq;mq;mq;mq;mq;
07037;20110906210000;101200;-110;8;210;11.300000;288.450000;287.450000;94;4200;mq;mq;mq;100;mq;450;mq;mq;mq;99410;mq;mq;mq;mq;mq;mq;mq;mq;mq;mq;mq;17.000000;-10;mq;mq;mq;mq;0.400000;0.800000;mq;mq;mq;710.000000;1117.000000;mq;mq;mq;mq;mq;mq;mq;mq;mq;mq;mq;mq;mq;mq;
07110;20110906210000;101630;250;1;270;4.100000;287.250000;286.650000;96;20000;2;6;5;100;7;800;38;61;60;100500;mq;mq;mq;mq;mq;mq;mq;mq;mq;mq;mq;8.700000;-10;mq;mq;0.000000;-30;0.000000;4.000000;mq;mq;mq;710.000000;1109.000000;3100.000000;mq;7;6;930;mq;mq;mq;mq;mq;mq;mq;mq;mq;
07117;20110906210000;101490;300;1;260;7.700000;287.650000;286.650000;94;8000;2;6;2;100;8;450;37;22;60;100800;mq;mq;mq;mq;mq;mq;mq;mq;mq;mq;mq;25.200000;-10;mq;mq;mq;mq;0.000000;2.000000;mq;mq;mq;710.000000;1125.000000;2446.000000;mq;mq;mq;mq;mq;mq;mq;mq;mq;mq;mq;mq;mq;
07130;20110906210000;101590;20;0;220;6.700000;290.250000;289.450000;95;4900;61;mq;mq;100;mq;250;mq;mq;mq;101080;mq;mq;mq;mq;mq;mq;mq;mq;mq;mq;mq;13.400000;-10;mq;mq;mq;mq;0.000000;0.200000;mq;mq;mq;710.000000;1113.000000;mq;mq;mq;mq;mq;mq;mq;mq;mq;mq;mq;mq;mq;mq;
07139;20110906210000;101510;-40;8;220;7.700000;289.050000;287.250000;89;mq;mq;mq;mq;mq;mq;mq;mq;mq;mq;99810;mq;mq;mq;mq;mq;mq;mq;mq;mq;mq;mq;16.500000;-10;mq;mq;mq;mq;0.000000;0.000000;mq;mq;mq;710.000000;1116.000000;mq;mq;mq;mq;mq;mq;mq;mq;mq;mq;mq;mq;mq;mq;
07149;20110906210000;101460;-70;8;230;8.700000;292.150000;285.450000;65;25000;2;1;1;100;7;800;35;61;60;100410;mq;mq;mq;mq;mq;mq;mq;mq;mq;mq;19.500000;19.500000;-10;mq;mq;0.000000;-30;0.000000;0.000000;mq;mq;mq;1020.000000;710.000000;1120.000000;3100.000000;2;6;930;5;6;1350;7;6;1800;mq;mq;mq;
07168;20110906210000;101720;-60;8;210;7.700000;291.650000;284.950000;65;20000;0;mq;mq;mq;mq;mq;mq;mq;mq;100330;mq;mq;mq;mq;mq;mq;mq;mq;mq;mq;mq;11.800000;-10;mq;mq;mq;mq;0.000000;0.000000;mq;mq;mq;710.000000;1112.000000;mq;mq;mq;mq;mq;mq;mq;mq;mq;mq;mq;mq;mq;mq;
07190;20110906210000;101780;-30;8;200;4.100000;291.250000;283.650000;61;60000;0;mq;mq;mq;mq;mq;mq;mq;mq;100010;mq;mq;mq;mq;mq;mq;mq;mq;mq;mq;mq;9.300000;-10;mq;mq;mq;mq;0.000000;0.000000;mq;mq;mq;710.000000;1109.000000;mq;mq;mq;mq;mq;mq;mq;mq;mq;mq;mq;mq;mq;mq;
07207;20110906210000;mq;mq;mq;260;12.300000;291.450000;289.250000;87;mq;mq;mq;mq;mq;mq;mq;mq;mq;mq;mq;mq;mq;mq;mq;mq;mq;mq;mq;mq;mq;18.000000;23.100000;-10;mq;mq;mq;mq;0.000000;0.000000;mq;mq;mq;1018.000000;710.000000;1123.000000;mq;mq;mq;mq;mq;mq;mq;mq;mq;mq;mq;mq;mq;
07222;20110906210000;101930;0;0;240;6.700000;291.350000;288.550000;84;20000;2;1;1;90;7;450;38;61;60;101620;mq;mq;mq;mq;mq;mq;mq;mq;mq;mq;mq;16.500000;-10;mq;mq;mq;mq;0.000000;0.000000;mq;mq;mq;710.000000;1116.000000;mq;mq;5;8;510;5;6;1080;mq;mq;mq;mq;mq;mq;
07240;20110906210000;101860;-10;8;220;7.200000;291.150000;286.650000;75;30000;2;1;1;90;5;800;35;20;12;100540;mq;mq;mq;mq;mq;mq;mq;mq;mq;mq;mq;12.900000;-10;mq;mq;0.000000;-30;0.000000;0.000000;mq;mq;mq;710.000000;1113.000000;3100.000000;mq;3;6;870;3;6;1080;7;0;7800;mq;mq;mq;
07255;20110906210000;102050;20;3;240;5.100000;291.050000;285.450000;70;20000;0;mq;mq;mq;mq;1250;mq;mq;mq;100100;mq;mq;mq;mq;mq;mq;mq;mq;mq;mq;mq;8.700000;-10;mq;mq;mq;mq;0.000000;0.000000;mq;mq;mq;710.000000;1109.000000;mq;mq;mq;mq;mq;mq;mq;mq;mq;mq;mq;mq;mq;mq;
07299;20110906210000;102030;40;1;160;2.600000;287.750000;284.850000;83;50000;2;1;1;90;1;1250;35;27;12;98800;mq;mq;mq;mq;mq;mq;mq;mq;mq;mq;mq;3.600000;-10;mq;mq;0.000000;-30;0.000000;0.000000;mq;mq;mq;710.000000;1104.000000;3100.000000;mq;1;6;1350;7;0;6900;mq;mq;mq;mq;mq;mq;
07314;20110906210000;102280;70;3;240;10.300000;292.750000;289.950000;84;18000;2;1;1;75;4;800;32;27;10;102010;mq;mq;mq;mq;mq;mq;mq;mq;mq;mq;mq;14.900000;-10;mq;mq;mq;mq;0.000000;0.000000;mq;mq;mq;710.000000;1115.000000;mq;mq;4;8;600;3;3;2400;mq;mq;mq;mq;mq;mq;
07335;20110906210000;102160;40;3;220;6.700000;290.150000;287.050000;82;60000;0;mq;mq;mq;mq;800;mq;mq;mq;100740;mq;mq;mq;mq;mq;mq;mq;mq;mq;mq;mq;11.300000;-10;mq;mq;mq;mq;0.000000;0.000000;mq;mq;mq;710.000000;1111.000000;mq;mq;mq;mq;mq;mq;mq;mq;mq;mq;mq;mq;mq;mq;
07434;20110906210000;102310;30;3;240;3.100000;288.250000;285.150000;82;50000;0;mq;mq;mq;mq;mq;mq;mq;mq;97590;mq;mq;mq;mq;mq;mq;mq;mq;mq;mq;mq;5.700000;-10;mq;mq;mq;mq;0.000000;0.000000;mq;mq;mq;710.000000;1106.000000;mq;mq;mq;mq;mq;mq;mq;mq;mq;mq;mq;mq;mq;mq;
07460;20110906210000;102200;70;1;170;4.100000;289.150000;283.250000;68;40000;2;1;1;60;1;3500;30;23;12;98370;mq;mq;mq;mq;mq;mq;mq;mq;mq;mq;mq;6.700000;-10;mq;mq;0.000000;-30;0.000000;0.000000;mq;mq;mq;710.000000;1107.000000;3100.000000;mq;1;3;4500;5;0;7500;mq;mq;mq;mq;mq;mq;
07471;20110906210000;mq;90;1;260;1.000000;285.750000;281.250000;74;20000;0;mq;mq;mq;mq;mq;mq;mq;mq;92830;85000;18270;mq;mq;mq;mq;mq;mq;mq;mq;mq;2.600000;-10;mq;mq;mq;mq;0.000000;0.000000;mq;mq;mq;710.000000;1103.000000;mq;mq;mq;mq;mq;mq;mq;mq;mq;mq;mq;mq;mq;mq;
07481;20110906210000;102180;40;2;140;3.100000;291.050000;283.950000;63;40000;2;1;1;50;0;8000;30;20;12;99360;mq;mq;mq;mq;mq;mq;mq;mq;mq;mq;mq;5.100000;-10;mq;mq;0.000000;-30;0.000000;0.000000;mq;mq;mq;710.000000;1105.000000;3100.000000;mq;4;0;7500;mq;mq;mq;mq;mq;mq;mq;mq;mq;
07510;20110906210000;102460;90;2;230;1.500000;289.850000;287.650000;87;30000;2;1;1;75;0;8000;30;20;12;101810;mq;mq;mq;mq;mq;mq;mq;mq;mq;mq;mq;3.600000;-10;mq;mq;0.000000;-30;0.000000;0.000000;mq;mq;mq;710.000000;1104.000000;3100.000000;mq;6;0;7800;mq;mq;mq;mq;mq;mq;mq;mq;mq;
07535;20110906210000;102450;80;0;130;3.100000;286.650000;282.850000;78;mq;mq;mq;mq;mq;mq;mq;mq;mq;mq;99340;mq;mq;mq;mq;mq;mq;mq;mq;mq;mq;mq;4.100000;-10;mq;mq;mq;mq;0.000000;0.000000;mq;mq;mq;710.000000;1104.000000;mq;mq;mq;mq;mq;mq;mq;mq;mq;mq;mq;mq;mq;mq;
07558;20110906210000;102460;110;1;340;2.100000;288.650000;280.950000;60;mq;mq;mq;mq;mq;mq;mq;mq;mq;mq;94240;mq;mq;mq;mq;mq;mq;mq;mq;mq;mq;mq;3.600000;-10;mq;mq;mq;mq;0.000000;0.000000;mq;mq;mq;710.000000;1104.000000;mq;mq;mq;mq;mq;mq;mq;mq;mq;mq;mq;mq;mq;mq;
07577;20110906210000;102230;130;2;30;1.000000;289.950000;284.050000;68;20000;0;mq;mq;mq;mq;mq;mq;mq;mq;101350;mq;mq;mq;mq;mq;mq;mq;mq;mq;mq;mq;1.500000;-10;mq;mq;mq;mq;0.000000;0.000000;mq;mq;mq;710.000000;1102.000000;mq;mq;mq;mq;mq;mq;mq;mq;mq;mq;mq;mq;mq;mq;
07591;20110906210000;mq;150;1;240;0.500000;289.750000;283.150000;65;mq;0;mq;mq;mq;mq;mq;mq;mq;mq;92300;mq;mq;mq;mq;mq;mq;mq;mq;mq;mq;mq;2.100000;-10;mq;mq;mq;mq;0.000000;0.000000;mq;mq;mq;710.000000;1102.000000;mq;mq;mq;mq;mq;mq;mq;mq;mq;mq;mq;mq;mq;mq;
07621;20110906210000;102590;120;2;180;3.100000;288.350000;285.250000;82;30000;2;1;1;0;mq;mq;mq;mq;mq;98300;mq;mq;mq;mq;mq;mq;mq;mq;mq;mq;mq;3.600000;-10;mq;mq;0.000000;-30;0.000000;0.000000;mq;mq;mq;710.000000;1104.000000;3100.000000;mq;mq;mq;mq;mq;mq;mq;mq;mq;mq;mq;mq;mq;
07627;20110906210000;102610;140;1;160;0.500000;286.950000;284.650000;86;mq;mq;mq;mq;mq;mq;mq;mq;mq;mq;97760;mq;mq;mq;mq;mq;mq;mq;mq;mq;mq;mq;2.100000;-10;mq;mq;mq;mq;0.000000;0.000000;mq;mq;mq;710.000000;1102.000000;mq;mq;mq;mq;mq;mq;mq;mq;mq;mq;mq;mq;mq;mq;
07630;20110906210000;102480;140;3;310;1.500000;292.650000;281.950000;50;40000;2;1;1;25;0;8000;30;20;11;100710;mq;mq;mq;mq;mq;mq;mq;mq;mq;mq;mq;3.600000;-10;mq;mq;0.000000;-30;0.000000;0.000000;mq;mq;mq;710.000000;1104.000000;3100.000000;mq;2;0;7200;mq;mq;mq;mq;mq;mq;mq;mq;mq;
07643;20110906210000;102170;90;2;290;3.600000;295.650000;280.650000;38;60000;2;1;1;60;0;8000;30;20;11;102080;mq;mq;mq;mq;mq;mq;mq;mq;mq;mq;mq;7.200000;-10;mq;mq;mq;mq;0.000000;0.000000;mq;mq;mq;710.000000;1107.000000;mq;mq;5;0;7800;mq;mq;mq;mq;mq;mq;mq;mq;mq;
07650;20110906210000;102190;120;1;240;3.100000;294.750000;289.250000;71;60000;2;1;1;40;0;8000;30;20;12;101810;mq;mq;mq;mq;mq;mq;mq;mq;mq;mq;mq;4.600000;-10;mq;mq;0.000000;-30;0.000000;0.000000;mq;mq;mq;710.000000;1105.000000;3100.000000;mq;3;0;6900;mq;mq;mq;mq;mq;mq;mq;mq;mq;
07661;20110906210000;102080;70;1;330;8.700000;294.650000;284.950000;54;mq;mq;mq;mq;mq;mq;mq;mq;mq;mq;100520;mq;mq;mq;mq;mq;mq;mq;mq;mq;mq;mq;12.300000;-10;mq;mq;mq;mq;0.000000;0.000000;mq;mq;mq;710.000000;1112.000000;mq;mq;mq;mq;mq;mq;mq;mq;mq;mq;mq;mq;mq;mq;
07690;20110906210000;102060;40;1;330;2.100000;295.650000;290.750000;74;50000;2;1;1;10;0;mq;30;20;12;101730;mq;mq;mq;mq;mq;mq;mq;mq;mq;mq;mq;3.100000;-10;mq;mq;0.000000;-30;0.000000;0.000000;mq;mq;mq;710.000000;1103.000000;3100.000000;mq;1;0;7800;mq;mq;mq;mq;mq;mq;mq;mq;mq;
07747;20110906210000;102320;100;1;200;1.000000;294.350000;283.250000;49;60000;0;mq;mq;mq;mq;mq;mq;mq;mq;101800;mq;mq;mq;mq;mq;mq;mq;mq;mq;mq;mq;5.700000;-10;mq;mq;mq;mq;0.000000;0.000000;mq;mq;mq;710.000000;1106.000000;mq;mq;mq;mq;mq;mq;mq;mq;mq;mq;mq;mq;mq;mq;
07761;20110906210000;102150;80;3;30;1.500000;294.150000;290.550000;80;20000;2;1;1;50;4;800;35;20;10;102040;mq;mq;mq;mq;mq;mq;mq;mq;mq;mq;mq;2.600000;-10;mq;mq;0.000000;-30;0.000000;0.000000;mq;mq;mq;710.000000;1103.000000;3100.000000;mq;4;6;840;mq;mq;mq;mq;mq;mq;mq;mq;mq;
07790;20110906210000;101990;70;1;230;4.600000;295.550000;289.350000;68;30000;2;1;1;0;mq;mq;mq;mq;mq;101850;mq;mq;mq;mq;mq;mq;mq;mq;mq;mq;mq;8.200000;-10;mq;mq;0.000000;-30;0.000000;0.000000;mq;mq;mq;710.000000;1108.000000;3100.000000;mq;mq;mq;mq;mq;mq;mq;mq;mq;mq;mq;mq;mq;
61970;20110906210000;101860;mq;mq;mq;mq;297.650000;292.950000;75;mq;mq;mq;mq;mq;mq;mq;mq;mq;mq;mq;mq;mq;90;mq;mq;mq;mq;mq;mq;mq;mq;mq;mq;mq;mq;mq;mq;0.000000;0.000000;mq;mq;mq;mq;mq;mq;mq;mq;mq;mq;mq;mq;mq;mq;mq;mq;mq;mq;mq;
61972;20110906210000;102290;mq;mq;170;3.100000;292.850000;289.350000;80;mq;mq;mq;mq;mq;mq;mq;mq;mq;mq;mq;mq;mq;140;mq;mq;mq;mq;mq;mq;mq;mq;5.100000;-10;mq;mq;mq;mq;0.000000;0.000000;mq;mq;mq;710.000000;1105.000000;mq;mq;mq;mq;mq;mq;mq;mq;mq;mq;mq;mq;mq;mq;
61980;20110906210000;102030;mq;mq;180;3.100000;292.950000;289.350000;80;60000;0;mq;mq;mq;mq;1250;mq;mq;mq;mq;mq;mq;20;mq;mq;mq;mq;mq;mq;mq;mq;5.100000;-10;mq;mq;mq;mq;0.000000;0.000000;mq;mq;mq;710.000000;1105.000000;mq;mq;mq;mq;mq;mq;mq;mq;mq;mq;mq;mq;mq;mq;
61996;20110906210000;mq;mq;mq;310;3.100000;284.650000;mq;mq;mq;mq;mq;mq;mq;mq;mq;mq;mq;mq;mq;mq;mq;0;mq;mq;mq;mq;mq;mq;mq;mq;4.600000;-10;mq;mq;mq;mq;0.000000;0.000000;mq;mq;mq;710.000000;1105.000000;mq;mq;mq;mq;mq;mq;mq;mq;mq;mq;mq;mq;mq;mq;
61997;20110906210000;98570;mq;mq;240;12.300000;271.650000;269.150000;81;mq;mq;mq;mq;mq;mq;mq;mq;mq;mq;mq;mq;mq;820;mq;mq;mq;mq;mq;mq;mq;mq;18.000000;-30;mq;mq;mq;mq;mq;0.000000;mq;mq;mq;1118.000000;mq;mq;mq;mq;mq;mq;mq;mq;mq;mq;mq;mq;mq;mq;mq;
61998;20110906210000;98160;mq;mq;30;4.600000;273.550000;272.250000;91;mq;mq;mq;mq;mq;mq;mq;mq;mq;mq;mq;mq;mq;750;mq;mq;mq;mq;mq;mq;mq;mq;8.700000;-10;mq;mq;mq;mq;0.000000;0.000000;mq;mq;mq;710.000000;1109.000000;mq;mq;mq;mq;mq;mq;mq;mq;mq;mq;mq;mq;mq;mq;
67005;20110906210000;101660;mq;mq;180;1.500000;296.350000;292.950000;81;mq;0;mq;mq;mq;mq;mq;mq;mq;mq;mq;mq;mq;20;mq;mq;mq;mq;mq;mq;mq;mq;6.200000;-10;mq;mq;mq;mq;0.000000;0.000000;mq;mq;mq;710.000000;1106.000000;mq;mq;mq;mq;mq;mq;mq;mq;mq;mq;mq;mq;mq;mq;
71805;20110906210000;100910;-250;8;210;12.300000;292.150000;291.950000;99;300;47;4;4;101;mq;mq;62;61;60;100830;mq;mq;mq;mq;mq;mq;mq;mq;mq;mq;mq;15.400000;-10;mq;mq;0.000000;-30;0.000000;0.000000;mq;mq;mq;710.000000;1115.000000;3100.000000;mq;mq;mq;mq;mq;mq;mq;mq;mq;mq;mq;mq;mq;
78897;20110906210000;101330;20;3;10;3.100000;300.650000;296.050000;76;10000;25;8;6;60;4;450;38;20;12;mq;mq;mq;20;mq;mq;mq;mq;mq;mq;mq;mq;mq;mq;mq;mq;mq;mq;mq;mq;mq;mq;mq;mq;mq;mq;mq;1;8;540;3;8;750;mq;mq;mq;mq;mq;mq;
78922;20110906210000;101290;-40;6;80;2.100000;301.450000;296.350000;74;mq;mq;mq;mq;mq;mq;mq;mq;mq;mq;100850;mq;mq;mq;mq;mq;mq;mq;mq;mq;mq;mq;mq;mq;mq;mq;mq;mq;mq;mq;mq;mq;mq;mq;mq;mq;mq;mq;mq;mq;mq;mq;mq;mq;mq;mq;mq;mq;mq;
78925;20110906210000;101280;-10;7;70;3.600000;302.750000;297.350000;73;25000;2;1;1;60;3;800;32;24;12;mq;mq;mq;10;mq;mq;mq;mq;mq;mq;mq;mq;mq;mq;mq;mq;mq;mq;mq;mq;mq;mq;mq;mq;mq;mq;mq;2;8;900;4;0;7800;mq;mq;mq;mq;mq;mq;
81401;20110906210000;101080;mq;mq;80;1.500000;299.750000;296.850000;84;mq;mq;mq;mq;mq;mq;mq;mq;mq;mq;101020;mq;mq;mq;mq;mq;mq;mq;mq;mq;mq;mq;mq;mq;mq;mq;mq;mq;mq;9.000000;mq;mq;mq;mq;mq;mq;mq;mq;mq;mq;mq;mq;mq;mq;mq;mq;mq;mq;mq;
81405;20110906210000;101170;mq;mq;90;4.100000;302.250000;296.450000;71;10000;2;1;1;40;2;800;32;20;11;101080;mq;mq;mq;mq;mq;mq;mq;mq;mq;mq;mq;mq;mq;mq;mq;mq;mq;mq;0.000000;mq;mq;mq;mq;mq;mq;mq;mq;mq;mq;mq;mq;mq;mq;mq;mq;mq;mq;mq;
81408;20110906210000;101120;mq;mq;90;2.100000;303.450000;294.550000;59;mq;mq;mq;mq;mq;mq;mq;mq;mq;mq;101040;mq;mq;mq;mq;mq;mq;mq;mq;mq;mq;mq;mq;mq;mq;mq;mq;mq;mq;0.000000;mq;mq;mq;mq;mq;mq;mq;mq;mq;mq;mq;mq;mq;mq;mq;mq;mq;mq;mq;
81415;20110906210000;101000;mq;mq;0;0.000000;304.050000;297.450000;68;mq;mq;mq;mq;mq;mq;mq;mq;mq;mq;99820;mq;mq;mq;mq;mq;mq;mq;mq;mq;mq;mq;mq;mq;mq;mq;mq;mq;0.000000;0.000000;mq;mq;mq;mq;mq;mq;mq;mq;mq;mq;mq;mq;mq;mq;mq;mq;mq;mq;mq;
89642;20110906210000;99420;-250;6;110;5.100000;260.250000;253.250000;52;mq;mq;mq;mq;mq;mq;mq;mq;mq;mq;98860;mq;mq;mq;mq;mq;mq;mq;mq;mq;mq;mq;mq;mq;mq;mq;mq;mq;mq;mq;mq;mq;mq;mq;mq;mq;mq;mq;mq;mq;mq;mq;mq;mq;mq;mq;mq;mq;mq;
07005;20110907000000;101090;160;1;250;9.800000;288.150000;284.750000;80;mq;mq;mq;mq;mq;mq;mq;mq;mq;mq;100210;mq;mq;mq;mq;mq;mq;mq;mq;mq;mq;16.500000;16.500000;-10;mq;mq;mq;mq;0.000000;4.000000;5.000000;mq;mq;1016.000000;710.000000;1116.000000;mq;mq;mq;mq;mq;mq;mq;mq;mq;mq;mq;mq;mq;
07015;20110907000000;100930;90;3;250;7.700000;287.950000;285.450000;85;12000;3;8;6;90;7;800;35;61;60;100370;mq;mq;mq;mq;mq;mq;mq;mq;mq;mq;mq;13.400000;-10;mq;mq;0.000000;-60;0.000000;2.000000;2.000000;mq;mq;710.000000;1113.000000;3100.000000;mq;7;6;630;mq;mq;mq;mq;mq;mq;mq;mq;mq;
07020;20110907000000;101430;160;3;270;10.800000;288.950000;285.350000;79;16000;60;6;2;60;5;1250;35;20;10;101170;mq;mq;mq;mq;mq;mq;mq;mq;mq;mq;mq;18.500000;-10;mq;mq;mq;mq;0.000000;0.000000;0.000000;mq;mq;710.000000;1119.000000;mq;mq;5;6;990;mq;mq;mq;mq;mq;mq;mq;mq;mq;
07027;20110907000000;101470;270;1;250;6.700000;287.350000;285.250000;87;30000;0;mq;mq;mq;mq;800;mq;mq;mq;100670;mq;mq;mq;mq;mq;mq;mq;mq;mq;mq;mq;10.800000;-10;mq;mq;mq;mq;0.000000;1.000000;6.000000;mq;mq;710.000000;1111.000000;mq;mq;mq;mq;mq;mq;mq;mq;mq;mq;mq;mq;mq;mq;
07037;20110907000000;101320;100;3;260;4.600000;286.550000;285.750000;95;17000;mq;mq;mq;100;mq;800;mq;mq;mq;99510;mq;mq;mq;mq;mq;mq;mq;mq;mq;mq;mq;11.300000;-10;mq;mq;mq;mq;0.000000;0.000000;0.800000;mq;mq;710.000000;1111.000000;mq;mq;mq;mq;mq;mq;mq;mq;mq;mq;mq;mq;mq;mq;
07110;20110907000000;101780;140;1;250;2.100000;285.150000;284.350000;95;15000;1;6;5;0;mq;mq;mq;mq;mq;100640;mq;mq;mq;mq;mq;mq;mq;mq;mq;mq;mq;4.600000;-10;mq;mq;0.000000;-60;0.000000;0.000000;4.000000;mq;mq;710.000000;1105.000000;3100.000000;mq;mq;mq;mq;mq;mq;mq;mq;mq;mq;mq;mq;mq;
07117;20110907000000;101620;130;1;270;7.700000;287.250000;285.250000;88;12000;1;6;1;50;4;450;34;20;10;100930;mq;mq;mq;mq;mq;mq;mq;mq;mq;mq;mq;15.400000;-10;mq;mq;mq;mq;0.000000;0.000000;2.000000;mq;mq;710.000000;1115.000000;2447.000000;mq;mq;mq;mq;mq;mq;mq;mq;mq;mq;mq;mq;mq;
07130;20110907000000;101680;90;3;310;5.700000;288.250000;286.650000;90;35000;0;mq;mq;100;mq;450;mq;mq;mq;101170;mq;mq;mq;mq;mq;mq;mq;mq;mq;mq;mq;9.800000;-10;mq;mq;mq;mq;0.000000;0.800000;1.000000;mq;mq;710.000000;1110.000000;mq;mq;mq;mq;mq;mq;mq;mq;mq;mq;mq;mq;mq;mq;
07139;20110907000000;101560;50;3;290;8.700000;288.350000;286.050000;86;mq;mq;mq;mq;mq;mq;mq;mq;mq;mq;99860;mq;mq;mq;mq;mq;mq;mq;mq;mq;mq;14.900000;14.900000;-10;mq;mq;mq;mq;1.000000;4.000000;4.000000;mq;mq;1015.000000;710.000000;1115.000000;mq;mq;mq;mq;mq;mq;mq;mq;mq;mq;mq;mq;mq;
07149;20110907000000;101360;-110;8;230;8.200000;289.950000;287.250000;84;8000;61;6;2;100;7;450;35;61;60;100300;mq;mq;mq;mq;mq;mq;mq;mq;mq;mq;mq;14.900000;-10;mq;mq;0.000000;-60;0.000000;0.000000;0.000000;mq;mq;710.000000;1115.000000;3100.000000;mq;7;6;540;mq;mq;mq;mq;mq;mq;mq;mq;mq;
07168;20110907000000;101560;-160;6;220;11.800000;291.350000;284.450000;64;20000;0;mq;mq;mq;mq;mq;mq;mq;mq;100170;mq;mq;mq;mq;mq;mq;mq;mq;mq;mq;17.500000;18.000000;-10;mq;mq;mq;mq;0.000000;0.000000;0.000000;mq;mq;1017.000000;710.000000;1118.000000;mq;mq;mq;mq;mq;mq;mq;mq;mq;mq;mq;mq;mq;
07190;20110907000000;101590;-190;6;190;4.100000;291.250000;283.850000;62;60000;0;mq;mq;90;mq;1750;mq;mq;mq;99820;mq;mq;mq;mq;mq;mq;mq;mq;mq;mq;mq;9.300000;-10;mq;mq;mq;mq;0.000000;0.000000;0.000000;mq;mq;710.000000;1109.000000;mq;mq;mq;mq;mq;mq;mq;mq;mq;mq;mq;mq;mq;mq;
07207;20110907000000;mq;mq;mq;340;9.800000;288.450000;287.450000;94;mq;mq;mq;mq;mq;mq;mq;mq;mq;mq;mq;mq;mq;mq;mq;mq;mq;mq;mq;mq;mq;mq;19.000000;-10;mq;mq;mq;mq;0.400000;0.800000;0.800000;mq;mq;710.000000;1119.000000;mq;mq;mq;mq;mq;mq;mq;mq;mq;mq;mq;mq;mq;mq;
07222;20110907000000;101830;-100;6;250;6.700000;290.850000;290.350000;97;3100;10;mq;mq;100;mq;150;mq;mq;mq;101520;mq;mq;mq;mq;mq;mq;mq;mq;mq;mq;mq;11.300000;-10;mq;mq;mq;mq;1.000000;1.000000;1.000000;mq;mq;710.000000;1111.000000;mq;mq;mq;mq;mq;mq;mq;mq;mq;mq;mq;mq;mq;mq;
07240;20110907000000;101760;-100;8;210;6.200000;290.950000;287.050000;78;30000;2;1;1;90;7;800;35;61;60;100440;mq;mq;mq;mq;mq;mq;mq;mq;mq;mq;mq;12.300000;-10;mq;mq;0.000000;-60;0.000000;0.000000;0.000000;mq;mq;710.000000;1112.000000;3100.000000;mq;7;6;720;mq;mq;mq;mq;mq;mq;mq;mq;mq;
07255;20110907000000;102000;-60;6;240;6.200000;289.550000;285.850000;79;20000;0;mq;mq;mq;mq;mq;mq;mq;mq;100040;mq;mq;mq;mq;mq;mq;mq;mq;mq;mq;mq;12.300000;-10;mq;mq;mq;mq;0.000000;0.000000;0.000000;mq;mq;710.000000;1112.000000;mq;mq;mq;mq;mq;mq;mq;mq;mq;mq;mq;mq;mq;mq;
07280;20110907000000;101910;-100;6;200;6.200000;290.550000;284.550000;68;60000;0;mq;mq;mq;mq;mq;mq;mq;mq;99250;mq;mq;mq;mq;mq;mq;mq;mq;mq;mq;mq;9.300000;-10;mq;mq;mq;mq;0.000000;0.000000;0.000000;mq;mq;710.000000;1109.000000;mq;mq;mq;mq;mq;mq;mq;mq;mq;mq;mq;mq;mq;mq;
07299;20110907000000;101870;-160;6;230;1.500000;287.150000;285.050000;87;60000;0;mq;mq;75;mq;mq;mq;mq;mq;98640;mq;mq;mq;mq;mq;mq;mq;mq;mq;mq;mq;4.600000;-10;mq;mq;mq;mq;0.000000;0.000000;0.000000;mq;mq;710.000000;1105.000000;mq;mq;mq;mq;mq;mq;mq;mq;mq;mq;mq;mq;mq;mq;
07314;20110907000000;102160;-120;8;240;11.300000;292.750000;289.750000;83;15000;2;1;1;75;4;1250;38;27;10;101890;mq;mq;mq;mq;mq;mq;mq;mq;mq;mq;mq;15.400000;-10;mq;mq;mq;mq;0.000000;0.000000;0.000000;mq;mq;710.000000;1115.000000;2447.000000;mq;3;8;990;mq;mq;mq;mq;mq;mq;mq;mq;mq;
07335;20110907000000;102060;-100;8;220;6.200000;289.850000;287.850000;88;45000;0;mq;mq;100;mq;450;mq;mq;mq;100640;mq;mq;mq;mq;mq;mq;mq;mq;mq;mq;mq;10.300000;-10;mq;mq;mq;mq;0.000000;0.000000;0.000000;mq;mq;710.000000;1110.000000;mq;mq;mq;mq;mq;mq;mq;mq;mq;mq;mq;mq;mq;mq;
07434;20110907000000;102320;-10;8;220;3.600000;286.950000;285.650000;92;50000;0;mq;mq;100;mq;250;mq;mq;mq;97580;mq;mq;mq;mq;mq;mq;mq;mq;mq;mq;mq;6.700000;-10;mq;mq;mq;mq;0.000000;0.000000;0.000000;mq;mq;710.000000;1107.000000;mq;mq;mq;mq;mq;mq;mq;mq;mq;mq;mq;mq;mq;mq;
07460;20110907000000;102150;-50;6;170;3.600000;288.950000;282.650000;66;40000;2;1;1;60;0;8000;30;20;12;98320;mq;mq;mq;mq;mq;mq;mq;mq;mq;mq;mq;7.200000;-10;mq;mq;0.000000;-60;0.000000;0.000000;0.000000;mq;mq;710.000000;1107.000000;3100.000000;mq;5;0;7500;mq;mq;mq;mq;mq;mq;mq;mq;mq;
07471;20110907000000;mq;-60;8;140;2.100000;286.250000;281.150000;71;20000;0;mq;mq;mq;mq;mq;mq;mq;mq;92770;85000;18220;mq;mq;mq;mq;mq;mq;mq;mq;mq;5.100000;-10;mq;mq;mq;mq;0.000000;0.000000;0.000000;mq;mq;710.000000;1105.000000;mq;mq;mq;mq;mq;mq;mq;mq;mq;mq;mq;mq;mq;mq;
07481;20110907000000;102150;-40;7;170;3.100000;289.450000;283.750000;69;40000;2;1;1;50;0;8000;30;20;12;99320;mq;mq;mq;mq;mq;mq;mq;mq;mq;mq;mq;5.100000;-10;mq;mq;0.000000;-60;0.000000;0.000000;0.000000;mq;mq;710.000000;1105.000000;3100.000000;mq;4;0;7500;mq;mq;mq;mq;mq;mq;mq;mq;mq;
07510;20110907000000;102440;-20;8;210;2.100000;288.450000;287.950000;97;20000;2;1;1;75;2;800;35;20;12;101790;mq;mq;mq;mq;mq;mq;mq;mq;mq;mq;mq;5.100000;-10;mq;mq;0.000000;-60;0.000000;0.000000;0.000000;mq;mq;710.000000;1105.000000;3100.000000;mq;2;6;600;6;0;7800;mq;mq;mq;mq;mq;mq;
07535;20110907000000;102500;40;1;240;1.000000;285.850000;283.050000;83;mq;mq;mq;mq;mq;mq;mq;mq;mq;mq;99380;mq;mq;mq;mq;mq;mq;mq;mq;mq;mq;mq;2.600000;-10;mq;mq;mq;mq;0.000000;0.000000;0.000000;mq;mq;710.000000;1103.000000;mq;mq;mq;mq;mq;mq;mq;mq;mq;mq;mq;mq;mq;mq;
07558;20110907000000;102450;-50;8;310;3.600000;287.350000;280.850000;65;mq;mq;mq;mq;mq;mq;mq;mq;mq;mq;94190;mq;mq;mq;mq;mq;mq;mq;mq;mq;mq;mq;5.700000;-10;mq;mq;mq;mq;0.000000;0.000000;0.000000;mq;mq;710.000000;1106.000000;mq;mq;mq;mq;mq;mq;mq;mq;mq;mq;mq;mq;mq;mq;
07577;20110907000000;102200;-40;8;0;0.000000;286.450000;283.850000;84;20000;0;mq;mq;mq;mq;mq;mq;mq;mq;101310;mq;mq;mq;mq;mq;mq;mq;mq;mq;mq;mq;1.500000;-10;mq;mq;mq;mq;0.000000;0.000000;0.000000;mq;mq;710.000000;1102.000000;mq;mq;mq;mq;mq;mq;mq;mq;mq;mq;mq;mq;mq;mq;
07591;20110907000000;mq;20;0;20;1.500000;286.850000;283.050000;78;mq;0;mq;mq;mq;mq;mq;mq;mq;mq;92320;mq;mq;mq;mq;mq;mq;mq;mq;mq;mq;mq;2.600000;-10;mq;mq;mq;mq;0.000000;0.000000;0.000000;mq;mq;710.000000;1103.000000;mq;mq;mq;mq;mq;mq;mq;mq;mq;mq;mq;mq;mq;mq;
07607;20110907000000;102580;60;1;0;0.000000;286.450000;283.650000;83;55000;0;mq;mq;mq;mq;mq;mq;mq;mq;101870;mq;mq;mq;mq;mq;mq;mq;mq;mq;mq;mq;1.500000;-10;mq;mq;mq;mq;0.000000;0.000000;0.000000;mq;mq;710.000000;1102.000000;mq;mq;mq;mq;mq;mq;mq;mq;mq;mq;mq;mq;mq;mq;
07621;20110907000000;102650;30;3;160;2.600000;286.550000;284.450000;87;45000;0;mq;mq;mq;mq;mq;mq;mq;mq;98330;mq;mq;mq;mq;mq;mq;mq;mq;mq;mq;mq;3.600000;-10;mq;mq;mq;mq;0.000000;0.000000;0.000000;mq;mq;710.000000;1104.000000;mq;mq;mq;mq;mq;mq;mq;mq;mq;mq;mq;mq;mq;mq;
07627;20110907000000;102630;-20;8;260;0.500000;284.650000;283.550000;93;mq;mq;mq;mq;mq;mq;mq;mq;mq;mq;97740;mq;mq;mq;mq;mq;mq;mq;mq;mq;mq;mq;2.600000;-10;mq;mq;mq;mq;0.000000;0.000000;0.000000;mq;mq;710.000000;1103.000000;mq;mq;mq;mq;mq;mq;mq;mq;mq;mq;mq;mq;mq;mq;
07630;20110907000000;102500;0;5;180;1.000000;288.150000;284.150000;77;60000;0;mq;mq;mq;mq;mq;mq;mq;mq;100710;mq;mq;mq;mq;mq;mq;mq;mq;mq;mq;mq;4.100000;-10;mq;mq;mq;mq;0.000000;0.000000;0.000000;mq;mq;710.000000;1104.000000;mq;mq;mq;mq;mq;mq;mq;mq;mq;mq;mq;mq;mq;mq;
07643;20110907000000;102190;20;0;270;3.600000;294.750000;281.250000;42;60000;2;1;1;60;0;8000;30;20;11;102100;mq;mq;mq;mq;mq;mq;mq;mq;mq;mq;mq;6.200000;-10;mq;mq;mq;mq;0.000000;0.000000;0.000000;mq;mq;710.000000;1106.000000;mq;mq;5;0;7800;mq;mq;mq;mq;mq;mq;mq;mq;mq;
07650;20110907000000;102110;-80;8;100;1.500000;291.550000;287.450000;77;50000;0;mq;mq;mq;mq;mq;mq;mq;mq;101730;mq;mq;mq;mq;mq;mq;mq;mq;mq;mq;mq;3.100000;-10;mq;mq;mq;mq;0.000000;0.000000;0.000000;mq;mq;710.000000;1103.000000;mq;mq;mq;mq;mq;mq;mq;mq;mq;mq;mq;mq;mq;mq;
07661;20110907000000;102030;-60;8;350;9.300000;293.350000;288.150000;72;mq;mq;mq;mq;mq;mq;mq;mq;mq;mq;100460;mq;mq;mq;mq;mq;mq;mq;mq;mq;mq;mq;12.300000;-10;mq;mq;mq;mq;0.000000;0.000000;0.000000;mq;mq;710.000000;1112.000000;mq;mq;mq;mq;mq;mq;mq;mq;mq;mq;mq;mq;mq;mq;
07690;20110907000000;101940;-120;8;310;3.600000;294.650000;290.650000;78;40000;2;1;1;0;mq;mq;mq;mq;mq;101610;mq;mq;mq;mq;mq;mq;mq;mq;mq;mq;mq;5.100000;-10;mq;mq;0.000000;-60;0.000000;0.000000;0.000000;mq;mq;710.000000;1105.000000;3100.000000;mq;mq;mq;mq;mq;mq;mq;mq;mq;mq;mq;mq;mq;
07747;20110907000000;102320;0;0;270;2.100000;294.450000;282.950000;48;60000;0;mq;mq;mq;mq;mq;mq;mq;mq;101800;mq;mq;mq;mq;mq;mq;mq;mq;mq;mq;mq;5.100000;-10;mq;mq;mq;mq;0.000000;0.000000;0.000000;mq;mq;710.000000;1105.000000;mq;mq;mq;mq;mq;mq;mq;mq;mq;mq;mq;mq;mq;mq;
07761;20110907000000;102120;-30;7;30;1.500000;293.150000;289.950000;82;20000;2;1;1;60;5;800;35;20;10;102010;mq;mq;mq;mq;mq;mq;mq;mq;mq;mq;mq;2.600000;-10;mq;mq;0.000000;-60;0.000000;0.000000;0.000000;mq;mq;710.000000;1103.000000;3100.000000;mq;5;6;840;mq;mq;mq;mq;mq;mq;mq;mq;mq;
07790;20110907000000;101940;-50;8;230;4.600000;294.950000;288.550000;67;60000;0;mq;mq;mq;mq;mq;mq;mq;mq;101800;mq;mq;mq;mq;mq;mq;mq;mq;mq;mq;mq;10.300000;-10;mq;mq;mq;mq;0.000000;0.000000;0.000000;mq;mq;710.000000;1110.000000;mq;mq;mq;mq;mq;mq;mq;mq;mq;mq;mq;mq;mq;mq;
61970;20110907000000;101730;mq;mq;mq;mq;297.350000;292.250000;73;mq;mq;mq;mq;mq;mq;mq;mq;mq;mq;mq;mq;mq;80;mq;mq;mq;mq;mq;mq;mq;mq;mq;mq;mq;mq;mq;mq;0.000000;mq;0.000000;mq;mq;mq;mq;mq;mq;mq;mq;mq;mq;mq;mq;mq;mq;mq;mq;mq;mq;
61972;20110907000000;102180;mq;mq;160;5.700000;293.750000;289.150000;75;mq;mq;mq;mq;mq;mq;mq;mq;mq;mq;mq;mq;mq;90;mq;mq;mq;mq;mq;mq;mq;mq;10.800000;-10;mq;mq;mq;mq;0.000000;mq;0.000000;mq;mq;710.000000;1111.000000;mq;mq;mq;mq;mq;mq;mq;mq;mq;mq;mq;mq;mq;mq;
61980;20110907000000;101910;mq;mq;180;2.100000;291.750000;288.650000;82;10000;2;1;1;10;1;800;31;20;10;mq;mq;mq;30;mq;mq;mq;mq;mq;mq;mq;mq;4.100000;-10;mq;mq;mq;mq;0.000000;mq;0.000000;mq;mq;710.000000;1104.000000;mq;mq;1;8;600;mq;mq;mq;mq;mq;mq;mq;mq;mq;
61996;20110907000000;mq;mq;mq;350;3.100000;284.450000;mq;mq;mq;mq;mq;mq;mq;mq;mq;mq;mq;mq;mq;mq;mq;mq;mq;mq;mq;mq;mq;mq;mq;mq;5.700000;-10;mq;mq;mq;mq;0.000000;mq;0.000000;mq;mq;710.000000;1106.000000;mq;mq;mq;mq;mq;mq;mq;mq;mq;mq;mq;mq;mq;mq;
61997;20110907000000;98650;mq;mq;240;12.900000;271.750000;269.550000;83;mq;mq;mq;mq;mq;mq;mq;mq;mq;mq;mq;mq;mq;820;mq;mq;mq;mq;mq;mq;mq;mq;23.100000;-60;mq;mq;mq;mq;mq;mq;0.000000;mq;mq;1123.000000;mq;mq;mq;mq;mq;mq;mq;mq;mq;mq;mq;mq;mq;mq;mq;
61998;20110907000000;97750;mq;mq;180;3.600000;272.750000;272.150000;95;2000;71;7;mq;100;8;250;37;61;60;mq;mq;mq;60;mq;mq;mq;mq;mq;mq;mq;mq;4.600000;-10;mq;mq;mq;mq;0.600000;mq;0.600000;mq;mq;710.000000;1105.000000;mq;mq;8;7;240;mq;mq;mq;mq;mq;mq;mq;mq;mq;
67005;20110907000000;101620;mq;mq;150;3.100000;297.550000;293.850000;80;mq;0;mq;mq;mq;mq;mq;mq;mq;mq;mq;mq;mq;10;mq;mq;mq;mq;mq;mq;mq;mq;5.100000;-10;mq;mq;mq;mq;0.000000;mq;0.000000;mq;mq;710.000000;1105.000000;mq;mq;mq;mq;mq;mq;mq;mq;mq;mq;mq;mq;mq;mq;
71805;20110907000000;100800;-110;5;250;9.800000;289.850000;289.650000;99;16000;0;mq;mq;100;mq;450;mq;mq;mq;100720;mq;mq;mq;mq;mq;mq;mq;mq;mq;mq;mq;18.500000;-10;mq;mq;mq;mq;0.200000;0.800000;0.800000;mq;mq;710.000000;1119.000000;mq;mq;mq;mq;mq;mq;mq;mq;mq;mq;mq;mq;mq;mq;
78897;20110907000000;101450;120;3;70;2.600000;300.150000;297.450000;85;25000;1;9;8;60;3;800;38;20;12;mq;mq;mq;20;296.350000;mq;305.350000;mq;mq;mq;mq;mq;mq;mq;mq;mq;mq;mq;mq;mq;0.200000;mq;0.200000;mq;mq;mq;mq;3;8;690;3;0;7800;mq;mq;mq;mq;mq;mq;
78922;20110907000000;101340;50;3;90;3.100000;300.950000;296.150000;75;mq;mq;mq;mq;mq;mq;mq;mq;mq;mq;100900;mq;mq;mq;mq;mq;mq;mq;mq;mq;mq;mq;mq;mq;mq;mq;mq;mq;mq;mq;mq;mq;mq;mq;mq;mq;mq;mq;mq;mq;mq;mq;mq;mq;mq;mq;mq;mq;mq;
78925;20110907000000;101310;30;3;30;2.100000;299.450000;298.050000;92;25000;2;1;1;50;2;800;32;20;12;mq;mq;mq;mq;296.250000;mq;305.350000;mq;mq;mq;mq;mq;mq;mq;mq;mq;mq;mq;mq;mq;0.000000;mq;10.400000;mq;mq;mq;mq;2;8;900;3;0;7800;mq;mq;mq;mq;mq;mq;
81401;20110907000000;101210;mq;mq;50;1.000000;297.650000;296.250000;92;mq;mq;mq;mq;mq;mq;mq;mq;mq;mq;101150;mq;mq;mq;mq;mq;308.050000;mq;mq;mq;mq;mq;mq;mq;mq;mq;mq;mq;mq;0.000000;9.000000;mq;mq;mq;mq;mq;mq;mq;mq;mq;mq;mq;mq;mq;mq;mq;mq;mq;mq;
81405;20110907000000;101310;mq;mq;0;0.000000;298.650000;296.550000;88;29000;0;mq;mq;mq;mq;mq;mq;mq;mq;101220;mq;mq;mq;mq;mq;305.250000;mq;mq;mq;mq;mq;mq;mq;mq;mq;mq;mq;mq;0.000000;0.000000;mq;mq;mq;mq;mq;mq;mq;mq;mq;mq;mq;mq;mq;mq;mq;mq;mq;mq;
81408;20110907000000;101290;mq;mq;70;0.500000;298.950000;296.250000;85;mq;mq;mq;mq;mq;mq;mq;mq;mq;mq;101210;mq;mq;mq;mq;mq;306.650000;mq;mq;mq;mq;mq;mq;mq;mq;mq;mq;mq;mq;0.000000;0.000000;mq;mq;mq;mq;mq;mq;mq;mq;mq;mq;mq;mq;mq;mq;mq;mq;mq;mq;
81415;20110907000000;101280;mq;mq;0;0.000000;296.950000;295.550000;92;mq;mq;mq;mq;mq;mq;mq;mq;mq;mq;100070;mq;mq;mq;mq;mq;mq;mq;mq;mq;mq;mq;mq;mq;mq;mq;mq;mq;3.000000;3.000000;3.000000;mq;mq;mq;mq;mq;mq;mq;mq;mq;mq;mq;mq;mq;mq;mq;mq;mq;mq;
89642;20110907000000;99210;-210;8;210;1.000000;258.350000;253.050000;61;40000;2;1;1;75;5;3500;30;23;11;98650;mq;mq;mq;258.250000;mq;264.450000;mq;mq;mq;mq;mq;mq;mq;mq;mq;mq;mq;mq;mq;mq;mq;mq;mq;mq;mq;mq;3;3;3300;6;0;4800;mq;mq;mq;mq;mq;mq;
07005;20110907030000;101220;130;1;260;8.700000;287.050000;283.650000;80;mq;mq;mq;mq;mq;mq;mq;mq;mq;mq;100340;mq;mq;mq;mq;mq;mq;mq;mq;mq;mq;mq;12.900000;-10;mq;mq;mq;mq;0.600000;0.600000;mq;mq;mq;710.000000;1113.000000;mq;mq;mq;mq;mq;mq;mq;mq;mq;mq;mq;mq;mq;mq;
07015;20110907030000;101070;140;2;250;4.600000;286.850000;283.850000;82;20000;0;mq;mq;50;4;800;35;20;10;100510;mq;mq;mq;mq;mq;mq;mq;mq;mq;mq;mq;9.300000;-10;mq;mq;0.000000;-30;0.000000;0.000000;mq;mq;mq;710.000000;1109.000000;3100.000000;mq;4;6;840;mq;mq;mq;mq;mq;mq;mq;mq;mq;
07020;20110907030000;101490;60;2;270;10.800000;288.650000;284.850000;78;mq;mq;mq;mq;mq;mq;mq;mq;mq;mq;101230;mq;mq;mq;mq;mq;mq;mq;mq;mq;mq;mq;15.900000;-10;mq;mq;mq;mq;0.000000;0.000000;mq;mq;mq;710.000000;1116.000000;mq;mq;mq;mq;mq;mq;mq;mq;mq;mq;mq;mq;mq;mq;
07027;20110907030000;101540;70;3;250;5.700000;286.050000;284.150000;88;35000;0;mq;mq;mq;mq;mq;mq;mq;mq;100740;mq;mq;mq;mq;mq;mq;mq;mq;mq;mq;mq;8.200000;-10;mq;mq;mq;mq;0.000000;0.000000;mq;mq;mq;710.000000;1108.000000;mq;mq;mq;mq;mq;mq;mq;mq;mq;mq;mq;mq;mq;mq;
07037;20110907030000;101460;140;3;240;5.100000;285.650000;284.750000;94;15000;mq;mq;mq;mq;mq;450;mq;mq;mq;99650;mq;mq;mq;mq;mq;mq;mq;mq;mq;mq;mq;8.700000;-10;mq;mq;mq;mq;0.000000;0.200000;mq;mq;mq;710.000000;1109.000000;mq;mq;mq;mq;mq;mq;mq;mq;mq;mq;mq;mq;mq;mq;
07110;20110907030000;101800;20;3;260;2.600000;285.050000;284.450000;96;15000;2;1;1;10;1;800;35;20;10;100660;mq;mq;mq;mq;mq;mq;mq;mq;mq;mq;mq;5.700000;-10;mq;mq;0.000000;-30;0.000000;0.000000;mq;mq;mq;710.000000;1106.000000;3100.000000;mq;1;6;750;mq;mq;mq;mq;mq;mq;mq;mq;mq;
07117;20110907030000;101670;50;3;270;6.200000;287.250000;285.150000;87;12000;2;1;1;25;2;800;34;20;10;100980;mq;mq;mq;mq;mq;mq;mq;mq;mq;mq;mq;14.400000;-10;mq;mq;mq;mq;0.000000;0.000000;mq;mq;mq;710.000000;1114.000000;2447.000000;mq;mq;mq;mq;mq;mq;mq;mq;mq;mq;mq;mq;mq;
07130;20110907030000;101790;100;2;260;3.100000;285.750000;284.850000;94;20000;0;mq;mq;mq;mq;mq;mq;mq;mq;101270;mq;mq;mq;mq;mq;mq;mq;mq;mq;mq;mq;4.600000;-10;mq;mq;mq;mq;0.000000;0.000000;mq;mq;mq;710.000000;1105.000000;mq;mq;mq;mq;mq;mq;mq;mq;mq;mq;mq;mq;mq;mq;
07139;20110907030000;101630;50;3;250;2.600000;286.150000;284.250000;88;mq;mq;mq;mq;mq;mq;mq;mq;mq;mq;99910;mq;mq;mq;mq;mq;mq;mq;mq;mq;mq;mq;5.100000;-10;mq;mq;mq;mq;0.000000;0.000000;mq;mq;mq;710.000000;1105.000000;mq;mq;mq;mq;mq;mq;mq;mq;mq;mq;mq;mq;mq;mq;
07149;20110907030000;101560;180;3;280;3.600000;286.750000;285.450000;92;15000;21;6;2;60;5;1250;35;20;10;100480;mq;mq;mq;mq;mq;mq;mq;mq;mq;mq;mq;8.200000;-10;mq;mq;0.000000;-30;0.000000;2.000000;mq;mq;mq;710.000000;1108.000000;3100.000000;mq;5;6;990;mq;mq;mq;mq;mq;mq;mq;mq;mq;
07168;20110907030000;101550;-10;5;230;10.800000;290.950000;286.050000;73;20000;0;mq;mq;mq;mq;mq;mq;mq;mq;100160;mq;mq;mq;mq;mq;mq;mq;mq;mq;mq;mq;15.900000;-10;mq;mq;mq;mq;0.000000;0.000000;mq;mq;mq;710.000000;1116.000000;mq;mq;mq;mq;mq;mq;mq;mq;mq;mq;mq;mq;mq;mq;
07181;20110907030000;101500;-80;6;230;8.700000;286.950000;286.350000;96;6000;61;mq;mq;100;mq;250;mq;mq;mq;97480;mq;mq;mq;mq;mq;mq;mq;mq;mq;mq;mq;14.900000;-10;mq;mq;mq;mq;1.000000;1.000000;mq;mq;mq;710.000000;1115.000000;mq;mq;mq;mq;mq;mq;mq;mq;mq;mq;mq;mq;mq;mq;
07190;20110907030000;101470;-120;6;230;8.200000;291.550000;284.150000;62;45000;60;mq;mq;100;mq;1250;mq;mq;mq;99700;mq;mq;mq;mq;mq;mq;mq;mq;mq;mq;mq;13.900000;-10;mq;mq;mq;mq;0.000000;0.000000;mq;mq;mq;710.000000;1114.000000;mq;mq;mq;mq;mq;mq;mq;mq;mq;mq;mq;mq;mq;mq;
07207;20110907030000;mq;mq;mq;310;4.600000;289.150000;285.650000;80;12000;2;1;1;0;mq;mq;mq;mq;mq;mq;mq;mq;mq;mq;mq;mq;mq;mq;mq;mq;mq;9.300000;-10;mq;mq;mq;mq;0.000000;0.000000;mq;mq;mq;710.000000;1109.000000;2447.000000;mq;mq;mq;mq;mq;mq;mq;mq;mq;mq;mq;mq;mq;
07222;20110907030000;101840;10;3;300;4.100000;288.950000;287.850000;93;10000;21;6;2;90;7;450;35;61;60;101530;mq;mq;mq;mq;mq;mq;mq;mq;mq;mq;mq;11.300000;-10;mq;mq;mq;mq;0.200000;1.000000;mq;mq;mq;710.000000;1111.000000;mq;mq;7;6;480;mq;mq;mq;mq;mq;mq;mq;mq;mq;
07240;20110907030000;101680;-80;8;220;7.200000;289.950000;289.150000;95;10000;51;mq;mq;100;7;150;37;61;60;100360;mq;mq;mq;mq;mq;mq;mq;mq;mq;mq;mq;10.800000;-10;mq;mq;0.000000;-30;0.000000;0.400000;mq;mq;mq;710.000000;1111.000000;3100.000000;mq;7;7;180;mq;mq;mq;mq;mq;mq;mq;mq;mq;
07255;20110907030000;101860;-140;7;230;7.700000;289.450000;287.250000;87;20000;0;mq;mq;100;mq;450;mq;mq;mq;99900;mq;mq;mq;mq;mq;mq;mq;mq;mq;mq;mq;13.900000;-10;mq;mq;mq;mq;0.000000;0.000000;mq;mq;mq;710.000000;1114.000000;mq;mq;mq;mq;mq;mq;mq;mq;mq;mq;mq;mq;mq;mq;
07280;20110907030000;101840;-70;6;210;6.700000;290.050000;284.750000;71;60000;0;mq;mq;100;mq;800;mq;mq;mq;99180;mq;mq;mq;mq;mq;mq;mq;mq;mq;mq;mq;10.800000;-10;mq;mq;mq;mq;0.000000;0.000000;mq;mq;mq;710.000000;1111.000000;mq;mq;mq;mq;mq;mq;mq;mq;mq;mq;mq;mq;mq;mq;
07299;20110907030000;101760;-60;5;250;5.100000;290.850000;283.750000;63;40000;2;1;1;100;1;1250;35;27;12;98580;mq;mq;mq;mq;mq;mq;mq;mq;mq;mq;mq;12.300000;-10;mq;mq;0.000000;-30;0.000000;0.000000;mq;mq;mq;710.000000;1112.000000;3100.000000;mq;1;6;1200;6;3;3900;7;0;6900;mq;mq;mq;
07314;20110907030000;102040;-120;6;240;11.800000;292.350000;291.350000;94;mq;mq;mq;mq;mq;mq;mq;mq;mq;mq;101770;mq;mq;mq;mq;mq;mq;mq;mq;mq;mq;mq;15.900000;-10;mq;mq;mq;mq;0.200000;0.200000;mq;mq;mq;710.000000;1116.000000;mq;mq;mq;mq;mq;mq;mq;mq;mq;mq;mq;mq;mq;mq;
07335;20110907030000;101950;-110;6;210;7.200000;289.350000;288.550000;95;8000;0;mq;mq;100;mq;250;mq;mq;mq;100530;mq;mq;mq;mq;mq;mq;mq;mq;mq;mq;mq;10.300000;-10;mq;mq;mq;mq;0.000000;0.000000;mq;mq;mq;710.000000;1110.000000;mq;mq;mq;mq;mq;mq;mq;mq;mq;mq;mq;mq;mq;mq;
07434;20110907030000;102220;-90;7;220;5.700000;287.550000;286.550000;94;19000;0;mq;mq;100;mq;250;mq;mq;mq;97490;mq;mq;mq;mq;mq;mq;mq;mq;mq;mq;mq;8.700000;-10;mq;mq;mq;mq;0.000000;0.000000;mq;mq;mq;710.000000;1109.000000;mq;mq;mq;mq;mq;mq;mq;mq;mq;mq;mq;mq;mq;mq;
07460;20110907030000;102100;-30;5;220;2.100000;290.150000;281.550000;57;40000;1;mq;mq;40;0;8000;30;20;12;98290;mq;mq;mq;mq;mq;mq;mq;mq;mq;mq;mq;5.700000;-10;mq;mq;0.000000;-30;0.000000;0.000000;mq;mq;mq;710.000000;1106.000000;3100.000000;mq;3;0;7500;mq;mq;mq;mq;mq;mq;mq;mq;mq;
07471;20110907030000;mq;-160;8;160;1.500000;285.050000;281.350000;78;20000;0;mq;mq;mq;mq;mq;mq;mq;mq;92610;85000;18070;mq;mq;mq;mq;mq;mq;mq;mq;mq;3.600000;-10;mq;mq;mq;mq;0.000000;0.000000;mq;mq;mq;710.000000;1104.000000;mq;mq;mq;mq;mq;mq;mq;mq;mq;mq;mq;mq;mq;mq;
07481;20110907030000;102090;-80;7;150;3.600000;287.250000;283.650000;79;40000;2;1;1;60;0;8000;30;20;12;99240;mq;mq;mq;mq;mq;mq;mq;mq;mq;mq;mq;5.700000;-10;mq;mq;0.000000;-30;0.000000;0.000000;mq;mq;mq;710.000000;1106.000000;3100.000000;mq;5;0;7500;mq;mq;mq;mq;mq;mq;mq;mq;mq;
07510;20110907030000;102320;-120;8;190;3.100000;288.150000;287.850000;98;20000;2;1;1;50;1;800;35;20;12;101670;mq;mq;mq;mq;mq;mq;mq;mq;mq;mq;mq;4.600000;-10;mq;mq;0.000000;-30;0.000000;0.000000;mq;mq;mq;710.000000;1105.000000;3100.000000;mq;1;6;690;4;0;7800;mq;mq;mq;mq;mq;mq;
07535;20110907030000;102460;-50;8;150;1.000000;285.250000;283.950000;92;mq;mq;mq;mq;mq;mq;mq;mq;mq;mq;99330;mq;mq;mq;mq;mq;mq;mq;mq;mq;mq;mq;2.100000;-10;mq;mq;mq;mq;0.000000;0.000000;mq;mq;mq;710.000000;1102.000000;mq;mq;mq;mq;mq;mq;mq;mq;mq;mq;mq;mq;mq;mq;
07558;20110907030000;102300;-110;6;300;7.200000;288.150000;282.050000;67;mq;mq;mq;mq;mq;mq;mq;mq;mq;mq;94080;mq;mq;mq;mq;mq;mq;mq;mq;mq;mq;mq;11.300000;-10;mq;mq;mq;mq;0.000000;0.000000;mq;mq;mq;710.000000;1111.000000;mq;mq;mq;mq;mq;mq;mq;mq;mq;mq;mq;mq;mq;mq;
07577;20110907030000;102140;-70;6;0;0.000000;285.050000;283.750000;92;20000;0;mq;mq;mq;mq;mq;mq;mq;mq;101240;mq;mq;mq;mq;mq;mq;mq;mq;mq;mq;mq;1.000000;-10;mq;mq;mq;mq;0.000000;0.000000;mq;mq;mq;710.000000;1101.000000;mq;mq;mq;mq;mq;mq;mq;mq;mq;mq;mq;mq;mq;mq;
07591;20110907030000;mq;-130;6;40;0.500000;285.250000;282.850000;85;mq;0;mq;mq;mq;mq;mq;mq;mq;mq;92190;mq;mq;mq;mq;mq;mq;mq;mq;mq;mq;mq;2.100000;-10;mq;mq;mq;mq;0.000000;0.000000;mq;mq;mq;710.000000;1102.000000;mq;mq;mq;mq;mq;mq;mq;mq;mq;mq;mq;mq;mq;mq;
07607;20110907030000;102490;-100;8;0;0.000000;285.650000;283.850000;89;11000;0;mq;mq;mq;mq;mq;mq;mq;mq;101770;mq;mq;mq;mq;mq;mq;mq;mq;mq;mq;mq;1.500000;-10;mq;mq;mq;mq;0.000000;0.000000;mq;mq;mq;710.000000;1102.000000;mq;mq;mq;mq;mq;mq;mq;mq;mq;mq;mq;mq;mq;mq;
07621;20110907030000;102570;-90;8;160;3.100000;285.250000;283.350000;88;30000;2;mq;mq;0;mq;mq;mq;mq;mq;98240;mq;mq;mq;mq;mq;mq;mq;mq;mq;mq;mq;4.100000;-10;mq;mq;0.000000;-30;0.000000;0.000000;mq;mq;mq;710.000000;1104.000000;3100.000000;mq;mq;mq;mq;mq;mq;mq;mq;mq;mq;mq;mq;mq;
07627;20110907030000;102600;-60;8;290;2.600000;283.050000;281.950000;93;mq;mq;mq;mq;mq;mq;mq;mq;mq;mq;97680;mq;mq;mq;mq;mq;mq;mq;mq;mq;mq;mq;3.600000;-10;mq;mq;mq;mq;0.200000;0.200000;mq;mq;mq;710.000000;1104.000000;mq;mq;mq;mq;mq;mq;mq;mq;mq;mq;mq;mq;mq;mq;
07630;20110907030000;102480;-30;8;280;2.100000;287.850000;283.650000;76;40000;2;1;1;75;0;8000;30;20;11;100680;mq;mq;mq;mq;mq;mq;mq;mq;mq;mq;mq;3.100000;-10;mq;mq;0.000000;-30;0.000000;0.000000;mq;mq;mq;710.000000;1103.000000;3100.000000;mq;6;0;7800;mq;mq;mq;mq;mq;mq;mq;mq;mq;
07643;20110907030000;102090;-100;7;270;8.700000;293.850000;281.450000;45;60000;3;mq;mq;75;0;8000;30;20;11;102000;mq;mq;mq;mq;mq;mq;mq;mq;mq;mq;mq;11.300000;-10;mq;mq;mq;mq;0.000000;0.000000;mq;mq;mq;710.000000;1111.000000;mq;mq;6;0;7800;mq;mq;mq;mq;mq;mq;mq;mq;mq;
07650;20110907030000;101990;-120;8;140;1.500000;288.850000;286.850000;88;30000;0;mq;mq;90;0;8000;30;20;12;101610;mq;mq;mq;mq;mq;mq;mq;mq;mq;mq;mq;2.600000;-10;mq;mq;0.000000;-30;0.000000;0.000000;mq;mq;mq;710.000000;1103.000000;3100.000000;mq;7;0;8400;mq;mq;mq;mq;mq;mq;mq;mq;mq;
07661;20110907030000;101830;-190;7;330;8.200000;293.150000;288.950000;77;20000;2;1;1;25;0;8000;30;20;12;100270;mq;mq;mq;mq;mq;mq;mq;mq;mq;mq;mq;11.300000;-10;mq;mq;mq;mq;0.000000;0.000000;mq;mq;mq;710.000000;1111.000000;mq;mq;2;0;4800;mq;mq;mq;mq;mq;mq;mq;mq;mq;
07690;20110907030000;101740;-200;7;330;4.100000;293.250000;289.250000;78;40000;2;1;1;25;0;8000;30;20;11;101410;mq;mq;mq;mq;mq;mq;mq;mq;mq;mq;mq;5.100000;-10;mq;mq;0.000000;-30;0.000000;0.000000;mq;mq;mq;710.000000;1105.000000;3100.000000;mq;2;0;6900;mq;mq;mq;mq;mq;mq;mq;mq;mq;
07747;20110907030000;102190;-130;8;170;2.600000;290.750000;283.650000;63;60000;0;mq;mq;mq;mq;mq;mq;mq;mq;101670;mq;mq;mq;mq;mq;mq;mq;mq;mq;mq;mq;4.600000;-10;mq;mq;mq;mq;0.000000;0.000000;mq;mq;mq;710.000000;1105.000000;mq;mq;mq;mq;mq;mq;mq;mq;mq;mq;mq;mq;mq;mq;
07761;20110907030000;102020;-100;8;50;2.600000;291.650000;289.050000;85;20000;2;1;1;40;3;800;35;20;10;101910;mq;mq;mq;mq;mq;mq;mq;mq;mq;mq;mq;3.600000;-10;mq;mq;0.000000;-30;0.000000;0.000000;mq;mq;mq;710.000000;1104.000000;3100.000000;mq;3;6;780;mq;mq;mq;mq;mq;mq;mq;mq;mq;
07790;20110907030000;101810;-130;8;220;4.600000;293.250000;288.450000;74;30000;2;1;1;0;mq;mq;mq;mq;mq;101670;mq;mq;mq;mq;mq;mq;mq;mq;mq;mq;mq;8.200000;-10;mq;mq;0.000000;-30;0.000000;0.000000;mq;mq;mq;710.000000;1108.000000;3100.000000;mq;mq;mq;mq;mq;mq;mq;mq;mq;mq;mq;mq;mq;
61968;20110907030000;101660;mq;mq;0;0.000000;292.850000;291.550000;92;mq;mq;mq;mq;mq;mq;mq;mq;mq;mq;mq;mq;mq;0;mq;mq;mq;mq;mq;mq;mq;mq;1.500000;-10;mq;mq;mq;mq;0.000000;0.000000;mq;mq;mq;710.000000;1102.000000;mq;mq;mq;mq;mq;mq;mq;mq;mq;mq;mq;mq;mq;mq;
61970;20110907030000;101840;mq;mq;mq;mq;297.350000;293.050000;77;mq;mq;mq;mq;mq;mq;mq;mq;mq;mq;mq;mq;mq;120;mq;mq;mq;mq;mq;mq;mq;mq;mq;mq;mq;mq;mq;mq;0.000000;0.000000;mq;mq;mq;mq;mq;mq;mq;mq;mq;mq;mq;mq;mq;mq;mq;mq;mq;mq;mq;
61972;20110907030000;102220;mq;mq;160;5.700000;294.450000;289.450000;73;mq;mq;mq;mq;mq;mq;mq;mq;mq;mq;mq;mq;mq;40;mq;mq;mq;mq;mq;mq;mq;mq;11.300000;-10;mq;mq;mq;mq;0.000000;0.000000;mq;mq;mq;710.000000;1111.000000;mq;mq;mq;mq;mq;mq;mq;mq;mq;mq;mq;mq;mq;mq;
61976;20110907030000;101900;mq;mq;150;7.200000;296.450000;293.250000;82;mq;mq;mq;mq;mq;mq;mq;mq;mq;mq;101750;mq;mq;mq;mq;mq;mq;mq;mq;mq;mq;mq;mq;mq;mq;mq;mq;mq;mq;mq;mq;mq;mq;mq;mq;mq;mq;mq;mq;mq;mq;mq;mq;mq;mq;mq;mq;mq;mq;
61980;20110907030000;102040;mq;mq;180;3.100000;291.850000;288.750000;82;12000;2;1;1;10;1;800;38;20;10;mq;mq;mq;40;mq;mq;mq;mq;mq;mq;mq;mq;4.100000;-10;mq;mq;mq;mq;0.000000;0.000000;mq;mq;mq;710.000000;1104.000000;2427.000000;mq;1;8;690;mq;mq;mq;mq;mq;mq;mq;mq;mq;
61996;20110907030000;mq;mq;mq;350;4.600000;286.550000;mq;mq;mq;mq;mq;mq;mq;mq;mq;mq;mq;mq;mq;mq;mq;mq;mq;mq;mq;mq;mq;mq;mq;mq;6.700000;-10;mq;mq;mq;mq;0.000000;0.000000;mq;mq;mq;710.000000;1107.000000;mq;mq;mq;mq;mq;mq;mq;mq;mq;mq;mq;mq;mq;mq;
61997;20110907030000;98810;mq;mq;240;10.800000;272.150000;269.450000;80;mq;mq;mq;mq;mq;mq;mq;mq;mq;mq;mq;mq;mq;870;mq;mq;mq;mq;mq;mq;mq;mq;26.800000;-30;mq;mq;mq;mq;mq;0.000000;mq;mq;mq;1127.000000;mq;mq;mq;mq;mq;mq;mq;mq;mq;mq;mq;mq;mq;mq;mq;
61998;20110907030000;97950;mq;mq;260;5.700000;272.450000;271.850000;95;2000;70;7;7;100;8;250;37;61;60;mq;mq;mq;mq;mq;mq;mq;mq;mq;mq;mq;mq;9.800000;-10;mq;mq;mq;mq;0.000000;0.600000;mq;mq;mq;710.000000;1110.000000;mq;mq;8;7;240;mq;mq;mq;mq;mq;mq;mq;mq;mq;
67005;20110907030000;101690;mq;mq;120;4.600000;297.850000;293.350000;76;20000;2;1;1;10;1;800;32;20;10;mq;mq;mq;10;mq;mq;mq;mq;mq;mq;mq;mq;6.200000;-10;mq;mq;mq;mq;0.000000;0.000000;mq;mq;mq;710.000000;1106.000000;mq;mq;1;8;600;mq;mq;mq;mq;mq;mq;mq;mq;mq;
71805;20110907030000;100760;-40;7;270;15.900000;287.650000;285.150000;85;21000;0;mq;mq;mq;mq;450;mq;mq;mq;100680;mq;mq;mq;mq;mq;mq;mq;mq;mq;mq;24.200000;26.800000;-10;mq;mq;mq;mq;0.000000;0.000000;mq;mq;mq;1024.000000;710.000000;1127.000000;mq;mq;mq;mq;mq;mq;mq;mq;mq;mq;mq;mq;mq;
78897;20110907030000;101350;-100;8;260;1.000000;298.150000;296.950000;93;25000;2;1;1;60;3;800;38;20;12;mq;mq;mq;mq;mq;mq;mq;mq;mq;mq;mq;mq;mq;mq;mq;mq;mq;mq;mq;mq;mq;mq;mq;mq;mq;mq;mq;3;8;690;3;0;7800;mq;mq;mq;mq;mq;mq;
78922;20110907030000;101370;30;1;70;2.100000;300.650000;295.850000;75;mq;mq;mq;mq;mq;mq;mq;mq;mq;mq;100930;mq;mq;mq;mq;mq;mq;mq;mq;mq;mq;mq;mq;mq;mq;mq;mq;mq;mq;mq;mq;mq;mq;mq;mq;mq;mq;mq;mq;mq;mq;mq;mq;mq;mq;mq;mq;mq;mq;
78925;20110907030000;101360;50;0;140;1.000000;298.350000;297.350000;94;25000;2;1;1;40;1;800;32;20;12;mq;mq;mq;mq;mq;mq;mq;mq;mq;mq;mq;mq;mq;mq;mq;mq;mq;mq;mq;mq;mq;mq;mq;mq;mq;mq;mq;1;8;900;3;0;7800;mq;mq;mq;mq;mq;mq;
81401;20110907030000;101360;mq;mq;70;1.000000;297.750000;296.350000;92;mq;mq;mq;mq;mq;mq;mq;mq;mq;mq;101300;mq;mq;mq;mq;mq;mq;mq;mq;mq;mq;mq;mq;mq;mq;mq;mq;mq;mq;0.000000;mq;mq;mq;mq;mq;mq;mq;mq;mq;mq;mq;mq;mq;mq;mq;mq;mq;mq;mq;
81405;20110907030000;101410;mq;mq;60;0.500000;297.450000;296.450000;94;21000;0;mq;mq;mq;mq;mq;mq;mq;mq;101320;mq;mq;mq;mq;mq;mq;mq;mq;mq;mq;mq;mq;mq;mq;mq;mq;mq;mq;0.000000;mq;mq;mq;mq;mq;mq;mq;mq;mq;mq;mq;mq;mq;mq;mq;mq;mq;mq;mq;
81408;20110907030000;101400;mq;mq;0;0.000000;296.550000;295.850000;96;mq;mq;mq;mq;mq;mq;mq;mq;mq;mq;101320;mq;mq;mq;mq;mq;mq;mq;mq;mq;mq;mq;mq;mq;mq;mq;mq;mq;mq;0.000000;mq;mq;mq;mq;mq;mq;mq;mq;mq;mq;mq;mq;mq;mq;mq;mq;mq;mq;mq;
89642;20110907030000;98830;-380;7;240;0.500000;259.050000;252.750000;55;40000;2;1;1;75;5;3500;30;27;11;98270;mq;mq;mq;mq;mq;mq;mq;mq;mq;mq;mq;mq;mq;mq;mq;mq;mq;mq;mq;mq;mq;mq;mq;mq;mq;mq;6;4;3300;4;0;4800;mq;mq;mq;mq;mq;mq;
07005;20110907060000;101350;130;3;250;7.700000;287.250000;282.650000;74;30000;2;1;1;90;3;800;32;23;12;100470;mq;mq;mq;286.750000;mq;289.350000;mq;285.150000;mq;mq;mq;12.300000;-10;2;0.000000;mq;mq;0.000000;0.000000;mq;6.000000;7.300000;710.000000;1112.000000;mq;mq;3;8;600;3;3;3900;7;0;6900;mq;mq;mq;
07015;20110907060000;101230;160;3;240;5.100000;286.050000;283.250000;83;20000;3;mq;mq;50;1;800;35;27;11;100670;mq;mq;mq;285.750000;mq;289.950000;mq;285.150000;mq;mq;mq;8.200000;-10;1;0.000000;0.000000;-60;0.000000;0.000000;mq;2.000000;3.000000;710.000000;1108.000000;3100.000000;mq;1;6;780;4;0;6900;mq;mq;mq;mq;mq;mq;
07020;20110907060000;101560;70;0;270;10.800000;288.450000;284.250000;76;14000;3;6;2;75;5;800;32;25;11;101300;mq;mq;mq;288.250000;mq;289.350000;mq;mq;mq;mq;mq;14.400000;-10;mq;mq;mq;mq;0.000000;0.000000;mq;0.000000;24.500000;710.000000;1114.000000;mq;mq;3;8;780;mq;mq;mq;mq;mq;mq;mq;mq;mq;
07027;20110907060000;101660;110;3;230;3.600000;285.650000;283.850000;89;30000;2;1;1;90;5;800;38;20;12;100850;mq;mq;mq;285.050000;mq;290.450000;mq;284.150000;mq;mq;mq;6.700000;-10;2;0.000000;0.000000;-60;0.000000;0.000000;mq;6.000000;9.000000;710.000000;1107.000000;3100.000000;mq;2;8;780;5;6;1440;5;0;7800;mq;mq;mq;
07037;20110907060000;101590;120;3;240;5.100000;284.850000;283.750000;93;18000;2;1;1;90;4;450;38;20;11;99770;mq;mq;mq;284.850000;mq;289.950000;mq;284.150000;mq;mq;mq;9.300000;-10;1;0.000000;0.000000;-60;0.000000;0.000000;mq;1.000000;1.000000;710.000000;1109.000000;3100.000000;mq;2;7;300;4;6;1020;5;0;7500;mq;mq;mq;
07110;20110907060000;101900;90;3;240;3.100000;285.150000;284.350000;95;15000;2;1;1;60;3;1250;35;20;11;100750;mq;mq;mq;284.850000;mq;289.750000;mq;284.150000;mq;mq;mq;4.600000;-10;1;0.000000;0.000000;-60;0.000000;0.000000;mq;4.000000;13.300000;710.000000;1105.000000;3100.000000;mq;3;6;1290;3;0;6300;mq;mq;mq;mq;mq;mq;
07117;20110907060000;101780;100;3;270;6.200000;287.050000;284.250000;83;18000;2;1;1;50;4;800;34;20;10;101080;mq;mq;mq;286.850000;mq;289.950000;mq;mq;mq;mq;mq;11.800000;-10;mq;mq;mq;mq;0.000000;0.000000;mq;2.000000;mq;710.000000;1112.000000;2437.000000;mq;mq;mq;mq;mq;mq;mq;mq;mq;mq;mq;mq;mq;
07130;20110907060000;101900;110;3;250;2.600000;285.350000;284.550000;95;17000;0;mq;mq;mq;mq;mq;mq;mq;mq;101380;mq;mq;mq;285.050000;mq;292.050000;mq;283.150000;mq;mq;mq;5.100000;-10;mq;mq;mq;mq;0.000000;0.000000;mq;1.000000;1.000000;710.000000;1105.000000;mq;mq;mq;mq;mq;mq;mq;mq;mq;mq;mq;mq;mq;mq;
07139;20110907060000;101790;160;3;270;4.600000;285.850000;283.550000;86;10000;2;1;1;90;4;800;38;20;12;100070;mq;mq;mq;285.550000;mq;291.450000;mq;285.150000;mq;mq;mq;7.200000;-10;1;0.000000;0.000000;-60;0.000000;0.000000;mq;4.000000;3.800000;710.000000;1107.000000;3100.000000;mq;3;8;690;6;0;6900;mq;mq;mq;mq;mq;mq;
07149;20110907060000;101710;150;3;250;3.100000;286.150000;284.750000;91;17000;1;6;2;90;4;1750;35;20;11;100630;mq;mq;mq;286.050000;mq;293.250000;mq;284.150000;mq;mq;mq;5.700000;-10;2;0.000000;0.000000;-60;0.000000;0.000000;mq;2.000000;1.600000;710.000000;1106.000000;3100.000000;mq;3;6;1500;7;0;7500;mq;mq;mq;mq;mq;mq;
07168;20110907060000;101750;180;3;260;3.600000;287.050000;284.750000;86;20000;0;mq;mq;mq;mq;mq;mq;mq;mq;100340;mq;mq;mq;286.350000;mq;292.850000;mq;286.150000;mq;mq;mq;6.200000;-10;1;0.000000;mq;mq;0.000000;2.000000;mq;2.000000;1.600000;710.000000;1106.000000;mq;mq;mq;mq;mq;mq;mq;mq;mq;mq;mq;mq;mq;mq;
07181;20110907060000;101570;80;3;250;7.200000;287.550000;286.950000;96;7000;61;6;5;100;8;250;37;61;60;97560;mq;mq;mq;286.850000;mq;290.550000;mq;286.150000;mq;mq;mq;12.300000;-10;2;0.000000;0.000000;-60;0.200000;0.600000;mq;2.000000;2.000000;710.000000;1112.000000;3100.000000;mq;8;7;240;mq;mq;mq;mq;mq;mq;mq;mq;mq;
07190;20110907060000;101560;80;3;200;5.100000;289.450000;285.950000;80;60000;0;mq;mq;100;mq;800;mq;mq;mq;99780;mq;mq;mq;288.550000;mq;293.650000;mq;287.150000;mq;mq;mq;12.300000;-10;1;0.000000;mq;mq;0.000000;0.200000;mq;0.200000;0.200000;710.000000;1112.000000;mq;mq;mq;mq;mq;mq;mq;mq;mq;mq;mq;mq;mq;mq;
07207;20110907060000;mq;mq;mq;320;5.100000;289.050000;284.650000;75;12000;2;1;1;100;4;800;35;25;60;mq;mq;mq;mq;288.050000;mq;291.550000;mq;mq;mq;mq;mq;9.300000;-10;mq;mq;mq;mq;0.000000;0.000000;mq;0.800000;mq;710.000000;1109.000000;2437.000000;mq;mq;mq;mq;mq;mq;mq;mq;mq;mq;mq;mq;mq;
07222;20110907060000;101990;150;3;330;1.500000;287.050000;285.650000;91;10000;1;6;2;90;1;800;35;23;11;101680;mq;mq;mq;287.050000;mq;291.850000;mq;285.150000;mq;mq;mq;4.100000;-10;1;0.000000;mq;mq;0.000000;0.000000;mq;3.000000;2.600000;710.000000;1104.000000;mq;mq;1;6;900;5;0;7500;mq;mq;mq;mq;mq;mq;
07240;20110907060000;101900;200;3;290;3.600000;286.950000;285.350000;90;20000;1;mq;mq;90;5;800;35;20;12;100560;mq;mq;mq;286.850000;mq;293.050000;mq;286.150000;mq;mq;mq;6.700000;-10;2;0.000000;0.000000;-60;0.000000;0.600000;mq;1.000000;1.000000;710.000000;1107.000000;3100.000000;mq;5;6;780;5;0;7500;mq;mq;mq;mq;mq;mq;
07255;20110907060000;101890;30;3;230;6.700000;289.150000;288.350000;95;3500;50;6;5;100;7;250;37;61;60;99930;mq;mq;mq;289.050000;mq;293.450000;mq;288.150000;mq;mq;mq;12.900000;-10;2;0.000000;0.000000;-60;0.200000;0.200000;mq;0.200000;0.200000;710.000000;1113.000000;3100.000000;mq;7;7;180;mq;mq;mq;mq;mq;mq;mq;mq;mq;
07280;20110907060000;101920;70;3;210;4.600000;289.350000;285.350000;77;60000;0;mq;mq;100;mq;800;mq;mq;mq;99250;mq;mq;mq;288.850000;mq;292.250000;mq;286.150000;mq;mq;mq;9.800000;-10;0;0.000000;mq;mq;0.000000;0.000000;mq;0.000000;0.000000;710.000000;1110.000000;mq;mq;mq;mq;mq;mq;mq;mq;mq;mq;mq;mq;mq;mq;
07299;20110907060000;101780;0;5;270;2.100000;289.850000;283.650000;67;20000;60;6;2;100;3;800;38;27;60;98580;mq;mq;mq;286.750000;mq;291.050000;mq;285.150000;mq;mq;mq;6.700000;-10;0;0.000000;0.000000;-60;0.000000;0.000000;mq;0.000000;0.000000;710.000000;1107.000000;3100.000000;mq;1;8;900;3;6;1800;7;3;3000;mq;mq;mq;
07314;20110907060000;102050;10;3;260;9.300000;292.350000;292.150000;99;1000;2;1;1;100;8;250;38;20;10;101780;mq;mq;mq;292.150000;mq;292.950000;mq;mq;mq;mq;mq;14.900000;-10;mq;mq;mq;mq;0.200000;0.400000;mq;0.600000;0.600000;710.000000;1115.000000;2444.000000;mq;8;7;180;mq;mq;mq;mq;mq;mq;mq;mq;mq;
07335;20110907060000;101960;10;3;210;4.100000;290.050000;289.750000;98;2500;58;6;5;100;8;150;37;61;60;100540;mq;mq;mq;289.250000;mq;291.850000;mq;289.150000;mq;mq;mq;7.700000;-10;2;0.000000;mq;mq;0.400000;0.800000;mq;0.800000;0.800000;710.000000;1108.000000;mq;mq;8;7;120;mq;mq;mq;mq;mq;mq;mq;mq;mq;
07434;20110907060000;102200;-20;5;210;4.600000;287.550000;286.950000;96;3000;50;5;2;90;7;150;37;61;60;97470;mq;mq;mq;286.750000;mq;291.150000;mq;285.150000;mq;mq;mq;8.200000;-10;1;0.000000;mq;mq;0.200000;0.200000;mq;0.200000;0.200000;710.000000;1108.000000;mq;mq;7;7;120;mq;mq;mq;mq;mq;mq;mq;mq;mq;
07460;20110907060000;102130;20;3;80;1.000000;289.750000;282.450000;62;40000;3;mq;mq;100;6;800;38;23;60;98310;mq;mq;mq;288.050000;mq;293.950000;mq;285.150000;mq;mq;mq;4.100000;-10;0;0.000000;0.000000;-60;0.000000;0.000000;mq;0.000000;0.000000;710.000000;1104.000000;3100.000000;mq;1;6;690;6;6;1500;6;3;3000;mq;mq;mq;
07471;20110907060000;mq;60;3;270;2.100000;286.550000;279.850000;64;40000;2;1;1;75;2;3500;30;24;12;92670;85000;18120;mq;284.050000;mq;291.850000;mq;281.150000;mq;mq;mq;4.600000;-10;0;0.000000;0.000000;-60;0.000000;0.000000;mq;0.000000;0.000000;710.000000;1105.000000;3100.000000;mq;2;3;3300;5;0;7500;mq;mq;mq;mq;mq;mq;
07481;20110907060000;102140;50;3;160;3.600000;287.350000;283.150000;76;40000;2;1;1;60;3;3500;30;24;12;99290;mq;mq;mq;286.150000;mq;295.250000;mq;284.150000;mq;mq;mq;5.700000;-10;1;0.000000;0.000000;-60;0.000000;0.000000;mq;0.000000;0.000000;710.000000;1106.000000;3100.000000;mq;3;3;3900;5;0;7500;mq;mq;mq;mq;mq;mq;
07510;20110907060000;102310;0;5;220;3.600000;290.150000;289.550000;96;15000;2;1;1;90;7;800;35;61;60;101670;mq;mq;mq;287.950000;mq;294.550000;mq;287.150000;mq;mq;mq;6.200000;-10;0;0.000000;0.000000;-60;0.000000;0.000000;mq;0.000000;0.000000;710.000000;1106.000000;3100.000000;mq;2;6;690;7;6;1080;mq;mq;mq;mq;mq;mq;
07535;20110907060000;102490;40;3;180;2.100000;285.450000;284.850000;96;10000;2;1;1;90;2;800;36;20;11;99370;mq;mq;mq;284.550000;mq;294.450000;mq;282.150000;mq;mq;mq;3.100000;-10;1;0.000000;0.000000;-60;0.000000;0.000000;mq;0.000000;0.000000;710.000000;1103.000000;3100.000000;mq;2;7;600;6;0;6900;mq;mq;mq;mq;mq;mq;
07558;20110907060000;102400;30;3;320;6.700000;285.750000;282.950000;83;40000;2;1;1;90;1;450;35;24;11;94110;mq;mq;mq;285.650000;mq;292.250000;mq;285.150000;mq;mq;mq;11.300000;-10;0;0.000000;0.000000;-60;0.000000;0.000000;mq;0.000000;0.000000;710.000000;1111.000000;3100.000000;mq;1;6;390;6;0;7500;mq;mq;mq;mq;mq;mq;
07577;20110907060000;102150;20;3;10;2.600000;285.950000;285.150000;95;20000;2;1;1;50;2;3500;30;23;11;101260;mq;mq;mq;283.950000;mq;295.950000;mq;282.150000;mq;mq;mq;4.600000;-10;1;0.000000;0.000000;-60;0.000000;0.000000;mq;0.000000;0.000000;710.000000;1105.000000;3100.000000;mq;2;3;3900;3;0;6900;mq;mq;mq;mq;mq;mq;
07591;20110907060000;mq;-30;5;0;0.000000;284.650000;282.550000;87;mq;0;mq;mq;mq;mq;mq;mq;mq;mq;92160;mq;mq;mq;284.150000;mq;294.250000;mq;281.150000;mq;mq;mq;3.600000;-10;mq;mq;mq;mq;0.000000;0.000000;mq;0.000000;0.000000;710.000000;1104.000000;mq;mq;mq;mq;mq;mq;mq;mq;mq;mq;mq;mq;mq;mq;
07607;20110907060000;102520;30;3;0;0.000000;284.050000;282.850000;92;19000;0;mq;mq;mq;mq;800;mq;mq;mq;101800;mq;mq;mq;284.050000;mq;297.150000;mq;281.150000;mq;mq;mq;1.500000;-10;mq;mq;mq;mq;0.000000;0.000000;mq;0.000000;0.000000;710.000000;1102.000000;mq;mq;mq;mq;mq;mq;mq;mq;mq;mq;mq;mq;mq;mq;
07621;20110907060000;102610;30;3;190;4.100000;284.750000;283.150000;90;30000;2;mq;mq;40;0;8000;30;20;11;98270;mq;mq;mq;284.150000;mq;294.650000;mq;282.150000;mq;mq;mq;5.100000;-10;1;0.000000;0.000000;-60;0.000000;0.000000;mq;0.000000;0.000000;710.000000;1105.000000;3100.000000;mq;3;0;7500;mq;mq;mq;mq;mq;mq;mq;mq;mq;
07627;20110907060000;102690;80;3;290;0.500000;282.550000;281.450000;93;40000;2;1;1;40;0;8000;30;20;14;97760;mq;mq;mq;281.950000;mq;292.250000;mq;278.150000;mq;mq;mq;1.500000;-10;0;0.000000;0.000000;-60;0.000000;0.000000;mq;0.200000;0.200000;710.000000;1102.000000;3100.000000;mq;3;0;6900;mq;mq;mq;mq;mq;mq;mq;mq;mq;
07630;20110907060000;102570;90;3;210;2.600000;287.050000;284.250000;83;40000;2;1;1;75;1;3500;30;23;11;100770;mq;mq;mq;286.650000;mq;297.450000;mq;283.150000;mq;mq;mq;3.600000;-10;0;0.000000;0.000000;-60;0.000000;0.000000;mq;0.000000;0.000000;710.000000;1104.000000;3100.000000;mq;1;3;3300;6;0;7800;mq;mq;mq;mq;mq;mq;
07643;20110907060000;102120;20;3;280;3.600000;291.650000;282.950000;57;60000;1;mq;mq;60;0;8000;30;20;12;102020;mq;mq;mq;291.650000;mq;296.950000;mq;290.150000;mq;mq;mq;7.700000;-10;0;0.000000;mq;mq;0.000000;0.000000;mq;0.000000;0.000000;710.000000;1108.000000;mq;mq;5;0;7800;mq;mq;mq;mq;mq;mq;mq;mq;mq;
07650;20110907060000;102000;10;3;310;3.600000;291.150000;287.050000;77;40000;2;1;1;90;0;8000;30;20;12;101620;mq;mq;mq;288.450000;mq;296.750000;mq;286.150000;mq;mq;mq;4.600000;-10;0;0.000000;0.000000;-60;0.000000;0.000000;mq;0.000000;0.000000;710.000000;1105.000000;3100.000000;mq;7;0;7800;mq;mq;mq;mq;mq;mq;mq;mq;mq;
07661;20110907060000;101780;-50;6;330;9.300000;293.650000;286.150000;62;30000;2;1;1;90;6;3500;30;22;12;100220;mq;mq;mq;292.550000;mq;295.250000;mq;mq;mq;mq;mq;13.900000;-10;mq;mq;mq;mq;0.000000;0.000000;mq;0.000000;0.000000;710.000000;1114.000000;mq;mq;6;3;2400;mq;mq;mq;mq;mq;mq;mq;mq;mq;
07690;20110907060000;101640;-100;5;330;3.600000;293.450000;287.750000;70;50000;2;1;1;90;0;8000;30;20;12;101310;mq;mq;mq;292.950000;mq;297.350000;mq;292.150000;mq;mq;mq;5.700000;-10;0;0.000000;0.000000;-60;0.000000;0.000000;mq;0.000000;0.000000;710.000000;1106.000000;3100.000000;mq;7;0;7800;mq;mq;mq;mq;mq;mq;mq;mq;mq;
07747;20110907060000;102230;40;3;300;6.700000;293.750000;283.250000;51;40000;2;1;1;75;1;3500;30;24;11;101710;mq;mq;mq;290.250000;mq;297.350000;mq;286.150000;mq;mq;mq;10.300000;-10;0;0.000000;mq;mq;0.000000;0.000000;mq;0.000000;0.000000;710.000000;1110.000000;mq;mq;1;3;3600;6;0;7500;mq;mq;mq;mq;mq;mq;
07761;20110907060000;101990;-30;5;40;3.100000;291.450000;287.750000;79;20000;0;mq;mq;mq;mq;mq;mq;mq;mq;101880;mq;mq;mq;290.650000;mq;295.950000;mq;290.150000;mq;mq;mq;4.600000;-10;mq;mq;mq;mq;0.000000;0.000000;mq;0.000000;0.000000;710.000000;1105.000000;mq;mq;mq;mq;mq;mq;mq;mq;mq;mq;mq;mq;mq;mq;
07790;20110907060000;101750;-60;5;230;2.600000;294.050000;286.750000;63;30000;2;1;1;40;0;8000;30;20;11;101610;mq;mq;mq;292.250000;mq;296.650000;mq;291.150000;mq;mq;mq;6.200000;-10;0;0.000000;0.000000;-60;0.000000;0.000000;mq;0.000000;0.000000;710.000000;1106.000000;3100.000000;mq;3;0;7500;mq;mq;mq;mq;mq;mq;mq;mq;mq;
61968;20110907060000;101830;mq;mq;170;0.500000;300.150000;293.750000;68;mq;mq;mq;mq;mq;mq;mq;mq;mq;mq;mq;mq;mq;mq;292.650000;mq;mq;mq;mq;mq;mq;mq;1.500000;-10;mq;mq;mq;mq;0.000000;mq;mq;mq;0.000000;710.000000;1102.000000;mq;mq;mq;mq;mq;mq;mq;mq;mq;mq;mq;mq;mq;mq;
61970;20110907060000;101970;mq;mq;mq;mq;299.350000;293.250000;69;mq;mq;mq;mq;mq;mq;mq;mq;mq;mq;mq;mq;mq;mq;297.050000;mq;mq;mq;mq;mq;mq;mq;mq;mq;mq;mq;mq;mq;0.000000;mq;mq;mq;0.000000;mq;mq;mq;mq;mq;mq;mq;mq;mq;mq;mq;mq;mq;mq;mq;mq;
61972;20110907060000;102380;mq;mq;150;6.700000;296.750000;289.550000;64;mq;mq;mq;mq;mq;mq;mq;mq;mq;mq;mq;mq;mq;mq;292.550000;mq;mq;mq;mq;mq;mq;mq;13.400000;-10;mq;mq;mq;mq;0.000000;mq;mq;mq;0.000000;710.000000;1113.000000;mq;mq;mq;mq;mq;mq;mq;mq;mq;mq;mq;mq;mq;mq;
61976;20110907060000;102000;mq;mq;140;8.200000;299.350000;293.250000;69;mq;mq;mq;mq;mq;mq;mq;mq;mq;mq;101850;mq;mq;120;mq;mq;mq;mq;mq;mq;mq;mq;mq;mq;mq;mq;mq;mq;mq;mq;mq;mq;mq;mq;mq;mq;mq;mq;mq;mq;mq;mq;mq;mq;mq;mq;mq;mq;mq;
61980;20110907060000;102150;mq;mq;350;2.100000;297.850000;291.750000;69;20000;2;1;1;10;1;800;32;20;10;mq;mq;mq;mq;290.850000;mq;mq;mq;289.150000;mq;mq;mq;3.100000;-10;mq;mq;mq;mq;0.000000;mq;mq;mq;0.000000;710.000000;1103.000000;2428.000000;mq;1;8;900;mq;mq;mq;mq;mq;mq;mq;mq;mq;
61996;20110907060000;mq;mq;mq;340;11.300000;286.950000;mq;mq;mq;mq;mq;mq;mq;mq;mq;mq;mq;mq;mq;mq;mq;mq;283.750000;mq;mq;mq;283.150000;mq;mq;mq;15.400000;-10;mq;mq;mq;mq;0.000000;mq;mq;mq;10.000000;710.000000;1115.000000;mq;mq;mq;mq;mq;mq;mq;mq;mq;mq;mq;mq;mq;mq;
61997;20110907060000;98980;mq;mq;220;19.000000;270.850000;269.850000;92;mq;mq;mq;mq;mq;mq;mq;mq;mq;mq;mq;mq;mq;mq;270.150000;mq;mq;mq;269.150000;mq;mq;mq;26.800000;-60;mq;mq;mq;mq;mq;mq;mq;mq;0.200000;1127.000000;mq;mq;mq;mq;mq;mq;mq;mq;mq;mq;mq;mq;mq;mq;mq;
61998;20110907060000;98180;mq;mq;260;4.100000;274.550000;271.350000;79;20000;22;7;2;90;6;800;35;25;60;mq;mq;mq;mq;272.350000;mq;mq;mq;272.150000;mq;mq;mq;5.100000;-10;mq;mq;mq;mq;0.200000;mq;mq;mq;5.000000;710.000000;1105.000000;mq;mq;6;6;780;mq;mq;mq;mq;mq;mq;mq;mq;mq;
67005;20110907060000;101850;mq;mq;120;3.100000;300.250000;293.350000;66;20000;2;1;1;10;1;800;31;20;10;mq;mq;mq;mq;294.650000;mq;mq;mq;292.150000;mq;mq;mq;5.100000;-10;mq;mq;mq;mq;0.000000;mq;mq;mq;0.000000;710.000000;1105.000000;mq;mq;1;8;750;mq;mq;mq;mq;mq;mq;mq;mq;mq;
71805;20110907060000;101070;310;3;330;11.300000;287.250000;284.250000;82;55000;0;mq;mq;100;mq;250;mq;mq;mq;100990;mq;mq;mq;mq;287.250000;mq;292.350000;287.150000;mq;mq;17.500000;22.100000;-10;mq;mq;mq;mq;0.000000;0.000000;mq;0.800000;0.800000;1017.000000;710.000000;1122.000000;mq;mq;mq;mq;mq;mq;mq;mq;mq;mq;mq;mq;mq;
78897;20110907060000;101290;-60;8;70;1.000000;298.050000;296.450000;91;24000;0;mq;mq;mq;mq;800;mq;mq;mq;mq;mq;mq;mq;mq;296.350000;mq;305.350000;mq;mq;mq;mq;mq;mq;mq;mq;mq;mq;mq;mq;4.000000;mq;4.000000;mq;mq;mq;mq;mq;mq;mq;mq;mq;mq;mq;mq;mq;mq;mq;mq;
78922;20110907060000;101210;-160;8;70;6.200000;300.650000;296.450000;78;mq;mq;mq;mq;mq;mq;mq;mq;mq;mq;100770;mq;mq;mq;mq;mq;mq;mq;mq;mq;mq;mq;mq;mq;mq;mq;mq;mq;mq;mq;mq;mq;mq;mq;mq;mq;mq;mq;mq;mq;mq;mq;mq;mq;mq;mq;mq;mq;mq;
78925;20110907060000;101240;-120;8;0;0.000000;298.250000;297.750000;97;50000;0;mq;mq;75;mq;800;mq;mq;mq;mq;mq;mq;mq;mq;296.250000;mq;305.350000;mq;mq;mq;mq;mq;mq;mq;mq;mq;mq;mq;mq;1.000000;mq;11.600000;mq;mq;mq;mq;mq;mq;mq;mq;mq;mq;mq;mq;mq;mq;mq;mq;
81401;20110907060000;101200;mq;mq;0;0.000000;296.650000;295.850000;95;mq;mq;mq;mq;mq;mq;mq;mq;mq;mq;101140;mq;mq;mq;mq;mq;mq;mq;mq;mq;mq;mq;mq;mq;mq;mq;mq;mq;mq;0.000000;0.000000;mq;mq;mq;mq;mq;mq;mq;mq;mq;mq;mq;mq;mq;mq;mq;mq;mq;mq;
81405;20110907060000;101220;mq;mq;0;0.000000;296.050000;295.350000;96;12000;0;mq;mq;mq;mq;800;mq;mq;mq;101130;mq;mq;mq;mq;mq;mq;mq;295.150000;mq;mq;mq;mq;mq;mq;mq;mq;mq;mq;0.000000;0.000000;mq;mq;mq;mq;mq;mq;mq;mq;mq;mq;mq;mq;mq;mq;mq;mq;mq;mq;
81408;20110907060000;101220;mq;mq;180;0.500000;295.550000;295.050000;97;mq;mq;mq;mq;mq;mq;mq;mq;mq;mq;101140;mq;mq;mq;mq;mq;mq;mq;mq;mq;mq;mq;mq;mq;mq;mq;mq;mq;mq;0.000000;0.000000;mq;mq;mq;mq;mq;mq;mq;mq;mq;mq;mq;mq;mq;mq;mq;mq;mq;mq;
89642;20110907060000;98470;-360;6;80;2.600000;258.050000;252.350000;58;40000;2;1;1;90;7;mq;30;61;60;97910;mq;mq;mq;mq;mq;mq;mq;mq;mq;mq;mq;mq;mq;mq;mq;mq;mq;mq;mq;mq;mq;mq;mq;mq;mq;mq;7;4;3000;mq;mq;mq;mq;mq;mq;mq;mq;mq;
07005;20110907090000;101480;130;1;250;9.800000;289.350000;283.850000;70;30000;2;1;1;75;2;800;32;20;12;100600;mq;mq;mq;mq;mq;mq;mq;mq;mq;mq;15.400000;15.900000;-10;mq;mq;0.000000;-30;0.000000;0.000000;mq;mq;mq;1015.000000;710.000000;1116.000000;3100.000000;4;8;900;6;0;6900;mq;mq;mq;mq;mq;mq;
07015;20110907090000;101360;130;1;260;7.200000;289.350000;283.250000;67;20000;2;1;1;60;3;800;31;20;11;100800;mq;mq;mq;mq;mq;mq;mq;mq;mq;mq;mq;10.800000;-10;mq;mq;0.000000;-30;0.000000;0.000000;mq;mq;mq;710.000000;1111.000000;3100.000000;mq;3;8;900;5;0;6000;mq;mq;mq;mq;mq;mq;
07020;20110907090000;101730;170;1;270;9.300000;289.450000;284.350000;72;18000;61;6;2;75;5;1250;32;20;14;101470;mq;mq;mq;mq;mq;mq;mq;mq;mq;mq;mq;13.900000;-10;mq;mq;mq;mq;0.000000;0.000000;mq;mq;mq;710.000000;1114.000000;mq;mq;5;8;990;mq;mq;mq;mq;mq;mq;mq;mq;mq;
07027;20110907090000;101780;130;1;240;7.200000;289.350000;285.550000;78;30000;2;1;1;90;5;800;38;20;12;100980;mq;mq;mq;mq;mq;mq;mq;mq;mq;mq;mq;10.300000;-10;mq;mq;0.000000;-30;0.000000;0.000000;mq;mq;mq;710.000000;1110.000000;3100.000000;mq;3;8;720;4;6;1200;7;0;7800;mq;mq;mq;
07037;20110907090000;101700;130;1;260;5.700000;287.950000;284.950000;82;20000;2;1;1;90;6;450;35;20;11;99900;mq;mq;mq;mq;mq;mq;mq;mq;mq;mq;mq;9.300000;-10;mq;mq;0.000000;-30;0.000000;0.000000;mq;mq;mq;710.000000;1109.000000;3100.000000;mq;4;8;480;5;6;840;5;0;7500;mq;mq;mq;
07110;20110907090000;102000;120;1;270;4.100000;289.150000;285.650000;80;15000;2;1;1;75;3;800;32;20;11;100870;mq;mq;mq;mq;mq;mq;mq;mq;mq;mq;mq;8.200000;-10;mq;mq;0.000000;-30;0.000000;0.000000;mq;mq;mq;710.000000;1108.000000;3100.000000;mq;3;8;690;5;0;6300;mq;mq;mq;mq;mq;mq;
07117;20110907090000;101890;120;1;270;6.700000;289.450000;285.250000;76;15000;2;1;1;75;3;800;32;25;10;101200;mq;mq;mq;mq;mq;mq;mq;mq;mq;mq;mq;11.800000;-10;mq;mq;mq;mq;0.000000;0.000000;mq;mq;mq;710.000000;1112.000000;2437.000000;mq;mq;mq;mq;mq;mq;mq;mq;mq;mq;mq;mq;mq;
07130;20110907090000;102020;130;1;270;4.100000;289.250000;285.050000;76;29000;0;mq;mq;mq;mq;450;mq;mq;mq;101510;mq;mq;mq;mq;mq;mq;mq;mq;mq;mq;mq;6.700000;-10;mq;mq;mq;mq;0.000000;0.000000;mq;mq;mq;710.000000;1107.000000;mq;mq;mq;mq;mq;mq;mq;mq;mq;mq;mq;mq;mq;mq;
07139;20110907090000;101890;110;1;260;6.200000;288.350000;283.750000;74;25000;2;1;1;90;5;800;38;20;12;100180;mq;mq;mq;mq;mq;mq;mq;mq;mq;mq;mq;8.700000;-10;mq;mq;0.000000;-30;0.000000;0.000000;mq;mq;mq;710.000000;1109.000000;3100.000000;mq;4;8;750;7;0;6900;mq;mq;mq;mq;mq;mq;
07149;20110907090000;101800;100;1;280;5.700000;289.750000;285.050000;74;20000;2;1;1;90;4;800;38;20;12;100730;mq;mq;mq;mq;mq;mq;mq;mq;mq;mq;mq;10.800000;-10;mq;mq;0.000000;-30;0.000000;0.000000;mq;mq;mq;710.000000;1111.000000;3100.000000;mq;2;8;660;3;6;1500;7;0;7500;mq;mq;mq;
07168;20110907090000;101810;80;2;260;6.700000;290.550000;283.650000;64;25000;3;6;2;75;3;800;38;20;11;100420;mq;mq;mq;mq;mq;mq;mq;mq;mq;mq;mq;9.800000;-10;mq;mq;0.000000;-30;0.000000;0.000000;mq;mq;mq;710.000000;1110.000000;3100.000000;mq;2;8;750;5;0;7500;mq;mq;mq;mq;mq;mq;
07181;20110907090000;101790;170;1;230;5.700000;285.450000;284.350000;93;20000;20;6;5;100;8;450;35;61;60;97730;mq;mq;mq;mq;mq;mq;mq;mq;mq;mq;mq;7.700000;-10;mq;mq;0.000000;-30;0.200000;2.000000;mq;mq;mq;710.000000;1108.000000;3100.000000;mq;2;7;300;8;6;1080;mq;mq;mq;mq;mq;mq;
07190;20110907090000;101690;130;3;310;1.500000;289.150000;287.150000;88;60000;0;mq;mq;90;mq;450;mq;mq;mq;99910;mq;mq;mq;mq;mq;mq;mq;mq;mq;mq;mq;9.300000;-10;mq;mq;mq;mq;0.400000;0.600000;mq;mq;mq;710.000000;1109.000000;mq;mq;mq;mq;mq;mq;mq;mq;mq;mq;mq;mq;mq;mq;
07207;20110907090000;mq;mq;mq;290;6.200000;290.250000;285.150000;72;12000;2;1;1;75;4;800;32;20;17;mq;mq;mq;mq;mq;mq;mq;mq;mq;mq;mq;mq;10.300000;-10;mq;mq;mq;mq;0.000000;0.000000;mq;mq;mq;710.000000;1110.000000;2437.000000;mq;mq;mq;mq;mq;mq;mq;mq;mq;mq;mq;mq;mq;
07222;20110907090000;102090;100;1;290;3.100000;290.250000;285.950000;76;15000;2;1;1;90;2;800;31;20;12;101780;mq;mq;mq;mq;mq;mq;mq;mq;mq;mq;mq;5.100000;-10;mq;mq;mq;mq;0.000000;0.000000;mq;mq;mq;710.000000;1105.000000;mq;mq;2;8;630;7;0;7800;mq;mq;mq;mq;mq;mq;
07240;20110907090000;102020;130;1;270;4.100000;289.950000;285.450000;75;45000;0;mq;mq;mq;mq;mq;mq;mq;mq;100690;mq;mq;mq;mq;mq;mq;mq;mq;mq;mq;mq;7.700000;-10;mq;mq;mq;mq;0.000000;0.000000;mq;mq;mq;710.000000;1108.000000;mq;mq;mq;mq;mq;mq;mq;mq;mq;mq;mq;mq;mq;mq;
07255;20110907090000;102010;120;3;280;3.100000;289.350000;287.850000;91;6000;20;6;5;100;7;250;35;61;60;100050;mq;mq;mq;mq;mq;mq;mq;mq;mq;mq;mq;6.700000;-10;mq;mq;0.000000;-30;0.200000;2.000000;mq;mq;mq;710.000000;1107.000000;3100.000000;mq;3;7;180;7;6;480;mq;mq;mq;mq;mq;mq;
07280;20110907090000;101890;0;4;240;9.300000;292.450000;286.350000;68;35000;0;mq;mq;mq;mq;800;mq;mq;mq;99250;mq;mq;mq;mq;mq;mq;mq;mq;mq;mq;mq;13.900000;-10;mq;mq;mq;mq;0.000000;0.000000;mq;mq;mq;710.000000;1114.000000;mq;mq;mq;mq;mq;mq;mq;mq;mq;mq;mq;mq;mq;mq;
07299;20110907090000;101820;60;0;240;8.200000;291.650000;285.850000;69;20000;1;6;2;90;5;800;38;23;12;98640;mq;mq;mq;mq;mq;mq;mq;mq;mq;mq;14.400000;15.400000;-10;mq;mq;0.000000;-30;0.000000;0.600000;mq;mq;mq;1014.000000;710.000000;1115.000000;3100.000000;2;8;690;5;6;1800;7;0;6900;mq;mq;mq;
07314;20110907090000;102220;170;1;320;4.100000;290.750000;290.550000;99;12000;2;1;1;100;8;250;32;23;10;101950;mq;mq;mq;mq;mq;mq;mq;mq;mq;mq;mq;5.700000;-10;mq;mq;mq;mq;0.000000;0.600000;mq;mq;mq;710.000000;1106.000000;2437.000000;mq;2;8;180;7;3;1800;mq;mq;mq;mq;mq;mq;
07335;20110907090000;102090;140;1;270;3.600000;291.250000;288.650000;85;30000;1;6;5;75;3;450;38;20;11;100680;mq;mq;mq;mq;mq;mq;mq;mq;mq;mq;mq;6.700000;-10;mq;mq;mq;mq;0.000000;1.000000;mq;mq;mq;710.000000;1107.000000;mq;mq;1;8;450;3;6;690;6;0;7800;mq;mq;mq;
07434;20110907090000;102210;30;0;220;5.100000;288.250000;287.750000;97;4000;51;6;5;100;8;80;37;61;60;97500;mq;mq;mq;mq;mq;mq;mq;mq;mq;mq;mq;8.700000;-10;mq;mq;mq;mq;0.000000;0.400000;mq;mq;mq;710.000000;1109.000000;mq;mq;7;7;60;mq;mq;mq;mq;mq;mq;mq;mq;mq;
07460;20110907090000;102130;40;0;230;1.500000;292.150000;286.150000;68;40000;2;1;1;90;6;800;35;23;60;98350;mq;mq;mq;mq;mq;mq;mq;mq;mq;mq;mq;4.100000;-10;mq;mq;0.000000;-30;0.000000;0.000000;mq;mq;mq;710.000000;1104.000000;3100.000000;mq;1;6;690;6;6;990;mq;mq;mq;mq;mq;mq;
07471;20110907090000;mq;80;1;300;2.100000;288.850000;280.350000;57;40000;2;1;1;90;3;1250;35;27;60;92750;85000;18200;mq;mq;mq;mq;mq;mq;mq;mq;mq;6.200000;-10;mq;mq;0.000000;-30;0.000000;0.000000;mq;mq;mq;710.000000;1106.000000;3100.000000;mq;3;6;1200;6;3;3300;mq;mq;mq;mq;mq;mq;
07481;20110907090000;102160;60;3;130;1.000000;291.050000;285.250000;69;40000;2;1;1;90;7;1750;35;61;60;99350;mq;mq;mq;mq;mq;mq;mq;mq;mq;mq;mq;3.100000;-10;mq;mq;0.000000;-30;0.000000;0.000000;mq;mq;mq;710.000000;1103.000000;3100.000000;mq;7;6;1500;mq;mq;mq;mq;mq;mq;mq;mq;mq;
07510;20110907090000;102360;50;2;240;7.200000;292.850000;292.350000;97;6000;51;5;2;90;7;150;37;61;60;101720;mq;mq;mq;mq;mq;mq;mq;mq;mq;mq;mq;10.300000;-10;mq;mq;0.000000;-30;0.000000;0.000000;mq;mq;mq;710.000000;1110.000000;3100.000000;mq;7;7;180;mq;mq;mq;mq;mq;mq;mq;mq;mq;
07535;20110907090000;102430;0;0;220;1.500000;290.750000;287.450000;81;10000;2;1;1;100;8;800;38;61;60;99370;mq;mq;mq;mq;mq;mq;mq;mq;mq;mq;mq;5.100000;-10;mq;mq;0.000000;-30;0.000000;0.000000;mq;mq;mq;710.000000;1105.000000;3100.000000;mq;1;8;600;8;6;690;mq;mq;mq;mq;mq;mq;
07558;20110907090000;102400;90;1;320;5.100000;289.150000;283.250000;68;30000;2;1;1;90;2;800;31;20;12;94200;mq;mq;mq;mq;mq;mq;mq;mq;mq;mq;mq;11.300000;-10;mq;mq;0.000000;-30;0.000000;0.000000;mq;mq;mq;710.000000;1111.000000;3100.000000;mq;2;8;600;6;0;7500;mq;mq;mq;mq;mq;mq;
07577;20110907090000;102100;-30;8;10;2.600000;292.450000;285.950000;66;20000;2;1;1;75;4;2250;30;27;11;101230;mq;mq;mq;mq;mq;mq;mq;mq;mq;mq;mq;5.100000;-10;mq;mq;0.000000;-30;0.000000;0.000000;mq;mq;mq;710.000000;1105.000000;3100.000000;mq;4;3;2400;6;0;6900;mq;mq;mq;mq;mq;mq;
07591;20110907090000;mq;-100;8;180;1.000000;291.750000;283.350000;58;mq;0;mq;mq;mq;mq;mq;mq;mq;mq;92060;mq;mq;mq;mq;mq;mq;mq;mq;mq;mq;mq;3.100000;-10;mq;mq;mq;mq;0.000000;0.000000;mq;mq;mq;710.000000;1103.000000;mq;mq;mq;mq;mq;mq;mq;mq;mq;mq;mq;mq;mq;mq;
07607;20110907090000;102510;20;0;250;3.100000;293.950000;288.950000;73;40000;0;mq;mq;mq;mq;mq;mq;mq;mq;101820;mq;mq;mq;mq;mq;mq;mq;mq;mq;mq;mq;6.200000;-10;mq;mq;mq;mq;0.000000;0.000000;mq;mq;mq;710.000000;1106.000000;mq;mq;mq;mq;mq;mq;mq;mq;mq;mq;mq;mq;mq;mq;
07621;20110907090000;102550;60;2;270;1.500000;293.150000;284.350000;57;30000;2;1;1;40;0;8000;30;20;12;98330;mq;mq;mq;mq;mq;mq;mq;mq;mq;mq;mq;6.200000;-10;mq;mq;0.000000;-30;0.000000;0.000000;mq;mq;mq;710.000000;1106.000000;3100.000000;mq;3;0;6900;mq;mq;mq;mq;mq;mq;mq;mq;mq;
07627;20110907090000;102550;20;2;360;1.500000;291.950000;284.250000;61;40000;2;1;1;40;0;8000;30;20;11;97780;mq;mq;mq;mq;mq;mq;mq;mq;mq;mq;mq;2.600000;-10;mq;mq;0.000000;-30;0.000000;0.000000;mq;mq;mq;710.000000;1103.000000;3100.000000;mq;3;0;6900;mq;mq;mq;mq;mq;mq;mq;mq;mq;
07630;20110907090000;102570;30;1;290;3.600000;292.150000;286.950000;72;40000;2;1;1;90;7;800;38;61;60;100800;mq;mq;mq;mq;mq;mq;mq;mq;mq;mq;mq;5.100000;-10;mq;mq;0.000000;-30;0.000000;0.000000;mq;mq;mq;710.000000;1105.000000;3100.000000;mq;1;8;600;7;6;750;mq;mq;mq;mq;mq;mq;
07643;20110907090000;102130;20;0;270;7.200000;297.850000;282.150000;37;60000;2;1;1;60;1;3500;30;23;12;102040;mq;mq;mq;mq;mq;mq;mq;mq;mq;mq;mq;10.300000;-10;mq;mq;mq;mq;0.000000;0.000000;mq;mq;mq;710.000000;1110.000000;mq;mq;1;3;3000;4;0;7800;mq;mq;mq;mq;mq;mq;
07650;20110907090000;102050;50;2;300;6.700000;294.050000;284.950000;56;60000;2;1;1;90;1;3500;30;23;12;101670;mq;mq;mq;mq;mq;mq;mq;mq;mq;mq;mq;9.300000;-10;mq;mq;0.000000;-30;0.000000;0.000000;mq;mq;mq;710.000000;1109.000000;3100.000000;mq;1;3;4800;7;0;6900;mq;mq;mq;mq;mq;mq;
07661;20110907090000;101670;-100;8;340;16.500000;296.150000;281.850000;40;mq;mq;mq;mq;mq;mq;mq;mq;mq;mq;100120;mq;mq;mq;mq;mq;mq;mq;mq;mq;mq;mq;21.100000;-10;mq;mq;mq;mq;0.000000;0.000000;mq;mq;mq;710.000000;1121.000000;mq;mq;mq;mq;mq;mq;mq;mq;mq;mq;mq;mq;mq;mq;
07690;20110907090000;101590;-40;7;90;4.600000;298.050000;291.450000;67;50000;2;1;1;60;1;800;31;20;12;101270;mq;mq;mq;mq;mq;mq;mq;mq;mq;mq;mq;6.200000;-10;mq;mq;0.000000;-30;0.000000;0.000000;mq;mq;mq;710.000000;1106.000000;3100.000000;mq;1;8;900;5;0;7800;mq;mq;mq;mq;mq;mq;
07747;20110907090000;102250;30;0;300;6.200000;297.250000;283.150000;41;40000;2;1;1;75;1;3500;30;24;11;101740;mq;mq;mq;mq;mq;mq;mq;mq;mq;mq;mq;10.800000;-10;mq;mq;mq;mq;0.000000;0.000000;mq;mq;mq;710.000000;1111.000000;mq;mq;1;3;3600;6;0;7500;mq;mq;mq;mq;mq;mq;
07761;20110907090000;101920;-60;8;250;2.100000;297.050000;289.050000;61;25000;2;1;1;60;1;800;35;20;12;101820;mq;mq;mq;mq;mq;mq;mq;mq;mq;mq;mq;2.600000;-10;mq;mq;0.000000;-30;0.000000;0.000000;mq;mq;mq;710.000000;1103.000000;3100.000000;mq;1;6;690;5;0;7800;mq;mq;mq;mq;mq;mq;
07790;20110907090000;101690;-60;8;120;3.100000;299.650000;287.050000;46;30000;2;1;1;75;1;800;31;20;11;101550;mq;mq;mq;mq;mq;mq;mq;mq;mq;mq;mq;4.100000;-10;mq;mq;0.000000;-30;0.000000;0.000000;mq;mq;mq;710.000000;1104.000000;3100.000000;mq;1;8;900;6;0;7500;mq;mq;mq;mq;mq;mq;
61968;20110907090000;101620;mq;mq;160;1.500000;301.750000;293.450000;61;mq;mq;mq;mq;mq;mq;mq;mq;mq;mq;mq;mq;mq;mq;mq;mq;mq;mq;mq;mq;mq;mq;5.100000;-10;mq;mq;mq;mq;0.000000;0.000000;mq;mq;mq;710.000000;1105.000000;mq;mq;mq;mq;mq;mq;mq;mq;mq;mq;mq;mq;mq;mq;
61970;20110907090000;101860;mq;mq;mq;mq;301.150000;293.150000;62;mq;mq;mq;mq;mq;mq;mq;mq;mq;mq;mq;mq;mq;20;mq;mq;mq;mq;mq;mq;mq;mq;mq;mq;mq;mq;mq;mq;0.000000;0.000000;mq;mq;mq;mq;mq;mq;mq;mq;mq;mq;mq;mq;mq;mq;mq;mq;mq;mq;mq;
61972;20110907090000;102310;mq;mq;150;6.700000;298.450000;290.650000;62;mq;mq;mq;mq;mq;mq;mq;mq;mq;mq;mq;mq;mq;30;mq;mq;mq;mq;mq;mq;mq;mq;12.300000;-10;mq;mq;mq;mq;0.000000;0.000000;mq;mq;mq;710.000000;1112.000000;mq;mq;mq;mq;mq;mq;mq;mq;mq;mq;mq;mq;mq;mq;
61976;20110907090000;101780;mq;mq;160;9.300000;300.250000;293.350000;66;mq;mq;mq;mq;mq;mq;mq;mq;mq;mq;101630;mq;mq;60;mq;mq;mq;mq;mq;mq;mq;mq;mq;mq;mq;mq;mq;mq;mq;0.000000;mq;mq;mq;mq;mq;mq;mq;mq;mq;mq;mq;mq;mq;mq;mq;mq;mq;mq;mq;
61980;20110907090000;101970;mq;mq;20;2.100000;297.250000;290.950000;68;15000;2;1;1;75;6;800;38;20;10;mq;mq;mq;50;mq;mq;mq;mq;mq;mq;mq;mq;4.100000;-10;mq;mq;mq;mq;0.000000;0.000000;mq;mq;mq;710.000000;1104.000000;2427.000000;mq;4;8;690;3;6;1800;mq;mq;mq;mq;mq;mq;
61996;20110907090000;mq;mq;mq;340;10.800000;287.450000;mq;mq;mq;mq;mq;mq;mq;mq;mq;mq;mq;mq;mq;mq;mq;mq;mq;mq;mq;mq;mq;mq;mq;mq;15.400000;-10;mq;mq;mq;mq;0.000000;0.000000;mq;mq;mq;710.000000;1115.000000;mq;mq;mq;mq;mq;mq;mq;mq;mq;mq;mq;mq;mq;mq;
61997;20110907090000;99020;mq;mq;210;15.400000;271.650000;270.350000;90;mq;mq;mq;mq;mq;mq;mq;mq;mq;mq;mq;mq;mq;890;mq;mq;mq;mq;mq;mq;mq;mq;27.300000;-30;mq;mq;mq;mq;mq;0.000000;mq;mq;mq;1127.000000;mq;mq;mq;mq;mq;mq;mq;mq;mq;mq;mq;mq;mq;mq;mq;
61998;20110907090000;98240;mq;mq;330;4.600000;276.150000;270.450000;66;22000;2;1;1;75;3;800;35;23;10;mq;mq;mq;mq;mq;mq;mq;mq;mq;mq;mq;mq;6.200000;-10;mq;mq;mq;mq;0.000000;0.000000;mq;mq;mq;710.000000;1106.000000;mq;mq;3;6;690;4;3;3300;mq;mq;mq;mq;mq;mq;
67005;20110907090000;101710;mq;mq;150;3.600000;300.350000;293.150000;65;mq;0;mq;mq;mq;mq;mq;mq;mq;mq;mq;mq;mq;10;mq;mq;mq;mq;mq;mq;mq;mq;6.200000;-10;mq;mq;mq;mq;0.000000;0.000000;mq;mq;mq;710.000000;1106.000000;mq;mq;mq;mq;mq;mq;mq;mq;mq;mq;mq;mq;mq;mq;
71805;20110907090000;101760;690;1;350;11.300000;285.050000;281.150000;77;60000;0;mq;mq;75;mq;800;mq;mq;mq;101680;mq;mq;mq;mq;mq;mq;mq;mq;mq;mq;17.500000;21.600000;-10;mq;mq;mq;mq;0.000000;0.000000;mq;mq;mq;1017.000000;710.000000;1122.000000;mq;mq;mq;mq;mq;mq;mq;mq;mq;mq;mq;mq;mq;
78897;20110907090000;101230;-60;6;280;1.000000;297.250000;296.350000;95;12000;2;1;1;75;2;800;38;20;13;mq;mq;mq;mq;mq;mq;mq;mq;mq;mq;mq;mq;mq;mq;mq;mq;mq;mq;mq;mq;mq;mq;mq;mq;mq;mq;mq;2;8;600;6;0;7500;mq;mq;mq;mq;mq;mq;
78922;20110907090000;101220;10;3;80;4.600000;301.050000;295.350000;71;mq;mq;mq;mq;mq;mq;mq;mq;mq;mq;100780;mq;mq;mq;mq;mq;mq;mq;mq;mq;mq;mq;mq;mq;mq;mq;mq;mq;mq;mq;mq;mq;mq;mq;mq;mq;mq;mq;mq;mq;mq;mq;mq;mq;mq;mq;mq;mq;mq;
78925;20110907090000;101270;30;3;130;3.600000;297.550000;297.050000;97;1500;65;mq;mq;100;mq;450;mq;mq;mq;mq;mq;mq;mq;mq;mq;mq;mq;mq;mq;mq;mq;mq;mq;mq;mq;mq;mq;mq;mq;mq;mq;mq;mq;mq;mq;mq;mq;mq;mq;mq;mq;mq;mq;mq;mq;mq;mq;mq;
81401;20110907090000;101210;mq;mq;180;1.000000;295.950000;295.250000;96;mq;mq;mq;mq;mq;mq;mq;mq;mq;mq;101150;mq;mq;mq;mq;mq;mq;mq;mq;mq;mq;mq;mq;mq;mq;mq;mq;mq;mq;0.000000;mq;mq;mq;mq;mq;mq;mq;mq;mq;mq;mq;mq;mq;mq;mq;mq;mq;mq;mq;
81405;20110907090000;101250;mq;mq;0;0.000000;295.050000;294.750000;98;16000;0;mq;mq;75;mq;30;mq;mq;mq;101160;mq;mq;mq;mq;mq;mq;mq;mq;mq;mq;mq;mq;mq;mq;mq;mq;mq;mq;0.000000;mq;mq;mq;mq;mq;mq;mq;mq;mq;mq;mq;mq;mq;mq;mq;mq;mq;mq;mq;
81408;20110907090000;101210;mq;mq;0;0.000000;294.650000;294.150000;97;mq;mq;mq;mq;mq;mq;mq;mq;mq;mq;101130;mq;mq;mq;mq;mq;mq;mq;mq;mq;mq;mq;mq;mq;mq;mq;mq;mq;mq;0.000000;mq;mq;mq;mq;mq;mq;mq;mq;mq;mq;mq;mq;mq;mq;mq;mq;mq;mq;mq;
89642;20110907090000;98170;-300;8;100;5.100000;257.650000;252.750000;63;40000;2;1;1;90;7;3500;30;27;60;97610;mq;mq;mq;mq;mq;mq;mq;mq;mq;mq;mq;mq;mq;mq;mq;mq;mq;mq;mq;mq;mq;mq;mq;mq;mq;mq;7;3;2400;mq;mq;mq;mq;mq;mq;mq;mq;mq;
07005;20110907120000;101520;40;0;240;9.800000;289.450000;284.150000;71;30000;2;1;1;90;4;800;32;20;12;100640;mq;mq;mq;mq;mq;mq;mq;mq;mq;mq;mq;15.400000;-10;mq;mq;0.000000;-60;0.000000;0.000000;0.000000;mq;mq;710.000000;1115.000000;3100.000000;mq;5;8;900;7;0;6900;mq;mq;mq;mq;mq;mq;
07015;20110907120000;101380;20;0;270;7.200000;290.450000;284.250000;67;20000;25;8;6;60;4;800;38;20;11;100820;mq;mq;mq;mq;mq;mq;mq;mq;mq;mq;mq;15.400000;-10;mq;mq;0.000000;-60;0.200000;0.400000;0.400000;mq;mq;710.000000;1115.000000;3100.000000;mq;3;8;900;4;6;1500;5;0;6900;mq;mq;mq;
07020;20110907120000;101760;30;1;250;11.300000;289.850000;284.750000;72;mq;mq;mq;mq;mq;mq;mq;mq;mq;mq;101500;mq;mq;mq;mq;mq;mq;mq;mq;mq;mq;mq;14.900000;-10;mq;mq;mq;mq;0.000000;0.000000;0.000000;mq;mq;710.000000;1115.000000;mq;mq;mq;mq;mq;mq;mq;mq;mq;mq;mq;mq;mq;mq;
07027;20110907120000;101770;0;0;240;8.700000;291.050000;284.650000;66;40000;2;1;1;90;6;800;38;20;12;100980;mq;mq;mq;mq;mq;mq;mq;mq;mq;mq;mq;13.400000;-10;mq;mq;0.000000;-60;0.000000;0.000000;0.000000;mq;mq;710.000000;1113.000000;3100.000000;mq;2;8;900;5;6;1380;7;0;4800;mq;mq;mq;
07037;20110907120000;101690;0;0;260;7.200000;290.350000;283.450000;64;40000;2;1;1;90;6;1250;38;20;11;99900;mq;mq;mq;mq;mq;mq;mq;mq;mq;mq;mq;15.900000;-10;mq;mq;0.000000;-60;0.000000;0.000000;0.000000;mq;mq;710.000000;1116.000000;3100.000000;mq;5;8;1140;3;6;1380;5;0;6000;mq;mq;mq;
07110;20110907120000;102010;10;0;250;7.200000;290.650000;284.250000;66;25000;2;1;1;90;6;800;35;20;11;100880;mq;mq;mq;mq;mq;mq;mq;mq;mq;mq;mq;10.800000;-10;mq;mq;0.000000;-60;0.000000;0.000000;0.000000;mq;mq;710.000000;1111.000000;3100.000000;mq;6;6;900;7;0;6300;mq;mq;mq;mq;mq;mq;
07117;20110907120000;101920;30;3;270;8.200000;290.750000;284.950000;69;15000;2;1;1;75;2;800;32;25;10;101230;mq;mq;mq;mq;mq;mq;mq;mq;mq;mq;13.900000;15.400000;-10;mq;mq;mq;mq;0.000000;0.000000;0.000000;mq;mq;1014.000000;710.000000;1115.000000;2437.000000;mq;mq;mq;mq;mq;mq;mq;mq;mq;mq;mq;mq;
07130;20110907120000;102000;-20;8;280;5.100000;291.250000;284.350000;64;50000;0;mq;mq;90;mq;800;mq;mq;mq;101490;mq;mq;mq;mq;mq;mq;mq;mq;mq;mq;mq;8.700000;-10;mq;mq;mq;mq;0.000000;0.000000;0.000000;mq;mq;710.000000;1109.000000;mq;mq;mq;mq;mq;mq;mq;mq;mq;mq;mq;mq;mq;mq;
07139;20110907120000;101870;10;0;260;6.700000;290.250000;282.650000;61;30000;2;1;1;90;5;800;32;20;12;100170;mq;mq;mq;mq;mq;mq;mq;mq;mq;mq;mq;11.300000;-10;mq;mq;0.000000;-60;0.000000;0.000000;0.000000;mq;mq;710.000000;1111.000000;3100.000000;mq;5;8;780;7;0;6900;mq;mq;mq;mq;mq;mq;
07149;20110907120000;101770;-20;8;280;5.100000;291.750000;282.750000;56;20000;2;1;1;90;5;1250;31;20;11;100710;mq;mq;mq;mq;mq;mq;mq;mq;mq;mq;mq;10.300000;-10;mq;mq;0.000000;-60;0.000000;0.000000;0.000000;mq;mq;710.000000;1110.000000;3100.000000;mq;5;8;1140;7;0;7500;mq;mq;mq;mq;mq;mq;
07168;20110907120000;101810;0;0;280;7.700000;292.150000;281.750000;51;30000;2;6;2;75;2;1250;32;20;11;100420;mq;mq;mq;mq;mq;mq;mq;mq;mq;mq;mq;11.300000;-10;mq;mq;0.000000;-60;0.000000;0.000000;0.000000;mq;mq;710.000000;1111.000000;3100.000000;mq;2;8;1200;5;0;7500;mq;mq;mq;mq;mq;mq;
07181;20110907120000;101710;0;5;250;6.200000;290.650000;285.750000;73;40000;1;6;5;90;5;1250;32;20;11;97730;mq;mq;mq;mq;mq;mq;mq;mq;mq;mq;mq;11.800000;-10;mq;mq;0.000000;-60;0.000000;0.000000;2.000000;mq;mq;710.000000;1112.000000;3100.000000;mq;5;8;990;6;0;6900;mq;mq;mq;mq;mq;mq;
07190;20110907120000;101730;40;1;250;6.700000;290.050000;284.150000;68;50000;0;mq;mq;mq;mq;1750;mq;mq;mq;99950;mq;mq;mq;mq;mq;mq;mq;mq;mq;mq;mq;11.800000;-10;mq;mq;mq;mq;0.000000;1.000000;2.000000;mq;mq;710.000000;1112.000000;mq;mq;mq;mq;mq;mq;mq;mq;mq;mq;mq;mq;mq;mq;
07207;20110907120000;mq;mq;mq;290;7.200000;291.450000;284.950000;66;15000;2;1;1;75;4;800;32;20;17;mq;mq;mq;mq;mq;mq;mq;mq;mq;mq;mq;mq;9.800000;-10;mq;mq;mq;mq;0.000000;0.000000;0.000000;mq;mq;710.000000;1110.000000;2437.000000;mq;mq;mq;mq;mq;mq;mq;mq;mq;mq;mq;mq;mq;
07222;20110907120000;102100;10;0;280;5.700000;292.550000;285.350000;63;15000;2;1;1;75;3;1250;32;20;11;101790;mq;mq;mq;mq;mq;mq;mq;mq;mq;mq;mq;8.700000;-10;mq;mq;mq;mq;0.000000;0.000000;0.000000;mq;mq;710.000000;1109.000000;mq;mq;3;8;1200;4;0;7800;mq;mq;mq;mq;mq;mq;
07240;20110907120000;102000;-10;8;270;5.100000;292.150000;283.950000;59;50000;0;mq;mq;mq;mq;800;mq;mq;mq;100680;mq;mq;mq;mq;mq;mq;mq;mq;mq;mq;mq;9.800000;-10;mq;mq;mq;mq;0.000000;0.000000;0.000000;mq;mq;710.000000;1110.000000;mq;mq;mq;mq;mq;mq;mq;mq;mq;mq;mq;mq;mq;mq;
07255;20110907120000;102020;20;3;290;4.600000;292.050000;284.850000;63;22000;1;6;5;90;3;450;32;20;12;100070;mq;mq;mq;mq;mq;mq;mq;mq;mq;mq;mq;8.700000;-10;mq;mq;0.000000;-60;0.000000;0.200000;2.000000;mq;mq;710.000000;1109.000000;3100.000000;mq;3;8;480;7;0;7500;mq;mq;mq;mq;mq;mq;
07280;20110907120000;101810;-70;8;220;7.200000;293.550000;287.450000;68;55000;0;mq;mq;90;mq;800;mq;mq;mq;99180;mq;mq;mq;mq;mq;mq;mq;mq;mq;mq;mq;12.900000;-10;mq;mq;mq;mq;0.000000;0.000000;0.000000;mq;mq;710.000000;1113.000000;mq;mq;mq;mq;mq;mq;mq;mq;mq;mq;mq;mq;mq;mq;
07299;20110907120000;101740;-40;8;250;7.200000;294.250000;286.650000;62;20000;3;6;2;90;3;800;38;23;12;98600;mq;mq;mq;mq;mq;mq;mq;mq;mq;mq;mq;17.000000;-10;mq;mq;0.000000;-60;0.000000;0.000000;0.600000;mq;mq;710.000000;1117.000000;3100.000000;mq;3;8;930;7;0;6000;mq;mq;mq;mq;mq;mq;
07314;20110907120000;102230;10;0;290;5.700000;292.350000;289.550000;84;15000;2;1;1;90;4;800;38;23;60;101960;mq;mq;mq;mq;mq;mq;mq;mq;mq;mq;mq;8.700000;-10;mq;mq;mq;mq;0.000000;0.000000;0.600000;mq;mq;710.000000;1109.000000;2447.000000;mq;2;8;780;3;3;2400;mq;mq;mq;mq;mq;mq;
07335;20110907120000;102050;-30;8;290;5.100000;293.750000;286.650000;64;30000;3;6;5;90;5;800;32;28;11;100650;mq;mq;mq;mq;mq;mq;mq;mq;mq;mq;mq;8.700000;-10;mq;mq;mq;mq;0.000000;0.000000;1.000000;mq;mq;710.000000;1109.000000;mq;mq;5;8;870;6;0;7800;mq;mq;mq;mq;mq;mq;
07434;20110907120000;102110;-60;8;220;5.100000;290.550000;290.250000;98;8000;51;6;5;100;8;80;37;61;60;97440;mq;mq;mq;mq;mq;mq;mq;mq;mq;mq;mq;8.200000;-10;mq;mq;mq;mq;0.200000;1.000000;1.000000;mq;mq;710.000000;1108.000000;mq;mq;7;7;90;mq;mq;mq;mq;mq;mq;mq;mq;mq;
07460;20110907120000;101960;-120;6;180;1.000000;295.550000;287.450000;60;40000;2;1;1;90;6;800;35;23;60;98230;mq;mq;mq;mq;mq;mq;mq;mq;mq;mq;mq;6.700000;-10;mq;mq;0.000000;-60;0.000000;0.000000;0.000000;mq;mq;710.000000;1107.000000;3100.000000;mq;1;6;690;6;6;990;mq;mq;mq;mq;mq;mq;
07471;20110907120000;mq;-90;8;290;2.100000;291.150000;284.450000;65;40000;2;1;1;90;7;800;35;61;60;92660;85000;18120;mq;mq;mq;mq;mq;mq;mq;mq;mq;6.700000;-10;mq;mq;0.000000;-60;0.000000;0.000000;0.000000;mq;mq;710.000000;1107.000000;3100.000000;mq;7;6;780;mq;mq;mq;mq;mq;mq;mq;mq;mq;
07481;20110907120000;102010;-100;7;120;1.500000;296.450000;283.850000;45;50000;2;1;1;90;6;1250;32;23;11;99250;mq;mq;mq;mq;mq;mq;mq;mq;mq;mq;mq;5.100000;-10;mq;mq;0.000000;-60;0.000000;0.000000;0.000000;mq;mq;710.000000;1105.000000;3100.000000;mq;5;8;1200;4;3;2100;5;0;7500;mq;mq;mq;
07510;20110907120000;102340;-20;8;240;6.700000;292.850000;292.850000;100;2500;51;5;2;90;7;150;37;61;60;101700;mq;mq;mq;mq;mq;mq;mq;mq;mq;mq;mq;11.300000;-10;mq;mq;0.000000;-60;0.000000;1.000000;1.000000;mq;mq;710.000000;1111.000000;3100.000000;mq;7;7;180;7;7;330;mq;mq;mq;mq;mq;mq;
07535;20110907120000;102340;-80;8;210;2.600000;291.450000;290.150000;92;4000;21;6;2;100;8;800;38;61;60;99290;mq;mq;mq;mq;mq;mq;mq;mq;mq;mq;mq;5.100000;-10;mq;mq;0.000000;-60;0.000000;0.400000;0.400000;mq;mq;710.000000;1105.000000;3100.000000;mq;4;8;600;8;6;630;mq;mq;mq;mq;mq;mq;
07558;20110907120000;102210;-110;6;310;6.200000;291.550000;283.850000;61;40000;2;1;1;75;1;1250;31;24;11;94090;mq;mq;mq;mq;mq;mq;mq;mq;mq;mq;mq;9.800000;-10;mq;mq;0.000000;-60;0.000000;0.000000;0.000000;mq;mq;710.000000;1110.000000;3100.000000;mq;1;8;990;3;3;3000;5;0;7500;mq;mq;mq;
07577;20110907120000;101950;-130;8;30;5.100000;299.050000;284.050000;39;20000;2;1;1;60;3;2250;30;23;11;101100;mq;mq;mq;mq;mq;mq;mq;mq;mq;mq;mq;8.700000;-10;mq;mq;0.000000;-60;0.000000;0.000000;0.000000;mq;mq;710.000000;1109.000000;3100.000000;mq;3;3;2400;5;0;6900;mq;mq;mq;mq;mq;mq;
07591;20110907120000;mq;-160;6;210;3.600000;297.450000;278.750000;30;mq;0;mq;mq;mq;mq;mq;mq;mq;mq;91900;mq;mq;mq;mq;mq;mq;mq;mq;mq;mq;mq;6.700000;-10;mq;mq;mq;mq;0.000000;0.000000;0.000000;mq;mq;710.000000;1107.000000;mq;mq;mq;mq;mq;mq;mq;mq;mq;mq;mq;mq;mq;mq;
07607;20110907120000;102450;-60;6;260;4.600000;296.450000;289.050000;63;40000;0;mq;mq;100;mq;800;mq;mq;mq;101760;mq;mq;mq;mq;mq;mq;mq;mq;mq;mq;mq;7.700000;-10;mq;mq;mq;mq;0.000000;0.000000;0.000000;mq;mq;710.000000;1108.000000;mq;mq;mq;mq;mq;mq;mq;mq;mq;mq;mq;mq;mq;mq;
07621;20110907120000;102390;-110;8;290;3.600000;295.650000;286.750000;57;30000;2;1;1;40;0;8000;30;20;12;98220;mq;mq;mq;mq;mq;mq;mq;mq;mq;mq;mq;6.700000;-10;mq;mq;0.000000;-60;0.000000;0.000000;0.000000;mq;mq;710.000000;1107.000000;3100.000000;mq;3;0;6900;mq;mq;mq;mq;mq;mq;mq;mq;mq;
07627;20110907120000;102330;-140;8;340;1.500000;295.850000;285.450000;52;40000;2;1;1;50;0;8000;30;20;12;97640;mq;mq;mq;mq;mq;mq;mq;mq;mq;mq;mq;4.600000;-10;mq;mq;0.000000;-60;0.000000;0.000000;0.000000;mq;mq;710.000000;1105.000000;3100.000000;mq;4;0;6900;mq;mq;mq;mq;mq;mq;mq;mq;mq;
07630;20110907120000;102390;-150;7;290;4.100000;296.750000;286.650000;53;40000;2;1;1;90;1;1250;31;20;12;100650;mq;mq;mq;mq;mq;mq;mq;mq;mq;mq;mq;8.700000;-10;mq;mq;0.000000;-60;0.000000;0.000000;0.000000;mq;mq;710.000000;1109.000000;3100.000000;mq;1;8;1050;7;0;7500;mq;mq;mq;mq;mq;mq;
07643;20110907120000;101990;-140;8;280;9.300000;301.350000;280.550000;27;60000;2;1;1;50;0;8000;30;20;11;101900;mq;mq;mq;mq;mq;mq;mq;mq;mq;mq;mq;12.900000;-10;mq;mq;mq;mq;0.000000;0.000000;0.000000;mq;mq;710.000000;1113.000000;mq;mq;4;0;7800;mq;mq;mq;mq;mq;mq;mq;mq;mq;
07650;20110907120000;101880;-160;8;300;7.200000;299.050000;284.450000;40;60000;2;1;1;90;1;3500;30;23;12;101510;mq;mq;mq;mq;mq;mq;mq;mq;mq;mq;mq;9.300000;-10;mq;mq;0.000000;-60;0.000000;0.000000;0.000000;mq;mq;710.000000;1109.000000;3100.000000;mq;1;3;3000;7;0;6300;mq;mq;mq;mq;mq;mq;
07661;20110907120000;101560;-100;8;340;17.000000;296.750000;281.950000;39;mq;mq;mq;mq;mq;mq;mq;mq;mq;mq;100020;mq;mq;mq;mq;mq;mq;mq;mq;mq;mq;22.100000;22.100000;-10;mq;mq;mq;mq;0.000000;0.000000;0.000000;mq;mq;1022.000000;710.000000;1122.000000;mq;mq;mq;mq;mq;mq;mq;mq;mq;mq;mq;mq;mq;
07690;20110907120000;101480;-110;8;110;4.100000;298.750000;290.950000;62;50000;2;1;1;50;1;800;31;20;12;101160;mq;mq;mq;mq;mq;mq;mq;mq;mq;mq;mq;5.100000;-10;mq;mq;0.000000;-60;0.000000;0.000000;0.000000;mq;mq;710.000000;1105.000000;3100.000000;mq;1;8;900;4;0;6900;mq;mq;mq;mq;mq;mq;
07747;20110907120000;102100;-140;8;340;5.700000;301.850000;283.050000;31;40000;2;1;1;75;1;3500;30;24;11;101600;mq;mq;mq;mq;mq;mq;mq;mq;mq;mq;mq;11.300000;-10;mq;mq;mq;mq;0.000000;0.000000;0.000000;mq;mq;710.000000;1111.000000;mq;mq;1;3;3900;6;0;7500;mq;mq;mq;mq;mq;mq;
07761;20110907120000;101790;-130;7;240;4.600000;299.550000;291.150000;60;30000;2;1;1;60;0;mq;30;20;12;101690;mq;mq;mq;mq;mq;mq;mq;mq;mq;mq;mq;6.700000;-10;mq;mq;0.000000;-60;0.000000;0.000000;0.000000;mq;mq;710.000000;1107.000000;3100.000000;mq;5;0;7800;mq;mq;mq;mq;mq;mq;mq;mq;mq;
07790;20110907120000;101580;-110;6;120;5.100000;299.550000;290.650000;58;30000;2;1;1;90;1;800;31;20;12;101440;mq;mq;mq;mq;mq;mq;mq;mq;mq;mq;mq;8.200000;-10;mq;mq;0.000000;-60;0.000000;0.000000;0.000000;mq;mq;710.000000;1108.000000;3100.000000;mq;1;8;900;7;0;7500;mq;mq;mq;mq;mq;mq;
61968;20110907120000;101470;mq;mq;180;1.000000;301.450000;293.250000;61;mq;mq;mq;mq;mq;mq;mq;mq;mq;mq;mq;mq;mq;mq;mq;mq;mq;mq;mq;mq;mq;mq;3.600000;-10;mq;mq;mq;mq;0.000000;mq;0.000000;mq;mq;710.000000;1104.000000;mq;mq;mq;mq;mq;mq;mq;mq;mq;mq;mq;mq;mq;mq;
61970;20110907120000;101690;mq;mq;mq;mq;300.750000;293.550000;65;mq;mq;mq;mq;mq;mq;mq;mq;mq;mq;mq;mq;mq;20;mq;mq;mq;mq;mq;mq;mq;mq;mq;mq;mq;mq;mq;mq;0.000000;mq;0.000000;mq;mq;mq;mq;mq;mq;mq;mq;mq;mq;mq;mq;mq;mq;mq;mq;mq;mq;
61972;20110907120000;102120;mq;mq;160;6.200000;297.850000;290.550000;64;mq;mq;mq;mq;mq;mq;mq;mq;mq;mq;mq;mq;mq;10;mq;mq;mq;mq;mq;mq;mq;mq;9.800000;-10;mq;mq;mq;mq;0.000000;mq;0.000000;mq;mq;710.000000;1110.000000;mq;mq;mq;mq;mq;mq;mq;mq;mq;mq;mq;mq;mq;mq;
61976;20110907120000;101640;mq;mq;150;8.200000;299.250000;292.650000;67;mq;mq;mq;mq;mq;mq;mq;mq;mq;mq;101490;mq;mq;20;mq;mq;mq;mq;mq;mq;mq;mq;mq;mq;mq;mq;mq;mq;mq;mq;mq;mq;mq;mq;mq;mq;mq;mq;mq;mq;mq;mq;mq;mq;mq;mq;mq;mq;mq;
61980;20110907120000;101850;mq;mq;80;3.600000;297.550000;290.550000;65;15000;2;1;1;60;5;800;38;20;10;mq;mq;mq;50;mq;mq;mq;mq;mq;mq;mq;mq;5.700000;-10;mq;mq;mq;mq;0.000000;mq;0.000000;mq;mq;710.000000;1106.000000;2427.000000;mq;3;8;900;4;6;1800;mq;mq;mq;mq;mq;mq;
61996;20110907120000;mq;mq;mq;340;13.400000;287.450000;mq;mq;mq;mq;mq;mq;mq;mq;mq;mq;mq;mq;mq;mq;mq;mq;mq;mq;mq;mq;mq;mq;mq;mq;17.000000;-10;mq;mq;mq;mq;0.000000;mq;0.000000;mq;mq;710.000000;1117.000000;mq;mq;mq;mq;mq;mq;mq;mq;mq;mq;mq;mq;mq;mq;
61997;20110907120000;99160;mq;mq;220;12.300000;272.550000;269.550000;78;mq;mq;mq;mq;mq;mq;mq;mq;mq;mq;mq;mq;mq;1000;mq;mq;mq;mq;mq;mq;mq;mq;27.300000;-60;mq;mq;mq;mq;mq;mq;0.000000;mq;mq;1127.000000;mq;mq;mq;mq;mq;mq;mq;mq;mq;mq;mq;mq;mq;mq;mq;
61998;20110907120000;98300;mq;mq;320;5.100000;274.850000;269.950000;70;20000;15;2;2;50;4;450;39;23;10;mq;mq;mq;230;mq;mq;mq;mq;mq;mq;mq;mq;7.700000;-10;mq;mq;mq;mq;0.000000;mq;0.000000;mq;mq;710.000000;1108.000000;mq;mq;1;9;390;3;6;690;mq;mq;mq;mq;mq;mq;
67005;20110907120000;101540;mq;mq;150;3.100000;301.150000;293.450000;63;30000;2;1;1;25;2;800;32;20;10;mq;mq;mq;30;mq;mq;mq;mq;mq;mq;mq;mq;5.100000;-10;mq;mq;mq;mq;0.000000;mq;0.000000;mq;mq;710.000000;1105.000000;mq;mq;2;8;690;mq;mq;mq;mq;mq;mq;mq;mq;mq;
71805;20110907120000;102260;490;1;340;8.700000;284.950000;280.450000;74;40000;2;1;1;75;6;450;38;20;10;102170;mq;mq;mq;mq;mq;mq;mq;mq;mq;mq;mq;14.900000;-10;mq;mq;0.000000;-60;0.000000;0.000000;0.000000;mq;mq;710.000000;1115.000000;3100.000000;mq;2;8;480;5;6;630;mq;mq;mq;mq;mq;mq;
78897;20110907120000;101440;210;3;80;2.600000;301.250000;298.450000;85;40000;25;8;6;90;1;800;38;20;12;mq;mq;mq;mq;296.750000;mq;mq;305.350000;mq;mq;mq;mq;mq;mq;mq;mq;mq;mq;mq;mq;3.000000;mq;7.400000;mq;mq;mq;mq;1;8;690;7;0;7800;mq;mq;mq;mq;mq;mq;
78922;20110907120000;101380;160;3;130;4.100000;303.650000;296.350000;65;mq;mq;mq;mq;mq;mq;mq;mq;mq;mq;100940;mq;mq;mq;mq;mq;mq;mq;mq;mq;mq;mq;mq;mq;mq;mq;mq;mq;mq;mq;mq;mq;mq;mq;mq;mq;mq;mq;mq;mq;mq;mq;mq;mq;mq;mq;mq;mq;mq;
78925;20110907120000;101390;120;3;50;1.000000;301.750000;298.150000;81;25000;2;1;1;50;4;800;33;20;10;mq;mq;mq;mq;297.450000;mq;mq;305.350000;mq;mq;mq;mq;mq;mq;mq;mq;mq;mq;mq;mq;15.000000;mq;26.200000;mq;mq;mq;mq;1;9;630;mq;mq;mq;mq;mq;mq;mq;mq;mq;
81401;20110907120000;101390;mq;mq;170;1.500000;300.450000;296.950000;81;mq;mq;mq;mq;mq;mq;mq;mq;mq;mq;101330;mq;mq;mq;295.650000;mq;mq;mq;mq;mq;mq;mq;mq;mq;mq;mq;mq;mq;mq;0.200000;mq;mq;9.000000;mq;mq;mq;mq;mq;mq;mq;mq;mq;mq;mq;mq;mq;mq;mq;mq;
81405;20110907120000;101410;mq;mq;120;2.600000;301.650000;297.650000;79;15000;2;1;1;40;1;800;31;23;11;101320;mq;mq;mq;295.050000;mq;mq;mq;mq;mq;mq;mq;mq;mq;mq;mq;mq;mq;mq;0.000000;mq;mq;0.200000;mq;mq;mq;mq;mq;mq;mq;mq;mq;mq;mq;mq;mq;mq;mq;mq;
81408;20110907120000;101410;mq;mq;70;1.000000;302.050000;296.750000;73;mq;mq;mq;mq;mq;mq;mq;mq;mq;mq;101330;mq;mq;mq;294.450000;mq;mq;mq;mq;mq;mq;mq;mq;mq;mq;mq;mq;mq;mq;0.000000;mq;mq;0.000000;mq;mq;mq;mq;mq;mq;mq;mq;mq;mq;mq;mq;mq;mq;mq;mq;
81415;20110907120000;101450;mq;mq;90;0.500000;299.950000;295.750000;78;mq;mq;mq;mq;mq;mq;mq;mq;mq;mq;100250;mq;mq;mq;295.050000;mq;mq;mq;mq;mq;mq;mq;mq;mq;mq;mq;mq;mq;0.000000;0.000000;mq;mq;mq;mq;mq;mq;mq;mq;mq;mq;mq;mq;mq;mq;mq;mq;mq;mq;mq;
89642;20110907120000;97960;-210;7;80;4.100000;256.850000;252.150000;64;40000;2;1;1;90;7;3500;30;27;60;97400;mq;mq;mq;256.850000;mq;259.850000;mq;mq;mq;mq;mq;mq;mq;mq;mq;mq;mq;mq;mq;mq;mq;mq;mq;mq;mq;mq;7;3;2400;mq;mq;mq;mq;mq;mq;mq;mq;mq;
07005;20110907150000;101540;20;0;250;11.300000;289.850000;282.750000;63;40000;2;1;1;90;7;800;38;61;60;100660;mq;mq;mq;mq;mq;mq;mq;mq;mq;mq;18.500000;18.500000;-10;mq;mq;0.000000;-30;0.000000;0.000000;mq;mq;mq;1019.000000;710.000000;1119.000000;3100.000000;4;8;900;6;6;1500;mq;mq;mq;mq;mq;mq;
07015;20110907150000;101420;40;3;260;9.800000;290.450000;282.850000;61;20000;2;1;1;90;3;1250;38;27;60;100860;mq;mq;mq;mq;mq;mq;mq;mq;mq;mq;mq;15.900000;-10;mq;mq;0.000000;-30;0.000000;0.000000;mq;mq;mq;710.000000;1116.000000;3100.000000;mq;3;8;1080;7;3;3000;mq;mq;mq;mq;mq;mq;
07020;20110907150000;101730;-30;5;260;12.300000;289.750000;285.650000;77;mq;mq;mq;mq;mq;mq;mq;mq;mq;mq;101470;mq;mq;mq;mq;mq;mq;mq;mq;mq;mq;mq;17.000000;-10;mq;mq;mq;mq;0.000000;0.000000;mq;mq;mq;710.000000;1117.000000;mq;mq;mq;mq;mq;mq;mq;mq;mq;mq;mq;mq;mq;mq;
07027;20110907150000;101750;-20;8;250;9.300000;290.650000;283.950000;65;40000;2;1;1;90;6;1250;38;20;12;100960;mq;mq;mq;mq;mq;mq;mq;mq;mq;mq;mq;13.900000;-10;mq;mq;0.000000;-30;0.000000;0.000000;mq;mq;mq;710.000000;1114.000000;3100.000000;mq;2;8;990;5;6;1290;6;0;4800;mq;mq;mq;
07037;20110907150000;101660;-30;7;260;5.700000;290.250000;283.650000;65;40000;2;1;1;90;6;800;38;20;11;99870;mq;mq;mq;mq;mq;mq;mq;mq;mq;mq;mq;10.800000;-10;mq;mq;0.000000;-30;0.000000;0.200000;mq;mq;mq;710.000000;1111.000000;3100.000000;mq;4;8;900;4;6;1290;5;0;6000;mq;mq;mq;
07110;20110907150000;101980;-20;5;270;6.200000;290.750000;284.550000;67;25000;2;1;1;90;6;800;35;20;11;100860;mq;mq;mq;mq;mq;mq;mq;mq;mq;mq;mq;10.800000;-10;mq;mq;0.000000;-30;0.000000;0.000000;mq;mq;mq;710.000000;1111.000000;3100.000000;mq;6;6;900;7;0;6300;mq;mq;mq;mq;mq;mq;
07117;20110907150000;101860;-60;7;270;8.700000;290.650000;284.850000;69;17000;2;1;1;75;1;800;31;25;10;101170;mq;mq;mq;mq;mq;mq;mq;mq;mq;mq;14.900000;14.900000;-10;mq;mq;mq;mq;0.000000;0.000000;mq;mq;mq;1015.000000;710.000000;1115.000000;2437.000000;mq;mq;mq;mq;mq;mq;mq;mq;mq;mq;mq;mq;
07130;20110907150000;101890;-110;8;240;5.100000;293.750000;284.350000;55;45000;0;mq;mq;75;mq;1250;mq;mq;mq;101380;mq;mq;mq;mq;mq;mq;mq;mq;mq;mq;mq;8.700000;-10;mq;mq;mq;mq;0.000000;0.000000;mq;mq;mq;710.000000;1109.000000;mq;mq;mq;mq;mq;mq;mq;mq;mq;mq;mq;mq;mq;mq;
07139;20110907150000;101830;-30;6;280;6.200000;291.250000;282.550000;57;30000;2;1;1;90;3;1250;35;20;12;100140;mq;mq;mq;mq;mq;mq;mq;mq;mq;mq;mq;9.800000;-10;mq;mq;0.000000;-30;0.000000;0.000000;mq;mq;mq;710.000000;1110.000000;3100.000000;mq;3;6;1080;7;0;6900;mq;mq;mq;mq;mq;mq;
07149;20110907150000;101740;-30;6;270;6.200000;291.850000;282.850000;56;20000;2;1;1;90;4;1250;38;20;12;100680;mq;mq;mq;mq;mq;mq;mq;mq;mq;mq;mq;11.300000;-10;mq;mq;0.000000;-30;0.000000;0.000000;mq;mq;mq;710.000000;1111.000000;3100.000000;mq;3;8;1200;3;6;1800;6;0;7500;mq;mq;mq;
07168;20110907150000;101750;-50;6;280;6.700000;292.650000;281.350000;48;30000;2;1;1;90;2;1250;32;23;11;100370;mq;mq;mq;mq;mq;mq;mq;mq;mq;mq;mq;12.300000;-10;mq;mq;0.000000;-30;0.000000;0.000000;mq;mq;mq;710.000000;1112.000000;3100.000000;mq;2;8;1350;5;0;7500;mq;mq;mq;mq;mq;mq;
07190;20110907150000;101640;-80;8;240;5.100000;292.250000;283.750000;58;45000;0;mq;mq;100;mq;1250;mq;mq;mq;99870;mq;mq;mq;mq;mq;mq;mq;mq;mq;mq;mq;8.700000;-10;mq;mq;mq;mq;0.000000;0.000000;mq;mq;mq;710.000000;1109.000000;mq;mq;mq;mq;mq;mq;mq;mq;mq;mq;mq;mq;mq;mq;
07207;20110907150000;mq;mq;mq;290;7.700000;290.950000;285.150000;69;15000;2;1;1;100;4;800;38;20;15;mq;mq;mq;mq;mq;mq;mq;mq;mq;mq;mq;mq;10.800000;-10;mq;mq;mq;mq;0.000000;0.000000;mq;mq;mq;710.000000;1111.000000;2437.000000;mq;mq;mq;mq;mq;mq;mq;mq;mq;mq;mq;mq;mq;
07222;20110907150000;102010;-90;7;260;6.200000;292.950000;285.650000;63;20000;2;1;1;75;3;1250;34;20;11;101700;mq;mq;mq;mq;mq;mq;mq;mq;mq;mq;mq;10.300000;-10;mq;mq;mq;mq;0.000000;0.000000;mq;mq;mq;710.000000;1110.000000;mq;mq;3;6;990;5;0;7800;mq;mq;mq;mq;mq;mq;
07240;20110907150000;101910;-80;7;260;4.600000;293.450000;283.850000;54;40000;0;mq;mq;mq;mq;1250;mq;mq;mq;100600;mq;mq;mq;mq;mq;mq;mq;mq;mq;mq;mq;10.300000;-10;mq;mq;mq;mq;0.000000;0.000000;mq;mq;mq;710.000000;1110.000000;mq;mq;mq;mq;mq;mq;mq;mq;mq;mq;mq;mq;mq;mq;
07255;20110907150000;101900;-110;6;270;5.100000;293.750000;282.350000;48;30000;2;1;1;90;1;1250;31;23;12;99960;mq;mq;mq;mq;mq;mq;mq;mq;mq;mq;mq;10.800000;-10;mq;mq;0.000000;-30;0.000000;0.000000;mq;mq;mq;710.000000;1111.000000;3100.000000;mq;1;8;990;3;3;3900;7;0;7500;mq;mq;mq;
07280;20110907150000;101710;-90;6;220;7.700000;294.850000;284.550000;52;60000;0;mq;mq;100;mq;800;mq;mq;mq;99090;mq;mq;mq;mq;mq;mq;mq;mq;mq;mq;mq;12.900000;-10;mq;mq;mq;mq;0.000000;0.000000;mq;mq;mq;710.000000;1113.000000;mq;mq;mq;mq;mq;mq;mq;mq;mq;mq;mq;mq;mq;mq;
07299;20110907150000;101660;-80;8;250;4.600000;294.050000;286.950000;64;30000;2;1;1;90;3;450;38;23;60;98520;mq;mq;mq;mq;mq;mq;mq;mq;mq;mq;mq;10.800000;-10;mq;mq;0.000000;-30;0.000000;0.000000;mq;mq;mq;710.000000;1111.000000;3100.000000;mq;1;8;480;5;6;990;7;3;3600;mq;mq;mq;
07314;20110907150000;102200;-30;8;280;6.200000;292.450000;287.650000;74;25000;2;1;1;50;4;1250;32;20;11;101930;mq;mq;mq;mq;mq;mq;mq;mq;mq;mq;mq;8.700000;-10;mq;mq;mq;mq;0.000000;0.000000;mq;mq;mq;710.000000;1109.000000;2438.000000;mq;4;8;990;mq;mq;mq;mq;mq;mq;mq;mq;mq;
07335;20110907150000;101950;-90;6;260;5.100000;295.650000;286.950000;58;30000;2;1;1;60;3;1250;32;28;11;100560;mq;mq;mq;mq;mq;mq;mq;mq;mq;mq;mq;10.300000;-10;mq;mq;mq;mq;0.000000;0.000000;mq;mq;mq;710.000000;1110.000000;mq;mq;3;8;1140;4;0;7800;mq;mq;mq;mq;mq;mq;
07434;20110907150000;101980;-70;8;260;5.100000;293.850000;289.850000;78;40000;2;5;2;60;5;800;32;20;10;97370;mq;mq;mq;mq;mq;mq;mq;mq;mq;mq;mq;9.800000;-10;mq;mq;mq;mq;0.000000;1.000000;mq;mq;mq;710.000000;1110.000000;mq;mq;5;8;900;mq;mq;mq;mq;mq;mq;mq;mq;mq;
07460;20110907150000;101910;-60;8;250;3.100000;294.550000;288.150000;67;40000;2;1;1;90;7;800;38;61;60;98170;mq;mq;mq;mq;mq;mq;mq;mq;mq;mq;mq;7.200000;-10;mq;mq;0.000000;-30;0.000000;0.000000;mq;mq;mq;710.000000;1107.000000;3100.000000;mq;1;8;690;7;6;1080;mq;mq;mq;mq;mq;mq;
07471;20110907150000;mq;-90;6;310;5.100000;292.750000;286.650000;68;35000;2;1;1;75;5;800;35;20;12;92570;85000;18040;mq;mq;mq;mq;mq;mq;mq;mq;mq;11.800000;-10;mq;mq;0.000000;-30;0.000000;0.000000;mq;mq;mq;710.000000;1112.000000;3100.000000;mq;5;6;900;3;0;7500;mq;mq;mq;mq;mq;mq;
07481;20110907150000;101930;-80;7;160;1.500000;296.250000;285.250000;50;50000;2;1;1;90;5;1750;38;23;11;99170;mq;mq;mq;mq;mq;mq;mq;mq;mq;mq;mq;5.100000;-10;mq;mq;0.000000;-30;0.000000;0.000000;mq;mq;mq;710.000000;1105.000000;3100.000000;mq;4;6;1500;4;3;2100;5;0;7500;mq;mq;mq;
07510;20110907150000;102250;-90;7;240;6.700000;292.750000;292.750000;100;2500;51;5;5;100;8;150;37;61;60;101610;mq;mq;mq;mq;mq;mq;mq;mq;mq;mq;mq;10.300000;-10;mq;mq;0.000000;-30;0.400000;0.600000;mq;mq;mq;710.000000;1110.000000;3100.000000;mq;8;7;150;mq;mq;mq;mq;mq;mq;mq;mq;mq;
07535;20110907150000;102170;-140;6;230;2.600000;293.850000;290.050000;79;6000;2;1;1;100;8;800;38;61;60;99150;mq;mq;mq;mq;mq;mq;mq;mq;mq;mq;mq;7.700000;-10;mq;mq;0.000000;-30;0.000000;0.000000;mq;mq;mq;710.000000;1108.000000;3100.000000;mq;6;8;600;8;6;630;mq;mq;mq;mq;mq;mq;
07558;20110907150000;102090;-80;6;300;5.100000;292.350000;286.550000;69;20000;15;2;2;75;3;450;32;20;11;94010;mq;mq;mq;mq;mq;mq;mq;mq;mq;mq;mq;11.300000;-10;mq;mq;0.000000;-30;0.000000;0.000000;mq;mq;mq;710.000000;1111.000000;3100.000000;mq;3;8;390;5;0;7500;mq;mq;mq;mq;mq;mq;
07577;20110907150000;101840;-110;8;10;3.600000;299.950000;285.250000;40;20000;2;1;1;75;2;1750;31;23;11;100990;mq;mq;mq;mq;mq;mq;mq;mq;mq;mq;mq;8.200000;-10;mq;mq;0.000000;-30;0.000000;0.000000;mq;mq;mq;710.000000;1108.000000;3100.000000;mq;2;8;1800;4;3;2400;mq;mq;mq;mq;mq;mq;
07591;20110907150000;mq;-170;6;220;5.700000;297.250000;282.050000;38;mq;0;mq;mq;mq;mq;mq;mq;mq;mq;91730;mq;mq;mq;mq;mq;mq;mq;mq;mq;mq;mq;15.400000;-10;mq;mq;mq;mq;0.000000;0.000000;mq;mq;mq;710.000000;1115.000000;mq;mq;mq;mq;mq;mq;mq;mq;mq;mq;mq;mq;mq;mq;
07607;20110907150000;102350;-100;6;280;5.100000;296.650000;290.150000;67;60000;0;mq;mq;100;mq;800;mq;mq;mq;101660;mq;mq;mq;mq;mq;mq;mq;mq;mq;mq;mq;9.300000;-10;mq;mq;mq;mq;0.000000;0.000000;mq;mq;mq;710.000000;1109.000000;mq;mq;mq;mq;mq;mq;mq;mq;mq;mq;mq;mq;mq;mq;
07621;20110907150000;102270;-100;6;290;3.600000;296.650000;287.950000;58;35000;0;mq;mq;mq;mq;mq;mq;mq;mq;98120;mq;mq;mq;mq;mq;mq;mq;mq;mq;mq;mq;7.700000;-10;mq;mq;mq;mq;0.000000;0.000000;mq;mq;mq;710.000000;1108.000000;mq;mq;mq;mq;mq;mq;mq;mq;mq;mq;mq;mq;mq;mq;
07627;20110907150000;102170;-130;6;330;5.100000;297.750000;284.650000;44;40000;2;1;1;40;0;8000;30;20;12;97510;mq;mq;mq;mq;mq;mq;mq;mq;mq;mq;mq;8.200000;-10;mq;mq;0.000000;-30;0.000000;0.000000;mq;mq;mq;710.000000;1108.000000;3100.000000;mq;3;0;6900;mq;mq;mq;mq;mq;mq;mq;mq;mq;
07630;20110907150000;102180;-190;6;290;5.700000;299.650000;287.050000;46;40000;2;1;1;90;5;1250;38;20;12;100460;mq;mq;mq;mq;mq;mq;mq;mq;mq;mq;mq;9.800000;-10;mq;mq;0.000000;-30;0.000000;0.000000;mq;mq;mq;710.000000;1110.000000;3100.000000;mq;1;8;1350;5;6;1440;6;0;7800;mq;mq;mq;
07643;20110907150000;101820;-170;6;280;7.700000;302.350000;285.350000;35;45000;0;mq;mq;mq;mq;mq;mq;mq;mq;101730;mq;mq;mq;mq;mq;mq;mq;mq;mq;mq;mq;12.300000;-10;mq;mq;mq;mq;0.000000;0.000000;mq;mq;mq;710.000000;1112.000000;mq;mq;mq;mq;mq;mq;mq;mq;mq;mq;mq;mq;mq;mq;
07650;20110907150000;101700;-180;6;280;6.200000;301.450000;286.550000;40;60000;2;1;1;90;1;3500;30;23;12;101330;mq;mq;mq;mq;mq;mq;mq;mq;mq;mq;mq;8.200000;-10;mq;mq;0.000000;-30;0.000000;0.000000;mq;mq;mq;710.000000;1108.000000;3100.000000;mq;1;3;4200;7;0;7500;mq;mq;mq;mq;mq;mq;
07661;20110907150000;101460;-100;8;330;17.000000;297.150000;286.650000;52;25000;2;1;1;90;5;3500;30;22;12;99920;mq;mq;mq;mq;mq;mq;mq;mq;mq;mq;23.700000;23.700000;-10;mq;mq;mq;mq;0.000000;0.000000;mq;mq;mq;1024.000000;710.000000;1124.000000;mq;5;3;2400;mq;mq;mq;mq;mq;mq;mq;mq;mq;
07690;20110907150000;101350;-130;6;110;3.100000;297.850000;290.050000;62;50000;2;1;1;90;1;800;32;20;12;101030;mq;mq;mq;mq;mq;mq;mq;mq;mq;mq;mq;5.100000;-10;mq;mq;0.000000;-30;0.000000;0.000000;mq;mq;mq;710.000000;1105.000000;3100.000000;mq;1;8;900;7;0;6900;mq;mq;mq;mq;mq;mq;
07747;20110907150000;101950;-150;6;310;7.700000;302.350000;282.950000;30;40000;2;1;1;75;1;3500;30;24;12;101450;mq;mq;mq;mq;mq;mq;mq;mq;mq;mq;mq;12.900000;-10;mq;mq;0.000000;-30;0.000000;0.000000;mq;mq;mq;710.000000;1113.000000;3100.000000;mq;1;3;3900;6;0;7500;mq;mq;mq;mq;mq;mq;
07761;20110907150000;101660;-130;6;210;5.100000;299.050000;289.850000;57;30000;2;1;1;60;1;800;31;20;12;101560;mq;mq;mq;mq;mq;mq;mq;mq;mq;mq;mq;7.200000;-10;mq;mq;0.000000;-30;0.000000;0.000000;mq;mq;mq;710.000000;1107.000000;3100.000000;mq;1;8;900;5;0;7800;mq;mq;mq;mq;mq;mq;
07790;20110907150000;101410;-170;6;110;2.600000;299.150000;291.850000;64;30000;2;1;1;90;1;800;31;28;12;101270;mq;mq;mq;mq;mq;mq;mq;mq;mq;mq;mq;5.100000;-10;mq;mq;0.000000;-30;0.000000;0.000000;mq;mq;mq;710.000000;1105.000000;3100.000000;mq;1;8;900;7;0;7500;mq;mq;mq;mq;mq;mq;
61968;20110907150000;101580;mq;mq;0;0.000000;298.450000;293.250000;73;mq;mq;mq;mq;mq;mq;mq;mq;mq;mq;mq;mq;mq;mq;mq;mq;mq;mq;mq;mq;mq;mq;2.100000;-10;mq;mq;mq;mq;0.000000;0.000000;mq;mq;mq;710.000000;1102.000000;mq;mq;mq;mq;mq;mq;mq;mq;mq;mq;mq;mq;mq;mq;
61970;20110907150000;101700;mq;mq;mq;mq;298.050000;294.150000;79;mq;mq;mq;mq;mq;mq;mq;mq;mq;mq;mq;mq;mq;mq;mq;mq;mq;mq;mq;mq;mq;mq;mq;mq;mq;mq;mq;mq;0.000000;0.000000;mq;mq;mq;mq;mq;mq;mq;mq;mq;mq;mq;mq;mq;mq;mq;mq;mq;mq;mq;
61972;20110907150000;102130;mq;mq;180;6.200000;295.450000;290.350000;73;mq;mq;mq;mq;mq;mq;mq;mq;mq;mq;mq;mq;mq;mq;mq;mq;mq;mq;mq;mq;mq;mq;10.300000;-10;mq;mq;mq;mq;0.000000;0.000000;mq;mq;mq;710.000000;1110.000000;mq;mq;mq;mq;mq;mq;mq;mq;mq;mq;mq;mq;mq;mq;
61976;20110907150000;101760;mq;mq;160;9.300000;296.950000;292.450000;76;mq;mq;mq;mq;mq;mq;mq;mq;mq;mq;101610;mq;mq;mq;mq;mq;mq;mq;mq;mq;mq;mq;mq;mq;mq;mq;mq;mq;mq;mq;mq;mq;mq;mq;mq;mq;mq;mq;mq;mq;mq;mq;mq;mq;mq;mq;mq;mq;mq;
61980;20110907150000;101930;mq;mq;170;2.600000;295.550000;290.250000;72;10000;2;1;1;60;5;800;38;20;10;mq;mq;mq;20;mq;mq;mq;mq;mq;mq;mq;mq;3.100000;-10;mq;mq;mq;mq;0.000000;0.000000;mq;mq;mq;710.000000;1103.000000;mq;mq;1;8;690;5;6;1080;mq;mq;mq;mq;mq;mq;
61996;20110907150000;mq;mq;mq;340;17.000000;287.950000;mq;mq;mq;mq;mq;mq;mq;mq;mq;mq;mq;mq;mq;mq;mq;mq;mq;mq;mq;mq;mq;mq;mq;mq;22.600000;-10;mq;mq;mq;mq;0.000000;0.000000;mq;mq;mq;710.000000;1123.000000;mq;mq;mq;mq;mq;mq;mq;mq;mq;mq;mq;mq;mq;mq;
61997;20110907150000;99280;mq;mq;230;15.400000;271.750000;268.550000;76;mq;mq;mq;mq;mq;mq;mq;mq;mq;mq;mq;mq;mq;940;mq;mq;mq;mq;mq;mq;mq;mq;26.200000;-30;mq;mq;mq;mq;mq;0.000000;mq;mq;mq;1126.000000;mq;mq;mq;mq;mq;mq;mq;mq;mq;mq;mq;mq;mq;mq;mq;
61998;20110907150000;98310;mq;mq;300;5.700000;273.350000;269.450000;75;mq;mq;mq;mq;mq;mq;mq;mq;mq;mq;mq;mq;mq;mq;mq;mq;mq;mq;mq;mq;mq;mq;10.300000;-10;mq;mq;mq;mq;0.000000;0.000000;mq;mq;mq;710.000000;1110.000000;mq;mq;mq;mq;mq;mq;mq;mq;mq;mq;mq;mq;mq;mq;
67005;20110907150000;101620;mq;mq;170;2.100000;298.950000;293.250000;71;30000;2;1;1;10;1;800;31;20;11;mq;mq;mq;20;mq;mq;mq;mq;mq;mq;mq;mq;4.100000;-10;mq;mq;mq;mq;0.000000;0.000000;mq;mq;mq;710.000000;1104.000000;mq;mq;1;8;600;mq;mq;mq;mq;mq;mq;mq;mq;mq;
71805;20110907150000;102510;260;1;340;6.200000;287.950000;280.050000;59;40000;2;1;1;50;3;800;38;20;11;102430;mq;mq;mq;mq;mq;mq;mq;mq;mq;mq;mq;10.800000;-10;mq;mq;0.000000;-30;0.000000;0.000000;mq;mq;mq;710.000000;1111.000000;3100.000000;mq;1;8;600;3;0;6300;mq;mq;mq;mq;mq;mq;
78897;20110907150000;101420;-20;8;110;3.100000;304.150000;297.050000;66;40000;2;1;1;90;4;800;38;20;12;mq;mq;mq;mq;mq;mq;mq;mq;mq;mq;mq;mq;mq;mq;mq;mq;mq;mq;mq;mq;mq;mq;mq;mq;mq;mq;mq;3;8;780;6;0;7800;mq;mq;mq;mq;mq;mq;
78922;20110907150000;101420;40;0;200;5.700000;304.350000;295.650000;60;mq;mq;mq;mq;mq;mq;mq;mq;mq;mq;100980;mq;mq;mq;mq;mq;mq;mq;mq;mq;mq;mq;mq;mq;mq;mq;mq;mq;mq;mq;mq;mq;mq;mq;mq;mq;mq;mq;mq;mq;mq;mq;mq;mq;mq;mq;mq;mq;mq;
78925;20110907150000;101440;50;0;0;0.000000;301.050000;297.850000;83;20000;1;8;6;90;4;800;38;20;12;mq;mq;mq;mq;mq;mq;mq;mq;mq;mq;mq;mq;mq;mq;mq;mq;mq;mq;mq;mq;mq;mq;mq;mq;mq;mq;mq;2;8;780;3;6;1500;5;0;7800;mq;mq;mq;
81401;20110907150000;101330;mq;mq;90;2.100000;304.950000;296.250000;60;mq;mq;mq;mq;mq;mq;mq;mq;mq;mq;101270;mq;mq;mq;mq;mq;mq;mq;mq;mq;mq;mq;mq;mq;mq;mq;mq;mq;mq;0.000000;mq;mq;mq;mq;mq;mq;mq;mq;mq;mq;mq;mq;mq;mq;mq;mq;mq;mq;mq;
81405;20110907150000;101350;mq;mq;80;3.600000;305.150000;295.850000;58;15000;2;1;1;75;5;800;31;23;11;101260;mq;mq;mq;mq;mq;mq;mq;mq;mq;mq;mq;mq;mq;mq;mq;mq;mq;mq;0.000000;mq;mq;mq;mq;mq;mq;mq;mq;mq;mq;mq;mq;mq;mq;mq;mq;mq;mq;mq;
81408;20110907150000;101340;mq;mq;140;2.100000;305.750000;295.550000;55;mq;mq;mq;mq;mq;mq;mq;mq;mq;mq;101260;mq;mq;mq;mq;mq;mq;mq;mq;mq;mq;mq;mq;mq;mq;mq;mq;mq;mq;0.200000;mq;mq;mq;mq;mq;mq;mq;mq;mq;mq;mq;mq;mq;mq;mq;mq;mq;mq;mq;
81415;20110907150000;101360;mq;mq;50;2.100000;304.650000;295.950000;60;mq;mq;mq;mq;mq;mq;mq;mq;mq;mq;100180;mq;mq;mq;mq;mq;mq;mq;mq;mq;mq;mq;mq;mq;mq;mq;mq;mq;0.000000;0.000000;mq;mq;mq;mq;mq;mq;mq;mq;mq;mq;mq;mq;mq;mq;mq;mq;mq;mq;mq;
89642;20110907150000;97750;-200;8;120;8.200000;259.150000;252.250000;52;mq;mq;mq;mq;mq;mq;mq;mq;mq;mq;97200;mq;mq;mq;mq;mq;mq;mq;mq;mq;mq;mq;mq;mq;mq;mq;mq;mq;mq;mq;mq;mq;mq;mq;mq;mq;mq;mq;mq;mq;mq;mq;mq;mq;mq;mq;mq;mq;mq;
07005;20110907180000;101520;-20;8;250;8.700000;288.550000;283.350000;71;mq;mq;mq;mq;mq;mq;mq;mq;mq;mq;100640;mq;mq;mq;287.250000;mq;290.350000;mq;mq;mq;mq;mq;14.400000;-10;mq;mq;mq;mq;0.000000;0.000000;mq;0.000000;mq;710.000000;1114.000000;mq;mq;mq;mq;mq;mq;mq;mq;mq;mq;mq;mq;mq;mq;
07015;20110907180000;101390;-30;8;260;7.700000;288.750000;283.250000;70;20000;2;1;1;100;8;800;38;61;60;100830;mq;mq;mq;286.050000;mq;291.850000;mq;mq;mq;mq;mq;12.900000;-10;mq;mq;0.000000;-60;0.000000;0.000000;mq;0.400000;mq;710.000000;1113.000000;3100.000000;mq;1;8;780;8;6;1380;mq;mq;mq;mq;mq;mq;
07020;20110907180000;101690;-40;8;260;11.300000;289.150000;285.550000;79;mq;mq;mq;mq;mq;mq;mq;mq;mq;mq;101430;mq;mq;mq;288.450000;mq;290.550000;mq;mq;mq;mq;mq;15.900000;-10;mq;mq;mq;mq;0.000000;0.000000;mq;0.000000;mq;710.000000;1116.000000;mq;mq;mq;mq;mq;mq;mq;mq;mq;mq;mq;mq;mq;mq;
07027;20110907180000;101760;0;0;250;5.700000;288.450000;283.850000;74;40000;0;mq;mq;mq;mq;800;mq;mq;mq;100960;mq;mq;mq;285.650000;mq;291.150000;mq;mq;mq;mq;mq;11.300000;-10;mq;mq;mq;mq;0.000000;0.000000;mq;0.000000;mq;710.000000;1111.000000;mq;mq;mq;mq;mq;mq;mq;mq;mq;mq;mq;mq;mq;mq;
07037;20110907180000;101680;10;0;250;4.100000;288.250000;283.450000;73;40000;0;mq;mq;mq;mq;mq;mq;mq;mq;99880;mq;mq;mq;284.850000;mq;292.050000;mq;mq;mq;mq;mq;10.800000;-10;mq;mq;mq;mq;0.000000;0.000000;mq;0.200000;mq;710.000000;1111.000000;mq;mq;mq;mq;mq;mq;mq;mq;mq;mq;mq;mq;mq;mq;
07110;20110907180000;101900;-90;8;240;4.600000;288.450000;284.650000;78;25000;2;1;1;90;6;450;38;20;11;100770;mq;mq;mq;285.150000;mq;291.550000;mq;mq;mq;mq;mq;8.200000;-10;mq;mq;0.000000;-60;0.000000;0.000000;mq;0.000000;mq;710.000000;1108.000000;3100.000000;mq;5;8;570;6;6;870;mq;mq;mq;mq;mq;mq;
07117;20110907180000;101830;-30;8;260;6.700000;288.450000;284.450000;77;15000;2;1;1;100;8;800;31;29;60;101140;mq;mq;mq;287.050000;mq;291.150000;mq;mq;mq;mq;mq;12.900000;-10;mq;mq;mq;mq;0.000000;0.000000;mq;0.000000;mq;710.000000;1113.000000;2437.000000;mq;mq;mq;mq;mq;mq;mq;mq;mq;mq;mq;mq;mq;
07130;20110907180000;101890;0;0;240;4.100000;290.750000;285.650000;72;40000;0;mq;mq;mq;mq;1250;mq;mq;mq;101380;mq;mq;mq;285.350000;mq;294.450000;mq;mq;mq;mq;mq;7.700000;-10;mq;mq;mq;mq;0.000000;0.000000;mq;0.000000;mq;710.000000;1108.000000;mq;mq;mq;mq;mq;mq;mq;mq;mq;mq;mq;mq;mq;mq;
07139;20110907180000;101810;-30;7;280;2.100000;289.550000;283.850000;69;mq;mq;mq;mq;mq;mq;mq;mq;mq;mq;100110;mq;mq;mq;285.750000;mq;292.450000;mq;mq;mq;mq;mq;5.100000;-10;mq;mq;mq;mq;0.000000;0.000000;mq;0.000000;mq;710.000000;1105.000000;mq;mq;mq;mq;mq;mq;mq;mq;mq;mq;mq;mq;mq;mq;
07149;20110907180000;101780;30;1;270;4.600000;289.850000;282.250000;61;20000;2;1;1;90;1;1750;31;23;12;100710;mq;mq;mq;286.150000;mq;292.750000;mq;mq;mq;mq;mq;8.700000;-10;mq;mq;0.000000;-60;0.000000;0.000000;mq;0.000000;mq;710.000000;1109.000000;3100.000000;mq;1;8;1500;7;0;7500;mq;mq;mq;mq;mq;mq;
07168;20110907180000;101800;30;0;270;4.100000;289.850000;282.050000;60;20000;0;mq;mq;mq;mq;mq;mq;mq;mq;100400;mq;mq;mq;287.050000;mq;293.750000;mq;mq;mq;mq;mq;9.800000;-10;mq;mq;mq;mq;0.000000;0.000000;mq;0.000000;mq;710.000000;1110.000000;mq;mq;mq;mq;mq;mq;mq;mq;mq;mq;mq;mq;mq;mq;
07190;20110907180000;101700;50;3;290;2.100000;290.750000;284.550000;67;50000;0;mq;mq;90;mq;mq;mq;mq;mq;99920;mq;mq;mq;287.750000;mq;292.750000;mq;mq;mq;mq;mq;4.600000;-10;mq;mq;mq;mq;0.000000;0.000000;mq;2.000000;mq;710.000000;1105.000000;mq;mq;mq;mq;mq;mq;mq;mq;mq;mq;mq;mq;mq;mq;
07207;20110907180000;mq;mq;mq;290;6.200000;289.750000;284.850000;73;17000;2;1;1;75;4;800;38;20;15;mq;mq;mq;mq;288.850000;mq;292.150000;mq;mq;mq;mq;mq;10.300000;-10;mq;mq;mq;mq;0.000000;0.000000;mq;0.000000;mq;710.000000;1110.000000;2437.000000;mq;mq;mq;mq;mq;mq;mq;mq;mq;mq;mq;mq;mq;
07222;20110907180000;102030;20;1;270;4.100000;290.050000;284.750000;71;20000;2;1;1;60;1;800;34;20;11;101720;mq;mq;mq;287.050000;mq;293.150000;mq;mq;mq;mq;mq;8.200000;-10;mq;mq;mq;mq;0.000000;0.000000;mq;0.000000;mq;710.000000;1108.000000;mq;mq;1;6;900;5;0;7800;mq;mq;mq;mq;mq;mq;
07240;20110907180000;101900;-20;8;260;2.100000;291.350000;283.950000;62;30000;2;1;1;90;0;8000;30;20;12;100580;mq;mq;mq;286.950000;mq;293.650000;mq;mq;mq;mq;mq;6.700000;-10;mq;mq;0.000000;-60;0.000000;0.000000;mq;0.000000;mq;710.000000;1107.000000;3100.000000;mq;7;0;7800;mq;mq;mq;mq;mq;mq;mq;mq;mq;
07255;20110907180000;101950;40;2;310;2.100000;291.450000;284.050000;62;20000;0;mq;mq;mq;mq;mq;mq;mq;mq;100000;mq;mq;mq;288.350000;mq;294.350000;mq;mq;mq;mq;mq;6.200000;-10;mq;mq;mq;mq;0.000000;0.000000;mq;2.000000;mq;710.000000;1106.000000;mq;mq;mq;mq;mq;mq;mq;mq;mq;mq;mq;mq;mq;mq;
07280;20110907180000;101870;130;3;260;4.600000;291.650000;282.450000;55;60000;0;mq;mq;mq;mq;mq;mq;mq;mq;99220;mq;mq;mq;289.350000;mq;295.550000;mq;mq;mq;mq;mq;9.300000;-10;mq;mq;mq;mq;0.000000;0.000000;mq;0.000000;mq;710.000000;1109.000000;mq;mq;mq;mq;mq;mq;mq;mq;mq;mq;mq;mq;mq;mq;
07299;20110907180000;101670;-10;5;250;4.100000;292.750000;286.250000;66;30000;2;1;1;90;5;800;38;23;12;98510;mq;mq;mq;287.450000;mq;295.050000;mq;mq;mq;mq;mq;8.200000;-10;mq;mq;0.000000;-60;0.000000;0.000000;mq;0.600000;mq;710.000000;1108.000000;3100.000000;mq;2;8;780;4;6;1800;6;0;6000;mq;mq;mq;
07314;20110907180000;102190;-10;5;280;5.700000;291.350000;287.250000;77;mq;mq;mq;mq;mq;mq;mq;mq;mq;mq;101920;mq;mq;mq;290.250000;mq;292.650000;mq;mq;mq;mq;mq;8.200000;-10;mq;mq;mq;mq;0.000000;0.000000;mq;0.600000;mq;710.000000;1108.000000;mq;mq;mq;mq;mq;mq;mq;mq;mq;mq;mq;mq;mq;mq;
07335;20110907180000;102000;30;3;240;5.700000;292.350000;286.250000;68;55000;0;mq;mq;mq;mq;mq;mq;mq;mq;100590;mq;mq;mq;288.850000;mq;296.350000;mq;mq;mq;mq;mq;8.700000;-10;mq;mq;mq;mq;0.000000;0.000000;mq;1.000000;mq;710.000000;1109.000000;mq;mq;mq;mq;mq;mq;mq;mq;mq;mq;mq;mq;mq;mq;
07434;20110907180000;102040;10;3;260;2.600000;291.450000;285.450000;68;60000;0;mq;mq;mq;mq;mq;mq;mq;mq;97380;mq;mq;mq;287.550000;mq;294.050000;mq;mq;mq;mq;mq;7.200000;-10;mq;mq;mq;mq;0.000000;0.000000;mq;2.000000;mq;710.000000;1107.000000;mq;mq;mq;mq;mq;mq;mq;mq;mq;mq;mq;mq;mq;mq;
07460;20110907180000;101920;0;5;280;4.100000;294.150000;287.550000;66;40000;2;1;1;75;3;1250;31;20;11;98170;mq;mq;mq;289.550000;mq;296.150000;mq;mq;mq;mq;mq;7.700000;-10;mq;mq;0.000000;-60;0.000000;0.000000;mq;0.000000;mq;710.000000;1108.000000;3100.000000;mq;3;8;1080;4;0;6900;mq;mq;mq;mq;mq;mq;
07471;20110907180000;mq;10;0;240;2.600000;288.250000;287.150000;93;14000;0;mq;mq;90;mq;800;mq;mq;mq;92580;85000;18040;mq;286.650000;mq;293.550000;mq;mq;mq;mq;mq;5.100000;-10;mq;mq;mq;mq;0.600000;0.600000;mq;0.600000;mq;710.000000;1105.000000;mq;mq;mq;mq;mq;mq;mq;mq;mq;mq;mq;mq;mq;mq;
07481;20110907180000;101860;-70;6;140;1.500000;295.350000;287.250000;60;60000;2;1;1;90;6;1250;38;20;11;99100;mq;mq;mq;287.450000;mq;296.850000;mq;mq;mq;mq;mq;3.100000;-10;mq;mq;0.000000;-60;0.000000;0.000000;mq;0.000000;mq;710.000000;1103.000000;3100.000000;mq;3;8;1440;5;6;2100;5;0;7500;mq;mq;mq;
07510;20110907180000;102210;-40;7;250;4.600000;293.050000;293.050000;100;4000;58;6;5;90;7;150;37;61;60;101570;mq;mq;mq;290.150000;mq;293.350000;mq;mq;mq;mq;mq;8.200000;-10;mq;mq;0.000000;-60;0.000000;0.400000;mq;2.000000;mq;710.000000;1108.000000;3100.000000;mq;5;7;180;7;6;600;mq;mq;mq;mq;mq;mq;
07535;20110907180000;102160;-20;7;250;3.600000;292.850000;290.050000;84;mq;mq;mq;mq;mq;mq;mq;mq;mq;mq;99130;mq;mq;mq;285.450000;mq;293.850000;mq;mq;mq;mq;mq;9.300000;-10;mq;mq;mq;mq;0.000000;0.200000;mq;0.600000;mq;710.000000;1109.000000;mq;mq;mq;mq;mq;mq;mq;mq;mq;mq;mq;mq;mq;mq;
07558;20110907180000;102140;-40;8;290;3.100000;288.950000;287.950000;94;mq;mq;mq;mq;mq;mq;mq;mq;mq;mq;93970;mq;mq;mq;285.850000;mq;293.750000;mq;mq;mq;mq;mq;5.700000;-10;mq;mq;mq;mq;0.000000;0.000000;mq;0.000000;mq;710.000000;1106.000000;mq;mq;mq;mq;mq;mq;mq;mq;mq;mq;mq;mq;mq;mq;
07577;20110907180000;101830;-20;5;20;2.100000;297.050000;286.250000;51;20000;0;mq;mq;mq;mq;mq;mq;mq;mq;100970;mq;mq;mq;285.850000;mq;300.150000;mq;mq;mq;mq;mq;6.200000;-10;mq;mq;mq;mq;0.000000;0.000000;mq;0.000000;mq;710.000000;1106.000000;mq;mq;mq;mq;mq;mq;mq;mq;mq;mq;mq;mq;mq;mq;
07591;20110907180000;mq;100;3;200;2.100000;293.150000;282.150000;49;mq;0;mq;mq;mq;mq;mq;mq;mq;mq;91830;mq;mq;mq;284.650000;mq;299.050000;mq;mq;mq;mq;mq;8.700000;-10;mq;mq;mq;mq;0.000000;0.000000;mq;0.000000;mq;710.000000;1109.000000;mq;mq;mq;mq;mq;mq;mq;mq;mq;mq;mq;mq;mq;mq;
07607;20110907180000;102290;-60;7;280;4.100000;295.050000;289.550000;71;55000;0;mq;mq;100;mq;800;mq;mq;mq;101600;mq;mq;mq;284.050000;mq;297.450000;mq;mq;mq;mq;mq;6.700000;-10;mq;mq;mq;mq;0.000000;0.000000;mq;0.000000;mq;710.000000;1107.000000;mq;mq;mq;mq;mq;mq;mq;mq;mq;mq;mq;mq;mq;mq;
07621;20110907180000;102260;-40;8;290;2.100000;294.550000;288.150000;67;30000;2;1;1;40;1;1750;31;23;12;98080;mq;mq;mq;284.750000;mq;297.250000;mq;mq;mq;mq;mq;5.100000;-10;mq;mq;0.000000;-60;0.000000;0.000000;mq;0.000000;mq;710.000000;1105.000000;3100.000000;mq;2;8;1800;3;3;3300;mq;mq;mq;mq;mq;mq;
07627;20110907180000;102230;0;0;260;1.000000;294.050000;285.750000;59;mq;mq;mq;mq;mq;mq;mq;mq;mq;mq;97510;mq;mq;mq;282.550000;mq;298.050000;mq;mq;mq;mq;mq;4.100000;-10;mq;mq;mq;mq;0.000000;0.000000;mq;0.000000;mq;710.000000;1104.000000;mq;mq;mq;mq;mq;mq;mq;mq;mq;mq;mq;mq;mq;mq;
07630;20110907180000;102190;0;4;300;6.200000;296.850000;288.850000;61;40000;2;1;1;90;7;1250;38;61;60;100460;mq;mq;mq;287.150000;mq;299.950000;mq;mq;mq;mq;mq;8.700000;-10;mq;mq;0.000000;-60;0.000000;0.000000;mq;0.000000;mq;710.000000;1109.000000;3100.000000;mq;3;6;1290;6;6;2100;mq;mq;mq;mq;mq;mq;
07643;20110907180000;101890;70;3;280;7.700000;298.450000;287.550000;51;60000;2;1;1;75;1;1750;35;24;11;101800;mq;mq;mq;291.250000;mq;303.450000;mq;mq;mq;mq;mq;12.300000;-10;mq;mq;mq;mq;0.000000;0.000000;mq;0.000000;mq;710.000000;1112.000000;mq;mq;1;6;1500;6;0;7800;mq;mq;mq;mq;mq;mq;
07650;20110907180000;101670;-30;6;310;5.100000;299.350000;287.450000;48;60000;2;1;1;90;1;3500;30;23;12;101300;mq;mq;mq;290.950000;mq;302.150000;mq;mq;mq;mq;mq;10.300000;-10;mq;mq;0.000000;-60;0.000000;0.000000;mq;0.000000;mq;710.000000;1110.000000;3100.000000;mq;1;3;4200;7;0;6300;mq;mq;mq;mq;mq;mq;
07661;20110907180000;101450;-10;8;330;14.400000;296.350000;288.150000;60;25000;2;1;1;90;5;3500;30;22;12;99910;mq;mq;mq;293.650000;mq;297.850000;mq;mq;mq;mq;mq;20.600000;-10;mq;mq;mq;mq;0.000000;0.000000;mq;0.000000;mq;710.000000;1121.000000;mq;mq;6;3;2400;mq;mq;mq;mq;mq;mq;mq;mq;mq;
07690;20110907180000;101320;-30;6;90;4.100000;296.650000;291.050000;71;50000;2;1;1;90;1;800;34;20;12;101000;mq;mq;mq;293.450000;mq;298.850000;mq;mq;mq;mq;mq;5.100000;-10;mq;mq;0.000000;-60;0.000000;0.000000;mq;0.000000;mq;710.000000;1105.000000;3100.000000;mq;1;6;900;7;0;6900;mq;mq;mq;mq;mq;mq;
07747;20110907180000;102000;40;3;310;5.100000;299.650000;284.150000;38;60000;0;mq;mq;mq;mq;mq;mq;mq;mq;101490;mq;mq;mq;293.650000;mq;304.250000;mq;mq;mq;mq;mq;12.900000;-10;mq;mq;mq;mq;0.000000;0.000000;mq;0.000000;mq;710.000000;1113.000000;mq;mq;mq;mq;mq;mq;mq;mq;mq;mq;mq;mq;mq;mq;
07761;20110907180000;101620;-40;5;260;4.100000;296.550000;288.350000;60;25000;2;1;1;60;1;800;35;24;12;101520;mq;mq;mq;291.450000;mq;299.950000;mq;mq;mq;mq;mq;8.200000;-10;mq;mq;0.000000;-60;0.000000;0.000000;mq;0.000000;mq;710.000000;1108.000000;3100.000000;mq;1;6;900;5;0;7800;mq;mq;mq;mq;mq;mq;
07790;20110907180000;101330;-80;6;0;0.000000;295.650000;292.050000;80;25000;2;1;1;75;1;3500;30;23;11;101190;mq;mq;mq;294.150000;mq;300.950000;mq;mq;mq;mq;mq;2.100000;-10;mq;mq;0.000000;-60;0.000000;0.000000;mq;0.000000;mq;710.000000;1102.000000;3100.000000;mq;1;3;2700;6;0;6900;mq;mq;mq;mq;mq;mq;
61968;20110907180000;101730;mq;mq;0;0.000000;295.650000;292.850000;84;mq;mq;mq;mq;mq;mq;mq;mq;mq;mq;mq;mq;mq;mq;mq;mq;302.050000;mq;mq;mq;mq;mq;1.000000;-10;mq;mq;mq;mq;0.000000;mq;mq;0.000000;mq;710.000000;1101.000000;mq;mq;mq;mq;mq;mq;mq;mq;mq;mq;mq;mq;mq;mq;
61970;20110907180000;101800;mq;mq;mq;mq;297.450000;294.750000;85;mq;mq;mq;mq;mq;mq;mq;mq;mq;mq;mq;mq;mq;mq;mq;mq;301.650000;mq;mq;mq;mq;mq;mq;mq;mq;mq;mq;mq;0.000000;mq;mq;0.000000;mq;mq;mq;mq;mq;mq;mq;mq;mq;mq;mq;mq;mq;mq;mq;mq;mq;
61972;20110907180000;102180;mq;mq;180;6.200000;295.150000;291.550000;80;mq;mq;mq;mq;mq;mq;mq;mq;mq;mq;mq;mq;mq;mq;mq;mq;299.250000;mq;mq;mq;mq;mq;10.300000;-10;mq;mq;mq;mq;0.000000;mq;mq;0.000000;mq;710.000000;1110.000000;mq;mq;mq;mq;mq;mq;mq;mq;mq;mq;mq;mq;mq;mq;
61976;20110907180000;101950;mq;mq;150;8.200000;296.750000;292.450000;77;mq;mq;mq;mq;mq;mq;mq;mq;mq;mq;101800;mq;mq;50;mq;mq;mq;mq;mq;mq;mq;mq;mq;mq;mq;mq;mq;mq;mq;mq;mq;mq;mq;mq;mq;mq;mq;mq;mq;mq;mq;mq;mq;mq;mq;mq;mq;mq;mq;
61980;20110907180000;102020;mq;mq;190;3.100000;292.850000;288.250000;75;10000;2;1;1;10;1;800;38;20;10;mq;mq;mq;mq;mq;mq;298.750000;mq;mq;mq;mq;mq;5.100000;-10;mq;mq;mq;mq;0.000000;mq;mq;0.000000;mq;710.000000;1105.000000;mq;mq;1;8;630;mq;mq;mq;mq;mq;mq;mq;mq;mq;
61996;20110907180000;mq;mq;mq;310;15.400000;285.850000;mq;mq;mq;mq;mq;mq;mq;mq;mq;mq;mq;mq;mq;mq;mq;mq;mq;mq;287.950000;mq;mq;mq;mq;mq;26.800000;-10;mq;mq;mq;mq;0.400000;mq;mq;1.000000;mq;710.000000;1127.000000;mq;mq;mq;mq;mq;mq;mq;mq;mq;mq;mq;mq;mq;mq;
61997;20110907180000;99370;mq;mq;230;11.800000;271.650000;267.950000;73;mq;mq;mq;mq;mq;mq;mq;mq;mq;mq;mq;mq;mq;890;mq;mq;272.750000;mq;mq;mq;mq;mq;26.200000;-60;mq;mq;mq;mq;mq;mq;mq;0.000000;mq;1126.000000;mq;mq;mq;mq;mq;mq;mq;mq;mq;mq;mq;mq;mq;mq;mq;
61998;20110907180000;98230;mq;mq;280;3.100000;272.150000;268.950000;76;mq;mq;mq;mq;mq;mq;mq;mq;mq;mq;mq;mq;mq;mq;mq;mq;276.850000;mq;mq;mq;mq;mq;8.200000;-10;mq;mq;mq;mq;0.000000;mq;mq;0.000000;mq;710.000000;1108.000000;mq;mq;mq;mq;mq;mq;mq;mq;mq;mq;mq;mq;mq;mq;
67005;20110907180000;101710;mq;mq;250;3.100000;297.950000;294.050000;79;mq;0;mq;mq;mq;mq;mq;mq;mq;mq;mq;mq;mq;mq;mq;mq;301.250000;mq;mq;mq;mq;mq;4.100000;-10;mq;mq;mq;mq;0.000000;mq;mq;0.000000;mq;710.000000;1104.000000;mq;mq;mq;mq;mq;mq;mq;mq;mq;mq;mq;mq;mq;mq;
71805;20110907180000;102550;40;3;280;5.700000;289.450000;279.850000;53;40000;2;1;1;50;1;800;35;23;11;102470;mq;mq;mq;mq;284.250000;289.550000;mq;mq;mq;mq;mq;9.800000;-10;mq;mq;0.000000;-60;0.000000;0.000000;mq;0.000000;mq;710.000000;1110.000000;3100.000000;mq;1;6;690;3;0;6300;mq;mq;mq;mq;mq;mq;
78897;20110907180000;101260;-160;6;110;4.600000;304.750000;297.150000;64;40000;2;1;1;90;4;800;38;20;12;mq;mq;mq;mq;mq;296.750000;304.750000;mq;mq;mq;mq;mq;mq;mq;mq;mq;mq;mq;mq;mq;0.000000;mq;7.400000;mq;mq;mq;mq;1;8;780;3;8;840;6;0;7800;mq;mq;mq;
78922;20110907180000;101250;-170;7;150;4.600000;303.350000;296.050000;65;mq;mq;mq;mq;mq;mq;mq;mq;mq;mq;100810;mq;mq;mq;mq;mq;mq;mq;mq;mq;mq;mq;mq;mq;mq;mq;mq;mq;mq;mq;mq;mq;mq;mq;mq;mq;mq;mq;mq;mq;mq;mq;mq;mq;mq;mq;mq;mq;mq;
78925;20110907180000;101250;-190;8;340;1.500000;303.250000;297.850000;73;30000;1;8;6;90;5;800;38;20;12;mq;mq;mq;mq;mq;297.450000;304.450000;mq;mq;mq;mq;mq;mq;mq;mq;mq;mq;mq;mq;mq;13.000000;mq;mq;mq;mq;mq;mq;3;8;840;3;6;1500;5;0;7800;mq;mq;mq;
81401;20110907180000;100980;mq;mq;110;2.600000;306.550000;292.950000;45;mq;mq;mq;mq;mq;mq;mq;mq;mq;mq;100920;mq;mq;mq;mq;mq;mq;mq;mq;mq;mq;mq;mq;mq;mq;mq;mq;mq;mq;0.000000;0.000000;mq;mq;mq;mq;mq;mq;mq;mq;mq;mq;mq;mq;mq;mq;mq;mq;mq;mq;
81405;20110907180000;101110;mq;mq;70;5.700000;304.950000;296.250000;60;15000;2;1;1;50;2;1250;38;23;11;101020;mq;mq;mq;mq;mq;mq;mq;mq;mq;mq;mq;mq;mq;mq;mq;mq;mq;mq;0.000000;0.000000;mq;mq;mq;mq;mq;mq;mq;mq;mq;mq;mq;mq;mq;mq;mq;mq;mq;mq;
81408;20110907180000;101040;mq;mq;110;3.600000;306.650000;293.750000;47;mq;mq;mq;mq;mq;mq;mq;mq;mq;mq;100960;mq;mq;mq;mq;mq;mq;mq;mq;mq;mq;mq;mq;mq;mq;mq;mq;mq;mq;0.000000;0.200000;mq;mq;mq;mq;mq;mq;mq;mq;mq;mq;mq;mq;mq;mq;mq;mq;mq;mq;
81415;20110907180000;101050;mq;mq;120;2.100000;305.350000;294.550000;53;mq;mq;mq;mq;mq;mq;mq;mq;mq;mq;99870;mq;mq;mq;mq;mq;mq;mq;mq;mq;mq;mq;mq;mq;mq;mq;mq;mq;0.000000;0.000000;0.000000;mq;mq;mq;mq;mq;mq;mq;mq;mq;mq;mq;mq;mq;mq;mq;mq;mq;mq;
89642;20110907180000;97650;-100;6;110;9.300000;259.250000;252.350000;52;mq;mq;mq;mq;mq;mq;mq;mq;mq;mq;97100;mq;mq;mq;mq;mq;mq;mq;mq;mq;mq;mq;17.000000;-60;mq;mq;mq;mq;mq;mq;mq;mq;mq;1117.000000;mq;mq;mq;mq;mq;mq;mq;mq;mq;mq;mq;mq;mq;mq;mq;
07005;20110907210000;101520;0;0;240;6.200000;287.650000;284.250000;80;mq;mq;mq;mq;mq;mq;mq;mq;mq;mq;100640;mq;mq;mq;mq;mq;mq;mq;mq;mq;mq;mq;14.900000;-10;mq;mq;mq;mq;0.000000;0.000000;mq;mq;mq;710.000000;1115.000000;mq;mq;mq;mq;mq;mq;mq;mq;mq;mq;mq;mq;mq;mq;
07015;20110907210000;101370;-20;8;240;6.700000;287.450000;283.850000;79;20000;2;1;1;100;8;450;38;61;60;100810;mq;mq;mq;mq;mq;mq;mq;mq;mq;mq;mq;13.900000;-10;mq;mq;0.000000;-30;0.000000;0.000000;mq;mq;mq;710.000000;1114.000000;3100.000000;mq;1;8;540;8;6;1200;mq;mq;mq;mq;mq;mq;
07020;20110907210000;101700;10;3;260;11.300000;289.050000;285.450000;79;14000;2;1;1;90;7;1250;35;61;60;101440;mq;mq;mq;mq;mq;mq;mq;mq;mq;mq;mq;15.400000;-10;mq;mq;mq;mq;0.000000;0.000000;mq;mq;mq;710.000000;1115.000000;mq;mq;7;6;990;mq;mq;mq;mq;mq;mq;mq;mq;mq;
07027;20110907210000;101760;-10;8;190;3.600000;285.850000;284.050000;89;29000;0;mq;mq;mq;mq;mq;mq;mq;mq;100950;mq;mq;mq;mq;mq;mq;mq;mq;mq;mq;mq;4.600000;-10;mq;mq;mq;mq;0.000000;0.000000;mq;mq;mq;710.000000;1105.000000;mq;mq;mq;mq;mq;mq;mq;mq;mq;mq;mq;mq;mq;mq;
07037;20110907210000;101720;20;0;230;5.700000;286.350000;283.150000;81;40000;0;mq;mq;mq;mq;1250;mq;mq;mq;99900;mq;mq;mq;mq;mq;mq;mq;mq;mq;mq;mq;8.700000;-10;mq;mq;mq;mq;0.000000;0.000000;mq;mq;mq;710.000000;1109.000000;mq;mq;mq;mq;mq;mq;mq;mq;mq;mq;mq;mq;mq;mq;
07110;20110907210000;101840;-70;8;230;5.100000;287.250000;285.450000;89;25000;2;1;1;60;4;450;32;20;11;100700;mq;mq;mq;mq;mq;mq;mq;mq;mq;mq;mq;8.700000;-10;mq;mq;0.000000;-30;0.000000;0.000000;mq;mq;mq;710.000000;1109.000000;3100.000000;mq;4;8;360;4;0;7500;mq;mq;mq;mq;mq;mq;
07117;20110907210000;101810;-30;6;240;4.600000;287.050000;284.950000;87;15000;2;1;1;60;1;800;31;25;60;101110;mq;mq;mq;mq;mq;mq;mq;mq;mq;mq;mq;8.200000;-10;mq;mq;mq;mq;0.000000;0.000000;mq;mq;mq;710.000000;1108.000000;2437.000000;mq;mq;mq;mq;mq;mq;mq;mq;mq;mq;mq;mq;mq;
07130;20110907210000;101930;30;0;240;3.600000;287.750000;285.050000;84;28000;0;mq;mq;mq;mq;mq;mq;mq;mq;101410;mq;mq;mq;mq;mq;mq;mq;mq;mq;mq;mq;6.200000;-10;mq;mq;mq;mq;0.000000;0.000000;mq;mq;mq;710.000000;1106.000000;mq;mq;mq;mq;mq;mq;mq;mq;mq;mq;mq;mq;mq;mq;
07139;20110907210000;101870;40;0;250;1.000000;286.850000;283.850000;82;mq;mq;mq;mq;mq;mq;mq;mq;mq;mq;100150;mq;mq;mq;mq;mq;mq;mq;mq;mq;mq;mq;3.600000;-10;mq;mq;mq;mq;0.000000;0.000000;mq;mq;mq;710.000000;1104.000000;mq;mq;mq;mq;mq;mq;mq;mq;mq;mq;mq;mq;mq;mq;
07149;20110907210000;101810;20;0;230;1.000000;286.850000;283.250000;79;20000;2;1;1;75;4;1250;35;20;11;100730;mq;mq;mq;mq;mq;mq;mq;mq;mq;mq;mq;2.100000;-10;mq;mq;0.000000;-30;0.000000;0.000000;mq;mq;mq;710.000000;1102.000000;3100.000000;mq;4;6;1320;4;0;7500;mq;mq;mq;mq;mq;mq;
07168;20110907210000;101900;80;3;230;3.600000;285.650000;282.250000;80;20000;0;mq;mq;mq;mq;mq;mq;mq;mq;100480;mq;mq;mq;mq;mq;mq;mq;mq;mq;mq;mq;4.100000;-10;mq;mq;mq;mq;0.000000;0.000000;mq;mq;mq;710.000000;1104.000000;mq;mq;mq;mq;mq;mq;mq;mq;mq;mq;mq;mq;mq;mq;
07190;20110907210000;101770;50;3;220;2.100000;287.250000;283.850000;80;60000;0;mq;mq;mq;mq;mq;mq;mq;mq;99970;mq;mq;mq;mq;mq;mq;mq;mq;mq;mq;mq;4.100000;-10;mq;mq;mq;mq;0.000000;0.000000;mq;mq;mq;710.000000;1104.000000;mq;mq;mq;mq;mq;mq;mq;mq;mq;mq;mq;mq;mq;mq;
07207;20110907210000;mq;mq;mq;260;5.100000;289.550000;285.350000;76;17000;2;1;1;75;4;800;38;20;15;mq;mq;mq;mq;mq;mq;mq;mq;mq;mq;mq;mq;8.700000;-10;mq;mq;mq;mq;0.000000;0.000000;mq;mq;mq;710.000000;1109.000000;2437.000000;mq;mq;mq;mq;mq;mq;mq;mq;mq;mq;mq;mq;mq;
07222;20110907210000;102040;10;0;250;2.600000;286.850000;285.050000;89;20000;2;1;1;60;0;8000;30;20;11;101730;mq;mq;mq;mq;mq;mq;mq;mq;mq;mq;mq;4.100000;-10;mq;mq;mq;mq;0.000000;0.000000;mq;mq;mq;710.000000;1104.000000;mq;mq;5;0;7800;mq;mq;mq;mq;mq;mq;mq;mq;mq;
07240;20110907210000;102000;90;3;260;3.600000;288.650000;284.250000;75;30000;2;1;1;60;0;8000;30;20;12;100670;mq;mq;mq;mq;mq;mq;mq;mq;mq;mq;mq;6.700000;-10;mq;mq;0.000000;-30;0.000000;0.000000;mq;mq;mq;710.000000;1107.000000;3100.000000;mq;5;0;7800;mq;mq;mq;mq;mq;mq;mq;mq;mq;
07255;20110907210000;102020;50;3;230;1.000000;288.050000;284.250000;78;20000;0;mq;mq;mq;mq;mq;mq;mq;mq;100050;mq;mq;mq;mq;mq;mq;mq;mq;mq;mq;mq;1.500000;-10;mq;mq;mq;mq;0.000000;0.000000;mq;mq;mq;710.000000;1102.000000;mq;mq;mq;mq;mq;mq;mq;mq;mq;mq;mq;mq;mq;mq;
07280;20110907210000;102010;100;2;240;1.500000;288.350000;283.150000;71;60000;0;mq;mq;75;mq;mq;mq;mq;mq;99320;mq;mq;mq;mq;mq;mq;mq;mq;mq;mq;mq;4.100000;-10;mq;mq;mq;mq;0.000000;0.000000;mq;mq;mq;710.000000;1104.000000;mq;mq;mq;mq;mq;mq;mq;mq;mq;mq;mq;mq;mq;mq;
07299;20110907210000;101800;110;2;260;5.100000;291.150000;285.550000;70;30000;2;1;1;90;3;800;38;23;60;98620;mq;mq;mq;mq;mq;mq;mq;mq;mq;mq;mq;11.300000;-10;mq;mq;0.000000;-30;0.000000;0.000000;mq;mq;mq;710.000000;1111.000000;3100.000000;mq;1;8;780;3;6;1500;5;3;2100;mq;mq;mq;
07314;20110907210000;102200;10;2;270;4.100000;290.750000;286.850000;78;25000;2;1;1;40;2;1250;32;20;11;101930;mq;mq;mq;mq;mq;mq;mq;mq;mq;mq;mq;6.200000;-10;mq;mq;mq;mq;0.000000;0.000000;mq;mq;mq;710.000000;1106.000000;mq;mq;2;8;990;mq;mq;mq;mq;mq;mq;mq;mq;mq;
07335;20110907210000;102130;110;2;240;4.600000;288.450000;285.550000;83;45000;0;mq;mq;mq;mq;mq;mq;mq;mq;100700;mq;mq;mq;mq;mq;mq;mq;mq;mq;mq;mq;7.700000;-10;mq;mq;mq;mq;0.000000;0.000000;mq;mq;mq;710.000000;1108.000000;mq;mq;mq;mq;mq;mq;mq;mq;mq;mq;mq;mq;mq;mq;
07434;20110907210000;102170;70;1;240;3.100000;287.950000;286.650000;92;55000;0;mq;mq;mq;mq;mq;mq;mq;mq;97450;mq;mq;mq;mq;mq;mq;mq;mq;mq;mq;mq;5.700000;-10;mq;mq;mq;mq;0.000000;0.000000;mq;mq;mq;710.000000;1106.000000;mq;mq;mq;mq;mq;mq;mq;mq;mq;mq;mq;mq;mq;mq;
07460;20110907210000;102030;80;1;230;1.500000;292.050000;286.250000;69;40000;2;1;1;10;1;1250;31;20;11;98250;mq;mq;mq;mq;mq;mq;mq;mq;mq;mq;mq;6.700000;-10;mq;mq;0.000000;-30;0.000000;0.000000;mq;mq;mq;710.000000;1107.000000;3100.000000;mq;1;8;1080;mq;mq;mq;mq;mq;mq;mq;mq;mq;
07471;20110907210000;mq;70;1;0;0.000000;286.350000;285.750000;96;1000;10;mq;mq;mq;mq;450;mq;mq;mq;92650;85000;18110;mq;mq;mq;mq;mq;mq;mq;mq;mq;1.500000;-10;mq;mq;mq;mq;0.200000;0.200000;mq;mq;mq;710.000000;1102.000000;mq;mq;mq;mq;mq;mq;mq;mq;mq;mq;mq;mq;mq;mq;
07481;20110907210000;101960;80;1;190;2.600000;293.650000;287.550000;68;50000;2;1;1;90;7;1750;35;61;60;99180;mq;mq;mq;mq;mq;mq;mq;mq;mq;mq;mq;4.600000;-10;mq;mq;0.000000;-30;0.000000;0.000000;mq;mq;mq;710.000000;1105.000000;3100.000000;mq;7;6;1800;mq;mq;mq;mq;mq;mq;mq;mq;mq;
07510;20110907210000;102250;40;2;300;2.100000;292.650000;292.650000;100;2000;61;6;5;90;7;80;37;61;60;101610;mq;mq;mq;mq;mq;mq;mq;mq;mq;mq;mq;4.600000;-10;mq;mq;0.000000;-30;2.000000;2.000000;mq;mq;mq;710.000000;1105.000000;3100.000000;mq;5;7;90;7;6;300;mq;mq;mq;mq;mq;mq;
07535;20110907210000;102260;80;1;250;1.500000;291.150000;290.550000;96;mq;mq;mq;mq;mq;mq;mq;mq;mq;mq;99210;mq;mq;mq;mq;mq;mq;mq;mq;mq;mq;mq;4.100000;-10;mq;mq;mq;mq;0.000000;0.000000;mq;mq;mq;710.000000;1104.000000;mq;mq;mq;mq;mq;mq;mq;mq;mq;mq;mq;mq;mq;mq;
07558;20110907210000;102140;10;0;280;4.100000;289.350000;288.350000;94;mq;mq;mq;mq;mq;mq;mq;mq;mq;mq;93980;mq;mq;mq;mq;mq;mq;mq;mq;mq;mq;mq;7.200000;-10;mq;mq;mq;mq;0.000000;0.000000;mq;mq;mq;710.000000;1107.000000;mq;mq;mq;mq;mq;mq;mq;mq;mq;mq;mq;mq;mq;mq;
07577;20110907210000;101910;80;2;30;2.100000;295.050000;286.950000;60;20000;0;mq;mq;mq;mq;mq;mq;mq;mq;101050;mq;mq;mq;mq;mq;mq;mq;mq;mq;mq;mq;3.600000;-10;mq;mq;mq;mq;0.000000;0.000000;mq;mq;mq;710.000000;1104.000000;mq;mq;mq;mq;mq;mq;mq;mq;mq;mq;mq;mq;mq;mq;
07591;20110907210000;mq;110;1;50;1.500000;287.950000;282.950000;72;mq;0;mq;mq;mq;mq;mq;mq;mq;mq;91940;mq;mq;mq;mq;mq;mq;mq;mq;mq;mq;mq;2.600000;-10;mq;mq;mq;mq;0.000000;0.000000;mq;mq;mq;710.000000;1103.000000;mq;mq;mq;mq;mq;mq;mq;mq;mq;mq;mq;mq;mq;mq;
07607;20110907210000;102340;40;2;280;1.500000;291.050000;289.350000;90;40000;0;mq;mq;90;mq;450;mq;mq;mq;101640;mq;mq;mq;mq;mq;mq;mq;mq;mq;mq;mq;2.600000;-10;mq;mq;mq;mq;0.000000;0.000000;mq;mq;mq;710.000000;1103.000000;mq;mq;mq;mq;mq;mq;mq;mq;mq;mq;mq;mq;mq;mq;
07621;20110907210000;102370;40;0;180;2.600000;290.250000;288.550000;90;20000;2;1;1;40;3;800;35;20;10;98120;mq;mq;mq;mq;mq;mq;mq;mq;mq;mq;mq;3.600000;-10;mq;mq;0.000000;-30;0.000000;0.000000;mq;mq;mq;710.000000;1104.000000;3100.000000;mq;1;6;900;3;6;2100;mq;mq;mq;mq;mq;mq;
07627;20110907210000;102440;90;1;0;0.000000;287.150000;285.350000;89;mq;mq;mq;mq;mq;mq;mq;mq;mq;mq;97600;mq;mq;mq;mq;mq;mq;mq;mq;mq;mq;mq;1.500000;-10;mq;mq;mq;mq;0.000000;0.000000;mq;mq;mq;710.000000;1102.000000;mq;mq;mq;mq;mq;mq;mq;mq;mq;mq;mq;mq;mq;mq;
07630;20110907210000;102280;70;2;310;4.100000;294.850000;289.150000;70;30000;2;1;1;90;7;1250;35;20;10;100530;mq;mq;mq;mq;mq;mq;mq;mq;mq;mq;mq;6.700000;-10;mq;mq;0.000000;-30;0.000000;0.000000;mq;mq;mq;710.000000;1107.000000;3100.000000;mq;2;6;1200;7;6;2100;mq;mq;mq;mq;mq;mq;
07643;20110907210000;101950;60;0;290;6.200000;296.150000;288.450000;62;60000;2;1;1;75;1;1750;35;24;11;101860;mq;mq;mq;mq;mq;mq;mq;mq;mq;mq;mq;13.900000;-10;mq;mq;mq;mq;0.000000;0.000000;mq;mq;mq;710.000000;1114.000000;mq;mq;1;6;1500;6;0;7800;mq;mq;mq;mq;mq;mq;
07650;20110907210000;101750;80;1;300;7.200000;296.550000;289.350000;64;60000;2;1;1;75;0;8000;30;20;12;101380;mq;mq;mq;mq;mq;mq;mq;mq;mq;mq;mq;9.300000;-10;mq;mq;0.000000;-30;0.000000;0.000000;mq;mq;mq;710.000000;1109.000000;3100.000000;mq;6;0;7500;mq;mq;mq;mq;mq;mq;mq;mq;mq;
07661;20110907210000;101430;-10;8;340;13.400000;298.150000;285.750000;46;mq;mq;mq;mq;mq;mq;mq;mq;mq;mq;99900;mq;mq;mq;mq;mq;mq;mq;mq;mq;mq;mq;18.500000;-10;mq;mq;mq;mq;0.000000;0.000000;mq;mq;mq;710.000000;1119.000000;mq;mq;mq;mq;mq;mq;mq;mq;mq;mq;mq;mq;mq;mq;
07690;20110907210000;101350;30;0;80;2.100000;296.550000;291.850000;75;40000;2;1;1;75;5;800;35;20;11;101030;mq;mq;mq;mq;mq;mq;mq;mq;mq;mq;mq;5.700000;-10;mq;mq;0.000000;-30;0.000000;0.000000;mq;mq;mq;710.000000;1106.000000;3100.000000;mq;5;6;690;3;0;6900;mq;mq;mq;mq;mq;mq;
07747;20110907210000;102070;70;2;330;4.600000;297.550000;285.150000;46;60000;0;mq;mq;mq;mq;mq;mq;mq;mq;101560;mq;mq;mq;mq;mq;mq;mq;mq;mq;mq;mq;9.800000;-10;mq;mq;mq;mq;0.000000;0.000000;mq;mq;mq;710.000000;1110.000000;mq;mq;mq;mq;mq;mq;mq;mq;mq;mq;mq;mq;mq;mq;
07761;20110907210000;101600;-30;8;40;3.100000;293.050000;288.050000;73;20000;0;mq;mq;mq;mq;mq;mq;mq;mq;101490;mq;mq;mq;mq;mq;mq;mq;mq;mq;mq;mq;3.600000;-10;mq;mq;mq;mq;0.000000;0.000000;mq;mq;mq;710.000000;1104.000000;mq;mq;mq;mq;mq;mq;mq;mq;mq;mq;mq;mq;mq;mq;
07790;20110907210000;101350;20;0;200;2.100000;292.850000;290.250000;85;25000;2;1;1;75;1;800;31;20;11;101210;mq;mq;mq;mq;mq;mq;mq;mq;mq;mq;mq;3.100000;-10;mq;mq;0.000000;-30;0.000000;0.000000;mq;mq;mq;710.000000;1103.000000;3100.000000;mq;1;8;600;6;0;6900;mq;mq;mq;mq;mq;mq;
61968;20110907210000;101690;mq;mq;0;0.000000;294.450000;292.350000;88;mq;mq;mq;mq;mq;mq;mq;mq;mq;mq;mq;mq;mq;mq;mq;mq;mq;mq;mq;mq;mq;mq;1.000000;-10;mq;mq;mq;mq;0.000000;0.000000;mq;mq;mq;710.000000;1101.000000;mq;mq;mq;mq;mq;mq;mq;mq;mq;mq;mq;mq;mq;mq;
61970;20110907210000;101800;mq;mq;mq;mq;297.450000;295.350000;88;mq;mq;mq;mq;mq;mq;mq;mq;mq;mq;mq;mq;mq;mq;mq;mq;mq;mq;mq;mq;mq;mq;mq;mq;mq;mq;mq;mq;0.000000;0.000000;mq;mq;mq;mq;mq;mq;mq;mq;mq;mq;mq;mq;mq;mq;mq;mq;mq;mq;mq;
61972;20110907210000;102160;mq;mq;170;5.700000;294.550000;290.550000;78;mq;mq;mq;mq;mq;mq;mq;mq;mq;mq;mq;mq;mq;mq;mq;mq;mq;mq;mq;mq;mq;mq;10.300000;-10;mq;mq;mq;mq;0.000000;0.000000;mq;mq;mq;710.000000;1110.000000;mq;mq;mq;mq;mq;mq;mq;mq;mq;mq;mq;mq;mq;mq;
61980;20110907210000;101950;mq;mq;160;2.100000;291.950000;288.650000;81;60000;0;mq;mq;mq;mq;mq;mq;mq;mq;mq;mq;mq;mq;mq;mq;mq;mq;mq;mq;mq;mq;3.600000;-10;mq;mq;mq;mq;0.000000;0.000000;mq;mq;mq;710.000000;1104.000000;mq;mq;mq;mq;mq;mq;mq;mq;mq;mq;mq;mq;mq;mq;
61996;20110907210000;mq;mq;mq;310;15.400000;286.350000;mq;mq;mq;mq;mq;mq;mq;mq;mq;mq;mq;mq;mq;mq;mq;mq;mq;mq;mq;mq;mq;mq;mq;mq;22.100000;-10;mq;mq;mq;mq;0.000000;0.800000;mq;mq;mq;710.000000;1122.000000;mq;mq;mq;mq;mq;mq;mq;mq;mq;mq;mq;mq;mq;mq;
61997;20110907210000;99340;mq;mq;230;11.300000;271.350000;269.950000;89;mq;mq;mq;mq;mq;mq;mq;mq;mq;mq;mq;mq;mq;760;mq;mq;mq;mq;mq;mq;mq;mq;mq;mq;mq;mq;mq;mq;mq;0.000000;mq;mq;mq;mq;mq;mq;mq;mq;mq;mq;mq;mq;mq;mq;mq;mq;mq;mq;mq;
61998;20110907210000;98190;mq;mq;310;5.100000;272.450000;268.750000;73;mq;mq;mq;mq;mq;mq;mq;mq;mq;mq;mq;mq;mq;30;mq;mq;mq;mq;mq;mq;mq;mq;9.800000;-10;mq;mq;mq;mq;0.000000;0.000000;mq;mq;mq;710.000000;1110.000000;mq;mq;mq;mq;mq;mq;mq;mq;mq;mq;mq;mq;mq;mq;
67005;20110907210000;101680;mq;mq;250;3.600000;297.850000;294.150000;80;mq;0;mq;mq;mq;mq;mq;mq;mq;mq;mq;mq;mq;20;mq;mq;mq;mq;mq;mq;mq;mq;5.700000;-10;mq;mq;mq;mq;0.000000;0.000000;mq;mq;mq;710.000000;1106.000000;mq;mq;mq;mq;mq;mq;mq;mq;mq;mq;mq;mq;mq;mq;
71805;20110907210000;102560;0;0;270;5.100000;286.450000;281.750000;73;40000;2;1;1;60;5;3500;30;23;11;102470;mq;mq;mq;mq;mq;mq;mq;mq;mq;mq;mq;9.300000;-10;mq;mq;0.000000;-30;0.000000;0.000000;mq;mq;mq;710.000000;1109.000000;3100.000000;mq;5;3;3000;mq;mq;mq;mq;mq;mq;mq;mq;mq;
78897;20110907210000;101190;-70;6;150;3.600000;302.350000;297.250000;74;40000;2;1;1;90;3;450;39;29;17;mq;mq;mq;mq;mq;mq;mq;mq;mq;mq;mq;mq;mq;mq;mq;mq;mq;mq;mq;mq;mq;mq;mq;mq;mq;mq;mq;1;9;480;3;8;780;7;2;7800;mq;mq;mq;
78922;20110907210000;101190;-60;6;150;4.600000;302.050000;296.050000;70;mq;mq;mq;mq;mq;mq;mq;mq;mq;mq;100750;mq;mq;mq;mq;mq;mq;mq;mq;mq;mq;mq;mq;mq;mq;mq;mq;mq;mq;mq;mq;mq;mq;mq;mq;mq;mq;mq;mq;mq;mq;mq;mq;mq;mq;mq;mq;mq;mq;
78925;20110907210000;101170;-80;6;80;3.100000;302.450000;298.250000;78;30000;1;8;6;90;5;800;38;20;12;mq;mq;mq;mq;mq;mq;mq;mq;mq;mq;mq;mq;mq;mq;mq;mq;mq;mq;mq;mq;mq;mq;mq;mq;mq;mq;mq;3;8;780;3;6;1500;5;0;7800;mq;mq;mq;
81401;20110907210000;101000;mq;mq;60;2.600000;302.850000;295.550000;65;mq;mq;mq;mq;mq;mq;mq;mq;mq;mq;100940;mq;mq;mq;mq;mq;mq;mq;mq;mq;mq;mq;mq;mq;mq;mq;mq;mq;mq;0.000000;mq;mq;mq;mq;mq;mq;mq;mq;mq;mq;mq;mq;mq;mq;mq;mq;mq;mq;mq;
81405;20110907210000;101090;mq;mq;80;5.100000;302.250000;296.650000;72;15000;2;1;1;50;2;1250;32;20;11;101000;mq;mq;mq;mq;mq;mq;mq;mq;mq;mq;mq;mq;mq;mq;mq;mq;mq;mq;0.000000;mq;mq;mq;mq;mq;mq;mq;mq;mq;mq;mq;mq;mq;mq;mq;mq;mq;mq;mq;
81408;20110907210000;101050;mq;mq;90;3.100000;303.550000;295.450000;62;mq;mq;mq;mq;mq;mq;mq;mq;mq;mq;100970;mq;mq;mq;mq;mq;mq;mq;mq;mq;mq;mq;mq;mq;mq;mq;mq;mq;mq;0.000000;mq;mq;mq;mq;mq;mq;mq;mq;mq;mq;mq;mq;mq;mq;mq;mq;mq;mq;mq;
81415;20110907210000;100980;mq;mq;70;1.500000;304.850000;294.050000;53;mq;mq;mq;mq;mq;mq;mq;mq;mq;mq;99800;mq;mq;mq;mq;mq;mq;mq;mq;mq;mq;mq;mq;mq;mq;mq;mq;mq;0.000000;0.000000;mq;mq;mq;mq;mq;mq;mq;mq;mq;mq;mq;mq;mq;mq;mq;mq;mq;mq;mq;
89642;20110907210000;97810;160;3;130;11.800000;257.950000;252.150000;58;mq;mq;mq;mq;mq;mq;mq;mq;mq;mq;97260;mq;mq;mq;mq;mq;mq;mq;mq;mq;mq;mq;20.100000;-30;mq;mq;mq;mq;mq;mq;mq;mq;mq;1120.000000;mq;mq;mq;mq;mq;mq;mq;mq;mq;mq;mq;mq;mq;mq;mq;
07005;20110908000000;101390;-130;6;230;6.200000;287.350000;284.150000;81;mq;mq;mq;mq;mq;mq;mq;mq;mq;mq;100510;mq;mq;mq;mq;mq;mq;mq;mq;mq;mq;mq;10.300000;-10;mq;mq;mq;mq;0.000000;0.000000;0.000000;mq;mq;710.000000;1110.000000;mq;mq;mq;mq;mq;mq;mq;mq;mq;mq;mq;mq;mq;mq;
07015;20110908000000;101270;-100;7;240;4.100000;286.350000;285.450000;94;6000;60;6;2;100;8;150;35;61;60;100710;mq;mq;mq;mq;mq;mq;mq;mq;mq;mq;mq;10.300000;-10;mq;mq;0.000000;-60;0.400000;0.600000;0.600000;mq;mq;710.000000;1110.000000;3100.000000;mq;3;7;180;8;6;390;mq;mq;mq;mq;mq;mq;
07020;20110908000000;101510;-190;8;240;10.800000;288.850000;285.950000;83;16000;2;1;1;75;3;800;32;23;10;101250;mq;mq;mq;mq;mq;mq;mq;mq;mq;mq;mq;14.900000;-10;mq;mq;mq;mq;0.000000;0.000000;0.000000;mq;mq;710.000000;1115.000000;mq;mq;3;8;780;4;3;2400;mq;mq;mq;mq;mq;mq;
07027;20110908000000;101620;-130;8;220;3.600000;286.850000;284.750000;87;35000;0;mq;mq;100;mq;1250;mq;mq;mq;100820;mq;mq;mq;mq;mq;mq;mq;mq;mq;mq;mq;6.700000;-10;mq;mq;mq;mq;0.000000;0.000000;0.000000;mq;mq;710.000000;1107.000000;mq;mq;mq;mq;mq;mq;mq;mq;mq;mq;mq;mq;mq;mq;
07037;20110908000000;101570;-140;7;230;5.100000;286.450000;283.950000;85;45000;0;mq;mq;100;mq;800;mq;mq;mq;99760;mq;mq;mq;mq;mq;mq;mq;mq;mq;mq;mq;8.200000;-10;mq;mq;mq;mq;0.000000;0.000000;0.000000;mq;mq;710.000000;1108.000000;mq;mq;mq;mq;mq;mq;mq;mq;mq;mq;mq;mq;mq;mq;
07110;20110908000000;101680;-150;8;220;6.700000;288.050000;286.550000;91;25000;2;1;1;100;8;450;35;61;60;100550;mq;mq;mq;mq;mq;mq;mq;mq;mq;mq;mq;10.300000;-10;mq;mq;0.000000;-60;0.000000;0.000000;0.000000;mq;mq;710.000000;1110.000000;3100.000000;mq;6;6;330;7;6;780;mq;mq;mq;mq;mq;mq;
07117;20110908000000;101650;-150;7;250;5.100000;287.450000;285.450000;88;15000;2;1;1;90;7;450;36;61;60;100960;mq;mq;mq;mq;mq;mq;mq;mq;mq;mq;mq;9.300000;-10;mq;mq;mq;mq;0.000000;0.000000;0.000000;mq;mq;710.000000;1109.000000;2437.000000;mq;mq;mq;mq;mq;mq;mq;mq;mq;mq;mq;mq;mq;
07130;20110908000000;101810;-120;6;220;2.100000;285.750000;284.650000;93;22000;0;mq;mq;mq;mq;800;mq;mq;mq;101290;mq;mq;mq;mq;mq;mq;mq;mq;mq;mq;mq;4.600000;-10;mq;mq;mq;mq;0.000000;0.000000;0.000000;mq;mq;710.000000;1105.000000;mq;mq;mq;mq;mq;mq;mq;mq;mq;mq;mq;mq;mq;mq;
07139;20110908000000;101730;-140;8;210;2.600000;286.650000;283.950000;84;mq;mq;mq;mq;mq;mq;mq;mq;mq;mq;100010;mq;mq;mq;mq;mq;mq;mq;mq;mq;mq;mq;4.100000;-10;mq;mq;mq;mq;0.000000;0.000000;0.000000;mq;mq;710.000000;1104.000000;mq;mq;mq;mq;mq;mq;mq;mq;mq;mq;mq;mq;mq;mq;
07149;20110908000000;101710;-100;6;260;3.100000;286.750000;284.050000;84;20000;2;1;1;100;3;3500;30;23;11;100630;mq;mq;mq;mq;mq;mq;mq;mq;mq;mq;mq;4.600000;-10;mq;mq;0.000000;-60;0.000000;0.000000;0.000000;mq;mq;710.000000;1105.000000;3100.000000;mq;3;3;3000;8;0;7500;mq;mq;mq;mq;mq;mq;
07168;20110908000000;101750;-150;8;190;3.100000;285.050000;282.450000;84;20000;0;mq;mq;mq;mq;mq;mq;mq;mq;100330;mq;mq;mq;mq;mq;mq;mq;mq;mq;mq;mq;5.100000;-10;mq;mq;mq;mq;0.000000;0.000000;0.000000;mq;mq;710.000000;1105.000000;mq;mq;mq;mq;mq;mq;mq;mq;mq;mq;mq;mq;mq;mq;
07190;20110908000000;101670;-90;8;220;3.600000;287.950000;283.550000;75;60000;0;mq;mq;100;mq;2250;mq;mq;mq;99880;mq;mq;mq;mq;mq;mq;mq;mq;mq;mq;mq;6.200000;-10;mq;mq;mq;mq;0.000000;0.000000;0.000000;mq;mq;710.000000;1106.000000;mq;mq;mq;mq;mq;mq;mq;mq;mq;mq;mq;mq;mq;mq;
07207;20110908000000;mq;mq;mq;250;5.700000;289.950000;286.850000;82;15000;2;1;1;75;6;3500;30;27;10;mq;mq;mq;mq;mq;mq;mq;mq;mq;mq;mq;mq;10.300000;-10;mq;mq;mq;mq;0.000000;0.000000;0.000000;mq;mq;710.000000;1110.000000;2437.000000;mq;mq;mq;mq;mq;mq;mq;mq;mq;mq;mq;mq;mq;
07222;20110908000000;101860;-180;8;200;2.100000;286.150000;285.350000;95;40000;0;mq;mq;mq;mq;mq;mq;mq;mq;101550;mq;mq;mq;mq;mq;mq;mq;mq;mq;mq;mq;3.600000;-10;mq;mq;mq;mq;0.000000;0.000000;0.000000;mq;mq;710.000000;1104.000000;mq;mq;mq;mq;mq;mq;mq;mq;mq;mq;mq;mq;mq;mq;
07240;20110908000000;101880;-130;6;230;4.100000;287.050000;284.350000;84;30000;2;1;1;50;0;8000;30;20;11;100540;mq;mq;mq;mq;mq;mq;mq;mq;mq;mq;mq;6.700000;-10;mq;mq;0.000000;-60;0.000000;0.000000;0.000000;mq;mq;710.000000;1107.000000;3100.000000;mq;4;0;7800;mq;mq;mq;mq;mq;mq;mq;mq;mq;
07255;20110908000000;101950;-80;8;250;2.600000;286.750000;284.750000;88;20000;0;mq;mq;mq;mq;mq;mq;mq;mq;99970;mq;mq;mq;mq;mq;mq;mq;mq;mq;mq;mq;4.600000;-10;mq;mq;mq;mq;0.000000;0.000000;0.000000;mq;mq;710.000000;1105.000000;mq;mq;mq;mq;mq;mq;mq;mq;mq;mq;mq;mq;mq;mq;
07280;20110908000000;101960;-80;7;250;2.100000;284.950000;282.650000;86;60000;0;mq;mq;mq;mq;1250;mq;mq;mq;99240;mq;mq;mq;mq;mq;mq;mq;mq;mq;mq;mq;3.600000;-10;mq;mq;mq;mq;0.000000;0.000000;0.000000;mq;mq;710.000000;1104.000000;mq;mq;mq;mq;mq;mq;mq;mq;mq;mq;mq;mq;mq;mq;
07299;20110908000000;101820;-30;8;170;2.100000;286.650000;283.250000;80;60000;0;mq;mq;mq;mq;1250;mq;mq;mq;98590;mq;mq;mq;mq;mq;mq;mq;mq;mq;mq;mq;3.600000;-10;mq;mq;mq;mq;0.000000;0.000000;0.000000;mq;mq;710.000000;1104.000000;mq;mq;mq;mq;mq;mq;mq;mq;mq;mq;mq;mq;mq;mq;
07314;20110908000000;102030;-170;8;240;5.700000;291.150000;288.450000;84;20000;2;1;1;50;4;3500;30;27;10;101760;mq;mq;mq;mq;mq;mq;mq;mq;mq;mq;mq;7.700000;-10;mq;mq;mq;mq;0.000000;0.000000;0.000000;mq;mq;710.000000;1108.000000;2438.000000;mq;2;3;2400;mq;mq;mq;mq;mq;mq;mq;mq;mq;
07335;20110908000000;102030;-120;8;190;2.600000;285.150000;284.250000;94;50000;0;mq;mq;mq;mq;mq;mq;mq;mq;100580;mq;mq;mq;mq;mq;mq;mq;mq;mq;mq;mq;3.600000;-10;mq;mq;mq;mq;0.000000;0.000000;0.000000;mq;mq;710.000000;1104.000000;mq;mq;mq;mq;mq;mq;mq;mq;mq;mq;mq;mq;mq;mq;
07434;20110908000000;102130;-70;8;240;1.500000;286.250000;285.150000;93;17000;0;mq;mq;100;mq;250;mq;mq;mq;97380;mq;mq;mq;mq;mq;mq;mq;mq;mq;mq;mq;3.600000;-10;mq;mq;mq;mq;0.000000;0.000000;0.000000;mq;mq;710.000000;1104.000000;mq;mq;mq;mq;mq;mq;mq;mq;mq;mq;mq;mq;mq;mq;
07460;20110908000000;102000;-80;6;40;2.100000;288.250000;284.050000;76;40000;2;1;1;10;0;8000;30;20;11;98170;mq;mq;mq;mq;mq;mq;mq;mq;mq;mq;mq;3.100000;-10;mq;mq;0.000000;-60;0.000000;0.000000;0.000000;mq;mq;710.000000;1103.000000;3100.000000;mq;1;0;6900;mq;mq;mq;mq;mq;mq;mq;mq;mq;
07471;20110908000000;mq;-110;6;270;1.000000;285.150000;283.550000;90;20000;0;mq;mq;mq;mq;mq;mq;mq;mq;92540;85000;18010;mq;mq;mq;mq;mq;mq;mq;mq;mq;3.600000;-10;mq;mq;mq;mq;0.000000;0.000000;0.200000;mq;mq;710.000000;1104.000000;mq;mq;mq;mq;mq;mq;mq;mq;mq;mq;mq;mq;mq;mq;
07481;20110908000000;101960;-40;7;0;0.000000;290.050000;286.950000;82;50000;2;1;1;10;1;3500;30;23;11;99140;mq;mq;mq;mq;mq;mq;mq;mq;mq;mq;mq;1.000000;-10;mq;mq;0.000000;-60;0.000000;0.000000;0.000000;mq;mq;710.000000;1101.000000;3100.000000;mq;1;3;3300;mq;mq;mq;mq;mq;mq;mq;mq;mq;
07510;20110908000000;102110;-140;7;0;0.000000;291.950000;291.950000;100;3000;10;6;5;100;8;80;37;61;60;101470;mq;mq;mq;mq;mq;mq;mq;mq;mq;mq;mq;0.500000;-10;mq;mq;0.000000;-60;0.000000;0.800000;2.000000;mq;mq;710.000000;1101.000000;3100.000000;mq;1;7;60;5;7;90;6;6;300;mq;mq;mq;
07535;20110908000000;102150;-120;7;170;0.500000;290.450000;289.950000;97;mq;mq;mq;mq;mq;mq;mq;mq;mq;mq;99090;mq;mq;mq;mq;mq;mq;mq;mq;mq;mq;mq;2.100000;-10;mq;mq;mq;mq;0.000000;0.000000;0.000000;mq;mq;710.000000;1102.000000;mq;mq;mq;mq;mq;mq;mq;mq;mq;mq;mq;mq;mq;mq;
07558;20110908000000;102060;-80;6;330;5.700000;289.350000;286.650000;84;mq;mq;mq;mq;mq;mq;mq;mq;mq;mq;93900;mq;mq;mq;mq;mq;mq;mq;mq;mq;mq;mq;8.200000;-10;mq;mq;mq;mq;0.000000;0.000000;0.000000;mq;mq;710.000000;1108.000000;mq;mq;mq;mq;mq;mq;mq;mq;mq;mq;mq;mq;mq;mq;
07577;20110908000000;101810;-110;8;40;2.600000;293.750000;286.950000;65;20000;0;mq;mq;mq;mq;mq;mq;mq;mq;100940;mq;mq;mq;mq;mq;mq;mq;mq;mq;mq;mq;5.100000;-10;mq;mq;mq;mq;0.000000;0.000000;0.000000;mq;mq;710.000000;1105.000000;mq;mq;mq;mq;mq;mq;mq;mq;mq;mq;mq;mq;mq;mq;
07591;20110908000000;mq;-110;8;40;1.500000;286.650000;282.150000;74;mq;0;mq;mq;mq;mq;mq;mq;mq;mq;91830;mq;mq;mq;mq;mq;mq;mq;mq;mq;mq;mq;2.600000;-10;mq;mq;mq;mq;0.000000;0.000000;0.000000;mq;mq;710.000000;1103.000000;mq;mq;mq;mq;mq;mq;mq;mq;mq;mq;mq;mq;mq;mq;
07607;20110908000000;102210;-130;8;210;0.500000;291.250000;289.950000;92;9000;0;mq;mq;mq;mq;1250;mq;mq;mq;101510;mq;mq;mq;mq;mq;mq;mq;mq;mq;mq;mq;2.100000;-10;mq;mq;mq;mq;0.000000;0.000000;0.000000;mq;mq;710.000000;1102.000000;mq;mq;mq;mq;mq;mq;mq;mq;mq;mq;mq;mq;mq;mq;
07621;20110908000000;102290;-110;7;190;1.500000;287.750000;286.950000;95;20000;2;1;1;10;1;2250;35;20;10;98010;mq;mq;mq;mq;mq;mq;mq;mq;mq;mq;mq;2.100000;-10;mq;mq;0.000000;-60;0.000000;0.000000;0.000000;mq;mq;710.000000;1102.000000;3100.000000;mq;1;6;1800;mq;mq;mq;mq;mq;mq;mq;mq;mq;
07627;20110908000000;102320;-130;8;240;0.500000;285.950000;284.650000;92;mq;mq;mq;mq;mq;mq;mq;mq;mq;mq;97470;mq;mq;mq;mq;mq;mq;mq;mq;mq;mq;mq;1.500000;-10;mq;mq;mq;mq;0.000000;0.000000;0.000000;mq;mq;710.000000;1102.000000;mq;mq;mq;mq;mq;mq;mq;mq;mq;mq;mq;mq;mq;mq;
07630;20110908000000;102200;-90;8;310;2.600000;292.950000;289.050000;78;55000;0;mq;mq;90;mq;1250;mq;mq;mq;100440;mq;mq;mq;mq;mq;mq;mq;mq;mq;mq;mq;4.600000;-10;mq;mq;mq;mq;0.000000;0.000000;0.000000;mq;mq;710.000000;1105.000000;mq;mq;mq;mq;mq;mq;mq;mq;mq;mq;mq;mq;mq;mq;
07643;20110908000000;101860;-90;8;270;3.600000;295.150000;288.750000;67;60000;0;mq;mq;mq;mq;mq;mq;mq;mq;101770;mq;mq;mq;mq;mq;mq;mq;mq;mq;mq;mq;6.700000;-10;mq;mq;mq;mq;0.000000;0.000000;0.000000;mq;mq;710.000000;1107.000000;mq;mq;mq;mq;mq;mq;mq;mq;mq;mq;mq;mq;mq;mq;
07650;20110908000000;101630;-120;8;300;9.800000;295.150000;288.950000;68;60000;0;mq;mq;mq;mq;mq;mq;mq;mq;101260;mq;mq;mq;mq;mq;mq;mq;mq;mq;mq;mq;11.800000;-10;mq;mq;mq;mq;0.000000;0.000000;0.000000;mq;mq;710.000000;1112.000000;mq;mq;mq;mq;mq;mq;mq;mq;mq;mq;mq;mq;mq;mq;
07661;20110908000000;101230;-210;6;350;14.900000;295.950000;286.150000;54;mq;mq;mq;mq;mq;mq;mq;mq;mq;mq;99690;mq;mq;mq;mq;mq;mq;mq;mq;mq;mq;20.100000;23.700000;-10;mq;mq;mq;mq;0.000000;0.000000;0.000000;mq;mq;1020.000000;710.000000;1124.000000;mq;mq;mq;mq;mq;mq;mq;mq;mq;mq;mq;mq;mq;
07690;20110908000000;101320;-40;6;330;3.600000;294.050000;290.450000;80;40000;2;1;1;25;2;800;35;20;10;100990;mq;mq;mq;mq;mq;mq;mq;mq;mq;mq;mq;4.600000;-10;mq;mq;0.000000;-60;0.000000;0.000000;0.000000;mq;mq;710.000000;1105.000000;3100.000000;mq;2;6;690;mq;mq;mq;mq;mq;mq;mq;mq;mq;
07747;20110908000000;101980;-90;6;330;5.700000;296.450000;288.250000;60;60000;0;mq;mq;mq;mq;mq;mq;mq;mq;101470;mq;mq;mq;mq;mq;mq;mq;mq;mq;mq;mq;12.900000;-10;mq;mq;mq;mq;0.000000;0.000000;0.000000;mq;mq;710.000000;1113.000000;mq;mq;mq;mq;mq;mq;mq;mq;mq;mq;mq;mq;mq;mq;
07761;20110908000000;101450;-150;8;40;3.100000;290.950000;287.250000;79;20000;2;1;1;25;0;mq;30;20;12;101340;mq;mq;mq;mq;mq;mq;mq;mq;mq;mq;mq;4.100000;-10;mq;mq;0.000000;-60;0.000000;0.000000;0.000000;mq;mq;710.000000;1104.000000;3100.000000;mq;2;0;7800;mq;mq;mq;mq;mq;mq;mq;mq;mq;
07790;20110908000000;101240;-110;8;210;1.500000;291.750000;288.650000;82;60000;0;mq;mq;mq;mq;mq;mq;mq;mq;101100;mq;mq;mq;mq;mq;mq;mq;mq;mq;mq;mq;3.600000;-10;mq;mq;mq;mq;0.000000;0.000000;0.000000;mq;mq;710.000000;1104.000000;mq;mq;mq;mq;mq;mq;mq;mq;mq;mq;mq;mq;mq;mq;
61968;20110908000000;101470;mq;mq;100;1.500000;295.050000;292.750000;87;mq;mq;mq;mq;mq;mq;mq;mq;mq;mq;mq;mq;mq;mq;mq;mq;mq;mq;mq;mq;mq;mq;3.100000;-10;mq;mq;mq;mq;0.000000;mq;0.200000;mq;mq;710.000000;1103.000000;mq;mq;mq;mq;mq;mq;mq;mq;mq;mq;mq;mq;mq;mq;
61970;20110908000000;101670;mq;mq;mq;mq;297.950000;294.650000;82;mq;mq;mq;mq;mq;mq;mq;mq;mq;mq;mq;mq;mq;mq;mq;mq;mq;mq;mq;mq;mq;mq;mq;mq;mq;mq;mq;mq;0.000000;mq;0.000000;mq;mq;mq;mq;mq;mq;mq;mq;mq;mq;mq;mq;mq;mq;mq;mq;mq;mq;
61972;20110908000000;102030;mq;mq;160;6.200000;294.550000;290.150000;76;mq;mq;mq;mq;mq;mq;mq;mq;mq;mq;mq;mq;mq;mq;mq;mq;mq;mq;mq;mq;mq;mq;12.300000;-10;mq;mq;mq;mq;0.000000;mq;0.000000;mq;mq;710.000000;1112.000000;mq;mq;mq;mq;mq;mq;mq;mq;mq;mq;mq;mq;mq;mq;
61980;20110908000000;101870;mq;mq;180;3.100000;290.950000;287.050000;78;10000;2;1;1;10;1;800;31;20;10;mq;mq;mq;mq;mq;mq;mq;mq;mq;mq;mq;mq;4.600000;-10;mq;mq;mq;mq;0.000000;mq;0.000000;mq;mq;710.000000;1105.000000;mq;mq;1;8;630;mq;mq;mq;mq;mq;mq;mq;mq;mq;
61996;20110908000000;mq;mq;mq;290;12.900000;284.850000;mq;mq;mq;mq;mq;mq;mq;mq;mq;mq;mq;mq;mq;mq;mq;mq;mq;mq;mq;mq;mq;mq;mq;mq;22.600000;-10;mq;mq;mq;mq;0.000000;mq;0.800000;mq;mq;710.000000;1123.000000;mq;mq;mq;mq;mq;mq;mq;mq;mq;mq;mq;mq;mq;mq;
61997;20110908000000;99280;mq;mq;220;10.800000;270.050000;269.250000;93;mq;mq;mq;mq;mq;mq;mq;mq;mq;mq;mq;mq;mq;610;mq;mq;mq;mq;mq;mq;mq;mq;17.500000;-60;mq;mq;mq;mq;mq;mq;0.000000;mq;mq;1117.000000;mq;mq;mq;mq;mq;mq;mq;mq;mq;mq;mq;mq;mq;mq;mq;
61998;20110908000000;98150;mq;mq;320;3.100000;274.050000;268.850000;68;20000;0;mq;mq;10;1;3500;30;24;10;mq;mq;mq;400;mq;mq;mq;mq;mq;mq;mq;mq;9.800000;-10;mq;mq;mq;mq;0.000000;mq;0.000000;mq;mq;710.000000;1110.000000;mq;mq;1;3;3300;mq;mq;mq;mq;mq;mq;mq;mq;mq;
67005;20110908000000;101500;mq;mq;270;3.100000;297.650000;294.150000;81;mq;0;mq;mq;mq;mq;mq;mq;mq;mq;mq;mq;mq;mq;mq;mq;mq;mq;mq;mq;mq;mq;6.200000;-10;mq;mq;mq;mq;0.000000;mq;0.000000;mq;mq;710.000000;1106.000000;mq;mq;mq;mq;mq;mq;mq;mq;mq;mq;mq;mq;mq;mq;
71805;20110908000000;102530;-30;5;250;4.600000;285.550000;283.650000;88;40000;2;1;1;75;6;3500;30;23;60;102440;mq;mq;mq;mq;mq;mq;mq;mq;mq;mq;mq;6.700000;-10;mq;mq;0.000000;-60;0.000000;0.000000;0.000000;mq;mq;710.000000;1107.000000;3100.000000;mq;6;3;3000;mq;mq;mq;mq;mq;mq;mq;mq;mq;
78897;20110908000000;101380;190;2;120;3.100000;300.650000;297.750000;84;40000;13;2;2;90;5;450;39;29;17;mq;mq;mq;mq;296.750000;mq;304.850000;mq;mq;mq;mq;mq;mq;mq;mq;mq;mq;mq;mq;mq;0.000000;mq;7.200000;mq;mq;mq;mq;2;9;480;6;8;750;7;2;7800;mq;mq;mq;
78922;20110908000000;101340;150;1;120;5.700000;301.950000;297.050000;75;mq;mq;mq;mq;mq;mq;mq;mq;mq;mq;100900;mq;mq;mq;mq;mq;mq;mq;mq;mq;mq;mq;mq;mq;mq;mq;mq;mq;mq;mq;mq;mq;mq;mq;mq;mq;mq;mq;mq;mq;mq;mq;mq;mq;mq;mq;mq;mq;mq;
78925;20110908000000;101380;210;1;50;1.000000;299.950000;298.150000;90;30000;1;8;6;75;3;800;38;20;12;mq;mq;mq;70;297.450000;mq;304.450000;mq;mq;mq;mq;mq;mq;mq;mq;mq;mq;mq;mq;mq;0.600000;mq;29.300000;mq;mq;mq;mq;2;8;780;5;0;7800;mq;mq;mq;mq;mq;mq;
81401;20110908000000;101160;mq;mq;70;2.100000;299.550000;296.250000;82;mq;mq;mq;mq;mq;mq;mq;mq;mq;mq;101100;mq;mq;mq;mq;mq;307.150000;mq;mq;mq;mq;mq;mq;mq;mq;mq;mq;mq;mq;0.000000;0.000000;mq;mq;mq;mq;mq;mq;mq;mq;mq;mq;mq;mq;mq;mq;mq;mq;mq;mq;
81405;20110908000000;101220;mq;mq;120;1.500000;299.950000;297.250000;85;35000;0;mq;mq;mq;mq;mq;mq;mq;mq;101130;mq;mq;mq;mq;mq;305.750000;mq;mq;mq;mq;mq;mq;mq;mq;mq;mq;mq;mq;0.000000;0.000000;mq;mq;mq;mq;mq;mq;mq;mq;mq;mq;mq;mq;mq;mq;mq;mq;mq;mq;
81408;20110908000000;101200;mq;mq;0;0.000000;298.950000;296.450000;86;mq;mq;mq;mq;mq;mq;mq;mq;mq;mq;101120;mq;mq;mq;mq;mq;307.450000;mq;mq;mq;mq;mq;mq;mq;mq;mq;mq;mq;mq;0.000000;0.000000;mq;mq;mq;mq;mq;mq;mq;mq;mq;mq;mq;mq;mq;mq;mq;mq;mq;mq;
81415;20110908000000;101140;mq;mq;0;0.000000;298.650000;296.850000;90;mq;mq;mq;mq;mq;mq;mq;mq;mq;mq;99940;mq;mq;mq;mq;mq;306.950000;mq;mq;mq;mq;mq;mq;mq;mq;mq;mq;mq;0.000000;0.000000;0.000000;mq;mq;mq;mq;mq;mq;mq;mq;mq;mq;mq;mq;mq;mq;mq;mq;mq;mq;
89642;20110908000000;97970;150;3;130;13.400000;257.150000;252.050000;62;8000;2;1;1;100;8;1250;35;61;60;97410;mq;mq;mq;256.650000;mq;259.550000;mq;mq;mq;mq;20.600000;23.100000;-60;mq;mq;mq;mq;mq;mq;mq;mq;mq;1021.000000;1123.000000;mq;mq;8;6;1380;mq;mq;mq;mq;mq;mq;mq;mq;mq;
07005;20110908030000;101330;-60;6;230;5.700000;287.250000;284.450000;83;mq;mq;mq;mq;mq;mq;mq;mq;mq;mq;100450;mq;mq;mq;mq;mq;mq;mq;mq;mq;mq;mq;9.800000;-10;mq;mq;mq;mq;0.000000;0.000000;mq;mq;mq;710.000000;1110.000000;mq;mq;mq;mq;mq;mq;mq;mq;mq;mq;mq;mq;mq;mq;
07015;20110908030000;101210;-60;5;240;4.100000;287.150000;285.050000;87;25000;0;mq;mq;90;5;1250;35;27;60;100650;mq;mq;mq;mq;mq;mq;mq;mq;mq;mq;mq;6.700000;-10;mq;mq;0.000000;-30;0.000000;0.600000;mq;mq;mq;710.000000;1107.000000;3100.000000;mq;5;6;1440;7;3;2700;mq;mq;mq;mq;mq;mq;
07020;20110908030000;101370;-140;8;240;10.300000;289.250000;285.650000;79;mq;mq;mq;mq;mq;mq;mq;mq;mq;mq;101110;mq;mq;mq;mq;mq;mq;mq;mq;mq;mq;mq;14.900000;-10;mq;mq;mq;mq;0.000000;0.000000;mq;mq;mq;710.000000;1115.000000;mq;mq;mq;mq;mq;mq;mq;mq;mq;mq;mq;mq;mq;mq;
07027;20110908030000;101480;-140;7;220;5.100000;287.150000;284.850000;86;40000;0;mq;mq;100;mq;800;mq;mq;mq;100680;mq;mq;mq;mq;mq;mq;mq;mq;mq;mq;mq;7.700000;-10;mq;mq;mq;mq;0.000000;0.000000;mq;mq;mq;710.000000;1108.000000;mq;mq;mq;mq;mq;mq;mq;mq;mq;mq;mq;mq;mq;mq;
07037;20110908030000;101480;-90;7;230;5.700000;286.350000;284.750000;90;18000;0;mq;mq;100;mq;800;mq;mq;mq;99670;mq;mq;mq;mq;mq;mq;mq;mq;mq;mq;mq;7.700000;-10;mq;mq;mq;mq;0.000000;0.000000;mq;mq;mq;710.000000;1108.000000;mq;mq;mq;mq;mq;mq;mq;mq;mq;mq;mq;mq;mq;mq;
07110;20110908030000;101500;-180;8;220;5.700000;288.050000;286.550000;91;20000;2;1;1;100;8;450;35;61;60;100370;mq;mq;mq;mq;mq;mq;mq;mq;mq;mq;mq;8.200000;-10;mq;mq;0.000000;-30;0.000000;0.000000;mq;mq;mq;710.000000;1108.000000;3100.000000;mq;6;6;330;7;6;630;mq;mq;mq;mq;mq;mq;
07117;20110908030000;101430;-220;8;240;5.100000;287.750000;285.950000;89;15000;2;1;1;90;7;1250;35;61;60;100740;mq;mq;mq;mq;mq;mq;mq;mq;mq;mq;mq;8.200000;-10;mq;mq;mq;mq;0.000000;0.000000;mq;mq;mq;710.000000;1108.000000;2437.000000;mq;mq;mq;mq;mq;mq;mq;mq;mq;mq;mq;mq;mq;
07130;20110908030000;101710;-100;8;210;2.100000;287.050000;285.750000;92;24000;0;mq;mq;100;mq;800;mq;mq;mq;101190;mq;mq;mq;mq;mq;mq;mq;mq;mq;mq;mq;4.600000;-10;mq;mq;mq;mq;0.000000;0.000000;mq;mq;mq;710.000000;1105.000000;mq;mq;mq;mq;mq;mq;mq;mq;mq;mq;mq;mq;mq;mq;
07139;20110908030000;101650;-80;8;220;3.100000;285.750000;283.650000;87;mq;mq;mq;mq;mq;mq;mq;mq;mq;mq;99930;mq;mq;mq;mq;mq;mq;mq;mq;mq;mq;mq;5.100000;-10;mq;mq;mq;mq;0.000000;0.000000;mq;mq;mq;710.000000;1105.000000;mq;mq;mq;mq;mq;mq;mq;mq;mq;mq;mq;mq;mq;mq;
07149;20110908030000;101610;-100;6;250;3.100000;286.950000;284.450000;85;20000;2;1;1;90;7;3500;30;23;60;100530;mq;mq;mq;mq;mq;mq;mq;mq;mq;mq;mq;4.600000;-10;mq;mq;0.000000;-30;0.000000;0.000000;mq;mq;mq;710.000000;1105.000000;3100.000000;mq;7;3;3000;mq;mq;mq;mq;mq;mq;mq;mq;mq;
07168;20110908030000;101650;-80;8;220;4.600000;287.850000;283.050000;73;20000;0;mq;mq;mq;mq;mq;mq;mq;mq;100250;mq;mq;mq;mq;mq;mq;mq;mq;mq;mq;mq;6.200000;-10;mq;mq;mq;mq;0.000000;0.000000;mq;mq;mq;710.000000;1106.000000;mq;mq;mq;mq;mq;mq;mq;mq;mq;mq;mq;mq;mq;mq;
07190;20110908030000;101620;-50;6;230;4.100000;288.150000;282.950000;71;60000;0;mq;mq;100;mq;1250;mq;mq;mq;99830;mq;mq;mq;mq;mq;mq;mq;mq;mq;mq;mq;6.700000;-10;mq;mq;mq;mq;0.000000;0.000000;mq;mq;mq;710.000000;1107.000000;mq;mq;mq;mq;mq;mq;mq;mq;mq;mq;mq;mq;mq;mq;
07207;20110908030000;mq;mq;mq;260;6.200000;289.950000;287.250000;84;15000;2;1;1;25;2;800;31;20;10;mq;mq;mq;mq;mq;mq;mq;mq;mq;mq;mq;mq;9.800000;-10;mq;mq;mq;mq;0.000000;0.000000;mq;mq;mq;710.000000;1110.000000;2437.000000;mq;mq;mq;mq;mq;mq;mq;mq;mq;mq;mq;mq;mq;
07222;20110908030000;101760;-100;8;190;2.600000;285.750000;284.950000;95;15000;2;1;1;25;2;450;35;20;10;101450;mq;mq;mq;mq;mq;mq;mq;mq;mq;mq;mq;3.600000;-10;mq;mq;mq;mq;0.000000;0.000000;mq;mq;mq;710.000000;1104.000000;mq;mq;2;6;480;mq;mq;mq;mq;mq;mq;mq;mq;mq;
07240;20110908030000;101810;-70;6;230;3.100000;285.750000;284.350000;91;20000;2;mq;mq;50;0;8000;30;20;11;100470;mq;mq;mq;mq;mq;mq;mq;mq;mq;mq;mq;5.700000;-10;mq;mq;0.000000;-30;0.000000;0.000000;mq;mq;mq;710.000000;1106.000000;3100.000000;mq;4;0;7800;mq;mq;mq;mq;mq;mq;mq;mq;mq;
07255;20110908030000;101870;-90;8;230;4.100000;285.750000;284.450000;92;19000;0;mq;mq;mq;mq;mq;mq;mq;mq;99880;mq;mq;mq;mq;mq;mq;mq;mq;mq;mq;mq;6.200000;-10;mq;mq;mq;mq;0.000000;0.000000;mq;mq;mq;710.000000;1106.000000;mq;mq;mq;mq;mq;mq;mq;mq;mq;mq;mq;mq;mq;mq;
07280;20110908030000;101810;-130;8;190;1.000000;286.150000;283.650000;85;60000;0;mq;mq;75;mq;1250;mq;mq;mq;99110;mq;mq;mq;mq;mq;mq;mq;mq;mq;mq;mq;2.600000;-10;mq;mq;mq;mq;0.000000;0.000000;mq;mq;mq;710.000000;1103.000000;mq;mq;mq;mq;mq;mq;mq;mq;mq;mq;mq;mq;mq;mq;
07299;20110908030000;101740;-70;6;240;2.100000;287.550000;284.650000;83;20000;2;1;1;90;5;800;38;23;60;98520;mq;mq;mq;mq;mq;mq;mq;mq;mq;mq;mq;3.600000;-10;mq;mq;0.000000;-30;0.000000;0.000000;mq;mq;mq;710.000000;1104.000000;3100.000000;mq;1;8;900;3;6;990;6;3;3000;mq;mq;mq;
07314;20110908030000;101880;-150;6;230;6.200000;292.150000;290.650000;91;mq;mq;mq;mq;mq;mq;mq;mq;mq;mq;101610;mq;mq;mq;mq;mq;mq;mq;mq;mq;mq;mq;9.300000;-10;mq;mq;mq;mq;0.000000;0.000000;mq;mq;mq;710.000000;1109.000000;mq;mq;mq;mq;mq;mq;mq;mq;mq;mq;mq;mq;mq;mq;
07335;20110908030000;101920;-110;6;150;2.100000;284.850000;284.250000;96;21000;0;mq;mq;mq;mq;450;mq;mq;mq;100470;mq;mq;mq;mq;mq;mq;mq;mq;mq;mq;mq;3.100000;-10;mq;mq;mq;mq;0.000000;0.000000;mq;mq;mq;710.000000;1103.000000;mq;mq;mq;mq;mq;mq;mq;mq;mq;mq;mq;mq;mq;mq;
07434;20110908030000;102000;-120;6;210;3.100000;286.250000;285.650000;96;10000;0;mq;mq;100;mq;150;mq;mq;mq;97260;mq;mq;mq;mq;mq;mq;mq;mq;mq;mq;mq;4.600000;-10;mq;mq;mq;mq;0.000000;0.000000;mq;mq;mq;710.000000;1105.000000;mq;mq;mq;mq;mq;mq;mq;mq;mq;mq;mq;mq;mq;mq;
07460;20110908030000;101930;-110;6;280;1.000000;285.350000;283.450000;88;40000;2;mq;mq;10;0;8000;30;20;11;98060;mq;mq;mq;mq;mq;mq;mq;mq;mq;mq;mq;2.600000;-10;mq;mq;0.000000;-30;0.000000;0.000000;mq;mq;mq;710.000000;1103.000000;3100.000000;mq;1;0;7500;mq;mq;mq;mq;mq;mq;mq;mq;mq;
07471;20110908030000;mq;-100;6;250;2.100000;283.050000;282.250000;95;20000;0;mq;mq;mq;mq;mq;mq;mq;mq;92440;85000;17930;mq;mq;mq;mq;mq;mq;mq;mq;mq;2.600000;-10;mq;mq;mq;mq;0.000000;0.000000;mq;mq;mq;710.000000;1103.000000;mq;mq;mq;mq;mq;mq;mq;mq;mq;mq;mq;mq;mq;mq;
07481;20110908030000;101890;-80;6;280;1.500000;287.950000;286.350000;90;40000;2;1;1;0;mq;mq;mq;mq;mq;99060;mq;mq;mq;mq;mq;mq;mq;mq;mq;mq;mq;2.100000;-10;mq;mq;0.000000;-30;0.000000;0.000000;mq;mq;mq;710.000000;1102.000000;3100.000000;mq;mq;mq;mq;mq;mq;mq;mq;mq;mq;mq;mq;mq;
07510;20110908030000;101950;-160;6;240;3.100000;292.250000;292.250000;100;10000;1;5;2;100;8;150;37;61;60;101310;mq;mq;mq;mq;mq;mq;mq;mq;mq;mq;mq;4.100000;-10;mq;mq;0.000000;-30;0.000000;0.200000;mq;mq;mq;710.000000;1104.000000;3100.000000;mq;5;7;120;7;6;600;mq;mq;mq;mq;mq;mq;
07535;20110908030000;101980;-160;7;190;0.500000;290.650000;290.350000;98;mq;mq;mq;mq;mq;mq;mq;mq;mq;mq;98930;mq;mq;mq;mq;mq;mq;mq;mq;mq;mq;mq;2.100000;-10;mq;mq;mq;mq;0.200000;0.200000;mq;mq;mq;710.000000;1102.000000;mq;mq;mq;mq;mq;mq;mq;mq;mq;mq;mq;mq;mq;mq;
07558;20110908030000;101940;-130;6;290;2.600000;288.650000;286.150000;85;mq;mq;mq;mq;mq;mq;mq;mq;mq;mq;93770;mq;mq;mq;mq;mq;mq;mq;mq;mq;mq;mq;4.100000;-10;mq;mq;mq;mq;0.000000;0.000000;mq;mq;mq;710.000000;1104.000000;mq;mq;mq;mq;mq;mq;mq;mq;mq;mq;mq;mq;mq;mq;
07577;20110908030000;101720;-90;6;30;5.700000;291.850000;286.650000;72;20000;0;mq;mq;mq;mq;mq;mq;mq;mq;100850;mq;mq;mq;mq;mq;mq;mq;mq;mq;mq;mq;9.300000;-10;mq;mq;mq;mq;0.000000;0.000000;mq;mq;mq;710.000000;1109.000000;mq;mq;mq;mq;mq;mq;mq;mq;mq;mq;mq;mq;mq;mq;
07591;20110908030000;mq;-130;8;40;2.600000;286.550000;279.850000;64;mq;0;mq;mq;mq;mq;mq;mq;mq;mq;91700;mq;mq;mq;mq;mq;mq;mq;mq;mq;mq;mq;7.200000;-10;mq;mq;mq;mq;0.000000;0.000000;mq;mq;mq;710.000000;1107.000000;mq;mq;mq;mq;mq;mq;mq;mq;mq;mq;mq;mq;mq;mq;
07607;20110908030000;102030;-180;7;250;1.500000;291.550000;290.250000;92;19000;0;mq;mq;100;mq;1250;mq;mq;mq;101330;mq;mq;mq;mq;mq;mq;mq;mq;mq;mq;mq;2.100000;-10;mq;mq;mq;mq;0.000000;0.000000;mq;mq;mq;710.000000;1102.000000;mq;mq;mq;mq;mq;mq;mq;mq;mq;mq;mq;mq;mq;mq;
07621;20110908030000;102100;-180;6;170;2.100000;288.050000;287.050000;94;20000;2;mq;mq;0;mq;mq;mq;mq;mq;97830;mq;mq;mq;mq;mq;mq;mq;mq;mq;mq;mq;2.600000;-10;mq;mq;0.000000;-30;0.000000;0.000000;mq;mq;mq;710.000000;1103.000000;3100.000000;mq;mq;mq;mq;mq;mq;mq;mq;mq;mq;mq;mq;mq;
07627;20110908030000;102160;-170;6;0;0.000000;285.050000;283.950000;93;mq;mq;mq;mq;mq;mq;mq;mq;mq;mq;97300;mq;mq;mq;mq;mq;mq;mq;mq;mq;mq;mq;1.500000;-10;mq;mq;mq;mq;0.000000;0.000000;mq;mq;mq;710.000000;1102.000000;mq;mq;mq;mq;mq;mq;mq;mq;mq;mq;mq;mq;mq;mq;
07630;20110908030000;102060;-150;6;190;1.500000;290.250000;288.250000;88;25000;2;1;1;0;mq;mq;mq;mq;mq;100290;mq;mq;mq;mq;mq;mq;mq;mq;mq;mq;mq;2.600000;-10;mq;mq;0.000000;-30;0.000000;0.000000;mq;mq;mq;710.000000;1103.000000;3100.000000;mq;mq;mq;mq;mq;mq;mq;mq;mq;mq;mq;mq;mq;
07643;20110908030000;101710;-150;6;290;4.100000;295.050000;286.650000;59;60000;2;1;1;0;mq;mq;mq;mq;mq;101620;mq;mq;mq;mq;mq;mq;mq;mq;mq;mq;mq;8.200000;-10;mq;mq;mq;mq;0.000000;0.000000;mq;mq;mq;710.000000;1108.000000;mq;mq;mq;mq;mq;mq;mq;mq;mq;mq;mq;mq;mq;mq;
07650;20110908030000;101500;-130;7;290;7.200000;294.150000;287.550000;66;60000;2;1;1;75;1;1750;35;20;12;101130;mq;mq;mq;mq;mq;mq;mq;mq;mq;mq;mq;8.700000;-10;mq;mq;mq;mq;0.000000;0.000000;mq;mq;mq;710.000000;1109.000000;mq;mq;1;6;1500;5;0;7500;mq;mq;mq;mq;mq;mq;
07661;20110908030000;101230;0;0;350;8.200000;295.550000;285.450000;53;22000;2;1;1;25;0;8000;30;20;12;99690;mq;mq;mq;mq;mq;mq;mq;mq;mq;mq;mq;17.500000;-10;mq;mq;mq;mq;0.000000;0.000000;mq;mq;mq;710.000000;1117.000000;mq;mq;2;0;4800;mq;mq;mq;mq;mq;mq;mq;mq;mq;
07690;20110908030000;101210;-110;6;320;4.100000;292.750000;289.250000;80;40000;2;1;1;0;mq;mq;mq;mq;mq;100880;mq;mq;mq;mq;mq;mq;mq;mq;mq;mq;mq;5.100000;-10;mq;mq;0.000000;-30;0.000000;0.000000;mq;mq;mq;710.000000;1105.000000;3100.000000;mq;mq;mq;mq;mq;mq;mq;mq;mq;mq;mq;mq;mq;
07747;20110908030000;101850;-130;6;320;2.600000;295.250000;288.350000;65;60000;0;mq;mq;mq;mq;mq;mq;mq;mq;101340;mq;mq;mq;mq;mq;mq;mq;mq;mq;mq;mq;6.700000;-10;mq;mq;mq;mq;0.000000;0.000000;mq;mq;mq;710.000000;1107.000000;mq;mq;mq;mq;mq;mq;mq;mq;mq;mq;mq;mq;mq;mq;
07761;20110908030000;101260;-190;6;40;4.100000;289.750000;285.850000;78;25000;2;1;1;0;mq;mq;mq;mq;mq;101150;mq;mq;mq;mq;mq;mq;mq;mq;mq;mq;mq;6.200000;-10;mq;mq;0.000000;-30;0.000000;0.000000;mq;mq;mq;710.000000;1106.000000;3100.000000;mq;mq;mq;mq;mq;mq;mq;mq;mq;mq;mq;mq;mq;
07790;20110908030000;101150;-90;8;200;2.100000;289.850000;287.350000;85;25000;2;1;1;0;mq;mq;mq;mq;mq;101010;mq;mq;mq;mq;mq;mq;mq;mq;mq;mq;mq;3.100000;-10;mq;mq;0.000000;-30;0.000000;0.000000;mq;mq;mq;710.000000;1103.000000;3100.000000;mq;mq;mq;mq;mq;mq;mq;mq;mq;mq;mq;mq;mq;
61968;20110908030000;101540;mq;mq;110;2.600000;297.350000;293.250000;78;mq;mq;mq;mq;mq;mq;mq;mq;mq;mq;mq;mq;mq;mq;mq;mq;mq;mq;mq;mq;mq;mq;6.200000;-10;mq;mq;mq;mq;0.000000;0.000000;mq;mq;mq;710.000000;1106.000000;mq;mq;mq;mq;mq;mq;mq;mq;mq;mq;mq;mq;mq;mq;
61970;20110908030000;101710;mq;mq;mq;mq;297.750000;294.650000;83;mq;mq;mq;mq;mq;mq;mq;mq;mq;mq;mq;mq;mq;mq;mq;mq;mq;mq;mq;mq;mq;mq;mq;mq;mq;mq;mq;mq;0.000000;0.000000;mq;mq;mq;mq;mq;mq;mq;mq;mq;mq;mq;mq;mq;mq;mq;mq;mq;mq;mq;
61972;20110908030000;102060;mq;mq;160;5.100000;294.550000;290.150000;76;mq;mq;mq;mq;mq;mq;mq;mq;mq;mq;mq;mq;mq;mq;mq;mq;mq;mq;mq;mq;mq;mq;11.300000;-10;mq;mq;mq;mq;0.000000;0.000000;mq;mq;mq;710.000000;1111.000000;mq;mq;mq;mq;mq;mq;mq;mq;mq;mq;mq;mq;mq;mq;
61976;20110908030000;101770;mq;mq;150;7.200000;296.750000;291.450000;72;mq;mq;mq;mq;mq;mq;mq;mq;mq;mq;101620;mq;mq;mq;mq;mq;mq;mq;mq;mq;mq;mq;mq;mq;mq;mq;mq;mq;mq;mq;mq;mq;mq;mq;mq;mq;mq;mq;mq;mq;mq;mq;mq;mq;mq;mq;mq;mq;mq;
61980;20110908030000;102000;mq;mq;190;4.100000;291.550000;287.450000;77;10000;2;1;1;40;3;800;38;20;10;mq;mq;mq;mq;mq;mq;mq;mq;mq;mq;mq;mq;6.200000;-10;mq;mq;mq;mq;0.000000;0.000000;mq;mq;mq;710.000000;1106.000000;2427.000000;mq;1;8;690;3;6;1290;mq;mq;mq;mq;mq;mq;
61996;20110908030000;mq;mq;mq;290;13.900000;285.750000;mq;mq;mq;mq;mq;mq;mq;mq;mq;mq;mq;mq;mq;mq;mq;mq;mq;mq;mq;mq;mq;mq;mq;mq;21.600000;-10;mq;mq;mq;mq;0.000000;0.000000;mq;mq;mq;710.000000;1122.000000;mq;mq;mq;mq;mq;mq;mq;mq;mq;mq;mq;mq;mq;mq;
61997;20110908030000;99350;mq;mq;210;8.700000;271.250000;269.250000;85;mq;mq;mq;mq;mq;mq;mq;mq;mq;mq;mq;mq;mq;530;mq;mq;mq;mq;mq;mq;mq;mq;18.000000;-30;mq;mq;mq;mq;mq;0.000000;mq;mq;mq;1118.000000;mq;mq;mq;mq;mq;mq;mq;mq;mq;mq;mq;mq;mq;mq;mq;
61998;20110908030000;98160;mq;mq;310;8.200000;274.450000;271.050000;78;22000;2;1;1;60;2;800;31;23;10;mq;mq;mq;220;mq;mq;mq;mq;mq;mq;mq;mq;12.900000;-10;mq;mq;mq;mq;0.000000;0.000000;mq;mq;mq;710.000000;1113.000000;mq;mq;2;8;690;5;3;3300;mq;mq;mq;mq;mq;mq;
67005;20110908030000;101600;mq;mq;220;3.100000;297.550000;294.250000;82;20000;2;1;1;50;4;800;38;20;10;mq;mq;mq;mq;mq;mq;mq;mq;mq;mq;mq;mq;5.100000;-10;mq;mq;mq;mq;0.000000;0.000000;mq;mq;mq;710.000000;1105.000000;mq;mq;3;8;600;mq;mq;mq;mq;mq;mq;mq;mq;mq;
71805;20110908030000;102420;-110;7;250;4.100000;285.850000;284.250000;90;60000;0;mq;mq;mq;mq;mq;mq;mq;mq;102330;mq;mq;mq;mq;mq;mq;mq;mq;mq;mq;mq;7.700000;-10;mq;mq;mq;mq;0.000000;0.000000;mq;mq;mq;710.000000;1108.000000;mq;mq;mq;mq;mq;mq;mq;mq;mq;mq;mq;mq;mq;mq;
78897;20110908030000;101470;90;0;120;2.600000;299.850000;296.750000;83;40000;2;8;6;75;3;450;39;23;17;mq;mq;mq;120;mq;mq;mq;mq;mq;mq;mq;mq;mq;mq;mq;mq;mq;mq;mq;mq;mq;mq;mq;mq;mq;mq;mq;1;9;480;3;8;750;6;2;7800;mq;mq;mq;
78922;20110908030000;101440;100;0;130;8.200000;302.050000;296.450000;72;mq;mq;mq;mq;mq;mq;mq;mq;mq;mq;101000;mq;mq;mq;mq;mq;mq;mq;mq;mq;mq;mq;mq;mq;mq;mq;mq;mq;mq;mq;mq;mq;mq;mq;mq;mq;mq;mq;mq;mq;mq;mq;mq;mq;mq;mq;mq;mq;mq;
78925;20110908030000;101480;100;3;110;1.000000;299.150000;297.950000;93;20000;2;1;1;75;3;800;38;20;12;mq;mq;mq;120;mq;mq;mq;mq;mq;mq;mq;mq;mq;mq;mq;mq;mq;mq;mq;mq;mq;mq;mq;mq;mq;mq;mq;3;8;750;5;0;7800;mq;mq;mq;mq;mq;mq;
81401;20110908030000;101270;mq;mq;70;1.500000;297.950000;296.150000;90;mq;mq;mq;mq;mq;mq;mq;mq;mq;mq;101210;mq;mq;mq;mq;mq;mq;mq;mq;mq;mq;mq;mq;mq;mq;mq;mq;mq;mq;0.000000;mq;mq;mq;mq;mq;mq;mq;mq;mq;mq;mq;mq;mq;mq;mq;mq;mq;mq;mq;
81405;20110908030000;101300;mq;mq;0;0.000000;297.150000;296.450000;96;18000;0;mq;mq;mq;mq;mq;mq;mq;mq;101210;mq;mq;mq;mq;mq;mq;mq;mq;mq;mq;mq;mq;mq;mq;mq;mq;mq;mq;0.000000;mq;mq;mq;mq;mq;mq;mq;mq;mq;mq;mq;mq;mq;mq;mq;mq;mq;mq;mq;
81408;20110908030000;101270;mq;mq;0;0.000000;296.550000;295.850000;96;mq;mq;mq;mq;mq;mq;mq;mq;mq;mq;101190;mq;mq;mq;mq;mq;mq;mq;mq;mq;mq;mq;mq;mq;mq;mq;mq;mq;mq;0.000000;mq;mq;mq;mq;mq;mq;mq;mq;mq;mq;mq;mq;mq;mq;mq;mq;mq;mq;mq;
81415;20110908030000;101340;mq;mq;50;2.100000;297.350000;296.350000;94;mq;mq;mq;mq;mq;mq;mq;mq;mq;mq;100130;mq;mq;mq;mq;mq;mq;mq;mq;mq;mq;mq;mq;mq;mq;mq;mq;mq;5.000000;5.000000;mq;mq;mq;mq;mq;mq;mq;mq;mq;mq;mq;mq;mq;mq;mq;mq;mq;mq;mq;
89642;20110908030000;98120;150;1;130;11.800000;256.950000;251.350000;59;15000;36;3;2;90;0;8000;30;20;18;97560;mq;mq;mq;mq;mq;mq;mq;mq;mq;mq;18.500000;21.100000;-30;mq;mq;mq;mq;mq;mq;mq;mq;mq;1019.000000;1121.000000;mq;mq;7;2;6000;mq;mq;mq;mq;mq;mq;mq;mq;mq;
07005;20110908060000;101230;-100;6;210;4.600000;286.750000;284.950000;89;20000;60;6;6;100;7;450;31;61;60;100350;mq;mq;mq;286.650000;mq;288.550000;mq;286.150000;mq;mq;mq;7.700000;-10;1;0.000000;mq;mq;0.200000;0.200000;mq;0.200000;0.200000;710.000000;1108.000000;mq;mq;4;8;480;4;6;1200;8;3;3000;mq;mq;mq;
07015;20110908060000;101130;-80;6;220;5.100000;286.750000;284.950000;89;20000;1;mq;mq;100;1;450;35;27;60;100570;mq;mq;mq;286.250000;mq;288.750000;mq;286.150000;mq;mq;mq;9.300000;-10;1;0.000000;0.000000;-60;0.000000;0.000000;mq;1.000000;1.600000;710.000000;1109.000000;3100.000000;mq;1;6;540;7;3;2700;mq;mq;mq;mq;mq;mq;
07020;20110908060000;101300;-70;8;240;10.300000;289.050000;286.750000;86;mq;mq;mq;mq;mq;mq;mq;mq;mq;mq;101040;mq;mq;mq;288.750000;mq;289.450000;mq;mq;mq;mq;mq;13.900000;-10;mq;mq;mq;mq;0.000000;0.000000;mq;0.000000;0.000000;710.000000;1114.000000;mq;mq;mq;mq;mq;mq;mq;mq;mq;mq;mq;mq;mq;mq;
07027;20110908060000;101420;-60;5;190;3.100000;286.350000;284.450000;88;25000;2;1;1;90;3;800;35;25;12;100620;mq;mq;mq;285.450000;mq;288.350000;mq;284.150000;mq;mq;mq;6.200000;-10;1;0.000000;0.000000;-60;0.000000;0.000000;mq;0.000000;0.000000;710.000000;1106.000000;3100.000000;mq;3;6;930;3;3;3600;6;0;7500;mq;mq;mq;
07037;20110908060000;101430;-60;5;230;4.600000;285.350000;284.250000;93;20000;2;1;1;100;6;1250;35;23;60;99610;mq;mq;mq;285.250000;mq;288.250000;mq;284.150000;mq;mq;mq;7.700000;-10;mq;mq;0.000000;-60;0.000000;0.000000;mq;0.000000;0.200000;710.000000;1108.000000;3100.000000;mq;6;6;1080;7;3;3000;mq;mq;mq;mq;mq;mq;
07110;20110908060000;101390;-100;5;230;5.100000;288.750000;287.950000;95;12000;50;5;2;100;7;150;36;61;60;100270;mq;mq;mq;286.950000;mq;288.750000;mq;286.150000;mq;mq;mq;8.700000;-10;0;0.000000;0.000000;-60;0.000000;0.000000;mq;0.000000;0.000000;710.000000;1109.000000;3100.000000;mq;7;7;120;mq;mq;mq;mq;mq;mq;mq;mq;mq;
07117;20110908060000;101330;-100;5;250;5.700000;288.150000;286.550000;90;8000;60;6;2;90;7;800;37;61;60;100640;mq;mq;mq;287.050000;mq;288.450000;mq;mq;mq;mq;mq;10.300000;-10;mq;mq;mq;mq;0.000000;0.000000;mq;0.000000;mq;710.000000;1110.000000;2436.000000;mq;mq;mq;mq;mq;mq;mq;mq;mq;mq;mq;mq;mq;
07130;20110908060000;101540;-160;6;190;3.100000;287.350000;286.250000;93;22000;0;mq;mq;100;mq;800;mq;mq;mq;101030;mq;mq;mq;285.750000;mq;290.650000;mq;283.150000;mq;mq;mq;4.600000;-10;0;0.000000;mq;mq;0.000000;0.000000;mq;0.000000;0.000000;710.000000;1105.000000;mq;mq;mq;mq;mq;mq;mq;mq;mq;mq;mq;mq;mq;mq;
07139;20110908060000;101570;-80;6;220;3.600000;286.550000;284.250000;86;12000;2;1;1;100;8;450;35;61;60;99850;mq;mq;mq;285.550000;mq;289.550000;mq;284.150000;mq;mq;mq;5.700000;-10;1;0.000000;0.000000;-60;0.000000;0.000000;mq;0.000000;0.000000;710.000000;1106.000000;3100.000000;mq;5;6;330;8;6;600;mq;mq;mq;mq;mq;mq;
07149;20110908060000;101580;-30;5;220;4.100000;286.050000;284.650000;91;20000;2;1;1;90;2;450;35;23;11;100500;mq;mq;mq;286.050000;mq;289.850000;mq;284.150000;mq;mq;mq;8.200000;-10;0;0.000000;0.000000;-60;0.000000;0.000000;mq;0.000000;0.000000;710.000000;1108.000000;3100.000000;mq;2;6;300;4;3;3000;7;0;7500;mq;mq;mq;
07168;20110908060000;101660;0;5;220;3.600000;286.350000;283.850000;85;25000;2;1;1;90;3;800;35;23;60;100250;mq;mq;mq;284.950000;mq;289.750000;mq;284.150000;mq;mq;mq;5.700000;-10;0;0.000000;0.000000;-60;0.000000;0.000000;mq;0.000000;0.000000;710.000000;1106.000000;3100.000000;mq;3;6;900;5;3;3000;mq;mq;mq;mq;mq;mq;
07190;20110908060000;101570;-50;5;210;3.600000;288.350000;283.350000;72;60000;0;mq;mq;100;mq;1250;mq;mq;mq;99780;mq;mq;mq;286.950000;mq;290.650000;mq;285.150000;mq;mq;mq;7.700000;-10;0;0.000000;mq;mq;0.000000;0.000000;mq;0.000000;1.600000;710.000000;1108.000000;mq;mq;mq;mq;mq;mq;mq;mq;mq;mq;mq;mq;mq;mq;
07207;20110908060000;mq;mq;mq;250;6.200000;290.650000;290.050000;96;2000;61;6;1;100;8;450;37;61;60;mq;mq;mq;mq;289.450000;mq;290.650000;mq;mq;mq;mq;mq;7.700000;-10;mq;mq;mq;mq;0.000000;0.200000;mq;0.200000;mq;710.000000;1108.000000;2425.000000;mq;mq;mq;mq;mq;mq;mq;mq;mq;mq;mq;mq;mq;
07222;20110908060000;101620;-140;6;200;2.600000;286.550000;286.250000;98;15000;2;1;1;90;4;450;35;20;11;101310;mq;mq;mq;284.850000;mq;290.050000;mq;280.150000;mq;mq;mq;4.100000;-10;0;0.000000;mq;mq;0.200000;0.200000;mq;0.200000;0.200000;710.000000;1104.000000;mq;mq;3;6;330;3;6;810;5;0;7500;mq;mq;mq;
07240;20110908060000;101750;-60;5;210;2.600000;286.250000;284.950000;92;18000;0;mq;mq;100;mq;800;mq;mq;mq;100410;mq;mq;mq;285.350000;mq;291.250000;mq;284.150000;mq;mq;mq;4.100000;-10;mq;mq;mq;mq;0.000000;0.000000;mq;0.000000;0.000000;710.000000;1104.000000;mq;mq;mq;mq;mq;mq;mq;mq;mq;mq;mq;mq;mq;mq;
07255;20110908060000;101860;0;5;250;2.100000;286.050000;284.950000;93;10000;2;1;1;90;6;800;35;20;11;99880;mq;mq;mq;285.350000;mq;291.450000;mq;284.150000;mq;mq;mq;5.100000;-10;1;0.000000;0.000000;-60;0.000000;0.000000;mq;0.000000;1.800000;710.000000;1105.000000;3100.000000;mq;6;6;660;4;0;6300;mq;mq;mq;mq;mq;mq;
07280;20110908060000;101830;20;3;190;2.100000;286.450000;284.350000;87;60000;0;mq;mq;100;mq;mq;mq;mq;mq;99130;mq;mq;mq;284.850000;mq;291.550000;mq;282.150000;mq;mq;mq;3.100000;-10;0;0.000000;mq;mq;0.000000;0.000000;mq;0.000000;0.000000;710.000000;1103.000000;mq;mq;mq;mq;mq;mq;mq;mq;mq;mq;mq;mq;mq;mq;
07299;20110908060000;101670;-60;5;250;1.500000;288.050000;285.550000;85;25000;2;1;1;90;1;800;38;23;60;98460;mq;mq;mq;285.650000;mq;292.850000;mq;284.150000;mq;mq;mq;3.600000;-10;0;0.000000;0.000000;-60;0.000000;0.000000;mq;0.000000;0.600000;710.000000;1104.000000;3100.000000;mq;1;8;780;5;6;990;7;3;2400;mq;mq;mq;
07314;20110908060000;101810;-70;5;240;5.100000;292.650000;292.150000;97;mq;mq;mq;mq;mq;mq;mq;mq;mq;mq;101540;mq;mq;mq;290.650000;mq;292.750000;mq;mq;mq;mq;mq;8.200000;-10;mq;mq;mq;mq;0.000000;0.200000;mq;0.200000;0.800000;710.000000;1108.000000;mq;mq;mq;mq;mq;mq;mq;mq;mq;mq;mq;mq;mq;mq;
07335;20110908060000;101840;-70;7;160;2.100000;285.550000;285.250000;98;15000;2;1;1;75;4;150;35;20;12;100400;mq;mq;mq;284.450000;mq;292.350000;mq;283.150000;mq;mq;mq;4.100000;-10;0;0.000000;0.000000;-60;0.200000;0.200000;mq;0.200000;1.400000;710.000000;1104.000000;3100.000000;mq;3;7;120;5;0;7800;mq;mq;mq;mq;mq;mq;
07434;20110908060000;101980;-20;5;180;0.500000;286.350000;285.850000;97;12000;2;1;1;100;8;450;36;61;60;97240;mq;mq;mq;285.950000;mq;291.350000;mq;285.150000;mq;mq;mq;3.100000;-10;0;0.000000;0.000000;-60;0.000000;0.000000;mq;0.000000;2.400000;710.000000;1103.000000;3100.000000;mq;8;7;300;mq;mq;mq;mq;mq;mq;mq;mq;mq;
07460;20110908060000;101960;20;3;360;2.100000;284.350000;283.450000;94;40000;0;mq;mq;mq;mq;mq;mq;mq;mq;98080;mq;mq;mq;283.050000;mq;294.350000;mq;281.150000;mq;mq;mq;3.100000;-10;0;0.000000;mq;mq;0.000000;0.000000;mq;0.000000;0.000000;710.000000;1103.000000;mq;mq;mq;mq;mq;mq;mq;mq;mq;mq;mq;mq;mq;mq;
07471;20110908060000;mq;-30;5;330;1.000000;282.550000;282.250000;98;40000;11;0;0;25;0;8000;30;20;12;92410;85000;17900;mq;281.550000;mq;288.350000;mq;279.150000;mq;mq;mq;2.100000;-10;1;0.000000;0.000000;-60;0.000000;0.000000;mq;0.200000;0.800000;710.000000;1102.000000;3100.000000;mq;2;0;7500;mq;mq;mq;mq;mq;mq;mq;mq;mq;
07481;20110908060000;101880;-10;5;0;0.000000;287.950000;286.650000;92;20000;2;1;1;60;1;3500;30;23;14;99050;mq;mq;mq;287.350000;mq;295.350000;mq;284.150000;mq;mq;mq;1.500000;-10;1;0.000000;0.000000;-60;0.000000;0.000000;mq;0.000000;0.000000;710.000000;1102.000000;3100.000000;mq;1;3;3300;5;0;7500;mq;mq;mq;mq;mq;mq;
07510;20110908060000;101930;-20;5;250;3.100000;292.350000;292.350000;100;10000;2;5;2;100;7;150;37;61;60;101290;mq;mq;mq;291.850000;mq;293.150000;mq;291.150000;mq;mq;mq;4.600000;-10;2;0.000000;0.000000;-60;0.000000;0.200000;mq;3.000000;4.800000;710.000000;1105.000000;3100.000000;mq;7;7;150;mq;mq;mq;mq;mq;mq;mq;mq;mq;
07535;20110908060000;101950;-20;5;210;1.000000;290.950000;290.650000;98;1500;51;6;5;100;8;450;35;61;60;98910;mq;mq;mq;290.150000;mq;292.850000;mq;288.150000;mq;mq;mq;2.600000;-10;1;0.000000;0.000000;-60;0.200000;0.200000;mq;0.400000;1.000000;710.000000;1103.000000;3100.000000;mq;6;7;450;8;6;600;mq;mq;mq;mq;mq;mq;
07558;20110908060000;101940;0;5;350;3.600000;288.550000;286.550000;88;20000;2;1;1;75;6;450;35;20;10;93770;mq;mq;mq;288.450000;mq;290.050000;mq;288.150000;mq;mq;mq;5.700000;-10;0;0.000000;0.000000;-60;0.000000;0.000000;mq;0.000000;0.000000;710.000000;1106.000000;3100.000000;mq;6;6;390;mq;mq;mq;mq;mq;mq;mq;mq;mq;
07577;20110908060000;101720;0;5;10;2.600000;291.750000;285.950000;69;60000;2;1;1;25;1;3500;30;24;11;100850;mq;mq;mq;291.350000;mq;297.050000;mq;290.150000;mq;mq;mq;6.700000;-10;0;0.000000;0.000000;-60;0.000000;0.000000;mq;0.000000;0.000000;710.000000;1107.000000;3100.000000;mq;1;3;3600;mq;mq;mq;mq;mq;mq;mq;mq;mq;
07591;20110908060000;mq;50;3;80;1.500000;285.650000;279.850000;68;mq;0;mq;mq;mq;mq;mq;mq;mq;mq;91750;mq;mq;mq;285.150000;mq;293.150000;mq;281.150000;mq;mq;mq;4.100000;-10;mq;mq;mq;mq;0.000000;0.000000;mq;0.000000;0.000000;710.000000;1104.000000;mq;mq;mq;mq;mq;mq;mq;mq;mq;mq;mq;mq;mq;mq;
07607;20110908060000;102030;0;5;210;1.500000;290.850000;289.750000;93;15000;2;1;1;100;8;150;36;61;60;101330;mq;mq;mq;290.750000;mq;295.050000;mq;288.150000;mq;mq;mq;2.600000;-10;mq;mq;mq;mq;0.000000;0.000000;mq;0.000000;0.000000;710.000000;1103.000000;mq;mq;1;7;120;8;7;390;mq;mq;mq;mq;mq;mq;
07621;20110908060000;102070;-40;5;180;3.100000;287.150000;286.350000;95;30000;3;mq;mq;10;0;8000;30;20;11;97790;mq;mq;mq;286.950000;mq;294.450000;mq;285.150000;mq;mq;mq;3.600000;-10;0;0.000000;0.000000;-60;0.000000;0.000000;mq;0.000000;0.000000;710.000000;1104.000000;3100.000000;mq;1;0;6900;mq;mq;mq;mq;mq;mq;mq;mq;mq;
07627;20110908060000;102160;-20;5;290;1.000000;284.250000;283.150000;93;40000;2;1;1;10;0;8000;30;20;11;97280;mq;mq;mq;283.650000;mq;293.950000;mq;281.150000;mq;mq;mq;1.500000;-10;0;0.000000;0.000000;-60;0.200000;0.200000;mq;0.200000;0.200000;710.000000;1102.000000;3100.000000;mq;1;0;6900;mq;mq;mq;mq;mq;mq;mq;mq;mq;
07630;20110908060000;102040;-20;5;220;1.500000;290.850000;289.050000;89;25000;2;1;1;90;7;450;35;61;60;100270;mq;mq;mq;289.850000;mq;296.850000;mq;287.150000;mq;mq;mq;3.600000;-10;0;0.000000;0.000000;-60;0.000000;0.000000;mq;0.000000;0.000000;710.000000;1104.000000;3100.000000;mq;7;6;390;mq;mq;mq;mq;mq;mq;mq;mq;mq;
07643;20110908060000;101690;-20;6;280;5.100000;294.150000;286.550000;62;60000;2;1;1;60;0;8000;30;20;11;101600;mq;mq;mq;292.650000;mq;298.350000;mq;291.150000;mq;mq;mq;6.700000;-10;mq;mq;mq;mq;0.000000;0.000000;mq;0.000000;0.000000;710.000000;1107.000000;mq;mq;5;0;7800;mq;mq;mq;mq;mq;mq;mq;mq;mq;
07650;20110908060000;101490;10;0;290;8.700000;294.350000;286.750000;62;75000;2;1;1;60;1;3500;30;23;12;101120;mq;mq;mq;293.950000;mq;299.250000;mq;293.150000;mq;mq;mq;11.300000;-10;0;0.000000;0.000000;-60;0.000000;0.000000;mq;0.000000;0.000000;710.000000;1111.000000;3100.000000;mq;1;3;4500;5;0;7500;mq;mq;mq;mq;mq;mq;
07661;20110908060000;101260;20;3;350;8.700000;294.550000;284.850000;54;35000;2;1;1;50;0;8000;30;20;12;99710;mq;mq;mq;294.550000;mq;298.850000;mq;mq;mq;mq;mq;12.300000;-10;mq;mq;mq;mq;0.000000;0.000000;mq;0.000000;0.000000;710.000000;1112.000000;mq;mq;4;0;4800;mq;mq;mq;mq;mq;mq;mq;mq;mq;
07690;20110908060000;101240;30;3;320;4.100000;293.250000;286.650000;66;40000;2;1;1;40;1;800;31;23;11;100910;mq;mq;mq;292.350000;mq;296.650000;mq;292.150000;mq;mq;mq;6.700000;-10;0;0.000000;0.000000;-60;0.000000;0.000000;mq;0.000000;0.000000;710.000000;1107.000000;3100.000000;mq;1;8;600;3;0;6900;mq;mq;mq;mq;mq;mq;
07747;20110908060000;101860;0;5;280;3.600000;292.150000;287.150000;73;40000;2;1;1;10;1;3500;30;24;11;101340;mq;mq;mq;292.150000;mq;299.550000;mq;290.150000;mq;mq;mq;5.100000;-10;0;0.000000;mq;mq;0.000000;0.000000;mq;0.000000;0.000000;710.000000;1105.000000;mq;mq;1;3;3600;mq;mq;mq;mq;mq;mq;mq;mq;mq;
07761;20110908060000;101260;0;5;50;4.600000;291.250000;286.150000;72;30000;2;1;1;10;0;mq;30;20;11;101150;mq;mq;mq;289.450000;mq;296.550000;mq;289.150000;mq;mq;mq;5.700000;-10;0;0.000000;0.000000;-60;0.000000;0.000000;mq;0.000000;0.000000;710.000000;1106.000000;3100.000000;mq;1;0;7500;mq;mq;mq;mq;mq;mq;mq;mq;mq;
07790;20110908060000;101220;70;3;200;1.500000;292.250000;287.750000;75;25000;2;1;1;25;0;8000;30;20;11;101080;mq;mq;mq;289.650000;mq;295.650000;mq;288.150000;mq;mq;mq;3.100000;-10;0;0.000000;0.000000;-60;0.000000;0.000000;mq;0.000000;0.000000;710.000000;1103.000000;3100.000000;mq;2;0;6900;mq;mq;mq;mq;mq;mq;mq;mq;mq;
61970;20110908060000;101820;mq;mq;mq;mq;299.950000;294.750000;73;mq;mq;mq;mq;mq;mq;mq;mq;mq;mq;mq;mq;mq;mq;297.150000;mq;mq;mq;mq;mq;mq;mq;mq;mq;mq;mq;mq;mq;0.000000;mq;mq;mq;0.000000;mq;mq;mq;mq;mq;mq;mq;mq;mq;mq;mq;mq;mq;mq;mq;mq;
61972;20110908060000;102190;mq;mq;170;6.700000;296.350000;289.650000;66;mq;mq;mq;mq;mq;mq;mq;mq;mq;mq;mq;mq;mq;mq;294.150000;mq;mq;mq;mq;mq;mq;mq;11.300000;-10;mq;mq;mq;mq;0.000000;mq;mq;mq;0.000000;710.000000;1111.000000;mq;mq;mq;mq;mq;mq;mq;mq;mq;mq;mq;mq;mq;mq;
61976;20110908060000;101890;mq;mq;140;8.200000;299.750000;291.650000;61;mq;mq;mq;mq;mq;mq;mq;mq;mq;mq;101740;mq;mq;mq;mq;mq;mq;mq;mq;mq;mq;mq;mq;mq;mq;mq;mq;mq;mq;mq;mq;mq;mq;mq;mq;mq;mq;mq;mq;mq;mq;mq;mq;mq;mq;mq;mq;mq;mq;
61980;20110908060000;102050;mq;mq;40;2.600000;297.850000;288.250000;55;12000;2;1;1;25;2;800;32;20;10;mq;mq;mq;mq;290.250000;mq;mq;mq;288.150000;mq;mq;mq;3.600000;-10;mq;mq;mq;mq;0.000000;mq;mq;mq;0.000000;710.000000;1104.000000;2427.000000;mq;2;8;840;mq;mq;mq;mq;mq;mq;mq;mq;mq;
61996;20110908060000;mq;mq;mq;300;12.900000;287.250000;mq;mq;mq;mq;mq;mq;mq;mq;mq;mq;mq;mq;mq;mq;mq;mq;284.450000;mq;mq;mq;283.150000;mq;mq;mq;18.500000;-10;mq;mq;mq;mq;0.000000;mq;mq;mq;2.000000;710.000000;1119.000000;mq;mq;mq;mq;mq;mq;mq;mq;mq;mq;mq;mq;mq;mq;
61997;20110908060000;99510;mq;mq;220;11.800000;271.750000;269.350000;82;mq;mq;mq;mq;mq;mq;mq;mq;mq;mq;mq;mq;mq;mq;269.950000;mq;mq;mq;269.150000;mq;mq;mq;21.100000;-60;mq;mq;mq;mq;mq;mq;mq;mq;0.000000;1121.000000;mq;mq;mq;mq;mq;mq;mq;mq;mq;mq;mq;mq;mq;mq;mq;
61998;20110908060000;98210;mq;mq;320;9.800000;276.050000;271.850000;74;1500;85;2;2;100;8;250;37;61;60;mq;mq;mq;mq;271.950000;mq;mq;mq;271.150000;mq;mq;mq;14.900000;-10;mq;mq;mq;mq;0.000000;mq;mq;mq;0.000000;710.000000;1115.000000;mq;mq;8;7;240;mq;mq;mq;mq;mq;mq;mq;mq;mq;
67005;20110908060000;101710;mq;mq;180;5.700000;300.950000;294.450000;68;30000;2;1;1;40;3;800;32;23;10;mq;mq;mq;mq;296.950000;mq;mq;mq;295.150000;mq;mq;mq;8.200000;-10;mq;mq;mq;mq;0.000000;mq;mq;mq;0.000000;710.000000;1108.000000;mq;mq;3;8;660;mq;mq;mq;mq;mq;mq;mq;mq;mq;
71805;20110908060000;102260;-150;5;250;5.100000;286.350000;284.750000;90;55000;0;mq;mq;mq;mq;mq;mq;mq;mq;102180;mq;mq;mq;mq;284.650000;mq;289.950000;283.150000;mq;mq;mq;7.200000;-10;mq;mq;mq;mq;0.000000;0.000000;mq;0.000000;0.000000;710.000000;1107.000000;mq;mq;mq;mq;mq;mq;mq;mq;mq;mq;mq;mq;mq;mq;
78897;20110908060000;101260;-210;8;110;3.600000;300.350000;297.250000;83;40000;1;8;6;75;3;450;39;23;17;mq;mq;mq;mq;mq;296.750000;mq;304.850000;274.150000;mq;mq;mq;mq;mq;mq;mq;mq;mq;mq;mq;0.200000;mq;3.600000;mq;mq;mq;mq;1;9;480;3;8;720;6;2;7800;mq;mq;mq;
78922;20110908060000;101240;-200;8;130;8.700000;301.750000;296.650000;74;mq;mq;mq;mq;mq;mq;mq;mq;mq;mq;100800;mq;mq;mq;mq;mq;mq;mq;mq;mq;mq;mq;mq;mq;mq;mq;mq;mq;mq;mq;mq;mq;mq;mq;mq;mq;mq;mq;mq;mq;mq;mq;mq;mq;mq;mq;mq;mq;mq;
78925;20110908060000;101250;-230;8;110;0.500000;298.050000;297.350000;96;24000;0;mq;mq;mq;mq;1250;mq;mq;mq;mq;mq;mq;10;mq;297.450000;mq;304.450000;mq;mq;mq;mq;mq;mq;mq;mq;mq;mq;mq;mq;0.000000;mq;28.100000;mq;mq;mq;mq;mq;mq;mq;mq;mq;mq;mq;mq;mq;mq;mq;mq;
81401;20110908060000;101100;mq;mq;190;1.000000;296.750000;295.750000;94;mq;mq;mq;mq;mq;mq;mq;mq;mq;mq;101040;mq;mq;mq;mq;mq;mq;mq;mq;mq;mq;mq;mq;mq;mq;mq;mq;mq;mq;0.000000;0.000000;mq;mq;mq;mq;mq;mq;mq;mq;mq;mq;mq;mq;mq;mq;mq;mq;mq;mq;
81405;20110908060000;101120;mq;mq;0;0.000000;296.250000;295.950000;98;17000;0;mq;mq;90;mq;450;mq;mq;mq;101030;mq;mq;mq;mq;mq;mq;mq;295.150000;mq;mq;mq;mq;mq;mq;mq;mq;mq;mq;0.000000;0.000000;mq;mq;mq;mq;mq;mq;mq;mq;mq;mq;mq;mq;mq;mq;mq;mq;mq;mq;
81408;20110908060000;101120;mq;mq;0;0.000000;295.350000;294.850000;97;mq;mq;mq;mq;mq;mq;mq;mq;mq;mq;101040;mq;mq;mq;mq;mq;mq;mq;mq;mq;mq;mq;mq;mq;mq;mq;mq;mq;mq;0.000000;0.000000;mq;mq;mq;mq;mq;mq;mq;mq;mq;mq;mq;mq;mq;mq;mq;mq;mq;mq;
81415;20110908060000;101230;mq;mq;230;0.500000;296.750000;296.050000;96;mq;mq;mq;mq;mq;mq;mq;mq;mq;mq;100020;mq;mq;mq;mq;mq;mq;mq;mq;mq;mq;mq;mq;mq;mq;mq;mq;mq;0.000000;0.000000;5.000000;mq;mq;mq;mq;mq;mq;mq;mq;mq;mq;mq;mq;mq;mq;mq;mq;mq;mq;
89642;20110908060000;98300;180;2;130;11.300000;256.250000;249.550000;52;30000;36;3;2;75;1;450;31;20;18;97740;mq;mq;mq;mq;mq;mq;mq;274.150000;mq;mq;17.500000;22.600000;-60;mq;mq;mq;mq;mq;mq;mq;mq;mq;1017.000000;1123.000000;mq;mq;1;8;450;6;2;6000;mq;mq;mq;mq;mq;mq;
07005;20110908090000;101250;20;3;220;6.200000;287.950000;285.050000;83;15000;1;6;2;100;7;450;38;61;60;100370;mq;mq;mq;mq;mq;mq;mq;mq;mq;mq;mq;9.800000;-10;mq;mq;0.000000;-30;0.000000;0.000000;mq;mq;mq;710.000000;1110.000000;3100.000000;mq;2;8;480;7;6;780;mq;mq;mq;mq;mq;mq;
07015;20110908090000;101130;0;5;220;6.700000;287.950000;285.250000;84;20000;2;1;1;100;7;800;35;61;60;100570;mq;mq;mq;mq;mq;mq;mq;mq;mq;mq;mq;11.300000;-10;mq;mq;0.000000;-30;0.000000;0.000000;mq;mq;mq;710.000000;1111.000000;3100.000000;mq;4;6;600;7;6;1800;mq;mq;mq;mq;mq;mq;
07020;20110908090000;101300;0;5;220;9.300000;288.750000;287.250000;91;12000;60;6;6;100;8;800;35;61;60;101040;mq;mq;mq;mq;mq;mq;mq;mq;mq;mq;mq;12.900000;-10;mq;mq;mq;mq;0.000000;0.200000;mq;mq;mq;710.000000;1113.000000;mq;mq;8;6;780;mq;mq;mq;mq;mq;mq;mq;mq;mq;
07027;20110908090000;101400;-20;5;210;5.700000;288.650000;285.750000;83;30000;21;6;5;90;6;450;35;27;60;100600;mq;mq;mq;mq;mq;mq;mq;mq;mq;mq;mq;9.300000;-10;mq;mq;0.000000;-30;0.000000;0.400000;mq;mq;mq;710.000000;1109.000000;3100.000000;mq;1;7;480;3;6;1200;5;6;2100;mq;mq;mq;
07037;20110908090000;101380;-20;7;220;7.700000;289.750000;285.250000;75;20000;2;1;1;90;6;800;35;23;60;99590;mq;mq;mq;mq;mq;mq;mq;mq;mq;mq;mq;11.300000;-10;mq;mq;0.000000;-30;0.000000;0.000000;mq;mq;mq;710.000000;1111.000000;3100.000000;mq;2;8;630;5;6;1410;5;3;6000;mq;mq;mq;
07110;20110908090000;101380;-10;5;230;7.200000;289.950000;289.450000;97;10000;20;6;5;mq;mq;mq;mq;mq;mq;100260;mq;mq;mq;mq;mq;mq;mq;mq;mq;mq;mq;10.300000;-10;mq;mq;0.000000;-30;0.400000;3.000000;mq;mq;mq;710.000000;1110.000000;3100.000000;mq;mq;mq;mq;mq;mq;mq;mq;mq;mq;mq;mq;mq;
07117;20110908090000;101330;10;3;240;4.600000;290.450000;288.050000;86;12000;3;6;5;100;8;800;36;61;60;100650;mq;mq;mq;mq;mq;mq;mq;mq;mq;mq;mq;10.300000;-10;mq;mq;mq;mq;0.000000;0.000000;mq;mq;mq;710.000000;1110.000000;2427.000000;mq;mq;mq;mq;mq;mq;mq;mq;mq;mq;mq;mq;mq;
07130;20110908090000;101510;-30;8;190;2.600000;289.550000;288.050000;91;12000;0;mq;mq;100;mq;250;mq;mq;mq;101000;mq;mq;mq;mq;mq;mq;mq;mq;mq;mq;mq;4.600000;-10;mq;mq;mq;mq;0.000000;0.000000;mq;mq;mq;710.000000;1105.000000;mq;mq;mq;mq;mq;mq;mq;mq;mq;mq;mq;mq;mq;mq;
07139;20110908090000;101530;-20;8;230;4.600000;289.150000;286.050000;82;15000;2;1;1;100;8;450;37;61;60;99830;mq;mq;mq;mq;mq;mq;mq;mq;mq;mq;mq;7.700000;-10;mq;mq;0.000000;-30;0.000000;0.000000;mq;mq;mq;710.000000;1108.000000;3100.000000;mq;7;7;300;mq;mq;mq;mq;mq;mq;mq;mq;mq;
07149;20110908090000;101600;30;0;220;4.100000;288.550000;285.150000;80;20000;2;1;1;90;7;450;38;61;60;100530;mq;mq;mq;mq;mq;mq;mq;mq;mq;mq;mq;7.200000;-10;mq;mq;0.000000;-30;0.000000;0.000000;mq;mq;mq;710.000000;1107.000000;3100.000000;mq;4;8;450;7;6;780;mq;mq;mq;mq;mq;mq;
07168;20110908090000;101690;40;1;240;5.700000;288.850000;283.850000;72;25000;2;1;1;90;7;800;31;61;60;100290;mq;mq;mq;mq;mq;mq;mq;mq;mq;mq;mq;9.300000;-10;mq;mq;0.000000;-30;0.000000;0.000000;mq;mq;mq;710.000000;1109.000000;3100.000000;mq;7;8;630;mq;mq;mq;mq;mq;mq;mq;mq;mq;
07181;20110908090000;101540;-20;8;230;7.200000;288.550000;285.150000;80;22000;0;mq;mq;90;mq;450;mq;mq;mq;97540;mq;mq;mq;mq;mq;mq;mq;mq;mq;mq;mq;10.300000;-10;mq;mq;mq;mq;0.000000;0.000000;mq;mq;mq;710.000000;1110.000000;mq;mq;mq;mq;mq;mq;mq;mq;mq;mq;mq;mq;mq;mq;
07190;20110908090000;101550;0;0;220;3.600000;290.650000;284.650000;68;55000;0;mq;mq;100;mq;1250;mq;mq;mq;99780;mq;mq;mq;mq;mq;mq;mq;mq;mq;mq;mq;8.200000;-10;mq;mq;mq;mq;0.000000;0.000000;mq;mq;mq;710.000000;1108.000000;mq;mq;mq;mq;mq;mq;mq;mq;mq;mq;mq;mq;mq;mq;
07207;20110908090000;mq;mq;mq;270;7.200000;291.150000;290.550000;96;500;47;6;4;101;mq;mq;62;61;60;mq;mq;mq;mq;mq;mq;mq;mq;mq;mq;mq;mq;10.300000;-10;mq;mq;mq;mq;0.000000;0.200000;mq;mq;mq;710.000000;1110.000000;2433.000000;mq;mq;mq;mq;mq;mq;mq;mq;mq;mq;mq;mq;mq;
07222;20110908090000;101620;0;0;250;3.100000;292.250000;292.050000;99;3500;51;5;2;90;7;80;37;61;60;101310;mq;mq;mq;mq;mq;mq;mq;mq;mq;mq;mq;6.700000;-10;mq;mq;mq;mq;0.200000;0.400000;mq;mq;mq;710.000000;1107.000000;mq;mq;7;7;90;mq;mq;mq;mq;mq;mq;mq;mq;mq;
07240;20110908090000;101700;-30;7;220;5.100000;290.650000;286.750000;78;55000;0;mq;mq;100;mq;450;mq;mq;mq;100380;mq;mq;mq;mq;mq;mq;mq;mq;mq;mq;mq;8.700000;-10;mq;mq;mq;mq;0.000000;0.000000;mq;mq;mq;710.000000;1109.000000;mq;mq;mq;mq;mq;mq;mq;mq;mq;mq;mq;mq;mq;mq;
07255;20110908090000;101840;10;0;240;4.600000;290.850000;285.750000;72;20000;2;1;1;75;6;800;31;20;11;99890;mq;mq;mq;mq;mq;mq;mq;mq;mq;mq;mq;9.300000;-10;mq;mq;0.000000;-30;0.000000;0.000000;mq;mq;mq;710.000000;1109.000000;3100.000000;mq;6;8;600;3;0;6300;mq;mq;mq;mq;mq;mq;
07280;20110908090000;101840;40;1;210;4.600000;289.550000;283.850000;69;60000;0;mq;mq;100;mq;800;mq;mq;mq;99170;mq;mq;mq;mq;mq;mq;mq;mq;mq;mq;mq;6.700000;-10;mq;mq;mq;mq;0.000000;0.000000;mq;mq;mq;710.000000;1107.000000;mq;mq;mq;mq;mq;mq;mq;mq;mq;mq;mq;mq;mq;mq;
07299;20110908090000;101660;30;3;270;3.600000;291.750000;286.350000;71;25000;2;1;1;90;4;800;32;23;12;98490;mq;mq;mq;mq;mq;mq;mq;mq;mq;mq;mq;7.700000;-10;mq;mq;0.000000;-30;0.000000;0.000000;mq;mq;mq;710.000000;1108.000000;3100.000000;mq;4;8;780;4;3;3000;5;0;7500;mq;mq;mq;
07314;20110908090000;101830;20;3;230;7.700000;293.050000;292.750000;98;10000;2;1;1;100;8;450;37;61;60;101560;mq;mq;mq;mq;mq;mq;mq;mq;mq;mq;mq;10.800000;-10;mq;mq;mq;mq;0.000000;0.000000;mq;mq;mq;710.000000;1111.000000;2447.000000;mq;8;7;300;mq;mq;mq;mq;mq;mq;mq;mq;mq;
07335;20110908090000;101830;20;2;180;5.100000;290.850000;289.150000;90;20000;2;1;1;90;7;250;35;20;12;100420;mq;mq;mq;mq;mq;mq;mq;mq;mq;mq;mq;7.200000;-10;mq;mq;0.000000;-30;0.000000;0.000000;mq;mq;mq;710.000000;1107.000000;3100.000000;mq;6;7;180;5;6;900;7;0;7800;mq;mq;mq;
07434;20110908090000;101980;40;3;180;1.500000;288.250000;287.750000;97;4000;20;5;4;100;8;80;36;61;60;97280;mq;mq;mq;mq;mq;mq;mq;mq;mq;mq;mq;3.100000;-10;mq;mq;0.000000;-30;0.000000;0.200000;mq;mq;mq;710.000000;1103.000000;3100.000000;mq;8;7;60;mq;mq;mq;mq;mq;mq;mq;mq;mq;
07460;20110908090000;101900;40;3;60;1.500000;291.350000;285.750000;70;50000;2;1;1;75;1;800;31;20;12;98120;mq;mq;mq;mq;mq;mq;mq;mq;mq;mq;mq;2.600000;-10;mq;mq;0.000000;-30;0.000000;0.000000;mq;mq;mq;710.000000;1103.000000;3100.000000;mq;1;8;690;6;0;5700;mq;mq;mq;mq;mq;mq;
07471;20110908090000;mq;30;1;280;3.600000;290.450000;283.050000;62;45000;2;1;1;60;0;8000;30;20;12;92440;85000;17920;mq;mq;mq;mq;mq;mq;mq;mq;mq;7.200000;-10;mq;mq;0.000000;-30;0.000000;0.000000;mq;mq;mq;710.000000;1107.000000;3100.000000;mq;5;0;7500;mq;mq;mq;mq;mq;mq;mq;mq;mq;
07481;20110908090000;101890;50;3;10;2.100000;292.750000;286.450000;67;60000;2;1;1;60;1;800;31;20;12;99100;mq;mq;mq;mq;mq;mq;mq;mq;mq;mq;mq;4.100000;-10;mq;mq;0.000000;-30;0.000000;0.000000;mq;mq;mq;710.000000;1104.000000;3100.000000;mq;1;8;690;5;0;7500;mq;mq;mq;mq;mq;mq;
07510;20110908090000;101970;50;1;280;4.100000;294.150000;293.350000;95;12000;1;6;5;100;7;250;35;61;60;101340;mq;mq;mq;mq;mq;mq;mq;mq;mq;mq;mq;6.200000;-10;mq;mq;0.000000;-30;0.000000;0.200000;mq;mq;mq;710.000000;1106.000000;3100.000000;mq;6;7;240;7;6;780;mq;mq;mq;mq;mq;mq;
07535;20110908090000;101990;60;1;290;1.000000;292.950000;291.050000;89;6000;61;6;5;100;8;450;38;61;60;98970;mq;mq;mq;mq;mq;mq;mq;mq;mq;mq;mq;2.600000;-10;mq;mq;0.000000;-30;0.200000;0.400000;mq;mq;mq;710.000000;1103.000000;3100.000000;mq;6;8;540;8;6;690;mq;mq;mq;mq;mq;mq;
07558;20110908090000;101850;0;4;330;6.700000;291.450000;286.350000;72;30000;2;1;1;75;4;450;31;20;11;93770;mq;mq;mq;mq;mq;mq;mq;mq;mq;mq;mq;12.300000;-10;mq;mq;0.000000;-30;0.000000;0.000000;mq;mq;mq;710.000000;1112.000000;3100.000000;mq;4;8;390;mq;mq;mq;mq;mq;mq;mq;mq;mq;
07577;20110908090000;101660;-50;8;20;7.200000;296.550000;286.150000;52;60000;2;1;1;40;0;8000;30;20;11;100800;mq;mq;mq;mq;mq;mq;mq;mq;mq;mq;mq;12.300000;-10;mq;mq;0.000000;-30;0.000000;0.000000;mq;mq;mq;710.000000;1112.000000;3100.000000;mq;3;0;7500;mq;mq;mq;mq;mq;mq;mq;mq;mq;
07591;20110908090000;mq;-50;8;200;2.100000;293.550000;281.250000;45;mq;0;mq;mq;mq;mq;mq;mq;mq;mq;91700;mq;mq;mq;mq;mq;mq;mq;mq;mq;mq;mq;4.100000;-10;mq;mq;mq;mq;0.000000;0.000000;mq;mq;mq;710.000000;1104.000000;mq;mq;mq;mq;mq;mq;mq;mq;mq;mq;mq;mq;mq;mq;
07607;20110908090000;102070;50;1;230;1.000000;293.750000;290.950000;84;15000;2;1;1;100;8;450;35;61;60;101380;mq;mq;mq;mq;mq;mq;mq;mq;mq;mq;mq;3.100000;-10;mq;mq;mq;mq;0.000000;0.000000;mq;mq;mq;710.000000;1103.000000;mq;mq;7;6;300;mq;mq;mq;mq;mq;mq;mq;mq;mq;
07621;20110908090000;102040;80;1;100;0.500000;294.350000;288.850000;71;50000;2;1;1;25;2;800;31;20;10;97870;mq;mq;mq;mq;mq;mq;mq;mq;mq;mq;mq;2.100000;-10;mq;mq;0.000000;-30;0.000000;0.000000;mq;mq;mq;710.000000;1102.000000;3100.000000;mq;2;8;600;mq;mq;mq;mq;mq;mq;mq;mq;mq;
07627;20110908090000;102060;70;1;0;0.000000;293.950000;287.850000;68;40000;2;1;1;10;1;800;31;20;10;97350;mq;mq;mq;mq;mq;mq;mq;mq;mq;mq;mq;2.100000;-10;mq;mq;0.000000;-30;0.000000;0.000000;mq;mq;mq;710.000000;1102.000000;3100.000000;mq;1;8;690;mq;mq;mq;mq;mq;mq;mq;mq;mq;
07630;20110908090000;102090;60;1;310;2.100000;292.450000;289.850000;85;30000;2;1;1;100;8;450;35;61;60;100330;mq;mq;mq;mq;mq;mq;mq;mq;mq;mq;mq;4.600000;-10;mq;mq;0.000000;-30;0.000000;0.000000;mq;mq;mq;710.000000;1105.000000;3100.000000;mq;5;6;300;8;6;390;mq;mq;mq;mq;mq;mq;
07643;20110908090000;101700;10;0;250;1.000000;299.650000;286.050000;43;60000;2;1;1;60;0;8000;30;20;11;101610;mq;mq;mq;mq;mq;mq;mq;mq;mq;mq;mq;4.100000;-10;mq;mq;mq;mq;0.000000;0.000000;mq;mq;mq;710.000000;1104.000000;mq;mq;5;0;7800;mq;mq;mq;mq;mq;mq;mq;mq;mq;
07650;20110908090000;101480;-10;8;300;10.300000;298.750000;286.550000;47;75000;2;1;1;50;1;3500;30;23;12;101110;mq;mq;mq;mq;mq;mq;mq;mq;mq;mq;mq;13.400000;-10;mq;mq;0.000000;-30;0.000000;0.000000;mq;mq;mq;710.000000;1113.000000;3100.000000;mq;1;3;4500;3;0;7500;mq;mq;mq;mq;mq;mq;
07661;20110908090000;101280;30;0;320;10.300000;295.950000;285.850000;53;35000;2;1;1;40;0;8000;30;20;12;99740;mq;mq;mq;mq;mq;mq;mq;mq;mq;mq;mq;14.900000;-10;mq;mq;mq;mq;0.000000;0.000000;mq;mq;mq;710.000000;1115.000000;mq;mq;3;0;4800;mq;mq;mq;mq;mq;mq;mq;mq;mq;
07690;20110908090000;101290;60;3;170;2.600000;297.250000;290.950000;68;50000;2;1;1;60;1;800;35;20;12;100970;mq;mq;mq;mq;mq;mq;mq;mq;mq;mq;mq;3.600000;-10;mq;mq;0.000000;-30;0.000000;0.000000;mq;mq;mq;710.000000;1104.000000;3100.000000;mq;1;6;900;5;0;7800;mq;mq;mq;mq;mq;mq;
07747;20110908090000;101860;10;0;320;7.200000;297.950000;288.550000;56;40000;2;1;1;40;1;1250;31;20;11;101350;mq;mq;mq;mq;mq;mq;mq;mq;mq;mq;mq;11.300000;-10;mq;mq;mq;mq;0.000000;0.000000;mq;mq;mq;710.000000;1111.000000;mq;mq;1;8;1200;3;0;7500;mq;mq;mq;mq;mq;mq;
07761;20110908090000;101320;70;2;230;1.500000;298.150000;290.350000;62;40000;2;1;1;10;1;800;35;20;11;101220;mq;mq;mq;mq;mq;mq;mq;mq;mq;mq;mq;2.600000;-10;mq;mq;0.000000;-30;0.000000;0.000000;mq;mq;mq;710.000000;1103.000000;3100.000000;mq;1;6;900;mq;mq;mq;mq;mq;mq;mq;mq;mq;
07790;20110908090000;101280;60;1;100;2.600000;299.450000;292.050000;64;40000;2;1;1;25;1;800;31;20;11;101140;mq;mq;mq;mq;mq;mq;mq;mq;mq;mq;mq;5.100000;-10;mq;mq;0.000000;-30;0.000000;0.000000;mq;mq;mq;710.000000;1105.000000;3100.000000;mq;1;8;780;mq;mq;mq;mq;mq;mq;mq;mq;mq;
61968;20110908090000;101580;mq;mq;100;3.100000;301.950000;292.850000;58;mq;mq;mq;mq;mq;mq;mq;mq;mq;mq;mq;mq;mq;mq;mq;mq;mq;mq;mq;mq;mq;mq;6.200000;-10;mq;mq;mq;mq;0.000000;0.000000;mq;mq;mq;710.000000;1106.000000;mq;mq;mq;mq;mq;mq;mq;mq;mq;mq;mq;mq;mq;mq;
61970;20110908090000;101790;mq;mq;mq;mq;301.250000;295.050000;69;mq;mq;mq;mq;mq;mq;mq;mq;mq;mq;mq;mq;mq;mq;mq;mq;mq;mq;mq;mq;mq;mq;mq;mq;mq;mq;mq;mq;0.000000;0.000000;mq;mq;mq;mq;mq;mq;mq;mq;mq;mq;mq;mq;mq;mq;mq;mq;mq;mq;mq;
61972;20110908090000;102110;mq;mq;170;7.200000;297.850000;289.250000;59;mq;mq;mq;mq;mq;mq;mq;mq;mq;mq;mq;mq;mq;mq;mq;mq;mq;mq;mq;mq;mq;mq;13.900000;-10;mq;mq;mq;mq;0.000000;0.000000;mq;mq;mq;710.000000;1114.000000;mq;mq;mq;mq;mq;mq;mq;mq;mq;mq;mq;mq;mq;mq;
61976;20110908090000;101730;mq;mq;140;8.200000;300.550000;292.350000;61;mq;mq;mq;mq;mq;mq;mq;mq;mq;mq;101580;mq;mq;mq;mq;mq;mq;mq;mq;mq;mq;mq;mq;mq;mq;mq;mq;mq;mq;0.000000;mq;mq;mq;mq;mq;mq;mq;mq;mq;mq;mq;mq;mq;mq;mq;mq;mq;mq;mq;
61980;20110908090000;101880;mq;mq;60;3.600000;297.450000;289.950000;63;12000;2;1;1;75;6;800;38;20;10;mq;mq;mq;mq;mq;mq;mq;mq;mq;mq;mq;mq;5.100000;-10;mq;mq;mq;mq;0.000000;0.000000;mq;mq;mq;710.000000;1105.000000;2427.000000;mq;2;8;840;5;6;1290;mq;mq;mq;mq;mq;mq;
61996;20110908090000;mq;mq;mq;300;10.300000;287.450000;mq;mq;mq;mq;mq;mq;mq;mq;mq;mq;mq;mq;mq;mq;mq;480;mq;mq;mq;mq;mq;mq;mq;mq;17.000000;-10;mq;mq;mq;mq;0.000000;0.000000;mq;mq;mq;710.000000;1117.000000;mq;mq;mq;mq;mq;mq;mq;mq;mq;mq;mq;mq;mq;mq;
61997;20110908090000;99460;mq;mq;240;7.700000;272.950000;267.750000;65;mq;mq;mq;mq;mq;mq;mq;mq;mq;mq;mq;mq;mq;440;mq;mq;mq;mq;mq;mq;mq;mq;mq;mq;mq;mq;mq;mq;mq;0.000000;mq;mq;mq;mq;mq;mq;mq;mq;mq;mq;mq;mq;mq;mq;mq;mq;mq;mq;mq;
61998;20110908090000;98100;mq;mq;330;11.800000;276.850000;272.250000;72;20000;2;1;1;75;3;800;32;23;11;mq;mq;mq;mq;mq;mq;mq;mq;mq;mq;mq;mq;17.500000;-10;mq;mq;mq;mq;0.000000;0.200000;mq;mq;mq;710.000000;1117.000000;mq;mq;3;8;750;3;3;3300;mq;mq;mq;mq;mq;mq;
67005;20110908090000;101620;mq;mq;150;5.100000;301.450000;292.950000;60;30000;2;1;1;10;1;800;32;20;10;mq;mq;mq;mq;mq;mq;mq;mq;mq;mq;mq;mq;7.200000;-10;mq;mq;mq;mq;0.000000;0.000000;mq;mq;mq;710.000000;1107.000000;mq;mq;1;8;690;mq;mq;mq;mq;mq;mq;mq;mq;mq;
71805;20110908090000;102140;-120;8;250;5.700000;286.850000;284.850000;88;20000;2;1;1;90;2;450;35;23;60;102060;mq;mq;mq;mq;mq;mq;mq;mq;mq;mq;mq;7.700000;-10;mq;mq;0.000000;-30;0.000000;0.000000;mq;mq;mq;710.000000;1108.000000;3100.000000;mq;2;6;540;7;3;3000;mq;mq;mq;mq;mq;mq;
78897;20110908090000;101290;30;3;110;3.600000;300.350000;297.050000;82;24000;0;mq;mq;mq;mq;800;mq;mq;mq;mq;mq;mq;60;mq;mq;mq;mq;mq;mq;mq;mq;mq;mq;mq;mq;mq;mq;mq;mq;mq;mq;mq;mq;mq;mq;mq;mq;mq;mq;mq;mq;mq;mq;mq;mq;mq;mq;mq;
78922;20110908090000;101260;20;3;120;7.700000;301.850000;295.150000;67;mq;mq;mq;mq;mq;mq;mq;mq;mq;mq;100820;mq;mq;mq;mq;mq;mq;mq;mq;mq;mq;mq;mq;mq;mq;mq;mq;mq;mq;mq;mq;mq;mq;mq;mq;mq;mq;mq;mq;mq;mq;mq;mq;mq;mq;mq;mq;mq;mq;
78925;20110908090000;101250;0;5;0;0.000000;298.350000;297.150000;93;29000;0;mq;mq;mq;mq;800;mq;mq;mq;mq;mq;mq;mq;mq;mq;mq;mq;mq;mq;mq;mq;mq;mq;mq;mq;mq;mq;mq;mq;mq;mq;mq;mq;mq;mq;mq;mq;mq;mq;mq;mq;mq;mq;mq;mq;mq;mq;mq;
81401;20110908090000;101130;mq;mq;150;0.500000;295.950000;295.150000;95;mq;mq;mq;mq;mq;mq;mq;mq;mq;mq;101070;mq;mq;mq;mq;mq;mq;mq;mq;mq;mq;mq;mq;mq;mq;mq;mq;mq;mq;0.000000;mq;mq;mq;mq;mq;mq;mq;mq;mq;mq;mq;mq;mq;mq;mq;mq;mq;mq;mq;
81405;20110908090000;101140;mq;mq;310;1.000000;295.650000;295.350000;98;19000;0;mq;mq;mq;mq;mq;mq;mq;mq;101050;mq;mq;mq;mq;mq;mq;mq;mq;mq;mq;mq;mq;mq;mq;mq;mq;mq;mq;0.000000;mq;mq;mq;mq;mq;mq;mq;mq;mq;mq;mq;mq;mq;mq;mq;mq;mq;mq;mq;
81408;20110908090000;101130;mq;mq;0;0.000000;294.850000;294.350000;97;mq;mq;mq;mq;mq;mq;mq;mq;mq;mq;101050;mq;mq;mq;mq;mq;mq;mq;mq;mq;mq;mq;mq;mq;mq;mq;mq;mq;mq;0.000000;mq;mq;mq;mq;mq;mq;mq;mq;mq;mq;mq;mq;mq;mq;mq;mq;mq;mq;mq;
81415;20110908090000;101210;mq;mq;210;1.000000;295.950000;295.650000;98;mq;mq;mq;mq;mq;mq;mq;mq;mq;mq;99990;mq;mq;mq;mq;mq;mq;mq;mq;mq;mq;mq;mq;mq;mq;mq;mq;mq;0.000000;0.000000;mq;mq;mq;mq;mq;mq;mq;mq;mq;mq;mq;mq;mq;mq;mq;mq;mq;mq;mq;
89642;20110908090000;98580;270;1;140;11.800000;254.450000;247.250000;49;40000;1;3;2;60;0;8000;30;20;11;98010;mq;mq;mq;mq;mq;mq;mq;mq;mq;mq;17.000000;21.600000;-30;mq;mq;mq;mq;mq;mq;mq;mq;mq;1017.000000;1122.000000;mq;mq;5;0;6000;mq;mq;mq;mq;mq;mq;mq;mq;mq;
07005;20110908120000;101200;-40;7;210;5.700000;289.150000;285.650000;80;12000;20;6;2;100;7;450;38;61;60;100330;mq;mq;mq;mq;mq;mq;mq;mq;mq;mq;mq;11.300000;-10;mq;mq;0.000000;-60;0.000000;0.000000;0.000000;mq;mq;710.000000;1111.000000;3100.000000;mq;1;8;450;7;6;600;mq;mq;mq;mq;mq;mq;
07015;20110908120000;101110;-20;8;230;6.700000;288.450000;285.750000;84;20000;21;6;2;100;7;450;35;61;60;100550;mq;mq;mq;mq;mq;mq;mq;mq;mq;mq;mq;10.800000;-10;mq;mq;0.000000;-60;0.000000;0.000000;0.000000;mq;mq;710.000000;1111.000000;3100.000000;mq;7;6;450;mq;mq;mq;mq;mq;mq;mq;mq;mq;
07020;20110908120000;101260;-40;8;230;7.200000;290.150000;289.550000;96;mq;mq;mq;mq;mq;mq;mq;mq;mq;mq;101000;mq;mq;mq;mq;mq;mq;mq;mq;mq;mq;mq;12.300000;-10;mq;mq;mq;mq;0.000000;0.000000;0.200000;mq;mq;710.000000;1112.000000;mq;mq;mq;mq;mq;mq;mq;mq;mq;mq;mq;mq;mq;mq;
07027;20110908120000;101310;-80;6;230;5.700000;291.250000;288.550000;84;40000;1;6;5;90;7;450;35;61;60;100520;mq;mq;mq;mq;mq;mq;mq;mq;mq;mq;mq;11.800000;-10;mq;mq;0.000000;-60;0.000000;0.000000;0.400000;mq;mq;710.000000;1112.000000;3100.000000;mq;7;6;570;mq;mq;mq;mq;mq;mq;mq;mq;mq;
07037;20110908120000;101350;-30;8;220;5.700000;289.450000;285.950000;80;20000;2;1;1;100;8;800;35;61;60;99560;mq;mq;mq;mq;mq;mq;mq;mq;mq;mq;mq;11.300000;-10;mq;mq;0.000000;-60;0.000000;0.000000;0.000000;mq;mq;710.000000;1111.000000;3100.000000;mq;8;6;630;mq;mq;mq;mq;mq;mq;mq;mq;mq;
07110;20110908120000;101380;0;0;230;7.200000;290.650000;290.150000;97;900;47;6;5;101;mq;mq;62;61;60;100260;mq;mq;mq;mq;mq;mq;mq;mq;mq;mq;mq;10.800000;-10;mq;mq;0.000000;-60;0.000000;0.600000;4.000000;mq;mq;710.000000;1111.000000;3100.000000;mq;mq;mq;mq;mq;mq;mq;mq;mq;mq;mq;mq;mq;
07117;20110908120000;101270;-60;7;250;6.700000;291.550000;290.050000;91;3000;62;6;5;100;8;800;36;61;60;100590;mq;mq;mq;mq;mq;mq;mq;mq;mq;mq;mq;12.300000;-10;mq;mq;mq;mq;0.400000;0.400000;0.400000;mq;mq;710.000000;1112.000000;2435.000000;mq;mq;mq;mq;mq;mq;mq;mq;mq;mq;mq;mq;mq;
07130;20110908120000;101440;-60;8;240;3.100000;293.250000;291.550000;90;10000;60;mq;mq;100;mq;800;mq;mq;mq;100940;mq;mq;mq;mq;mq;mq;mq;mq;mq;mq;mq;5.100000;-10;mq;mq;mq;mq;0.200000;0.200000;0.200000;mq;mq;710.000000;1105.000000;mq;mq;mq;mq;mq;mq;mq;mq;mq;mq;mq;mq;mq;mq;
07139;20110908120000;101440;-80;8;230;6.200000;290.950000;288.050000;83;20000;2;1;1;100;8;450;35;61;60;99750;mq;mq;mq;mq;mq;mq;mq;mq;mq;mq;mq;10.800000;-10;mq;mq;0.000000;-60;0.000000;0.000000;0.000000;mq;mq;710.000000;1111.000000;3100.000000;mq;7;6;330;mq;mq;mq;mq;mq;mq;mq;mq;mq;
07149;20110908120000;101460;-130;8;220;5.700000;290.950000;286.650000;76;18000;21;6;2;100;7;450;38;61;60;100400;mq;mq;mq;mq;mq;mq;mq;mq;mq;mq;mq;9.300000;-10;mq;mq;0.000000;-60;0.200000;0.200000;0.200000;mq;mq;710.000000;1109.000000;3100.000000;mq;3;8;540;7;6;1290;mq;mq;mq;mq;mq;mq;
07168;20110908120000;101610;-70;7;230;6.700000;290.950000;284.250000;65;25000;2;1;1;90;7;800;38;61;60;100220;mq;mq;mq;mq;mq;mq;mq;mq;mq;mq;mq;10.300000;-10;mq;mq;0.000000;-60;0.000000;0.000000;0.000000;mq;mq;710.000000;1110.000000;3100.000000;mq;3;8;900;7;6;1800;mq;mq;mq;mq;mq;mq;
07181;20110908120000;101450;-70;8;250;8.700000;290.250000;284.950000;71;19000;0;mq;mq;mq;mq;800;mq;mq;mq;97470;mq;mq;mq;mq;mq;mq;mq;mq;mq;mq;mq;14.400000;-10;mq;mq;mq;mq;0.000000;0.000000;0.000000;mq;mq;710.000000;1114.000000;mq;mq;mq;mq;mq;mq;mq;mq;mq;mq;mq;mq;mq;mq;
07190;20110908120000;101400;-150;8;220;4.600000;291.250000;283.850000;62;60000;0;mq;mq;100;mq;mq;mq;mq;mq;99630;mq;mq;mq;mq;mq;mq;mq;mq;mq;mq;mq;8.700000;-10;mq;mq;mq;mq;0.000000;0.000000;0.000000;mq;mq;710.000000;1109.000000;mq;mq;mq;mq;mq;mq;mq;mq;mq;mq;mq;mq;mq;mq;
07207;20110908120000;mq;mq;mq;270;7.200000;291.950000;290.250000;90;8000;2;1;1;90;7;1250;36;20;60;mq;mq;mq;mq;mq;mq;mq;mq;mq;mq;mq;mq;11.300000;-10;mq;mq;mq;mq;0.000000;0.000000;0.200000;mq;mq;710.000000;1111.000000;2436.000000;mq;mq;mq;mq;mq;mq;mq;mq;mq;mq;mq;mq;mq;
07222;20110908120000;101620;10;2;260;5.100000;293.050000;292.050000;94;10000;50;5;2;90;7;150;37;61;60;101320;mq;mq;mq;mq;mq;mq;mq;mq;mq;mq;mq;10.800000;-10;mq;mq;mq;mq;0.000000;0.000000;0.400000;mq;mq;710.000000;1111.000000;mq;mq;2;7;150;7;7;240;mq;mq;mq;mq;mq;mq;
07240;20110908120000;101600;-90;8;190;3.600000;291.650000;290.150000;91;19000;0;mq;mq;100;mq;150;mq;mq;mq;100290;mq;mq;mq;mq;mq;mq;mq;mq;mq;mq;mq;6.700000;-10;mq;mq;mq;mq;0.000000;0.000000;0.000000;mq;mq;710.000000;1107.000000;mq;mq;mq;mq;mq;mq;mq;mq;mq;mq;mq;mq;mq;mq;
07255;20110908120000;101700;-120;8;260;3.600000;293.650000;288.250000;71;35000;2;1;1;100;7;450;35;61;60;99770;mq;mq;mq;mq;mq;mq;mq;mq;mq;mq;mq;9.300000;-10;mq;mq;0.000000;-60;0.000000;0.000000;0.000000;mq;mq;710.000000;1109.000000;3100.000000;mq;7;6;570;mq;mq;mq;mq;mq;mq;mq;mq;mq;
07280;20110908120000;101650;-140;8;220;4.100000;294.250000;284.250000;53;60000;0;mq;mq;100;mq;1250;mq;mq;mq;99030;mq;mq;mq;mq;mq;mq;mq;mq;mq;mq;mq;8.700000;-10;mq;mq;mq;mq;0.000000;0.000000;0.000000;mq;mq;710.000000;1109.000000;mq;mq;mq;mq;mq;mq;mq;mq;mq;mq;mq;mq;mq;mq;
07299;20110908120000;101540;-110;8;280;5.100000;292.850000;283.850000;56;30000;2;1;1;75;2;1250;32;24;12;98380;mq;mq;mq;mq;mq;mq;mq;mq;mq;mq;mq;9.300000;-10;mq;mq;0.000000;-60;0.000000;0.000000;0.000000;mq;mq;710.000000;1109.000000;3100.000000;mq;1;8;1200;4;3;3900;mq;mq;mq;mq;mq;mq;
07314;20110908120000;101820;-10;8;250;7.200000;293.450000;293.150000;98;10000;2;1;1;100;8;450;36;61;60;101550;mq;mq;mq;mq;mq;mq;mq;mq;mq;mq;mq;11.800000;-10;mq;mq;mq;mq;0.000000;0.000000;0.000000;mq;mq;710.000000;1112.000000;2447.000000;mq;8;7;480;mq;mq;mq;mq;mq;mq;mq;mq;mq;
07335;20110908120000;101710;-110;7;200;4.600000;293.350000;292.650000;96;4000;51;5;2;100;8;250;37;61;60;100310;mq;mq;mq;mq;mq;mq;mq;mq;mq;mq;mq;7.200000;-10;mq;mq;0.000000;-60;0.000000;0.000000;0.000000;mq;mq;710.000000;1107.000000;3100.000000;mq;8;7;180;mq;mq;mq;mq;mq;mq;mq;mq;mq;
07434;20110908120000;101820;-90;8;200;3.600000;291.950000;290.950000;94;25000;20;5;4;100;8;150;36;61;60;97190;mq;mq;mq;mq;mq;mq;mq;mq;mq;mq;mq;5.100000;-10;mq;mq;0.000000;-60;0.000000;0.200000;0.400000;mq;mq;710.000000;1105.000000;3100.000000;mq;8;7;150;mq;mq;mq;mq;mq;mq;mq;mq;mq;
07460;20110908120000;101710;-120;8;270;4.600000;296.750000;285.750000;50;50000;2;1;1;75;1;1250;31;23;12;98000;mq;mq;mq;mq;mq;mq;mq;mq;mq;mq;mq;9.800000;-10;mq;mq;0.000000;-60;0.000000;0.000000;0.000000;mq;mq;710.000000;1110.000000;3100.000000;mq;1;8;1290;6;0;6300;mq;mq;mq;mq;mq;mq;
07471;20110908120000;mq;-40;8;310;4.100000;292.750000;284.250000;58;50000;2;1;1;75;1;1250;31;20;12;92400;85000;17890;mq;mq;mq;mq;mq;mq;mq;mq;mq;9.300000;-10;mq;mq;0.000000;-60;0.000000;0.000000;0.000000;mq;mq;710.000000;1109.000000;3100.000000;mq;1;8;1200;6;0;7500;mq;mq;mq;mq;mq;mq;
07481;20110908120000;101740;-110;8;60;1.500000;296.650000;285.050000;48;60000;2;1;1;60;1;1250;31;20;12;98990;mq;mq;mq;mq;mq;mq;mq;mq;mq;mq;mq;5.100000;-10;mq;mq;0.000000;-60;0.000000;0.000000;0.000000;mq;mq;710.000000;1105.000000;3100.000000;mq;1;8;1290;5;0;7500;mq;mq;mq;mq;mq;mq;
07510;20110908120000;101920;-50;8;250;5.100000;296.050000;293.050000;83;50000;0;mq;mq;90;mq;80;mq;mq;mq;101290;mq;mq;mq;mq;mq;mq;mq;mq;mq;mq;mq;9.300000;-10;mq;mq;mq;mq;0.000000;0.000000;0.200000;mq;mq;710.000000;1109.000000;mq;mq;mq;mq;mq;mq;mq;mq;mq;mq;mq;mq;mq;mq;
07535;20110908120000;101880;-80;8;280;2.100000;295.850000;291.650000;77;15000;3;6;5;90;7;450;38;61;60;98890;mq;mq;mq;mq;mq;mq;mq;mq;mq;mq;mq;4.600000;-10;mq;mq;0.000000;-60;0.000000;0.400000;0.800000;mq;mq;710.000000;1105.000000;3100.000000;mq;5;8;540;6;6;630;mq;mq;mq;mq;mq;mq;
07558;20110908120000;101680;-80;8;330;7.700000;294.450000;286.350000;60;60000;2;1;1;40;1;800;31;20;11;93690;mq;mq;mq;mq;mq;mq;mq;mq;mq;mq;mq;12.300000;-10;mq;mq;0.000000;-60;0.000000;0.000000;0.000000;mq;mq;710.000000;1112.000000;3100.000000;mq;1;8;900;mq;mq;mq;mq;mq;mq;mq;mq;mq;
07577;20110908120000;101570;-80;8;20;6.700000;298.550000;284.350000;41;60000;2;1;1;75;0;8000;30;20;11;100720;mq;mq;mq;mq;mq;mq;mq;mq;mq;mq;mq;12.300000;-10;mq;mq;0.000000;-60;0.000000;0.000000;0.000000;mq;mq;710.000000;1112.000000;3100.000000;mq;6;0;7500;mq;mq;mq;mq;mq;mq;mq;mq;mq;
07591;20110908120000;mq;-130;8;210;4.100000;298.250000;282.950000;38;mq;0;mq;mq;mq;mq;mq;mq;mq;mq;91570;mq;mq;mq;mq;mq;mq;mq;mq;mq;mq;mq;7.200000;-10;mq;mq;mq;mq;0.000000;0.000000;0.000000;mq;mq;710.000000;1107.000000;mq;mq;mq;mq;mq;mq;mq;mq;mq;mq;mq;mq;mq;mq;
07607;20110908120000;101970;-100;8;250;2.100000;296.250000;291.350000;74;55000;0;mq;mq;100;mq;450;mq;mq;mq;101280;mq;mq;mq;mq;mq;mq;mq;mq;mq;mq;mq;4.100000;-10;mq;mq;mq;mq;0.000000;0.000000;0.000000;mq;mq;710.000000;1104.000000;mq;mq;mq;mq;mq;mq;mq;mq;mq;mq;mq;mq;mq;mq;
07621;20110908120000;101890;-120;8;330;2.100000;296.450000;290.450000;69;50000;2;1;1;60;5;800;35;20;10;97750;mq;mq;mq;mq;mq;mq;mq;mq;mq;mq;mq;5.100000;-10;mq;mq;0.000000;-60;0.000000;0.000000;0.000000;mq;mq;710.000000;1105.000000;3100.000000;mq;5;6;630;mq;mq;mq;mq;mq;mq;mq;mq;mq;
07627;20110908120000;101850;-150;6;350;2.100000;296.950000;288.450000;59;40000;2;1;1;25;2;800;31;20;10;97200;mq;mq;mq;mq;mq;mq;mq;mq;mq;mq;mq;4.600000;-10;mq;mq;0.000000;-60;0.000000;0.000000;0.000000;mq;mq;710.000000;1105.000000;3100.000000;mq;2;8;900;mq;mq;mq;mq;mq;mq;mq;mq;mq;
07630;20110908120000;101970;-100;8;270;2.100000;295.150000;290.250000;74;45000;2;1;1;100;8;450;35;61;60;100230;mq;mq;mq;mq;mq;mq;mq;mq;mq;mq;mq;6.200000;-10;mq;mq;0.000000;-60;0.000000;0.000000;0.000000;mq;mq;710.000000;1106.000000;3100.000000;mq;5;6;540;7;6;690;mq;mq;mq;mq;mq;mq;
07643;20110908120000;101530;-170;7;190;1.000000;303.750000;284.150000;30;60000;2;1;1;60;0;8000;30;20;11;101440;mq;mq;mq;mq;mq;mq;mq;mq;mq;mq;mq;4.600000;-10;mq;mq;mq;mq;0.000000;0.000000;0.000000;mq;mq;710.000000;1105.000000;mq;mq;5;0;7800;mq;mq;mq;mq;mq;mq;mq;mq;mq;
07650;20110908120000;101350;-120;8;320;10.300000;302.450000;284.550000;33;75000;2;1;1;60;1;3500;30;23;12;100990;mq;mq;mq;mq;mq;mq;mq;mq;mq;mq;mq;15.400000;-10;mq;mq;0.000000;-60;0.000000;0.000000;0.000000;mq;mq;710.000000;1115.000000;3100.000000;mq;1;3;4500;5;0;7500;mq;mq;mq;mq;mq;mq;
07661;20110908120000;101140;-120;8;340;12.300000;299.350000;284.650000;40;35000;2;1;1;40;0;8000;30;20;12;99620;mq;mq;mq;mq;mq;mq;mq;mq;mq;mq;mq;18.000000;-10;mq;mq;mq;mq;0.000000;0.000000;0.000000;mq;mq;710.000000;1118.000000;mq;mq;3;0;4800;mq;mq;mq;mq;mq;mq;mq;mq;mq;
07690;20110908120000;101270;-20;8;170;3.600000;297.950000;292.150000;70;50000;2;1;1;60;1;800;35;20;12;100950;mq;mq;mq;mq;mq;mq;mq;mq;mq;mq;mq;5.100000;-10;mq;mq;0.000000;-60;0.000000;0.000000;0.000000;mq;mq;710.000000;1105.000000;3100.000000;mq;1;6;600;5;0;7800;mq;mq;mq;mq;mq;mq;
07747;20110908120000;101650;-200;8;330;7.200000;301.850000;288.350000;44;40000;2;1;1;50;1;1750;31;20;11;101150;mq;mq;mq;mq;mq;mq;mq;mq;mq;mq;mq;12.900000;-10;mq;mq;mq;mq;0.000000;0.000000;0.000000;mq;mq;710.000000;1113.000000;mq;mq;1;8;1500;3;0;7500;mq;mq;mq;mq;mq;mq;
07761;20110908120000;101290;-30;8;220;4.600000;299.950000;291.550000;60;40000;2;1;1;25;1;1250;35;20;11;101190;mq;mq;mq;mq;mq;mq;mq;mq;mq;mq;mq;5.700000;-10;mq;mq;0.000000;-60;0.000000;0.000000;0.000000;mq;mq;710.000000;1106.000000;3100.000000;mq;1;6;990;mq;mq;mq;mq;mq;mq;mq;mq;mq;
07790;20110908120000;101250;-30;6;110;4.600000;300.350000;291.050000;57;40000;2;1;1;25;1;800;31;20;11;101110;mq;mq;mq;mq;mq;mq;mq;mq;mq;mq;mq;7.200000;-10;mq;mq;0.000000;-60;0.000000;0.000000;0.000000;mq;mq;710.000000;1107.000000;3100.000000;mq;1;8;900;mq;mq;mq;mq;mq;mq;mq;mq;mq;
61968;20110908120000;101440;mq;mq;80;2.600000;301.350000;291.150000;54;mq;mq;mq;mq;mq;mq;mq;mq;mq;mq;mq;mq;mq;mq;mq;mq;mq;mq;mq;mq;mq;mq;6.700000;-10;mq;mq;mq;mq;0.000000;mq;0.000000;mq;mq;710.000000;1107.000000;mq;mq;mq;mq;mq;mq;mq;mq;mq;mq;mq;mq;mq;mq;
61970;20110908120000;101590;mq;mq;mq;mq;301.150000;294.450000;67;mq;mq;mq;mq;mq;mq;mq;mq;mq;mq;mq;mq;mq;mq;mq;mq;mq;mq;mq;mq;mq;mq;mq;mq;mq;mq;mq;mq;0.000000;mq;0.000000;mq;mq;mq;mq;mq;mq;mq;mq;mq;mq;mq;mq;mq;mq;mq;mq;mq;mq;
61972;20110908120000;101920;mq;mq;170;6.200000;297.850000;289.850000;61;mq;mq;mq;mq;mq;mq;mq;mq;mq;mq;mq;mq;mq;mq;mq;mq;mq;mq;mq;mq;mq;mq;12.300000;-10;mq;mq;mq;mq;0.000000;mq;0.000000;mq;mq;710.000000;1112.000000;mq;mq;mq;mq;mq;mq;mq;mq;mq;mq;mq;mq;mq;mq;
61976;20110908120000;101640;mq;mq;140;8.200000;298.550000;292.650000;70;mq;mq;mq;mq;mq;mq;mq;mq;mq;mq;101490;mq;mq;0;mq;mq;mq;mq;mq;mq;mq;mq;mq;mq;mq;mq;mq;mq;mq;mq;mq;mq;mq;mq;mq;mq;mq;mq;mq;mq;mq;mq;mq;mq;mq;mq;mq;mq;mq;
61980;20110908120000;101820;mq;mq;300;1.000000;296.450000;289.250000;64;12000;2;1;1;90;7;800;38;61;60;mq;mq;mq;mq;mq;mq;mq;mq;mq;mq;mq;mq;4.100000;-10;mq;mq;mq;mq;0.000000;mq;0.000000;mq;mq;710.000000;1104.000000;2427.000000;mq;2;8;780;6;6;1290;mq;mq;mq;mq;mq;mq;
61996;20110908120000;mq;mq;mq;290;9.800000;285.150000;mq;mq;mq;mq;mq;mq;mq;mq;mq;mq;mq;mq;mq;mq;mq;860;mq;mq;mq;mq;mq;mq;mq;mq;14.900000;-10;mq;mq;mq;mq;0.000000;mq;0.000000;mq;mq;710.000000;1115.000000;mq;mq;mq;mq;mq;mq;mq;mq;mq;mq;mq;mq;mq;mq;
61997;20110908120000;99480;mq;mq;200;11.800000;271.550000;268.050000;74;mq;mq;mq;mq;mq;mq;mq;mq;mq;mq;mq;mq;mq;310;mq;mq;mq;mq;mq;mq;mq;mq;15.900000;-60;mq;mq;mq;mq;mq;mq;0.000000;mq;mq;1116.000000;mq;mq;mq;mq;mq;mq;mq;mq;mq;mq;mq;mq;mq;mq;mq;
61998;20110908120000;98140;mq;mq;330;10.300000;275.650000;272.250000;78;20000;2;1;1;75;3;800;32;23;11;mq;mq;mq;mq;mq;mq;mq;mq;mq;mq;mq;mq;16.500000;-10;mq;mq;mq;mq;0.000000;mq;0.200000;mq;mq;710.000000;1116.000000;mq;mq;3;8;750;3;3;3300;mq;mq;mq;mq;mq;mq;
67005;20110908120000;101460;mq;mq;160;3.600000;300.750000;291.450000;57;30000;2;1;1;10;1;800;32;20;10;mq;mq;mq;mq;mq;mq;mq;mq;mq;mq;mq;mq;5.700000;-10;mq;mq;mq;mq;0.000000;mq;0.000000;mq;mq;710.000000;1106.000000;mq;mq;1;8;750;mq;mq;mq;mq;mq;mq;mq;mq;mq;
71805;20110908120000;102000;-140;7;240;7.200000;288.450000;286.250000;87;12000;2;1;1;100;3;150;36;27;60;101920;mq;mq;mq;mq;mq;mq;mq;mq;mq;mq;mq;10.800000;-10;mq;mq;0.000000;-60;0.000000;0.000000;0.000000;mq;mq;710.000000;1111.000000;3100.000000;mq;2;7;120;8;4;2700;mq;mq;mq;mq;mq;mq;
78897;20110908120000;101510;220;3;90;3.600000;302.750000;297.150000;72;25000;2;8;6;60;1;800;32;20;12;mq;mq;mq;70;299.750000;mq;mq;304.850000;mq;mq;mq;mq;mq;mq;mq;mq;mq;mq;mq;mq;0.200000;mq;0.400000;mq;mq;mq;mq;1;8;600;5;0;7800;mq;mq;mq;mq;mq;mq;
78922;20110908120000;101430;170;3;110;8.200000;303.050000;296.950000;70;mq;mq;mq;mq;mq;mq;mq;mq;mq;mq;100990;mq;mq;mq;mq;mq;mq;mq;mq;mq;mq;mq;mq;mq;mq;mq;mq;mq;mq;mq;mq;mq;mq;mq;mq;mq;mq;mq;mq;mq;mq;mq;mq;mq;mq;mq;mq;mq;mq;
78925;20110908120000;101430;180;3;70;3.100000;301.650000;298.650000;84;55000;0;mq;mq;90;mq;800;mq;mq;mq;mq;mq;mq;40;297.850000;mq;mq;304.450000;mq;mq;mq;mq;mq;mq;mq;mq;mq;mq;mq;mq;0.400000;mq;13.900000;mq;mq;mq;mq;mq;mq;mq;mq;mq;mq;mq;mq;mq;mq;mq;mq;
81401;20110908120000;101240;mq;mq;140;2.100000;301.250000;296.850000;77;mq;mq;mq;mq;mq;mq;mq;mq;mq;mq;101180;mq;mq;mq;295.450000;mq;mq;mq;mq;mq;mq;mq;mq;mq;mq;mq;mq;mq;mq;0.000000;mq;mq;0.000000;mq;mq;mq;mq;mq;mq;mq;mq;mq;mq;mq;mq;mq;mq;mq;mq;
81405;20110908120000;101270;mq;mq;140;1.000000;301.050000;297.450000;81;10000;2;1;1;40;3;450;31;20;10;101180;mq;mq;mq;295.550000;mq;mq;mq;mq;mq;mq;mq;mq;mq;mq;mq;mq;mq;mq;0.000000;mq;mq;0.000000;mq;mq;mq;mq;mq;mq;mq;mq;mq;mq;mq;mq;mq;mq;mq;mq;
81408;20110908120000;101260;mq;mq;150;1.000000;301.450000;297.050000;77;mq;mq;mq;mq;mq;mq;mq;mq;mq;mq;101180;mq;mq;mq;294.650000;mq;mq;mq;mq;mq;mq;mq;mq;mq;mq;mq;mq;mq;mq;0.000000;mq;mq;0.200000;mq;mq;mq;mq;mq;mq;mq;mq;mq;mq;mq;mq;mq;mq;mq;mq;
81415;20110908120000;101330;mq;mq;100;0.500000;299.950000;295.550000;77;mq;mq;mq;mq;mq;mq;mq;mq;mq;mq;100130;mq;mq;mq;295.950000;mq;mq;mq;mq;mq;mq;mq;mq;mq;mq;mq;mq;mq;mq;0.000000;mq;mq;5.000000;mq;mq;mq;mq;mq;mq;mq;mq;mq;mq;mq;mq;mq;mq;mq;mq;
89642;20110908120000;98650;70;0;140;13.900000;252.850000;246.350000;53;40000;1;3;1;25;0;8000;30;20;11;98080;mq;mq;mq;252.750000;mq;257.450000;mq;mq;mq;mq;19.500000;21.600000;-60;mq;mq;mq;mq;mq;mq;mq;mq;mq;1020.000000;1122.000000;mq;mq;2;0;6000;mq;mq;mq;mq;mq;mq;mq;mq;mq;
07005;20110908150000;101180;-20;8;240;5.100000;289.350000;286.850000;85;4000;51;5;2;100;8;450;35;61;60;100310;mq;mq;mq;mq;mq;mq;mq;mq;mq;mq;mq;9.800000;-10;mq;mq;0.000000;-30;0.000000;0.000000;mq;mq;mq;710.000000;1110.000000;3100.000000;mq;8;6;480;mq;mq;mq;mq;mq;mq;mq;mq;mq;
07015;20110908150000;101090;-20;8;260;6.700000;289.550000;286.450000;82;25000;3;6;2;100;7;450;35;61;60;100530;mq;mq;mq;mq;mq;mq;mq;mq;mq;mq;mq;11.800000;-10;mq;mq;0.000000;-30;0.000000;0.000000;mq;mq;mq;710.000000;1112.000000;3100.000000;mq;7;6;570;mq;mq;mq;mq;mq;mq;mq;mq;mq;
07020;20110908150000;101170;-90;6;240;9.300000;290.550000;290.050000;97;6000;60;6;6;100;8;800;35;61;60;100910;mq;mq;mq;mq;mq;mq;mq;mq;mq;mq;mq;12.900000;-10;mq;mq;mq;mq;0.000000;0.000000;mq;mq;mq;710.000000;1113.000000;mq;mq;8;6;780;mq;mq;mq;mq;mq;mq;mq;mq;mq;
07027;20110908150000;101240;-60;8;210;4.600000;292.050000;290.150000;89;40000;21;6;2;100;8;450;38;61;60;100460;mq;mq;mq;mq;mq;mq;mq;mq;mq;mq;mq;7.700000;-10;mq;mq;0.000000;-30;0.000000;0.000000;mq;mq;mq;710.000000;1108.000000;3100.000000;mq;8;6;390;mq;mq;mq;mq;mq;mq;mq;mq;mq;
07037;20110908150000;101250;-90;7;250;4.600000;290.750000;288.150000;85;20000;2;1;1;100;8;450;35;61;60;99470;mq;mq;mq;mq;mq;mq;mq;mq;mq;mq;mq;10.300000;-10;mq;mq;0.000000;-30;0.000000;0.000000;mq;mq;mq;710.000000;1110.000000;3100.000000;mq;8;6;510;mq;mq;mq;mq;mq;mq;mq;mq;mq;
07110;20110908150000;101350;-20;8;240;6.200000;291.350000;290.850000;97;2000;50;5;4;mq;mq;mq;mq;mq;mq;100240;mq;mq;mq;mq;mq;mq;mq;mq;mq;mq;mq;9.800000;-10;mq;mq;0.000000;-30;0.400000;0.400000;mq;mq;mq;710.000000;1110.000000;3100.000000;mq;mq;mq;mq;mq;mq;mq;mq;mq;mq;mq;mq;mq;
07117;20110908150000;101240;-30;8;240;5.700000;291.750000;291.050000;96;800;63;6;4;100;8;450;36;61;60;100560;mq;mq;mq;mq;mq;mq;mq;mq;mq;mq;mq;10.300000;-10;mq;mq;mq;mq;0.200000;0.400000;mq;mq;mq;710.000000;1110.000000;2433.000000;mq;mq;mq;mq;mq;mq;mq;mq;mq;mq;mq;mq;mq;
07130;20110908150000;101380;-60;6;230;5.100000;295.250000;291.650000;80;45000;0;mq;mq;100;mq;800;mq;mq;mq;100880;mq;mq;mq;mq;mq;mq;mq;mq;mq;mq;mq;10.300000;-10;mq;mq;mq;mq;0.000000;0.000000;mq;mq;mq;710.000000;1110.000000;mq;mq;mq;mq;mq;mq;mq;mq;mq;mq;mq;mq;mq;mq;
07139;20110908150000;101340;-80;7;240;5.100000;292.550000;289.750000;84;6000;2;1;1;100;8;250;37;61;60;99670;mq;mq;mq;mq;mq;mq;mq;mq;mq;mq;mq;7.700000;-10;mq;mq;0.000000;-30;0.000000;0.000000;mq;mq;mq;710.000000;1108.000000;3100.000000;mq;8;7;240;mq;mq;mq;mq;mq;mq;mq;mq;mq;
07149;20110908150000;101370;-90;6;230;4.600000;291.250000;289.050000;87;11000;21;6;2;100;7;250;35;61;60;100310;mq;mq;mq;mq;mq;mq;mq;mq;mq;mq;mq;8.700000;-10;mq;mq;0.000000;-30;0.000000;0.000000;mq;mq;mq;710.000000;1109.000000;3100.000000;mq;4;7;240;7;6;600;mq;mq;mq;mq;mq;mq;
07168;20110908150000;101410;-180;6;240;7.200000;293.750000;284.950000;57;25000;1;6;2;90;7;1250;35;61;60;100040;mq;mq;mq;mq;mq;mq;mq;mq;mq;mq;mq;10.800000;-10;mq;mq;0.000000;-30;0.000000;0.000000;mq;mq;mq;710.000000;1111.000000;3100.000000;mq;7;6;1140;mq;mq;mq;mq;mq;mq;mq;mq;mq;
07181;20110908150000;101430;-40;7;250;7.700000;288.750000;283.750000;72;55000;0;mq;mq;100;mq;800;mq;mq;mq;97430;mq;mq;mq;mq;mq;mq;mq;mq;mq;mq;mq;13.900000;-10;mq;mq;mq;mq;0.000000;0.000000;mq;mq;mq;710.000000;1114.000000;mq;mq;mq;mq;mq;mq;mq;mq;mq;mq;mq;mq;mq;mq;
07190;20110908150000;101340;-50;5;250;7.200000;292.950000;282.550000;51;55000;0;mq;mq;100;mq;1750;mq;mq;mq;99580;mq;mq;mq;mq;mq;mq;mq;mq;mq;mq;mq;12.900000;-10;mq;mq;mq;mq;0.000000;0.000000;mq;mq;mq;710.000000;1113.000000;mq;mq;mq;mq;mq;mq;mq;mq;mq;mq;mq;mq;mq;mq;
07207;20110908150000;mq;mq;mq;270;6.200000;291.150000;289.950000;93;1200;51;5;2;100;8;250;37;61;60;mq;mq;mq;mq;mq;mq;mq;mq;mq;mq;mq;mq;8.700000;-10;mq;mq;mq;mq;0.000000;0.000000;mq;mq;mq;710.000000;1109.000000;2434.000000;mq;mq;mq;mq;mq;mq;mq;mq;mq;mq;mq;mq;mq;
07222;20110908150000;101570;-50;7;250;5.100000;294.350000;290.550000;79;15000;2;5;2;90;7;450;38;20;10;101270;mq;mq;mq;mq;mq;mq;mq;mq;mq;mq;mq;9.300000;-10;mq;mq;mq;mq;0.000000;0.000000;mq;mq;mq;710.000000;1109.000000;mq;mq;5;8;480;5;6;930;mq;mq;mq;mq;mq;mq;
07240;20110908150000;101440;-140;6;220;4.600000;296.050000;291.550000;76;60000;0;mq;mq;100;mq;450;mq;mq;mq;100150;mq;mq;mq;mq;mq;mq;mq;mq;mq;mq;mq;8.200000;-10;mq;mq;mq;mq;0.000000;0.000000;mq;mq;mq;710.000000;1108.000000;mq;mq;mq;mq;mq;mq;mq;mq;mq;mq;mq;mq;mq;mq;
07255;20110908150000;101570;-120;6;250;4.600000;294.750000;291.350000;81;30000;50;5;2;100;7;800;38;61;60;99650;mq;mq;mq;mq;mq;mq;mq;mq;mq;mq;mq;9.800000;-10;mq;mq;0.000000;-30;0.000000;0.000000;mq;mq;mq;710.000000;1110.000000;3100.000000;mq;6;8;600;7;6;1200;mq;mq;mq;mq;mq;mq;
07280;20110908150000;101540;-100;8;240;5.700000;294.950000;284.350000;51;60000;0;mq;mq;100;mq;1250;mq;mq;mq;98930;mq;mq;mq;mq;mq;mq;mq;mq;mq;mq;mq;10.800000;-10;mq;mq;mq;mq;0.000000;0.000000;mq;mq;mq;710.000000;1111.000000;mq;mq;mq;mq;mq;mq;mq;mq;mq;mq;mq;mq;mq;mq;
07299;20110908150000;101460;-70;5;280;4.100000;293.550000;283.650000;53;40000;21;6;2;90;1;1250;31;25;60;98310;mq;mq;mq;mq;mq;mq;mq;mq;mq;mq;mq;11.300000;-10;mq;mq;0.000000;-30;0.000000;0.000000;mq;mq;mq;710.000000;1111.000000;3100.000000;mq;1;8;1200;4;3;2400;mq;mq;mq;mq;mq;mq;
07314;20110908150000;101770;-50;8;250;6.200000;293.250000;292.450000;95;15000;2;1;1;90;7;450;36;61;60;101500;mq;mq;mq;mq;mq;mq;mq;mq;mq;mq;mq;7.700000;-10;mq;mq;mq;mq;0.000000;0.000000;mq;mq;mq;710.000000;1108.000000;2447.000000;mq;7;7;480;mq;mq;mq;mq;mq;mq;mq;mq;mq;
07335;20110908150000;101600;-90;6;240;6.200000;296.750000;291.650000;73;30000;2;5;2;90;5;800;38;23;60;100220;mq;mq;mq;mq;mq;mq;mq;mq;mq;mq;mq;10.800000;-10;mq;mq;0.000000;-30;0.000000;0.400000;mq;mq;mq;710.000000;1111.000000;3100.000000;mq;3;8;630;4;6;1200;5;3;2400;mq;mq;mq;
07434;20110908150000;101710;-90;6;230;4.100000;292.850000;291.550000;92;10000;25;8;6;75;6;250;38;20;10;97100;mq;mq;mq;mq;mq;mq;mq;mq;mq;mq;mq;6.700000;-10;mq;mq;0.000000;-30;0.400000;0.600000;mq;mq;mq;710.000000;1107.000000;3100.000000;mq;5;8;210;4;6;420;5;6;1080;mq;mq;mq;
07460;20110908150000;101510;-160;7;300;3.600000;299.150000;287.950000;50;50000;2;1;1;50;3;450;31;20;12;97840;mq;mq;mq;mq;mq;mq;mq;mq;mq;mq;mq;8.200000;-10;mq;mq;0.000000;-30;0.000000;0.000000;mq;mq;mq;710.000000;1108.000000;3100.000000;mq;3;8;420;mq;mq;mq;mq;mq;mq;mq;mq;mq;
07471;20110908150000;mq;-100;6;300;5.100000;295.350000;284.150000;49;50000;2;1;1;60;1;1750;31;20;12;92300;85000;17790;mq;mq;mq;mq;mq;mq;mq;mq;mq;9.800000;-10;mq;mq;0.000000;-30;0.000000;0.000000;mq;mq;mq;710.000000;1110.000000;3100.000000;mq;1;8;1500;5;0;7500;mq;mq;mq;mq;mq;mq;
07481;20110908150000;101590;-140;7;90;1.000000;297.450000;285.050000;46;60000;2;1;1;75;1;3500;30;24;12;98850;mq;mq;mq;mq;mq;mq;mq;mq;mq;mq;mq;4.100000;-10;mq;mq;0.000000;-30;0.000000;0.000000;mq;mq;mq;710.000000;1104.000000;3100.000000;mq;1;3;3000;6;0;7500;mq;mq;mq;mq;mq;mq;
07510;20110908150000;101830;-90;8;280;3.600000;294.850000;293.350000;91;10000;21;6;2;90;7;450;38;61;60;101200;mq;mq;mq;mq;mq;mq;mq;mq;mq;mq;mq;6.700000;-10;mq;mq;0.000000;-30;0.200000;0.200000;mq;mq;mq;710.000000;1107.000000;3100.000000;mq;3;8;450;3;8;630;5;6;840;mq;mq;mq;
07535;20110908150000;101770;-100;8;200;2.100000;296.150000;292.350000;79;15000;2;1;1;90;7;450;32;61;60;98790;mq;mq;mq;mq;mq;mq;mq;mq;mq;mq;mq;4.100000;-10;mq;mq;0.000000;-30;0.000000;0.000000;mq;mq;mq;710.000000;1104.000000;3100.000000;mq;7;8;540;mq;mq;mq;mq;mq;mq;mq;mq;mq;
07558;20110908150000;101520;-80;7;300;7.700000;296.950000;286.750000;53;60000;2;1;1;25;2;1250;34;20;10;93610;mq;mq;mq;mq;mq;mq;mq;mq;mq;mq;mq;12.900000;-10;mq;mq;0.000000;-30;0.000000;0.000000;mq;mq;mq;710.000000;1113.000000;3100.000000;mq;2;6;1200;mq;mq;mq;mq;mq;mq;mq;mq;mq;
07577;20110908150000;101460;-110;8;20;7.200000;299.950000;285.250000;40;60000;2;1;1;40;0;8000;30;20;11;100610;mq;mq;mq;mq;mq;mq;mq;mq;mq;mq;mq;12.300000;-10;mq;mq;0.000000;-30;0.000000;0.000000;mq;mq;mq;710.000000;1112.000000;3100.000000;mq;3;0;7500;mq;mq;mq;mq;mq;mq;mq;mq;mq;
07591;20110908150000;mq;-70;6;190;2.600000;299.350000;282.650000;35;mq;0;mq;mq;mq;mq;mq;mq;mq;mq;91500;mq;mq;mq;mq;mq;mq;mq;mq;mq;mq;mq;5.700000;-10;mq;mq;mq;mq;0.000000;0.000000;mq;mq;mq;710.000000;1106.000000;mq;mq;mq;mq;mq;mq;mq;mq;mq;mq;mq;mq;mq;mq;
07607;20110908150000;101840;-120;8;250;1.500000;297.450000;291.150000;68;55000;0;mq;mq;100;mq;1250;mq;mq;mq;101160;mq;mq;mq;mq;mq;mq;mq;mq;mq;mq;mq;3.600000;-10;mq;mq;mq;mq;0.000000;0.000000;mq;mq;mq;710.000000;1104.000000;mq;mq;mq;mq;mq;mq;mq;mq;mq;mq;mq;mq;mq;mq;
07621;20110908150000;101790;-90;8;40;1.500000;296.350000;290.350000;69;50000;2;1;1;90;7;800;35;61;60;97660;mq;mq;mq;mq;mq;mq;mq;mq;mq;mq;mq;3.600000;-10;mq;mq;0.000000;-30;0.000000;0.000000;mq;mq;mq;710.000000;1104.000000;3100.000000;mq;7;6;780;mq;mq;mq;mq;mq;mq;mq;mq;mq;
07627;20110908150000;101730;-100;6;20;2.100000;297.850000;289.050000;58;40000;2;1;1;40;3;1250;32;20;10;97100;mq;mq;mq;mq;mq;mq;mq;mq;mq;mq;mq;5.100000;-10;mq;mq;0.000000;-30;0.000000;0.000000;mq;mq;mq;710.000000;1105.000000;3100.000000;mq;3;8;990;mq;mq;mq;mq;mq;mq;mq;mq;mq;
07630;20110908150000;101820;-130;8;300;3.600000;297.850000;290.050000;62;45000;2;1;1;60;5;800;35;20;10;100100;mq;mq;mq;mq;mq;mq;mq;mq;mq;mq;mq;5.100000;-10;mq;mq;0.000000;-30;0.000000;0.000000;mq;mq;mq;710.000000;1105.000000;3100.000000;mq;4;6;780;3;6;930;mq;mq;mq;mq;mq;mq;
07643;20110908150000;101380;-150;6;330;4.100000;304.950000;285.250000;30;60000;2;1;1;60;0;8000;30;20;11;101290;mq;mq;mq;mq;mq;mq;mq;mq;mq;mq;mq;9.800000;-10;mq;mq;mq;mq;0.000000;0.000000;mq;mq;mq;710.000000;1110.000000;mq;mq;5;0;7800;mq;mq;mq;mq;mq;mq;mq;mq;mq;
07650;20110908150000;101260;-90;6;320;10.300000;303.150000;284.150000;31;75000;2;1;1;50;1;3500;30;23;12;100900;mq;mq;mq;mq;mq;mq;mq;mq;mq;mq;mq;15.400000;-10;mq;mq;0.000000;-30;0.000000;0.000000;mq;mq;mq;710.000000;1115.000000;3100.000000;mq;1;3;4500;4;0;7500;mq;mq;mq;mq;mq;mq;
07661;20110908150000;101000;-130;8;340;12.300000;302.350000;282.950000;30;30000;2;1;1;60;0;8000;30;20;12;99490;mq;mq;mq;mq;mq;mq;mq;mq;mq;mq;mq;17.000000;-10;mq;mq;mq;mq;0.000000;0.000000;mq;mq;mq;710.000000;1117.000000;mq;mq;5;0;4800;mq;mq;mq;mq;mq;mq;mq;mq;mq;
07690;20110908150000;101170;-100;6;180;2.100000;297.550000;291.450000;69;50000;2;1;1;90;1;450;35;20;12;100850;mq;mq;mq;mq;mq;mq;mq;mq;mq;mq;mq;3.600000;-10;mq;mq;0.000000;-30;0.000000;0.000000;mq;mq;mq;710.000000;1104.000000;3100.000000;mq;1;6;570;7;0;7800;mq;mq;mq;mq;mq;mq;
07747;20110908150000;101550;-100;6;330;5.100000;302.750000;288.850000;43;40000;2;1;1;25;1;1750;31;20;11;101050;mq;mq;mq;mq;mq;mq;mq;mq;mq;mq;mq;11.300000;-10;mq;mq;mq;mq;0.000000;0.000000;mq;mq;mq;710.000000;1111.000000;mq;mq;1;8;1800;mq;mq;mq;mq;mq;mq;mq;mq;mq;
07761;20110908150000;101250;-40;8;220;4.100000;299.250000;292.150000;65;40000;2;1;1;60;1;1250;35;20;11;101150;mq;mq;mq;mq;mq;mq;mq;mq;mq;mq;mq;6.700000;-10;mq;mq;0.000000;-30;0.000000;0.000000;mq;mq;mq;710.000000;1107.000000;3100.000000;mq;1;6;1290;5;0;7500;mq;mq;mq;mq;mq;mq;
07790;20110908150000;101130;-120;6;110;4.100000;300.250000;292.350000;62;40000;2;1;1;60;0;8000;30;20;11;100990;mq;mq;mq;mq;mq;mq;mq;mq;mq;mq;mq;6.200000;-10;mq;mq;0.000000;-30;0.000000;0.000000;mq;mq;mq;710.000000;1106.000000;3100.000000;mq;5;0;7800;mq;mq;mq;mq;mq;mq;mq;mq;mq;
61968;20110908150000;101560;mq;mq;70;2.600000;298.350000;292.250000;69;mq;mq;mq;mq;mq;mq;mq;mq;mq;mq;mq;mq;mq;mq;mq;mq;mq;mq;mq;mq;mq;mq;5.100000;-10;mq;mq;mq;mq;0.000000;0.000000;mq;mq;mq;710.000000;1105.000000;mq;mq;mq;mq;mq;mq;mq;mq;mq;mq;mq;mq;mq;mq;
61970;20110908150000;101640;mq;mq;mq;mq;298.350000;294.050000;77;mq;mq;mq;mq;mq;mq;mq;mq;mq;mq;mq;mq;mq;mq;mq;mq;mq;mq;mq;mq;mq;mq;mq;mq;mq;mq;mq;mq;0.000000;0.000000;mq;mq;mq;mq;mq;mq;mq;mq;mq;mq;mq;mq;mq;mq;mq;mq;mq;mq;mq;
61972;20110908150000;101890;mq;mq;160;5.100000;295.650000;289.950000;70;mq;mq;mq;mq;mq;mq;mq;mq;mq;mq;mq;mq;mq;mq;mq;mq;mq;mq;mq;mq;mq;mq;11.300000;-10;mq;mq;mq;mq;0.000000;0.000000;mq;mq;mq;710.000000;1111.000000;mq;mq;mq;mq;mq;mq;mq;mq;mq;mq;mq;mq;mq;mq;
61976;20110908150000;101790;mq;mq;150;7.200000;296.950000;293.250000;80;mq;mq;mq;mq;mq;mq;mq;mq;mq;mq;101640;mq;mq;30;mq;mq;mq;mq;mq;mq;mq;mq;mq;mq;mq;mq;mq;mq;mq;mq;mq;mq;mq;mq;mq;mq;mq;mq;mq;mq;mq;mq;mq;mq;mq;mq;mq;mq;mq;
61980;20110908150000;101960;mq;mq;170;2.600000;294.450000;289.450000;73;10000;2;1;1;50;4;800;38;20;10;mq;mq;mq;30;mq;mq;mq;mq;mq;mq;mq;mq;4.600000;-10;mq;mq;mq;mq;0.000000;0.000000;mq;mq;mq;710.000000;1105.000000;mq;mq;2;8;780;3;6;1500;mq;mq;mq;mq;mq;mq;
61996;20110908150000;mq;mq;mq;310;9.300000;285.150000;mq;mq;mq;mq;mq;mq;mq;mq;mq;mq;mq;mq;mq;mq;mq;1200;mq;mq;mq;mq;mq;mq;mq;mq;12.300000;-10;mq;mq;mq;mq;0.000000;0.000000;mq;mq;mq;710.000000;1112.000000;mq;mq;mq;mq;mq;mq;mq;mq;mq;mq;mq;mq;mq;mq;
61997;20110908150000;99680;mq;mq;210;9.800000;270.250000;267.150000;77;mq;mq;mq;mq;mq;mq;mq;mq;mq;mq;mq;mq;mq;380;mq;mq;mq;mq;mq;mq;mq;mq;20.100000;-30;mq;mq;mq;mq;mq;0.000000;mq;mq;mq;1120.000000;mq;mq;mq;mq;mq;mq;mq;mq;mq;mq;mq;mq;mq;mq;mq;
61998;20110908150000;98410;mq;mq;300;8.700000;273.750000;271.550000;85;mq;mq;mq;mq;mq;mq;mq;mq;mq;mq;mq;mq;mq;100;mq;mq;mq;mq;mq;mq;mq;mq;11.800000;-10;mq;mq;mq;mq;0.000000;0.000000;mq;mq;mq;710.000000;1112.000000;mq;mq;mq;mq;mq;mq;mq;mq;mq;mq;mq;mq;mq;mq;
67005;20110908150000;101550;mq;mq;170;1.500000;298.450000;292.550000;70;30000;2;1;1;10;1;1750;35;20;10;mq;mq;mq;mq;mq;mq;mq;mq;mq;mq;mq;mq;3.600000;-10;mq;mq;mq;mq;0.000000;0.000000;mq;mq;mq;710.000000;1104.000000;mq;mq;1;6;1500;mq;mq;mq;mq;mq;mq;mq;mq;mq;
71805;20110908150000;101720;-280;7;240;6.700000;288.450000;286.650000;89;6000;60;6;2;100;3;150;35;27;60;101640;mq;mq;mq;mq;mq;mq;mq;mq;mq;mq;mq;8.700000;-10;mq;mq;0.000000;-30;0.000000;0.000000;mq;mq;mq;710.000000;1109.000000;3100.000000;mq;2;7;120;3;6;450;8;4;2700;mq;mq;mq;
78897;20110908150000;101540;30;2;100;7.200000;304.550000;295.550000;59;25000;2;1;1;60;2;800;32;20;11;mq;mq;mq;120;mq;mq;mq;mq;mq;mq;mq;mq;mq;mq;mq;mq;mq;mq;mq;mq;mq;mq;mq;mq;mq;mq;mq;2;8;750;5;0;7800;mq;mq;mq;mq;mq;mq;
78922;20110908150000;101480;50;0;110;7.200000;303.650000;297.050000;68;mq;mq;mq;mq;mq;mq;mq;mq;mq;mq;101040;mq;mq;mq;mq;mq;mq;mq;mq;mq;mq;mq;mq;mq;mq;mq;mq;mq;mq;mq;mq;mq;mq;mq;mq;mq;mq;mq;mq;mq;mq;mq;mq;mq;mq;mq;mq;mq;mq;
78925;20110908150000;101450;20;3;80;7.200000;304.550000;298.450000;70;20000;25;8;6;75;4;800;32;20;12;mq;mq;mq;10;mq;mq;mq;mq;mq;mq;mq;mq;mq;mq;mq;mq;mq;mq;mq;mq;mq;mq;mq;mq;mq;mq;mq;2;8;780;6;0;7800;mq;mq;mq;mq;mq;mq;
81401;20110908150000;101160;mq;mq;90;1.500000;305.350000;294.850000;54;mq;mq;mq;mq;mq;mq;mq;mq;mq;mq;101100;mq;mq;mq;mq;mq;mq;mq;mq;mq;mq;mq;mq;mq;mq;mq;mq;mq;mq;0.000000;mq;mq;mq;mq;mq;mq;mq;mq;mq;mq;mq;mq;mq;mq;mq;mq;mq;mq;mq;
81405;20110908150000;101210;mq;mq;120;2.100000;305.150000;295.550000;57;10000;2;1;1;60;5;1250;32;20;10;101120;mq;mq;mq;mq;mq;mq;mq;mq;mq;mq;mq;mq;mq;mq;mq;mq;mq;mq;0.000000;mq;mq;mq;mq;mq;mq;mq;mq;mq;mq;mq;mq;mq;mq;mq;mq;mq;mq;mq;
81408;20110908150000;101190;mq;mq;110;3.600000;306.450000;295.250000;52;mq;mq;mq;mq;mq;mq;mq;mq;mq;mq;101110;mq;mq;mq;mq;mq;mq;mq;mq;mq;mq;mq;mq;mq;mq;mq;mq;mq;mq;0.000000;mq;mq;mq;mq;mq;mq;mq;mq;mq;mq;mq;mq;mq;mq;mq;mq;mq;mq;mq;
81415;20110908150000;101230;mq;mq;60;1.000000;304.150000;294.950000;58;mq;mq;mq;mq;mq;mq;mq;mq;mq;mq;100050;mq;mq;mq;mq;mq;mq;mq;mq;mq;mq;mq;mq;mq;mq;mq;mq;mq;mq;0.000000;mq;mq;mq;mq;mq;mq;mq;mq;mq;mq;mq;mq;mq;mq;mq;mq;mq;mq;mq;
89642;20110908150000;98800;150;1;130;9.300000;252.950000;246.250000;52;mq;mq;mq;mq;mq;mq;mq;mq;mq;mq;98230;mq;mq;mq;mq;mq;mq;mq;mq;mq;mq;15.400000;23.100000;-30;mq;mq;mq;mq;mq;mq;mq;mq;mq;1015.000000;1123.000000;mq;mq;mq;mq;mq;mq;mq;mq;mq;mq;mq;mq;mq;mq;
07005;20110908180000;101160;-20;6;200;1.500000;289.250000;288.250000;94;mq;mq;mq;mq;mq;mq;mq;mq;mq;mq;100290;mq;mq;mq;286.750000;mq;289.750000;mq;mq;mq;mq;mq;5.700000;-10;mq;mq;mq;mq;0.400000;1.000000;mq;1.000000;mq;710.000000;1106.000000;mq;mq;mq;mq;mq;mq;mq;mq;mq;mq;mq;mq;mq;mq;
07015;20110908180000;101110;20;3;220;2.100000;288.850000;287.550000;92;15000;3;6;2;100;7;450;35;61;60;100550;mq;mq;mq;286.750000;mq;290.250000;mq;mq;mq;mq;mq;mq;mq;mq;mq;0.000000;-60;0.000000;0.000000;mq;0.000000;mq;3100.000000;mq;mq;mq;7;6;330;mq;mq;mq;mq;mq;mq;mq;mq;mq;
07020;20110908180000;101190;20;3;240;9.800000;289.950000;289.750000;99;mq;mq;mq;mq;mq;mq;mq;mq;mq;mq;100930;mq;mq;mq;288.150000;mq;290.750000;mq;mq;mq;mq;mq;13.900000;-10;mq;mq;mq;mq;0.000000;0.000000;mq;0.200000;mq;710.000000;1114.000000;mq;mq;mq;mq;mq;mq;mq;mq;mq;mq;mq;mq;mq;mq;
07027;20110908180000;101240;0;5;250;4.100000;291.950000;291.150000;95;21000;61;mq;mq;100;mq;450;mq;mq;mq;100460;mq;mq;mq;286.150000;mq;292.750000;mq;mq;mq;mq;mq;7.200000;-10;mq;mq;mq;mq;0.000000;0.000000;mq;0.400000;mq;710.000000;1107.000000;mq;mq;mq;mq;mq;mq;mq;mq;mq;mq;mq;mq;mq;mq;
07037;20110908180000;101230;-20;7;220;4.100000;290.250000;289.650000;96;4400;52;mq;mq;100;mq;150;mq;mq;mq;99450;mq;mq;mq;285.350000;mq;291.350000;mq;mq;mq;mq;mq;6.700000;-10;mq;mq;mq;mq;0.000000;0.000000;mq;0.000000;mq;710.000000;1107.000000;mq;mq;mq;mq;mq;mq;mq;mq;mq;mq;mq;mq;mq;mq;
07110;20110908180000;101380;20;3;240;5.700000;290.650000;290.350000;98;1500;50;mq;mq;mq;mq;mq;mq;mq;mq;100260;mq;mq;mq;288.750000;mq;291.550000;mq;mq;mq;mq;mq;8.200000;-10;mq;mq;mq;mq;0.200000;0.200000;mq;4.000000;mq;710.000000;1108.000000;mq;mq;mq;mq;mq;mq;mq;mq;mq;mq;mq;mq;mq;mq;
07117;20110908180000;101270;30;2;250;6.200000;291.350000;290.750000;96;800;61;6;4;100;8;450;36;61;60;100590;mq;mq;mq;288.150000;mq;292.450000;mq;mq;mq;mq;mq;11.300000;-10;mq;mq;mq;mq;0.200000;0.600000;mq;1.000000;mq;710.000000;1111.000000;2433.000000;mq;mq;mq;mq;mq;mq;mq;mq;mq;mq;mq;mq;mq;
07130;20110908180000;101410;30;3;220;5.100000;293.050000;291.150000;89;35000;0;mq;mq;100;mq;450;mq;mq;mq;100910;mq;mq;mq;287.350000;mq;295.650000;mq;mq;mq;mq;mq;7.700000;-10;mq;mq;mq;mq;0.000000;0.000000;mq;0.200000;mq;710.000000;1108.000000;mq;mq;mq;mq;mq;mq;mq;mq;mq;mq;mq;mq;mq;mq;
07139;20110908180000;101300;-40;6;220;3.600000;292.950000;291.050000;89;mq;mq;mq;mq;mq;mq;mq;mq;mq;mq;99630;mq;mq;mq;286.550000;mq;292.950000;mq;mq;mq;mq;mq;6.700000;-10;mq;mq;mq;mq;0.000000;0.400000;mq;0.400000;mq;710.000000;1107.000000;mq;mq;mq;mq;mq;mq;mq;mq;mq;mq;mq;mq;mq;mq;
07149;20110908180000;101340;-20;5;250;4.100000;292.350000;289.950000;86;20000;3;6;2;90;7;450;35;61;60;100290;mq;mq;mq;286.050000;mq;292.350000;mq;mq;mq;mq;mq;7.200000;-10;mq;mq;0.000000;-60;0.000000;0.000000;mq;0.200000;mq;710.000000;1107.000000;3100.000000;mq;5;6;360;7;6;690;mq;mq;mq;mq;mq;mq;
07168;20110908180000;101420;0;5;220;4.100000;292.550000;288.850000;79;20000;0;mq;mq;mq;mq;mq;mq;mq;mq;100040;mq;mq;mq;286.350000;mq;294.650000;mq;mq;mq;mq;mq;8.200000;-10;mq;mq;mq;mq;0.000000;0.000000;mq;0.000000;mq;710.000000;1108.000000;mq;mq;mq;mq;mq;mq;mq;mq;mq;mq;mq;mq;mq;mq;
07181;20110908180000;101420;20;3;240;5.700000;290.450000;285.350000;72;60000;0;mq;mq;100;mq;800;mq;mq;mq;97450;mq;mq;mq;286.250000;mq;290.850000;mq;mq;mq;mq;mq;9.300000;-10;mq;mq;mq;mq;0.000000;0.000000;mq;0.000000;mq;710.000000;1109.000000;mq;mq;mq;mq;mq;mq;mq;mq;mq;mq;mq;mq;mq;mq;
07190;20110908180000;101420;70;3;220;2.600000;290.850000;283.250000;61;60000;0;mq;mq;100;mq;1250;mq;mq;mq;99650;mq;mq;mq;288.350000;mq;294.650000;mq;mq;mq;mq;mq;9.800000;-10;mq;mq;mq;mq;0.000000;0.000000;mq;0.000000;mq;710.000000;1110.000000;mq;mq;mq;mq;mq;mq;mq;mq;mq;mq;mq;mq;mq;mq;
07207;20110908180000;mq;mq;mq;270;5.100000;291.050000;290.450000;96;1200;2;5;4;100;8;250;37;61;60;mq;mq;mq;mq;290.650000;mq;291.950000;mq;mq;mq;mq;mq;8.200000;-10;mq;mq;mq;mq;0.000000;0.600000;mq;0.800000;mq;710.000000;1108.000000;2434.000000;mq;mq;mq;mq;mq;mq;mq;mq;mq;mq;mq;mq;mq;
07222;20110908180000;101570;-10;7;240;3.100000;291.450000;290.850000;96;3000;50;5;2;100;7;150;37;61;60;101260;mq;mq;mq;286.550000;mq;294.950000;mq;mq;mq;mq;mq;7.700000;-10;mq;mq;mq;mq;0.000000;0.000000;mq;0.400000;mq;710.000000;1108.000000;mq;mq;7;7;180;mq;mq;mq;mq;mq;mq;mq;mq;mq;
07240;20110908180000;101430;-10;5;240;5.100000;295.650000;290.750000;74;35000;2;1;1;90;7;800;35;61;60;100140;mq;mq;mq;286.250000;mq;296.350000;mq;mq;mq;mq;mq;9.800000;-10;mq;mq;0.000000;-60;0.000000;0.200000;mq;0.200000;mq;710.000000;1110.000000;3100.000000;mq;3;6;900;7;6;2400;mq;mq;mq;mq;mq;mq;
07255;20110908180000;101500;-60;6;260;3.100000;295.350000;291.350000;78;20000;0;mq;mq;90;mq;1250;mq;mq;mq;99590;mq;mq;mq;286.050000;mq;295.950000;mq;mq;mq;mq;mq;7.700000;-10;mq;mq;mq;mq;0.000000;0.000000;mq;0.000000;mq;710.000000;1108.000000;mq;mq;mq;mq;mq;mq;mq;mq;mq;mq;mq;mq;mq;mq;
07280;20110908180000;101520;-30;5;230;4.600000;294.250000;286.150000;60;60000;0;mq;mq;100;mq;1250;mq;mq;mq;98900;mq;mq;mq;286.450000;mq;295.850000;mq;mq;mq;mq;mq;8.200000;-10;mq;mq;mq;mq;0.000000;0.000000;mq;0.000000;mq;710.000000;1108.000000;mq;mq;mq;mq;mq;mq;mq;mq;mq;mq;mq;mq;mq;mq;
07299;20110908180000;101490;10;2;100;2.100000;291.450000;285.850000;70;30000;1;6;2;75;2;1250;38;24;12;98320;mq;mq;mq;288.050000;mq;296.950000;mq;mq;mq;mq;mq;4.600000;-10;mq;mq;0.000000;-60;0.000000;0.000000;mq;0.000000;mq;710.000000;1105.000000;3100.000000;mq;1;8;1200;4;3;2700;mq;mq;mq;mq;mq;mq;
07314;20110908180000;101750;-20;6;280;4.600000;292.850000;292.350000;97;mq;mq;mq;mq;mq;mq;mq;mq;mq;mq;101480;mq;mq;mq;292.650000;mq;293.650000;mq;mq;mq;mq;mq;7.200000;-10;mq;mq;mq;mq;0.000000;0.000000;mq;0.000000;mq;710.000000;1107.000000;mq;mq;mq;mq;mq;mq;mq;mq;mq;mq;mq;mq;mq;mq;
07335;20110908180000;101620;10;3;240;6.200000;294.550000;290.350000;77;55000;0;mq;mq;100;mq;800;mq;mq;mq;100230;mq;mq;mq;285.650000;mq;296.950000;mq;mq;mq;mq;mq;8.700000;-10;mq;mq;mq;mq;0.000000;0.000000;mq;0.400000;mq;710.000000;1109.000000;mq;mq;mq;mq;mq;mq;mq;mq;mq;mq;mq;mq;mq;mq;
07434;20110908180000;101700;-20;5;270;4.100000;292.550000;290.650000;89;60000;0;mq;mq;90;mq;250;mq;mq;mq;97080;mq;mq;mq;286.350000;mq;293.650000;mq;mq;mq;mq;mq;8.200000;-10;mq;mq;mq;mq;0.000000;0.400000;mq;1.000000;mq;710.000000;1108.000000;mq;mq;mq;mq;mq;mq;mq;mq;mq;mq;mq;mq;mq;mq;
07460;20110908180000;101530;-10;8;240;3.100000;296.550000;287.250000;56;40000;2;1;1;60;5;1250;38;20;10;97830;mq;mq;mq;284.450000;mq;299.550000;mq;mq;mq;mq;mq;5.100000;-10;mq;mq;0.000000;-60;0.000000;0.000000;mq;0.000000;mq;710.000000;1105.000000;3100.000000;mq;1;8;1200;5;6;2100;mq;mq;mq;mq;mq;mq;
07471;20110908180000;mq;-10;5;300;3.100000;291.750000;286.150000;70;20000;0;mq;mq;mq;mq;mq;mq;mq;mq;92290;85000;17780;mq;282.650000;mq;295.850000;mq;mq;mq;mq;mq;7.200000;-10;mq;mq;mq;mq;0.000000;0.000000;mq;0.000000;mq;710.000000;1107.000000;mq;mq;mq;mq;mq;mq;mq;mq;mq;mq;mq;mq;mq;mq;
07481;20110908180000;101600;0;5;90;1.500000;295.750000;285.950000;54;60000;2;1;1;40;1;3500;30;24;12;98850;mq;mq;mq;288.050000;mq;297.950000;mq;mq;mq;mq;mq;4.600000;-10;mq;mq;0.000000;-60;0.000000;0.000000;mq;0.000000;mq;710.000000;1105.000000;3100.000000;mq;1;3;3000;3;0;7500;mq;mq;mq;mq;mq;mq;
07510;20110908180000;101790;-40;6;240;2.600000;294.550000;292.650000;89;20000;2;6;2;90;7;80;38;61;60;101160;mq;mq;mq;292.350000;mq;296.550000;mq;mq;mq;mq;mq;5.100000;-10;mq;mq;0.000000;-60;0.000000;0.000000;mq;0.400000;mq;710.000000;1105.000000;3100.000000;mq;1;8;90;3;6;390;7;6;540;mq;mq;mq;
07535;20110908180000;101730;-50;6;260;1.000000;295.250000;291.250000;78;mq;mq;mq;mq;mq;mq;mq;mq;mq;mq;98740;mq;mq;mq;290.950000;mq;297.250000;mq;mq;mq;mq;mq;4.100000;-10;mq;mq;mq;mq;0.000000;0.000000;mq;0.800000;mq;710.000000;1104.000000;mq;mq;mq;mq;mq;mq;mq;mq;mq;mq;mq;mq;mq;mq;
07558;20110908180000;101630;-10;5;320;4.100000;292.650000;288.050000;75;mq;mq;mq;mq;mq;mq;mq;mq;mq;mq;93600;mq;mq;mq;288.550000;mq;297.150000;mq;mq;mq;mq;mq;11.800000;-10;mq;mq;mq;mq;0.000000;0.000000;mq;0.000000;mq;710.000000;1112.000000;mq;mq;mq;mq;mq;mq;mq;mq;mq;mq;mq;mq;mq;mq;
07577;20110908180000;101470;10;3;10;2.600000;297.450000;284.450000;44;20000;0;mq;mq;mq;mq;mq;mq;mq;mq;100620;mq;mq;mq;291.750000;mq;300.750000;mq;mq;mq;mq;mq;7.200000;-10;mq;mq;mq;mq;0.000000;0.000000;mq;0.000000;mq;710.000000;1107.000000;mq;mq;mq;mq;mq;mq;mq;mq;mq;mq;mq;mq;mq;mq;
07591;20110908180000;mq;40;3;190;1.500000;294.750000;283.250000;48;mq;0;mq;mq;mq;mq;mq;mq;mq;mq;91540;mq;mq;mq;285.050000;mq;300.150000;mq;mq;mq;mq;mq;5.100000;-10;mq;mq;mq;mq;0.000000;0.000000;mq;0.000000;mq;710.000000;1105.000000;mq;mq;mq;mq;mq;mq;mq;mq;mq;mq;mq;mq;mq;mq;
07607;20110908180000;101780;-60;7;60;1.500000;296.650000;291.750000;74;60000;0;mq;mq;100;mq;1250;mq;mq;mq;101100;mq;mq;mq;290.850000;mq;297.750000;mq;mq;mq;mq;mq;2.100000;-10;mq;mq;mq;mq;0.000000;0.000000;mq;0.000000;mq;710.000000;1102.000000;mq;mq;mq;mq;mq;mq;mq;mq;mq;mq;mq;mq;mq;mq;
07621;20110908180000;101780;-50;6;40;1.500000;293.350000;290.150000;82;30000;2;1;1;25;2;1250;35;20;10;97610;mq;mq;mq;287.250000;mq;297.350000;mq;mq;mq;mq;mq;4.100000;-10;mq;mq;0.000000;-60;0.000000;0.000000;mq;0.000000;mq;710.000000;1104.000000;3100.000000;mq;2;6;990;mq;mq;mq;mq;mq;mq;mq;mq;mq;
07627;20110908180000;101770;0;5;10;1.000000;294.950000;289.450000;71;mq;mq;mq;mq;mq;mq;mq;mq;mq;mq;97100;mq;mq;mq;284.350000;mq;298.650000;mq;mq;mq;mq;mq;2.600000;-10;mq;mq;mq;mq;0.000000;0.000000;mq;0.000000;mq;710.000000;1103.000000;mq;mq;mq;mq;mq;mq;mq;mq;mq;mq;mq;mq;mq;mq;
07630;20110908180000;101760;-70;6;260;4.100000;296.750000;289.550000;64;45000;2;1;1;40;3;1250;38;20;10;100030;mq;mq;mq;290.850000;mq;298.150000;mq;mq;mq;mq;mq;6.200000;-10;mq;mq;0.000000;-60;0.000000;0.000000;mq;0.000000;mq;710.000000;1106.000000;3100.000000;mq;2;8;1050;mq;mq;mq;mq;mq;mq;mq;mq;mq;
07643;20110908180000;101360;-20;5;300;7.200000;301.550000;286.650000;40;60000;2;1;1;10;0;8000;30;20;11;101270;mq;mq;mq;294.250000;mq;305.650000;mq;mq;mq;mq;mq;11.300000;-10;mq;mq;mq;mq;0.000000;0.000000;mq;0.000000;mq;710.000000;1111.000000;mq;mq;1;0;7800;mq;mq;mq;mq;mq;mq;mq;mq;mq;
07650;20110908180000;101240;-30;6;300;7.200000;300.550000;284.550000;37;75000;2;1;1;25;0;8000;30;20;12;100870;mq;mq;mq;294.350000;mq;303.750000;mq;mq;mq;mq;mq;12.300000;-10;mq;mq;0.000000;-60;0.000000;0.000000;mq;0.000000;mq;710.000000;1112.000000;3100.000000;mq;2;0;7500;mq;mq;mq;mq;mq;mq;mq;mq;mq;
07661;20110908180000;100990;-10;5;350;10.800000;301.250000;282.550000;31;30000;2;1;1;60;0;8000;30;20;12;99480;mq;mq;mq;294.550000;mq;303.350000;mq;mq;mq;mq;mq;14.900000;-10;mq;mq;mq;mq;0.000000;0.000000;mq;0.000000;mq;710.000000;1115.000000;mq;mq;5;0;4800;mq;mq;mq;mq;mq;mq;mq;mq;mq;
07690;20110908180000;101130;-40;6;90;2.100000;296.250000;291.350000;74;50000;2;1;1;90;1;450;35;20;12;100810;mq;mq;mq;293.250000;mq;298.450000;mq;mq;mq;mq;mq;3.100000;-10;mq;mq;0.000000;-60;0.000000;0.000000;mq;0.000000;mq;710.000000;1103.000000;3100.000000;mq;1;6;570;7;0;7800;mq;mq;mq;mq;mq;mq;
07747;20110908180000;101570;20;3;340;7.200000;299.350000;289.350000;54;60000;0;mq;mq;mq;mq;mq;mq;mq;mq;101070;mq;mq;mq;292.150000;mq;303.050000;mq;mq;mq;mq;mq;10.800000;-10;mq;mq;mq;mq;0.000000;0.000000;mq;0.000000;mq;710.000000;1111.000000;mq;mq;mq;mq;mq;mq;mq;mq;mq;mq;mq;mq;mq;mq;
07761;20110908180000;101270;20;3;220;3.100000;296.350000;290.750000;71;20000;2;1;1;75;4;800;35;20;12;101170;mq;mq;mq;291.250000;mq;300.150000;mq;mq;mq;mq;mq;4.600000;-10;mq;mq;0.000000;-60;0.000000;0.000000;mq;0.000000;mq;710.000000;1105.000000;3100.000000;mq;4;6;840;6;0;7500;mq;mq;mq;mq;mq;mq;
07790;20110908180000;101160;30;3;70;1.000000;296.450000;292.650000;79;40000;2;1;1;50;0;8000;30;20;11;101020;mq;mq;mq;292.250000;mq;301.050000;mq;mq;mq;mq;mq;3.100000;-10;mq;mq;0.000000;-60;0.000000;0.000000;mq;0.000000;mq;710.000000;1103.000000;3100.000000;mq;4;0;7800;mq;mq;mq;mq;mq;mq;mq;mq;mq;
61968;20110908180000;101730;mq;mq;70;3.100000;297.950000;291.650000;68;mq;mq;mq;mq;mq;mq;mq;mq;mq;mq;mq;mq;mq;0;mq;mq;302.350000;mq;mq;mq;mq;mq;6.700000;-10;mq;mq;mq;mq;0.000000;mq;mq;0.000000;mq;710.000000;1107.000000;mq;mq;mq;mq;mq;mq;mq;mq;mq;mq;mq;mq;mq;mq;
61970;20110908180000;101710;mq;mq;mq;mq;297.550000;294.450000;83;mq;mq;mq;mq;mq;mq;mq;mq;mq;mq;mq;mq;mq;mq;mq;mq;302.050000;mq;mq;mq;mq;mq;mq;mq;mq;mq;mq;mq;0.000000;mq;mq;0.000000;mq;mq;mq;mq;mq;mq;mq;mq;mq;mq;mq;mq;mq;mq;mq;mq;mq;
61972;20110908180000;101970;mq;mq;170;5.100000;294.850000;290.650000;77;mq;mq;mq;mq;mq;mq;mq;mq;mq;mq;mq;mq;mq;mq;mq;mq;298.850000;mq;mq;mq;mq;mq;10.800000;-10;mq;mq;mq;mq;0.000000;mq;mq;0.000000;mq;710.000000;1111.000000;mq;mq;mq;mq;mq;mq;mq;mq;mq;mq;mq;mq;mq;mq;
61976;20110908180000;101970;mq;mq;130;8.200000;296.450000;291.950000;76;mq;mq;mq;mq;mq;mq;mq;mq;mq;mq;101820;mq;mq;20;mq;mq;mq;mq;mq;mq;mq;mq;mq;mq;mq;mq;mq;mq;mq;mq;mq;mq;mq;mq;mq;mq;mq;mq;mq;mq;mq;mq;mq;mq;mq;mq;mq;mq;mq;
61980;20110908180000;102090;mq;mq;190;2.100000;292.950000;290.150000;84;10000;2;1;1;60;5;800;38;20;10;mq;mq;mq;70;mq;mq;298.750000;mq;mq;mq;mq;mq;2.600000;-10;mq;mq;mq;mq;0.000000;mq;mq;0.000000;mq;710.000000;1103.000000;mq;mq;1;8;780;5;6;1500;mq;mq;mq;mq;mq;mq;
61996;20110908180000;mq;mq;mq;330;9.800000;285.350000;mq;mq;mq;mq;mq;mq;mq;mq;mq;mq;mq;mq;mq;mq;mq;1070;mq;mq;287.950000;mq;mq;mq;mq;mq;12.300000;-10;mq;mq;mq;mq;0.000000;mq;mq;0.000000;mq;710.000000;1112.000000;mq;mq;mq;mq;mq;mq;mq;mq;mq;mq;mq;mq;mq;mq;
61997;20110908180000;99920;mq;mq;200;12.900000;270.650000;266.950000;73;mq;mq;mq;mq;mq;mq;mq;mq;mq;mq;mq;mq;mq;530;mq;mq;273.350000;mq;mq;mq;mq;mq;20.100000;-60;mq;mq;mq;mq;mq;mq;mq;0.000000;mq;1120.000000;mq;mq;mq;mq;mq;mq;mq;mq;mq;mq;mq;mq;mq;mq;mq;
61998;20110908180000;98550;mq;mq;320;4.100000;273.050000;269.350000;73;mq;mq;mq;mq;mq;mq;mq;mq;mq;mq;mq;mq;mq;320;mq;mq;278.250000;mq;mq;mq;mq;mq;6.700000;-10;mq;mq;mq;mq;0.000000;mq;mq;0.200000;mq;710.000000;1107.000000;mq;mq;mq;mq;mq;mq;mq;mq;mq;mq;mq;mq;mq;mq;
67005;20110908180000;101670;mq;mq;260;2.100000;297.350000;294.050000;82;mq;0;mq;mq;mq;mq;mq;mq;mq;mq;mq;mq;mq;mq;mq;mq;302.150000;mq;mq;mq;mq;mq;3.100000;-10;mq;mq;mq;mq;0.000000;mq;mq;0.000000;mq;710.000000;1103.000000;mq;mq;mq;mq;mq;mq;mq;mq;mq;mq;mq;mq;mq;mq;
71805;20110908180000;101520;-200;6;260;3.600000;286.850000;286.350000;97;3000;63;6;2;100;6;150;35;27;60;101440;mq;mq;mq;mq;286.350000;288.950000;mq;mq;mq;mq;mq;7.700000;-10;mq;mq;0.000000;-60;3.000000;5.000000;mq;5.000000;mq;710.000000;1108.000000;3100.000000;mq;3;7;120;5;6;330;8;4;2400;mq;mq;mq;
78897;20110908180000;101360;-180;6;80;6.700000;304.750000;296.350000;61;25000;2;1;1;60;3;800;32;20;11;mq;mq;mq;100;mq;299.750000;305.550000;mq;mq;mq;mq;mq;mq;mq;mq;mq;mq;mq;mq;mq;0.000000;mq;0.400000;mq;mq;mq;mq;3;8;900;4;0;7800;mq;mq;mq;mq;mq;mq;
78922;20110908180000;101250;-230;6;90;9.300000;303.350000;297.250000;70;mq;mq;mq;mq;mq;mq;mq;mq;mq;mq;100810;mq;mq;mq;mq;mq;mq;mq;mq;mq;mq;mq;mq;mq;mq;mq;mq;mq;mq;mq;mq;mq;mq;mq;mq;mq;mq;mq;mq;mq;mq;mq;mq;mq;mq;mq;mq;mq;mq;
78925;20110908180000;101240;-210;7;60;6.700000;303.750000;298.850000;75;18000;25;8;6;100;6;800;38;20;12;mq;mq;mq;mq;mq;297.850000;304.650000;mq;mq;mq;mq;mq;mq;mq;mq;mq;mq;mq;mq;mq;5.000000;mq;mq;mq;mq;mq;mq;2;8;600;3;8;690;6;0;7800;mq;mq;mq;
81401;20110908180000;100840;mq;mq;250;1.000000;305.950000;294.150000;50;mq;mq;mq;mq;mq;mq;mq;mq;mq;mq;100780;mq;mq;mq;mq;mq;mq;mq;mq;mq;mq;mq;mq;mq;mq;mq;mq;mq;mq;0.000000;0.000000;mq;mq;mq;mq;mq;mq;mq;mq;mq;mq;mq;mq;mq;mq;mq;mq;mq;mq;
81405;20110908180000;100950;mq;mq;100;5.100000;301.650000;297.650000;79;9000;80;8;6;60;5;450;32;20;10;100860;mq;mq;mq;mq;mq;mq;mq;mq;mq;mq;mq;mq;mq;mq;mq;mq;mq;mq;5.000000;5.000000;mq;mq;mq;mq;mq;mq;mq;mq;mq;mq;mq;mq;mq;mq;mq;mq;mq;mq;
81408;20110908180000;100950;mq;mq;190;1.000000;299.950000;297.250000;85;mq;mq;mq;mq;mq;mq;mq;mq;mq;mq;100870;mq;mq;mq;mq;mq;mq;mq;mq;mq;mq;mq;mq;mq;mq;mq;mq;mq;mq;2.000000;2.000000;mq;mq;mq;mq;mq;mq;mq;mq;mq;mq;mq;mq;mq;mq;mq;mq;mq;mq;
81415;20110908180000;100910;mq;mq;90;0.500000;306.050000;293.550000;48;mq;mq;mq;mq;mq;mq;mq;mq;mq;mq;99740;mq;mq;mq;mq;mq;mq;mq;mq;mq;mq;mq;mq;mq;mq;mq;mq;mq;mq;0.000000;0.000000;mq;mq;mq;mq;mq;mq;mq;mq;mq;mq;mq;mq;mq;mq;mq;mq;mq;mq;
89642;20110908180000;98890;90;2;130;9.800000;252.850000;245.350000;48;mq;mq;mq;mq;mq;mq;mq;mq;mq;mq;98320;mq;mq;mq;mq;mq;mq;mq;mq;mq;mq;18.000000;23.100000;-60;mq;mq;mq;mq;mq;mq;mq;mq;mq;1018.000000;1123.000000;mq;mq;mq;mq;mq;mq;mq;mq;mq;mq;mq;mq;mq;mq;
07005;20110908210000;101180;20;0;200;2.600000;289.650000;289.050000;96;mq;mq;mq;mq;mq;mq;mq;mq;mq;mq;100310;mq;mq;mq;mq;mq;mq;mq;mq;mq;mq;mq;4.100000;-10;mq;mq;mq;mq;0.200000;2.000000;mq;mq;mq;710.000000;1104.000000;mq;mq;mq;mq;mq;mq;mq;mq;mq;mq;mq;mq;mq;mq;
07015;20110908210000;101160;50;2;210;4.100000;289.150000;288.550000;96;3000;10;2;2;100;7;80;37;61;60;100600;mq;mq;mq;mq;mq;mq;mq;mq;mq;mq;mq;mq;mq;mq;mq;0.000000;-30;0.000000;mq;mq;mq;mq;3100.000000;mq;mq;mq;7;7;90;mq;mq;mq;mq;mq;mq;mq;mq;mq;
07020;20110908210000;101240;50;2;240;7.700000;290.150000;289.950000;99;mq;mq;mq;mq;mq;mq;mq;mq;mq;mq;100980;mq;mq;mq;mq;mq;mq;mq;mq;mq;mq;mq;11.300000;-10;mq;mq;mq;mq;0.000000;0.000000;mq;mq;mq;710.000000;1111.000000;mq;mq;mq;mq;mq;mq;mq;mq;mq;mq;mq;mq;mq;mq;
07027;20110908210000;101300;50;0;220;3.600000;291.250000;290.650000;96;45000;0;mq;mq;100;mq;250;mq;mq;mq;100510;mq;mq;mq;mq;mq;mq;mq;mq;mq;mq;mq;5.700000;-10;mq;mq;mq;mq;0.000000;0.200000;mq;mq;mq;710.000000;1106.000000;mq;mq;mq;mq;mq;mq;mq;mq;mq;mq;mq;mq;mq;mq;
07037;20110908210000;101270;50;0;240;3.600000;290.850000;290.650000;99;5000;0;mq;mq;100;mq;80;mq;mq;mq;99500;mq;mq;mq;mq;mq;mq;mq;mq;mq;mq;mq;7.200000;-10;mq;mq;mq;mq;0.000000;0.000000;mq;mq;mq;710.000000;1107.000000;mq;mq;mq;mq;mq;mq;mq;mq;mq;mq;mq;mq;mq;mq;
07110;20110908210000;101410;30;2;250;5.100000;290.250000;290.050000;99;2500;50;5;5;mq;mq;mq;mq;mq;mq;100290;mq;mq;mq;mq;mq;mq;mq;mq;mq;mq;mq;8.200000;-10;mq;mq;mq;mq;0.200000;0.400000;mq;mq;mq;710.000000;1108.000000;mq;mq;mq;mq;mq;mq;mq;mq;mq;mq;mq;mq;mq;mq;
07117;20110908210000;101310;40;2;250;6.200000;290.950000;290.350000;96;5000;50;5;2;100;8;450;37;61;60;100630;mq;mq;mq;mq;mq;mq;mq;mq;mq;mq;mq;9.800000;-10;mq;mq;mq;mq;0.000000;0.000000;mq;mq;mq;710.000000;1110.000000;2426.000000;mq;mq;mq;mq;mq;mq;mq;mq;mq;mq;mq;mq;mq;
07130;20110908210000;101470;60;0;210;5.100000;291.950000;290.950000;94;40000;0;mq;mq;100;mq;250;mq;mq;mq;100970;mq;mq;mq;mq;mq;mq;mq;mq;mq;mq;mq;7.700000;-10;mq;mq;mq;mq;0.000000;0.000000;mq;mq;mq;710.000000;1108.000000;mq;mq;mq;mq;mq;mq;mq;mq;mq;mq;mq;mq;mq;mq;
07139;20110908210000;101380;80;1;230;5.700000;292.550000;290.350000;87;mq;mq;mq;mq;mq;mq;mq;mq;mq;mq;99710;mq;mq;mq;mq;mq;mq;mq;mq;mq;mq;mq;9.800000;-10;mq;mq;mq;mq;0.000000;0.000000;mq;mq;mq;710.000000;1110.000000;mq;mq;mq;mq;mq;mq;mq;mq;mq;mq;mq;mq;mq;mq;
07149;20110908210000;101390;50;0;190;2.600000;291.750000;291.050000;96;12000;1;5;2;90;7;150;35;61;60;100340;mq;mq;mq;mq;mq;mq;mq;mq;mq;mq;mq;4.100000;-10;mq;mq;0.000000;-30;0.000000;0.200000;mq;mq;mq;710.000000;1104.000000;3100.000000;mq;1;7;180;7;6;630;mq;mq;mq;mq;mq;mq;
07168;20110908210000;101490;70;1;200;3.100000;291.750000;290.250000;91;20000;0;mq;mq;mq;mq;mq;mq;mq;mq;100110;mq;mq;mq;mq;mq;mq;mq;mq;mq;mq;mq;4.600000;-10;mq;mq;mq;mq;0.000000;0.000000;mq;mq;mq;710.000000;1105.000000;mq;mq;mq;mq;mq;mq;mq;mq;mq;mq;mq;mq;mq;mq;
07181;20110908210000;101450;20;2;230;6.200000;289.350000;288.050000;92;60000;0;mq;mq;100;mq;450;mq;mq;mq;97470;mq;mq;mq;mq;mq;mq;mq;mq;mq;mq;mq;10.300000;-10;mq;mq;mq;mq;0.000000;0.000000;mq;mq;mq;710.000000;1110.000000;mq;mq;mq;mq;mq;mq;mq;mq;mq;mq;mq;mq;mq;mq;
07190;20110908210000;101460;30;1;310;1.000000;289.850000;285.550000;76;60000;0;mq;mq;100;mq;1250;mq;mq;mq;99680;mq;mq;mq;mq;mq;mq;mq;mq;mq;mq;mq;3.100000;-10;mq;mq;mq;mq;0.000000;0.000000;mq;mq;mq;710.000000;1103.000000;mq;mq;mq;mq;mq;mq;mq;mq;mq;mq;mq;mq;mq;mq;
07207;20110908210000;mq;mq;mq;260;5.100000;290.850000;290.250000;96;100;47;5;4;101;mq;mq;62;61;60;mq;mq;mq;mq;mq;mq;mq;mq;mq;mq;mq;mq;7.700000;-10;mq;mq;mq;mq;0.000000;0.000000;mq;mq;mq;710.000000;1108.000000;2431.000000;mq;mq;mq;mq;mq;mq;mq;mq;mq;mq;mq;mq;mq;
07222;20110908210000;101640;70;1;220;2.600000;291.450000;291.150000;98;4000;50;5;2;100;7;150;37;61;60;101330;mq;mq;mq;mq;mq;mq;mq;mq;mq;mq;mq;4.100000;-10;mq;mq;mq;mq;0.400000;0.400000;mq;mq;mq;710.000000;1104.000000;mq;mq;7;7;90;mq;mq;mq;mq;mq;mq;mq;mq;mq;
07240;20110908210000;101550;110;1;240;4.600000;294.150000;290.150000;78;25000;2;1;1;90;7;800;35;61;60;100250;mq;mq;mq;mq;mq;mq;mq;mq;mq;mq;mq;8.200000;-10;mq;mq;0.000000;-30;0.000000;0.000000;mq;mq;mq;710.000000;1108.000000;3100.000000;mq;2;6;600;6;6;1200;mq;mq;mq;mq;mq;mq;
07255;20110908210000;101600;90;1;250;4.600000;294.250000;290.650000;80;20000;0;mq;mq;mq;mq;1250;mq;mq;mq;99680;mq;mq;mq;mq;mq;mq;mq;mq;mq;mq;mq;8.700000;-10;mq;mq;mq;mq;0.000000;0.000000;mq;mq;mq;710.000000;1109.000000;mq;mq;mq;mq;mq;mq;mq;mq;mq;mq;mq;mq;mq;mq;
07280;20110908210000;101600;70;1;180;3.100000;293.050000;287.450000;70;60000;0;mq;mq;100;mq;800;mq;mq;mq;98970;mq;mq;mq;mq;mq;mq;mq;mq;mq;mq;mq;4.600000;-10;mq;mq;mq;mq;0.000000;0.000000;mq;mq;mq;710.000000;1105.000000;mq;mq;mq;mq;mq;mq;mq;mq;mq;mq;mq;mq;mq;mq;
07299;20110908210000;101600;110;1;170;1.500000;291.950000;285.250000;65;20000;2;1;1;90;7;1250;35;61;60;98430;mq;mq;mq;mq;mq;mq;mq;mq;mq;mq;mq;4.600000;-10;mq;mq;0.000000;-30;0.000000;0.000000;mq;mq;mq;710.000000;1105.000000;3100.000000;mq;7;6;1200;mq;mq;mq;mq;mq;mq;mq;mq;mq;
07314;20110908210000;101790;40;3;260;4.100000;292.250000;291.750000;97;20000;2;1;1;75;6;450;36;20;10;101520;mq;mq;mq;mq;mq;mq;mq;mq;mq;mq;mq;6.200000;-10;mq;mq;mq;mq;0.000000;0.000000;mq;mq;mq;710.000000;1106.000000;mq;mq;6;7;480;mq;mq;mq;mq;mq;mq;mq;mq;mq;
07335;20110908210000;101720;80;1;220;4.600000;291.350000;290.150000;93;60000;0;mq;mq;mq;mq;mq;mq;mq;mq;100310;mq;mq;mq;mq;mq;mq;mq;mq;mq;mq;mq;6.700000;-10;mq;mq;mq;mq;0.000000;0.000000;mq;mq;mq;710.000000;1107.000000;mq;mq;mq;mq;mq;mq;mq;mq;mq;mq;mq;mq;mq;mq;
07434;20110908210000;101780;60;1;260;2.100000;291.250000;290.650000;96;11000;0;mq;mq;100;mq;150;mq;mq;mq;97140;mq;mq;mq;mq;mq;mq;mq;mq;mq;mq;mq;5.100000;-10;mq;mq;mq;mq;0.000000;0.000000;mq;mq;mq;710.000000;1105.000000;mq;mq;mq;mq;mq;mq;mq;mq;mq;mq;mq;mq;mq;mq;
07460;20110908210000;101630;80;1;280;2.600000;295.350000;289.650000;70;40000;2;1;1;90;7;1250;38;61;60;97910;mq;mq;mq;mq;mq;mq;mq;mq;mq;mq;mq;5.100000;-10;mq;mq;0.000000;-30;0.000000;0.000000;mq;mq;mq;710.000000;1105.000000;3100.000000;mq;2;8;990;6;6;2100;mq;mq;mq;mq;mq;mq;
07471;20110908210000;mq;70;1;220;1.000000;287.350000;285.350000;88;20000;0;mq;mq;mq;mq;mq;mq;mq;mq;92360;85000;17850;mq;mq;mq;mq;mq;mq;mq;mq;mq;5.100000;-10;mq;mq;mq;mq;0.000000;0.000000;mq;mq;mq;710.000000;1105.000000;mq;mq;mq;mq;mq;mq;mq;mq;mq;mq;mq;mq;mq;mq;
07481;20110908210000;101660;40;1;140;3.100000;293.950000;286.650000;63;55000;2;1;1;90;7;2250;35;61;60;98890;mq;mq;mq;mq;mq;mq;mq;mq;mq;mq;mq;5.100000;-10;mq;mq;0.000000;-30;0.000000;0.000000;mq;mq;mq;710.000000;1105.000000;3100.000000;mq;7;6;1800;mq;mq;mq;mq;mq;mq;mq;mq;mq;
07510;20110908210000;101830;40;0;280;1.500000;292.750000;292.050000;96;15000;2;1;1;75;6;800;35;20;10;101200;mq;mq;mq;mq;mq;mq;mq;mq;mq;mq;mq;2.600000;-10;mq;mq;0.000000;-30;0.000000;0.000000;mq;mq;mq;710.000000;1103.000000;3100.000000;mq;6;6;690;mq;mq;mq;mq;mq;mq;mq;mq;mq;
07535;20110908210000;101830;60;0;210;0.500000;291.850000;291.150000;96;mq;mq;mq;mq;mq;mq;mq;mq;mq;mq;98800;mq;mq;mq;mq;mq;mq;mq;mq;mq;mq;mq;2.100000;-10;mq;mq;mq;mq;0.000000;0.000000;mq;mq;mq;710.000000;1102.000000;mq;mq;mq;mq;mq;mq;mq;mq;mq;mq;mq;mq;mq;mq;
07558;20110908210000;101760;60;1;340;5.700000;290.350000;288.650000;90;mq;mq;mq;mq;mq;mq;mq;mq;mq;mq;93660;mq;mq;mq;mq;mq;mq;mq;mq;mq;mq;mq;8.200000;-10;mq;mq;mq;mq;0.000000;0.000000;mq;mq;mq;710.000000;1108.000000;mq;mq;mq;mq;mq;mq;mq;mq;mq;mq;mq;mq;mq;mq;
07577;20110908210000;101570;90;0;10;3.600000;295.550000;284.350000;49;20000;0;mq;mq;mq;mq;mq;mq;mq;mq;100710;mq;mq;mq;mq;mq;mq;mq;mq;mq;mq;mq;5.700000;-10;mq;mq;mq;mq;0.000000;0.000000;mq;mq;mq;710.000000;1106.000000;mq;mq;mq;mq;mq;mq;mq;mq;mq;mq;mq;mq;mq;mq;
07591;20110908210000;mq;130;1;360;1.500000;288.950000;283.450000;70;mq;0;mq;mq;mq;mq;mq;mq;mq;mq;91670;mq;mq;mq;mq;mq;mq;mq;mq;mq;mq;mq;2.600000;-10;mq;mq;mq;mq;0.000000;0.000000;mq;mq;mq;710.000000;1103.000000;mq;mq;mq;mq;mq;mq;mq;mq;mq;mq;mq;mq;mq;mq;
07607;20110908210000;101830;40;2;50;0.500000;292.350000;291.150000;93;55000;0;mq;mq;90;mq;mq;mq;mq;mq;101140;mq;mq;mq;mq;mq;mq;mq;mq;mq;mq;mq;2.600000;-10;mq;mq;mq;mq;0.000000;0.000000;mq;mq;mq;710.000000;1103.000000;mq;mq;mq;mq;mq;mq;mq;mq;mq;mq;mq;mq;mq;mq;
07621;20110908210000;101840;20;0;70;0.500000;291.250000;289.450000;89;35000;2;1;1;40;1;800;35;20;11;97630;mq;mq;mq;mq;mq;mq;mq;mq;mq;mq;mq;1.500000;-10;mq;mq;0.000000;-30;0.000000;0.000000;mq;mq;mq;710.000000;1102.000000;3100.000000;mq;1;6;840;3;0;7200;mq;mq;mq;mq;mq;mq;
07627;20110908210000;101860;20;2;180;0.500000;290.950000;288.750000;87;mq;mq;mq;mq;mq;mq;mq;mq;mq;mq;97120;mq;mq;mq;mq;mq;mq;mq;mq;mq;mq;mq;1.500000;-10;mq;mq;mq;mq;0.000000;0.000000;mq;mq;mq;710.000000;1102.000000;mq;mq;mq;mq;mq;mq;mq;mq;mq;mq;mq;mq;mq;mq;
07630;20110908210000;101810;40;0;330;1.500000;294.150000;289.350000;74;45000;2;1;1;25;2;1250;35;20;10;100070;mq;mq;mq;mq;mq;mq;mq;mq;mq;mq;mq;3.100000;-10;mq;mq;0.000000;-30;0.000000;0.000000;mq;mq;mq;710.000000;1103.000000;3100.000000;mq;2;6;990;mq;mq;mq;mq;mq;mq;mq;mq;mq;
07643;20110908210000;101530;170;1;70;1.000000;296.450000;287.450000;57;60000;2;1;1;0;mq;mq;mq;mq;mq;101440;mq;mq;mq;mq;mq;mq;mq;mq;mq;mq;mq;3.600000;-10;mq;mq;mq;mq;0.000000;0.000000;mq;mq;mq;710.000000;1104.000000;mq;mq;mq;mq;mq;mq;mq;mq;mq;mq;mq;mq;mq;mq;
07650;20110908210000;101320;80;0;310;4.600000;296.450000;286.650000;54;75000;2;1;1;10;0;8000;30;20;12;100950;mq;mq;mq;mq;mq;mq;mq;mq;mq;mq;mq;7.200000;-10;mq;mq;0.000000;-30;0.000000;0.000000;mq;mq;mq;710.000000;1107.000000;3100.000000;mq;1;0;7500;mq;mq;mq;mq;mq;mq;mq;mq;mq;
07661;20110908210000;101060;60;0;350;10.300000;299.150000;282.950000;36;mq;mq;mq;mq;mq;mq;mq;mq;mq;mq;99540;mq;mq;mq;mq;mq;mq;mq;mq;mq;mq;mq;13.400000;-10;mq;mq;mq;mq;0.000000;0.000000;mq;mq;mq;710.000000;1113.000000;mq;mq;mq;mq;mq;mq;mq;mq;mq;mq;mq;mq;mq;mq;
07690;20110908210000;101210;80;1;40;1.500000;295.950000;292.150000;79;50000;2;1;1;60;5;450;35;20;12;100890;mq;mq;mq;mq;mq;mq;mq;mq;mq;mq;mq;3.100000;-10;mq;mq;0.000000;-30;0.000000;0.000000;mq;mq;mq;710.000000;1103.000000;3100.000000;mq;5;6;510;mq;mq;mq;mq;mq;mq;mq;mq;mq;
07747;20110908210000;101680;100;2;330;5.100000;297.450000;289.450000;61;60000;0;mq;mq;mq;mq;mq;mq;mq;mq;101170;mq;mq;mq;mq;mq;mq;mq;mq;mq;mq;mq;8.700000;-10;mq;mq;mq;mq;0.000000;0.000000;mq;mq;mq;710.000000;1109.000000;mq;mq;mq;mq;mq;mq;mq;mq;mq;mq;mq;mq;mq;mq;
07761;20110908210000;101340;70;1;130;1.000000;295.350000;290.450000;74;20000;2;1;1;75;5;800;35;20;12;101240;mq;mq;mq;mq;mq;mq;mq;mq;mq;mq;mq;2.600000;-10;mq;mq;0.000000;-30;0.000000;0.000000;mq;mq;mq;710.000000;1103.000000;3100.000000;mq;5;6;750;4;0;7500;mq;mq;mq;mq;mq;mq;
07790;20110908210000;101200;40;1;220;1.000000;292.750000;291.250000;91;18000;2;1;1;25;0;8000;30;20;11;101060;mq;mq;mq;mq;mq;mq;mq;mq;mq;mq;mq;1.500000;-10;mq;mq;0.000000;-30;0.000000;0.000000;mq;mq;mq;710.000000;1102.000000;3100.000000;mq;2;0;7800;mq;mq;mq;mq;mq;mq;mq;mq;mq;
61970;20110908210000;101750;mq;mq;mq;mq;297.150000;294.050000;83;mq;mq;mq;mq;mq;mq;mq;mq;mq;mq;mq;mq;mq;mq;mq;mq;mq;mq;mq;mq;mq;mq;mq;mq;mq;mq;mq;mq;0.000000;0.000000;mq;mq;mq;mq;mq;mq;mq;mq;mq;mq;mq;mq;mq;mq;mq;mq;mq;mq;mq;
61972;20110908210000;101960;mq;mq;170;5.700000;294.550000;290.550000;78;mq;mq;mq;mq;mq;mq;mq;mq;mq;mq;mq;mq;mq;mq;mq;mq;mq;mq;mq;mq;mq;mq;11.300000;-10;mq;mq;mq;mq;0.000000;0.000000;mq;mq;mq;710.000000;1111.000000;mq;mq;mq;mq;mq;mq;mq;mq;mq;mq;mq;mq;mq;mq;
61980;20110908210000;102020;mq;mq;180;3.100000;291.850000;288.150000;79;10000;2;1;1;10;1;800;38;20;10;mq;mq;mq;70;mq;mq;mq;mq;mq;mq;mq;mq;4.100000;-10;mq;mq;mq;mq;0.000000;0.000000;mq;mq;mq;710.000000;1104.000000;mq;mq;1;8;690;mq;mq;mq;mq;mq;mq;mq;mq;mq;
61996;20110908210000;101380;mq;mq;320;12.300000;285.450000;284.650000;95;mq;mq;mq;mq;mq;mq;mq;mq;mq;mq;mq;mq;mq;890;mq;mq;mq;mq;mq;mq;mq;mq;17.500000;-10;mq;mq;mq;mq;0.000000;0.200000;mq;mq;mq;710.000000;1117.000000;mq;mq;mq;mq;mq;mq;mq;mq;mq;mq;mq;mq;mq;mq;
61997;20110908210000;100180;mq;mq;210;14.400000;271.250000;269.350000;85;mq;mq;mq;mq;mq;mq;mq;mq;mq;mq;mq;mq;mq;820;mq;mq;mq;mq;mq;mq;mq;mq;20.600000;-30;mq;mq;mq;mq;mq;0.000000;mq;mq;mq;1121.000000;mq;mq;mq;mq;mq;mq;mq;mq;mq;mq;mq;mq;mq;mq;mq;
61998;20110908210000;98620;mq;mq;310;6.700000;273.050000;270.150000;79;mq;mq;mq;mq;mq;mq;mq;mq;mq;mq;mq;mq;mq;430;mq;mq;mq;mq;mq;mq;mq;mq;11.300000;-10;mq;mq;mq;mq;0.000000;0.000000;mq;mq;mq;710.000000;1111.000000;mq;mq;mq;mq;mq;mq;mq;mq;mq;mq;mq;mq;mq;mq;
67005;20110908210000;101640;mq;mq;0;1.000000;295.450000;293.150000;87;mq;0;mq;mq;mq;mq;mq;mq;mq;mq;mq;mq;mq;mq;mq;mq;mq;mq;mq;mq;mq;mq;2.100000;-10;mq;mq;mq;mq;0.000000;0.000000;mq;mq;mq;710.000000;1102.000000;mq;mq;mq;mq;mq;mq;mq;mq;mq;mq;mq;mq;mq;mq;
71805;20110908210000;101160;-360;5;280;4.600000;287.450000;287.250000;99;15000;0;mq;mq;100;mq;250;mq;mq;mq;101080;mq;mq;mq;mq;mq;mq;mq;mq;mq;mq;mq;10.300000;-10;mq;mq;mq;mq;0.000000;3.000000;mq;mq;mq;710.000000;1110.000000;mq;mq;mq;mq;mq;mq;mq;mq;mq;mq;mq;mq;mq;mq;
78897;20110908210000;101260;-100;5;80;5.700000;303.350000;296.250000;66;25000;2;1;1;75;1;800;32;20;12;mq;mq;mq;70;mq;mq;mq;mq;mq;mq;mq;mq;mq;mq;mq;mq;mq;mq;mq;mq;mq;mq;mq;mq;mq;mq;mq;1;8;780;6;0;7800;mq;mq;mq;mq;mq;mq;
78922;20110908210000;101160;-90;6;90;8.700000;302.550000;296.750000;71;mq;mq;mq;mq;mq;mq;mq;mq;mq;mq;100720;mq;mq;mq;mq;mq;mq;mq;mq;mq;mq;mq;mq;mq;mq;mq;mq;mq;mq;mq;mq;mq;mq;mq;mq;mq;mq;mq;mq;mq;mq;mq;mq;mq;mq;mq;mq;mq;mq;
78925;20110908210000;101140;-100;6;60;6.700000;302.950000;297.550000;73;25000;2;1;1;75;2;800;32;20;12;mq;mq;mq;mq;mq;mq;mq;mq;mq;mq;mq;mq;mq;mq;mq;mq;mq;mq;mq;mq;mq;mq;mq;mq;mq;mq;mq;2;8;780;6;0;7800;mq;mq;mq;mq;mq;mq;
81401;20110908210000;100860;mq;mq;50;4.100000;303.250000;296.650000;68;mq;mq;mq;mq;mq;mq;mq;mq;mq;mq;100800;mq;mq;mq;mq;mq;mq;mq;mq;mq;mq;mq;mq;mq;mq;mq;mq;mq;mq;0.000000;mq;mq;mq;mq;mq;mq;mq;mq;mq;mq;mq;mq;mq;mq;mq;mq;mq;mq;mq;
81405;20110908210000;101030;mq;mq;120;1.000000;299.050000;297.250000;90;10000;25;8;6;75;5;800;38;23;10;100940;mq;mq;mq;mq;mq;mq;mq;mq;mq;mq;mq;mq;mq;mq;mq;mq;mq;mq;9.000000;mq;mq;mq;mq;mq;mq;mq;mq;mq;mq;mq;mq;mq;mq;mq;mq;mq;mq;mq;
81408;20110908210000;100970;mq;mq;10;1.500000;299.050000;297.850000;93;mq;mq;mq;mq;mq;mq;mq;mq;mq;mq;100890;mq;mq;mq;mq;mq;mq;mq;mq;mq;mq;mq;mq;mq;mq;mq;mq;mq;mq;8.000000;mq;mq;mq;mq;mq;mq;mq;mq;mq;mq;mq;mq;mq;mq;mq;mq;mq;mq;mq;
89642;20110908210000;99080;190;3;130;11.800000;252.950000;244.250000;42;mq;mq;mq;mq;mq;mq;mq;mq;mq;mq;98510;mq;mq;mq;mq;mq;mq;mq;mq;mq;mq;18.000000;21.600000;-30;mq;mq;mq;mq;mq;mq;mq;mq;mq;1018.000000;1122.000000;mq;mq;mq;mq;mq;mq;mq;mq;mq;mq;mq;mq;mq;mq;
07005;20110909000000;101170;-10;8;240;4.100000;290.350000;289.850000;97;mq;mq;mq;mq;mq;mq;mq;mq;mq;mq;100300;mq;mq;mq;mq;mq;mq;mq;mq;mq;mq;mq;8.200000;-10;mq;mq;mq;mq;0.000000;0.400000;2.000000;mq;mq;710.000000;1108.000000;mq;mq;mq;mq;mq;mq;mq;mq;mq;mq;mq;mq;mq;mq;
07015;20110909000000;101120;-30;5;240;2.600000;289.650000;289.150000;97;4000;51;5;2;100;7;150;37;61;60;100570;mq;mq;mq;mq;mq;mq;mq;mq;mq;mq;mq;4.100000;-10;mq;mq;0.000000;-60;0.200000;0.200000;0.200000;mq;mq;710.000000;1104.000000;3100.000000;mq;7;7;180;mq;mq;mq;mq;mq;mq;mq;mq;mq;
07020;20110909000000;101230;10;0;230;7.700000;290.150000;289.950000;99;1000;10;6;4;100;8;450;36;61;60;100970;mq;mq;mq;mq;mq;mq;mq;mq;mq;mq;mq;10.800000;-10;mq;mq;mq;mq;0.000000;0.200000;0.200000;mq;mq;710.000000;1111.000000;mq;mq;8;7;390;mq;mq;mq;mq;mq;mq;mq;mq;mq;
07027;20110909000000;101250;-40;7;220;5.100000;292.350000;291.550000;95;23000;0;mq;mq;100;mq;450;mq;mq;mq;100470;mq;mq;mq;mq;mq;mq;mq;mq;mq;mq;mq;8.200000;-10;mq;mq;mq;mq;0.000000;0.000000;0.200000;mq;mq;710.000000;1108.000000;mq;mq;mq;mq;mq;mq;mq;mq;mq;mq;mq;mq;mq;mq;
07037;20110909000000;101240;-30;8;240;3.600000;291.150000;290.950000;99;1600;10;mq;mq;100;mq;80;mq;mq;mq;99470;mq;mq;mq;mq;mq;mq;mq;mq;mq;mq;mq;6.200000;-10;mq;mq;mq;mq;0.000000;0.000000;0.000000;mq;mq;710.000000;1106.000000;mq;mq;mq;mq;mq;mq;mq;mq;mq;mq;mq;mq;mq;mq;
07110;20110909000000;101380;-30;8;240;3.600000;290.150000;289.950000;99;1500;50;5;4;mq;mq;mq;mq;mq;mq;100260;mq;mq;mq;mq;mq;mq;mq;mq;mq;mq;mq;6.200000;-10;mq;mq;mq;mq;0.200000;0.200000;0.600000;mq;mq;710.000000;1106.000000;mq;mq;mq;mq;mq;mq;mq;mq;mq;mq;mq;mq;mq;mq;
07117;20110909000000;101310;0;0;240;5.100000;290.450000;289.950000;97;200;52;5;2;101;mq;mq;62;61;60;100630;mq;mq;mq;mq;mq;mq;mq;mq;mq;mq;mq;9.300000;-10;mq;mq;mq;mq;0.000000;0.000000;0.000000;mq;mq;710.000000;1109.000000;2422.000000;mq;mq;mq;mq;mq;mq;mq;mq;mq;mq;mq;mq;mq;
07130;20110909000000;101430;-50;8;210;4.600000;291.450000;290.850000;96;21000;0;mq;mq;100;mq;150;mq;mq;mq;100920;mq;mq;mq;mq;mq;mq;mq;mq;mq;mq;mq;7.200000;-10;mq;mq;mq;mq;0.000000;0.000000;0.000000;mq;mq;710.000000;1107.000000;mq;mq;mq;mq;mq;mq;mq;mq;mq;mq;mq;mq;mq;mq;
07139;20110909000000;101410;20;1;230;3.600000;291.950000;290.050000;89;mq;mq;mq;mq;mq;mq;mq;mq;mq;mq;99730;mq;mq;mq;mq;mq;mq;mq;mq;mq;mq;mq;8.200000;-10;mq;mq;mq;mq;0.000000;0.000000;0.000000;mq;mq;710.000000;1108.000000;mq;mq;mq;mq;mq;mq;mq;mq;mq;mq;mq;mq;mq;mq;
07149;20110909000000;101340;-50;6;230;3.600000;292.550000;291.250000;92;15000;3;5;2;90;7;450;35;61;60;100290;mq;mq;mq;mq;mq;mq;mq;mq;mq;mq;mq;5.100000;-10;mq;mq;0.000000;-60;0.000000;0.000000;0.200000;mq;mq;710.000000;1105.000000;3100.000000;mq;2;6;330;7;6;600;mq;mq;mq;mq;mq;mq;
07168;20110909000000;101400;-80;8;220;3.600000;292.450000;291.250000;93;20000;0;mq;mq;mq;mq;mq;mq;mq;mq;100030;mq;mq;mq;mq;mq;mq;mq;mq;mq;mq;mq;6.200000;-10;mq;mq;mq;mq;0.000000;0.200000;0.200000;mq;mq;710.000000;1106.000000;mq;mq;mq;mq;mq;mq;mq;mq;mq;mq;mq;mq;mq;mq;
07181;20110909000000;101450;0;0;220;3.100000;289.250000;288.650000;96;60000;0;mq;mq;90;mq;450;mq;mq;mq;97470;mq;mq;mq;mq;mq;mq;mq;mq;mq;mq;mq;5.100000;-10;mq;mq;mq;mq;0.000000;0.000000;0.000000;mq;mq;710.000000;1105.000000;mq;mq;mq;mq;mq;mq;mq;mq;mq;mq;mq;mq;mq;mq;
07190;20110909000000;101440;-10;5;200;2.100000;289.950000;286.450000;80;60000;0;mq;mq;75;mq;1250;mq;mq;mq;99670;mq;mq;mq;mq;mq;mq;mq;mq;mq;mq;mq;4.100000;-10;mq;mq;mq;mq;0.000000;0.000000;0.000000;mq;mq;710.000000;1104.000000;mq;mq;mq;mq;mq;mq;mq;mq;mq;mq;mq;mq;mq;mq;
07207;20110909000000;mq;mq;mq;270;4.100000;290.850000;290.350000;97;100;45;4;4;101;mq;mq;62;61;60;mq;mq;mq;mq;mq;mq;mq;mq;mq;mq;mq;mq;6.700000;-10;mq;mq;mq;mq;0.000000;0.200000;0.200000;mq;mq;710.000000;1107.000000;2431.000000;mq;mq;mq;mq;mq;mq;mq;mq;mq;mq;mq;mq;mq;
07222;20110909000000;101540;-100;8;220;2.600000;291.450000;291.250000;99;2100;10;mq;mq;100;mq;80;mq;mq;mq;101230;mq;mq;mq;mq;mq;mq;mq;mq;mq;mq;mq;4.600000;-10;mq;mq;mq;mq;0.200000;0.200000;0.600000;mq;mq;710.000000;1105.000000;mq;mq;mq;mq;mq;mq;mq;mq;mq;mq;mq;mq;mq;mq;
07240;20110909000000;101540;-20;8;220;4.100000;291.950000;290.050000;89;25000;2;1;1;90;7;450;35;61;60;100230;mq;mq;mq;mq;mq;mq;mq;mq;mq;mq;mq;7.200000;-10;mq;mq;0.000000;-60;0.000000;0.000000;0.000000;mq;mq;710.000000;1107.000000;3100.000000;mq;2;6;330;6;6;1200;mq;mq;mq;mq;mq;mq;
07255;20110909000000;101610;0;0;260;3.100000;292.550000;290.150000;86;20000;0;mq;mq;100;mq;800;mq;mq;mq;99680;mq;mq;mq;mq;mq;mq;mq;mq;mq;mq;mq;7.700000;-10;mq;mq;mq;mq;0.000000;0.000000;0.000000;mq;mq;710.000000;1108.000000;mq;mq;mq;mq;mq;mq;mq;mq;mq;mq;mq;mq;mq;mq;
07280;20110909000000;101580;-40;8;180;2.100000;290.550000;289.550000;94;2400;63;mq;mq;100;mq;150;mq;mq;mq;98930;mq;mq;mq;mq;mq;mq;mq;mq;mq;mq;mq;4.600000;-10;mq;mq;mq;mq;3.000000;3.000000;3.000000;mq;mq;710.000000;1105.000000;mq;mq;mq;mq;mq;mq;mq;mq;mq;mq;mq;mq;mq;mq;
07299;20110909000000;101560;-40;6;310;0.500000;291.050000;288.350000;84;18000;50;mq;mq;100;mq;800;mq;mq;mq;98390;mq;mq;mq;mq;mq;mq;mq;mq;mq;mq;mq;2.600000;-10;mq;mq;mq;mq;0.000000;0.000000;0.000000;mq;mq;710.000000;1103.000000;mq;mq;mq;mq;mq;mq;mq;mq;mq;mq;mq;mq;mq;mq;
07314;20110909000000;101700;-90;8;250;3.600000;292.450000;291.150000;92;15000;2;1;1;90;7;3500;30;27;60;101430;mq;mq;mq;mq;mq;mq;mq;mq;mq;mq;mq;5.700000;-10;mq;mq;mq;mq;0.000000;0.000000;0.000000;mq;mq;710.000000;1106.000000;2437.000000;mq;3;4;2400;4;3;2700;mq;mq;mq;mq;mq;mq;
07335;20110909000000;101670;-60;8;210;2.100000;289.850000;289.250000;96;60000;0;mq;mq;mq;mq;250;mq;mq;mq;100250;mq;mq;mq;mq;mq;mq;mq;mq;mq;mq;mq;4.100000;-10;mq;mq;mq;mq;0.000000;0.000000;0.000000;mq;mq;710.000000;1104.000000;mq;mq;mq;mq;mq;mq;mq;mq;mq;mq;mq;mq;mq;mq;
07434;20110909000000;101720;-70;8;260;1.000000;290.750000;290.250000;97;9000;0;mq;mq;100;mq;150;mq;mq;mq;97070;mq;mq;mq;mq;mq;mq;mq;mq;mq;mq;mq;3.100000;-10;mq;mq;mq;mq;0.200000;0.400000;0.400000;mq;mq;710.000000;1103.000000;mq;mq;mq;mq;mq;mq;mq;mq;mq;mq;mq;mq;mq;mq;
07460;20110909000000;101630;-40;6;80;1.500000;292.350000;289.250000;82;40000;2;1;1;75;6;1250;38;20;10;97870;mq;mq;mq;mq;mq;mq;mq;mq;mq;mq;mq;3.100000;-10;mq;mq;0.000000;-60;0.000000;0.000000;0.000000;mq;mq;710.000000;1103.000000;3100.000000;mq;1;8;1080;6;6;2100;mq;mq;mq;mq;mq;mq;
07471;20110909000000;mq;-70;8;300;1.500000;285.550000;284.950000;96;20000;0;mq;mq;mq;mq;1250;mq;mq;mq;92290;85000;17790;mq;mq;mq;mq;mq;mq;mq;mq;mq;2.600000;-10;mq;mq;mq;mq;0.000000;0.000000;0.000000;mq;mq;710.000000;1103.000000;mq;mq;mq;mq;mq;mq;mq;mq;mq;mq;mq;mq;mq;mq;
07481;20110909000000;101620;-60;8;0;0.000000;292.150000;286.550000;70;55000;2;1;1;40;3;2250;35;20;10;98830;mq;mq;mq;mq;mq;mq;mq;mq;mq;mq;mq;1.000000;-10;mq;mq;0.000000;-60;0.000000;0.000000;0.000000;mq;mq;710.000000;1101.000000;3100.000000;mq;3;6;1800;mq;mq;mq;mq;mq;mq;mq;mq;mq;
07510;20110909000000;101710;-130;8;0;0.000000;291.050000;291.050000;100;9000;11;1;1;10;1;30;36;20;10;101070;mq;mq;mq;mq;mq;mq;mq;mq;mq;mq;mq;1.000000;-10;mq;mq;0.000000;-60;0.000000;0.000000;0.000000;mq;mq;710.000000;1101.000000;3100.000000;mq;1;7;30;mq;mq;mq;mq;mq;mq;mq;mq;mq;
07535;20110909000000;101740;-100;8;130;1.000000;290.350000;289.850000;97;mq;mq;mq;mq;mq;mq;mq;mq;mq;mq;98700;mq;mq;mq;mq;mq;mq;mq;mq;mq;mq;mq;1.500000;-10;mq;mq;mq;mq;0.000000;0.000000;0.000000;mq;mq;710.000000;1102.000000;mq;mq;mq;mq;mq;mq;mq;mq;mq;mq;mq;mq;mq;mq;
07558;20110909000000;101670;-100;8;360;4.100000;289.650000;288.850000;95;mq;mq;mq;mq;mq;mq;mq;mq;mq;mq;93560;mq;mq;mq;mq;mq;mq;mq;mq;mq;mq;mq;5.100000;-10;mq;mq;mq;mq;0.000000;0.000000;0.000000;mq;mq;710.000000;1105.000000;mq;mq;mq;mq;mq;mq;mq;mq;mq;mq;mq;mq;mq;mq;
07577;20110909000000;101470;-110;6;20;1.000000;292.550000;285.050000;62;20000;0;mq;mq;mq;mq;mq;mq;mq;mq;100600;mq;mq;mq;mq;mq;mq;mq;mq;mq;mq;mq;4.100000;-10;mq;mq;mq;mq;0.000000;0.000000;0.000000;mq;mq;710.000000;1104.000000;mq;mq;mq;mq;mq;mq;mq;mq;mq;mq;mq;mq;mq;mq;
07591;20110909000000;mq;-50;6;10;1.000000;286.850000;283.250000;79;mq;0;mq;mq;mq;mq;mq;mq;mq;mq;91620;mq;mq;mq;mq;mq;mq;mq;mq;mq;mq;mq;2.600000;-10;mq;mq;mq;mq;0.000000;0.000000;0.000000;mq;mq;710.000000;1103.000000;mq;mq;mq;mq;mq;mq;mq;mq;mq;mq;mq;mq;mq;mq;
07607;20110909000000;101710;-130;8;70;0.500000;290.250000;289.750000;97;1600;10;mq;mq;mq;mq;mq;mq;mq;mq;101010;mq;mq;mq;mq;mq;mq;mq;mq;mq;mq;mq;1.000000;-10;mq;mq;mq;mq;0.000000;0.000000;0.000000;mq;mq;710.000000;1101.000000;mq;mq;mq;mq;mq;mq;mq;mq;mq;mq;mq;mq;mq;mq;
07621;20110909000000;101750;-130;8;180;1.500000;288.350000;287.850000;97;30000;2;1;1;10;1;800;35;20;11;97500;mq;mq;mq;mq;mq;mq;mq;mq;mq;mq;mq;2.100000;-10;mq;mq;0.000000;-60;0.000000;0.000000;0.000000;mq;mq;710.000000;1102.000000;3100.000000;mq;1;6;780;mq;mq;mq;mq;mq;mq;mq;mq;mq;
07627;20110909000000;101750;-130;8;150;2.600000;289.750000;288.450000;92;mq;mq;mq;mq;mq;mq;mq;mq;mq;mq;96990;mq;mq;mq;mq;mq;mq;mq;mq;mq;mq;mq;4.100000;-10;mq;mq;mq;mq;0.000000;0.000000;0.000000;mq;mq;710.000000;1104.000000;mq;mq;mq;mq;mq;mq;mq;mq;mq;mq;mq;mq;mq;mq;
07630;20110909000000;101740;-90;8;0;0.000000;290.750000;288.550000;87;45000;0;mq;mq;mq;mq;mq;mq;mq;mq;99980;mq;mq;mq;mq;mq;mq;mq;mq;mq;mq;mq;1.000000;-10;mq;mq;mq;mq;0.000000;0.000000;0.000000;mq;mq;710.000000;1101.000000;mq;mq;mq;mq;mq;mq;mq;mq;mq;mq;mq;mq;mq;mq;
07643;20110909000000;101460;-70;8;230;1.000000;293.550000;287.850000;70;60000;0;mq;mq;mq;mq;mq;mq;mq;mq;101370;mq;mq;mq;mq;mq;mq;mq;mq;mq;mq;mq;2.600000;-10;mq;mq;mq;mq;0.000000;0.000000;0.000000;mq;mq;710.000000;1103.000000;mq;mq;mq;mq;mq;mq;mq;mq;mq;mq;mq;mq;mq;mq;
07650;20110909000000;101220;-100;8;330;5.700000;296.150000;284.850000;49;60000;0;mq;mq;mq;mq;mq;mq;mq;mq;100850;mq;mq;mq;mq;mq;mq;mq;mq;mq;mq;mq;9.300000;-10;mq;mq;mq;mq;0.000000;0.000000;0.000000;mq;mq;710.000000;1109.000000;mq;mq;mq;mq;mq;mq;mq;mq;mq;mq;mq;mq;mq;mq;
07661;20110909000000;101090;10;1;230;0.500000;296.850000;284.550000;46;mq;2;mq;mq;0;mq;mq;mq;mq;mq;99550;mq;mq;mq;mq;mq;mq;mq;mq;mq;mq;mq;11.300000;-10;mq;mq;mq;mq;0.000000;0.000000;0.000000;mq;mq;710.000000;1111.000000;mq;mq;mq;mq;mq;mq;mq;mq;mq;mq;mq;mq;mq;mq;
07690;20110909000000;101190;-30;8;330;2.600000;294.350000;290.950000;81;20000;2;1;1;50;4;450;35;20;12;100860;mq;mq;mq;mq;mq;mq;mq;mq;mq;mq;mq;3.600000;-10;mq;mq;0.000000;-60;0.000000;0.000000;0.000000;mq;mq;710.000000;1104.000000;3100.000000;mq;4;6;510;mq;mq;mq;mq;mq;mq;mq;mq;mq;
07747;20110909000000;101590;-90;8;280;3.600000;295.250000;289.550000;70;60000;0;mq;mq;mq;mq;mq;mq;mq;mq;101080;mq;mq;mq;mq;mq;mq;mq;mq;mq;mq;mq;5.700000;-10;mq;mq;mq;mq;0.000000;0.000000;0.000000;mq;mq;710.000000;1106.000000;mq;mq;mq;mq;mq;mq;mq;mq;mq;mq;mq;mq;mq;mq;
07761;20110909000000;101290;-60;8;70;3.100000;293.950000;290.150000;79;20000;2;1;1;40;1;800;35;20;12;101180;mq;mq;mq;mq;mq;mq;mq;mq;mq;mq;mq;4.100000;-10;mq;mq;0.000000;-60;0.000000;0.000000;0.000000;mq;mq;710.000000;1104.000000;3100.000000;mq;1;6;690;3;0;7500;mq;mq;mq;mq;mq;mq;
07790;20110909000000;101190;-10;7;220;2.100000;292.150000;290.650000;91;35000;0;mq;mq;mq;mq;mq;mq;mq;mq;101050;mq;mq;mq;mq;mq;mq;mq;mq;mq;mq;mq;2.600000;-10;mq;mq;mq;mq;0.000000;0.000000;0.000000;mq;mq;710.000000;1103.000000;mq;mq;mq;mq;mq;mq;mq;mq;mq;mq;mq;mq;mq;mq;
61970;20110909000000;101650;mq;mq;mq;mq;297.050000;293.550000;81;mq;mq;mq;mq;mq;mq;mq;mq;mq;mq;mq;mq;mq;mq;mq;mq;mq;mq;mq;mq;mq;mq;mq;mq;mq;mq;mq;mq;mq;mq;mq;mq;mq;mq;mq;mq;mq;mq;mq;mq;mq;mq;mq;mq;mq;mq;mq;mq;mq;
61972;20110909000000;101850;mq;mq;160;5.700000;294.150000;290.750000;81;mq;mq;mq;mq;mq;mq;mq;mq;mq;mq;mq;mq;mq;mq;mq;mq;mq;mq;mq;mq;mq;mq;mq;mq;mq;mq;mq;mq;mq;mq;mq;mq;mq;mq;mq;mq;mq;mq;mq;mq;mq;mq;mq;mq;mq;mq;mq;mq;mq;
61980;20110909000000;101930;mq;mq;170;3.600000;290.850000;286.750000;77;10000;2;1;1;0;mq;mq;mq;mq;mq;mq;mq;mq;60;mq;mq;mq;mq;mq;mq;mq;mq;4.600000;-10;mq;mq;mq;mq;0.000000;mq;0.000000;mq;mq;710.000000;1105.000000;mq;mq;mq;mq;mq;mq;mq;mq;mq;mq;mq;mq;mq;mq;
61996;20110909000000;mq;mq;mq;330;11.300000;285.650000;mq;mq;mq;mq;mq;mq;mq;mq;mq;mq;mq;mq;mq;mq;mq;550;mq;mq;mq;mq;mq;mq;mq;mq;15.400000;-10;mq;mq;mq;mq;0.000000;mq;0.200000;mq;mq;710.000000;1115.000000;mq;mq;mq;mq;mq;mq;mq;mq;mq;mq;mq;mq;mq;mq;
61997;20110909000000;100440;mq;mq;200;13.400000;272.150000;268.950000;76;mq;mq;mq;mq;mq;mq;mq;mq;mq;mq;mq;mq;mq;1150;mq;mq;mq;mq;mq;mq;mq;mq;20.600000;-60;mq;mq;mq;mq;mq;mq;0.000000;mq;mq;1121.000000;mq;mq;mq;mq;mq;mq;mq;mq;mq;mq;mq;mq;mq;mq;mq;
61998;20110909000000;98730;mq;mq;310;7.700000;272.750000;269.550000;77;25000;0;mq;mq;40;0;8000;30;20;11;mq;mq;mq;580;mq;mq;mq;mq;mq;mq;mq;mq;11.300000;-10;mq;mq;mq;mq;0.000000;mq;0.000000;mq;mq;710.000000;1111.000000;mq;mq;3;0;7500;mq;mq;mq;mq;mq;mq;mq;mq;mq;
67005;20110909000000;101600;mq;mq;230;2.600000;296.250000;294.150000;88;mq;0;mq;mq;mq;mq;mq;mq;mq;mq;mq;mq;mq;100;mq;mq;mq;mq;mq;mq;mq;mq;4.600000;-10;mq;mq;mq;mq;0.000000;mq;0.000000;mq;mq;710.000000;1105.000000;mq;mq;mq;mq;mq;mq;mq;mq;mq;mq;mq;mq;mq;mq;
71805;20110909000000;101160;0;5;280;5.700000;286.950000;286.150000;95;60000;0;mq;mq;90;mq;450;mq;mq;mq;101080;mq;mq;mq;mq;mq;mq;mq;mq;mq;mq;mq;10.300000;-10;mq;mq;mq;mq;0.000000;0.000000;3.000000;mq;mq;710.000000;1110.000000;mq;mq;mq;mq;mq;mq;mq;mq;mq;mq;mq;mq;mq;mq;
78897;20110909000000;101350;90;3;80;3.600000;301.550000;297.150000;77;20000;2;1;1;90;2;800;32;20;12;mq;mq;mq;mq;299.750000;mq;305.550000;mq;mq;mq;mq;mq;mq;mq;mq;mq;mq;mq;mq;mq;0.000000;mq;0.400000;mq;mq;mq;mq;2;8;690;7;0;7800;mq;mq;mq;mq;mq;mq;
78922;20110909000000;101280;120;3;80;9.300000;302.150000;296.850000;73;mq;mq;mq;mq;mq;mq;mq;mq;mq;mq;100840;mq;mq;mq;mq;mq;mq;mq;mq;mq;mq;mq;mq;mq;mq;mq;mq;mq;mq;mq;mq;mq;mq;mq;mq;mq;mq;mq;mq;mq;mq;mq;mq;mq;mq;mq;mq;mq;mq;
78925;20110909000000;101260;120;3;60;5.100000;301.850000;297.450000;77;25000;1;8;6;50;3;800;38;20;12;mq;mq;mq;mq;297.850000;mq;304.650000;mq;mq;mq;mq;mq;mq;mq;mq;mq;mq;mq;mq;mq;0.000000;mq;5.100000;mq;mq;mq;mq;3;8;780;mq;mq;mq;mq;mq;mq;mq;mq;mq;
81401;20110909000000;101070;mq;mq;0;0.000000;299.650000;296.350000;82;mq;mq;mq;mq;mq;mq;mq;mq;mq;mq;101010;mq;mq;mq;mq;mq;307.550000;mq;mq;mq;mq;mq;mq;mq;mq;mq;mq;mq;mq;0.000000;0.000000;mq;mq;mq;mq;mq;mq;mq;mq;mq;mq;mq;mq;mq;mq;mq;mq;mq;mq;
81405;20110909000000;101150;mq;mq;80;1.000000;297.650000;296.650000;94;60000;0;mq;mq;mq;mq;mq;mq;mq;mq;101060;mq;mq;mq;mq;mq;305.950000;mq;mq;mq;mq;mq;mq;mq;mq;mq;mq;mq;mq;0.000000;9.000000;mq;mq;mq;mq;mq;mq;mq;mq;mq;mq;mq;mq;mq;mq;mq;mq;mq;mq;
81408;20110909000000;101140;mq;mq;0;0.000000;297.350000;296.850000;97;mq;mq;mq;mq;mq;mq;mq;mq;mq;mq;101060;mq;mq;mq;mq;mq;307.050000;mq;mq;mq;mq;mq;mq;mq;mq;mq;mq;mq;mq;0.000000;8.000000;mq;mq;mq;mq;mq;mq;mq;mq;mq;mq;mq;mq;mq;mq;mq;mq;mq;mq;
89642;20110909000000;99140;60;2;120;12.300000;253.250000;245.450000;46;40000;3;3;0;25;2;450;35;23;10;98570;mq;mq;mq;252.350000;mq;253.650000;mq;mq;mq;mq;mq;24.200000;-60;mq;mq;mq;mq;mq;mq;mq;mq;mq;1124.000000;mq;mq;mq;1;8;300;mq;mq;mq;mq;mq;mq;mq;mq;mq;
07005;20110909030000;101100;-70;8;250;3.600000;290.450000;290.150000;98;mq;mq;mq;mq;mq;mq;mq;mq;mq;mq;100230;mq;mq;mq;mq;mq;mq;mq;mq;mq;mq;mq;7.200000;-10;mq;mq;mq;mq;0.400000;1.000000;mq;mq;mq;710.000000;1107.000000;mq;mq;mq;mq;mq;mq;mq;mq;mq;mq;mq;mq;mq;mq;
07015;20110909030000;101050;-70;6;230;2.600000;289.850000;289.350000;97;7000;0;mq;mq;100;8;80;36;61;60;100500;mq;mq;mq;mq;mq;mq;mq;mq;mq;mq;mq;3.600000;-10;mq;mq;0.000000;-30;0.000000;0.000000;mq;mq;mq;710.000000;1104.000000;3100.000000;mq;8;7;60;mq;mq;mq;mq;mq;mq;mq;mq;mq;
07020;20110909030000;101190;-40;7;240;7.700000;290.050000;289.850000;99;mq;mq;mq;mq;mq;mq;mq;mq;mq;mq;100930;mq;mq;mq;mq;mq;mq;mq;mq;mq;mq;mq;11.300000;-10;mq;mq;mq;mq;0.000000;0.000000;mq;mq;mq;710.000000;1111.000000;mq;mq;mq;mq;mq;mq;mq;mq;mq;mq;mq;mq;mq;mq;
07027;20110909030000;101200;-50;8;220;5.700000;292.150000;291.350000;95;40000;0;mq;mq;100;mq;250;mq;mq;mq;100420;mq;mq;mq;mq;mq;mq;mq;mq;mq;mq;mq;8.200000;-10;mq;mq;mq;mq;0.000000;0.000000;mq;mq;mq;710.000000;1108.000000;mq;mq;mq;mq;mq;mq;mq;mq;mq;mq;mq;mq;mq;mq;
07037;20110909030000;101180;-60;6;240;4.600000;291.650000;291.450000;99;3800;10;mq;mq;100;mq;80;mq;mq;mq;99410;mq;mq;mq;mq;mq;mq;mq;mq;mq;mq;mq;6.700000;-10;mq;mq;mq;mq;0.000000;0.000000;mq;mq;mq;710.000000;1107.000000;mq;mq;mq;mq;mq;mq;mq;mq;mq;mq;mq;mq;mq;mq;
07110;20110909030000;101290;-90;6;240;3.100000;290.250000;290.050000;99;1700;50;5;5;mq;mq;mq;mq;mq;mq;100170;mq;mq;mq;mq;mq;mq;mq;mq;mq;mq;mq;4.600000;-10;mq;mq;mq;mq;0.200000;0.600000;mq;mq;mq;710.000000;1105.000000;mq;mq;mq;mq;mq;mq;mq;mq;mq;mq;mq;mq;mq;mq;
07117;20110909030000;101260;-50;7;250;4.100000;290.450000;289.950000;97;500;52;5;2;101;mq;mq;62;61;60;100580;mq;mq;mq;mq;mq;mq;mq;mq;mq;mq;mq;7.200000;-10;mq;mq;mq;mq;0.000000;0.000000;mq;mq;mq;710.000000;1107.000000;2423.000000;mq;mq;mq;mq;mq;mq;mq;mq;mq;mq;mq;mq;mq;
07130;20110909030000;101350;-80;8;220;2.600000;291.350000;290.850000;97;28000;0;mq;mq;100;mq;150;mq;mq;mq;100840;mq;mq;mq;mq;mq;mq;mq;mq;mq;mq;mq;4.600000;-10;mq;mq;mq;mq;0.000000;0.000000;mq;mq;mq;710.000000;1105.000000;mq;mq;mq;mq;mq;mq;mq;mq;mq;mq;mq;mq;mq;mq;
07139;20110909030000;101330;-80;7;230;4.600000;291.150000;289.950000;93;mq;mq;mq;mq;mq;mq;mq;mq;mq;mq;99650;mq;mq;mq;mq;mq;mq;mq;mq;mq;mq;mq;6.700000;-10;mq;mq;mq;mq;0.000000;0.000000;mq;mq;mq;710.000000;1107.000000;mq;mq;mq;mq;mq;mq;mq;mq;mq;mq;mq;mq;mq;mq;
07149;20110909030000;101280;-60;6;250;4.100000;292.650000;290.950000;90;15000;2;1;1;90;7;450;35;61;60;100230;mq;mq;mq;mq;mq;mq;mq;mq;mq;mq;mq;6.700000;-10;mq;mq;0.000000;-30;0.000000;0.000000;mq;mq;mq;710.000000;1107.000000;3100.000000;mq;7;6;300;mq;mq;mq;mq;mq;mq;mq;mq;mq;
07168;20110909030000;101340;-60;6;250;5.100000;292.850000;290.650000;87;20000;0;mq;mq;mq;mq;mq;mq;mq;mq;99970;mq;mq;mq;mq;mq;mq;mq;mq;mq;mq;mq;8.200000;-10;mq;mq;mq;mq;0.000000;0.000000;mq;mq;mq;710.000000;1108.000000;mq;mq;mq;mq;mq;mq;mq;mq;mq;mq;mq;mq;mq;mq;
07181;20110909030000;101340;-90;6;210;3.600000;290.250000;289.950000;98;6000;0;mq;mq;100;mq;450;mq;mq;mq;97380;mq;mq;mq;mq;mq;mq;mq;mq;mq;mq;mq;5.700000;-10;mq;mq;mq;mq;0.000000;0.000000;mq;mq;mq;710.000000;1106.000000;mq;mq;mq;mq;mq;mq;mq;mq;mq;mq;mq;mq;mq;mq;
07190;20110909030000;101410;-30;5;180;2.100000;290.250000;286.950000;81;60000;0;mq;mq;100;mq;800;mq;mq;mq;99640;mq;mq;mq;mq;mq;mq;mq;mq;mq;mq;mq;4.100000;-10;mq;mq;mq;mq;0.000000;0.000000;mq;mq;mq;710.000000;1104.000000;mq;mq;mq;mq;mq;mq;mq;mq;mq;mq;mq;mq;mq;mq;
07207;20110909030000;mq;mq;mq;260;2.600000;290.550000;290.050000;97;100;51;5;4;101;mq;mq;62;61;60;mq;mq;mq;mq;mq;mq;mq;mq;mq;mq;mq;mq;3.600000;-10;mq;mq;mq;mq;0.000000;0.200000;mq;mq;mq;710.000000;1104.000000;2431.000000;mq;mq;mq;mq;mq;mq;mq;mq;mq;mq;mq;mq;mq;
07222;20110909030000;101440;-100;8;220;2.600000;291.450000;291.250000;99;4500;20;5;2;100;7;80;37;61;60;101130;mq;mq;mq;mq;mq;mq;mq;mq;mq;mq;mq;3.600000;-10;mq;mq;mq;mq;0.000000;0.200000;mq;mq;mq;710.000000;1104.000000;mq;mq;7;7;90;mq;mq;mq;mq;mq;mq;mq;mq;mq;
07240;20110909030000;101460;-80;8;230;3.100000;291.150000;289.950000;93;25000;3;mq;mq;100;7;150;36;61;60;100150;mq;mq;mq;mq;mq;mq;mq;mq;mq;mq;mq;5.700000;-10;mq;mq;0.000000;-30;0.000000;0.000000;mq;mq;mq;710.000000;1106.000000;3100.000000;mq;7;7;180;mq;mq;mq;mq;mq;mq;mq;mq;mq;
07255;20110909030000;101530;-80;6;250;2.600000;291.850000;290.150000;90;20000;0;mq;mq;100;mq;800;mq;mq;mq;99600;mq;mq;mq;mq;mq;mq;mq;mq;mq;mq;mq;4.600000;-10;mq;mq;mq;mq;0.000000;0.000000;mq;mq;mq;710.000000;1105.000000;mq;mq;mq;mq;mq;mq;mq;mq;mq;mq;mq;mq;mq;mq;
07280;20110909030000;101510;-70;5;170;2.100000;290.450000;289.850000;96;40000;0;mq;mq;100;mq;150;mq;mq;mq;98860;mq;mq;mq;mq;mq;mq;mq;mq;mq;mq;mq;4.100000;-10;mq;mq;mq;mq;0.000000;2.000000;mq;mq;mq;710.000000;1104.000000;mq;mq;mq;mq;mq;mq;mq;mq;mq;mq;mq;mq;mq;mq;
07299;20110909030000;101510;-70;7;110;2.100000;289.450000;288.450000;94;15000;2;1;1;90;7;1250;35;61;60;98320;mq;mq;mq;mq;mq;mq;mq;mq;mq;mq;mq;3.600000;-10;mq;mq;mq;mq;0.000000;0.000000;mq;mq;mq;710.000000;1104.000000;mq;mq;7;6;1380;mq;mq;mq;mq;mq;mq;mq;mq;mq;
07314;20110909030000;101550;-150;6;210;2.600000;292.250000;290.750000;91;mq;mq;mq;mq;mq;mq;mq;mq;mq;mq;101280;mq;mq;mq;mq;mq;mq;mq;mq;mq;mq;mq;4.100000;-10;mq;mq;mq;mq;0.000000;0.000000;mq;mq;mq;710.000000;1104.000000;mq;mq;mq;mq;mq;mq;mq;mq;mq;mq;mq;mq;mq;mq;
07335;20110909030000;101580;-90;7;180;2.100000;289.350000;288.750000;96;60000;0;mq;mq;mq;mq;1250;mq;mq;mq;100160;mq;mq;mq;mq;mq;mq;mq;mq;mq;mq;mq;4.100000;-10;mq;mq;mq;mq;0.000000;0.000000;mq;mq;mq;710.000000;1104.000000;mq;mq;mq;mq;mq;mq;mq;mq;mq;mq;mq;mq;mq;mq;
07434;20110909030000;101600;-120;7;230;0.500000;290.250000;289.750000;97;2300;60;mq;mq;100;mq;250;mq;mq;mq;96950;mq;mq;mq;mq;mq;mq;mq;mq;mq;mq;mq;1.500000;-10;mq;mq;mq;mq;0.000000;0.000000;mq;mq;mq;710.000000;1102.000000;mq;mq;mq;mq;mq;mq;mq;mq;mq;mq;mq;mq;mq;mq;
07460;20110909030000;101590;-60;6;0;0.000000;290.550000;288.850000;90;40000;3;mq;mq;75;6;1250;35;20;10;97810;mq;mq;mq;mq;mq;mq;mq;mq;mq;mq;mq;2.100000;-10;mq;mq;0.000000;-30;0.000000;0.000000;mq;mq;mq;710.000000;1102.000000;3100.000000;mq;6;6;990;mq;mq;mq;mq;mq;mq;mq;mq;mq;
07471;20110909030000;mq;-90;6;230;1.500000;285.650000;285.450000;99;20000;0;mq;mq;90;mq;800;mq;mq;mq;92200;85000;17710;mq;mq;mq;mq;mq;mq;mq;mq;mq;2.100000;-10;mq;mq;mq;mq;0.000000;0.000000;mq;mq;mq;710.000000;1102.000000;mq;mq;mq;mq;mq;mq;mq;mq;mq;mq;mq;mq;mq;mq;
07481;20110909030000;101550;-70;6;90;1.500000;291.150000;287.250000;78;40000;2;1;1;90;7;1250;35;20;10;98760;mq;mq;mq;mq;mq;mq;mq;mq;mq;mq;mq;2.600000;-10;mq;mq;0.000000;-30;0.000000;0.000000;mq;mq;mq;710.000000;1103.000000;3100.000000;mq;7;6;990;mq;mq;mq;mq;mq;mq;mq;mq;mq;
07510;20110909030000;101570;-140;7;100;0.500000;291.150000;291.150000;100;3000;11;1;1;100;8;30;35;61;60;100930;mq;mq;mq;mq;mq;mq;mq;mq;mq;mq;mq;2.100000;-10;mq;mq;0.000000;-30;0.000000;0.000000;mq;mq;mq;710.000000;1102.000000;3100.000000;mq;6;7;30;8;6;690;mq;mq;mq;mq;mq;mq;
07535;20110909030000;101640;-110;6;110;1.000000;289.950000;289.750000;99;mq;mq;mq;mq;mq;mq;mq;mq;mq;mq;98590;mq;mq;mq;mq;mq;mq;mq;mq;mq;mq;mq;2.100000;-10;mq;mq;mq;mq;0.000000;0.000000;mq;mq;mq;710.000000;1102.000000;mq;mq;mq;mq;mq;mq;mq;mq;mq;mq;mq;mq;mq;mq;
07558;20110909030000;101540;-100;6;350;4.600000;290.250000;288.450000;89;mq;mq;mq;mq;mq;mq;mq;mq;mq;mq;93460;mq;mq;mq;mq;mq;mq;mq;mq;mq;mq;mq;7.200000;-10;mq;mq;mq;mq;0.000000;0.000000;mq;mq;mq;710.000000;1107.000000;mq;mq;mq;mq;mq;mq;mq;mq;mq;mq;mq;mq;mq;mq;
07577;20110909030000;101330;-130;6;20;5.700000;293.450000;285.650000;61;20000;0;mq;mq;mq;mq;mq;mq;mq;mq;100470;mq;mq;mq;mq;mq;mq;mq;mq;mq;mq;mq;8.700000;-10;mq;mq;mq;mq;0.000000;0.000000;mq;mq;mq;710.000000;1109.000000;mq;mq;mq;mq;mq;mq;mq;mq;mq;mq;mq;mq;mq;mq;
07591;20110909030000;mq;-100;6;30;1.000000;286.350000;281.650000;73;mq;0;mq;mq;mq;mq;mq;mq;mq;mq;91520;mq;mq;mq;mq;mq;mq;mq;mq;mq;mq;mq;3.600000;-10;mq;mq;mq;mq;0.000000;0.000000;mq;mq;mq;710.000000;1104.000000;mq;mq;mq;mq;mq;mq;mq;mq;mq;mq;mq;mq;mq;mq;
07607;20110909030000;101570;-140;6;80;1.500000;288.350000;287.850000;97;500;45;mq;mq;101;mq;mq;62;61;60;100870;mq;mq;mq;mq;mq;mq;mq;mq;mq;mq;mq;1.500000;-10;mq;mq;mq;mq;0.200000;0.200000;mq;mq;mq;710.000000;1102.000000;mq;mq;mq;mq;mq;mq;mq;mq;mq;mq;mq;mq;mq;mq;
07621;20110909030000;101630;-150;6;200;1.500000;285.950000;285.450000;97;20000;2;mq;mq;10;0;8000;30;20;11;97350;mq;mq;mq;mq;mq;mq;mq;mq;mq;mq;mq;2.100000;-10;mq;mq;0.000000;-30;0.000000;0.000000;mq;mq;mq;710.000000;1102.000000;3100.000000;mq;1;0;7200;mq;mq;mq;mq;mq;mq;mq;mq;mq;
07627;20110909030000;101590;-160;8;150;3.100000;289.250000;286.950000;86;mq;mq;mq;mq;mq;mq;mq;mq;mq;mq;96830;mq;mq;mq;mq;mq;mq;mq;mq;mq;mq;mq;4.600000;-10;mq;mq;mq;mq;0.000000;0.000000;mq;mq;mq;710.000000;1105.000000;mq;mq;mq;mq;mq;mq;mq;mq;mq;mq;mq;mq;mq;mq;
07630;20110909030000;101610;-140;6;190;1.000000;289.150000;288.150000;94;18000;2;1;1;0;mq;mq;mq;mq;mq;99840;mq;mq;mq;mq;mq;mq;mq;mq;mq;mq;mq;1.500000;-10;mq;mq;0.000000;-30;0.000000;0.000000;mq;mq;mq;710.000000;1102.000000;3100.000000;mq;mq;mq;mq;mq;mq;mq;mq;mq;mq;mq;mq;mq;
07643;20110909030000;101330;-130;6;10;2.100000;291.350000;288.250000;82;50000;2;1;1;0;mq;mq;mq;mq;mq;101240;mq;mq;mq;mq;mq;mq;mq;mq;mq;mq;mq;2.100000;-10;mq;mq;mq;mq;0.000000;0.000000;mq;mq;mq;710.000000;1102.000000;mq;mq;mq;mq;mq;mq;mq;mq;mq;mq;mq;mq;mq;mq;
07650;20110909030000;101140;-80;6;320;5.100000;294.450000;285.850000;58;60000;2;1;1;0;mq;mq;mq;mq;mq;100770;mq;mq;mq;mq;mq;mq;mq;mq;mq;mq;mq;8.200000;-10;mq;mq;0.000000;-30;0.000000;0.000000;mq;mq;mq;710.000000;1108.000000;3100.000000;mq;mq;mq;mq;mq;mq;mq;mq;mq;mq;mq;mq;mq;
07661;20110909030000;101090;-10;5;180;3.100000;293.150000;291.650000;91;20000;2;1;1;0;mq;mq;mq;mq;mq;99540;mq;mq;mq;mq;mq;mq;mq;mq;mq;mq;mq;5.100000;-10;mq;mq;mq;mq;0.000000;0.000000;mq;mq;mq;710.000000;1105.000000;mq;mq;mq;mq;mq;mq;mq;mq;mq;mq;mq;mq;mq;mq;
07690;20110909030000;101130;-60;6;340;2.600000;293.750000;290.350000;81;20000;2;1;1;10;1;800;35;20;10;100800;mq;mq;mq;mq;mq;mq;mq;mq;mq;mq;mq;4.100000;-10;mq;mq;0.000000;-30;0.000000;0.000000;mq;mq;mq;710.000000;1104.000000;3100.000000;mq;1;6;690;mq;mq;mq;mq;mq;mq;mq;mq;mq;
07747;20110909030000;101470;-130;6;240;4.100000;292.650000;289.150000;80;60000;0;mq;mq;mq;mq;mq;mq;mq;mq;100950;mq;mq;mq;mq;mq;mq;mq;mq;mq;mq;mq;5.100000;-10;mq;mq;mq;mq;0.000000;0.000000;mq;mq;mq;710.000000;1105.000000;mq;mq;mq;mq;mq;mq;mq;mq;mq;mq;mq;mq;mq;mq;
07761;20110909030000;101150;-140;6;50;3.100000;291.950000;288.950000;83;20000;2;1;1;0;mq;mq;mq;mq;mq;101040;mq;mq;mq;mq;mq;mq;mq;mq;mq;mq;mq;4.100000;-10;mq;mq;0.000000;-30;0.000000;0.000000;mq;mq;mq;710.000000;1104.000000;3100.000000;mq;mq;mq;mq;mq;mq;mq;mq;mq;mq;mq;mq;mq;
07790;20110909030000;101130;-60;6;220;2.100000;291.450000;290.250000;93;20000;2;1;1;25;1;450;36;20;11;100990;mq;mq;mq;mq;mq;mq;mq;mq;mq;mq;mq;2.600000;-10;mq;mq;0.000000;-30;0.000000;0.000000;mq;mq;mq;710.000000;1103.000000;3100.000000;mq;1;7;300;mq;mq;mq;mq;mq;mq;mq;mq;mq;
61968;20110909030000;101600;mq;mq;100;3.100000;297.450000;292.550000;74;mq;mq;mq;mq;mq;mq;mq;mq;mq;mq;mq;mq;mq;60;mq;mq;mq;mq;mq;mq;mq;mq;6.700000;-10;mq;mq;mq;mq;0.000000;0.000000;mq;mq;mq;710.000000;1107.000000;mq;mq;mq;mq;mq;mq;mq;mq;mq;mq;mq;mq;mq;mq;
61970;20110909030000;101720;mq;mq;mq;mq;296.850000;293.150000;80;mq;mq;mq;mq;mq;mq;mq;mq;mq;mq;mq;mq;mq;10;mq;mq;mq;mq;mq;mq;mq;mq;mq;mq;mq;mq;mq;mq;0.000000;0.000000;mq;mq;mq;mq;mq;mq;mq;mq;mq;mq;mq;mq;mq;mq;mq;mq;mq;mq;mq;
61972;20110909030000;101910;mq;mq;150;4.600000;294.050000;290.650000;81;mq;mq;mq;mq;mq;mq;mq;mq;mq;mq;mq;mq;mq;mq;mq;mq;mq;mq;mq;mq;mq;mq;9.300000;-10;mq;mq;mq;mq;0.000000;0.000000;mq;mq;mq;710.000000;1109.000000;mq;mq;mq;mq;mq;mq;mq;mq;mq;mq;mq;mq;mq;mq;
61976;20110909030000;101850;mq;mq;140;9.300000;296.250000;291.150000;73;mq;mq;mq;mq;mq;mq;mq;mq;mq;mq;101700;mq;mq;mq;mq;mq;mq;mq;mq;mq;mq;mq;mq;mq;mq;mq;mq;mq;mq;mq;mq;mq;mq;mq;mq;mq;mq;mq;mq;mq;mq;mq;mq;mq;mq;mq;mq;mq;mq;
61980;20110909030000;102050;mq;mq;190;3.600000;291.150000;286.450000;74;10000;2;1;1;25;1;800;32;23;10;mq;mq;mq;50;mq;mq;mq;mq;mq;mq;mq;mq;5.100000;-10;mq;mq;mq;mq;0.000000;0.000000;mq;mq;mq;710.000000;1105.000000;2427.000000;mq;1;8;690;mq;mq;mq;mq;mq;mq;mq;mq;mq;
61996;20110909030000;mq;mq;mq;330;11.300000;286.950000;mq;mq;mq;mq;mq;mq;mq;mq;mq;mq;mq;mq;mq;mq;mq;220;mq;mq;mq;mq;mq;mq;mq;mq;15.400000;-10;mq;mq;mq;mq;0.000000;0.000000;mq;mq;mq;710.000000;1115.000000;mq;mq;mq;mq;mq;mq;mq;mq;mq;mq;mq;mq;mq;mq;
61997;20110909030000;100790;mq;mq;180;16.500000;271.950000;268.650000;76;mq;mq;mq;mq;mq;mq;mq;mq;mq;mq;mq;mq;mq;1420;mq;mq;mq;mq;mq;mq;mq;mq;23.100000;-30;mq;mq;mq;mq;mq;0.000000;mq;mq;mq;1123.000000;mq;mq;mq;mq;mq;mq;mq;mq;mq;mq;mq;mq;mq;mq;mq;
61998;20110909030000;98860;mq;mq;300;7.700000;273.650000;269.550000;74;30000;2;1;1;60;1;450;31;20;11;mq;mq;mq;690;mq;mq;mq;mq;mq;mq;mq;mq;10.300000;-10;mq;mq;mq;mq;0.000000;0.000000;mq;mq;mq;710.000000;1110.000000;mq;mq;1;8;450;5;0;7500;mq;mq;mq;mq;mq;mq;
67005;20110909030000;101650;mq;mq;220;2.100000;294.450000;293.050000;92;mq;0;mq;mq;mq;mq;mq;mq;mq;mq;mq;mq;mq;50;mq;mq;mq;mq;mq;mq;mq;mq;3.600000;-10;mq;mq;mq;mq;0.000000;0.000000;mq;mq;mq;710.000000;1104.000000;mq;mq;mq;mq;mq;mq;mq;mq;mq;mq;mq;mq;mq;mq;
71805;20110909030000;101120;-40;6;270;4.600000;287.250000;285.850000;91;45000;0;mq;mq;100;mq;800;mq;mq;mq;101040;mq;mq;mq;mq;mq;mq;mq;mq;mq;mq;mq;10.300000;-10;mq;mq;mq;mq;0.000000;0.000000;mq;mq;mq;710.000000;1110.000000;mq;mq;mq;mq;mq;mq;mq;mq;mq;mq;mq;mq;mq;mq;
78897;20110909030000;101440;90;0;70;4.100000;301.250000;296.850000;77;20000;2;1;1;90;2;800;32;20;12;mq;mq;mq;mq;mq;mq;mq;mq;mq;mq;mq;mq;mq;mq;mq;mq;mq;mq;mq;mq;mq;mq;mq;mq;mq;mq;mq;2;8;600;7;0;7800;mq;mq;mq;mq;mq;mq;
78922;20110909030000;101310;30;0;70;9.300000;301.950000;296.650000;73;mq;mq;mq;mq;mq;mq;mq;mq;mq;mq;100870;mq;mq;mq;mq;mq;mq;mq;mq;mq;mq;mq;mq;mq;mq;mq;mq;mq;mq;mq;mq;mq;mq;mq;mq;mq;mq;mq;mq;mq;mq;mq;mq;mq;mq;mq;mq;mq;mq;
78925;20110909030000;101310;50;0;50;5.100000;301.750000;297.350000;77;35000;0;mq;mq;mq;mq;800;mq;mq;mq;mq;mq;mq;mq;mq;mq;mq;mq;mq;mq;mq;mq;mq;mq;mq;mq;mq;mq;mq;mq;mq;mq;mq;mq;mq;mq;mq;mq;mq;mq;mq;mq;mq;mq;mq;mq;mq;mq;mq;
81401;20110909030000;101100;mq;mq;0;0.000000;297.650000;296.050000;91;mq;mq;mq;mq;mq;mq;mq;mq;mq;mq;101040;mq;mq;mq;mq;mq;mq;mq;mq;mq;mq;mq;mq;mq;mq;mq;mq;mq;mq;0.000000;mq;mq;mq;mq;mq;mq;mq;mq;mq;mq;mq;mq;mq;mq;mq;mq;mq;mq;mq;
81405;20110909030000;101180;mq;mq;0;0.000000;296.450000;295.950000;97;35000;0;mq;mq;mq;mq;mq;mq;mq;mq;101090;mq;mq;mq;mq;mq;mq;mq;mq;mq;mq;mq;mq;mq;mq;mq;mq;mq;mq;0.000000;mq;mq;mq;mq;mq;mq;mq;mq;mq;mq;mq;mq;mq;mq;mq;mq;mq;mq;mq;
81408;20110909030000;101190;mq;mq;0;0.000000;296.650000;296.150000;97;mq;mq;mq;mq;mq;mq;mq;mq;mq;mq;101110;mq;mq;mq;mq;mq;mq;mq;mq;mq;mq;mq;mq;mq;mq;mq;mq;mq;mq;0.000000;mq;mq;mq;mq;mq;mq;mq;mq;mq;mq;mq;mq;mq;mq;mq;mq;mq;mq;mq;
89642;20110909030000;99200;60;3;120;11.800000;254.650000;246.050000;43;40000;36;3;0;40;3;450;35;23;10;98630;mq;mq;mq;mq;mq;mq;mq;mq;mq;mq;17.500000;21.100000;-30;mq;mq;mq;mq;mq;mq;mq;mq;mq;1017.000000;1121.000000;mq;mq;1;7;300;3;6;1290;mq;mq;mq;mq;mq;mq;
07005;20110909060000;101160;60;3;250;6.200000;291.050000;290.550000;97;2500;51;5;5;100;8;150;37;61;60;100290;mq;mq;mq;289.150000;mq;291.050000;mq;289.150000;mq;mq;mq;9.800000;-10;2;0.000000;0.000000;-60;0.400000;3.000000;mq;7.000000;7.800000;710.000000;1110.000000;3100.000000;mq;8;7;120;mq;mq;mq;mq;mq;mq;mq;mq;mq;
07015;20110909060000;101090;40;3;210;2.100000;290.150000;289.650000;97;15000;21;mq;mq;100;7;250;36;61;60;100540;mq;mq;mq;288.750000;mq;290.150000;mq;288.150000;mq;mq;mq;3.100000;-10;1;0.000000;0.000000;-60;0.000000;0.000000;mq;0.200000;0.200000;710.000000;1103.000000;3100.000000;mq;7;7;240;mq;mq;mq;mq;mq;mq;mq;mq;mq;
07020;20110909060000;101280;90;3;240;7.700000;290.150000;290.150000;100;1100;10;4;2;100;8;800;36;61;60;101020;mq;mq;mq;289.950000;mq;290.150000;mq;mq;mq;mq;mq;10.300000;-10;mq;mq;mq;mq;0.000000;0.000000;mq;0.200000;0.400000;710.000000;1110.000000;mq;mq;8;7;600;mq;mq;mq;mq;mq;mq;mq;mq;mq;
07027;20110909060000;101280;70;3;220;5.100000;291.450000;290.850000;96;15000;60;6;5;90;7;250;37;61;60;100490;mq;mq;mq;291.250000;mq;292.450000;mq;291.150000;mq;mq;mq;8.200000;-10;2;0.000000;0.000000;-60;0.000000;0.000000;mq;0.200000;0.600000;710.000000;1108.000000;3100.000000;mq;5;7;240;6;6;990;mq;mq;mq;mq;mq;mq;
07037;20110909060000;101250;70;3;240;4.600000;291.550000;291.350000;99;4500;20;5;2;100;8;150;37;61;60;99480;mq;mq;mq;290.150000;mq;291.650000;mq;290.150000;mq;mq;mq;8.200000;-10;1;0.000000;0.000000;-60;0.000000;0.000000;mq;0.000000;0.000000;710.000000;1108.000000;3100.000000;mq;8;7;120;mq;mq;mq;mq;mq;mq;mq;mq;mq;
07110;20110909060000;101290;0;5;200;3.100000;289.750000;289.750000;100;100;46;5;4;100;8;30;37;61;60;100170;mq;mq;mq;289.650000;mq;290.650000;mq;289.150000;mq;mq;mq;4.600000;-10;2;0.000000;mq;mq;0.000000;0.000000;mq;1.000000;5.400000;710.000000;1105.000000;mq;mq;8;7;30;mq;mq;mq;mq;mq;mq;mq;mq;mq;
07117;20110909060000;101280;20;3;220;2.100000;290.450000;289.950000;97;5000;50;5;4;100;8;450;36;61;60;100600;mq;mq;mq;290.450000;mq;291.350000;mq;mq;mq;mq;mq;5.100000;-10;mq;mq;mq;mq;0.200000;0.400000;mq;0.400000;mq;710.000000;1105.000000;2426.000000;mq;mq;mq;mq;mq;mq;mq;mq;mq;mq;mq;mq;mq;
07130;20110909060000;101380;30;3;200;2.100000;291.350000;291.050000;98;25000;0;mq;mq;100;mq;150;mq;mq;mq;100870;mq;mq;mq;291.250000;mq;293.050000;mq;291.150000;mq;mq;mq;4.100000;-10;1;0.000000;mq;mq;0.000000;0.000000;mq;0.000000;0.200000;710.000000;1104.000000;mq;mq;mq;mq;mq;mq;mq;mq;mq;mq;mq;mq;mq;mq;
07139;20110909060000;101380;50;3;230;3.100000;291.150000;289.950000;93;3000;51;5;2;100;8;150;37;61;60;99700;mq;mq;mq;291.050000;mq;293.050000;mq;291.150000;mq;mq;mq;5.700000;-10;1;0.000000;0.000000;-60;0.000000;0.000000;mq;0.000000;0.400000;710.000000;1106.000000;3100.000000;mq;8;7;90;mq;mq;mq;mq;mq;mq;mq;mq;mq;
07149;20110909060000;101360;80;3;230;2.600000;292.350000;290.850000;91;15000;2;1;1;90;7;250;36;61;60;100310;mq;mq;mq;291.450000;mq;292.750000;mq;291.150000;mq;mq;mq;7.700000;-10;0;0.000000;0.000000;-60;0.000000;0.000000;mq;0.200000;0.400000;710.000000;1108.000000;3100.000000;mq;7;7;240;mq;mq;mq;mq;mq;mq;mq;mq;mq;
07168;20110909060000;101420;70;3;200;2.600000;292.250000;290.750000;91;20000;2;1;1;90;7;450;35;61;60;100040;mq;mq;mq;291.550000;mq;293.050000;mq;291.150000;mq;mq;mq;6.700000;-10;0;0.000000;0.000000;-60;0.000000;0.000000;mq;0.200000;0.200000;710.000000;1107.000000;3100.000000;mq;3;6;300;7;6;1080;mq;mq;mq;mq;mq;mq;
07181;20110909060000;101380;50;3;210;4.100000;290.950000;290.750000;99;3300;10;mq;mq;100;mq;150;mq;mq;mq;97430;mq;mq;mq;289.150000;mq;290.950000;mq;288.150000;mq;mq;mq;5.700000;-10;mq;mq;mq;mq;0.000000;0.800000;mq;0.800000;0.800000;710.000000;1106.000000;mq;mq;mq;mq;mq;mq;mq;mq;mq;mq;mq;mq;mq;mq;
07190;20110909060000;101460;50;3;190;4.100000;290.650000;288.050000;85;60000;0;mq;mq;100;mq;800;mq;mq;mq;99690;mq;mq;mq;289.450000;mq;291.950000;mq;288.150000;mq;mq;mq;6.200000;-10;0;0.000000;mq;mq;0.000000;0.000000;mq;0.000000;0.000000;710.000000;1106.000000;mq;mq;mq;mq;mq;mq;mq;mq;mq;mq;mq;mq;mq;mq;
07207;20110909060000;mq;mq;mq;250;1.000000;290.650000;290.150000;97;200;51;5;4;101;mq;mq;62;61;60;mq;mq;mq;mq;290.450000;mq;291.050000;mq;mq;mq;mq;mq;2.100000;-10;mq;mq;mq;mq;0.200000;0.400000;mq;0.800000;mq;710.000000;1102.000000;2432.000000;mq;mq;mq;mq;mq;mq;mq;mq;mq;mq;mq;mq;mq;
07222;20110909060000;101450;10;3;230;1.500000;291.350000;291.150000;99;1500;50;5;2;100;7;80;37;61;60;101140;mq;mq;mq;291.250000;mq;291.550000;mq;291.150000;mq;mq;mq;4.600000;-10;2;0.000000;mq;mq;0.000000;0.200000;mq;1.000000;1.400000;710.000000;1105.000000;mq;mq;7;7;60;mq;mq;mq;mq;mq;mq;mq;mq;mq;
07240;20110909060000;101500;40;3;200;2.600000;290.850000;290.350000;97;6000;2;mq;mq;100;8;80;36;61;60;100190;mq;mq;mq;290.750000;mq;295.650000;mq;290.150000;mq;mq;mq;4.600000;-10;0;0.000000;0.000000;-60;0.000000;0.000000;mq;0.000000;0.200000;710.000000;1105.000000;3100.000000;mq;8;7;90;mq;mq;mq;mq;mq;mq;mq;mq;mq;
07255;20110909060000;101570;30;3;250;1.500000;291.450000;290.150000;92;15000;20;5;2;90;7;250;35;61;60;99630;mq;mq;mq;291.350000;mq;295.450000;mq;291.150000;mq;mq;mq;4.100000;-10;1;0.000000;0.000000;-60;0.000000;0.000000;mq;0.000000;0.000000;710.000000;1104.000000;3100.000000;mq;2;7;180;7;6;780;mq;mq;mq;mq;mq;mq;
07280;20110909060000;101550;40;3;160;1.000000;290.650000;290.050000;96;9000;0;mq;mq;mq;mq;80;mq;mq;mq;98900;mq;mq;mq;290.350000;mq;294.250000;mq;289.150000;mq;mq;mq;2.100000;-10;mq;mq;mq;mq;0.200000;0.200000;mq;5.000000;4.800000;710.000000;1102.000000;mq;mq;mq;mq;mq;mq;mq;mq;mq;mq;mq;mq;mq;mq;
07299;20110909060000;101570;70;3;0;0.000000;290.350000;289.050000;92;15000;2;1;1;90;7;800;35;61;60;98390;mq;mq;mq;288.850000;mq;292.250000;mq;288.150000;mq;mq;mq;3.100000;-10;0;0.000000;mq;mq;0.000000;0.000000;mq;0.000000;0.000000;710.000000;1103.000000;mq;mq;1;6;600;7;6;990;mq;mq;mq;mq;mq;mq;
07314;20110909060000;101540;-10;5;130;1.500000;291.550000;290.550000;94;15000;2;1;1;90;7;3500;30;27;60;101270;mq;mq;mq;291.150000;mq;292.850000;mq;mq;mq;mq;mq;3.600000;-10;mq;mq;mq;mq;0.000000;0.000000;mq;0.000000;0.000000;710.000000;1104.000000;2437.000000;mq;3;4;2400;4;3;2700;mq;mq;mq;mq;mq;mq;
07335;20110909060000;101590;10;3;200;2.100000;289.150000;288.850000;98;900;42;4;1;75;6;30;37;20;12;100170;mq;mq;mq;288.350000;mq;294.450000;mq;287.150000;mq;mq;mq;2.600000;-10;1;0.000000;0.000000;-60;0.000000;0.000000;mq;0.000000;0.400000;710.000000;1103.000000;3100.000000;mq;6;7;30;mq;mq;mq;mq;mq;mq;mq;mq;mq;
07434;20110909060000;101590;-20;5;210;1.500000;289.750000;289.250000;97;6000;1;6;5;90;7;150;37;61;60;96930;mq;mq;mq;289.650000;mq;292.550000;mq;290.150000;mq;mq;mq;3.100000;-10;1;0.000000;0.000000;-60;0.000000;0.200000;mq;0.600000;2.000000;710.000000;1103.000000;3100.000000;mq;7;7;90;mq;mq;mq;mq;mq;mq;mq;mq;mq;
07460;20110909060000;101590;0;5;0;0.000000;290.550000;288.550000;88;40000;1;mq;mq;40;3;1250;35;23;10;97810;mq;mq;mq;289.950000;mq;296.550000;mq;288.150000;mq;mq;mq;1.000000;-10;0;0.000000;0.000000;-60;0.000000;0.000000;mq;0.000000;0.000000;710.000000;1101.000000;3100.000000;mq;3;6;990;mq;mq;mq;mq;mq;mq;mq;mq;mq;
07471;20110909060000;mq;10;3;0;0.000000;286.550000;286.350000;99;25000;2;1;1;90;7;450;35;61;60;92210;85000;17710;mq;283.650000;mq;291.750000;mq;281.150000;mq;mq;mq;4.600000;-10;1;0.000000;0.000000;-60;0.000000;0.000000;mq;0.000000;0.000000;710.000000;1105.000000;3100.000000;mq;7;6;480;mq;mq;mq;mq;mq;mq;mq;mq;mq;
07481;20110909060000;101580;30;3;0;0.000000;291.350000;287.850000;80;20000;2;1;1;90;7;800;35;61;60;98790;mq;mq;mq;290.850000;mq;295.750000;mq;288.150000;mq;mq;mq;1.500000;-10;0;0.000000;0.000000;-60;0.000000;0.000000;mq;0.000000;0.000000;710.000000;1102.000000;3100.000000;mq;7;6;840;mq;mq;mq;mq;mq;mq;mq;mq;mq;
07510;20110909060000;101510;-50;5;110;3.100000;291.850000;291.850000;100;8000;2;1;1;100;7;80;36;61;60;100880;mq;mq;mq;290.050000;mq;294.650000;mq;288.150000;mq;mq;mq;4.100000;-10;0;0.000000;0.000000;-60;0.000000;0.000000;mq;0.000000;0.400000;710.000000;1104.000000;3100.000000;mq;7;7;90;mq;mq;mq;mq;mq;mq;mq;mq;mq;
07535;20110909060000;101590;-50;5;0;0.000000;289.550000;289.250000;98;300;46;4;1;40;3;800;31;20;10;98540;mq;mq;mq;289.150000;mq;295.150000;mq;288.150000;mq;mq;mq;1.000000;-10;1;0.000000;0.000000;-60;0.000000;0.000000;mq;0.000000;0.800000;710.000000;1101.000000;3100.000000;mq;3;8;600;mq;mq;mq;mq;mq;mq;mq;mq;mq;
07558;20110909060000;101570;-30;6;360;2.600000;288.250000;287.650000;96;60000;2;1;1;10;1;450;35;20;10;93430;mq;mq;mq;287.750000;mq;292.550000;mq;286.150000;mq;mq;mq;3.600000;-10;0;0.000000;0.000000;-60;0.000000;0.000000;mq;0.000000;0.000000;710.000000;1104.000000;3100.000000;mq;1;6;480;mq;mq;mq;mq;mq;mq;mq;mq;mq;
07577;20110909060000;101330;0;4;20;5.700000;293.450000;286.150000;63;40000;2;1;1;10;1;1750;35;20;11;100470;mq;mq;mq;290.950000;mq;297.450000;mq;288.150000;mq;mq;mq;9.800000;-10;0;0.000000;0.000000;-60;0.000000;0.000000;mq;0.000000;0.000000;710.000000;1110.000000;3100.000000;mq;1;6;1500;mq;mq;mq;mq;mq;mq;mq;mq;mq;
07591;20110909060000;mq;70;3;120;0.500000;285.750000;281.250000;74;mq;0;mq;mq;mq;mq;mq;mq;mq;mq;91590;mq;mq;mq;284.850000;mq;294.750000;mq;281.150000;mq;mq;mq;2.600000;-10;mq;mq;mq;mq;0.000000;0.000000;mq;0.000000;0.000000;710.000000;1103.000000;mq;mq;mq;mq;mq;mq;mq;mq;mq;mq;mq;mq;mq;mq;
07607;20110909060000;101490;-90;6;80;1.500000;287.050000;286.750000;98;800;46;4;4;0;mq;mq;mq;mq;mq;100780;mq;mq;mq;286.850000;mq;296.650000;mq;286.150000;mq;mq;mq;2.100000;-10;mq;mq;mq;mq;0.000000;0.000000;mq;0.200000;0.200000;710.000000;1102.000000;mq;mq;mq;mq;mq;mq;mq;mq;mq;mq;mq;mq;mq;mq;
07621;20110909060000;101530;-100;6;220;1.000000;285.650000;285.150000;97;50000;2;mq;mq;10;0;8000;30;20;11;97250;mq;mq;mq;285.450000;mq;293.350000;mq;282.150000;mq;mq;mq;4.100000;-10;0;0.000000;0.000000;-60;0.000000;0.000000;mq;0.000000;0.000000;710.000000;1104.000000;3100.000000;mq;1;0;7200;mq;mq;mq;mq;mq;mq;mq;mq;mq;
07627;20110909060000;101570;-30;6;150;2.600000;288.450000;286.150000;86;50000;2;1;1;0;mq;mq;mq;mq;mq;96800;mq;mq;mq;286.750000;mq;294.950000;mq;285.150000;mq;mq;mq;4.600000;-10;1;0.000000;mq;mq;0.000000;0.000000;mq;0.000000;0.000000;710.000000;1105.000000;mq;mq;mq;mq;mq;mq;mq;mq;mq;mq;mq;mq;mq;mq;
07630;20110909060000;101580;-30;6;150;0.500000;288.650000;287.850000;95;15000;2;1;1;0;mq;mq;mq;mq;mq;99810;mq;mq;mq;288.450000;mq;296.750000;mq;285.150000;mq;mq;mq;2.100000;-10;0;0.000000;0.000000;-60;0.000000;0.000000;mq;0.000000;0.000000;710.000000;1102.000000;3100.000000;mq;mq;mq;mq;mq;mq;mq;mq;mq;mq;mq;mq;mq;
07643;20110909060000;101360;mq;3;300;1.500000;293.150000;288.950000;77;75000;2;1;1;0;mq;mq;mq;mq;mq;101270;mq;mq;mq;290.850000;mq;301.550000;mq;289.150000;mq;mq;mq;2.600000;-10;0;0.000000;0.000000;-60;0.000000;0.000000;mq;0.000000;0.000000;710.000000;1103.000000;3100.000000;mq;mq;mq;mq;mq;mq;mq;mq;mq;mq;mq;mq;mq;
07650;20110909060000;101210;70;3;10;2.100000;293.650000;285.650000;60;75000;2;1;1;10;0;8000;30;20;12;100840;mq;mq;mq;292.150000;mq;300.450000;mq;286.150000;mq;mq;mq;3.100000;-10;0;0.000000;0.000000;-60;0.000000;0.000000;mq;0.000000;0.000000;710.000000;1103.000000;3100.000000;mq;1;0;7500;mq;mq;mq;mq;mq;mq;mq;mq;mq;
07661;20110909060000;101200;110;3;120;1.000000;293.250000;287.650000;70;25000;2;1;1;25;1;450;32;20;11;99650;mq;mq;mq;291.950000;mq;301.150000;mq;mq;mq;mq;mq;4.100000;-10;mq;mq;mq;mq;0.000000;0.000000;mq;0.000000;0.000000;710.000000;1104.000000;mq;mq;1;8;480;mq;mq;mq;mq;mq;mq;mq;mq;mq;
07690;20110909060000;101240;110;3;340;3.100000;293.750000;288.950000;74;25000;2;1;1;25;2;450;35;20;10;100910;mq;mq;mq;293.350000;mq;296.250000;mq;293.150000;mq;mq;mq;5.100000;-10;0;0.000000;0.000000;-60;0.000000;0.000000;mq;0.000000;0.000000;710.000000;1105.000000;3100.000000;mq;2;6;480;mq;mq;mq;mq;mq;mq;mq;mq;mq;
07747;20110909060000;101430;-30;5;250;2.600000;293.050000;289.050000;78;45000;2;1;1;0;mq;mq;mq;mq;mq;100920;mq;mq;mq;291.350000;mq;299.350000;mq;289.150000;mq;mq;mq;4.600000;-10;0;0.000000;0.000000;-60;0.000000;0.000000;mq;0.000000;0.000000;710.000000;1105.000000;3100.000000;mq;mq;mq;mq;mq;mq;mq;mq;mq;mq;mq;mq;mq;
07761;20110909060000;101210;60;3;50;4.100000;291.950000;287.650000;76;20000;2;1;1;10;1;450;35;20;11;101100;mq;mq;mq;290.850000;mq;296.350000;mq;290.150000;mq;mq;mq;5.700000;-10;0;0.000000;0.000000;-60;0.000000;0.000000;mq;0.000000;0.000000;710.000000;1106.000000;3100.000000;mq;1;6;390;mq;mq;mq;mq;mq;mq;mq;mq;mq;
07790;20110909060000;101230;100;3;220;1.500000;292.850000;291.350000;91;20000;2;1;1;40;3;450;35;20;10;101090;mq;mq;mq;291.050000;mq;296.550000;mq;290.150000;mq;mq;mq;3.100000;-10;0;0.000000;0.000000;-60;0.200000;0.200000;mq;0.200000;0.200000;710.000000;1103.000000;3100.000000;mq;3;6;480;mq;mq;mq;mq;mq;mq;mq;mq;mq;
61970;20110909060000;101940;mq;mq;mq;mq;299.850000;293.650000;69;mq;mq;mq;mq;mq;mq;mq;mq;mq;mq;mq;mq;mq;mq;296.850000;mq;mq;mq;mq;mq;mq;mq;mq;mq;mq;mq;mq;mq;0.000000;mq;mq;mq;0.000000;mq;mq;mq;mq;mq;mq;mq;mq;mq;mq;mq;mq;mq;mq;mq;mq;
61972;20110909060000;102030;mq;mq;140;5.700000;297.050000;290.750000;68;mq;mq;mq;mq;mq;mq;mq;mq;mq;mq;mq;mq;mq;mq;293.750000;mq;mq;mq;mq;mq;mq;mq;11.800000;-10;mq;mq;mq;mq;0.000000;mq;mq;mq;0.000000;710.000000;1112.000000;mq;mq;mq;mq;mq;mq;mq;mq;mq;mq;mq;mq;mq;mq;
61976;20110909060000;101990;mq;mq;140;8.200000;299.550000;291.150000;60;mq;mq;mq;mq;mq;mq;mq;mq;mq;mq;101840;mq;mq;100;mq;mq;mq;mq;mq;mq;mq;mq;mq;mq;mq;mq;mq;mq;mq;mq;mq;mq;mq;mq;mq;mq;mq;mq;mq;mq;mq;mq;mq;mq;mq;mq;mq;mq;mq;
61980;20110909060000;102150;mq;mq;40;2.100000;297.550000;288.450000;57;10000;2;1;1;40;1;800;32;23;10;mq;mq;mq;mq;290.450000;mq;mq;mq;289.150000;mq;mq;mq;4.100000;-10;mq;mq;mq;mq;0.000000;mq;mq;mq;0.000000;710.000000;1104.000000;2427.000000;mq;1;8;690;3;3;3300;mq;mq;mq;mq;mq;mq;
61996;20110909060000;mq;mq;mq;310;12.300000;286.250000;mq;mq;mq;mq;mq;mq;mq;mq;mq;mq;mq;mq;mq;mq;mq;mq;284.450000;mq;mq;mq;283.150000;mq;mq;mq;18.500000;-10;mq;mq;mq;mq;0.400000;mq;mq;mq;0.600000;710.000000;1119.000000;mq;mq;mq;mq;mq;mq;mq;mq;mq;mq;mq;mq;mq;mq;
61997;20110909060000;101200;mq;mq;190;18.000000;272.850000;270.450000;82;mq;mq;mq;mq;mq;mq;mq;mq;mq;mq;mq;mq;mq;mq;269.350000;mq;mq;mq;269.150000;mq;mq;mq;23.700000;-60;mq;mq;mq;mq;mq;mq;mq;mq;0.000000;1124.000000;mq;mq;mq;mq;mq;mq;mq;mq;mq;mq;mq;mq;mq;mq;mq;
61998;20110909060000;98970;mq;mq;310;8.700000;275.250000;270.150000;69;35000;2;1;1;25;1;450;31;20;11;mq;mq;mq;mq;272.450000;mq;mq;mq;272.150000;mq;mq;mq;12.300000;-10;mq;mq;mq;mq;0.000000;mq;mq;mq;0.200000;710.000000;1112.000000;mq;mq;1;8;450;mq;mq;mq;mq;mq;mq;mq;mq;mq;
67005;20110909060000;101820;mq;mq;240;1.000000;299.650000;293.250000;68;mq;0;mq;mq;mq;mq;mq;mq;mq;mq;mq;mq;mq;mq;294.350000;mq;mq;mq;292.150000;mq;mq;mq;2.100000;-10;mq;mq;mq;mq;0.000000;mq;mq;mq;0.000000;710.000000;1102.000000;mq;mq;mq;mq;mq;mq;mq;mq;mq;mq;mq;mq;mq;mq;
71805;20110909060000;100920;-200;7;240;5.100000;286.750000;286.150000;96;8000;0;mq;mq;100;mq;450;mq;mq;mq;100840;mq;mq;mq;mq;286.250000;mq;287.650000;285.150000;mq;mq;mq;7.700000;-10;mq;mq;mq;mq;0.000000;0.000000;mq;3.000000;7.400000;710.000000;1108.000000;mq;mq;mq;mq;mq;mq;mq;mq;mq;mq;mq;mq;mq;mq;
78897;20110909060000;101220;-220;8;40;1.500000;300.350000;296.550000;80;20000;2;1;1;90;2;800;32;20;12;mq;mq;mq;mq;mq;299.750000;mq;305.550000;275.150000;mq;mq;mq;mq;mq;mq;mq;mq;mq;mq;mq;0.000000;mq;0.200000;mq;mq;mq;mq;2;8;600;7;0;7800;mq;mq;mq;mq;mq;mq;
78922;20110909060000;101060;-250;8;50;9.300000;301.550000;296.250000;73;mq;mq;mq;mq;mq;mq;mq;mq;mq;mq;100620;mq;mq;mq;mq;mq;mq;mq;mq;mq;mq;mq;mq;mq;mq;mq;mq;mq;mq;mq;mq;mq;mq;mq;mq;mq;mq;mq;mq;mq;mq;mq;mq;mq;mq;mq;mq;mq;mq;
78925;20110909060000;101050;-260;8;40;3.100000;301.150000;296.750000;77;40000;0;mq;mq;mq;mq;800;mq;mq;mq;mq;mq;mq;mq;mq;297.850000;mq;304.650000;mq;mq;mq;mq;mq;mq;mq;mq;mq;mq;mq;mq;0.000000;mq;5.100000;mq;mq;mq;mq;mq;mq;mq;mq;mq;mq;mq;mq;mq;mq;mq;mq;
81401;20110909060000;100910;mq;mq;170;0.500000;296.650000;295.450000;93;mq;mq;mq;mq;mq;mq;mq;mq;mq;mq;100850;mq;mq;mq;mq;mq;mq;mq;mq;mq;mq;mq;mq;mq;mq;mq;mq;mq;mq;0.000000;0.000000;mq;mq;mq;mq;mq;mq;mq;mq;mq;mq;mq;mq;mq;mq;mq;mq;mq;mq;
81405;20110909060000;100960;mq;mq;0;0.000000;295.750000;295.550000;99;35000;0;mq;mq;mq;mq;450;mq;mq;mq;100870;mq;mq;mq;mq;mq;mq;mq;295.150000;mq;mq;mq;mq;mq;mq;mq;mq;mq;mq;0.000000;0.000000;mq;mq;mq;mq;mq;mq;mq;mq;mq;mq;mq;mq;mq;mq;mq;mq;mq;mq;
81408;20110909060000;100940;mq;mq;0;0.000000;296.250000;295.950000;98;mq;mq;mq;mq;mq;mq;mq;mq;mq;mq;100860;mq;mq;mq;mq;mq;mq;mq;mq;mq;mq;mq;mq;mq;mq;mq;mq;mq;mq;0.000000;0.000000;mq;mq;mq;mq;mq;mq;mq;mq;mq;mq;mq;mq;mq;mq;mq;mq;mq;mq;
89642;20110909060000;99220;20;3;130;8.700000;254.750000;245.250000;39;40000;3;3;1;90;6;1250;35;23;10;98650;mq;mq;mq;mq;mq;mq;mq;274.150000;mq;mq;15.900000;21.100000;-60;mq;mq;mq;mq;mq;mq;mq;mq;mq;1016.000000;1121.000000;mq;mq;6;6;1290;mq;mq;mq;mq;mq;mq;mq;mq;mq;
07005;20110909090000;101300;140;3;260;6.200000;291.150000;290.550000;96;6000;2;5;2;100;8;150;35;61;60;100430;mq;mq;mq;mq;mq;mq;mq;mq;mq;mq;mq;11.800000;-10;mq;mq;0.000000;-30;0.000000;0.000000;mq;mq;mq;710.000000;1112.000000;3100.000000;mq;8;6;150;mq;mq;mq;mq;mq;mq;mq;mq;mq;
07015;20110909090000;101200;110;3;260;4.600000;291.450000;290.650000;95;12000;1;6;2;100;7;150;36;61;60;100650;mq;mq;mq;mq;mq;mq;mq;mq;mq;mq;mq;7.700000;-10;mq;mq;0.000000;-30;0.000000;1.000000;mq;mq;mq;710.000000;1108.000000;3100.000000;mq;7;7;150;mq;mq;mq;mq;mq;mq;mq;mq;mq;
07020;20110909090000;101350;70;2;230;4.100000;290.650000;290.350000;98;4500;10;2;2;100;8;800;36;61;60;101090;mq;mq;mq;mq;mq;mq;mq;mq;mq;mq;mq;6.700000;-10;mq;mq;mq;mq;0.000000;0.000000;mq;mq;mq;710.000000;1107.000000;mq;mq;8;7;600;mq;mq;mq;mq;mq;mq;mq;mq;mq;
07027;20110909090000;101380;110;1;230;3.600000;293.350000;291.150000;87;40000;1;6;2;90;7;450;35;61;60;100600;mq;mq;mq;mq;mq;mq;mq;mq;mq;mq;mq;7.200000;-10;mq;mq;0.000000;-30;0.000000;0.000000;mq;mq;mq;710.000000;1107.000000;3100.000000;mq;7;6;390;mq;mq;mq;mq;mq;mq;mq;mq;mq;
07037;20110909090000;101380;130;1;250;2.600000;291.950000;291.650000;98;8000;2;5;2;100;8;150;37;61;60;99610;mq;mq;mq;mq;mq;mq;mq;mq;mq;mq;mq;6.200000;-10;mq;mq;0.000000;-30;0.000000;0.000000;mq;mq;mq;710.000000;1106.000000;3100.000000;mq;7;7;120;8;6;240;mq;mq;mq;mq;mq;mq;
07110;20110909090000;101250;-30;5;190;2.600000;290.850000;290.850000;100;1200;50;5;4;100;8;30;37;61;60;100140;mq;mq;mq;mq;mq;mq;mq;mq;mq;mq;mq;4.600000;-10;mq;mq;mq;mq;0.000000;0.000000;mq;mq;mq;710.000000;1105.000000;mq;mq;8;7;30;mq;mq;mq;mq;mq;mq;mq;mq;mq;
07117;20110909090000;101250;-20;8;170;1.500000;293.450000;292.650000;95;20000;2;5;2;100;8;800;35;61;60;100580;mq;mq;mq;mq;mq;mq;mq;mq;mq;mq;mq;4.100000;-10;mq;mq;mq;mq;0.000000;0.000000;mq;mq;mq;710.000000;1104.000000;2428.000000;mq;mq;mq;mq;mq;mq;mq;mq;mq;mq;mq;mq;mq;
07130;20110909090000;101390;20;0;180;2.600000;293.550000;291.850000;90;55000;0;mq;mq;100;mq;250;mq;mq;mq;100890;mq;mq;mq;mq;mq;mq;mq;mq;mq;mq;mq;4.100000;-10;mq;mq;mq;mq;0.000000;0.000000;mq;mq;mq;710.000000;1104.000000;mq;mq;mq;mq;mq;mq;mq;mq;mq;mq;mq;mq;mq;mq;
07139;20110909090000;101450;70;2;230;2.600000;292.450000;290.950000;91;4500;50;5;5;100;8;150;37;61;60;99770;mq;mq;mq;mq;mq;mq;mq;mq;mq;mq;mq;4.600000;-10;mq;mq;0.000000;-30;0.000000;0.600000;mq;mq;mq;710.000000;1105.000000;3100.000000;mq;3;7;90;8;7;180;mq;mq;mq;mq;mq;mq;
07149;20110909090000;101460;100;2;240;3.600000;293.950000;291.550000;86;18000;2;1;1;90;7;450;35;61;60;100410;mq;mq;mq;mq;mq;mq;mq;mq;mq;mq;mq;6.700000;-10;mq;mq;0.000000;-30;0.000000;0.000000;mq;mq;mq;710.000000;1107.000000;3100.000000;mq;6;7;300;7;6;840;mq;mq;mq;mq;mq;mq;
07168;20110909090000;101490;90;3;240;4.600000;295.850000;290.950000;74;25000;2;1;1;90;7;450;38;61;60;100130;mq;mq;mq;mq;mq;mq;mq;mq;mq;mq;mq;6.200000;-10;mq;mq;0.000000;-30;0.000000;0.000000;mq;mq;mq;710.000000;1106.000000;3100.000000;mq;4;8;480;5;6;1200;mq;mq;mq;mq;mq;mq;
07181;20110909090000;101460;90;3;250;4.100000;292.050000;291.850000;99;4700;58;mq;mq;100;mq;150;mq;mq;mq;97520;mq;mq;mq;mq;mq;mq;mq;mq;mq;mq;mq;6.200000;-10;mq;mq;mq;mq;0.400000;2.000000;mq;mq;mq;710.000000;1106.000000;mq;mq;mq;mq;mq;mq;mq;mq;mq;mq;mq;mq;mq;mq;
07190;20110909090000;101460;20;3;190;2.600000;294.050000;289.850000;77;60000;0;mq;mq;100;mq;800;mq;mq;mq;99710;mq;mq;mq;mq;mq;mq;mq;mq;mq;mq;mq;6.200000;-10;mq;mq;mq;mq;0.000000;0.000000;mq;mq;mq;710.000000;1106.000000;mq;mq;mq;mq;mq;mq;mq;mq;mq;mq;mq;mq;mq;mq;
07207;20110909090000;mq;mq;mq;150;2.100000;291.150000;290.650000;97;mq;mq;mq;mq;mq;mq;mq;mq;mq;mq;mq;mq;mq;mq;mq;mq;mq;mq;mq;mq;mq;mq;3.600000;-10;mq;mq;mq;mq;0.000000;0.000000;mq;mq;mq;710.000000;1104.000000;mq;mq;mq;mq;mq;mq;mq;mq;mq;mq;mq;mq;mq;mq;
07222;20110909090000;101430;-10;7;160;2.100000;292.950000;292.750000;99;7000;20;5;2;100;7;450;37;61;60;101130;mq;mq;mq;mq;mq;mq;mq;mq;mq;mq;mq;3.600000;-10;mq;mq;mq;mq;0.000000;0.000000;mq;mq;mq;710.000000;1104.000000;mq;mq;7;7;300;mq;mq;mq;mq;mq;mq;mq;mq;mq;
07240;20110909090000;101540;40;3;200;2.100000;292.750000;291.050000;90;18000;0;mq;mq;100;mq;250;mq;mq;mq;100230;mq;mq;mq;mq;mq;mq;mq;mq;mq;mq;mq;4.600000;-10;mq;mq;mq;mq;0.000000;0.000000;mq;mq;mq;710.000000;1105.000000;mq;mq;mq;mq;mq;mq;mq;mq;mq;mq;mq;mq;mq;mq;
07255;20110909090000;101590;40;1;230;3.600000;294.250000;289.850000;76;18000;20;5;2;90;7;450;38;61;60;99670;mq;mq;mq;mq;mq;mq;mq;mq;mq;mq;mq;5.100000;-10;mq;mq;0.000000;-30;0.000000;0.200000;mq;mq;mq;710.000000;1105.000000;3100.000000;mq;3;8;330;7;6;900;mq;mq;mq;mq;mq;mq;
07280;20110909090000;101590;70;3;190;2.100000;293.950000;291.750000;87;60000;0;mq;mq;100;mq;1250;mq;mq;mq;98970;mq;mq;mq;mq;mq;mq;mq;mq;mq;mq;mq;4.100000;-10;mq;mq;mq;mq;0.000000;0.000000;mq;mq;mq;710.000000;1104.000000;mq;mq;mq;mq;mq;mq;mq;mq;mq;mq;mq;mq;mq;mq;
07299;20110909090000;101520;0;5;100;2.100000;294.550000;289.750000;74;25000;2;1;1;90;7;800;38;61;60;98390;mq;mq;mq;mq;mq;mq;mq;mq;mq;mq;mq;4.100000;-10;mq;mq;0.000000;-30;0.000000;0.000000;mq;mq;mq;710.000000;1104.000000;3100.000000;mq;2;8;600;6;6;690;mq;mq;mq;mq;mq;mq;
07314;20110909090000;101500;-40;5;80;3.600000;294.250000;292.850000;92;18000;2;1;1;90;7;3500;30;27;60;101230;mq;mq;mq;mq;mq;mq;mq;mq;mq;mq;mq;5.700000;-10;mq;mq;mq;mq;0.000000;0.000000;mq;mq;mq;710.000000;1106.000000;2437.000000;mq;3;4;2400;4;3;2700;mq;mq;mq;mq;mq;mq;
07335;20110909090000;101560;-10;8;160;2.100000;293.450000;290.050000;81;20000;1;4;2;90;6;450;35;20;11;100160;mq;mq;mq;mq;mq;mq;mq;mq;mq;mq;mq;3.100000;-10;mq;mq;0.000000;-30;0.000000;0.000000;mq;mq;mq;710.000000;1103.000000;3100.000000;mq;6;6;420;mq;mq;mq;mq;mq;mq;mq;mq;mq;
07434;20110909090000;101570;10;3;150;1.500000;291.450000;290.150000;92;40000;1;5;2;90;7;150;36;61;60;96940;mq;mq;mq;mq;mq;mq;mq;mq;mq;mq;mq;3.100000;-10;mq;mq;0.000000;-30;0.000000;0.000000;mq;mq;mq;710.000000;1103.000000;3100.000000;mq;7;7;180;mq;mq;mq;mq;mq;mq;mq;mq;mq;
07460;20110909090000;101540;20;3;130;2.600000;295.650000;289.650000;69;40000;2;1;1;25;2;800;38;20;10;97830;mq;mq;mq;mq;mq;mq;mq;mq;mq;mq;mq;5.100000;-10;mq;mq;0.000000;-30;0.000000;0.000000;mq;mq;mq;710.000000;1105.000000;3100.000000;mq;2;8;780;mq;mq;mq;mq;mq;mq;mq;mq;mq;
07471;20110909090000;mq;50;3;50;1.500000;290.750000;287.650000;82;25000;2;1;1;90;7;450;35;61;60;92260;85000;17760;mq;mq;mq;mq;mq;mq;mq;mq;mq;3.100000;-10;mq;mq;0.000000;-30;0.000000;0.000000;mq;mq;mq;710.000000;1103.000000;3100.000000;mq;7;6;450;mq;mq;mq;mq;mq;mq;mq;mq;mq;
07481;20110909090000;101550;10;2;350;4.100000;295.150000;289.450000;70;50000;2;1;1;90;7;450;38;61;60;98800;mq;mq;mq;mq;mq;mq;mq;mq;mq;mq;mq;6.700000;-10;mq;mq;0.000000;-30;0.000000;0.000000;mq;mq;mq;710.000000;1107.000000;3100.000000;mq;1;8;450;7;6;720;mq;mq;mq;mq;mq;mq;
07510;20110909090000;101440;-70;6;100;5.100000;293.950000;292.750000;93;30000;2;1;1;90;7;450;35;61;60;100810;mq;mq;mq;mq;mq;mq;mq;mq;mq;mq;mq;7.200000;-10;mq;mq;0.000000;-30;0.000000;0.000000;mq;mq;mq;710.000000;1107.000000;3100.000000;mq;7;6;300;mq;mq;mq;mq;mq;mq;mq;mq;mq;
07535;20110909090000;101480;-30;6;60;2.100000;296.450000;289.950000;67;15000;3;4;0;25;1;800;31;20;11;98510;mq;mq;mq;mq;mq;mq;mq;mq;mq;mq;mq;4.600000;-10;mq;mq;0.000000;-30;0.000000;0.000000;mq;mq;mq;710.000000;1105.000000;3100.000000;mq;1;8;600;mq;mq;mq;mq;mq;mq;mq;mq;mq;
07558;20110909090000;101380;10;0;60;2.100000;294.750000;288.150000;66;60000;2;1;1;0;mq;mq;mq;mq;mq;93420;mq;mq;mq;mq;mq;mq;mq;mq;mq;mq;mq;5.700000;-10;mq;mq;0.000000;-30;0.000000;0.000000;mq;mq;mq;710.000000;1106.000000;3100.000000;mq;mq;mq;mq;mq;mq;mq;mq;mq;mq;mq;mq;mq;
07577;20110909090000;101390;70;3;30;6.700000;298.850000;288.250000;52;40000;2;1;1;10;1;2250;35;20;11;100540;mq;mq;mq;mq;mq;mq;mq;mq;mq;mq;mq;13.400000;-10;mq;mq;0.000000;-30;0.000000;0.000000;mq;mq;mq;710.000000;1113.000000;3100.000000;mq;1;6;1800;mq;mq;mq;mq;mq;mq;mq;mq;mq;
07591;20110909090000;mq;-10;8;80;1.500000;295.450000;281.550000;41;mq;0;mq;mq;mq;mq;mq;mq;mq;mq;91580;mq;mq;mq;mq;mq;mq;mq;mq;mq;mq;mq;3.600000;-10;mq;mq;mq;mq;0.000000;0.000000;mq;mq;mq;710.000000;1104.000000;mq;mq;mq;mq;mq;mq;mq;mq;mq;mq;mq;mq;mq;mq;
07607;20110909090000;101380;-80;7;120;4.600000;296.150000;292.150000;78;20000;1;4;0;25;2;450;36;20;11;100700;mq;mq;mq;mq;mq;mq;mq;mq;mq;mq;mq;7.200000;-10;mq;mq;mq;mq;0.000000;0.000000;mq;mq;mq;710.000000;1107.000000;mq;mq;2;7;450;mq;mq;mq;mq;mq;mq;mq;mq;mq;
07621;20110909090000;101310;-70;7;90;2.600000;295.550000;288.650000;65;60000;2;1;1;10;0;8000;30;20;11;97180;mq;mq;mq;mq;mq;mq;mq;mq;mq;mq;mq;5.100000;-10;mq;mq;0.000000;-30;0.000000;0.000000;mq;mq;mq;710.000000;1105.000000;3100.000000;mq;1;0;7800;mq;mq;mq;mq;mq;mq;mq;mq;mq;
07627;20110909090000;101410;-50;6;120;2.100000;294.750000;288.850000;69;50000;2;1;1;0;mq;mq;mq;mq;mq;96750;mq;mq;mq;mq;mq;mq;mq;mq;mq;mq;mq;5.700000;-10;mq;mq;0.000000;-30;0.000000;0.000000;mq;mq;mq;710.000000;1106.000000;3100.000000;mq;mq;mq;mq;mq;mq;mq;mq;mq;mq;mq;mq;mq;
07630;20110909090000;101470;-60;6;100;2.100000;296.150000;289.950000;68;25000;2;1;1;40;0;8000;30;20;11;99750;mq;mq;mq;mq;mq;mq;mq;mq;mq;mq;mq;3.600000;-10;mq;mq;0.000000;-30;mq;mq;mq;mq;mq;710.000000;1104.000000;3100.000000;mq;3;0;7500;mq;mq;mq;mq;mq;mq;mq;mq;mq;
07643;20110909090000;101390;30;3;190;2.600000;299.250000;290.050000;57;75000;2;1;1;0;mq;mq;mq;mq;mq;101300;mq;mq;mq;mq;mq;mq;mq;mq;mq;mq;mq;3.600000;-10;mq;mq;mq;mq;0.000000;0.000000;mq;mq;mq;710.000000;1104.000000;mq;mq;mq;mq;mq;mq;mq;mq;mq;mq;mq;mq;mq;mq;
07650;20110909090000;101320;110;3;330;0.500000;297.550000;284.850000;45;75000;2;1;1;10;0;8000;30;20;12;100950;mq;mq;mq;mq;mq;mq;mq;mq;mq;mq;mq;3.100000;-10;mq;mq;0.000000;-30;0.000000;0.000000;mq;mq;mq;710.000000;1103.000000;3100.000000;mq;1;0;7500;mq;mq;mq;mq;mq;mq;mq;mq;mq;
07661;20110909090000;101300;120;3;190;3.100000;297.250000;290.450000;66;35000;2;1;1;25;1;450;32;20;11;99770;mq;mq;mq;mq;mq;mq;mq;mq;mq;mq;mq;5.100000;-10;mq;mq;mq;mq;0.000000;0.000000;mq;mq;mq;710.000000;1105.000000;mq;mq;1;8;480;mq;mq;mq;mq;mq;mq;mq;mq;mq;
07690;20110909090000;101350;120;2;80;4.100000;298.250000;292.650000;71;25000;2;1;1;25;2;800;31;20;10;101030;mq;mq;mq;mq;mq;mq;mq;mq;mq;mq;mq;6.700000;-10;mq;mq;0.000000;-30;0.000000;0.000000;mq;mq;mq;710.000000;1107.000000;3100.000000;mq;2;8;600;mq;mq;mq;mq;mq;mq;mq;mq;mq;
07747;20110909090000;101400;-20;6;190;1.000000;301.250000;288.150000;45;45000;2;1;1;0;mq;mq;mq;mq;mq;100900;mq;mq;mq;mq;mq;mq;mq;mq;mq;mq;mq;3.600000;-10;mq;mq;0.000000;-30;0.000000;0.000000;mq;mq;mq;710.000000;1104.000000;3100.000000;mq;mq;mq;mq;mq;mq;mq;mq;mq;mq;mq;mq;mq;
07761;20110909090000;101300;100;3;250;4.100000;299.550000;291.450000;61;20000;2;1;1;10;1;450;35;20;11;101200;mq;mq;mq;mq;mq;mq;mq;mq;mq;mq;mq;5.700000;-10;mq;mq;0.000000;-30;0.000000;0.000000;mq;mq;mq;710.000000;1106.000000;3100.000000;mq;1;6;390;mq;mq;mq;mq;mq;mq;mq;mq;mq;
07790;20110909090000;101330;100;3;120;2.600000;299.550000;290.850000;59;30000;2;1;1;25;2;800;31;20;10;101190;mq;mq;mq;mq;mq;mq;mq;mq;mq;mq;mq;7.200000;-10;mq;mq;0.000000;-30;0.000000;0.000000;mq;mq;mq;710.000000;1107.000000;3100.000000;mq;2;8;750;mq;mq;mq;mq;mq;mq;mq;mq;mq;
61968;20110909090000;101670;mq;mq;100;4.600000;301.450000;290.050000;50;mq;mq;mq;mq;mq;mq;mq;mq;mq;mq;mq;mq;mq;90;mq;mq;mq;mq;mq;mq;mq;mq;8.700000;-10;mq;mq;mq;mq;0.000000;0.000000;mq;mq;mq;710.000000;1109.000000;mq;mq;mq;mq;mq;mq;mq;mq;mq;mq;mq;mq;mq;mq;
61970;20110909090000;101870;mq;mq;mq;mq;301.050000;293.650000;64;mq;mq;mq;mq;mq;mq;mq;mq;mq;mq;mq;mq;mq;80;mq;mq;mq;mq;mq;mq;mq;mq;mq;mq;mq;mq;mq;mq;0.000000;0.000000;mq;mq;mq;mq;mq;mq;mq;mq;mq;mq;mq;mq;mq;mq;mq;mq;mq;mq;mq;
61972;20110909090000;101970;mq;mq;150;5.100000;298.650000;291.550000;65;mq;mq;mq;mq;mq;mq;mq;mq;mq;mq;mq;mq;mq;mq;mq;mq;mq;mq;mq;mq;mq;mq;11.300000;-10;mq;mq;mq;mq;0.000000;0.000000;mq;mq;mq;710.000000;1111.000000;mq;mq;mq;mq;mq;mq;mq;mq;mq;mq;mq;mq;mq;mq;
61976;20110909090000;101870;mq;mq;140;7.200000;300.550000;290.950000;56;mq;mq;mq;mq;mq;mq;mq;mq;mq;mq;101720;mq;mq;140;mq;mq;mq;mq;mq;mq;mq;mq;mq;mq;mq;mq;mq;mq;mq;0.000000;mq;mq;mq;mq;mq;mq;mq;mq;mq;mq;mq;mq;mq;mq;mq;mq;mq;mq;mq;
61980;20110909090000;102050;mq;mq;280;1.500000;293.650000;291.450000;87;4000;80;0;0;75;6;800;38;20;10;mq;mq;mq;170;mq;mq;mq;mq;mq;mq;mq;mq;5.100000;-10;mq;mq;mq;mq;4.000000;5.000000;mq;mq;mq;710.000000;1105.000000;2426.000000;mq;2;8;600;4;6;780;6;6;990;mq;mq;mq;
61996;20110909090000;mq;mq;mq;300;8.200000;288.250000;mq;mq;mq;mq;mq;mq;mq;mq;mq;mq;mq;mq;mq;mq;mq;mq;mq;mq;mq;mq;mq;mq;mq;mq;11.800000;-10;mq;mq;mq;mq;0.000000;0.000000;mq;mq;mq;710.000000;1112.000000;mq;mq;mq;mq;mq;mq;mq;mq;mq;mq;mq;mq;mq;mq;
61997;20110909090000;101520;mq;mq;190;15.400000;273.550000;271.350000;85;mq;mq;mq;mq;mq;mq;mq;mq;mq;mq;mq;mq;mq;2020;mq;mq;mq;mq;mq;mq;mq;mq;25.700000;-30;mq;mq;mq;mq;mq;0.000000;mq;mq;mq;1126.000000;mq;mq;mq;mq;mq;mq;mq;mq;mq;mq;mq;mq;mq;mq;mq;
61998;20110909090000;99040;mq;mq;300;11.800000;276.050000;270.950000;69;30000;2;1;1;25;1;450;31;20;11;mq;mq;mq;930;mq;mq;mq;mq;mq;mq;mq;mq;15.900000;-10;mq;mq;mq;mq;0.000000;0.000000;mq;mq;mq;710.000000;1116.000000;mq;mq;1;8;450;mq;mq;mq;mq;mq;mq;mq;mq;mq;
67005;20110909090000;101710;mq;mq;150;3.100000;301.150000;293.450000;63;20000;2;1;1;60;3;800;38;23;10;mq;mq;mq;90;mq;mq;mq;mq;mq;mq;mq;mq;5.100000;-10;mq;mq;mq;mq;0.000000;0.000000;mq;mq;mq;710.000000;1105.000000;mq;mq;2;8;660;3;3;2700;mq;mq;mq;mq;mq;mq;
71805;20110909090000;100720;-200;6;240;6.700000;286.650000;286.350000;98;20000;2;1;1;40;3;450;35;20;10;100640;mq;mq;mq;mq;mq;mq;mq;mq;mq;mq;mq;9.300000;-10;mq;mq;0.000000;-30;0.000000;0.000000;mq;mq;mq;710.000000;1109.000000;3100.000000;mq;3;6;300;mq;mq;mq;mq;mq;mq;mq;mq;mq;
78897;20110909090000;101210;-10;5;30;2.100000;300.450000;295.850000;76;27000;0;mq;mq;mq;mq;800;mq;mq;mq;mq;mq;mq;mq;mq;mq;mq;mq;mq;mq;mq;mq;mq;mq;mq;mq;mq;mq;mq;mq;mq;mq;mq;mq;mq;mq;mq;mq;mq;mq;mq;mq;mq;mq;mq;mq;mq;mq;mq;
78922;20110909090000;101020;-40;5;50;11.300000;301.650000;296.150000;72;mq;mq;mq;mq;mq;mq;mq;mq;mq;mq;100580;mq;mq;mq;mq;mq;mq;mq;mq;mq;mq;mq;mq;mq;mq;mq;mq;mq;mq;mq;mq;mq;mq;mq;mq;mq;mq;mq;mq;mq;mq;mq;mq;mq;mq;mq;mq;mq;mq;
78925;20110909090000;100970;-80;6;40;3.600000;301.450000;296.850000;76;35000;0;mq;mq;mq;mq;1750;mq;mq;mq;mq;mq;mq;mq;mq;mq;mq;mq;mq;mq;mq;mq;mq;mq;mq;mq;mq;mq;mq;mq;mq;mq;mq;mq;mq;mq;mq;mq;mq;mq;mq;mq;mq;mq;mq;mq;mq;mq;mq;
81401;20110909090000;100970;mq;mq;0;0.000000;295.850000;295.050000;95;mq;mq;mq;mq;mq;mq;mq;mq;mq;mq;100910;mq;mq;mq;mq;mq;mq;mq;mq;mq;mq;mq;mq;mq;mq;mq;mq;mq;mq;0.000000;mq;mq;mq;mq;mq;mq;mq;mq;mq;mq;mq;mq;mq;mq;mq;mq;mq;mq;mq;
81405;20110909090000;101030;mq;mq;0;0.000000;295.250000;295.050000;99;40000;0;mq;mq;100;mq;450;mq;mq;mq;100940;mq;mq;mq;mq;mq;mq;mq;mq;mq;mq;mq;mq;mq;mq;mq;mq;mq;mq;0.000000;mq;mq;mq;mq;mq;mq;mq;mq;mq;mq;mq;mq;mq;mq;mq;mq;mq;mq;mq;
81408;20110909090000;101010;mq;mq;0;0.000000;295.450000;295.150000;98;mq;mq;mq;mq;mq;mq;mq;mq;mq;mq;100930;mq;mq;mq;mq;mq;mq;mq;mq;mq;mq;mq;mq;mq;mq;mq;mq;mq;mq;0.000000;mq;mq;mq;mq;mq;mq;mq;mq;mq;mq;mq;mq;mq;mq;mq;mq;mq;mq;mq;
89642;20110909090000;99080;-140;6;120;10.300000;253.650000;244.450000;40;40000;2;1;1;75;3;1250;35;23;10;98510;mq;mq;mq;mq;mq;mq;mq;mq;mq;mq;mq;19.000000;-30;mq;mq;mq;mq;mq;mq;mq;mq;mq;1119.000000;mq;mq;mq;3;6;1290;3;3;3000;mq;mq;mq;mq;mq;mq;
07005;20110909120000;101300;10;0;250;5.100000;292.350000;291.050000;92;25000;1;5;2;90;7;450;35;61;60;100440;mq;mq;mq;mq;mq;mq;mq;mq;mq;mq;mq;8.200000;-10;mq;mq;0.000000;-60;0.000000;0.000000;0.000000;mq;mq;710.000000;1108.000000;3100.000000;mq;7;6;330;mq;mq;mq;mq;mq;mq;mq;mq;mq;
07015;20110909120000;101240;40;0;260;6.200000;292.950000;290.550000;86;30000;1;6;2;90;7;450;35;61;60;100690;mq;mq;mq;mq;mq;mq;mq;mq;mq;mq;mq;9.800000;-10;mq;mq;0.000000;-60;0.000000;0.000000;1.000000;mq;mq;710.000000;1110.000000;3100.000000;mq;7;6;330;mq;mq;mq;mq;mq;mq;mq;mq;mq;
07020;20110909120000;101330;-20;7;220;3.100000;291.350000;290.750000;96;4500;10;2;2;100;8;450;36;61;60;101070;mq;mq;mq;mq;mq;mq;mq;mq;mq;mq;mq;5.700000;-10;mq;mq;mq;mq;0.000000;0.000000;0.000000;mq;mq;710.000000;1106.000000;mq;mq;8;7;480;mq;mq;mq;mq;mq;mq;mq;mq;mq;
07027;20110909120000;101280;-100;8;110;1.500000;294.550000;290.950000;80;40000;3;6;2;90;7;450;38;61;60;100500;mq;mq;mq;mq;mq;mq;mq;mq;mq;mq;mq;2.600000;-10;mq;mq;0.000000;-60;0.200000;0.200000;0.200000;mq;mq;710.000000;1103.000000;3100.000000;mq;4;8;570;7;6;690;mq;mq;mq;mq;mq;mq;
07037;20110909120000;101330;-40;8;260;2.600000;293.750000;292.050000;90;15000;1;5;2;100;8;450;38;61;60;99570;mq;mq;mq;mq;mq;mq;mq;mq;mq;mq;mq;4.100000;-10;mq;mq;0.000000;-60;0.000000;0.000000;0.000000;mq;mq;710.000000;1104.000000;3100.000000;mq;3;8;300;8;6;510;mq;mq;mq;mq;mq;mq;
07110;20110909120000;101100;-150;8;190;5.100000;292.050000;291.750000;98;10000;20;5;4;90;7;80;35;61;60;99990;mq;mq;mq;mq;mq;mq;mq;mq;mq;mq;mq;7.700000;-10;mq;mq;mq;mq;0.000000;0.200000;0.200000;mq;mq;710.000000;1108.000000;mq;mq;5;7;90;7;6;360;mq;mq;mq;mq;mq;mq;
07117;20110909120000;101130;-120;8;120;2.600000;294.650000;291.250000;81;30000;2;5;2;100;8;800;35;61;60;100460;mq;mq;mq;mq;mq;mq;mq;mq;mq;mq;mq;5.100000;-10;mq;mq;mq;mq;0.000000;0.000000;0.000000;mq;mq;710.000000;1105.000000;2428.000000;mq;mq;mq;mq;mq;mq;mq;mq;mq;mq;mq;mq;mq;
07130;20110909120000;101280;-110;8;180;4.100000;294.950000;292.350000;85;50000;0;mq;mq;100;mq;450;mq;mq;mq;100780;mq;mq;mq;mq;mq;mq;mq;mq;mq;mq;mq;6.700000;-10;mq;mq;mq;mq;0.200000;0.200000;0.200000;mq;mq;710.000000;1107.000000;mq;mq;mq;mq;mq;mq;mq;mq;mq;mq;mq;mq;mq;mq;
07139;20110909120000;101320;-110;8;180;3.600000;294.050000;290.850000;82;15000;1;5;2;90;7;250;37;61;60;99660;mq;mq;mq;mq;mq;mq;mq;mq;mq;mq;mq;6.200000;-10;mq;mq;0.000000;-60;0.000000;0.000000;0.600000;mq;mq;710.000000;1106.000000;3100.000000;mq;2;7;180;7;7;300;mq;mq;mq;mq;mq;mq;
07149;20110909120000;101400;-50;8;200;3.100000;296.350000;291.650000;75;20000;2;1;1;90;7;450;35;61;60;100360;mq;mq;mq;mq;mq;mq;mq;mq;mq;mq;mq;5.700000;-10;mq;mq;0.000000;-60;0.000000;0.000000;0.000000;mq;mq;710.000000;1106.000000;3100.000000;mq;7;6;510;mq;mq;mq;mq;mq;mq;mq;mq;mq;
07168;20110909120000;101420;-60;8;230;4.100000;297.850000;290.550000;64;30000;2;1;1;90;7;800;38;61;60;100070;mq;mq;mq;mq;mq;mq;mq;mq;mq;mq;mq;6.700000;-10;mq;mq;0.000000;-60;0.000000;0.000000;0.000000;mq;mq;710.000000;1107.000000;3100.000000;mq;4;8;900;5;6;1200;mq;mq;mq;mq;mq;mq;
07181;20110909120000;101460;20;0;260;4.100000;293.550000;292.350000;93;15000;0;mq;mq;100;mq;450;mq;mq;mq;97540;mq;mq;mq;mq;mq;mq;mq;mq;mq;mq;mq;7.200000;-10;mq;mq;mq;mq;0.000000;0.200000;2.000000;mq;mq;710.000000;1107.000000;mq;mq;mq;mq;mq;mq;mq;mq;mq;mq;mq;mq;mq;mq;
07190;20110909120000;101430;-10;8;220;5.100000;297.150000;291.750000;72;50000;0;mq;mq;90;mq;1250;mq;mq;mq;99700;mq;mq;mq;mq;mq;mq;mq;mq;mq;mq;mq;8.700000;-10;mq;mq;mq;mq;0.000000;0.000000;0.000000;mq;mq;710.000000;1109.000000;mq;mq;mq;mq;mq;mq;mq;mq;mq;mq;mq;mq;mq;mq;
07207;20110909120000;mq;mq;mq;160;6.200000;291.750000;291.050000;96;300;45;5;4;101;mq;mq;62;61;60;mq;mq;mq;mq;mq;mq;mq;mq;mq;mq;mq;mq;8.200000;-10;mq;mq;mq;mq;0.000000;0.000000;0.000000;mq;mq;710.000000;1108.000000;2432.000000;mq;mq;mq;mq;mq;mq;mq;mq;mq;mq;mq;mq;mq;
07222;20110909120000;101280;-150;8;140;4.100000;294.050000;291.650000;86;25000;1;5;2;100;7;450;35;61;60;100980;mq;mq;mq;mq;mq;mq;mq;mq;mq;mq;mq;9.800000;-10;mq;mq;mq;mq;0.000000;0.000000;0.000000;mq;mq;710.000000;1110.000000;mq;mq;7;6;450;mq;mq;mq;mq;mq;mq;mq;mq;mq;
07240;20110909120000;101390;-130;8;130;3.100000;295.550000;291.350000;77;55000;0;mq;mq;100;mq;800;mq;mq;mq;100100;mq;mq;mq;mq;mq;mq;mq;mq;mq;mq;mq;5.100000;-10;mq;mq;mq;mq;0.000000;0.000000;0.000000;mq;mq;710.000000;1105.000000;mq;mq;mq;mq;mq;mq;mq;mq;mq;mq;mq;mq;mq;mq;
07255;20110909120000;101440;-130;8;140;1.500000;297.350000;290.150000;64;40000;1;5;2;90;7;800;35;61;60;99540;mq;mq;mq;mq;mq;mq;mq;mq;mq;mq;mq;3.600000;-10;mq;mq;0.000000;-60;0.000000;0.000000;0.200000;mq;mq;710.000000;1104.000000;3100.000000;mq;7;6;780;mq;mq;mq;mq;mq;mq;mq;mq;mq;
07280;20110909120000;101490;-70;8;150;1.000000;297.350000;290.350000;65;60000;0;mq;mq;100;mq;800;mq;mq;mq;98900;mq;mq;mq;mq;mq;mq;mq;mq;mq;mq;mq;3.600000;-10;mq;mq;mq;mq;0.000000;0.000000;0.000000;mq;mq;710.000000;1104.000000;mq;mq;mq;mq;mq;mq;mq;mq;mq;mq;mq;mq;mq;mq;
07299;20110909120000;101460;-30;8;290;3.600000;296.950000;291.150000;70;30000;2;1;1;90;7;800;38;61;60;98360;mq;mq;mq;mq;mq;mq;mq;mq;mq;mq;mq;7.700000;-10;mq;mq;0.000000;-60;0.000000;0.000000;0.000000;mq;mq;710.000000;1108.000000;3100.000000;mq;3;8;780;5;6;1500;mq;mq;mq;mq;mq;mq;
07314;20110909120000;101350;-150;6;80;3.600000;295.450000;291.850000;80;18000;2;1;1;90;7;2250;30;27;60;101080;mq;mq;mq;mq;mq;mq;mq;mq;mq;mq;mq;6.700000;-10;mq;mq;mq;mq;0.000000;0.000000;0.000000;mq;mq;710.000000;1107.000000;2427.000000;mq;2;4;1800;5;3;2400;mq;mq;mq;mq;mq;mq;
07335;20110909120000;101390;-150;8;140;2.600000;296.150000;289.950000;68;30000;1;4;1;50;3;800;35;20;11;100010;mq;mq;mq;mq;mq;mq;mq;mq;mq;mq;mq;6.200000;-10;mq;mq;0.000000;-60;0.000000;0.000000;0.000000;mq;mq;710.000000;1106.000000;3100.000000;mq;3;6;660;3;0;7800;mq;mq;mq;mq;mq;mq;
07434;20110909120000;101340;-160;8;100;1.500000;295.350000;290.050000;72;60000;1;5;1;40;1;450;31;20;11;96780;mq;mq;mq;mq;mq;mq;mq;mq;mq;mq;mq;4.600000;-10;mq;mq;0.000000;-60;0.000000;0.000000;0.000000;mq;mq;710.000000;1105.000000;3100.000000;mq;1;8;480;mq;mq;mq;mq;mq;mq;mq;mq;mq;
07460;20110909120000;101340;-160;8;110;2.100000;298.250000;290.150000;61;40000;2;1;1;25;1;1250;31;20;11;97670;mq;mq;mq;mq;mq;mq;mq;mq;mq;mq;mq;5.100000;-10;mq;mq;0.000000;-60;0.000000;0.000000;0.000000;mq;mq;710.000000;1105.000000;3100.000000;mq;1;8;1080;mq;mq;mq;mq;mq;mq;mq;mq;mq;
07471;20110909120000;mq;-120;8;330;0.500000;295.050000;287.650000;63;35000;2;1;1;25;2;800;31;20;11;92140;85000;17640;mq;mq;mq;mq;mq;mq;mq;mq;mq;4.100000;-10;mq;mq;0.000000;-60;0.000000;0.000000;0.000000;mq;mq;710.000000;1104.000000;3100.000000;mq;2;8;750;mq;mq;mq;mq;mq;mq;mq;mq;mq;
07481;20110909120000;101420;-110;8;340;3.600000;297.650000;290.150000;63;40000;2;1;1;50;4;800;38;20;11;98690;mq;mq;mq;mq;mq;mq;mq;mq;mq;mq;mq;7.200000;-10;mq;mq;0.000000;-60;0.000000;0.000000;0.000000;mq;mq;710.000000;1107.000000;3100.000000;mq;2;8;810;3;6;990;mq;mq;mq;mq;mq;mq;
07510;20110909120000;101210;-220;8;110;5.100000;299.050000;292.950000;69;50000;2;1;1;25;1;450;31;20;11;100590;mq;mq;mq;mq;mq;mq;mq;mq;mq;mq;mq;8.700000;-10;mq;mq;0.000000;-60;0.000000;0.000000;0.000000;mq;mq;710.000000;1109.000000;3100.000000;mq;1;8;540;mq;mq;mq;mq;mq;mq;mq;mq;mq;
07535;20110909120000;101220;-210;8;90;2.100000;301.350000;288.650000;46;20000;2;4;0;10;0;8000;30;20;11;98300;mq;mq;mq;mq;mq;mq;mq;mq;mq;mq;mq;5.100000;-10;mq;mq;0.000000;-60;0.000000;0.000000;0.000000;mq;mq;710.000000;1105.000000;3100.000000;mq;1;0;6900;mq;mq;mq;mq;mq;mq;mq;mq;mq;
07558;20110909120000;101080;-120;8;180;3.100000;301.050000;286.950000;42;60000;2;1;1;25;0;8000;30;20;12;93300;mq;mq;mq;mq;mq;mq;mq;mq;mq;mq;mq;5.100000;-10;mq;mq;0.000000;-60;0.000000;0.000000;0.000000;mq;mq;710.000000;1105.000000;3100.000000;mq;2;0;7500;mq;mq;mq;mq;mq;mq;mq;mq;mq;
07577;20110909120000;101280;-100;8;30;7.700000;300.750000;289.750000;51;50000;2;1;1;10;1;1750;31;20;11;100440;mq;mq;mq;mq;mq;mq;mq;mq;mq;mq;mq;12.900000;-10;mq;mq;0.000000;-60;0.000000;0.000000;0.000000;mq;mq;710.000000;1113.000000;3100.000000;mq;1;8;1500;mq;mq;mq;mq;mq;mq;mq;mq;mq;
07591;20110909120000;mq;-90;8;180;3.600000;301.050000;283.250000;33;mq;0;mq;mq;mq;mq;mq;mq;mq;mq;91490;mq;mq;mq;mq;mq;mq;mq;mq;mq;mq;mq;6.700000;-10;mq;mq;mq;mq;0.000000;0.000000;0.000000;mq;mq;710.000000;1107.000000;mq;mq;mq;mq;mq;mq;mq;mq;mq;mq;mq;mq;mq;mq;
07607;20110909120000;101140;-230;8;110;4.600000;301.550000;292.250000;57;17000;0;mq;mq;mq;mq;mq;mq;mq;mq;100470;mq;mq;mq;mq;mq;mq;mq;mq;mq;mq;mq;8.200000;-10;mq;mq;mq;mq;0.000000;0.000000;0.000000;mq;mq;710.000000;1108.000000;mq;mq;mq;mq;mq;mq;mq;mq;mq;mq;mq;mq;mq;mq;
07621;20110909120000;101060;-170;8;70;2.600000;300.550000;290.950000;56;60000;2;1;1;0;mq;mq;mq;mq;mq;97010;mq;mq;mq;mq;mq;mq;mq;mq;mq;mq;mq;5.700000;-10;mq;mq;0.000000;-60;0.000000;0.000000;0.000000;mq;mq;710.000000;1106.000000;3100.000000;mq;mq;mq;mq;mq;mq;mq;mq;mq;mq;mq;mq;mq;
07627;20110909120000;101100;-210;8;120;1.500000;300.250000;289.850000;53;50000;2;1;1;0;mq;mq;mq;mq;mq;96540;mq;mq;mq;mq;mq;mq;mq;mq;mq;mq;mq;3.600000;-10;mq;mq;0.000000;-60;0.000000;0.000000;0.000000;mq;mq;710.000000;1104.000000;3100.000000;mq;mq;mq;mq;mq;mq;mq;mq;mq;mq;mq;mq;mq;
07630;20110909120000;101210;-230;8;110;2.100000;301.750000;288.950000;46;30000;2;1;1;25;0;8000;30;20;11;99520;mq;mq;mq;mq;mq;mq;mq;mq;mq;mq;mq;5.700000;-10;mq;mq;0.000000;-60;0.000000;0.000000;0.000000;mq;mq;710.000000;1106.000000;3100.000000;mq;2;0;7500;mq;mq;mq;mq;mq;mq;mq;mq;mq;
07643;20110909120000;101310;-80;8;200;4.100000;302.050000;287.450000;41;75000;2;1;1;0;mq;mq;mq;mq;mq;101220;mq;mq;mq;mq;mq;mq;mq;mq;mq;mq;mq;6.200000;-10;mq;mq;mq;mq;0.000000;0.000000;0.000000;mq;mq;710.000000;1106.000000;mq;mq;mq;mq;mq;mq;mq;mq;mq;mq;mq;mq;mq;mq;
07650;20110909120000;101260;-50;8;260;3.100000;302.450000;284.950000;34;75000;2;1;1;10;0;8000;30;20;12;100900;mq;mq;mq;mq;mq;mq;mq;mq;mq;mq;mq;4.600000;-10;mq;mq;0.000000;-60;0.000000;0.000000;0.000000;mq;mq;710.000000;1105.000000;3100.000000;mq;1;0;7500;mq;mq;mq;mq;mq;mq;mq;mq;mq;
07661;20110909120000;101300;0;0;260;3.100000;298.150000;292.050000;69;mq;mq;mq;mq;mq;mq;mq;mq;mq;mq;99770;mq;mq;mq;mq;mq;mq;mq;mq;mq;mq;mq;5.700000;-10;mq;mq;mq;mq;0.000000;0.000000;0.000000;mq;mq;710.000000;1106.000000;mq;mq;mq;mq;mq;mq;mq;mq;mq;mq;mq;mq;mq;mq;
07690;20110909120000;101360;10;0;160;2.600000;298.450000;292.350000;69;30000;2;1;1;50;4;450;38;20;10;101040;mq;mq;mq;mq;mq;mq;mq;mq;mq;mq;mq;3.600000;-10;mq;mq;0.000000;-60;0.000000;0.000000;0.000000;mq;mq;710.000000;1104.000000;3100.000000;mq;2;8;480;3;6;990;mq;mq;mq;mq;mq;mq;
07747;20110909120000;101280;-120;8;120;4.600000;302.650000;289.150000;44;45000;2;1;1;10;1;1250;31;20;10;100780;mq;mq;mq;mq;mq;mq;mq;mq;mq;mq;mq;7.700000;-10;mq;mq;0.000000;-60;0.000000;0.000000;0.000000;mq;mq;710.000000;1108.000000;3100.000000;mq;1;8;1200;mq;mq;mq;mq;mq;mq;mq;mq;mq;
07761;20110909120000;101320;20;1;240;6.700000;299.650000;292.550000;65;30000;2;1;1;10;1;800;35;20;11;101220;mq;mq;mq;mq;mq;mq;mq;mq;mq;mq;mq;8.200000;-10;mq;mq;0.000000;-60;0.000000;0.000000;0.000000;mq;mq;710.000000;1108.000000;3100.000000;mq;1;6;600;mq;mq;mq;mq;mq;mq;mq;mq;mq;
07790;20110909120000;101320;-10;8;70;3.600000;300.450000;292.250000;61;60000;2;1;1;10;1;800;31;20;11;101180;mq;mq;mq;mq;mq;mq;mq;mq;mq;mq;mq;6.200000;-10;mq;mq;0.000000;-60;0.000000;0.000000;0.000000;mq;mq;710.000000;1106.000000;3100.000000;mq;1;8;900;mq;mq;mq;mq;mq;mq;mq;mq;mq;
61970;20110909120000;101680;mq;mq;mq;mq;300.950000;294.750000;69;mq;mq;mq;mq;mq;mq;mq;mq;mq;mq;mq;mq;mq;90;mq;mq;mq;mq;mq;mq;mq;mq;mq;mq;mq;mq;mq;mq;0.000000;mq;0.000000;mq;mq;mq;mq;mq;mq;mq;mq;mq;mq;mq;mq;mq;mq;mq;mq;mq;mq;
61972;20110909120000;101800;mq;mq;160;4.600000;298.350000;291.050000;64;mq;mq;mq;mq;mq;mq;mq;mq;mq;mq;mq;mq;mq;mq;mq;mq;mq;mq;mq;mq;mq;mq;8.700000;-10;mq;mq;mq;mq;0.000000;mq;0.000000;mq;mq;710.000000;1109.000000;mq;mq;mq;mq;mq;mq;mq;mq;mq;mq;mq;mq;mq;mq;
61976;20110909120000;101780;mq;mq;150;7.200000;299.850000;291.450000;60;mq;mq;mq;mq;mq;mq;mq;mq;mq;mq;101630;mq;mq;140;mq;mq;mq;mq;mq;mq;mq;mq;mq;mq;mq;mq;mq;mq;mq;mq;0.000000;mq;mq;mq;mq;mq;mq;mq;mq;mq;mq;mq;mq;mq;mq;mq;mq;mq;mq;
61980;20110909120000;102010;mq;mq;120;2.100000;292.850000;291.350000;91;10000;80;8;6;90;7;800;38;61;60;mq;mq;mq;190;mq;mq;mq;mq;mq;mq;mq;mq;5.700000;-10;mq;mq;mq;mq;5.000000;mq;17.000000;mq;mq;710.000000;1106.000000;2427.000000;mq;3;8;600;5;6;900;7;6;1200;mq;mq;mq;
61996;20110909120000;mq;mq;mq;310;6.700000;286.150000;mq;mq;mq;mq;mq;mq;mq;mq;mq;mq;mq;mq;mq;mq;mq;mq;mq;mq;mq;mq;mq;mq;mq;mq;8.700000;-10;mq;mq;mq;mq;0.000000;mq;0.000000;mq;mq;710.000000;1109.000000;mq;mq;mq;mq;mq;mq;mq;mq;mq;mq;mq;mq;mq;mq;
61997;20110909120000;101840;mq;mq;200;15.400000;273.250000;268.650000;71;mq;mq;mq;mq;mq;mq;mq;mq;mq;mq;mq;mq;mq;2330;mq;mq;mq;mq;mq;mq;mq;mq;25.700000;-60;mq;mq;mq;mq;mq;mq;0.000000;mq;mq;1126.000000;mq;mq;mq;mq;mq;mq;mq;mq;mq;mq;mq;mq;mq;mq;mq;
61998;20110909120000;99240;mq;mq;270;9.800000;275.150000;270.050000;69;25000;2;1;1;40;3;450;31;20;10;mq;mq;mq;1090;mq;mq;mq;mq;mq;mq;mq;mq;14.900000;-10;mq;mq;mq;mq;0.000000;mq;0.000000;mq;mq;710.000000;1115.000000;mq;mq;3;8;480;mq;mq;mq;mq;mq;mq;mq;mq;mq;
67005;20110909120000;101550;mq;mq;120;2.600000;299.950000;293.050000;66;20000;2;1;1;60;3;800;38;23;10;mq;mq;mq;90;mq;mq;mq;mq;mq;mq;mq;mq;4.600000;-10;mq;mq;mq;mq;0.000000;mq;0.000000;mq;mq;710.000000;1105.000000;mq;mq;3;8;660;5;3;3000;mq;mq;mq;mq;mq;mq;
71805;20110909120000;100550;-170;7;230;6.700000;289.650000;288.150000;91;29000;0;mq;mq;mq;mq;1250;mq;mq;mq;100470;mq;mq;mq;mq;mq;mq;mq;mq;mq;mq;mq;8.700000;-10;mq;mq;mq;mq;0.000000;0.200000;0.200000;mq;mq;710.000000;1109.000000;mq;mq;mq;mq;mq;mq;mq;mq;mq;mq;mq;mq;mq;mq;
78897;20110909120000;101260;50;3;40;5.700000;302.350000;296.350000;70;28000;2;1;1;90;4;800;32;20;12;mq;mq;mq;mq;298.650000;mq;mq;305.550000;mq;mq;mq;mq;mq;mq;mq;mq;mq;mq;mq;mq;0.000000;mq;0.000000;mq;mq;mq;mq;4;8;900;7;0;7800;mq;mq;mq;mq;mq;mq;
78922;20110909120000;101130;110;3;70;9.800000;300.250000;297.150000;83;mq;mq;mq;mq;mq;mq;mq;mq;mq;mq;100690;mq;mq;mq;mq;mq;mq;mq;mq;mq;mq;mq;mq;mq;mq;mq;mq;mq;mq;mq;mq;mq;mq;mq;mq;mq;mq;mq;mq;mq;mq;mq;mq;mq;mq;mq;mq;mq;mq;
78925;20110909120000;101030;60;3;40;5.100000;299.450000;297.350000;88;15000;25;8;6;100;6;450;39;27;60;mq;mq;mq;mq;298.350000;mq;mq;304.650000;mq;mq;mq;mq;mq;mq;mq;mq;mq;mq;mq;mq;1.000000;mq;5.900000;mq;mq;mq;mq;2;8;390;5;6;1200;7;3;3000;mq;mq;mq;
81401;20110909120000;101160;mq;mq;150;4.600000;301.450000;296.350000;74;mq;mq;mq;mq;mq;mq;mq;mq;mq;mq;101100;mq;mq;mq;295.450000;mq;mq;mq;mq;mq;mq;mq;mq;mq;mq;mq;mq;mq;mq;0.000000;mq;mq;0.000000;mq;mq;mq;mq;mq;mq;mq;mq;mq;mq;mq;mq;mq;mq;mq;mq;
81405;20110909120000;101190;mq;mq;160;3.100000;301.450000;297.250000;78;10000;2;1;1;25;2;450;31;20;11;101100;mq;mq;mq;295.150000;mq;mq;mq;mq;mq;mq;mq;mq;mq;mq;mq;mq;mq;mq;0.000000;mq;mq;14.000000;mq;mq;mq;mq;mq;mq;mq;mq;mq;mq;mq;mq;mq;mq;mq;mq;
81408;20110909120000;101190;mq;mq;160;1.000000;300.550000;297.450000;83;mq;mq;mq;mq;mq;mq;mq;mq;mq;mq;101110;mq;mq;mq;295.250000;mq;mq;mq;mq;mq;mq;mq;mq;mq;mq;mq;mq;mq;mq;0.000000;mq;mq;10.000000;mq;mq;mq;mq;mq;mq;mq;mq;mq;mq;mq;mq;mq;mq;mq;mq;
89642;20110909120000;99000;-80;8;100;9.800000;252.850000;244.450000;43;40000;2;1;1;75;1;3500;30;23;18;98430;mq;mq;mq;252.550000;mq;254.850000;mq;mq;mq;mq;mq;19.000000;-60;mq;mq;mq;mq;mq;mq;mq;mq;mq;1119.000000;mq;mq;mq;1;3;2700;6;2;4800;mq;mq;mq;mq;mq;mq;
07005;20110909150000;101270;-40;6;280;4.100000;291.750000;290.550000;93;3000;50;5;2;100;8;250;37;61;60;100400;mq;mq;mq;mq;mq;mq;mq;mq;mq;mq;mq;6.700000;-10;mq;mq;0.000000;-30;0.000000;0.000000;mq;mq;mq;710.000000;1107.000000;3100.000000;mq;2;7;180;7;7;300;mq;mq;mq;mq;mq;mq;
07015;20110909150000;101200;-40;7;240;4.600000;294.650000;290.850000;79;30000;2;1;1;90;7;800;35;61;60;100650;mq;mq;mq;mq;mq;mq;mq;mq;mq;mq;mq;7.200000;-10;mq;mq;0.000000;-30;0.000000;0.000000;mq;mq;mq;710.000000;1107.000000;3100.000000;mq;7;6;600;mq;mq;mq;mq;mq;mq;mq;mq;mq;
07020;20110909150000;101130;-200;8;190;4.100000;293.250000;291.150000;88;mq;mq;mq;mq;mq;mq;mq;mq;mq;mq;100870;mq;mq;mq;mq;mq;mq;mq;mq;mq;mq;mq;6.200000;-10;mq;mq;mq;mq;0.000000;0.000000;mq;mq;mq;710.000000;1106.000000;mq;mq;mq;mq;mq;mq;mq;mq;mq;mq;mq;mq;mq;mq;
07027;20110909150000;101150;-120;8;170;2.600000;295.450000;291.850000;80;40000;2;1;1;90;7;800;38;61;60;100380;mq;mq;mq;mq;mq;mq;mq;mq;mq;mq;mq;3.600000;-10;mq;mq;0.000000;-30;0.000000;0.000000;mq;mq;mq;710.000000;1104.000000;3100.000000;mq;3;8;750;7;6;990;mq;mq;mq;mq;mq;mq;
07037;20110909150000;101210;-110;7;210;1.500000;294.950000;291.950000;83;25000;2;1;1;100;8;450;38;61;60;99460;mq;mq;mq;mq;mq;mq;mq;mq;mq;mq;mq;3.600000;-10;mq;mq;0.000000;-30;0.000000;0.000000;mq;mq;mq;710.000000;1104.000000;3100.000000;mq;3;8;450;8;6;930;mq;mq;mq;mq;mq;mq;
07110;20110909150000;100900;-190;8;170;6.700000;293.450000;291.350000;88;20000;2;1;1;90;5;450;35;61;60;99800;mq;mq;mq;mq;mq;mq;mq;mq;mq;mq;mq;10.300000;-10;mq;mq;mq;mq;0.000000;0.000000;mq;mq;mq;710.000000;1110.000000;mq;mq;4;6;390;4;6;600;mq;mq;mq;mq;mq;mq;
07117;20110909150000;100930;-200;8;180;3.100000;295.850000;291.350000;76;30000;2;1;1;90;7;800;35;61;60;100260;mq;mq;mq;mq;mq;mq;mq;mq;mq;mq;mq;5.700000;-10;mq;mq;mq;mq;0.000000;0.000000;mq;mq;mq;710.000000;1106.000000;2428.000000;mq;mq;mq;mq;mq;mq;mq;mq;mq;mq;mq;mq;mq;
07130;20110909150000;101070;-200;8;160;3.600000;296.650000;291.950000;75;45000;0;mq;mq;100;mq;800;mq;mq;mq;100580;mq;mq;mq;mq;mq;mq;mq;mq;mq;mq;mq;6.200000;-10;mq;mq;mq;mq;0.000000;0.000000;mq;mq;mq;710.000000;1106.000000;mq;mq;mq;mq;mq;mq;mq;mq;mq;mq;mq;mq;mq;mq;
07139;20110909150000;101170;-150;8;160;2.100000;295.250000;290.350000;74;25000;2;1;1;100;8;450;38;61;60;99510;mq;mq;mq;mq;mq;mq;mq;mq;mq;mq;mq;3.600000;-10;mq;mq;0.000000;-30;0.000000;0.000000;mq;mq;mq;710.000000;1104.000000;3100.000000;mq;2;8;330;8;6;690;mq;mq;mq;mq;mq;mq;
07149;20110909150000;101250;-140;6;190;2.600000;296.750000;290.750000;69;25000;2;1;1;90;7;800;38;61;60;100220;mq;mq;mq;mq;mq;mq;mq;mq;mq;mq;mq;5.700000;-10;mq;mq;0.000000;-30;0.000000;0.000000;mq;mq;mq;710.000000;1106.000000;3100.000000;mq;2;8;750;6;6;1080;mq;mq;mq;mq;mq;mq;
07168;20110909150000;101320;-100;8;200;3.600000;297.250000;290.250000;65;30000;2;1;1;100;8;800;38;61;60;99970;mq;mq;mq;mq;mq;mq;mq;mq;mq;mq;mq;5.100000;-10;mq;mq;0.000000;-30;0.000000;0.000000;mq;mq;mq;710.000000;1105.000000;3100.000000;mq;2;8;900;8;6;1080;mq;mq;mq;mq;mq;mq;
07181;20110909150000;101360;-80;6;230;3.600000;294.550000;291.950000;85;60000;0;mq;mq;100;mq;450;mq;mq;mq;97460;mq;mq;mq;mq;mq;mq;mq;mq;mq;mq;mq;5.100000;-10;mq;mq;mq;mq;0.000000;0.000000;mq;mq;mq;710.000000;1105.000000;mq;mq;mq;mq;mq;mq;mq;mq;mq;mq;mq;mq;mq;mq;
07190;20110909150000;101330;-90;6;260;4.100000;298.950000;291.350000;63;55000;0;mq;mq;mq;mq;800;mq;mq;mq;99610;mq;mq;mq;mq;mq;mq;mq;mq;mq;mq;mq;7.200000;-10;mq;mq;mq;mq;0.000000;0.000000;mq;mq;mq;710.000000;1107.000000;mq;mq;mq;mq;mq;mq;mq;mq;mq;mq;mq;mq;mq;mq;
07207;20110909150000;mq;mq;mq;150;6.200000;292.350000;290.450000;89;14000;1;5;2;90;7;800;34;61;60;mq;mq;mq;mq;mq;mq;mq;mq;mq;mq;mq;mq;8.200000;-10;mq;mq;mq;mq;0.000000;0.000000;mq;mq;mq;710.000000;1108.000000;2437.000000;mq;mq;mq;mq;mq;mq;mq;mq;mq;mq;mq;mq;mq;
07222;20110909150000;101030;-250;8;140;2.100000;298.650000;292.550000;69;30000;2;1;1;40;2;800;31;20;11;100730;mq;mq;mq;mq;mq;mq;mq;mq;mq;mq;mq;6.700000;-10;mq;mq;mq;mq;0.000000;0.000000;mq;mq;mq;710.000000;1107.000000;mq;mq;2;8;930;3;0;7500;mq;mq;mq;mq;mq;mq;
07240;20110909150000;101160;-210;6;150;2.600000;299.350000;289.550000;55;60000;0;mq;mq;mq;mq;800;mq;mq;mq;99890;mq;mq;mq;mq;mq;mq;mq;mq;mq;mq;mq;6.200000;-10;mq;mq;mq;mq;0.000000;0.000000;mq;mq;mq;710.000000;1106.000000;mq;mq;mq;mq;mq;mq;mq;mq;mq;mq;mq;mq;mq;mq;
07255;20110909150000;101230;-190;8;120;3.600000;299.650000;290.150000;56;40000;2;1;1;25;2;1250;31;20;11;99350;mq;mq;mq;mq;mq;mq;mq;mq;mq;mq;mq;7.200000;-10;mq;mq;0.000000;-30;0.000000;0.000000;mq;mq;mq;710.000000;1107.000000;3100.000000;mq;2;8;990;mq;mq;mq;mq;mq;mq;mq;mq;mq;
07280;20110909150000;101340;-140;6;100;1.000000;297.850000;290.050000;62;60000;0;mq;mq;100;mq;1250;mq;mq;mq;98760;mq;mq;mq;mq;mq;mq;mq;mq;mq;mq;mq;2.600000;-10;mq;mq;mq;mq;0.000000;0.000000;mq;mq;mq;710.000000;1103.000000;mq;mq;mq;mq;mq;mq;mq;mq;mq;mq;mq;mq;mq;mq;
07299;20110909150000;101310;-130;6;300;2.600000;298.950000;290.550000;60;40000;2;1;1;50;2;1750;38;23;12;98230;mq;mq;mq;mq;mq;mq;mq;mq;mq;mq;mq;6.200000;-10;mq;mq;0.000000;-30;0.000000;0.000000;mq;mq;mq;710.000000;1106.000000;3100.000000;mq;2;8;1500;mq;mq;mq;mq;mq;mq;mq;mq;mq;
07314;20110909150000;101040;-300;6;80;4.600000;297.150000;293.250000;79;18000;2;1;1;60;5;2250;30;27;60;100780;mq;mq;mq;mq;mq;mq;mq;mq;mq;mq;mq;6.700000;-10;mq;mq;mq;mq;0.000000;0.000000;mq;mq;mq;710.000000;1107.000000;2427.000000;mq;5;3;1800;mq;mq;mq;mq;mq;mq;mq;mq;mq;
07335;20110909150000;101140;-230;7;120;2.100000;299.050000;291.450000;63;30000;2;1;1;25;0;8000;30;20;11;99780;mq;mq;mq;mq;mq;mq;mq;mq;mq;mq;mq;5.700000;-10;mq;mq;0.000000;-30;0.000000;0.000000;mq;mq;mq;710.000000;1106.000000;3100.000000;mq;2;0;7800;mq;mq;mq;mq;mq;mq;mq;mq;mq;
07434;20110909150000;101070;-200;7;150;2.100000;299.450000;290.250000;57;60000;2;1;1;25;1;1250;31;20;11;96580;mq;mq;mq;mq;mq;mq;mq;mq;mq;mq;mq;6.200000;-10;mq;mq;0.000000;-30;0.000000;0.000000;mq;mq;mq;710.000000;1106.000000;3100.000000;mq;1;8;990;mq;mq;mq;mq;mq;mq;mq;mq;mq;
07460;20110909150000;101100;-200;6;70;1.500000;301.050000;289.950000;51;40000;2;1;1;50;1;1250;31;20;11;97470;mq;mq;mq;mq;mq;mq;mq;mq;mq;mq;mq;3.100000;-10;mq;mq;0.000000;-30;0.000000;0.000000;mq;mq;mq;710.000000;1103.000000;3100.000000;mq;1;8;1200;4;0;7800;mq;mq;mq;mq;mq;mq;
07471;20110909150000;mq;-170;6;30;1.000000;298.550000;287.350000;50;40000;2;1;1;25;2;1250;32;20;11;91970;85000;17480;mq;mq;mq;mq;mq;mq;mq;mq;mq;5.100000;-10;mq;mq;0.000000;-30;0.000000;0.000000;mq;mq;mq;710.000000;1105.000000;3100.000000;mq;2;8;1080;mq;mq;mq;mq;mq;mq;mq;mq;mq;
07481;20110909150000;101220;-180;6;360;3.600000;299.150000;290.250000;58;40000;2;1;1;40;3;1250;38;20;11;98510;mq;mq;mq;mq;mq;mq;mq;mq;mq;mq;mq;7.200000;-10;mq;mq;0.000000;-30;0.000000;0.000000;mq;mq;mq;710.000000;1107.000000;3100.000000;mq;1;8;1200;mq;mq;mq;mq;mq;mq;mq;mq;mq;
07510;20110909150000;100950;-250;8;100;5.700000;302.250000;290.750000;50;50000;2;1;1;10;0;mq;30;20;11;100340;mq;mq;mq;mq;mq;mq;mq;mq;mq;mq;mq;7.700000;-10;mq;mq;0.000000;-30;0.000000;0.000000;mq;mq;mq;710.000000;1108.000000;3100.000000;mq;1;0;7800;mq;mq;mq;mq;mq;mq;mq;mq;mq;
07535;20110909150000;101000;-190;6;120;2.100000;304.550000;284.850000;30;20000;2;1;1;25;0;8000;30;20;11;98110;mq;mq;mq;mq;mq;mq;mq;mq;mq;mq;mq;7.200000;-10;mq;mq;0.000000;-30;0.000000;0.000000;mq;mq;mq;710.000000;1107.000000;3100.000000;mq;2;0;6900;mq;mq;mq;mq;mq;mq;mq;mq;mq;
07558;20110909150000;100850;-160;6;210;1.500000;303.550000;283.550000;29;60000;2;1;1;25;2;800;31;20;12;93140;mq;mq;mq;mq;mq;mq;mq;mq;mq;mq;mq;7.200000;-10;mq;mq;0.000000;-30;0.000000;0.000000;mq;mq;mq;710.000000;1107.000000;3100.000000;mq;2;8;690;mq;mq;mq;mq;mq;mq;mq;mq;mq;
07577;20110909150000;101140;-140;6;30;6.200000;302.150000;289.650000;47;50000;2;1;1;10;1;1750;31;20;11;100300;mq;mq;mq;mq;mq;mq;mq;mq;mq;mq;mq;10.800000;-10;mq;mq;0.000000;-30;0.000000;0.000000;mq;mq;mq;710.000000;1111.000000;3100.000000;mq;1;8;1500;mq;mq;mq;mq;mq;mq;mq;mq;mq;
07591;20110909150000;mq;-100;6;220;4.100000;302.650000;282.250000;28;mq;0;mq;mq;mq;mq;mq;mq;mq;mq;91390;mq;mq;mq;mq;mq;mq;mq;mq;mq;mq;mq;9.800000;-10;mq;mq;mq;mq;0.000000;0.000000;mq;mq;mq;710.000000;1110.000000;mq;mq;mq;mq;mq;mq;mq;mq;mq;mq;mq;mq;mq;mq;
07607;20110909150000;100940;-190;8;120;3.600000;304.350000;292.050000;48;55000;0;mq;mq;mq;mq;mq;mq;mq;mq;100280;mq;mq;mq;mq;mq;mq;mq;mq;mq;mq;mq;6.700000;-10;mq;mq;mq;mq;0.000000;0.000000;mq;mq;mq;710.000000;1107.000000;mq;mq;mq;mq;mq;mq;mq;mq;mq;mq;mq;mq;mq;mq;
07621;20110909150000;100900;-120;7;110;2.600000;303.450000;287.550000;38;60000;2;1;1;10;1;3500;30;23;10;96890;mq;mq;mq;mq;mq;mq;mq;mq;mq;mq;mq;4.600000;-10;mq;mq;0.000000;-30;0.000000;0.000000;mq;mq;mq;710.000000;1105.000000;3100.000000;mq;1;3;3900;mq;mq;mq;mq;mq;mq;mq;mq;mq;
07627;20110909150000;100910;-140;6;70;1.500000;303.750000;288.650000;40;50000;2;1;1;10;1;2250;31;20;10;96400;mq;mq;mq;mq;mq;mq;mq;mq;mq;mq;mq;3.600000;-10;mq;mq;0.000000;-30;0.000000;0.000000;mq;mq;mq;710.000000;1104.000000;3100.000000;mq;1;8;1800;mq;mq;mq;mq;mq;mq;mq;mq;mq;
07630;20110909150000;100960;-230;6;140;2.600000;305.550000;286.750000;32;30000;2;1;1;10;0;8000;30;20;11;99290;mq;mq;mq;mq;mq;mq;mq;mq;mq;mq;mq;5.700000;-10;mq;mq;0.000000;-30;0.000000;0.000000;mq;mq;mq;710.000000;1106.000000;3100.000000;mq;1;0;7500;mq;mq;mq;mq;mq;mq;mq;mq;mq;
07643;20110909150000;101200;-110;6;210;6.700000;300.050000;289.050000;51;75000;2;1;1;0;mq;mq;mq;mq;mq;101110;mq;mq;mq;mq;mq;mq;mq;mq;mq;mq;mq;10.300000;-10;mq;mq;mq;mq;0.000000;0.000000;mq;mq;mq;710.000000;1110.000000;mq;mq;mq;mq;mq;mq;mq;mq;mq;mq;mq;mq;mq;mq;
07650;20110909150000;101210;-50;5;180;5.100000;301.150000;285.550000;38;75000;2;1;1;0;mq;mq;mq;mq;mq;100850;mq;mq;mq;mq;mq;mq;mq;mq;mq;mq;mq;8.200000;-10;mq;mq;0.000000;-30;0.000000;0.000000;mq;mq;mq;710.000000;1108.000000;3100.000000;mq;mq;mq;mq;mq;mq;mq;mq;mq;mq;mq;mq;mq;
07661;20110909150000;101280;-20;7;240;2.100000;298.050000;292.150000;70;25000;2;1;1;25;2;800;38;20;10;99750;mq;mq;mq;mq;mq;mq;mq;mq;mq;mq;mq;4.100000;-10;mq;mq;mq;mq;0.000000;0.000000;mq;mq;mq;710.000000;1104.000000;mq;mq;1;8;780;mq;mq;mq;mq;mq;mq;mq;mq;mq;
07690;20110909150000;101320;-40;6;150;2.100000;298.450000;292.550000;70;30000;2;1;1;10;1;800;31;20;10;101000;mq;mq;mq;mq;mq;mq;mq;mq;mq;mq;mq;3.600000;-10;mq;mq;0.000000;-30;0.000000;0.000000;mq;mq;mq;710.000000;1104.000000;3100.000000;mq;1;8;690;mq;mq;mq;mq;mq;mq;mq;mq;mq;
07747;20110909150000;101160;-120;7;110;3.600000;300.750000;293.050000;63;30000;2;1;1;10;1;1250;31;20;10;100660;mq;mq;mq;mq;mq;mq;mq;mq;mq;mq;mq;6.700000;-10;mq;mq;0.000000;-30;0.000000;0.000000;mq;mq;mq;710.000000;1107.000000;3100.000000;mq;1;8;1200;mq;mq;mq;mq;mq;mq;mq;mq;mq;
07761;20110909150000;101310;-10;6;220;3.600000;299.250000;291.650000;63;30000;2;1;1;10;1;800;35;20;11;101210;mq;mq;mq;mq;mq;mq;mq;mq;mq;mq;mq;5.100000;-10;mq;mq;0.000000;-30;0.000000;0.000000;mq;mq;mq;710.000000;1105.000000;3100.000000;mq;1;6;600;mq;mq;mq;mq;mq;mq;mq;mq;mq;
07790;20110909150000;101260;-60;8;80;2.600000;299.650000;293.250000;68;60000;2;1;1;10;1;800;31;20;11;101120;mq;mq;mq;mq;mq;mq;mq;mq;mq;mq;mq;4.600000;-10;mq;mq;0.000000;-30;0.000000;0.000000;mq;mq;mq;710.000000;1105.000000;3100.000000;mq;1;8;900;mq;mq;mq;mq;mq;mq;mq;mq;mq;
61968;20110909150000;101620;mq;mq;90;1.500000;297.750000;291.650000;69;mq;mq;mq;mq;mq;mq;mq;mq;mq;mq;mq;mq;mq;60;mq;mq;mq;mq;mq;mq;mq;mq;4.600000;-10;mq;mq;mq;mq;0.000000;0.000000;mq;mq;mq;710.000000;1105.000000;mq;mq;mq;mq;mq;mq;mq;mq;mq;mq;mq;mq;mq;mq;
61970;20110909150000;101740;mq;mq;mq;mq;298.550000;294.050000;76;mq;mq;mq;mq;mq;mq;mq;mq;mq;mq;mq;mq;mq;100;mq;mq;mq;mq;mq;mq;mq;mq;mq;mq;mq;mq;mq;mq;0.000000;0.000000;mq;mq;mq;mq;mq;mq;mq;mq;mq;mq;mq;mq;mq;mq;mq;mq;mq;mq;mq;
61972;20110909150000;101820;mq;mq;160;3.600000;295.550000;292.150000;81;mq;mq;mq;mq;mq;mq;mq;mq;mq;mq;mq;mq;mq;mq;mq;mq;mq;mq;mq;mq;mq;mq;8.200000;-10;mq;mq;mq;mq;0.000000;0.000000;mq;mq;mq;710.000000;1108.000000;mq;mq;mq;mq;mq;mq;mq;mq;mq;mq;mq;mq;mq;mq;
61976;20110909150000;101930;mq;mq;140;7.200000;296.650000;290.650000;69;mq;mq;mq;mq;mq;mq;mq;mq;mq;mq;101780;mq;mq;140;mq;mq;mq;mq;mq;mq;mq;mq;mq;mq;mq;mq;mq;mq;mq;mq;mq;mq;mq;mq;mq;mq;mq;mq;mq;mq;mq;mq;mq;mq;mq;mq;mq;mq;mq;
61980;20110909150000;102130;mq;mq;220;2.100000;292.450000;290.750000;90;10000;3;8;2;90;7;800;38;61;60;mq;mq;mq;170;mq;mq;mq;mq;mq;mq;mq;mq;3.600000;-10;mq;mq;mq;mq;0.000000;0.200000;mq;mq;mq;710.000000;1104.000000;mq;mq;2;8;600;7;6;1080;mq;mq;mq;mq;mq;mq;
61996;20110909150000;mq;mq;mq;320;7.700000;285.950000;mq;mq;mq;mq;mq;mq;mq;mq;mq;mq;mq;mq;mq;mq;mq;mq;mq;mq;mq;mq;mq;mq;mq;mq;10.300000;-10;mq;mq;mq;mq;0.200000;0.200000;mq;mq;mq;710.000000;1110.000000;mq;mq;mq;mq;mq;mq;mq;mq;mq;mq;mq;mq;mq;mq;
61997;20110909150000;102200;mq;mq;180;13.900000;272.750000;268.150000;68;mq;mq;mq;mq;mq;mq;mq;mq;mq;mq;mq;mq;mq;2500;mq;mq;mq;mq;mq;mq;mq;mq;19.500000;-30;mq;mq;mq;mq;mq;0.000000;mq;mq;mq;1120.000000;mq;mq;mq;mq;mq;mq;mq;mq;mq;mq;mq;mq;mq;mq;mq;
61998;20110909150000;99640;mq;mq;260;7.200000;272.750000;272.350000;97;mq;mq;mq;mq;mq;mq;mq;mq;mq;mq;mq;mq;mq;1230;mq;mq;mq;mq;mq;mq;mq;mq;10.300000;-10;mq;mq;mq;mq;0.000000;0.000000;mq;mq;mq;710.000000;1110.000000;mq;mq;mq;mq;mq;mq;mq;mq;mq;mq;mq;mq;mq;mq;
67005;20110909150000;101630;mq;mq;160;1.500000;298.750000;293.350000;72;25000;2;1;1;60;1;800;38;23;10;mq;mq;mq;80;mq;mq;mq;mq;mq;mq;mq;mq;3.100000;-10;mq;mq;mq;mq;0.000000;0.000000;mq;mq;mq;710.000000;1103.000000;mq;mq;1;8;660;5;3;3000;mq;mq;mq;mq;mq;mq;
71805;20110909150000;100350;-200;6;230;8.700000;291.150000;288.750000;86;20000;2;1;1;60;1;250;36;20;11;100270;mq;mq;mq;mq;mq;mq;mq;mq;mq;mq;mq;11.300000;-10;mq;mq;0.000000;-30;0.000000;0.000000;mq;mq;mq;710.000000;1111.000000;3100.000000;mq;1;7;240;5;0;7500;mq;mq;mq;mq;mq;mq;
78897;20110909150000;101250;-10;8;50;8.200000;303.750000;296.450000;65;28000;2;1;1;90;5;800;32;23;12;mq;mq;mq;mq;mq;mq;mq;mq;mq;mq;mq;mq;mq;mq;mq;mq;mq;mq;mq;mq;mq;mq;mq;mq;mq;mq;mq;5;8;900;7;0;7800;mq;mq;mq;mq;mq;mq;
78922;20110909150000;101090;-40;8;80;12.900000;299.350000;297.350000;89;mq;mq;mq;mq;mq;mq;mq;mq;mq;mq;100650;mq;mq;mq;mq;mq;mq;mq;mq;mq;mq;mq;mq;mq;mq;mq;mq;mq;mq;mq;mq;mq;mq;mq;mq;mq;mq;mq;mq;mq;mq;mq;mq;mq;mq;mq;mq;mq;mq;
78925;20110909150000;101070;40;1;360;1.000000;300.850000;298.450000;87;10000;21;8;6;100;6;800;38;27;60;mq;mq;mq;mq;mq;mq;mq;mq;mq;mq;mq;mq;mq;mq;mq;mq;mq;mq;mq;mq;mq;mq;mq;mq;mq;mq;mq;3;8;690;5;6;1290;7;3;3000;mq;mq;mq;
81401;20110909150000;101110;mq;mq;180;2.600000;305.650000;294.850000;53;mq;mq;mq;mq;mq;mq;mq;mq;mq;mq;101050;mq;mq;mq;mq;mq;mq;mq;mq;mq;mq;mq;mq;mq;mq;mq;mq;mq;mq;0.000000;mq;mq;mq;mq;mq;mq;mq;mq;mq;mq;mq;mq;mq;mq;mq;mq;mq;mq;mq;
81405;20110909150000;101180;mq;mq;150;3.100000;305.050000;296.050000;59;60000;0;mq;mq;mq;mq;1250;mq;mq;mq;101090;mq;mq;mq;mq;mq;mq;mq;mq;mq;mq;mq;mq;mq;mq;mq;mq;mq;mq;0.000000;mq;mq;mq;mq;mq;mq;mq;mq;mq;mq;mq;mq;mq;mq;mq;mq;mq;mq;mq;
81408;20110909150000;101140;mq;mq;140;2.100000;305.150000;295.850000;58;mq;mq;mq;mq;mq;mq;mq;mq;mq;mq;101060;mq;mq;mq;mq;mq;mq;mq;mq;mq;mq;mq;mq;mq;mq;mq;mq;mq;mq;0.000000;mq;mq;mq;mq;mq;mq;mq;mq;mq;mq;mq;mq;mq;mq;mq;mq;mq;mq;mq;
81415;20110909150000;101190;mq;mq;170;2.600000;304.250000;296.650000;64;mq;mq;mq;mq;mq;mq;mq;mq;mq;mq;100010;mq;mq;mq;mq;mq;mq;mq;mq;mq;mq;mq;mq;mq;mq;mq;mq;mq;0.000000;0.000000;mq;mq;mq;mq;mq;mq;mq;mq;mq;mq;mq;mq;mq;mq;mq;mq;mq;mq;mq;
89642;20110909150000;98880;-130;6;100;8.700000;251.450000;243.750000;46;mq;mq;mq;mq;mq;mq;mq;mq;mq;mq;98300;mq;mq;mq;mq;mq;mq;mq;mq;mq;mq;14.400000;14.900000;-30;mq;mq;mq;mq;mq;mq;mq;mq;mq;1014.000000;1115.000000;mq;mq;mq;mq;mq;mq;mq;mq;mq;mq;mq;mq;mq;mq;
07005;20110909180000;101180;-90;8;90;1.000000;291.550000;290.250000;92;mq;mq;mq;mq;mq;mq;mq;mq;mq;mq;100310;mq;mq;mq;290.850000;mq;294.350000;mq;mq;mq;mq;mq;1.500000;-10;mq;mq;mq;mq;0.000000;0.000000;mq;0.000000;mq;710.000000;1102.000000;mq;mq;mq;mq;mq;mq;mq;mq;mq;mq;mq;mq;mq;mq;
07015;20110909180000;101170;-30;8;250;2.100000;293.850000;290.650000;82;50000;2;1;1;90;3;800;35;20;11;100620;mq;mq;mq;290.150000;mq;295.150000;mq;mq;mq;mq;mq;4.600000;-10;mq;mq;0.000000;-60;0.000000;0.000000;mq;1.000000;mq;710.000000;1105.000000;3100.000000;mq;3;6;600;7;0;7800;mq;mq;mq;mq;mq;mq;
07020;20110909180000;100990;-140;7;80;2.600000;291.650000;290.650000;94;20000;2;1;1;100;8;3500;30;25;10;100730;mq;mq;mq;290.150000;mq;294.150000;mq;mq;mq;mq;mq;4.100000;-10;mq;mq;mq;mq;0.000000;0.000000;mq;0.000000;mq;710.000000;1104.000000;mq;mq;8;3;2400;mq;mq;mq;mq;mq;mq;mq;mq;mq;
07027;20110909180000;101020;-130;6;130;3.100000;294.450000;292.050000;86;60000;0;mq;mq;100;mq;800;mq;mq;mq;100250;mq;mq;mq;291.350000;mq;295.650000;mq;mq;mq;mq;mq;4.600000;-10;mq;mq;mq;mq;0.000000;0.000000;mq;0.200000;mq;710.000000;1105.000000;mq;mq;mq;mq;mq;mq;mq;mq;mq;mq;mq;mq;mq;mq;
07037;20110909180000;101120;-90;7;160;2.100000;293.950000;292.250000;90;60000;0;mq;mq;100;mq;800;mq;mq;mq;99370;mq;mq;mq;291.550000;mq;296.550000;mq;mq;mq;mq;mq;2.600000;-10;mq;mq;mq;mq;0.000000;0.000000;mq;1.000000;mq;710.000000;1103.000000;mq;mq;mq;mq;mq;mq;mq;mq;mq;mq;mq;mq;mq;mq;
07110;20110909180000;100790;-120;6;170;6.200000;291.350000;289.550000;89;16000;2;1;1;90;7;450;35;61;60;99680;mq;mq;mq;289.750000;mq;293.950000;mq;mq;mq;mq;mq;12.300000;-10;mq;mq;mq;mq;0.000000;0.000000;mq;0.200000;mq;710.000000;1112.000000;mq;mq;7;6;330;mq;mq;mq;mq;mq;mq;mq;mq;mq;
07117;20110909180000;100800;-130;6;180;3.100000;294.550000;290.150000;76;30000;2;1;1;75;6;800;35;20;10;100130;mq;mq;mq;290.450000;mq;297.950000;mq;mq;mq;mq;mq;7.200000;-10;mq;mq;mq;mq;0.000000;0.000000;mq;0.000000;mq;710.000000;1107.000000;2428.000000;mq;mq;mq;mq;mq;mq;mq;mq;mq;mq;mq;mq;mq;
07130;20110909180000;100910;-160;7;140;2.600000;296.050000;291.550000;76;60000;0;mq;mq;mq;mq;800;mq;mq;mq;100420;mq;mq;mq;291.350000;mq;297.350000;mq;mq;mq;mq;mq;4.600000;-10;mq;mq;mq;mq;0.000000;0.000000;mq;0.200000;mq;710.000000;1105.000000;mq;mq;mq;mq;mq;mq;mq;mq;mq;mq;mq;mq;mq;mq;
07139;20110909180000;101070;-100;7;120;1.500000;294.650000;290.850000;79;mq;mq;mq;mq;mq;mq;mq;mq;mq;mq;99410;mq;mq;mq;291.150000;mq;295.450000;mq;mq;mq;mq;mq;3.600000;-10;mq;mq;mq;mq;0.000000;0.000000;mq;0.600000;mq;710.000000;1104.000000;mq;mq;mq;mq;mq;mq;mq;mq;mq;mq;mq;mq;mq;mq;
07149;20110909180000;101190;-70;8;130;1.500000;295.550000;291.350000;77;25000;2;1;1;90;7;800;38;61;60;100150;mq;mq;mq;292.350000;mq;298.350000;mq;mq;mq;mq;mq;3.100000;-10;mq;mq;0.000000;-60;0.000000;0.000000;mq;0.000000;mq;710.000000;1103.000000;3100.000000;mq;1;8;840;7;6;1080;mq;mq;mq;mq;mq;mq;
07168;20110909180000;101290;-40;6;190;1.500000;295.650000;290.950000;75;20000;0;mq;mq;mq;mq;mq;mq;mq;mq;99930;mq;mq;mq;292.250000;mq;298.050000;mq;mq;mq;mq;mq;3.100000;-10;mq;mq;mq;mq;0.000000;0.000000;mq;0.000000;mq;710.000000;1103.000000;mq;mq;mq;mq;mq;mq;mq;mq;mq;mq;mq;mq;mq;mq;
07181;20110909180000;101300;-70;6;160;1.000000;294.050000;291.650000;86;60000;0;mq;mq;100;mq;1250;mq;mq;mq;97390;mq;mq;mq;290.950000;mq;295.250000;mq;mq;mq;mq;mq;3.100000;-10;mq;mq;mq;mq;0.000000;0.000000;mq;2.000000;mq;710.000000;1103.000000;mq;mq;mq;mq;mq;mq;mq;mq;mq;mq;mq;mq;mq;mq;
07190;20110909180000;101320;-20;5;350;1.000000;295.750000;290.850000;74;60000;0;mq;mq;mq;mq;1750;mq;mq;mq;99590;mq;mq;mq;290.750000;mq;299.250000;mq;mq;mq;mq;mq;3.600000;-10;mq;mq;mq;mq;0.000000;0.000000;mq;0.000000;mq;710.000000;1104.000000;mq;mq;mq;mq;mq;mq;mq;mq;mq;mq;mq;mq;mq;mq;
07207;20110909180000;mq;mq;mq;120;3.100000;292.050000;290.350000;90;20000;2;1;1;40;0;8000;30;20;12;mq;mq;mq;mq;290.550000;mq;292.750000;mq;mq;mq;mq;mq;6.200000;-10;mq;mq;mq;mq;0.000000;0.000000;mq;0.000000;mq;710.000000;1106.000000;2438.000000;mq;mq;mq;mq;mq;mq;mq;mq;mq;mq;mq;mq;mq;
07222;20110909180000;100890;-140;6;180;2.600000;297.450000;291.650000;70;30000;2;1;1;25;0;8000;30;20;11;100590;mq;mq;mq;291.350000;mq;299.850000;mq;mq;mq;mq;mq;5.100000;-10;mq;mq;mq;mq;0.000000;0.000000;mq;0.000000;mq;710.000000;1105.000000;mq;mq;2;0;7500;mq;mq;mq;mq;mq;mq;mq;mq;mq;
07240;20110909180000;101020;-150;6;110;2.100000;297.650000;291.550000;69;18000;2;1;1;25;0;8000;30;20;12;99740;mq;mq;mq;290.850000;mq;299.850000;mq;mq;mq;mq;mq;4.600000;-10;mq;mq;0.000000;-60;0.000000;0.000000;mq;0.000000;mq;710.000000;1105.000000;3100.000000;mq;2;0;7800;mq;mq;mq;mq;mq;mq;mq;mq;mq;
07255;20110909180000;101120;-120;6;100;3.600000;297.150000;290.850000;68;20000;0;mq;mq;mq;mq;mq;mq;mq;mq;99230;mq;mq;mq;291.450000;mq;300.150000;mq;mq;mq;mq;mq;5.100000;-10;mq;mq;mq;mq;0.000000;0.000000;mq;0.200000;mq;710.000000;1105.000000;mq;mq;mq;mq;mq;mq;mq;mq;mq;mq;mq;mq;mq;mq;
07280;20110909180000;101240;-110;6;80;1.000000;295.750000;290.450000;72;60000;0;mq;mq;mq;mq;mq;mq;mq;mq;98650;mq;mq;mq;290.650000;mq;298.850000;mq;mq;mq;mq;mq;3.100000;-10;mq;mq;mq;mq;0.000000;0.000000;mq;0.000000;mq;710.000000;1103.000000;mq;mq;mq;mq;mq;mq;mq;mq;mq;mq;mq;mq;mq;mq;
07299;20110909180000;101290;-60;6;280;1.500000;295.050000;291.050000;78;40000;2;1;1;40;1;1750;35;23;11;98170;mq;mq;mq;290.350000;mq;299.250000;mq;mq;mq;mq;mq;2.100000;-10;mq;mq;0.000000;-60;0.000000;0.000000;mq;0.000000;mq;710.000000;1102.000000;3100.000000;mq;1;6;1500;3;0;7500;mq;mq;mq;mq;mq;mq;
07314;20110909180000;100900;-140;8;100;3.100000;296.750000;293.450000;82;18000;2;1;1;40;2;2250;30;27;14;100640;mq;mq;mq;291.550000;mq;297.650000;mq;mq;mq;mq;mq;5.700000;-10;mq;mq;mq;mq;0.000000;0.000000;mq;0.000000;mq;710.000000;1106.000000;2427.000000;mq;2;3;1800;mq;mq;mq;mq;mq;mq;mq;mq;mq;
07335;20110909180000;100990;-150;6;130;1.500000;298.450000;291.150000;64;60000;0;mq;mq;mq;mq;mq;mq;mq;mq;99630;mq;mq;mq;289.050000;mq;299.850000;mq;mq;mq;mq;mq;5.700000;-10;mq;mq;mq;mq;0.000000;0.000000;mq;0.000000;mq;710.000000;1106.000000;mq;mq;mq;mq;mq;mq;mq;mq;mq;mq;mq;mq;mq;mq;
07434;20110909180000;100960;-120;6;170;1.500000;297.850000;290.350000;63;60000;0;mq;mq;mq;mq;mq;mq;mq;mq;96460;mq;mq;mq;289.750000;mq;300.050000;mq;mq;mq;mq;mq;4.100000;-10;mq;mq;mq;mq;0.000000;0.000000;mq;0.000000;mq;710.000000;1104.000000;mq;mq;mq;mq;mq;mq;mq;mq;mq;mq;mq;mq;mq;mq;
07460;20110909180000;101050;-80;6;50;1.500000;298.750000;290.150000;59;40000;2;1;1;25;1;1250;31;20;12;97390;mq;mq;mq;290.550000;mq;301.450000;mq;mq;mq;mq;mq;3.100000;-10;mq;mq;0.000000;-60;0.000000;0.000000;mq;0.000000;mq;710.000000;1103.000000;3100.000000;mq;1;8;1380;mq;mq;mq;mq;mq;mq;mq;mq;mq;
07471;20110909180000;mq;-20;5;60;2.100000;294.450000;288.950000;71;20000;0;mq;mq;mq;mq;mq;mq;mq;mq;91950;85000;17470;mq;286.650000;mq;298.750000;mq;mq;mq;mq;mq;4.100000;-10;mq;mq;mq;mq;0.000000;0.000000;mq;0.000000;mq;710.000000;1104.000000;mq;mq;mq;mq;mq;mq;mq;mq;mq;mq;mq;mq;mq;mq;
07481;20110909180000;101190;-40;6;10;2.600000;297.750000;290.750000;65;60000;2;1;1;40;0;mq;30;20;11;98470;mq;mq;mq;291.350000;mq;299.550000;mq;mq;mq;mq;mq;4.600000;-10;mq;mq;0.000000;-60;0.000000;0.000000;mq;0.000000;mq;710.000000;1105.000000;3100.000000;mq;3;0;7500;mq;mq;mq;mq;mq;mq;mq;mq;mq;
07510;20110909180000;100830;-120;7;110;3.100000;301.250000;290.450000;52;50000;2;1;1;0;mq;mq;mq;mq;mq;100220;mq;mq;mq;291.850000;mq;302.850000;mq;mq;mq;mq;mq;5.100000;-10;mq;mq;0.000000;-60;0.000000;0.000000;mq;0.000000;mq;710.000000;1105.000000;3100.000000;mq;mq;mq;mq;mq;mq;mq;mq;mq;mq;mq;mq;mq;
07535;20110909180000;100930;-110;6;110;2.100000;300.350000;286.350000;42;mq;mq;mq;mq;mq;mq;mq;mq;mq;mq;98000;mq;mq;mq;289.550000;mq;305.050000;mq;mq;mq;mq;mq;3.100000;-10;mq;mq;mq;mq;0.000000;0.000000;mq;0.000000;mq;710.000000;1103.000000;mq;mq;mq;mq;mq;mq;mq;mq;mq;mq;mq;mq;mq;mq;
07558;20110909180000;101050;40;3;160;4.100000;297.250000;286.750000;52;mq;mq;mq;mq;mq;mq;mq;mq;mq;mq;93180;mq;mq;mq;288.250000;mq;303.850000;mq;mq;mq;mq;mq;8.700000;-10;mq;mq;mq;mq;0.000000;0.000000;mq;0.000000;mq;710.000000;1109.000000;mq;mq;mq;mq;mq;mq;mq;mq;mq;mq;mq;mq;mq;mq;
07577;20110909180000;101170;30;3;20;3.100000;299.450000;290.250000;57;20000;0;mq;mq;mq;mq;mq;mq;mq;mq;100330;mq;mq;mq;293.650000;mq;302.350000;mq;mq;mq;mq;mq;5.700000;-10;mq;mq;mq;mq;0.000000;0.000000;mq;0.000000;mq;710.000000;1106.000000;mq;mq;mq;mq;mq;mq;mq;mq;mq;mq;mq;mq;mq;mq;
07591;20110909180000;mq;70;3;210;3.100000;297.450000;283.750000;42;mq;0;mq;mq;mq;mq;mq;mq;mq;mq;91460;mq;mq;mq;285.550000;mq;303.050000;mq;mq;mq;mq;mq;7.700000;-10;mq;mq;mq;mq;0.000000;0.000000;mq;0.000000;mq;710.000000;1108.000000;mq;mq;mq;mq;mq;mq;mq;mq;mq;mq;mq;mq;mq;mq;
07607;20110909180000;100840;-100;6;130;1.500000;302.550000;291.050000;50;60000;0;mq;mq;mq;mq;mq;mq;mq;mq;100180;mq;mq;mq;287.150000;mq;304.650000;mq;mq;mq;mq;mq;5.700000;-10;mq;mq;mq;mq;0.000000;0.000000;mq;0.000000;mq;710.000000;1106.000000;mq;mq;mq;mq;mq;mq;mq;mq;mq;mq;mq;mq;mq;mq;
07621;20110909180000;100880;-50;5;90;0.500000;300.450000;288.750000;49;50000;2;1;1;10;0;8000;30;20;11;96840;mq;mq;mq;285.650000;mq;303.450000;mq;mq;mq;mq;mq;3.600000;-10;mq;mq;0.000000;-60;0.000000;0.000000;mq;0.000000;mq;710.000000;1104.000000;3100.000000;mq;1;0;7800;mq;mq;mq;mq;mq;mq;mq;mq;mq;
07627;20110909180000;100980;-30;5;160;1.000000;296.550000;289.350000;64;mq;mq;mq;mq;mq;mq;mq;mq;mq;mq;96370;mq;mq;mq;288.550000;mq;303.850000;mq;mq;mq;mq;mq;2.600000;-10;mq;mq;mq;mq;0.000000;0.000000;mq;0.000000;mq;710.000000;1103.000000;mq;mq;mq;mq;mq;mq;mq;mq;mq;mq;mq;mq;mq;mq;
07630;20110909180000;100920;-50;6;150;2.100000;302.650000;283.250000;30;30000;2;1;1;0;mq;mq;mq;mq;mq;99240;mq;mq;mq;288.650000;mq;305.950000;mq;mq;mq;mq;mq;4.100000;-10;mq;mq;0.000000;-60;0.000000;0.000000;mq;0.000000;mq;710.000000;1104.000000;3100.000000;mq;mq;mq;mq;mq;mq;mq;mq;mq;mq;mq;mq;mq;
07643;20110909180000;101250;50;3;220;3.600000;297.150000;292.050000;73;70000;2;mq;mq;0;mq;mq;mq;mq;mq;101160;mq;mq;mq;293.150000;mq;302.250000;mq;mq;mq;mq;mq;6.700000;-10;mq;mq;mq;mq;0.000000;0.000000;mq;0.000000;mq;710.000000;1107.000000;mq;mq;mq;mq;mq;mq;mq;mq;mq;mq;mq;mq;mq;mq;
07650;20110909180000;101300;80;3;160;2.600000;297.350000;285.350000;47;75000;2;1;1;0;mq;mq;mq;mq;mq;100930;mq;mq;mq;293.750000;mq;302.950000;mq;mq;mq;mq;mq;6.200000;-10;mq;mq;0.000000;-60;0.000000;0.000000;mq;0.000000;mq;710.000000;1106.000000;3100.000000;mq;mq;mq;mq;mq;mq;mq;mq;mq;mq;mq;mq;mq;
07661;20110909180000;101340;50;3;200;1.500000;295.850000;293.050000;84;25000;2;1;1;100;8;800;36;20;10;99800;mq;mq;mq;293.250000;mq;299.050000;mq;mq;mq;mq;mq;4.100000;-10;mq;mq;mq;mq;0.000000;0.000000;mq;0.000000;mq;710.000000;1104.000000;mq;mq;8;7;780;mq;mq;mq;mq;mq;mq;mq;mq;mq;
07690;20110909180000;101350;30;2;130;1.500000;296.950000;293.250000;80;25000;2;1;1;10;1;800;34;20;10;101030;mq;mq;mq;293.750000;mq;299.050000;mq;mq;mq;mq;mq;2.100000;-10;mq;mq;0.000000;-60;0.000000;0.000000;mq;0.000000;mq;710.000000;1102.000000;3100.000000;mq;1;6;600;mq;mq;mq;mq;mq;mq;mq;mq;mq;
07747;20110909180000;101140;-20;6;30;3.600000;297.550000;294.650000;84;26000;0;mq;mq;mq;mq;mq;mq;mq;mq;100640;mq;mq;mq;293.050000;mq;303.650000;mq;mq;mq;mq;mq;4.100000;-10;mq;mq;mq;mq;0.000000;0.000000;mq;0.000000;mq;710.000000;1104.000000;mq;mq;mq;mq;mq;mq;mq;mq;mq;mq;mq;mq;mq;mq;
07761;20110909180000;101340;30;2;210;2.100000;296.450000;292.650000;79;25000;2;1;1;10;1;450;35;20;10;101240;mq;mq;mq;291.950000;mq;300.450000;mq;mq;mq;mq;mq;4.100000;-10;mq;mq;0.000000;-60;0.000000;0.000000;mq;0.000000;mq;710.000000;1104.000000;3100.000000;mq;1;6;480;mq;mq;mq;mq;mq;mq;mq;mq;mq;
07790;20110909180000;101290;30;3;0;0.000000;296.250000;293.050000;82;15000;2;1;1;0;mq;mq;mq;mq;mq;101150;mq;mq;mq;292.950000;mq;300.550000;mq;mq;mq;mq;mq;3.100000;-10;mq;mq;0.000000;-60;0.000000;0.000000;mq;0.000000;mq;710.000000;1103.000000;3100.000000;mq;mq;mq;mq;mq;mq;mq;mq;mq;mq;mq;mq;mq;
61970;20110909180000;101910;mq;mq;mq;mq;297.450000;294.150000;82;mq;mq;mq;mq;mq;mq;mq;mq;mq;mq;mq;mq;mq;200;mq;mq;301.750000;mq;mq;mq;mq;mq;mq;mq;mq;mq;mq;mq;0.000000;mq;mq;0.000000;mq;mq;mq;mq;mq;mq;mq;mq;mq;mq;mq;mq;mq;mq;mq;mq;mq;
61972;20110909180000;101970;mq;mq;170;3.100000;293.050000;291.750000;92;mq;mq;mq;mq;mq;mq;mq;mq;mq;mq;mq;mq;mq;0;mq;mq;299.450000;mq;mq;mq;mq;mq;4.600000;-10;mq;mq;mq;mq;0.000000;mq;mq;0.000000;mq;710.000000;1105.000000;mq;mq;mq;mq;mq;mq;mq;mq;mq;mq;mq;mq;mq;mq;
61976;20110909180000;102100;mq;mq;140;8.200000;296.250000;289.750000;67;mq;mq;mq;mq;mq;mq;mq;mq;mq;mq;101950;mq;mq;130;mq;mq;mq;mq;mq;mq;mq;mq;mq;mq;mq;mq;mq;mq;mq;mq;mq;mq;mq;mq;mq;mq;mq;mq;mq;mq;mq;mq;mq;mq;mq;mq;mq;mq;mq;
61980;20110909180000;102300;mq;mq;160;2.100000;291.050000;289.550000;91;10000;1;8;1;40;3;800;38;20;10;mq;mq;mq;210;mq;mq;298.250000;mq;mq;mq;mq;mq;3.600000;-10;mq;mq;mq;mq;0.000000;mq;mq;17.000000;mq;710.000000;1104.000000;mq;mq;1;8;600;3;6;1800;mq;mq;mq;mq;mq;mq;
61996;20110909180000;mq;mq;mq;330;9.800000;285.950000;mq;mq;mq;mq;mq;mq;mq;mq;mq;mq;mq;mq;mq;mq;mq;mq;mq;mq;288.750000;mq;mq;mq;mq;mq;11.800000;-10;mq;mq;mq;mq;0.000000;mq;mq;0.200000;mq;710.000000;1112.000000;mq;mq;mq;mq;mq;mq;mq;mq;mq;mq;mq;mq;mq;mq;
61997;20110909180000;102610;mq;mq;180;11.300000;272.750000;265.950000;56;mq;mq;mq;mq;mq;mq;mq;mq;mq;mq;mq;mq;mq;2660;mq;mq;273.850000;mq;mq;mq;mq;mq;19.500000;-60;mq;mq;mq;mq;mq;mq;mq;0.000000;mq;1120.000000;mq;mq;mq;mq;mq;mq;mq;mq;mq;mq;mq;mq;mq;mq;mq;
61998;20110909180000;100040;mq;mq;200;6.700000;271.950000;271.550000;97;mq;mq;mq;mq;mq;mq;mq;mq;mq;mq;mq;mq;mq;1480;mq;mq;277.250000;mq;mq;mq;mq;mq;10.800000;-10;mq;mq;mq;mq;0.000000;mq;mq;0.000000;mq;710.000000;1111.000000;mq;mq;mq;mq;mq;mq;mq;mq;mq;mq;mq;mq;mq;mq;
67005;20110909180000;101830;mq;mq;0;0.500000;296.750000;293.050000;80;mq;0;mq;mq;mq;mq;mq;mq;mq;mq;mq;mq;mq;160;mq;mq;301.550000;mq;mq;mq;mq;mq;3.100000;-10;mq;mq;mq;mq;0.000000;mq;mq;0.000000;mq;710.000000;1103.000000;mq;mq;mq;mq;mq;mq;mq;mq;mq;mq;mq;mq;mq;mq;
71805;20110909180000;100160;-190;6;240;6.200000;291.150000;288.450000;84;20000;2;1;1;75;1;250;36;20;12;100080;mq;mq;mq;mq;286.450000;292.150000;mq;mq;mq;mq;mq;9.800000;-10;mq;mq;0.000000;-60;0.000000;0.000000;mq;0.200000;mq;710.000000;1110.000000;3100.000000;mq;1;7;240;6;0;7500;mq;mq;mq;mq;mq;mq;
78897;20110909180000;101090;-160;6;60;10.300000;301.150000;295.650000;72;8000;80;8;6;100;7;800;38;20;12;mq;mq;mq;mq;mq;298.650000;304.450000;mq;mq;mq;mq;mq;mq;mq;mq;mq;mq;mq;mq;mq;0.200000;mq;0.200000;mq;mq;mq;mq;2;8;600;5;8;780;7;0;7800;mq;mq;mq;
78922;20110909180000;100860;-230;6;80;12.900000;299.850000;297.350000;86;mq;mq;mq;mq;mq;mq;mq;mq;mq;mq;100420;mq;mq;mq;mq;mq;mq;mq;mq;mq;mq;mq;mq;mq;mq;mq;mq;mq;mq;mq;mq;mq;mq;mq;mq;mq;mq;mq;mq;mq;mq;mq;mq;mq;mq;mq;mq;mq;mq;
78925;20110909180000;100850;-220;6;60;7.700000;298.050000;297.050000;94;4000;81;8;6;100;6;800;38;27;60;mq;mq;mq;mq;mq;298.050000;301.750000;mq;mq;mq;mq;mq;mq;mq;mq;mq;mq;mq;mq;mq;18.000000;mq;mq;mq;mq;mq;mq;2;9;600;4;8;750;5;6;1290;mq;mq;mq;
81401;20110909180000;100850;mq;mq;140;2.100000;307.650000;293.250000;43;mq;mq;mq;mq;mq;mq;mq;mq;mq;mq;100790;mq;mq;mq;mq;mq;mq;mq;mq;mq;mq;mq;mq;mq;mq;mq;mq;mq;mq;0.000000;0.000000;mq;mq;mq;mq;mq;mq;mq;mq;mq;mq;mq;mq;mq;mq;mq;mq;mq;mq;
81405;20110909180000;100950;mq;mq;50;5.100000;297.650000;296.250000;92;3000;80;8;6;90;5;800;32;27;10;100860;mq;mq;mq;mq;mq;mq;mq;mq;mq;mq;mq;mq;mq;mq;mq;mq;mq;mq;20.000000;20.000000;mq;mq;mq;mq;mq;mq;mq;mq;mq;mq;mq;mq;mq;mq;mq;mq;mq;mq;
81408;20110909180000;100840;mq;mq;120;3.600000;305.950000;296.350000;57;mq;mq;mq;mq;mq;mq;mq;mq;mq;mq;100760;mq;mq;mq;mq;mq;mq;mq;mq;mq;mq;mq;mq;mq;mq;mq;mq;mq;mq;0.000000;0.000000;mq;mq;mq;mq;mq;mq;mq;mq;mq;mq;mq;mq;mq;mq;mq;mq;mq;mq;
81415;20110909180000;100890;mq;mq;50;1.500000;305.150000;295.550000;57;mq;mq;mq;mq;mq;mq;mq;mq;mq;mq;99710;mq;mq;mq;mq;mq;mq;mq;mq;mq;mq;mq;mq;mq;mq;mq;mq;mq;0.000000;0.000000;0.000000;mq;mq;mq;mq;mq;mq;mq;mq;mq;mq;mq;mq;mq;mq;mq;mq;mq;mq;
89642;20110909180000;98780;-90;6;120;10.300000;252.250000;244.750000;47;mq;mq;mq;mq;mq;mq;mq;mq;mq;mq;98210;mq;mq;mq;mq;mq;mq;mq;mq;mq;mq;15.900000;22.100000;-60;mq;mq;mq;mq;mq;mq;mq;mq;mq;1016.000000;1122.000000;mq;mq;mq;mq;mq;mq;mq;mq;mq;mq;mq;mq;mq;mq;
07005;20110909210000;101120;-60;8;100;2.100000;291.350000;290.550000;95;mq;mq;mq;mq;mq;mq;mq;mq;mq;mq;100250;mq;mq;mq;mq;mq;mq;mq;mq;mq;mq;mq;3.600000;-10;mq;mq;mq;mq;0.000000;0.000000;mq;mq;mq;710.000000;1104.000000;mq;mq;mq;mq;mq;mq;mq;mq;mq;mq;mq;mq;mq;mq;
07015;20110909210000;101190;20;0;0;0.000000;290.450000;289.650000;95;50000;2;1;1;90;3;800;35;20;11;100640;mq;mq;mq;mq;mq;mq;mq;mq;mq;mq;mq;1.500000;-10;mq;mq;0.000000;-30;0.000000;mq;mq;mq;mq;710.000000;1102.000000;3100.000000;mq;3;6;840;7;0;7200;mq;mq;mq;mq;mq;mq;
07020;20110909210000;100930;-60;8;110;4.100000;291.750000;291.050000;96;18000;2;1;1;100;8;3500;30;25;60;100670;mq;mq;mq;mq;mq;mq;mq;mq;mq;mq;mq;6.200000;-10;mq;mq;mq;mq;0.000000;0.000000;mq;mq;mq;710.000000;1106.000000;mq;mq;8;3;2400;mq;mq;mq;mq;mq;mq;mq;mq;mq;
07027;20110909210000;101000;-30;8;120;2.600000;291.450000;290.450000;94;50000;0;mq;mq;mq;mq;mq;mq;mq;mq;100220;mq;mq;mq;mq;mq;mq;mq;mq;mq;mq;mq;4.600000;-10;mq;mq;mq;mq;0.000000;0.000000;mq;mq;mq;710.000000;1105.000000;mq;mq;mq;mq;mq;mq;mq;mq;mq;mq;mq;mq;mq;mq;
07037;20110909210000;101110;-30;8;140;2.600000;291.450000;290.650000;95;10000;0;mq;mq;mq;mq;mq;mq;mq;mq;99340;mq;mq;mq;mq;mq;mq;mq;mq;mq;mq;mq;3.100000;-10;mq;mq;mq;mq;0.000000;0.000000;mq;mq;mq;710.000000;1103.000000;mq;mq;mq;mq;mq;mq;mq;mq;mq;mq;mq;mq;mq;mq;
07110;20110909210000;100660;-120;8;180;6.200000;291.550000;290.350000;93;20000;3;5;2;90;7;450;35;61;60;99560;mq;mq;mq;mq;mq;mq;mq;mq;mq;mq;mq;10.800000;-10;mq;mq;mq;mq;0.000000;0.200000;mq;mq;mq;710.000000;1111.000000;mq;mq;7;6;330;mq;mq;mq;mq;mq;mq;mq;mq;mq;
07117;20110909210000;100780;-30;8;150;1.500000;291.750000;289.550000;87;30000;2;1;1;75;6;800;35;20;10;100100;mq;mq;mq;mq;mq;mq;mq;mq;mq;mq;mq;4.100000;-10;mq;mq;mq;mq;0.000000;0.000000;mq;mq;mq;710.000000;1104.000000;2428.000000;mq;mq;mq;mq;mq;mq;mq;mq;mq;mq;mq;mq;mq;
07130;20110909210000;100880;-40;8;100;1.500000;292.450000;291.250000;93;40000;0;mq;mq;mq;mq;mq;mq;mq;mq;100380;mq;mq;mq;mq;mq;mq;mq;mq;mq;mq;mq;3.100000;-10;mq;mq;mq;mq;0.000000;0.000000;mq;mq;mq;710.000000;1103.000000;mq;mq;mq;mq;mq;mq;mq;mq;mq;mq;mq;mq;mq;mq;
07139;20110909210000;101050;-40;8;20;1.500000;290.450000;289.150000;92;mq;mq;mq;mq;mq;mq;mq;mq;mq;mq;99370;mq;mq;mq;mq;mq;mq;mq;mq;mq;mq;mq;1.500000;-10;mq;mq;mq;mq;0.000000;0.000000;mq;mq;mq;710.000000;1102.000000;mq;mq;mq;mq;mq;mq;mq;mq;mq;mq;mq;mq;mq;mq;
07149;20110909210000;101190;-10;8;140;1.500000;292.750000;291.050000;90;20000;2;1;1;40;3;800;35;20;10;100140;mq;mq;mq;mq;mq;mq;mq;mq;mq;mq;mq;3.600000;-10;mq;mq;0.000000;-30;0.000000;0.000000;mq;mq;mq;710.000000;1104.000000;3100.000000;mq;3;6;930;mq;mq;mq;mq;mq;mq;mq;mq;mq;
07168;20110909210000;101280;-20;8;0;0.000000;292.550000;289.550000;83;20000;0;mq;mq;mq;mq;mq;mq;mq;mq;99910;mq;mq;mq;mq;mq;mq;mq;mq;mq;mq;mq;2.600000;-10;mq;mq;mq;mq;0.000000;0.000000;mq;mq;mq;710.000000;1103.000000;mq;mq;mq;mq;mq;mq;mq;mq;mq;mq;mq;mq;mq;mq;
07181;20110909210000;101370;30;0;140;1.500000;290.950000;290.450000;97;60000;0;mq;mq;mq;mq;mq;mq;mq;mq;97420;mq;mq;mq;mq;mq;mq;mq;mq;mq;mq;mq;2.100000;-10;mq;mq;mq;mq;0.000000;0.000000;mq;mq;mq;710.000000;1102.000000;mq;mq;mq;mq;mq;mq;mq;mq;mq;mq;mq;mq;mq;mq;
07190;20110909210000;101420;70;1;310;1.000000;291.250000;289.450000;89;60000;0;mq;mq;mq;mq;mq;mq;mq;mq;99660;mq;mq;mq;mq;mq;mq;mq;mq;mq;mq;mq;1.500000;-10;mq;mq;mq;mq;0.000000;0.000000;mq;mq;mq;710.000000;1102.000000;mq;mq;mq;mq;mq;mq;mq;mq;mq;mq;mq;mq;mq;mq;
07207;20110909210000;mq;mq;mq;120;4.100000;292.450000;290.250000;87;20000;2;1;1;40;0;8000;30;20;11;mq;mq;mq;mq;mq;mq;mq;mq;mq;mq;mq;mq;6.700000;-10;mq;mq;mq;mq;0.000000;0.000000;mq;mq;mq;710.000000;1107.000000;2438.000000;mq;mq;mq;mq;mq;mq;mq;mq;mq;mq;mq;mq;mq;
07222;20110909210000;100860;-30;8;120;3.100000;292.450000;290.550000;89;25000;2;1;1;0;mq;mq;mq;mq;mq;100560;mq;mq;mq;mq;mq;mq;mq;mq;mq;mq;mq;4.100000;-10;mq;mq;mq;mq;0.000000;0.000000;mq;mq;mq;710.000000;1104.000000;mq;mq;mq;mq;mq;mq;mq;mq;mq;mq;mq;mq;mq;mq;
07240;20110909210000;101040;0;0;80;3.600000;293.250000;291.150000;88;30000;2;1;1;10;0;8000;30;20;11;99740;mq;mq;mq;mq;mq;mq;mq;mq;mq;mq;mq;4.600000;-10;mq;mq;0.000000;-30;0.000000;0.000000;mq;mq;mq;710.000000;1105.000000;3100.000000;mq;1;0;7800;mq;mq;mq;mq;mq;mq;mq;mq;mq;
07255;20110909210000;101130;10;0;90;4.100000;293.750000;290.750000;83;20000;0;mq;mq;mq;mq;mq;mq;mq;mq;99220;mq;mq;mq;mq;mq;mq;mq;mq;mq;mq;mq;5.700000;-10;mq;mq;mq;mq;0.000000;0.000000;mq;mq;mq;710.000000;1106.000000;mq;mq;mq;mq;mq;mq;mq;mq;mq;mq;mq;mq;mq;mq;
07280;20110909210000;101320;40;0;350;0.500000;291.650000;289.250000;86;60000;0;mq;mq;mq;mq;mq;mq;mq;mq;98690;mq;mq;mq;mq;mq;mq;mq;mq;mq;mq;mq;1.500000;-10;mq;mq;mq;mq;0.000000;0.000000;mq;mq;mq;710.000000;1102.000000;mq;mq;mq;mq;mq;mq;mq;mq;mq;mq;mq;mq;mq;mq;
07299;20110909210000;101400;50;1;260;0.500000;290.050000;288.950000;93;50000;2;1;1;10;1;3500;30;23;11;98220;mq;mq;mq;mq;mq;mq;mq;mq;mq;mq;mq;1.500000;-10;mq;mq;0.000000;-30;0.000000;0.000000;mq;mq;mq;710.000000;1102.000000;3100.000000;mq;1;3;4500;mq;mq;mq;mq;mq;mq;mq;mq;mq;
07314;20110909210000;100900;-10;8;90;3.600000;295.250000;293.150000;88;18000;2;1;1;40;2;2250;30;27;14;100630;mq;mq;mq;mq;mq;mq;mq;mq;mq;mq;mq;5.700000;-10;mq;mq;mq;mq;0.000000;0.000000;mq;mq;mq;710.000000;1106.000000;mq;mq;2;3;1800;mq;mq;mq;mq;mq;mq;mq;mq;mq;
07335;20110909210000;101020;0;4;40;1.000000;293.350000;291.150000;87;60000;0;mq;mq;mq;mq;mq;mq;mq;mq;99630;mq;mq;mq;mq;mq;mq;mq;mq;mq;mq;mq;1.500000;-10;mq;mq;mq;mq;0.000000;0.000000;mq;mq;mq;710.000000;1102.000000;mq;mq;mq;mq;mq;mq;mq;mq;mq;mq;mq;mq;mq;mq;
07434;20110909210000;101010;10;1;80;1.500000;295.550000;290.650000;74;60000;0;mq;mq;mq;mq;mq;mq;mq;mq;96470;mq;mq;mq;mq;mq;mq;mq;mq;mq;mq;mq;2.100000;-10;mq;mq;mq;mq;0.000000;0.000000;mq;mq;mq;710.000000;1102.000000;mq;mq;mq;mq;mq;mq;mq;mq;mq;mq;mq;mq;mq;mq;
07460;20110909210000;101170;50;0;190;1.000000;292.850000;290.050000;84;40000;2;1;1;0;mq;mq;mq;mq;mq;97440;mq;mq;mq;mq;mq;mq;mq;mq;mq;mq;mq;1.500000;-10;mq;mq;0.000000;-30;0.000000;0.000000;mq;mq;mq;710.000000;1102.000000;3100.000000;mq;mq;mq;mq;mq;mq;mq;mq;mq;mq;mq;mq;mq;
07471;20110909210000;mq;90;1;220;1.500000;288.850000;287.750000;93;17000;0;mq;mq;mq;mq;mq;mq;mq;mq;92040;85000;17560;mq;mq;mq;mq;mq;mq;mq;mq;mq;2.600000;-10;mq;mq;mq;mq;0.000000;0.000000;mq;mq;mq;710.000000;1103.000000;mq;mq;mq;mq;mq;mq;mq;mq;mq;mq;mq;mq;mq;mq;
07481;20110909210000;101290;70;1;120;1.500000;294.750000;290.550000;77;50000;2;1;1;40;0;mq;30;20;11;98540;mq;mq;mq;mq;mq;mq;mq;mq;mq;mq;mq;3.600000;-10;mq;mq;0.000000;-30;0.000000;0.000000;mq;mq;mq;710.000000;1104.000000;3100.000000;mq;3;0;7500;mq;mq;mq;mq;mq;mq;mq;mq;mq;
07510;20110909210000;100870;30;2;120;2.100000;295.250000;292.250000;83;50000;2;1;1;0;mq;mq;mq;mq;mq;100250;mq;mq;mq;mq;mq;mq;mq;mq;mq;mq;mq;2.600000;-10;mq;mq;0.000000;-30;0.000000;0.000000;mq;mq;mq;710.000000;1103.000000;3100.000000;mq;mq;mq;mq;mq;mq;mq;mq;mq;mq;mq;mq;mq;
07535;20110909210000;101020;40;0;130;3.100000;294.950000;288.750000;68;mq;mq;mq;mq;mq;mq;mq;mq;mq;mq;98040;mq;mq;mq;mq;mq;mq;mq;mq;mq;mq;mq;4.600000;-10;mq;mq;mq;mq;0.000000;0.000000;mq;mq;mq;710.000000;1105.000000;mq;mq;mq;mq;mq;mq;mq;mq;mq;mq;mq;mq;mq;mq;
07558;20110909210000;101300;130;1;150;3.100000;293.350000;286.050000;63;mq;mq;mq;mq;mq;mq;mq;mq;mq;mq;93310;mq;mq;mq;mq;mq;mq;mq;mq;mq;mq;mq;5.700000;-10;mq;mq;mq;mq;0.000000;0.000000;mq;mq;mq;710.000000;1106.000000;mq;mq;mq;mq;mq;mq;mq;mq;mq;mq;mq;mq;mq;mq;
07577;20110909210000;101390;200;2;0;0.000000;294.550000;290.350000;77;20000;0;mq;mq;mq;mq;mq;mq;mq;mq;100530;mq;mq;mq;mq;mq;mq;mq;mq;mq;mq;mq;2.100000;-10;mq;mq;mq;mq;0.000000;0.000000;mq;mq;mq;710.000000;1102.000000;mq;mq;mq;mq;mq;mq;mq;mq;mq;mq;mq;mq;mq;mq;
07591;20110909210000;mq;260;1;10;1.500000;292.350000;284.650000;61;mq;0;mq;mq;mq;mq;mq;mq;mq;mq;91720;mq;mq;mq;mq;mq;mq;mq;mq;mq;mq;mq;3.100000;-10;mq;mq;mq;mq;0.000000;0.000000;mq;mq;mq;710.000000;1103.000000;mq;mq;mq;mq;mq;mq;mq;mq;mq;mq;mq;mq;mq;mq;
07607;20110909210000;100890;30;2;110;1.500000;293.850000;291.650000;87;60000;0;mq;mq;100;mq;mq;mq;mq;mq;100210;mq;mq;mq;mq;mq;mq;mq;mq;mq;mq;mq;2.600000;-10;mq;mq;mq;mq;0.000000;0.000000;mq;mq;mq;710.000000;1103.000000;mq;mq;mq;mq;mq;mq;mq;mq;mq;mq;mq;mq;mq;mq;
07621;20110909210000;101040;20;0;180;2.100000;290.650000;288.250000;86;30000;2;1;1;0;mq;mq;mq;mq;mq;96860;mq;mq;mq;mq;mq;mq;mq;mq;mq;mq;mq;3.100000;-10;mq;mq;0.000000;-30;0.000000;0.000000;mq;mq;mq;710.000000;1103.000000;3100.000000;mq;mq;mq;mq;mq;mq;mq;mq;mq;mq;mq;mq;mq;
07627;20110909210000;101080;60;2;160;5.100000;294.850000;286.750000;60;mq;mq;mq;mq;mq;mq;mq;mq;mq;mq;96430;mq;mq;mq;mq;mq;mq;mq;mq;mq;mq;mq;8.200000;-10;mq;mq;mq;mq;0.000000;0.000000;mq;mq;mq;710.000000;1108.000000;mq;mq;mq;mq;mq;mq;mq;mq;mq;mq;mq;mq;mq;mq;
07630;20110909210000;101070;120;1;150;6.200000;298.050000;286.950000;50;30000;2;1;1;0;mq;mq;mq;mq;mq;99360;mq;mq;mq;mq;mq;mq;mq;mq;mq;mq;mq;10.300000;-10;mq;mq;0.000000;-30;0.000000;0.000000;mq;mq;mq;710.000000;1110.000000;3100.000000;mq;mq;mq;mq;mq;mq;mq;mq;mq;mq;mq;mq;mq;
07643;20110909210000;101400;150;2;200;1.000000;295.550000;293.250000;87;30000;2;1;1;50;4;250;36;20;10;101310;mq;mq;mq;mq;mq;mq;mq;mq;mq;mq;mq;3.100000;-10;mq;mq;mq;mq;0.000000;0.000000;mq;mq;mq;710.000000;1103.000000;mq;mq;4;7;240;mq;mq;mq;mq;mq;mq;mq;mq;mq;
07650;20110909210000;101450;150;1;150;1.500000;295.250000;291.250000;78;40000;2;1;1;0;mq;mq;mq;mq;mq;101080;mq;mq;mq;mq;mq;mq;mq;mq;mq;mq;mq;2.600000;-10;mq;mq;0.000000;-30;0.000000;0.000000;mq;mq;mq;710.000000;1103.000000;3100.000000;mq;mq;mq;mq;mq;mq;mq;mq;mq;mq;mq;mq;mq;
07661;20110909210000;101490;150;1;0;0.000000;295.650000;292.850000;84;25000;2;1;1;100;8;800;36;20;10;99950;mq;mq;mq;mq;mq;mq;mq;mq;mq;mq;mq;2.600000;-10;mq;mq;mq;mq;0.000000;0.000000;mq;mq;mq;710.000000;1103.000000;mq;mq;8;7;780;mq;mq;mq;mq;mq;mq;mq;mq;mq;
07690;20110909210000;101500;150;1;330;1.500000;296.150000;292.750000;81;25000;2;1;1;60;5;450;35;20;10;101180;mq;mq;mq;mq;mq;mq;mq;mq;mq;mq;mq;2.100000;-10;mq;mq;0.000000;-30;0.000000;0.000000;mq;mq;mq;710.000000;1102.000000;3100.000000;mq;5;6;450;mq;mq;mq;mq;mq;mq;mq;mq;mq;
07747;20110909210000;101240;90;0;70;1.000000;295.450000;294.250000;93;9000;0;mq;mq;mq;mq;mq;mq;mq;mq;100730;mq;mq;mq;mq;mq;mq;mq;mq;mq;mq;mq;2.600000;-10;mq;mq;mq;mq;0.000000;0.000000;mq;mq;mq;710.000000;1103.000000;mq;mq;mq;mq;mq;mq;mq;mq;mq;mq;mq;mq;mq;mq;
07761;20110909210000;101510;160;1;50;2.600000;293.450000;290.650000;84;25000;2;1;1;10;1;450;35;20;10;101400;mq;mq;mq;mq;mq;mq;mq;mq;mq;mq;mq;3.100000;-10;mq;mq;0.000000;-30;0.000000;0.000000;mq;mq;mq;710.000000;1103.000000;3100.000000;mq;1;6;480;mq;mq;mq;mq;mq;mq;mq;mq;mq;
07790;20110909210000;101480;190;1;230;1.000000;294.050000;292.550000;91;15000;2;1;1;75;6;450;35;20;10;101340;mq;mq;mq;mq;mq;mq;mq;mq;mq;mq;mq;1.500000;-10;mq;mq;0.000000;-30;0.000000;0.000000;mq;mq;mq;710.000000;1102.000000;3100.000000;mq;6;6;480;mq;mq;mq;mq;mq;mq;mq;mq;mq;
61968;20110909210000;101800;mq;mq;90;4.600000;297.650000;292.950000;75;mq;mq;mq;mq;mq;mq;mq;mq;mq;mq;mq;mq;mq;150;mq;mq;mq;mq;mq;mq;mq;mq;9.300000;-10;mq;mq;mq;mq;0.000000;0.000000;mq;mq;mq;710.000000;1109.000000;mq;mq;mq;mq;mq;mq;mq;mq;mq;mq;mq;mq;mq;mq;
61970;20110909210000;101900;mq;mq;mq;mq;296.850000;294.350000;86;mq;mq;mq;mq;mq;mq;mq;mq;mq;mq;mq;mq;mq;150;mq;mq;mq;mq;mq;mq;mq;mq;mq;mq;mq;mq;mq;mq;0.000000;0.000000;mq;mq;mq;mq;mq;mq;mq;mq;mq;mq;mq;mq;mq;mq;mq;mq;mq;mq;mq;
61972;20110909210000;102030;mq;mq;170;2.600000;293.250000;292.450000;95;mq;mq;mq;mq;mq;mq;mq;mq;mq;mq;mq;mq;mq;70;mq;mq;mq;mq;mq;mq;mq;mq;5.100000;-10;mq;mq;mq;mq;0.000000;0.000000;mq;mq;mq;710.000000;1105.000000;mq;mq;mq;mq;mq;mq;mq;mq;mq;mq;mq;mq;mq;mq;
61980;20110909210000;102300;mq;mq;180;2.100000;289.450000;288.350000;93;60000;0;mq;mq;mq;mq;1250;mq;mq;mq;mq;mq;mq;270;mq;mq;mq;mq;mq;mq;mq;mq;3.600000;-10;mq;mq;mq;mq;0.000000;0.000000;mq;mq;mq;710.000000;1104.000000;mq;mq;mq;mq;mq;mq;mq;mq;mq;mq;mq;mq;mq;mq;
61996;20110909210000;mq;mq;mq;320;11.800000;286.450000;mq;mq;mq;mq;mq;mq;mq;mq;mq;mq;mq;mq;mq;mq;mq;mq;mq;mq;mq;mq;mq;mq;mq;mq;16.500000;-10;mq;mq;mq;mq;0.000000;0.000000;mq;mq;mq;710.000000;1116.000000;mq;mq;mq;mq;mq;mq;mq;mq;mq;mq;mq;mq;mq;mq;
61997;20110909210000;102830;mq;mq;190;8.200000;272.450000;265.650000;56;mq;mq;mq;mq;mq;mq;mq;mq;mq;mq;mq;mq;mq;2610;mq;mq;mq;mq;mq;mq;mq;mq;mq;mq;mq;mq;mq;mq;mq;0.000000;mq;mq;mq;mq;mq;mq;mq;mq;mq;mq;mq;mq;mq;mq;mq;mq;mq;mq;mq;
61998;20110909210000;100330;mq;mq;210;7.700000;272.450000;269.550000;78;mq;mq;mq;mq;mq;mq;mq;mq;mq;mq;mq;mq;mq;1700;mq;mq;mq;mq;mq;mq;mq;mq;13.400000;-10;mq;mq;mq;mq;0.000000;0.000000;mq;mq;mq;710.000000;1113.000000;mq;mq;mq;mq;mq;mq;mq;mq;mq;mq;mq;mq;mq;mq;
67005;20110909210000;101820;mq;mq;0;1.000000;294.850000;293.150000;90;mq;0;mq;mq;mq;mq;mq;mq;mq;mq;mq;mq;mq;180;mq;mq;mq;mq;mq;mq;mq;mq;1.500000;-10;mq;mq;mq;mq;0.000000;0.000000;mq;mq;mq;710.000000;1102.000000;mq;mq;mq;mq;mq;mq;mq;mq;mq;mq;mq;mq;mq;mq;
71805;20110909210000;100040;-120;6;260;4.100000;288.950000;287.850000;93;15000;2;1;1;100;2;250;36;23;12;99960;mq;mq;mq;mq;mq;mq;mq;mq;mq;mq;mq;6.700000;-10;mq;mq;0.000000;-30;0.000000;0.000000;mq;mq;mq;710.000000;1107.000000;3100.000000;mq;2;7;240;3;3;3900;8;0;7500;mq;mq;mq;
78897;20110909210000;100980;-110;5;70;7.200000;301.550000;296.050000;72;25000;2;8;6;90;4;800;38;23;12;mq;mq;mq;mq;mq;mq;mq;mq;mq;mq;mq;mq;mq;mq;mq;mq;mq;mq;mq;mq;mq;mq;mq;mq;mq;mq;mq;4;8;780;3;3;3300;7;0;7800;mq;mq;mq;
78922;20110909210000;100820;-40;5;70;8.700000;299.250000;296.950000;87;mq;mq;mq;mq;mq;mq;mq;mq;mq;mq;100380;mq;mq;mq;mq;mq;mq;mq;mq;mq;mq;mq;mq;mq;mq;mq;mq;mq;mq;mq;mq;mq;mq;mq;mq;mq;mq;mq;mq;mq;mq;mq;mq;mq;mq;mq;mq;mq;mq;
78925;20110909210000;100860;10;3;30;1.000000;299.050000;298.150000;95;10000;95;9;8;100;6;800;39;27;60;mq;mq;mq;mq;mq;mq;mq;mq;mq;mq;mq;mq;mq;mq;mq;mq;mq;mq;mq;mq;mq;mq;mq;mq;mq;mq;mq;2;9;600;5;6;1290;7;3;3000;mq;mq;mq;
81401;20110909210000;100810;mq;mq;70;3.600000;301.750000;295.050000;67;mq;mq;mq;mq;mq;mq;mq;mq;mq;mq;100750;mq;mq;mq;mq;mq;mq;mq;mq;mq;mq;mq;mq;mq;mq;mq;mq;mq;mq;0.000000;mq;mq;mq;mq;mq;mq;mq;mq;mq;mq;mq;mq;mq;mq;mq;mq;mq;mq;mq;
81405;20110909210000;100970;mq;mq;80;2.100000;300.250000;296.950000;82;60000;0;mq;mq;75;mq;mq;mq;mq;mq;100880;mq;mq;mq;mq;mq;mq;mq;mq;mq;mq;mq;mq;mq;mq;mq;mq;mq;mq;0.200000;mq;mq;mq;mq;mq;mq;mq;mq;mq;mq;mq;mq;mq;mq;mq;mq;mq;mq;mq;
81408;20110909210000;100910;mq;mq;90;2.600000;302.750000;295.950000;67;mq;mq;mq;mq;mq;mq;mq;mq;mq;mq;100830;mq;mq;mq;mq;mq;mq;mq;mq;mq;mq;mq;mq;mq;mq;mq;mq;mq;mq;0.000000;mq;mq;mq;mq;mq;mq;mq;mq;mq;mq;mq;mq;mq;mq;mq;mq;mq;mq;mq;
81415;20110909210000;100780;mq;mq;0;0.000000;302.750000;295.950000;67;mq;mq;mq;mq;mq;mq;mq;mq;mq;mq;99600;mq;mq;mq;mq;mq;mq;mq;mq;mq;mq;mq;mq;mq;mq;mq;mq;mq;0.000000;0.000000;mq;mq;mq;mq;mq;mq;mq;mq;mq;mq;mq;mq;mq;mq;mq;mq;mq;mq;mq;
89642;20110909210000;98670;-110;6;130;13.400000;251.850000;247.350000;64;mq;mq;mq;mq;mq;mq;mq;mq;mq;mq;98100;mq;mq;mq;mq;mq;mq;mq;mq;mq;mq;20.100000;21.600000;-30;mq;mq;mq;mq;mq;mq;mq;mq;mq;1020.000000;1122.000000;mq;mq;mq;mq;mq;mq;mq;mq;mq;mq;mq;mq;mq;mq;
07005;20110910000000;101040;-80;8;150;2.100000;291.350000;290.750000;96;mq;mq;mq;mq;mq;mq;mq;mq;mq;mq;100170;mq;mq;mq;mq;mq;mq;mq;mq;mq;mq;mq;3.600000;-10;mq;mq;mq;mq;0.000000;0.000000;0.000000;mq;mq;710.000000;1104.000000;mq;mq;mq;mq;mq;mq;mq;mq;mq;mq;mq;mq;mq;mq;
07015;20110910000000;101090;-100;8;120;2.100000;291.050000;290.750000;98;15000;2;1;1;90;7;1250;35;61;60;100540;mq;mq;mq;mq;mq;mq;mq;mq;mq;mq;mq;2.100000;-10;mq;mq;0.000000;-60;0.000000;0.000000;0.000000;mq;mq;710.000000;1102.000000;3100.000000;mq;7;6;1290;mq;mq;mq;mq;mq;mq;mq;mq;mq;
07020;20110910000000;100700;-230;8;150;5.700000;293.750000;291.350000;86;mq;mq;mq;mq;mq;mq;mq;mq;mq;mq;100440;mq;mq;mq;mq;mq;mq;mq;mq;mq;mq;mq;9.300000;-10;mq;mq;mq;mq;0.000000;0.000000;0.000000;mq;mq;710.000000;1109.000000;mq;mq;mq;mq;mq;mq;mq;mq;mq;mq;mq;mq;mq;mq;
07027;20110910000000;100830;-180;8;120;3.600000;289.750000;289.450000;98;24000;0;mq;mq;mq;mq;mq;mq;mq;mq;100040;mq;mq;mq;mq;mq;mq;mq;mq;mq;mq;mq;4.100000;-10;mq;mq;mq;mq;0.000000;0.000000;0.000000;mq;mq;710.000000;1104.000000;mq;mq;mq;mq;mq;mq;mq;mq;mq;mq;mq;mq;mq;mq;
07037;20110910000000;101000;-110;8;150;2.600000;290.850000;290.250000;96;55000;mq;mq;mq;mq;mq;mq;mq;mq;mq;99230;mq;mq;mq;mq;mq;mq;mq;mq;mq;mq;mq;4.600000;-10;mq;mq;mq;mq;0.000000;0.000000;0.000000;mq;mq;710.000000;1105.000000;mq;mq;mq;mq;mq;mq;mq;mq;mq;mq;mq;mq;mq;mq;
07110;20110910000000;100570;-90;6;190;7.700000;291.150000;290.650000;97;4500;51;5;2;90;7;80;36;61;60;99470;mq;mq;mq;mq;mq;mq;mq;mq;mq;mq;mq;11.300000;-10;mq;mq;mq;mq;0.000000;0.000000;0.200000;mq;mq;710.000000;1111.000000;mq;mq;7;7;90;mq;mq;mq;mq;mq;mq;mq;mq;mq;
07117;20110910000000;100600;-180;8;190;0.500000;290.250000;289.250000;94;30000;2;1;1;75;6;800;35;20;10;99920;mq;mq;mq;mq;mq;mq;mq;mq;mq;mq;mq;2.600000;-10;mq;mq;mq;mq;0.000000;0.000000;0.000000;mq;mq;710.000000;1103.000000;2428.000000;mq;mq;mq;mq;mq;mq;mq;mq;mq;mq;mq;mq;mq;
07130;20110910000000;100740;-140;8;120;2.600000;291.150000;290.350000;95;19000;0;mq;mq;mq;mq;mq;mq;mq;mq;100240;mq;mq;mq;mq;mq;mq;mq;mq;mq;mq;mq;3.600000;-10;mq;mq;mq;mq;0.000000;0.000000;0.000000;mq;mq;710.000000;1104.000000;mq;mq;mq;mq;mq;mq;mq;mq;mq;mq;mq;mq;mq;mq;
07139;20110910000000;100930;-120;8;170;0.500000;291.150000;289.450000;90;mq;mq;mq;mq;mq;mq;mq;mq;mq;mq;99250;mq;mq;mq;mq;mq;mq;mq;mq;mq;mq;mq;3.100000;-10;mq;mq;mq;mq;0.000000;0.000000;0.000000;mq;mq;710.000000;1103.000000;mq;mq;mq;mq;mq;mq;mq;mq;mq;mq;mq;mq;mq;mq;
07149;20110910000000;101080;-110;8;0;0.000000;291.050000;290.050000;94;20000;2;1;1;0;mq;mq;mq;mq;mq;100030;mq;mq;mq;mq;mq;mq;mq;mq;mq;mq;mq;2.100000;-10;mq;mq;0.000000;-60;0.000000;0.000000;0.000000;mq;mq;710.000000;1102.000000;3100.000000;mq;mq;mq;mq;mq;mq;mq;mq;mq;mq;mq;mq;mq;
07168;20110910000000;101220;-80;8;150;1.000000;289.150000;288.350000;95;19000;0;mq;mq;mq;mq;mq;mq;mq;mq;99830;mq;mq;mq;mq;mq;mq;mq;mq;mq;mq;mq;2.100000;-10;mq;mq;mq;mq;0.000000;0.000000;0.000000;mq;mq;710.000000;1102.000000;mq;mq;mq;mq;mq;mq;mq;mq;mq;mq;mq;mq;mq;mq;
07181;20110910000000;101310;-80;8;140;2.100000;289.650000;289.450000;99;3900;10;mq;mq;mq;mq;mq;mq;mq;mq;97340;mq;mq;mq;mq;mq;mq;mq;mq;mq;mq;mq;3.100000;-10;mq;mq;mq;mq;0.000000;0.000000;0.000000;mq;mq;710.000000;1103.000000;mq;mq;mq;mq;mq;mq;mq;mq;mq;mq;mq;mq;mq;mq;
07190;20110910000000;101380;-60;8;260;0.500000;288.850000;287.550000;92;29000;0;mq;mq;mq;mq;mq;mq;mq;mq;99600;mq;mq;mq;mq;mq;mq;mq;mq;mq;mq;mq;1.500000;-10;mq;mq;mq;mq;0.000000;0.000000;0.000000;mq;mq;710.000000;1102.000000;mq;mq;mq;mq;mq;mq;mq;mq;mq;mq;mq;mq;mq;mq;
07207;20110910000000;mq;mq;mq;250;5.700000;292.150000;290.850000;92;14000;2;1;1;60;3;800;38;25;10;mq;mq;mq;mq;mq;mq;mq;mq;mq;mq;mq;mq;8.700000;-10;mq;mq;mq;mq;0.000000;0.000000;0.000000;mq;mq;710.000000;1109.000000;2437.000000;mq;mq;mq;mq;mq;mq;mq;mq;mq;mq;mq;mq;mq;
07222;20110910000000;100750;-110;6;100;0.500000;290.750000;289.750000;94;35000;0;mq;mq;mq;mq;mq;mq;mq;mq;100450;mq;mq;mq;mq;mq;mq;mq;mq;mq;mq;mq;2.100000;-10;mq;mq;mq;mq;0.000000;0.000000;0.000000;mq;mq;710.000000;1102.000000;mq;mq;mq;mq;mq;mq;mq;mq;mq;mq;mq;mq;mq;mq;
07240;20110910000000;100920;-120;8;100;2.600000;291.850000;290.550000;92;30000;2;1;1;10;0;8000;30;20;11;99620;mq;mq;mq;mq;mq;mq;mq;mq;mq;mq;mq;4.100000;-10;mq;mq;0.000000;-60;0.000000;0.000000;0.000000;mq;mq;710.000000;1104.000000;3100.000000;mq;1;0;7800;mq;mq;mq;mq;mq;mq;mq;mq;mq;
07255;20110910000000;101060;-90;8;100;4.100000;291.550000;290.250000;92;20000;0;mq;mq;mq;mq;mq;mq;mq;mq;99130;mq;mq;mq;mq;mq;mq;mq;mq;mq;mq;mq;5.100000;-10;mq;mq;mq;mq;0.000000;0.000000;0.000000;mq;mq;710.000000;1105.000000;mq;mq;mq;mq;mq;mq;mq;mq;mq;mq;mq;mq;mq;mq;
07280;20110910000000;101300;-40;8;340;1.500000;290.150000;288.850000;92;60000;0;mq;mq;mq;mq;mq;mq;mq;mq;98650;mq;mq;mq;mq;mq;mq;mq;mq;mq;mq;mq;2.100000;-10;mq;mq;mq;mq;0.000000;0.000000;0.000000;mq;mq;710.000000;1102.000000;mq;mq;mq;mq;mq;mq;mq;mq;mq;mq;mq;mq;mq;mq;
07299;20110910000000;101410;0;0;220;1.000000;288.550000;288.050000;97;50000;0;mq;mq;mq;mq;mq;mq;mq;mq;98220;mq;mq;mq;mq;mq;mq;mq;mq;mq;mq;mq;1.500000;-10;mq;mq;mq;mq;0.200000;0.200000;0.200000;mq;mq;710.000000;1102.000000;mq;mq;mq;mq;mq;mq;mq;mq;mq;mq;mq;mq;mq;mq;
07314;20110910000000;100780;-120;6;100;4.100000;293.950000;292.650000;92;18000;2;1;1;25;2;2250;30;27;14;100510;mq;mq;mq;mq;mq;mq;mq;mq;mq;mq;mq;6.700000;-10;mq;mq;mq;mq;0.000000;0.000000;0.000000;mq;mq;710.000000;1107.000000;2427.000000;mq;2;3;1800;mq;mq;mq;mq;mq;mq;mq;mq;mq;
07335;20110910000000;100910;-120;8;130;1.500000;290.150000;289.150000;94;60000;0;mq;mq;mq;mq;mq;mq;mq;mq;99510;mq;mq;mq;mq;mq;mq;mq;mq;mq;mq;mq;2.600000;-10;mq;mq;mq;mq;0.000000;0.000000;0.000000;mq;mq;710.000000;1103.000000;mq;mq;mq;mq;mq;mq;mq;mq;mq;mq;mq;mq;mq;mq;
07434;20110910000000;101000;-50;8;70;1.500000;292.850000;290.650000;87;60000;0;mq;mq;mq;mq;mq;mq;mq;mq;96420;mq;mq;mq;mq;mq;mq;mq;mq;mq;mq;mq;2.600000;-10;mq;mq;mq;mq;0.000000;0.000000;0.000000;mq;mq;710.000000;1103.000000;mq;mq;mq;mq;mq;mq;mq;mq;mq;mq;mq;mq;mq;mq;
07460;20110910000000;101160;-30;7;60;1.000000;291.250000;288.850000;86;40000;2;1;1;0;mq;mq;mq;mq;mq;97410;mq;mq;mq;mq;mq;mq;mq;mq;mq;mq;mq;2.100000;-10;mq;mq;0.000000;-60;0.000000;0.000000;0.000000;mq;mq;710.000000;1102.000000;3100.000000;mq;mq;mq;mq;mq;mq;mq;mq;mq;mq;mq;mq;mq;
07471;20110910000000;mq;-40;8;260;1.000000;286.450000;285.950000;97;20000;0;mq;mq;mq;mq;mq;mq;mq;mq;92000;85000;17520;mq;mq;mq;mq;mq;mq;mq;mq;mq;2.600000;-10;mq;mq;mq;mq;0.000000;0.000000;0.000000;mq;mq;710.000000;1103.000000;mq;mq;mq;mq;mq;mq;mq;mq;mq;mq;mq;mq;mq;mq;
07481;20110910000000;101290;-10;8;140;5.100000;293.050000;290.450000;85;50000;2;1;1;40;0;mq;30;20;11;98530;mq;mq;mq;mq;mq;mq;mq;mq;mq;mq;mq;6.200000;-10;mq;mq;0.000000;-60;0.000000;0.000000;0.000000;mq;mq;710.000000;1106.000000;3100.000000;mq;3;0;7500;mq;mq;mq;mq;mq;mq;mq;mq;mq;
07510;20110910000000;100760;-110;8;110;3.100000;293.950000;291.150000;84;50000;2;1;1;0;mq;mq;mq;mq;mq;100140;mq;mq;mq;mq;mq;mq;mq;mq;mq;mq;mq;3.600000;-10;mq;mq;0.000000;-60;0.000000;mq;mq;mq;mq;710.000000;1104.000000;3100.000000;mq;mq;mq;mq;mq;mq;mq;mq;mq;mq;mq;mq;mq;
07535;20110910000000;101000;-10;8;150;3.100000;295.850000;287.650000;60;mq;mq;mq;mq;mq;mq;mq;mq;mq;mq;98030;mq;mq;mq;mq;mq;mq;mq;mq;mq;mq;mq;6.200000;-10;mq;mq;mq;mq;0.000000;0.000000;0.000000;mq;mq;710.000000;1106.000000;mq;mq;mq;mq;mq;mq;mq;mq;mq;mq;mq;mq;mq;mq;
07558;20110910000000;101330;0;0;110;4.100000;292.450000;286.650000;69;mq;mq;mq;mq;mq;mq;mq;mq;mq;mq;93310;mq;mq;mq;mq;mq;mq;mq;mq;mq;mq;mq;6.700000;-10;mq;mq;mq;mq;0.000000;0.000000;0.000000;mq;mq;710.000000;1107.000000;mq;mq;mq;mq;mq;mq;mq;mq;mq;mq;mq;mq;mq;mq;
07577;20110910000000;101470;70;1;200;1.000000;291.450000;288.550000;83;20000;0;mq;mq;mq;mq;mq;mq;mq;mq;100600;mq;mq;mq;mq;mq;mq;mq;mq;mq;mq;mq;1.500000;-10;mq;mq;mq;mq;0.000000;0.000000;0.000000;mq;mq;710.000000;1102.000000;mq;mq;mq;mq;mq;mq;mq;mq;mq;mq;mq;mq;mq;mq;
07591;20110910000000;mq;50;1;20;3.600000;290.950000;283.850000;63;mq;0;mq;mq;mq;mq;mq;mq;mq;mq;91770;mq;mq;mq;mq;mq;mq;mq;mq;mq;mq;mq;5.100000;-10;mq;mq;mq;mq;0.000000;0.000000;0.000000;mq;mq;710.000000;1105.000000;mq;mq;mq;mq;mq;mq;mq;mq;mq;mq;mq;mq;mq;mq;
07607;20110910000000;100810;-90;7;110;2.100000;292.050000;289.450000;85;60000;0;mq;mq;100;mq;mq;mq;mq;mq;100120;mq;mq;mq;mq;mq;mq;mq;mq;mq;mq;mq;4.100000;-10;mq;mq;mq;mq;0.000000;0.000000;0.000000;mq;mq;710.000000;1104.000000;mq;mq;mq;mq;mq;mq;mq;mq;mq;mq;mq;mq;mq;mq;
07621;20110910000000;100930;-80;7;150;3.100000;293.050000;283.450000;54;30000;2;1;1;0;mq;mq;mq;mq;mq;96780;mq;mq;mq;mq;mq;mq;mq;mq;mq;mq;mq;4.600000;-10;mq;mq;0.000000;-60;0.000000;0.000000;0.000000;mq;mq;710.000000;1105.000000;3100.000000;mq;mq;mq;mq;mq;mq;mq;mq;mq;mq;mq;mq;mq;
07627;20110910000000;101040;-80;8;140;3.600000;292.150000;284.750000;62;mq;mq;mq;mq;mq;mq;mq;mq;mq;mq;96350;mq;mq;mq;mq;mq;mq;mq;mq;mq;mq;mq;8.200000;-10;mq;mq;mq;mq;0.000000;0.000000;0.000000;mq;mq;710.000000;1108.000000;mq;mq;mq;mq;mq;mq;mq;mq;mq;mq;mq;mq;mq;mq;
07630;20110910000000;101010;-60;8;140;8.200000;296.650000;288.650000;61;60000;0;mq;mq;mq;mq;mq;mq;mq;mq;99300;mq;mq;mq;mq;mq;mq;mq;mq;mq;mq;mq;12.300000;-10;mq;mq;mq;mq;0.000000;0.000000;0.000000;mq;mq;710.000000;1112.000000;mq;mq;mq;mq;mq;mq;mq;mq;mq;mq;mq;mq;mq;mq;
07643;20110910000000;101440;40;1;110;4.100000;295.650000;293.350000;87;20000;2;1;1;100;7;450;36;61;60;101350;mq;mq;mq;mq;mq;mq;mq;mq;mq;mq;mq;5.700000;-10;mq;mq;mq;mq;0.000000;0.000000;0.000000;mq;mq;710.000000;1106.000000;mq;mq;7;7;300;mq;mq;mq;mq;mq;mq;mq;mq;mq;
07650;20110910000000;101470;20;0;130;1.500000;293.550000;289.350000;77;35000;0;mq;mq;mq;mq;mq;mq;mq;mq;101100;mq;mq;mq;mq;mq;mq;mq;mq;mq;mq;mq;2.100000;-10;mq;mq;mq;mq;0.000000;0.000000;0.000000;mq;mq;710.000000;1102.000000;mq;mq;mq;mq;mq;mq;mq;mq;mq;mq;mq;mq;mq;mq;
07661;20110910000000;101490;-10;7;130;3.100000;294.550000;292.650000;89;mq;mq;mq;mq;mq;mq;mq;mq;mq;mq;99940;mq;mq;mq;mq;mq;mq;mq;mq;mq;mq;mq;3.600000;-10;mq;mq;mq;mq;0.000000;0.000000;0.000000;mq;mq;710.000000;1104.000000;mq;mq;mq;mq;mq;mq;mq;mq;mq;mq;mq;mq;mq;mq;
07690;20110910000000;101560;50;1;320;3.100000;294.950000;291.350000;80;25000;2;1;1;60;5;450;35;20;10;101230;mq;mq;mq;mq;mq;mq;mq;mq;mq;mq;mq;4.100000;-10;mq;mq;0.000000;-60;0.000000;0.000000;0.000000;mq;mq;710.000000;1104.000000;3100.000000;mq;5;6;570;mq;mq;mq;mq;mq;mq;mq;mq;mq;
07747;20110910000000;101250;10;1;260;1.000000;293.950000;292.950000;94;8000;0;mq;mq;mq;mq;mq;mq;mq;mq;100740;mq;mq;mq;mq;mq;mq;mq;mq;mq;mq;mq;2.100000;-10;mq;mq;mq;mq;0.000000;0.000000;0.000000;mq;mq;710.000000;1102.000000;mq;mq;mq;mq;mq;mq;mq;mq;mq;mq;mq;mq;mq;mq;
07761;20110910000000;101540;30;1;50;3.100000;292.550000;289.550000;83;25000;2;1;1;90;7;450;35;61;60;101430;mq;mq;mq;mq;mq;mq;mq;mq;mq;mq;mq;3.600000;-10;mq;mq;0.000000;-60;0.000000;0.000000;0.000000;mq;mq;710.000000;1104.000000;3100.000000;mq;7;6;450;mq;mq;mq;mq;mq;mq;mq;mq;mq;
07790;20110910000000;101490;10;0;220;2.100000;292.150000;290.450000;90;35000;0;mq;mq;mq;mq;mq;mq;mq;mq;101350;mq;mq;mq;mq;mq;mq;mq;mq;mq;mq;mq;2.600000;-10;mq;mq;mq;mq;0.000000;0.000000;0.000000;mq;mq;710.000000;1103.000000;mq;mq;mq;mq;mq;mq;mq;mq;mq;mq;mq;mq;mq;mq;
61968;20110910000000;101670;mq;mq;100;4.600000;297.450000;292.250000;73;mq;mq;mq;mq;mq;mq;mq;mq;mq;mq;mq;mq;mq;160;mq;mq;mq;mq;mq;mq;mq;mq;10.300000;-10;mq;mq;mq;mq;0.000000;mq;0.000000;mq;mq;710.000000;1110.000000;mq;mq;mq;mq;mq;mq;mq;mq;mq;mq;mq;mq;mq;mq;
61970;20110910000000;101780;mq;mq;mq;mq;297.050000;294.550000;86;mq;mq;mq;mq;mq;mq;mq;mq;mq;mq;mq;mq;mq;130;mq;mq;mq;mq;mq;mq;mq;mq;mq;mq;mq;mq;mq;mq;0.000000;mq;0.000000;mq;mq;mq;mq;mq;mq;mq;mq;mq;mq;mq;mq;mq;mq;mq;mq;mq;mq;
61972;20110910000000;101970;mq;mq;0;0.000000;292.850000;292.150000;96;mq;mq;mq;mq;mq;mq;mq;mq;mq;mq;mq;mq;mq;120;mq;mq;mq;mq;mq;mq;mq;mq;4.100000;-10;mq;mq;mq;mq;0.200000;mq;0.200000;mq;mq;710.000000;1104.000000;mq;mq;mq;mq;mq;mq;mq;mq;mq;mq;mq;mq;mq;mq;
61980;20110910000000;102210;mq;mq;160;4.100000;289.750000;287.950000;89;10000;2;1;1;25;2;800;38;20;10;mq;mq;mq;270;mq;mq;mq;mq;mq;mq;mq;mq;5.700000;-10;mq;mq;mq;mq;0.000000;mq;0.000000;mq;mq;710.000000;1106.000000;mq;mq;1;8;600;mq;mq;mq;mq;mq;mq;mq;mq;mq;
61996;20110910000000;mq;mq;mq;280;6.200000;283.650000;mq;mq;mq;mq;mq;mq;mq;mq;mq;mq;mq;mq;mq;mq;mq;mq;mq;mq;mq;mq;mq;mq;mq;mq;14.400000;-10;mq;mq;mq;mq;0.800000;mq;0.800000;mq;mq;710.000000;1114.000000;mq;mq;mq;mq;mq;mq;mq;mq;mq;mq;mq;mq;mq;mq;
61997;20110910000000;102970;mq;mq;220;5.700000;272.150000;266.550000;62;mq;mq;mq;mq;mq;mq;mq;mq;mq;mq;mq;mq;mq;2490;mq;mq;mq;mq;mq;mq;mq;mq;mq;mq;mq;mq;mq;mq;mq;mq;0.000000;mq;mq;mq;mq;mq;mq;mq;mq;mq;mq;mq;mq;mq;mq;mq;mq;mq;mq;
61998;20110910000000;100540;mq;mq;240;9.800000;272.450000;269.050000;75;20000;0;mq;mq;50;4;1750;35;20;10;mq;mq;mq;1800;mq;mq;mq;mq;mq;mq;mq;mq;17.500000;-10;mq;mq;mq;mq;0.000000;mq;0.000000;mq;mq;710.000000;1117.000000;mq;mq;4;6;1800;mq;mq;mq;mq;mq;mq;mq;mq;mq;
67005;20110910000000;101710;mq;mq;350;1.000000;295.350000;293.250000;88;mq;0;mq;mq;mq;mq;mq;mq;mq;mq;mq;mq;mq;110;mq;mq;mq;mq;mq;mq;mq;mq;3.100000;-10;mq;mq;mq;mq;0.000000;mq;0.000000;mq;mq;710.000000;1103.000000;mq;mq;mq;mq;mq;mq;mq;mq;mq;mq;mq;mq;mq;mq;
71805;20110910000000;99890;-150;7;260;5.100000;287.550000;287.050000;97;17000;0;mq;mq;mq;mq;mq;mq;mq;mq;99810;mq;mq;mq;mq;mq;mq;mq;mq;mq;mq;mq;9.300000;-10;mq;mq;mq;mq;0.000000;0.000000;0.000000;mq;mq;710.000000;1109.000000;mq;mq;mq;mq;mq;mq;mq;mq;mq;mq;mq;mq;mq;mq;
78897;20110910000000;101040;60;2;50;4.100000;299.050000;296.350000;85;20000;25;8;6;100;4;800;38;23;12;mq;mq;mq;mq;297.950000;mq;304.450000;mq;mq;mq;mq;mq;mq;mq;mq;mq;mq;mq;mq;mq;2.000000;mq;2.000000;mq;mq;mq;mq;3;8;690;3;6;1290;7;0;7800;mq;mq;mq;
78922;20110910000000;100850;30;1;50;6.700000;299.750000;296.450000;82;mq;mq;mq;mq;mq;mq;mq;mq;mq;mq;100410;mq;mq;mq;mq;mq;mq;mq;mq;mq;mq;mq;mq;mq;mq;mq;mq;mq;mq;mq;mq;mq;mq;mq;mq;mq;mq;mq;mq;mq;mq;mq;mq;mq;mq;mq;mq;mq;mq;
78925;20110910000000;100830;-30;8;40;2.100000;299.050000;297.450000;91;20000;1;9;8;100;4;800;38;27;17;mq;mq;mq;mq;297.750000;mq;301.650000;mq;mq;mq;mq;mq;mq;mq;mq;mq;mq;mq;mq;mq;14.000000;mq;33.600000;mq;mq;mq;mq;2;8;750;3;6;1290;8;2;6900;mq;mq;mq;
81401;20110910000000;101120;mq;mq;90;2.100000;299.250000;296.750000;86;mq;mq;mq;mq;mq;mq;mq;mq;mq;mq;101060;mq;mq;mq;mq;mq;308.050000;mq;mq;mq;mq;mq;mq;mq;mq;mq;mq;mq;mq;0.000000;0.000000;mq;mq;mq;mq;mq;mq;mq;mq;mq;mq;mq;mq;mq;mq;mq;mq;mq;mq;
81405;20110910000000;101170;mq;mq;200;1.000000;297.950000;297.050000;95;26000;0;mq;mq;mq;mq;mq;mq;mq;mq;101080;mq;mq;mq;mq;mq;306.050000;mq;mq;mq;mq;mq;mq;mq;mq;mq;mq;mq;mq;0.000000;0.200000;mq;mq;mq;mq;mq;mq;mq;mq;mq;mq;mq;mq;mq;mq;mq;mq;mq;mq;
81408;20110910000000;101140;mq;mq;0;0.000000;298.450000;296.650000;90;mq;mq;mq;mq;mq;mq;mq;mq;mq;mq;101060;mq;mq;mq;mq;mq;306.850000;mq;mq;mq;mq;mq;mq;mq;mq;mq;mq;mq;mq;0.000000;0.000000;mq;mq;mq;mq;mq;mq;mq;mq;mq;mq;mq;mq;mq;mq;mq;mq;mq;mq;
89642;20110910000000;98750;80;0;130;14.400000;251.250000;247.750000;71;800;37;3;3;75;5;1750;35;23;10;98180;mq;mq;mq;250.550000;mq;253.150000;mq;mq;mq;mq;20.100000;22.600000;-60;mq;mq;mq;mq;mq;mq;mq;mq;mq;1020.000000;1123.000000;mq;mq;5;6;1500;mq;mq;mq;mq;mq;mq;mq;mq;mq;
07005;20110910030000;100880;-160;7;130;3.100000;290.950000;290.350000;96;mq;mq;mq;mq;mq;mq;mq;mq;mq;mq;100010;mq;mq;mq;mq;mq;mq;mq;mq;mq;mq;mq;4.600000;-10;mq;mq;mq;mq;0.000000;0.000000;mq;mq;mq;710.000000;1105.000000;mq;mq;mq;mq;mq;mq;mq;mq;mq;mq;mq;mq;mq;mq;
07015;20110910030000;100960;-130;6;140;2.100000;290.050000;289.750000;98;3000;10;mq;mq;40;0;8000;30;20;11;100410;mq;mq;mq;mq;mq;mq;mq;mq;mq;mq;mq;3.100000;-10;mq;mq;0.000000;-30;0.000000;0.000000;mq;mq;mq;710.000000;1103.000000;3100.000000;mq;3;0;7200;mq;mq;mq;mq;mq;mq;mq;mq;mq;
07020;20110910030000;100500;-200;8;170;7.700000;292.950000;291.050000;89;mq;mq;mq;mq;mq;mq;mq;mq;mq;mq;100240;mq;mq;mq;mq;mq;mq;mq;mq;mq;mq;mq;12.900000;-10;mq;mq;mq;mq;0.000000;0.000000;mq;mq;mq;710.000000;1113.000000;mq;mq;mq;mq;mq;mq;mq;mq;mq;mq;mq;mq;mq;mq;
07027;20110910030000;100670;-160;6;100;1.500000;289.550000;289.250000;98;45000;0;mq;mq;100;mq;mq;mq;mq;mq;99880;mq;mq;mq;mq;mq;mq;mq;mq;mq;mq;mq;3.600000;-10;mq;mq;mq;mq;0.000000;0.000000;mq;mq;mq;710.000000;1104.000000;mq;mq;mq;mq;mq;mq;mq;mq;mq;mq;mq;mq;mq;mq;
07037;20110910030000;100830;-170;8;140;4.100000;290.650000;290.050000;96;50000;mq;mq;mq;mq;mq;mq;mq;mq;mq;99060;mq;mq;mq;mq;mq;mq;mq;mq;mq;mq;mq;6.200000;-10;mq;mq;mq;mq;0.000000;0.000000;mq;mq;mq;710.000000;1106.000000;mq;mq;mq;mq;mq;mq;mq;mq;mq;mq;mq;mq;mq;mq;
07110;20110910030000;100450;-130;6;200;6.200000;290.450000;289.950000;97;20000;2;5;2;100;7;150;35;61;60;99340;mq;mq;mq;mq;mq;mq;mq;mq;mq;mq;mq;10.800000;-10;mq;mq;mq;mq;0.000000;0.200000;mq;mq;mq;710.000000;1111.000000;mq;mq;5;7;150;7;6;390;mq;mq;mq;mq;mq;mq;
07117;20110910030000;100420;-170;6;230;2.600000;291.650000;289.950000;90;30000;2;1;1;75;6;800;35;20;10;99750;mq;mq;mq;mq;mq;mq;mq;mq;mq;mq;mq;7.700000;-10;mq;mq;mq;mq;0.000000;0.000000;mq;mq;mq;710.000000;1108.000000;2428.000000;mq;mq;mq;mq;mq;mq;mq;mq;mq;mq;mq;mq;mq;
07130;20110910030000;100660;-80;6;150;0.500000;290.450000;289.850000;96;19000;0;mq;mq;100;mq;mq;mq;mq;mq;100160;mq;mq;mq;mq;mq;mq;mq;mq;mq;mq;mq;2.600000;-10;mq;mq;mq;mq;0.000000;0.000000;mq;mq;mq;710.000000;1103.000000;mq;mq;mq;mq;mq;mq;mq;mq;mq;mq;mq;mq;mq;mq;
07139;20110910030000;100800;-150;7;320;1.000000;287.450000;286.350000;93;mq;mq;mq;mq;mq;mq;mq;mq;mq;mq;99100;mq;mq;mq;mq;mq;mq;mq;mq;mq;mq;mq;1.500000;-10;mq;mq;mq;mq;0.000000;0.000000;mq;mq;mq;710.000000;1102.000000;mq;mq;mq;mq;mq;mq;mq;mq;mq;mq;mq;mq;mq;mq;
07149;20110910030000;100940;-140;6;0;0.000000;290.250000;289.450000;95;20000;2;1;1;10;1;3500;30;23;10;99890;mq;mq;mq;mq;mq;mq;mq;mq;mq;mq;mq;1.500000;-10;mq;mq;0.000000;-30;0.000000;0.000000;mq;mq;mq;710.000000;1102.000000;3100.000000;mq;1;3;3000;mq;mq;mq;mq;mq;mq;mq;mq;mq;
07168;20110910030000;101110;-120;6;140;2.100000;287.350000;286.750000;96;8000;0;mq;mq;mq;mq;mq;mq;mq;mq;99710;mq;mq;mq;mq;mq;mq;mq;mq;mq;mq;mq;3.600000;-10;mq;mq;mq;mq;0.000000;0.000000;mq;mq;mq;710.000000;1104.000000;mq;mq;mq;mq;mq;mq;mq;mq;mq;mq;mq;mq;mq;mq;
07181;20110910030000;101230;-90;6;120;2.600000;288.650000;288.650000;100;6000;10;mq;mq;mq;mq;mq;mq;mq;mq;97250;mq;mq;mq;mq;mq;mq;mq;mq;mq;mq;mq;3.100000;-10;mq;mq;mq;mq;0.000000;0.200000;mq;mq;mq;710.000000;1103.000000;mq;mq;mq;mq;mq;mq;mq;mq;mq;mq;mq;mq;mq;mq;
07190;20110910030000;101340;-50;6;20;1.000000;287.850000;286.850000;94;5000;10;mq;mq;101;mq;mq;62;61;60;99550;mq;mq;mq;mq;mq;mq;mq;mq;mq;mq;mq;1.500000;-10;mq;mq;mq;mq;0.000000;0.000000;mq;mq;mq;710.000000;1102.000000;mq;mq;mq;mq;mq;mq;mq;mq;mq;mq;mq;mq;mq;mq;
07207;20110910030000;mq;mq;mq;270;3.600000;291.650000;290.350000;92;10000;2;1;1;60;3;800;38;25;10;mq;mq;mq;mq;mq;mq;mq;mq;mq;mq;mq;mq;5.100000;-10;mq;mq;mq;mq;0.000000;0.000000;mq;mq;mq;710.000000;1105.000000;2437.000000;mq;mq;mq;mq;mq;mq;mq;mq;mq;mq;mq;mq;mq;
07222;20110910030000;100690;-70;5;260;2.600000;289.750000;289.250000;97;20000;2;1;1;50;3;3500;30;23;11;100380;mq;mq;mq;mq;mq;mq;mq;mq;mq;mq;mq;5.700000;-10;mq;mq;mq;mq;0.000000;0.000000;mq;mq;mq;710.000000;1106.000000;mq;mq;3;3;3000;3;0;7200;mq;mq;mq;mq;mq;mq;
07240;20110910030000;100800;-120;6;120;2.600000;291.050000;290.050000;94;30000;1;mq;mq;0;mq;mq;mq;mq;mq;99500;mq;mq;mq;mq;mq;mq;mq;mq;mq;mq;mq;3.600000;-10;mq;mq;0.000000;-30;0.000000;0.000000;mq;mq;mq;710.000000;1104.000000;3100.000000;mq;mq;mq;mq;mq;mq;mq;mq;mq;mq;mq;mq;mq;
07255;20110910030000;100970;-100;6;80;2.600000;289.950000;289.350000;96;15000;0;mq;mq;mq;mq;mq;mq;mq;mq;99030;mq;mq;mq;mq;mq;mq;mq;mq;mq;mq;mq;3.600000;-10;mq;mq;mq;mq;0.000000;0.000000;mq;mq;mq;710.000000;1104.000000;mq;mq;mq;mq;mq;mq;mq;mq;mq;mq;mq;mq;mq;mq;
07280;20110910030000;101240;-80;6;0;0.000000;287.750000;287.150000;96;2700;10;mq;mq;mq;mq;30;mq;mq;mq;98570;mq;mq;mq;mq;mq;mq;mq;mq;mq;mq;mq;1.000000;-10;mq;mq;mq;mq;0.000000;0.000000;mq;mq;mq;710.000000;1101.000000;mq;mq;mq;mq;mq;mq;mq;mq;mq;mq;mq;mq;mq;mq;
07299;20110910030000;101360;-80;8;180;1.500000;286.450000;285.950000;97;22000;2;1;1;0;mq;mq;mq;mq;mq;98140;mq;mq;mq;mq;mq;mq;mq;mq;mq;mq;mq;2.100000;-10;mq;mq;0.000000;-30;0.000000;0.000000;mq;mq;mq;710.000000;1102.000000;3100.000000;mq;mq;mq;mq;mq;mq;mq;mq;mq;mq;mq;mq;mq;
07314;20110910030000;100650;-130;8;110;4.100000;293.150000;291.950000;93;18000;2;1;1;40;3;2250;30;27;14;100380;mq;mq;mq;mq;mq;mq;mq;mq;mq;mq;mq;5.700000;-10;mq;mq;mq;mq;0.000000;0.200000;mq;mq;mq;710.000000;1106.000000;2427.000000;mq;3;3;1800;mq;mq;mq;mq;mq;mq;mq;mq;mq;
07335;20110910030000;100810;-100;7;150;2.600000;290.650000;290.150000;97;60000;0;mq;mq;mq;mq;mq;mq;mq;mq;99410;mq;mq;mq;mq;mq;mq;mq;mq;mq;mq;mq;3.600000;-10;mq;mq;mq;mq;0.000000;0.200000;mq;mq;mq;710.000000;1104.000000;mq;mq;mq;mq;mq;mq;mq;mq;mq;mq;mq;mq;mq;mq;
07434;20110910030000;100950;-60;7;100;2.600000;291.950000;289.350000;85;60000;0;mq;mq;mq;mq;mq;mq;mq;mq;96360;mq;mq;mq;mq;mq;mq;mq;mq;mq;mq;mq;4.100000;-10;mq;mq;mq;mq;0.000000;0.000000;mq;mq;mq;710.000000;1104.000000;mq;mq;mq;mq;mq;mq;mq;mq;mq;mq;mq;mq;mq;mq;
07460;20110910030000;101080;-70;6;110;2.100000;291.950000;288.650000;81;40000;2;mq;mq;0;mq;mq;mq;mq;mq;97340;mq;mq;mq;mq;mq;mq;mq;mq;mq;mq;mq;3.100000;-10;mq;mq;0.000000;-30;0.000000;0.000000;mq;mq;mq;710.000000;1103.000000;3100.000000;mq;mq;mq;mq;mq;mq;mq;mq;mq;mq;mq;mq;mq;
07471;20110910030000;mq;-60;6;300;1.000000;286.050000;285.750000;98;20000;0;mq;mq;mq;mq;mq;mq;mq;mq;91940;85000;17480;mq;mq;mq;mq;mq;mq;mq;mq;mq;2.100000;-10;mq;mq;mq;mq;0.000000;0.200000;mq;mq;mq;710.000000;1102.000000;mq;mq;mq;mq;mq;mq;mq;mq;mq;mq;mq;mq;mq;mq;
07481;20110910030000;101250;-50;5;130;2.600000;292.450000;288.750000;79;50000;0;mq;mq;mq;mq;mq;mq;mq;mq;98480;mq;mq;mq;mq;mq;mq;mq;mq;mq;mq;mq;6.700000;-10;mq;mq;mq;mq;0.000000;0.000000;mq;mq;mq;710.000000;1107.000000;mq;mq;mq;mq;mq;mq;mq;mq;mq;mq;mq;mq;mq;mq;
07510;20110910030000;100710;-60;6;140;4.100000;293.450000;289.650000;79;50000;2;1;1;10;0;8000;30;20;11;100080;mq;mq;mq;mq;mq;mq;mq;mq;mq;mq;mq;6.200000;-10;mq;mq;0.000000;-30;0.000000;0.000000;mq;mq;mq;710.000000;1106.000000;3100.000000;mq;1;0;7800;mq;mq;mq;mq;mq;mq;mq;mq;mq;
07535;20110910030000;100930;-80;6;100;1.000000;294.650000;287.050000;62;mq;mq;mq;mq;mq;mq;mq;mq;mq;mq;97950;mq;mq;mq;mq;mq;mq;mq;mq;mq;mq;mq;7.200000;-10;mq;mq;mq;mq;0.000000;0.000000;mq;mq;mq;710.000000;1107.000000;mq;mq;mq;mq;mq;mq;mq;mq;mq;mq;mq;mq;mq;mq;
07558;20110910030000;101370;-40;6;150;4.600000;289.350000;287.750000;90;mq;mq;mq;mq;mq;mq;mq;mq;mq;mq;93270;mq;mq;mq;mq;mq;mq;mq;mq;mq;mq;mq;8.200000;-10;mq;mq;mq;mq;0.000000;0.000000;mq;mq;mq;710.000000;1108.000000;mq;mq;mq;mq;mq;mq;mq;mq;mq;mq;mq;mq;mq;mq;
07577;20110910030000;101460;-10;8;160;2.600000;292.450000;290.550000;89;20000;0;mq;mq;mq;mq;mq;mq;mq;mq;100590;mq;mq;mq;mq;mq;mq;mq;mq;mq;mq;mq;3.100000;-10;mq;mq;mq;mq;0.000000;0.000000;mq;mq;mq;710.000000;1103.000000;mq;mq;mq;mq;mq;mq;mq;mq;mq;mq;mq;mq;mq;mq;
07591;20110910030000;mq;-10;5;40;3.100000;289.750000;283.350000;66;mq;0;mq;mq;mq;mq;mq;mq;mq;mq;91760;mq;mq;mq;mq;mq;mq;mq;mq;mq;mq;mq;8.200000;-10;mq;mq;mq;mq;0.000000;0.000000;mq;mq;mq;710.000000;1108.000000;mq;mq;mq;mq;mq;mq;mq;mq;mq;mq;mq;mq;mq;mq;
07607;20110910030000;100790;-20;6;90;1.500000;289.850000;288.350000;91;60000;0;mq;mq;90;mq;mq;mq;mq;mq;100100;mq;mq;mq;mq;mq;mq;mq;mq;mq;mq;mq;3.100000;-10;mq;mq;mq;mq;0.000000;0.000000;mq;mq;mq;710.000000;1103.000000;mq;mq;mq;mq;mq;mq;mq;mq;mq;mq;mq;mq;mq;mq;
07621;20110910030000;100830;-80;6;150;4.100000;294.850000;281.750000;43;30000;0;mq;mq;25;0;8000;30;20;12;96700;mq;mq;mq;mq;mq;mq;mq;mq;mq;mq;mq;5.700000;-10;mq;mq;0.000000;-30;0.000000;0.000000;mq;mq;mq;710.000000;1106.000000;3100.000000;mq;2;0;7800;mq;mq;mq;mq;mq;mq;mq;mq;mq;
07627;20110910030000;100970;-70;6;150;4.600000;292.150000;281.450000;50;mq;mq;mq;mq;mq;mq;mq;mq;mq;mq;96280;mq;mq;mq;mq;mq;mq;mq;mq;mq;mq;mq;7.200000;-10;mq;mq;mq;mq;0.000000;0.000000;mq;mq;mq;710.000000;1107.000000;mq;mq;mq;mq;mq;mq;mq;mq;mq;mq;mq;mq;mq;mq;
07630;20110910030000;101010;-20;6;140;6.700000;294.250000;291.450000;84;18000;2;1;1;10;1;1750;35;20;10;99280;mq;mq;mq;mq;mq;mq;mq;mq;mq;mq;mq;10.300000;-10;mq;mq;0.000000;-30;0.000000;0.000000;mq;mq;mq;710.000000;1110.000000;3100.000000;mq;1;6;1800;mq;mq;mq;mq;mq;mq;mq;mq;mq;
07643;20110910030000;101420;-20;5;50;4.100000;294.550000;292.450000;88;15000;0;mq;mq;100;7;450;36;61;60;101330;mq;mq;mq;mq;mq;mq;mq;mq;mq;mq;mq;6.200000;-10;mq;mq;mq;mq;0.000000;0.000000;mq;mq;mq;710.000000;1106.000000;mq;mq;7;7;300;mq;mq;mq;mq;mq;mq;mq;mq;mq;
07650;20110910030000;101440;-30;7;90;1.500000;293.150000;289.950000;82;30000;2;1;1;0;mq;mq;mq;mq;mq;101070;mq;mq;mq;mq;mq;mq;mq;mq;mq;mq;mq;3.100000;-10;mq;mq;mq;mq;0.000000;0.000000;mq;mq;mq;710.000000;1103.000000;mq;mq;mq;mq;mq;mq;mq;mq;mq;mq;mq;mq;mq;mq;
07661;20110910030000;101470;-30;7;120;4.600000;292.850000;291.650000;93;15000;2;1;1;0;mq;mq;mq;mq;mq;99910;mq;mq;mq;mq;mq;mq;mq;mq;mq;mq;mq;6.200000;-10;mq;mq;mq;mq;0.000000;0.000000;mq;mq;mq;710.000000;1106.000000;mq;mq;mq;mq;mq;mq;mq;mq;mq;mq;mq;mq;mq;mq;
07690;20110910030000;101530;-30;6;330;3.600000;293.650000;290.050000;80;25000;2;1;1;40;3;450;35;20;10;101200;mq;mq;mq;mq;mq;mq;mq;mq;mq;mq;mq;5.100000;-10;mq;mq;0.000000;-30;0.000000;0.000000;mq;mq;mq;710.000000;1105.000000;3100.000000;mq;3;6;480;mq;mq;mq;mq;mq;mq;mq;mq;mq;
07747;20110910030000;101220;-30;8;260;2.100000;294.550000;292.450000;88;26000;0;mq;mq;100;mq;450;mq;mq;mq;100710;mq;mq;mq;mq;mq;mq;mq;mq;mq;mq;mq;3.600000;-10;mq;mq;mq;mq;0.000000;0.000000;mq;mq;mq;710.000000;1104.000000;mq;mq;mq;mq;mq;mq;mq;mq;mq;mq;mq;mq;mq;mq;
07761;20110910030000;101520;-20;5;60;2.600000;290.650000;288.250000;86;25000;2;1;1;10;1;450;35;20;10;101410;mq;mq;mq;mq;mq;mq;mq;mq;mq;mq;mq;4.100000;-10;mq;mq;0.000000;-30;0.000000;0.000000;mq;mq;mq;710.000000;1104.000000;3100.000000;mq;1;6;480;mq;mq;mq;mq;mq;mq;mq;mq;mq;
07790;20110910030000;101450;-40;8;210;2.100000;292.050000;290.550000;91;15000;2;1;1;75;6;450;35;20;10;101310;mq;mq;mq;mq;mq;mq;mq;mq;mq;mq;mq;2.600000;-10;mq;mq;0.000000;-30;0.000000;0.000000;mq;mq;mq;710.000000;1103.000000;3100.000000;mq;6;6;510;mq;mq;mq;mq;mq;mq;mq;mq;mq;
61970;20110910030000;101860;mq;mq;mq;mq;297.450000;293.950000;81;mq;mq;mq;mq;mq;mq;mq;mq;mq;mq;mq;mq;mq;mq;mq;mq;mq;mq;mq;mq;mq;mq;mq;mq;mq;mq;mq;mq;mq;mq;mq;mq;mq;mq;mq;mq;mq;mq;mq;mq;mq;mq;mq;mq;mq;mq;mq;mq;mq;
61972;20110910030000;102050;mq;mq;170;2.100000;291.850000;291.550000;98;mq;mq;mq;mq;mq;mq;mq;mq;mq;mq;mq;mq;mq;mq;mq;mq;mq;mq;mq;mq;mq;mq;mq;mq;mq;mq;mq;mq;mq;mq;mq;mq;mq;mq;mq;mq;mq;mq;mq;mq;mq;mq;mq;mq;mq;mq;mq;mq;mq;
61976;20110910030000;102040;mq;mq;140;7.200000;296.250000;289.350000;65;mq;mq;mq;mq;mq;mq;mq;mq;mq;mq;101890;mq;mq;mq;mq;mq;mq;mq;mq;mq;mq;mq;mq;mq;mq;mq;mq;mq;mq;mq;mq;mq;mq;mq;mq;mq;mq;mq;mq;mq;mq;mq;mq;mq;mq;mq;mq;mq;mq;
61980;20110910030000;102320;mq;mq;140;2.600000;289.150000;286.950000;87;10000;2;1;1;10;1;800;38;20;10;mq;mq;mq;260;mq;mq;mq;mq;mq;mq;mq;mq;4.100000;-10;mq;mq;mq;mq;0.000000;0.000000;mq;mq;mq;710.000000;1104.000000;2417.000000;mq;1;8;690;mq;mq;mq;mq;mq;mq;mq;mq;mq;
61996;20110910030000;mq;mq;mq;330;12.300000;286.750000;mq;mq;mq;mq;mq;mq;mq;mq;mq;mq;mq;mq;mq;mq;mq;mq;mq;mq;mq;mq;mq;mq;mq;mq;15.900000;-10;mq;mq;mq;mq;0.000000;0.000000;mq;mq;mq;710.000000;1116.000000;mq;mq;mq;mq;mq;mq;mq;mq;mq;mq;mq;mq;mq;mq;
61997;20110910030000;103140;mq;mq;250;4.600000;272.550000;268.350000;70;mq;mq;mq;mq;mq;mq;mq;mq;mq;mq;mq;mq;mq;2310;mq;mq;mq;mq;mq;mq;mq;mq;mq;mq;mq;mq;mq;mq;mq;0.000000;mq;mq;mq;mq;mq;mq;mq;mq;mq;mq;mq;mq;mq;mq;mq;mq;mq;mq;mq;
61998;20110910030000;100820;mq;mq;240;13.900000;271.650000;270.650000;92;7000;26;8;7;60;5;450;32;20;10;mq;mq;mq;1950;mq;mq;mq;mq;mq;mq;mq;mq;19.000000;-10;mq;mq;mq;mq;0.000000;0.000000;mq;mq;mq;710.000000;1119.000000;mq;mq;5;8;450;mq;mq;mq;mq;mq;mq;mq;mq;mq;
67005;20110910030000;101820;mq;mq;240;3.100000;296.550000;294.450000;88;20000;2;1;1;50;3;800;38;23;10;mq;mq;mq;170;mq;mq;mq;mq;mq;mq;mq;mq;4.100000;-10;mq;mq;mq;mq;0.000000;0.000000;mq;mq;mq;710.000000;1104.000000;mq;mq;3;8;600;mq;mq;mq;mq;mq;mq;mq;mq;mq;
71805;20110910030000;99670;-220;8;220;1.000000;286.250000;285.450000;95;21000;0;mq;mq;mq;mq;mq;mq;mq;mq;99590;mq;mq;mq;mq;mq;mq;mq;mq;mq;mq;mq;4.100000;-10;mq;mq;mq;mq;0.000000;0.000000;mq;mq;mq;710.000000;1104.000000;mq;mq;mq;mq;mq;mq;mq;mq;mq;mq;mq;mq;mq;mq;
78897;20110910030000;101080;40;0;40;5.100000;299.450000;296.750000;85;25000;3;8;6;100;5;800;38;20;12;mq;mq;mq;mq;mq;mq;mq;mq;mq;mq;mq;mq;mq;mq;mq;mq;mq;mq;mq;mq;mq;mq;mq;mq;mq;mq;mq;3;8;600;3;6;900;7;0;7800;mq;mq;mq;
78922;20110910030000;101010;160;1;90;5.700000;300.350000;296.550000;80;mq;mq;mq;mq;mq;mq;mq;mq;mq;mq;100570;mq;mq;mq;mq;mq;mq;mq;mq;mq;mq;mq;mq;mq;mq;mq;mq;mq;mq;mq;mq;mq;mq;mq;mq;mq;mq;mq;mq;mq;mq;mq;mq;mq;mq;mq;mq;mq;mq;
78925;20110910030000;101020;190;1;50;1.500000;298.950000;297.150000;90;20000;60;6;2;100;5;800;38;27;11;mq;mq;mq;mq;mq;mq;mq;mq;mq;mq;mq;mq;mq;mq;mq;mq;mq;mq;mq;mq;mq;mq;mq;mq;mq;mq;mq;3;8;750;4;6;1290;6;3;4800;mq;mq;mq;
81401;20110910030000;101250;mq;mq;140;0.500000;297.750000;296.050000;90;mq;mq;mq;mq;mq;mq;mq;mq;mq;mq;101190;mq;mq;mq;mq;mq;mq;mq;mq;mq;mq;mq;mq;mq;mq;mq;mq;mq;mq;0.000000;mq;mq;mq;mq;mq;mq;mq;mq;mq;mq;mq;mq;mq;mq;mq;mq;mq;mq;mq;
81405;20110910030000;101320;mq;mq;0;0.000000;296.950000;296.450000;97;26000;0;mq;mq;100;mq;mq;mq;mq;mq;101230;mq;mq;mq;mq;mq;mq;mq;mq;mq;mq;mq;mq;mq;mq;mq;mq;mq;mq;0.000000;mq;mq;mq;mq;mq;mq;mq;mq;mq;mq;mq;mq;mq;mq;mq;mq;mq;mq;mq;
81408;20110910030000;101270;mq;mq;320;0.500000;297.050000;296.350000;96;mq;mq;mq;mq;mq;mq;mq;mq;mq;mq;101190;mq;mq;mq;mq;mq;mq;mq;mq;mq;mq;mq;mq;mq;mq;mq;mq;mq;mq;0.000000;mq;mq;mq;mq;mq;mq;mq;mq;mq;mq;mq;mq;mq;mq;mq;mq;mq;mq;mq;
89642;20110910030000;98680;-70;6;150;18.000000;252.250000;249.150000;74;1500;37;3;3;90;7;1750;35;61;60;98110;mq;mq;mq;mq;mq;mq;mq;mq;mq;mq;26.200000;29.800000;-30;mq;mq;mq;mq;mq;mq;mq;mq;mq;1026.000000;1130.000000;mq;mq;7;6;1500;mq;mq;mq;mq;mq;mq;mq;mq;mq;
07005;20110910060000;100770;-100;6;120;4.600000;290.750000;290.150000;96;20000;2;1;1;90;1;150;36;20;14;99910;mq;mq;mq;290.350000;mq;291.850000;mq;290.150000;mq;mq;mq;6.200000;-10;1;0.000000;mq;mq;0.000000;0.000000;mq;0.000000;0.000000;710.000000;1106.000000;mq;mq;1;7;90;7;0;7500;mq;mq;mq;mq;mq;mq;
07015;20110910060000;100870;-90;6;140;3.100000;290.350000;290.050000;98;8000;1;mq;mq;50;0;8000;30;20;12;100320;mq;mq;mq;289.650000;mq;293.850000;mq;288.150000;mq;mq;mq;4.600000;-10;1;0.000000;0.000000;-60;0.000000;0.200000;mq;0.200000;1.400000;710.000000;1105.000000;3100.000000;mq;4;0;6000;mq;mq;mq;mq;mq;mq;mq;mq;mq;
07020;20110910060000;100500;0;5;190;8.200000;292.050000;290.850000;93;15000;61;6;1;100;6;800;38;27;60;100240;mq;mq;mq;291.450000;mq;293.850000;mq;mq;mq;mq;mq;13.900000;-10;mq;mq;mq;mq;0.000000;0.000000;mq;0.000000;0.000000;710.000000;1114.000000;mq;mq;5;8;780;mq;mq;mq;mq;mq;mq;mq;mq;mq;
07027;20110910060000;100570;-90;6;120;4.100000;291.050000;290.550000;97;30000;2;1;1;90;1;1750;35;23;11;99790;mq;mq;mq;288.750000;mq;294.350000;mq;286.150000;mq;mq;mq;5.700000;-10;0;0.000000;0.000000;-60;0.000000;0.200000;mq;0.200000;0.400000;710.000000;1106.000000;3100.000000;mq;1;6;1800;6;3;3300;5;0;7500;mq;mq;mq;
07037;20110910060000;100760;-70;6;130;2.600000;290.550000;289.950000;96;20000;2;1;1;60;2;3500;30;23;12;98990;mq;mq;mq;290.150000;mq;293.950000;mq;286.150000;mq;mq;mq;4.100000;-10;1;0.000000;0.000000;-60;0.000000;0.200000;mq;0.200000;1.200000;710.000000;1104.000000;3100.000000;mq;2;3;3900;5;0;6900;mq;mq;mq;mq;mq;mq;
07110;20110910060000;100430;-20;5;190;7.200000;290.550000;289.950000;96;10000;2;5;2;100;7;150;37;61;60;99320;mq;mq;mq;290.350000;mq;291.750000;mq;290.150000;mq;mq;mq;11.800000;-10;2;0.000000;mq;mq;0.000000;0.000000;mq;0.400000;0.600000;710.000000;1112.000000;mq;mq;7;7;180;mq;mq;mq;mq;mq;mq;mq;mq;mq;
07117;20110910060000;100440;10;3;220;3.600000;291.450000;288.850000;85;30000;2;1;1;90;7;800;35;20;10;99760;mq;mq;mq;290.050000;mq;294.550000;mq;mq;mq;mq;mq;7.700000;-10;mq;mq;mq;mq;0.000000;0.000000;mq;0.000000;mq;710.000000;1108.000000;2428.000000;mq;mq;mq;mq;mq;mq;mq;mq;mq;mq;mq;mq;mq;
07130;20110910060000;100600;-60;5;200;0.500000;290.450000;289.650000;95;16000;0;mq;mq;100;mq;mq;mq;mq;mq;100100;mq;mq;mq;290.250000;mq;296.050000;mq;288.150000;mq;mq;mq;3.600000;-10;1;0.000000;mq;mq;0.000000;0.000000;mq;0.000000;0.200000;710.000000;1104.000000;mq;mq;mq;mq;mq;mq;mq;mq;mq;mq;mq;mq;mq;mq;
07139;20110910060000;100760;-30;5;280;0.500000;287.950000;287.150000;95;10000;mq;mq;mq;90;2;450;36;23;12;99070;mq;mq;mq;287.050000;mq;294.650000;mq;284.150000;mq;mq;mq;1.500000;-10;1;0.000000;0.000000;-60;0.000000;0.200000;mq;0.200000;0.800000;710.000000;1102.000000;3100.000000;mq;2;7;300;7;0;6900;mq;mq;mq;mq;mq;mq;
07149;20110910060000;100870;-70;6;140;0.500000;289.950000;289.450000;97;25000;2;1;1;50;0;8000;30;20;11;99820;mq;mq;mq;289.450000;mq;295.550000;mq;287.150000;mq;mq;mq;2.100000;-10;0;0.000000;0.000000;-60;0.000000;0.000000;mq;0.000000;0.000000;710.000000;1102.000000;3100.000000;mq;4;0;7500;mq;mq;mq;mq;mq;mq;mq;mq;mq;
07168;20110910060000;101030;-60;6;130;3.100000;290.150000;289.350000;95;30000;2;1;1;10;0;8000;30;20;11;99650;mq;mq;mq;286.550000;mq;295.650000;mq;285.150000;mq;mq;mq;4.100000;-10;0;0.000000;0.000000;-60;0.000000;0.000000;mq;0.000000;0.000000;710.000000;1104.000000;3100.000000;mq;1;0;7500;mq;mq;mq;mq;mq;mq;mq;mq;mq;
07181;20110910060000;101230;0;5;150;1.000000;288.550000;288.550000;100;mq;45;mq;mq;mq;mq;mq;mq;mq;mq;97250;mq;mq;mq;288.050000;mq;294.050000;mq;286.150000;mq;mq;mq;2.600000;-10;0;0.000000;0.000000;-60;0.200000;0.200000;mq;0.400000;2.800000;710.000000;1103.000000;3100.000000;mq;mq;mq;mq;mq;mq;mq;mq;mq;mq;mq;mq;mq;
07190;20110910060000;101340;10;3;180;1.000000;289.150000;288.550000;96;200;45;mq;mq;101;mq;mq;62;61;60;99560;mq;mq;mq;287.450000;mq;295.750000;mq;285.150000;mq;mq;mq;1.500000;-10;1;0.000000;mq;mq;0.000000;0.000000;mq;0.000000;0.000000;710.000000;1102.000000;mq;mq;mq;mq;mq;mq;mq;mq;mq;mq;mq;mq;mq;mq;
07207;20110910060000;mq;mq;mq;260;3.100000;291.150000;290.150000;94;10000;15;2;2;90;5;1250;35;28;10;mq;mq;mq;mq;291.150000;mq;292.650000;mq;mq;mq;mq;mq;7.200000;-10;mq;mq;mq;mq;0.000000;0.000000;mq;0.000000;mq;710.000000;1107.000000;2427.000000;mq;mq;mq;mq;mq;mq;mq;mq;mq;mq;mq;mq;mq;
07222;20110910060000;100680;-10;5;260;1.500000;290.250000;289.950000;98;200;46;4;1;90;7;30;36;61;60;100370;mq;mq;mq;288.650000;mq;297.450000;mq;285.150000;mq;mq;mq;2.600000;-10;0;0.000000;mq;mq;0.000000;0.200000;mq;0.200000;0.200000;710.000000;1103.000000;mq;mq;7;7;30;mq;mq;mq;mq;mq;mq;mq;mq;mq;
07240;20110910060000;100810;0;5;130;1.500000;290.250000;289.450000;95;30000;1;mq;mq;10;0;8000;30;20;11;99500;mq;mq;mq;289.750000;mq;297.650000;mq;287.150000;mq;mq;mq;3.100000;-10;0;0.000000;0.000000;-60;0.200000;0.200000;mq;0.200000;0.200000;710.000000;1103.000000;3100.000000;mq;1;0;7800;mq;mq;mq;mq;mq;mq;mq;mq;mq;
07255;20110910060000;100980;10;3;80;2.600000;289.750000;289.250000;97;30000;2;1;1;40;0;8000;30;20;12;99040;mq;mq;mq;288.950000;mq;297.150000;mq;288.150000;mq;mq;mq;4.100000;-10;0;0.000000;0.000000;-60;0.000000;0.000000;mq;0.000000;0.200000;710.000000;1104.000000;3100.000000;mq;3;0;7500;mq;mq;mq;mq;mq;mq;mq;mq;mq;
07280;20110910060000;101270;40;3;0;0.000000;288.650000;288.150000;97;100;45;mq;mq;101;mq;mq;62;61;60;98610;mq;mq;mq;287.350000;mq;295.750000;mq;284.150000;mq;mq;mq;1.000000;-10;1;0.000000;mq;mq;0.000000;0.000000;mq;0.000000;0.000000;710.000000;1101.000000;mq;mq;mq;mq;mq;mq;mq;mq;mq;mq;mq;mq;mq;mq;
07299;20110910060000;101360;40;3;190;2.100000;289.250000;288.950000;98;35000;2;1;1;0;mq;mq;mq;mq;mq;98180;mq;mq;mq;286.350000;mq;294.950000;mq;284.150000;mq;mq;mq;3.600000;-10;0;0.000000;0.000000;-60;0.000000;0.000000;mq;0.200000;0.200000;710.000000;1104.000000;3100.000000;mq;mq;mq;mq;mq;mq;mq;mq;mq;mq;mq;mq;mq;
07314;20110910060000;100700;50;1;160;2.600000;292.050000;290.750000;92;mq;mq;mq;mq;mq;mq;mq;mq;mq;mq;100430;mq;mq;mq;291.750000;mq;296.950000;mq;mq;mq;mq;mq;4.600000;-10;mq;mq;mq;mq;0.000000;0.000000;mq;0.200000;0.200000;710.000000;1105.000000;mq;mq;mq;mq;mq;mq;mq;mq;mq;mq;mq;mq;mq;mq;
07335;20110910060000;100780;-30;8;160;3.100000;290.450000;289.150000;92;30000;2;1;1;40;1;3500;30;23;12;99380;mq;mq;mq;289.450000;mq;298.450000;mq;287.150000;mq;mq;mq;4.600000;-10;0;0.000000;mq;mq;0.000000;0.000000;mq;0.200000;0.200000;710.000000;1105.000000;mq;mq;1;3;3000;mq;mq;mq;mq;mq;mq;mq;mq;mq;
07434;20110910060000;100960;0;5;100;3.100000;291.750000;287.650000;77;60000;2;1;1;40;0;8000;30;20;11;96360;mq;mq;mq;291.350000;mq;297.850000;mq;289.150000;mq;mq;mq;5.100000;-10;0;0.000000;0.000000;-60;0.000000;0.000000;mq;0.000000;0.000000;710.000000;1105.000000;3100.000000;mq;3;0;9000;mq;mq;mq;mq;mq;mq;mq;mq;mq;
07460;20110910060000;101120;30;3;220;1.000000;291.450000;287.950000;80;50000;2;mq;mq;0;mq;mq;mq;mq;mq;97370;mq;mq;mq;291.050000;mq;298.650000;mq;289.150000;mq;mq;mq;5.100000;-10;0;0.000000;0.000000;-60;0.000000;0.000000;mq;0.000000;0.000000;710.000000;1105.000000;3100.000000;mq;mq;mq;mq;mq;mq;mq;mq;mq;mq;mq;mq;mq;
07471;20110910060000;mq;20;3;290;1.000000;286.150000;285.850000;98;35000;2;1;1;0;mq;mq;mq;mq;mq;91960;85000;17500;mq;284.650000;mq;294.450000;mq;281.150000;mq;mq;mq;2.100000;-10;1;0.000000;0.000000;-60;0.000000;0.000000;mq;0.200000;0.200000;710.000000;1102.000000;3100.000000;mq;mq;mq;mq;mq;mq;mq;mq;mq;mq;mq;mq;mq;
07481;20110910060000;101300;50;3;130;3.600000;293.050000;289.050000;78;40000;2;1;1;0;mq;mq;mq;mq;mq;98530;mq;mq;mq;291.850000;mq;297.650000;mq;291.150000;mq;mq;mq;8.700000;-10;0;0.000000;0.000000;-60;0.000000;0.000000;mq;0.000000;0.000000;710.000000;1109.000000;3100.000000;mq;mq;mq;mq;mq;mq;mq;mq;mq;mq;mq;mq;mq;
07510;20110910060000;100800;90;3;160;2.600000;292.350000;290.350000;88;50000;2;1;1;40;1;1750;35;20;11;100170;mq;mq;mq;292.350000;mq;301.250000;mq;290.150000;mq;mq;mq;6.200000;-10;0;0.000000;0.000000;-60;0.000000;0.000000;mq;0.000000;0.000000;710.000000;1106.000000;3100.000000;mq;1;6;1500;3;0;7800;mq;mq;mq;mq;mq;mq;
07535;20110910060000;100960;30;3;160;1.500000;295.250000;286.850000;59;30000;2;1;1;10;1;3500;30;28;11;97980;mq;mq;mq;294.150000;mq;300.350000;mq;290.150000;mq;mq;mq;8.200000;-10;0;0.000000;0.000000;-60;0.000000;0.000000;mq;0.000000;0.000000;710.000000;1108.000000;3100.000000;mq;1;3;3900;mq;mq;mq;mq;mq;mq;mq;mq;mq;
07558;20110910060000;101380;60;1;130;3.100000;290.850000;288.850000;88;15000;2;1;1;90;7;450;35;61;60;93330;mq;mq;mq;289.350000;mq;297.250000;mq;289.150000;mq;mq;mq;6.700000;-10;0;0.000000;0.000000;-60;0.000000;0.000000;mq;0.000000;0.000000;710.000000;1107.000000;3100.000000;mq;3;6;300;6;6;480;mq;mq;mq;mq;mq;mq;
07577;20110910060000;101510;60;3;190;1.500000;293.450000;290.650000;84;25000;2;1;1;90;7;450;38;61;60;100650;mq;mq;mq;290.250000;mq;299.350000;mq;288.150000;mq;mq;mq;3.600000;-10;0;0.000000;0.000000;-60;0.000000;0.000000;mq;0.000000;0.000000;710.000000;1104.000000;3100.000000;mq;2;8;540;6;6;690;mq;mq;mq;mq;mq;mq;
07591;20110910060000;mq;50;2;40;3.100000;288.350000;283.350000;72;mq;0;mq;mq;mq;mq;mq;mq;mq;mq;91810;mq;mq;mq;287.350000;mq;297.450000;mq;284.150000;mq;mq;mq;6.200000;-10;mq;mq;mq;mq;0.000000;0.000000;mq;0.000000;0.000000;710.000000;1106.000000;mq;mq;mq;mq;mq;mq;mq;mq;mq;mq;mq;mq;mq;mq;
07607;20110910060000;100940;140;3;0;0.000000;288.950000;288.150000;95;55000;0;mq;mq;mq;mq;mq;mq;mq;mq;100240;mq;mq;mq;288.750000;mq;302.450000;mq;285.150000;mq;mq;mq;1.500000;-10;mq;mq;mq;mq;0.200000;0.200000;mq;0.200000;0.200000;710.000000;1102.000000;mq;mq;mq;mq;mq;mq;mq;mq;mq;mq;mq;mq;mq;mq;
07621;20110910060000;100920;50;3;150;4.100000;291.750000;283.350000;58;50000;2;mq;mq;25;0;8000;30;20;12;96750;mq;mq;mq;289.550000;mq;300.450000;mq;285.150000;mq;mq;mq;5.700000;-10;0;0.000000;0.000000;-60;0.000000;0.000000;mq;0.000000;0.000000;710.000000;1106.000000;3100.000000;mq;2;0;7800;mq;mq;mq;mq;mq;mq;mq;mq;mq;
07627;20110910060000;101040;40;3;130;3.600000;290.850000;281.950000;56;50000;2;1;1;10;0;mq;30;20;11;96320;mq;mq;mq;289.950000;mq;296.450000;mq;287.150000;mq;mq;mq;6.200000;-10;0;0.000000;0.000000;-60;0.000000;0.000000;mq;0.000000;0.000000;710.000000;1106.000000;3100.000000;mq;1;0;6900;mq;mq;mq;mq;mq;mq;mq;mq;mq;
07630;20110910060000;101060;60;3;140;6.700000;294.750000;291.750000;83;20000;2;1;1;10;1;450;35;20;11;99340;mq;mq;mq;294.050000;mq;302.650000;mq;293.150000;mq;mq;mq;11.800000;-10;0;0.000000;0.000000;-60;0.000000;0.000000;mq;0.000000;0.000000;710.000000;1112.000000;3100.000000;mq;1;6;330;mq;mq;mq;mq;mq;mq;mq;mq;mq;
07643;20110910060000;101490;70;3;60;3.100000;294.050000;292.550000;91;9000;3;mq;mq;100;8;150;35;61;60;101400;mq;mq;mq;293.950000;mq;297.150000;mq;294.150000;mq;mq;mq;5.100000;-10;0;0.000000;mq;mq;0.000000;0.000000;mq;0.000000;0.000000;710.000000;1105.000000;mq;mq;2;7;150;8;7;390;mq;mq;mq;mq;mq;mq;
07650;20110910060000;101520;80;3;120;1.000000;293.550000;290.150000;81;20000;2;1;1;0;mq;mq;mq;mq;mq;101150;mq;mq;mq;291.550000;mq;297.250000;mq;288.150000;mq;mq;mq;3.600000;-10;0;0.000000;mq;mq;0.000000;0.000000;mq;0.000000;0.000000;710.000000;1104.000000;mq;mq;mq;mq;mq;mq;mq;mq;mq;mq;mq;mq;mq;mq;
07661;20110910060000;101570;100;3;120;3.600000;292.050000;291.250000;95;mq;mq;mq;mq;mq;mq;mq;mq;mq;mq;100010;mq;mq;mq;291.750000;mq;295.850000;mq;mq;mq;mq;mq;6.200000;-10;mq;mq;mq;mq;0.200000;0.200000;mq;0.200000;0.200000;710.000000;1106.000000;mq;mq;mq;mq;mq;mq;mq;mq;mq;mq;mq;mq;mq;mq;
07690;20110910060000;101620;90;3;340;3.100000;294.150000;289.550000;75;25000;2;1;1;10;1;450;35;20;10;101290;mq;mq;mq;293.250000;mq;296.950000;mq;293.150000;mq;mq;mq;3.600000;-10;0;0.000000;0.000000;-60;0.000000;0.000000;mq;0.000000;0.000000;710.000000;1104.000000;3100.000000;mq;1;6;480;mq;mq;mq;mq;mq;mq;mq;mq;mq;
07747;20110910060000;101300;80;3;10;1.000000;295.050000;293.350000;90;3500;20;2;2;100;8;150;36;61;60;100790;mq;mq;mq;293.150000;mq;297.550000;mq;291.150000;mq;mq;mq;2.100000;-10;0;0.000000;0.000000;-60;0.000000;0.000000;mq;0.000000;0.000000;710.000000;1102.000000;3100.000000;mq;8;7;120;mq;mq;mq;mq;mq;mq;mq;mq;mq;
07761;20110910060000;101560;40;3;40;3.600000;291.450000;287.950000;80;30000;2;1;1;10;1;450;35;20;10;101450;mq;mq;mq;290.150000;mq;296.450000;mq;289.150000;mq;mq;mq;4.600000;-10;0;0.000000;0.000000;-60;0.000000;0.000000;mq;0.000000;0.000000;710.000000;1105.000000;3100.000000;mq;1;6;450;mq;mq;mq;mq;mq;mq;mq;mq;mq;
07790;20110910060000;101540;90;2;210;2.100000;293.150000;291.650000;91;15000;2;1;1;40;3;450;35;20;10;101400;mq;mq;mq;292.050000;mq;296.250000;mq;291.150000;mq;mq;mq;2.600000;-10;0;0.000000;0.000000;-60;0.000000;0.000000;mq;0.000000;0.000000;710.000000;1103.000000;3100.000000;mq;3;6;570;mq;mq;mq;mq;mq;mq;mq;mq;mq;
61968;20110910060000;101920;mq;mq;110;3.600000;300.550000;291.550000;58;mq;mq;mq;mq;mq;mq;mq;mq;mq;mq;mq;mq;mq;mq;296.950000;mq;mq;mq;mq;mq;mq;mq;mq;mq;mq;mq;mq;mq;mq;mq;mq;mq;mq;mq;mq;mq;mq;mq;mq;mq;mq;mq;mq;mq;mq;mq;mq;mq;mq;
61970;20110910060000;102100;mq;mq;mq;mq;299.650000;294.150000;72;mq;mq;mq;mq;mq;mq;mq;mq;mq;mq;mq;mq;mq;mq;296.750000;mq;mq;mq;mq;mq;mq;mq;mq;mq;mq;mq;mq;mq;mq;mq;mq;mq;mq;mq;mq;mq;mq;mq;mq;mq;mq;mq;mq;mq;mq;mq;mq;mq;mq;
61972;20110910060000;102150;mq;mq;170;5.100000;297.250000;294.150000;83;mq;mq;mq;mq;mq;mq;mq;mq;mq;mq;mq;mq;mq;mq;291.650000;mq;mq;mq;mq;mq;mq;mq;mq;mq;mq;mq;mq;mq;mq;mq;mq;mq;mq;mq;mq;mq;mq;mq;mq;mq;mq;mq;mq;mq;mq;mq;mq;mq;mq;
61976;20110910060000;102140;mq;mq;130;9.300000;299.150000;291.050000;61;mq;mq;mq;mq;mq;mq;mq;mq;mq;mq;101990;mq;mq;150;mq;mq;mq;mq;mq;mq;mq;mq;mq;mq;mq;mq;mq;mq;mq;mq;mq;mq;mq;mq;mq;mq;mq;mq;mq;mq;mq;mq;mq;mq;mq;mq;mq;mq;mq;
61980;20110910060000;102420;mq;mq;100;8.200000;297.150000;288.350000;58;10000;2;1;1;10;1;800;38;20;10;mq;mq;mq;mq;288.650000;mq;mq;mq;286.150000;mq;mq;mq;11.800000;-10;mq;mq;mq;mq;0.000000;mq;mq;mq;17.000000;710.000000;1112.000000;2417.000000;mq;1;8;900;mq;mq;mq;mq;mq;mq;mq;mq;mq;
61996;20110910060000;mq;mq;mq;300;14.400000;285.350000;mq;mq;mq;mq;mq;mq;mq;mq;mq;mq;mq;mq;mq;mq;mq;mq;283.550000;mq;mq;mq;282.150000;mq;mq;mq;21.600000;-10;mq;mq;mq;mq;0.000000;mq;mq;mq;1.000000;710.000000;1122.000000;mq;mq;mq;mq;mq;mq;mq;mq;mq;mq;mq;mq;mq;mq;
61997;20110910060000;103230;mq;mq;350;1.000000;273.850000;267.850000;64;mq;mq;mq;mq;mq;mq;mq;mq;mq;mq;mq;mq;mq;mq;271.550000;mq;mq;mq;271.150000;mq;mq;mq;mq;mq;mq;mq;mq;mq;mq;mq;mq;mq;0.000000;mq;mq;mq;mq;mq;mq;mq;mq;mq;mq;mq;mq;mq;mq;mq;mq;
61998;20110910060000;100980;mq;mq;240;10.800000;273.950000;270.550000;78;12000;26;8;7;75;6;450;32;20;10;mq;mq;mq;mq;270.950000;mq;mq;mq;270.150000;mq;mq;mq;14.400000;-10;mq;mq;mq;mq;0.000000;mq;mq;mq;0.000000;710.000000;1114.000000;mq;mq;6;8;540;mq;mq;mq;mq;mq;mq;mq;mq;mq;
67005;20110910060000;101980;mq;mq;160;5.100000;299.950000;292.850000;65;25000;3;8;1;60;3;800;38;23;10;mq;mq;mq;mq;294.050000;mq;mq;mq;291.150000;mq;mq;mq;7.200000;-10;mq;mq;mq;mq;0.000000;mq;mq;mq;0.800000;710.000000;1107.000000;mq;mq;3;8;660;3;3;3000;mq;mq;mq;mq;mq;mq;
71805;20110910060000;99340;-330;6;360;5.100000;287.050000;284.250000;83;60000;0;mq;mq;mq;mq;mq;mq;mq;mq;99260;mq;mq;mq;mq;285.950000;mq;291.650000;284.150000;mq;mq;mq;8.700000;-10;mq;mq;mq;mq;0.000000;0.000000;mq;0.000000;0.200000;710.000000;1109.000000;mq;mq;mq;mq;mq;mq;mq;mq;mq;mq;mq;mq;mq;mq;
78897;20110910060000;100890;-190;8;50;4.600000;299.750000;296.050000;80;20000;1;8;6;60;5;800;38;20;10;mq;mq;mq;mq;mq;297.850000;mq;304.450000;275.150000;mq;mq;mq;mq;mq;mq;mq;mq;mq;mq;mq;0.600000;mq;2.600000;mq;mq;mq;mq;3;8;600;3;6;780;mq;mq;mq;mq;mq;mq;
78922;20110910060000;100740;-270;8;50;2.100000;299.750000;296.650000;83;mq;mq;mq;mq;mq;mq;mq;mq;mq;mq;100300;mq;mq;mq;mq;mq;mq;mq;mq;mq;mq;mq;mq;mq;mq;mq;mq;mq;mq;mq;mq;mq;mq;mq;mq;mq;mq;mq;mq;mq;mq;mq;mq;mq;mq;mq;mq;mq;mq;
78925;20110910060000;100780;-240;8;10;0.500000;298.050000;297.150000;95;60000;0;mq;mq;mq;mq;mq;mq;mq;mq;mq;mq;mq;mq;mq;297.750000;mq;301.750000;mq;mq;mq;mq;mq;mq;mq;mq;mq;mq;mq;mq;0.000000;mq;33.600000;mq;mq;mq;mq;mq;mq;mq;mq;mq;mq;mq;mq;mq;mq;mq;mq;
81401;20110910060000;101060;mq;mq;0;0.000000;296.850000;295.650000;93;mq;mq;mq;mq;mq;mq;mq;mq;mq;mq;101000;mq;mq;mq;mq;mq;mq;mq;mq;mq;mq;mq;mq;mq;mq;mq;mq;mq;mq;0.000000;0.000000;mq;mq;mq;mq;mq;mq;mq;mq;mq;mq;mq;mq;mq;mq;mq;mq;mq;mq;
81405;20110910060000;101080;mq;mq;0;0.000000;296.750000;296.450000;98;21000;0;mq;mq;100;mq;80;mq;mq;mq;100990;mq;mq;mq;mq;mq;mq;mq;296.150000;mq;mq;mq;mq;mq;mq;mq;mq;mq;mq;0.000000;0.000000;mq;mq;mq;mq;mq;mq;mq;mq;mq;mq;mq;mq;mq;mq;mq;mq;mq;mq;
81408;20110910060000;101060;mq;mq;0;0.000000;296.850000;296.350000;97;mq;mq;mq;mq;mq;mq;mq;mq;mq;mq;100980;mq;mq;mq;mq;mq;mq;mq;mq;mq;mq;mq;mq;mq;mq;mq;mq;mq;mq;0.000000;0.000000;mq;mq;mq;mq;mq;mq;mq;mq;mq;mq;mq;mq;mq;mq;mq;mq;mq;mq;
89642;20110910060000;98770;90;3;140;14.900000;254.350000;251.350000;75;20000;2;3;2;90;7;1750;35;61;60;98200;mq;mq;mq;mq;mq;mq;mq;274.150000;mq;mq;21.100000;29.800000;-60;mq;mq;mq;mq;mq;mq;mq;mq;mq;1021.000000;1130.000000;mq;mq;7;6;1500;mq;mq;mq;mq;mq;mq;mq;mq;mq;
07005;20110910090000;100730;-30;5;150;5.100000;294.050000;291.950000;88;40000;2;1;1;90;2;3500;30;23;12;99880;mq;mq;mq;mq;mq;mq;mq;mq;mq;mq;mq;8.700000;-10;mq;mq;0.000000;-30;0.000000;0.000000;mq;mq;mq;710.000000;1109.000000;3100.000000;mq;2;3;3000;7;0;7500;mq;mq;mq;mq;mq;mq;
07015;20110910090000;100790;-70;5;180;4.600000;295.250000;292.050000;82;50000;2;1;1;90;1;3500;30;28;12;100250;mq;mq;mq;mq;mq;mq;mq;mq;mq;mq;mq;8.200000;-10;mq;mq;0.000000;-30;0.000000;0.000000;mq;mq;mq;710.000000;1108.000000;3100.000000;mq;1;3;2700;7;0;6000;mq;mq;mq;mq;mq;mq;
07020;20110910090000;100530;40;1;190;8.200000;293.750000;290.550000;82;16000;1;6;2;90;5;1750;35;22;16;100280;mq;mq;mq;mq;mq;mq;mq;mq;mq;mq;mq;11.300000;-10;mq;mq;mq;mq;0.000000;0.000000;mq;mq;mq;710.000000;1111.000000;mq;mq;1;8;1500;5;6;1800;mq;mq;mq;mq;mq;mq;
07027;20110910090000;100580;20;3;150;2.600000;293.750000;292.250000;91;30000;2;1;1;90;7;1750;31;29;60;99810;mq;mq;mq;mq;mq;mq;mq;mq;mq;mq;mq;4.600000;-10;mq;mq;0.000000;-30;0.000000;0.000000;mq;mq;mq;710.000000;1105.000000;3100.000000;mq;1;8;1500;7;3;3300;mq;mq;mq;mq;mq;mq;
07037;20110910090000;100680;-40;8;130;5.100000;295.550000;292.350000;82;20000;2;1;1;60;2;3500;30;23;12;98950;mq;mq;mq;mq;mq;mq;mq;mq;mq;mq;mq;6.700000;-10;mq;mq;0.000000;-30;0.000000;0.000000;mq;mq;mq;710.000000;1107.000000;3100.000000;mq;2;3;3900;5;0;6900;mq;mq;mq;mq;mq;mq;
07110;20110910090000;100460;40;3;210;8.700000;291.250000;290.050000;93;10000;2;1;1;100;7;250;35;61;60;99360;mq;mq;mq;mq;mq;mq;mq;mq;mq;mq;mq;13.400000;-10;mq;mq;mq;mq;0.000000;0.000000;mq;mq;mq;710.000000;1113.000000;mq;mq;7;7;210;8;6;360;mq;mq;mq;mq;mq;mq;
07117;20110910090000;100430;0;5;230;6.200000;293.450000;289.650000;79;15000;2;1;1;90;2;800;35;27;60;99760;mq;mq;mq;mq;mq;mq;mq;mq;mq;mq;mq;11.800000;-10;mq;mq;mq;mq;0.000000;0.000000;mq;mq;mq;710.000000;1112.000000;2437.000000;mq;mq;mq;mq;mq;mq;mq;mq;mq;mq;mq;mq;mq;
07130;20110910090000;100710;110;3;210;3.100000;292.350000;290.850000;91;17000;0;mq;mq;100;mq;250;mq;mq;mq;100210;mq;mq;mq;mq;mq;mq;mq;mq;mq;mq;mq;5.700000;-10;mq;mq;mq;mq;0.000000;0.000000;mq;mq;mq;710.000000;1106.000000;mq;mq;mq;mq;mq;mq;mq;mq;mq;mq;mq;mq;mq;mq;
07139;20110910090000;100690;-30;5;200;3.100000;294.450000;291.050000;81;18000;2;1;1;90;2;450;31;23;12;99040;mq;mq;mq;mq;mq;mq;mq;mq;mq;mq;mq;7.200000;-10;mq;mq;0.000000;-30;0.000000;0.000000;mq;mq;mq;710.000000;1107.000000;3100.000000;mq;2;8;450;3;3;3000;6;0;6900;mq;mq;mq;
07149;20110910090000;100860;10;3;180;2.600000;296.450000;291.950000;76;30000;2;1;1;60;1;3500;30;23;11;99830;mq;mq;mq;mq;mq;mq;mq;mq;mq;mq;mq;5.100000;-10;mq;mq;0.000000;-30;0.000000;0.200000;mq;mq;mq;710.000000;1105.000000;3100.000000;mq;1;3;3300;5;0;7500;mq;mq;mq;mq;mq;mq;
07168;20110910090000;100980;-10;5;170;6.200000;298.350000;290.550000;62;30000;2;1;1;25;0;8000;30;20;11;99640;mq;mq;mq;mq;mq;mq;mq;mq;mq;mq;mq;8.200000;-10;mq;mq;0.000000;-30;0.000000;0.200000;mq;mq;mq;710.000000;1108.000000;3100.000000;mq;2;0;7500;mq;mq;mq;mq;mq;mq;mq;mq;mq;
07181;20110910090000;101130;0;5;180;5.100000;295.950000;291.450000;76;18000;0;mq;mq;mq;mq;mq;mq;mq;mq;97250;mq;mq;mq;mq;mq;mq;mq;mq;mq;mq;mq;8.200000;-10;mq;mq;mq;mq;0.000000;0.000000;mq;mq;mq;710.000000;1108.000000;mq;mq;mq;mq;mq;mq;mq;mq;mq;mq;mq;mq;mq;mq;
07190;20110910090000;101290;0;5;170;3.100000;295.950000;291.750000;77;29000;0;mq;mq;mq;mq;mq;mq;mq;mq;99560;mq;mq;mq;mq;mq;mq;mq;mq;mq;mq;mq;5.100000;-10;mq;mq;mq;mq;0.000000;0.000000;mq;mq;mq;710.000000;1105.000000;mq;mq;mq;mq;mq;mq;mq;mq;mq;mq;mq;mq;mq;mq;
07207;20110910090000;mq;mq;mq;240;5.100000;292.450000;290.450000;88;10000;2;1;1;75;3;800;36;25;11;mq;mq;mq;mq;mq;mq;mq;mq;mq;mq;mq;mq;8.700000;-10;mq;mq;mq;mq;0.000000;0.000000;mq;mq;mq;710.000000;1109.000000;2437.000000;mq;mq;mq;mq;mq;mq;mq;mq;mq;mq;mq;mq;mq;
07222;20110910090000;100790;120;3;270;3.100000;292.150000;291.850000;98;10000;1;4;2;90;7;150;36;61;60;100490;mq;mq;mq;mq;mq;mq;mq;mq;mq;mq;mq;5.100000;-10;mq;mq;mq;mq;0.000000;0.000000;mq;mq;mq;710.000000;1105.000000;mq;mq;7;7;150;mq;mq;mq;mq;mq;mq;mq;mq;mq;
07240;20110910090000;100750;-30;6;170;5.700000;297.150000;290.850000;68;60000;0;mq;mq;mq;mq;mq;mq;mq;mq;99470;mq;mq;mq;mq;mq;mq;mq;mq;mq;mq;mq;9.300000;-10;mq;mq;mq;mq;0.000000;0.000000;mq;mq;mq;710.000000;1109.000000;mq;mq;mq;mq;mq;mq;mq;mq;mq;mq;mq;mq;mq;mq;
07255;20110910090000;100900;-20;8;120;3.600000;298.950000;290.350000;59;40000;2;1;1;40;0;8000;30;20;12;99020;mq;mq;mq;mq;mq;mq;mq;mq;mq;mq;mq;6.200000;-10;mq;mq;0.000000;-30;0.000000;0.000000;mq;mq;mq;710.000000;1106.000000;3100.000000;mq;3;0;7500;mq;mq;mq;mq;mq;mq;mq;mq;mq;
07280;20110910090000;101230;20;3;190;5.100000;294.850000;291.050000;79;18000;0;mq;mq;mq;mq;mq;mq;mq;mq;98630;mq;mq;mq;mq;mq;mq;mq;mq;mq;mq;mq;8.700000;-10;mq;mq;mq;mq;0.000000;0.200000;mq;mq;mq;710.000000;1109.000000;mq;mq;mq;mq;mq;mq;mq;mq;mq;mq;mq;mq;mq;mq;
07299;20110910090000;101280;10;3;130;2.600000;297.950000;290.950000;65;40000;2;1;1;10;0;mq;30;20;11;98190;mq;mq;mq;mq;mq;mq;mq;mq;mq;mq;mq;5.100000;-10;mq;mq;0.000000;-30;0.000000;0.000000;mq;mq;mq;710.000000;1105.000000;3100.000000;mq;1;0;7800;mq;mq;mq;mq;mq;mq;mq;mq;mq;
07314;20110910090000;100930;230;3;290;4.600000;292.150000;291.850000;98;16000;2;1;1;90;7;800;37;20;10;100660;mq;mq;mq;mq;mq;mq;mq;mq;mq;mq;mq;7.200000;-10;mq;mq;mq;mq;0.000000;0.000000;mq;mq;mq;710.000000;1107.000000;2427.000000;mq;7;7;780;mq;mq;mq;mq;mq;mq;mq;mq;mq;
07335;20110910090000;100810;60;3;200;9.300000;297.550000;289.750000;62;30000;2;1;1;50;0;mq;30;20;12;99440;mq;mq;mq;mq;mq;mq;mq;mq;mq;mq;mq;13.400000;-10;mq;mq;mq;mq;0.000000;0.000000;mq;mq;mq;710.000000;1113.000000;mq;mq;4;0;7500;mq;mq;mq;mq;mq;mq;mq;mq;mq;
07434;20110910090000;100970;90;3;170;6.200000;297.150000;288.950000;60;60000;0;mq;mq;mq;mq;mq;mq;mq;mq;96450;mq;mq;mq;mq;mq;mq;mq;mq;mq;mq;mq;9.300000;-10;mq;mq;mq;mq;0.000000;0.000000;mq;mq;mq;710.000000;1109.000000;mq;mq;mq;mq;mq;mq;mq;mq;mq;mq;mq;mq;mq;mq;
07460;20110910090000;101070;20;2;80;2.600000;297.150000;289.450000;62;50000;2;1;1;10;0;mq;30;20;11;97390;mq;mq;mq;mq;mq;mq;mq;mq;mq;mq;mq;6.700000;-10;mq;mq;0.000000;-30;0.000000;0.000000;mq;mq;mq;710.000000;1107.000000;3100.000000;mq;1;0;6900;mq;mq;mq;mq;mq;mq;mq;mq;mq;
07471;20110910090000;mq;70;3;360;2.100000;295.650000;288.050000;62;35000;2;1;1;0;mq;mq;mq;mq;mq;92030;85000;17540;mq;mq;mq;mq;mq;mq;mq;mq;mq;3.600000;-10;mq;mq;0.000000;-30;0.000000;0.000000;mq;mq;mq;710.000000;1104.000000;3100.000000;mq;mq;mq;mq;mq;mq;mq;mq;mq;mq;mq;mq;mq;
07481;20110910090000;101330;70;2;170;6.700000;297.250000;289.550000;62;20000;2;1;1;10;1;800;31;20;10;98600;mq;mq;mq;mq;mq;mq;mq;mq;mq;mq;mq;11.300000;-10;mq;mq;0.000000;-30;0.000000;0.000000;mq;mq;mq;710.000000;1111.000000;3100.000000;mq;1;8;690;mq;mq;mq;mq;mq;mq;mq;mq;mq;
07510;20110910090000;101020;230;2;220;4.100000;294.250000;293.550000;96;10000;2;1;1;100;8;150;36;61;60;100400;mq;mq;mq;mq;mq;mq;mq;mq;mq;mq;mq;6.700000;-10;mq;mq;0.000000;-30;0.000000;0.000000;mq;mq;mq;710.000000;1107.000000;3100.000000;mq;8;7;180;mq;mq;mq;mq;mq;mq;mq;mq;mq;
07535;20110910090000;101050;130;1;140;5.100000;298.950000;288.950000;54;35000;2;1;1;10;1;3500;30;23;11;98110;mq;mq;mq;mq;mq;mq;mq;mq;mq;mq;mq;10.800000;-10;mq;mq;0.000000;-30;0.000000;0.000000;mq;mq;mq;710.000000;1111.000000;3100.000000;mq;1;3;3900;mq;mq;mq;mq;mq;mq;mq;mq;mq;
07558;20110910090000;101440;120;2;150;5.100000;293.250000;290.050000;82;25000;2;1;1;90;7;450;35;61;60;93450;mq;mq;mq;mq;mq;mq;mq;mq;mq;mq;mq;7.700000;-10;mq;mq;0.000000;-30;0.000000;0.000000;mq;mq;mq;710.000000;1108.000000;3100.000000;mq;3;6;390;6;6;600;mq;mq;mq;mq;mq;mq;
07577;20110910090000;101600;100;2;190;4.100000;297.850000;291.350000;67;18000;2;1;1;10;1;450;38;20;10;100750;mq;mq;mq;mq;mq;mq;mq;mq;mq;mq;mq;6.700000;-10;mq;mq;0.000000;-30;0.000000;0.000000;mq;mq;mq;710.000000;1107.000000;3100.000000;mq;1;8;480;mq;mq;mq;mq;mq;mq;mq;mq;mq;
07591;20110910090000;mq;40;0;90;1.500000;295.750000;283.850000;47;mq;0;mq;mq;mq;mq;mq;mq;mq;mq;91850;mq;mq;mq;mq;mq;mq;mq;mq;mq;mq;mq;4.100000;-10;mq;mq;mq;mq;0.000000;0.000000;mq;mq;mq;710.000000;1104.000000;mq;mq;mq;mq;mq;mq;mq;mq;mq;mq;mq;mq;mq;mq;
07607;20110910090000;101100;180;1;290;2.100000;295.350000;292.550000;84;14000;0;mq;mq;100;mq;450;mq;mq;mq;100420;mq;mq;mq;mq;mq;mq;mq;mq;mq;mq;mq;4.600000;-10;mq;mq;mq;mq;0.000000;0.000000;mq;mq;mq;710.000000;1105.000000;mq;mq;mq;mq;mq;mq;mq;mq;mq;mq;mq;mq;mq;mq;
07621;20110910090000;101010;190;2;350;1.500000;298.850000;287.950000;51;30000;2;1;1;25;0;8000;30;20;12;96940;mq;mq;mq;mq;mq;mq;mq;mq;mq;mq;mq;3.600000;-10;mq;mq;0.000000;-30;0.000000;0.000000;mq;mq;mq;710.000000;1104.000000;3100.000000;mq;2;0;6600;mq;mq;mq;mq;mq;mq;mq;mq;mq;
07627;20110910090000;101030;110;3;120;3.100000;297.850000;285.450000;46;50000;2;1;1;10;0;mq;30;20;11;96430;mq;mq;mq;mq;mq;mq;mq;mq;mq;mq;mq;8.200000;-10;mq;mq;0.000000;-30;0.000000;0.000000;mq;mq;mq;710.000000;1108.000000;3100.000000;mq;1;0;6900;mq;mq;mq;mq;mq;mq;mq;mq;mq;
07630;20110910090000;101120;80;1;140;8.700000;299.350000;292.750000;67;20000;2;1;1;10;0;8000;30;20;12;99420;mq;mq;mq;mq;mq;mq;mq;mq;mq;mq;14.400000;14.400000;-10;mq;mq;0.000000;-30;0.000000;0.000000;mq;mq;mq;1014.000000;710.000000;1114.000000;3100.000000;1;0;7800;mq;mq;mq;mq;mq;mq;mq;mq;mq;
07643;20110910090000;101620;130;3;120;7.200000;297.850000;293.550000;77;12000;2;1;1;50;4;450;38;20;10;101530;mq;mq;mq;mq;mq;mq;mq;mq;mq;mq;mq;9.300000;-10;mq;mq;mq;mq;0.000000;0.000000;mq;mq;mq;710.000000;1109.000000;mq;mq;3;8;480;3;6;1200;mq;mq;mq;mq;mq;mq;
07650;20110910090000;101620;100;1;170;3.600000;299.550000;290.650000;58;30000;2;1;1;0;mq;mq;mq;mq;mq;101250;mq;mq;mq;mq;mq;mq;mq;mq;mq;mq;mq;5.700000;-10;mq;mq;mq;mq;0.000000;0.000000;mq;mq;mq;710.000000;1106.000000;mq;mq;mq;mq;mq;mq;mq;mq;mq;mq;mq;mq;mq;mq;
07661;20110910090000;101650;110;3;150;3.100000;297.850000;292.450000;72;20000;2;1;1;60;3;800;32;23;10;100120;mq;mq;mq;mq;mq;mq;mq;mq;mq;mq;mq;6.200000;-10;mq;mq;mq;mq;0.000000;0.000000;mq;mq;mq;710.000000;1106.000000;mq;mq;3;8;780;mq;mq;mq;mq;mq;mq;mq;mq;mq;
07690;20110910090000;101740;130;3;90;4.100000;298.550000;292.250000;68;30000;2;1;1;10;1;450;31;20;10;101420;mq;mq;mq;mq;mq;mq;mq;mq;mq;mq;mq;5.100000;-10;mq;mq;0.000000;-30;0.000000;0.000000;mq;mq;mq;710.000000;1105.000000;3100.000000;mq;1;8;480;mq;mq;mq;mq;mq;mq;mq;mq;mq;
07747;20110910090000;101430;130;3;340;1.500000;295.350000;294.150000;93;4000;20;5;2;100;8;150;36;61;60;100920;mq;mq;mq;mq;mq;mq;mq;mq;mq;mq;mq;3.100000;-10;mq;mq;0.000000;-30;0.000000;0.000000;mq;mq;mq;710.000000;1103.000000;3100.000000;mq;8;7;150;mq;mq;mq;mq;mq;mq;mq;mq;mq;
07761;20110910090000;101640;90;1;250;2.100000;297.750000;290.950000;66;30000;2;1;1;10;0;mq;30;20;11;101540;mq;mq;mq;mq;mq;mq;mq;mq;mq;mq;mq;2.600000;-10;mq;mq;0.000000;-30;0.000000;0.000000;mq;mq;mq;710.000000;1103.000000;3100.000000;mq;1;0;7800;mq;mq;mq;mq;mq;mq;mq;mq;mq;
07790;20110910090000;101630;90;1;360;3.600000;299.950000;293.350000;67;15000;2;1;1;25;2;450;35;20;10;101490;mq;mq;mq;mq;mq;mq;mq;mq;mq;mq;mq;8.200000;-10;mq;mq;0.000000;-30;0.000000;0.000000;mq;mq;mq;710.000000;1108.000000;3100.000000;mq;2;6;570;mq;mq;mq;mq;mq;mq;mq;mq;mq;
61970;20110910090000;102010;mq;mq;mq;mq;301.250000;294.550000;67;mq;mq;mq;mq;mq;mq;mq;mq;mq;mq;mq;mq;mq;mq;mq;mq;mq;mq;mq;mq;mq;mq;mq;mq;mq;mq;mq;mq;mq;mq;mq;mq;mq;mq;mq;mq;mq;mq;mq;mq;mq;mq;mq;mq;mq;mq;mq;mq;mq;
61972;20110910090000;102080;mq;mq;160;4.100000;300.150000;292.550000;63;mq;mq;mq;mq;mq;mq;mq;mq;mq;mq;mq;mq;mq;110;mq;mq;mq;mq;mq;mq;mq;mq;8.200000;-10;mq;mq;mq;mq;0.000000;0.000000;mq;mq;mq;710.000000;1108.000000;mq;mq;mq;mq;mq;mq;mq;mq;mq;mq;mq;mq;mq;mq;
61976;20110910090000;101980;mq;mq;140;9.300000;300.550000;289.550000;51;mq;mq;mq;mq;mq;mq;mq;mq;mq;mq;101830;mq;mq;110;mq;mq;mq;mq;mq;mq;mq;mq;mq;mq;mq;mq;mq;mq;mq;0.000000;mq;mq;mq;mq;mq;mq;mq;mq;mq;mq;mq;mq;mq;mq;mq;mq;mq;mq;mq;
61980;20110910090000;102250;mq;mq;110;8.200000;297.850000;286.750000;50;10000;2;1;1;50;4;800;38;20;10;mq;mq;mq;200;mq;mq;mq;mq;mq;mq;mq;mq;14.400000;-10;mq;mq;mq;mq;0.000000;0.000000;mq;mq;mq;710.000000;1114.000000;2437.000000;mq;1;8;780;3;6;1500;mq;mq;mq;mq;mq;mq;
61996;20110910090000;mq;mq;mq;240;12.300000;284.550000;mq;mq;mq;mq;mq;mq;mq;mq;mq;mq;mq;mq;mq;mq;mq;mq;mq;mq;mq;mq;mq;mq;mq;mq;23.100000;-10;mq;mq;mq;mq;0.200000;5.000000;mq;mq;mq;710.000000;1123.000000;mq;mq;mq;mq;mq;mq;mq;mq;mq;mq;mq;mq;mq;mq;
61997;20110910090000;103130;mq;mq;290;5.100000;273.850000;268.250000;66;mq;mq;mq;mq;mq;mq;mq;mq;mq;mq;mq;mq;mq;1590;mq;mq;mq;mq;mq;mq;mq;mq;mq;mq;mq;mq;mq;mq;mq;0.000000;mq;mq;mq;mq;mq;mq;mq;mq;mq;mq;mq;mq;mq;mq;mq;mq;mq;mq;mq;
61998;20110910090000;101040;mq;mq;270;7.700000;274.550000;270.450000;74;15000;2;1;1;100;7;450;35;61;60;mq;mq;mq;1990;mq;mq;mq;mq;mq;mq;mq;mq;11.300000;-10;mq;mq;mq;mq;0.000000;0.000000;mq;mq;mq;710.000000;1111.000000;mq;mq;7;6;450;mq;mq;mq;mq;mq;mq;mq;mq;mq;
67005;20110910090000;101850;mq;mq;150;5.700000;300.950000;291.650000;57;25000;2;1;1;25;2;800;38;20;10;mq;mq;mq;140;mq;mq;mq;mq;mq;mq;mq;mq;8.700000;-10;mq;mq;mq;mq;0.000000;0.000000;mq;mq;mq;710.000000;1109.000000;mq;mq;1;8;690;mq;mq;mq;mq;mq;mq;mq;mq;mq;
71805;20110910090000;99290;-50;5;10;8.700000;286.850000;283.050000;78;20000;2;1;1;90;4;3500;30;23;11;99210;mq;mq;mq;mq;mq;mq;mq;mq;mq;mq;mq;14.900000;-10;mq;mq;0.000000;-30;0.000000;0.000000;mq;mq;mq;710.000000;1115.000000;3100.000000;mq;4;3;3000;7;0;7500;mq;mq;mq;mq;mq;mq;
78897;20110910090000;100820;-70;5;20;3.100000;298.550000;296.050000;86;50000;0;mq;mq;mq;mq;800;mq;mq;mq;mq;mq;mq;mq;mq;mq;mq;mq;mq;mq;mq;mq;mq;mq;mq;mq;mq;mq;mq;mq;mq;mq;mq;mq;mq;mq;mq;mq;mq;mq;mq;mq;mq;mq;mq;mq;mq;mq;mq;
78922;20110910090000;100780;40;3;290;1.000000;299.750000;296.450000;82;mq;mq;mq;mq;mq;mq;mq;mq;mq;mq;100340;mq;mq;mq;mq;mq;mq;mq;mq;mq;mq;mq;mq;mq;mq;mq;mq;mq;mq;mq;mq;mq;mq;mq;mq;mq;mq;mq;mq;mq;mq;mq;mq;mq;mq;mq;mq;mq;mq;
78925;20110910090000;100820;40;3;90;0.500000;296.650000;296.450000;99;35000;0;mq;mq;mq;mq;mq;mq;mq;mq;mq;mq;mq;mq;mq;mq;mq;mq;mq;mq;mq;mq;mq;mq;mq;mq;mq;mq;mq;mq;mq;mq;mq;mq;mq;mq;mq;mq;mq;mq;mq;mq;mq;mq;mq;mq;mq;mq;mq;
81401;20110910090000;101110;mq;mq;170;1.000000;296.850000;295.450000;92;mq;mq;mq;mq;mq;mq;mq;mq;mq;mq;101050;mq;mq;mq;mq;mq;mq;mq;mq;mq;mq;mq;mq;mq;mq;mq;mq;mq;mq;0.000000;mq;mq;mq;mq;mq;mq;mq;mq;mq;mq;mq;mq;mq;mq;mq;mq;mq;mq;mq;
81405;20110910090000;101170;mq;mq;230;0.500000;296.650000;296.450000;99;28000;0;mq;mq;100;mq;450;mq;mq;mq;101080;mq;mq;mq;mq;mq;mq;mq;mq;mq;mq;mq;mq;mq;mq;mq;mq;mq;mq;0.000000;mq;mq;mq;mq;mq;mq;mq;mq;mq;mq;mq;mq;mq;mq;mq;mq;mq;mq;mq;
81408;20110910090000;101180;mq;mq;0;0.000000;297.050000;296.350000;96;mq;mq;mq;mq;mq;mq;mq;mq;mq;mq;101100;mq;mq;mq;mq;mq;mq;mq;mq;mq;mq;mq;mq;mq;mq;mq;mq;mq;mq;0.600000;mq;mq;mq;mq;mq;mq;mq;mq;mq;mq;mq;mq;mq;mq;mq;mq;mq;mq;mq;
89642;20110910090000;98960;190;2;150;13.900000;255.250000;251.550000;70;40000;2;1;1;90;7;1750;35;61;60;98390;mq;mq;mq;mq;mq;mq;mq;mq;mq;mq;19.500000;21.600000;-30;mq;mq;mq;mq;mq;mq;mq;mq;mq;1020.000000;1122.000000;mq;mq;7;6;1500;mq;mq;mq;mq;mq;mq;mq;mq;mq;
07005;20110910120000;100540;-180;6;150;5.100000;299.150000;293.250000;70;40000;2;1;1;90;1;800;31;28;12;99700;mq;mq;mq;mq;mq;mq;mq;mq;mq;mq;mq;8.700000;-10;mq;mq;0.000000;-60;0.000000;0.000000;0.000000;mq;mq;710.000000;1109.000000;3100.000000;mq;1;8;690;7;0;7500;mq;mq;mq;mq;mq;mq;
07015;20110910120000;100620;-160;7;180;5.700000;298.250000;293.050000;73;50000;2;1;1;90;1;3500;30;28;12;100090;mq;mq;mq;mq;mq;mq;mq;mq;mq;mq;mq;8.700000;-10;mq;mq;0.000000;-60;0.000000;0.000000;0.000000;mq;mq;710.000000;1109.000000;3100.000000;mq;1;3;2700;7;0;6000;mq;mq;mq;mq;mq;mq;
07020;20110910120000;100530;-10;5;180;9.300000;293.350000;290.350000;83;16000;2;6;2;90;6;1250;38;23;10;100270;mq;mq;mq;mq;mq;mq;mq;mq;mq;mq;mq;13.900000;-10;mq;mq;mq;mq;0.000000;0.000000;0.000000;mq;mq;710.000000;1114.000000;mq;mq;3;8;990;6;6;1200;mq;mq;mq;mq;mq;mq;
07027;20110910120000;100590;10;1;220;5.100000;296.050000;290.950000;73;30000;2;1;1;90;1;1750;32;23;60;99820;mq;mq;mq;mq;mq;mq;mq;mq;mq;mq;mq;8.200000;-10;mq;mq;0.000000;-60;0.000000;0.000000;0.000000;mq;mq;710.000000;1108.000000;3100.000000;mq;1;8;1500;7;3;3000;mq;mq;mq;mq;mq;mq;
07037;20110910120000;100580;-80;6;180;3.600000;299.150000;293.250000;70;20000;2;1;1;75;4;3500;30;28;12;98870;mq;mq;mq;mq;mq;mq;mq;mq;mq;mq;mq;6.700000;-10;mq;mq;0.000000;-60;0.000000;0.000000;0.000000;mq;mq;710.000000;1107.000000;3100.000000;mq;4;3;3900;6;0;6000;mq;mq;mq;mq;mq;mq;
07110;20110910120000;100530;70;3;220;10.300000;292.350000;288.850000;80;20000;1;6;2;90;5;450;38;20;11;99430;mq;mq;mq;mq;mq;mq;mq;mq;mq;mq;mq;14.400000;-10;mq;mq;mq;mq;0.000000;0.000000;0.000000;mq;mq;710.000000;1114.000000;mq;mq;4;8;570;5;6;1500;5;0;5400;mq;mq;mq;
07117;20110910120000;100440;10;3;240;5.700000;293.650000;289.250000;76;15000;21;6;2;90;5;450;35;29;60;99770;mq;mq;mq;mq;mq;mq;mq;mq;mq;mq;mq;12.900000;-10;mq;mq;mq;mq;0.000000;0.000000;0.000000;mq;mq;710.000000;1113.000000;2437.000000;mq;mq;mq;mq;mq;mq;mq;mq;mq;mq;mq;mq;mq;
07130;20110910120000;100700;0;5;210;5.100000;295.650000;291.250000;76;50000;0;mq;mq;100;mq;800;mq;mq;mq;100210;mq;mq;mq;mq;mq;mq;mq;mq;mq;mq;mq;8.700000;-10;mq;mq;mq;mq;0.000000;0.000000;0.000000;mq;mq;710.000000;1109.000000;mq;mq;mq;mq;mq;mq;mq;mq;mq;mq;mq;mq;mq;mq;
07139;20110910120000;100660;-20;5;250;4.600000;297.050000;291.650000;72;30000;2;1;1;100;2;800;31;23;12;99020;mq;mq;mq;mq;mq;mq;mq;mq;mq;mq;mq;7.700000;-10;mq;mq;0.000000;-60;0.000000;0.000000;0.000000;mq;mq;710.000000;1108.000000;3100.000000;mq;2;8;900;6;3;3000;8;0;6900;mq;mq;mq;
07149;20110910120000;100640;-200;6;170;5.100000;301.750000;292.150000;56;30000;2;1;1;90;1;3500;30;23;11;99630;mq;mq;mq;mq;mq;mq;mq;mq;mq;mq;mq;8.700000;-10;mq;mq;0.000000;-60;0.000000;0.000000;0.200000;mq;mq;710.000000;1109.000000;3100.000000;mq;1;3;3300;7;0;7500;mq;mq;mq;mq;mq;mq;
07168;20110910120000;100820;-130;8;180;5.700000;304.450000;289.650000;41;30000;2;1;1;40;0;8000;30;20;11;99510;mq;mq;mq;mq;mq;mq;mq;mq;mq;mq;mq;9.300000;-10;mq;mq;0.000000;-60;0.000000;0.000000;0.200000;mq;mq;710.000000;1109.000000;3100.000000;mq;3;0;7500;mq;mq;mq;mq;mq;mq;mq;mq;mq;
07181;20110910120000;100960;-110;7;190;5.100000;299.950000;292.550000;64;21000;0;mq;mq;mq;mq;mq;mq;mq;mq;97140;mq;mq;mq;mq;mq;mq;mq;mq;mq;mq;mq;7.700000;-10;mq;mq;mq;mq;0.000000;0.000000;0.000000;mq;mq;710.000000;1108.000000;mq;mq;mq;mq;mq;mq;mq;mq;mq;mq;mq;mq;mq;mq;
07190;20110910120000;101080;-180;6;170;3.600000;301.250000;291.650000;56;29000;0;mq;mq;mq;mq;mq;mq;mq;mq;99380;mq;mq;mq;mq;mq;mq;mq;mq;mq;mq;mq;6.200000;-10;mq;mq;mq;mq;0.000000;0.000000;0.000000;mq;mq;710.000000;1106.000000;mq;mq;mq;mq;mq;mq;mq;mq;mq;mq;mq;mq;mq;mq;
07207;20110910120000;mq;mq;mq;230;8.700000;292.250000;290.250000;88;10000;2;1;1;100;8;800;35;61;60;mq;mq;mq;mq;mq;mq;mq;mq;mq;mq;mq;mq;13.400000;-10;mq;mq;mq;mq;0.000000;0.000000;0.000000;mq;mq;710.000000;1113.000000;2437.000000;mq;mq;mq;mq;mq;mq;mq;mq;mq;mq;mq;mq;mq;
07222;20110910120000;100840;50;1;250;4.100000;295.050000;291.650000;81;20000;1;4;2;90;5;450;35;23;11;100540;mq;mq;mq;mq;mq;mq;mq;mq;mq;mq;mq;6.200000;-10;mq;mq;mq;mq;0.000000;0.000000;0.000000;mq;mq;710.000000;1106.000000;mq;mq;5;8;540;3;3;4800;mq;mq;mq;mq;mq;mq;
07240;20110910120000;100700;-30;8;200;5.700000;301.050000;290.850000;54;40000;0;mq;mq;mq;mq;mq;mq;mq;mq;99440;mq;mq;mq;mq;mq;mq;mq;mq;mq;mq;mq;11.300000;-10;mq;mq;mq;mq;0.000000;0.000000;0.000000;mq;mq;710.000000;1111.000000;mq;mq;mq;mq;mq;mq;mq;mq;mq;mq;mq;mq;mq;mq;
07255;20110910120000;100730;-120;8;200;5.700000;306.250000;285.850000;29;45000;2;1;1;40;0;8000;30;20;12;98900;mq;mq;mq;mq;mq;mq;mq;mq;mq;mq;mq;10.300000;-10;mq;mq;0.000000;-60;0.000000;0.000000;0.000000;mq;mq;710.000000;1110.000000;3100.000000;mq;3;0;7500;mq;mq;mq;mq;mq;mq;mq;mq;mq;
07280;20110910120000;101050;-120;7;180;5.100000;300.950000;291.350000;56;28000;0;mq;mq;mq;mq;mq;mq;mq;mq;98510;mq;mq;mq;mq;mq;mq;mq;mq;mq;mq;mq;8.700000;-10;mq;mq;mq;mq;0.000000;0.000000;0.200000;mq;mq;710.000000;1109.000000;mq;mq;mq;mq;mq;mq;mq;mq;mq;mq;mq;mq;mq;mq;
07299;20110910120000;101050;-170;8;110;2.600000;302.650000;290.150000;47;40000;2;1;1;10;1;1250;31;20;11;98020;mq;mq;mq;mq;mq;mq;mq;mq;mq;mq;mq;6.200000;-10;mq;mq;0.000000;-60;0.000000;0.000000;0.000000;mq;mq;710.000000;1106.000000;3100.000000;mq;1;8;1380;mq;mq;mq;mq;mq;mq;mq;mq;mq;
07314;20110910120000;101020;90;0;260;3.600000;294.750000;291.750000;83;mq;mq;mq;mq;mq;mq;mq;mq;mq;mq;100750;mq;mq;mq;mq;mq;mq;mq;mq;mq;mq;mq;5.700000;-10;mq;mq;mq;mq;0.000000;0.000000;0.000000;mq;mq;710.000000;1106.000000;mq;mq;mq;mq;mq;mq;mq;mq;mq;mq;mq;mq;mq;mq;
07335;20110910120000;100830;40;3;220;8.200000;300.650000;291.350000;57;30000;2;1;1;60;1;1250;31;20;12;99480;mq;mq;mq;mq;mq;mq;mq;mq;mq;mq;mq;12.300000;-10;mq;mq;mq;mq;0.000000;0.000000;0.000000;mq;mq;710.000000;1112.000000;mq;mq;1;8;1200;5;0;7500;mq;mq;mq;mq;mq;mq;
07434;20110910120000;100910;-10;8;180;6.200000;300.350000;289.350000;51;60000;2;1;1;25;0;8000;30;20;11;96440;mq;mq;mq;mq;mq;mq;mq;mq;mq;mq;mq;10.300000;-10;mq;mq;0.000000;-60;0.000000;0.000000;0.000000;mq;mq;710.000000;1110.000000;3100.000000;mq;2;0;9000;mq;mq;mq;mq;mq;mq;mq;mq;mq;
07460;20110910120000;100820;-150;8;180;8.200000;304.650000;288.150000;37;50000;2;1;1;10;1;3500;30;23;11;97240;mq;mq;mq;mq;mq;mq;mq;mq;mq;mq;mq;10.300000;-10;mq;mq;0.000000;-60;0.000000;0.000000;0.000000;mq;mq;710.000000;1110.000000;3100.000000;mq;1;3;3300;mq;mq;mq;mq;mq;mq;mq;mq;mq;
07471;20110910120000;mq;-40;7;140;4.100000;299.850000;289.450000;53;35000;2;1;1;0;mq;mq;mq;mq;mq;91990;85000;17500;mq;mq;mq;mq;mq;mq;mq;mq;mq;10.800000;-10;mq;mq;0.000000;-60;0.000000;0.000000;0.000000;mq;mq;710.000000;1111.000000;3100.000000;mq;mq;mq;mq;mq;mq;mq;mq;mq;mq;mq;mq;mq;
07481;20110910120000;101160;-130;8;180;11.300000;301.550000;288.150000;44;20000;2;1;1;0;mq;mq;mq;mq;mq;98470;mq;mq;mq;mq;mq;mq;mq;mq;mq;mq;16.500000;17.000000;-10;mq;mq;0.000000;-60;0.000000;0.000000;0.000000;mq;mq;1016.000000;710.000000;1117.000000;3100.000000;mq;mq;mq;mq;mq;mq;mq;mq;mq;mq;mq;mq;
07510;20110910120000;101040;20;1;250;2.600000;298.750000;293.050000;71;20000;2;1;1;50;2;800;31;20;11;100420;mq;mq;mq;mq;mq;mq;mq;mq;mq;mq;mq;5.100000;-10;mq;mq;0.000000;-60;0.000000;0.000000;0.000000;mq;mq;710.000000;1105.000000;3100.000000;mq;2;8;690;3;0;7800;mq;mq;mq;mq;mq;mq;
07535;20110910120000;100990;-10;8;190;3.600000;303.950000;288.750000;40;mq;mq;mq;mq;mq;mq;mq;mq;mq;mq;98100;mq;mq;mq;mq;mq;mq;mq;mq;mq;mq;mq;9.800000;-10;mq;mq;mq;mq;0.000000;0.000000;0.000000;mq;mq;710.000000;1110.000000;mq;mq;mq;mq;mq;mq;mq;mq;mq;mq;mq;mq;mq;mq;
07558;20110910120000;101400;-10;8;150;7.200000;294.550000;289.250000;72;mq;mq;mq;mq;mq;mq;mq;mq;mq;mq;93440;mq;mq;mq;mq;mq;mq;mq;mq;mq;mq;mq;10.300000;-10;mq;mq;mq;mq;0.000000;0.000000;0.000000;mq;mq;710.000000;1110.000000;mq;mq;mq;mq;mq;mq;mq;mq;mq;mq;mq;mq;mq;mq;
07577;20110910120000;101490;-100;8;200;5.700000;301.850000;287.650000;42;20000;0;mq;mq;mq;mq;mq;mq;mq;mq;100650;mq;mq;mq;mq;mq;mq;mq;mq;mq;mq;mq;10.300000;-10;mq;mq;mq;mq;0.000000;0.000000;0.000000;mq;mq;710.000000;1110.000000;mq;mq;mq;mq;mq;mq;mq;mq;mq;mq;mq;mq;mq;mq;
07591;20110910120000;mq;-140;8;210;5.700000;301.250000;283.450000;33;mq;0;mq;mq;mq;mq;mq;mq;mq;mq;91710;mq;mq;mq;mq;mq;mq;mq;mq;mq;mq;mq;9.800000;-10;mq;mq;mq;mq;0.000000;0.000000;0.000000;mq;mq;710.000000;1110.000000;mq;mq;mq;mq;mq;mq;mq;mq;mq;mq;mq;mq;mq;mq;
07607;20110910120000;101050;-40;8;140;1.000000;300.550000;293.350000;65;18000;0;mq;mq;mq;mq;mq;mq;mq;mq;100380;mq;mq;mq;mq;mq;mq;mq;mq;mq;mq;mq;3.600000;-10;mq;mq;mq;mq;0.000000;0.000000;0.000000;mq;mq;710.000000;1104.000000;mq;mq;mq;mq;mq;mq;mq;mq;mq;mq;mq;mq;mq;mq;
07621;20110910120000;100980;-20;8;40;1.500000;299.650000;289.550000;54;30000;2;1;1;60;1;2250;31;20;12;96920;mq;mq;mq;mq;mq;mq;mq;mq;mq;mq;mq;4.100000;-10;mq;mq;0.000000;-60;0.000000;0.000000;0.000000;mq;mq;710.000000;1104.000000;3100.000000;mq;1;8;1800;5;0;6300;mq;mq;mq;mq;mq;mq;
07627;20110910120000;100880;-60;8;130;2.100000;303.050000;290.850000;48;40000;2;1;1;10;1;2250;31;20;12;96370;mq;mq;mq;mq;mq;mq;mq;mq;mq;mq;mq;6.200000;-10;mq;mq;0.000000;-60;0.000000;0.000000;0.000000;mq;mq;710.000000;1106.000000;3100.000000;mq;1;8;2100;mq;mq;mq;mq;mq;mq;mq;mq;mq;
07630;20110910120000;101050;-50;8;130;9.300000;302.750000;292.150000;53;20000;2;1;1;10;0;8000;30;20;12;99370;mq;mq;mq;mq;mq;mq;mq;mq;mq;mq;mq;14.400000;-10;mq;mq;0.000000;-60;0.000000;0.000000;0.000000;mq;mq;710.000000;1114.000000;3100.000000;mq;1;0;7500;mq;mq;mq;mq;mq;mq;mq;mq;mq;
07643;20110910120000;101590;-30;8;140;7.700000;297.850000;292.950000;74;18000;2;1;1;90;7;450;38;20;10;101500;mq;mq;mq;mq;mq;mq;mq;mq;mq;mq;mq;9.800000;-10;mq;mq;mq;mq;0.000000;0.000000;0.000000;mq;mq;710.000000;1110.000000;mq;mq;5;8;510;6;6;1080;mq;mq;mq;mq;mq;mq;
07650;20110910120000;101530;-80;8;200;6.200000;301.450000;291.850000;56;30000;2;1;1;10;1;1250;31;20;10;101170;mq;mq;mq;mq;mq;mq;mq;mq;mq;mq;mq;8.700000;-10;mq;mq;mq;mq;0.000000;0.000000;0.000000;mq;mq;710.000000;1109.000000;mq;mq;1;8;1200;mq;mq;mq;mq;mq;mq;mq;mq;mq;
07661;20110910120000;101600;-50;8;180;5.100000;298.750000;292.650000;69;20000;2;1;1;mq;mq;mq;mq;mq;mq;100070;mq;mq;mq;mq;mq;mq;mq;mq;mq;mq;mq;8.700000;-10;mq;mq;mq;mq;0.000000;0.000000;0.000000;mq;mq;710.000000;1109.000000;mq;mq;mq;mq;mq;mq;mq;mq;mq;mq;mq;mq;mq;mq;
07690;20110910120000;101680;-60;8;110;4.600000;298.950000;293.050000;70;30000;2;1;1;25;2;450;32;20;12;101360;mq;mq;mq;mq;mq;mq;mq;mq;mq;mq;mq;5.700000;-10;mq;mq;0.000000;-60;0.000000;0.000000;0.000000;mq;mq;710.000000;1106.000000;3100.000000;mq;2;8;480;mq;mq;mq;mq;mq;mq;mq;mq;mq;
07747;20110910120000;101360;-60;8;100;4.100000;300.750000;293.550000;65;20000;2;5;2;75;6;800;31;20;10;100860;mq;mq;mq;mq;mq;mq;mq;mq;mq;mq;mq;6.700000;-10;mq;mq;0.000000;-60;0.000000;0.000000;0.000000;mq;mq;710.000000;1107.000000;3100.000000;mq;6;8;690;mq;mq;mq;mq;mq;mq;mq;mq;mq;
07761;20110910120000;101590;-50;8;230;5.100000;299.850000;292.450000;64;30000;2;1;1;0;mq;mq;mq;mq;mq;101490;mq;mq;mq;mq;mq;mq;mq;mq;mq;mq;mq;5.700000;-10;mq;mq;0.000000;-60;0.000000;0.000000;0.000000;mq;mq;710.000000;1106.000000;3100.000000;mq;mq;mq;mq;mq;mq;mq;mq;mq;mq;mq;mq;mq;
07790;20110910120000;101620;-10;8;360;2.100000;299.750000;292.350000;64;15000;2;1;1;40;3;800;35;20;10;101480;mq;mq;mq;mq;mq;mq;mq;mq;mq;mq;mq;5.700000;-10;mq;mq;0.000000;-60;0.000000;0.000000;0.000000;mq;mq;710.000000;1106.000000;3100.000000;mq;3;6;690;mq;mq;mq;mq;mq;mq;mq;mq;mq;
61970;20110910120000;101810;mq;mq;mq;mq;301.350000;293.850000;64;mq;mq;mq;mq;mq;mq;mq;mq;mq;mq;mq;mq;mq;mq;mq;mq;mq;mq;mq;mq;mq;mq;mq;mq;mq;mq;mq;mq;mq;mq;mq;mq;mq;mq;mq;mq;mq;mq;mq;mq;mq;mq;mq;mq;mq;mq;mq;mq;mq;
61972;20110910120000;101960;mq;mq;150;3.100000;299.550000;293.450000;69;mq;mq;mq;mq;mq;mq;mq;mq;mq;mq;mq;mq;mq;160;mq;mq;mq;mq;mq;mq;mq;mq;7.200000;-10;mq;mq;mq;mq;0.000000;mq;0.000000;mq;mq;710.000000;1107.000000;mq;mq;mq;mq;mq;mq;mq;mq;mq;mq;mq;mq;mq;mq;
61976;20110910120000;101880;mq;mq;140;10.300000;299.350000;290.450000;58;mq;mq;mq;mq;mq;mq;mq;mq;mq;mq;101730;mq;mq;100;mq;mq;mq;mq;mq;mq;mq;mq;mq;mq;mq;mq;mq;mq;mq;mq;mq;mq;mq;mq;mq;mq;mq;mq;mq;mq;mq;mq;mq;mq;mq;mq;mq;mq;mq;
61980;20110910120000;102200;mq;mq;110;7.200000;296.350000;288.450000;61;10000;2;1;1;50;4;800;38;20;10;mq;mq;mq;190;mq;mq;mq;mq;mq;mq;mq;mq;12.900000;-10;mq;mq;mq;mq;0.000000;mq;0.000000;mq;mq;710.000000;1113.000000;2427.000000;mq;1;8;780;4;6;1500;mq;mq;mq;mq;mq;mq;
61996;20110910120000;mq;mq;mq;220;11.300000;282.950000;mq;mq;mq;mq;mq;mq;mq;mq;mq;mq;mq;mq;mq;mq;mq;mq;mq;mq;mq;mq;mq;mq;mq;mq;21.100000;-10;mq;mq;mq;mq;0.000000;mq;5.000000;mq;mq;710.000000;1121.000000;mq;mq;mq;mq;mq;mq;mq;mq;mq;mq;mq;mq;mq;mq;
61997;20110910120000;102950;mq;mq;340;10.300000;273.650000;268.850000;70;mq;mq;mq;mq;mq;mq;mq;mq;mq;mq;mq;mq;mq;1090;mq;mq;mq;mq;mq;mq;mq;mq;mq;mq;mq;mq;mq;mq;mq;mq;0.000000;mq;mq;mq;mq;mq;mq;mq;mq;mq;mq;mq;mq;mq;mq;mq;mq;mq;mq;
61998;20110910120000;101130;mq;mq;260;9.800000;273.450000;272.450000;93;8000;26;8;7;90;7;450;32;61;60;mq;mq;mq;1880;mq;mq;mq;mq;mq;mq;mq;mq;14.900000;-10;mq;mq;mq;mq;0.000000;mq;0.000000;mq;mq;710.000000;1115.000000;mq;mq;7;8;480;mq;mq;mq;mq;mq;mq;mq;mq;mq;
67005;20110910120000;101680;mq;mq;130;4.600000;300.050000;291.650000;60;25000;2;1;1;25;2;800;38;20;10;mq;mq;mq;130;mq;mq;mq;mq;mq;mq;mq;mq;6.700000;-10;mq;mq;mq;mq;0.000000;mq;0.000000;mq;mq;710.000000;1107.000000;mq;mq;2;8;690;mq;mq;mq;mq;mq;mq;mq;mq;mq;
71805;20110910120000;99650;360;3;10;11.800000;286.950000;282.350000;74;6000;0;mq;mq;mq;mq;450;mq;mq;mq;99570;mq;mq;mq;mq;mq;mq;mq;mq;mq;mq;17.500000;17.500000;-10;mq;mq;mq;mq;0.000000;0.000000;0.000000;mq;mq;1017.000000;710.000000;1117.000000;mq;mq;mq;mq;mq;mq;mq;mq;mq;mq;mq;mq;mq;
78897;20110910120000;100920;100;3;310;2.100000;299.950000;297.650000;87;18000;25;8;6;60;3;800;32;20;11;mq;mq;mq;mq;297.850000;mq;mq;304.450000;mq;mq;mq;mq;mq;mq;mq;mq;mq;mq;mq;mq;1.000000;mq;4.000000;mq;mq;mq;mq;2;8;630;3;0;7800;mq;mq;mq;mq;mq;mq;
78922;20110910120000;100950;170;3;240;1.000000;300.950000;297.550000;82;mq;mq;mq;mq;mq;mq;mq;mq;mq;mq;100510;mq;mq;mq;mq;mq;mq;mq;mq;mq;mq;mq;mq;mq;mq;mq;mq;mq;mq;mq;mq;mq;mq;mq;mq;mq;mq;mq;mq;mq;mq;mq;mq;mq;mq;mq;mq;mq;mq;
78925;20110910120000;100980;160;3;0;0.000000;298.750000;298.050000;96;25000;2;1;1;90;1;800;32;23;18;mq;mq;mq;mq;296.350000;mq;mq;301.650000;mq;mq;mq;mq;mq;mq;mq;mq;mq;mq;mq;mq;0.000000;mq;32.400000;mq;mq;mq;mq;1;8;840;7;2;8400;mq;mq;mq;mq;mq;mq;
81401;20110910120000;101340;mq;mq;120;2.100000;299.550000;296.450000;83;mq;mq;mq;mq;mq;mq;mq;mq;mq;mq;101280;mq;mq;mq;296.650000;mq;mq;mq;mq;mq;mq;mq;mq;mq;mq;mq;mq;mq;mq;0.200000;mq;mq;0.200000;mq;mq;mq;mq;mq;mq;mq;mq;mq;mq;mq;mq;mq;mq;mq;mq;
81405;20110910120000;101430;mq;mq;110;2.100000;297.150000;296.250000;95;8000;61;6;2;100;6;250;38;27;10;101340;mq;mq;mq;296.450000;mq;mq;mq;mq;mq;mq;mq;mq;mq;mq;mq;mq;mq;mq;6.000000;mq;mq;26.000000;mq;mq;mq;mq;mq;mq;mq;mq;mq;mq;mq;mq;mq;mq;mq;mq;
81408;20110910120000;101450;mq;mq;340;1.000000;298.250000;296.850000;92;mq;mq;mq;mq;mq;mq;mq;mq;mq;mq;101370;mq;mq;mq;296.650000;mq;mq;mq;mq;mq;mq;mq;mq;mq;mq;mq;mq;mq;mq;0.000000;mq;mq;0.600000;mq;mq;mq;mq;mq;mq;mq;mq;mq;mq;mq;mq;mq;mq;mq;mq;
89642;20110910120000;99090;130;2;150;16.500000;255.450000;250.750000;64;30000;2;1;1;90;7;1750;35;61;60;98520;mq;mq;mq;250.750000;mq;255.850000;mq;mq;mq;mq;mq;22.600000;-60;mq;mq;mq;mq;mq;mq;mq;mq;mq;1123.000000;mq;mq;mq;7;6;1500;mq;mq;mq;mq;mq;mq;mq;mq;mq;
07005;20110910150000;100550;0;5;280;6.200000;295.750000;292.350000;81;30000;2;1;1;100;3;800;32;28;12;99700;mq;mq;mq;mq;mq;mq;mq;mq;mq;mq;mq;10.300000;-10;mq;mq;0.000000;-30;0.000000;0.000000;mq;mq;mq;710.000000;1110.000000;3100.000000;mq;3;8;780;5;3;3000;7;0;7500;mq;mq;mq;
07015;20110910150000;100470;-150;6;180;5.700000;300.850000;292.650000;61;50000;2;1;1;75;4;2250;30;28;11;99940;mq;mq;mq;mq;mq;mq;mq;mq;mq;mq;mq;10.300000;-10;mq;mq;0.000000;-30;0.000000;0.000000;mq;mq;mq;710.000000;1110.000000;3100.000000;mq;4;3;2400;4;0;7800;mq;mq;mq;mq;mq;mq;
07020;20110910150000;100570;40;3;220;6.200000;290.950000;290.350000;96;4000;60;6;2;100;8;800;35;61;60;100310;mq;mq;mq;mq;mq;mq;mq;mq;mq;mq;mq;10.300000;-10;mq;mq;mq;mq;1.000000;2.000000;mq;mq;mq;710.000000;1110.000000;mq;mq;8;6;780;mq;mq;mq;mq;mq;mq;mq;mq;mq;
07027;20110910150000;100630;40;0;190;5.100000;295.150000;290.750000;76;30000;2;1;1;90;5;800;38;23;60;99860;mq;mq;mq;mq;mq;mq;mq;mq;mq;mq;mq;8.200000;-10;mq;mq;0.000000;-30;0.000000;0.000000;mq;mq;mq;710.000000;1108.000000;3100.000000;mq;2;8;930;5;6;1140;7;3;2700;mq;mq;mq;
07037;20110910150000;100580;-10;5;250;3.600000;297.550000;293.250000;77;20000;2;1;1;75;2;800;32;28;12;98860;mq;mq;mq;mq;mq;mq;mq;mq;mq;mq;mq;6.700000;-10;mq;mq;0.000000;-30;0.000000;0.000000;mq;mq;mq;710.000000;1107.000000;3100.000000;mq;2;8;900;4;3;4500;6;0;6000;mq;mq;mq;
07110;20110910150000;100580;50;3;220;11.300000;292.450000;288.550000;78;20000;1;8;6;75;6;450;31;20;10;99480;mq;mq;mq;mq;mq;mq;mq;mq;mq;mq;17.500000;17.500000;-10;mq;mq;mq;mq;0.000000;0.000000;mq;mq;mq;1017.000000;710.000000;1117.000000;mq;6;8;450;mq;mq;mq;mq;mq;mq;mq;mq;mq;
07117;20110910150000;100500;60;1;250;7.700000;292.250000;288.950000;81;15000;80;8;6;75;4;450;33;26;10;99830;mq;mq;mq;mq;mq;mq;mq;mq;mq;mq;mq;14.900000;-10;mq;mq;mq;mq;0.000000;0.000000;mq;mq;mq;710.000000;1115.000000;2437.000000;mq;mq;mq;mq;mq;mq;mq;mq;mq;mq;mq;mq;mq;
07130;20110910150000;100780;70;2;210;6.200000;293.550000;290.750000;84;40000;0;mq;mq;100;mq;450;mq;mq;mq;100280;mq;mq;mq;mq;mq;mq;mq;mq;mq;mq;mq;11.800000;-10;mq;mq;mq;mq;0.000000;0.000000;mq;mq;mq;710.000000;1112.000000;mq;mq;mq;mq;mq;mq;mq;mq;mq;mq;mq;mq;mq;mq;
07139;20110910150000;100730;70;3;250;7.200000;296.550000;289.350000;64;30000;2;1;1;90;5;800;35;25;12;99090;mq;mq;mq;mq;mq;mq;mq;mq;mq;mq;mq;11.300000;-10;mq;mq;0.000000;-30;0.000000;0.000000;mq;mq;mq;710.000000;1111.000000;3100.000000;mq;5;6;900;3;3;3000;5;0;6900;mq;mq;mq;
07149;20110910150000;100580;-60;6;220;6.200000;303.150000;289.950000;45;30000;2;1;1;75;3;3500;30;28;11;99570;mq;mq;mq;mq;mq;mq;mq;mq;mq;mq;mq;12.300000;-10;mq;mq;0.000000;-30;0.000000;0.000000;mq;mq;mq;710.000000;1112.000000;3100.000000;mq;3;3;3300;4;0;7500;mq;mq;mq;mq;mq;mq;
07168;20110910150000;100610;-200;7;170;8.700000;306.850000;283.450000;24;30000;2;1;1;40;0;8000;30;20;11;99310;mq;mq;mq;mq;mq;mq;mq;mq;mq;mq;mq;11.800000;-10;mq;mq;0.000000;-30;0.000000;0.000000;mq;mq;mq;710.000000;1112.000000;3100.000000;mq;3;0;7500;mq;mq;mq;mq;mq;mq;mq;mq;mq;
07181;20110910150000;100860;-90;8;190;5.100000;300.250000;292.050000;61;30000;0;mq;mq;mq;mq;mq;mq;mq;mq;97050;mq;mq;mq;mq;mq;mq;mq;mq;mq;mq;mq;10.300000;-10;mq;mq;mq;mq;0.000000;0.000000;mq;mq;mq;710.000000;1110.000000;mq;mq;mq;mq;mq;mq;mq;mq;mq;mq;mq;mq;mq;mq;
07190;20110910150000;100940;-130;8;180;3.600000;302.550000;290.750000;49;45000;0;mq;mq;mq;mq;mq;mq;mq;mq;99250;mq;mq;mq;mq;mq;mq;mq;mq;mq;mq;mq;7.200000;-10;mq;mq;mq;mq;0.000000;0.000000;mq;mq;mq;710.000000;1107.000000;mq;mq;mq;mq;mq;mq;mq;mq;mq;mq;mq;mq;mq;mq;
07207;20110910150000;mq;mq;mq;250;8.200000;291.250000;289.050000;87;mq;mq;mq;mq;mq;mq;mq;mq;mq;mq;mq;mq;mq;mq;mq;mq;mq;mq;mq;mq;mq;mq;11.300000;-10;mq;mq;mq;mq;0.200000;1.000000;mq;mq;mq;710.000000;1111.000000;mq;mq;mq;mq;mq;mq;mq;mq;mq;mq;mq;mq;mq;mq;
07222;20110910150000;100950;110;1;240;5.100000;294.050000;290.450000;80;20000;2;1;1;90;7;800;35;61;60;100650;mq;mq;mq;mq;mq;mq;mq;mq;mq;mq;mq;10.300000;-10;mq;mq;mq;mq;0.000000;0.000000;mq;mq;mq;710.000000;1110.000000;mq;mq;7;6;600;mq;mq;mq;mq;mq;mq;mq;mq;mq;
07240;20110910150000;100770;70;3;240;6.200000;300.450000;291.750000;59;60000;0;mq;mq;mq;mq;1250;mq;mq;mq;99510;mq;mq;mq;mq;mq;mq;mq;mq;mq;mq;mq;10.800000;-10;mq;mq;mq;mq;0.000000;0.000000;mq;mq;mq;710.000000;1111.000000;mq;mq;mq;mq;mq;mq;mq;mq;mq;mq;mq;mq;mq;mq;
07255;20110910150000;100710;-20;5;240;6.700000;306.250000;285.250000;28;40000;2;1;1;90;0;8000;30;20;12;98880;mq;mq;mq;mq;mq;mq;mq;mq;mq;mq;mq;11.800000;-10;mq;mq;0.000000;-30;0.000000;0.000000;mq;mq;mq;710.000000;1112.000000;3100.000000;mq;7;0;7200;mq;mq;mq;mq;mq;mq;mq;mq;mq;
07280;20110910150000;100910;-130;8;180;6.200000;302.250000;290.150000;48;40000;0;mq;mq;mq;mq;mq;mq;mq;mq;98380;mq;mq;mq;mq;mq;mq;mq;mq;mq;mq;mq;10.800000;-10;mq;mq;mq;mq;0.000000;0.000000;mq;mq;mq;710.000000;1111.000000;mq;mq;mq;mq;mq;mq;mq;mq;mq;mq;mq;mq;mq;mq;
07299;20110910150000;100930;-110;6;290;2.600000;304.050000;290.350000;44;50000;2;1;1;40;1;1750;34;20;11;97910;mq;mq;mq;mq;mq;mq;mq;mq;mq;mq;mq;4.600000;-10;mq;mq;0.000000;-30;0.000000;0.000000;mq;mq;mq;710.000000;1105.000000;3100.000000;mq;1;8;1800;3;0;7800;mq;mq;mq;mq;mq;mq;
07314;20110910150000;101170;150;1;240;5.100000;294.150000;292.050000;88;mq;mq;mq;mq;mq;mq;mq;mq;mq;mq;100900;mq;mq;mq;mq;mq;mq;mq;mq;mq;mq;mq;6.700000;-10;mq;mq;mq;mq;0.000000;0.000000;mq;mq;mq;710.000000;1107.000000;mq;mq;mq;mq;mq;mq;mq;mq;mq;mq;mq;mq;mq;mq;
07335;20110910150000;100910;70;1;240;6.200000;299.650000;290.950000;59;30000;2;1;1;90;4;800;38;29;12;99550;mq;mq;mq;mq;mq;mq;mq;mq;mq;mq;mq;9.800000;-10;mq;mq;mq;mq;0.000000;0.000000;mq;mq;mq;710.000000;1110.000000;mq;mq;4;8;900;5;3;4800;5;0;7500;mq;mq;mq;
07434;20110910150000;100890;-10;5;220;6.200000;300.850000;288.850000;48;60000;2;1;1;60;0;8000;30;20;11;96430;mq;mq;mq;mq;mq;mq;mq;mq;mq;mq;mq;10.300000;-10;mq;mq;0.000000;-30;0.000000;0.000000;mq;mq;mq;710.000000;1110.000000;3100.000000;mq;5;0;7800;mq;mq;mq;mq;mq;mq;mq;mq;mq;
07460;20110910150000;100730;-80;6;170;6.200000;305.150000;289.450000;39;50000;2;1;1;60;1;1250;31;23;11;97160;mq;mq;mq;mq;mq;mq;mq;mq;mq;mq;mq;9.800000;-10;mq;mq;0.000000;-30;0.000000;0.000000;mq;mq;mq;710.000000;1110.000000;3100.000000;mq;1;8;1200;5;0;6900;mq;mq;mq;mq;mq;mq;
07471;20110910150000;mq;-60;8;150;3.100000;299.650000;288.350000;50;35000;2;1;1;25;1;1750;31;20;11;91930;85000;17440;mq;mq;mq;mq;mq;mq;mq;mq;mq;9.800000;-10;mq;mq;0.000000;-30;0.000000;0.000000;mq;mq;mq;710.000000;1110.000000;3100.000000;mq;1;8;1500;mq;mq;mq;mq;mq;mq;mq;mq;mq;
07481;20110910150000;101070;-80;6;180;8.700000;302.150000;287.950000;42;30000;2;1;1;25;1;3500;30;23;11;98390;mq;mq;mq;mq;mq;mq;mq;mq;mq;mq;14.900000;16.500000;-10;mq;mq;0.000000;-30;0.000000;0.000000;mq;mq;mq;1015.000000;710.000000;1116.000000;3100.000000;1;3;3000;mq;mq;mq;mq;mq;mq;mq;mq;mq;
07510;20110910150000;101000;-30;8;260;3.600000;301.450000;290.950000;53;40000;2;1;1;60;1;1250;31;20;11;100390;mq;mq;mq;mq;mq;mq;mq;mq;mq;mq;mq;5.700000;-10;mq;mq;0.000000;-30;0.000000;0.000000;mq;mq;mq;710.000000;1106.000000;3100.000000;mq;1;8;1200;5;0;7800;mq;mq;mq;mq;mq;mq;
07535;20110910150000;100850;-100;6;190;3.600000;307.450000;287.850000;31;mq;mq;mq;mq;mq;mq;mq;mq;mq;mq;98000;mq;mq;mq;mq;mq;mq;mq;mq;mq;mq;mq;8.200000;-10;mq;mq;mq;mq;0.000000;0.000000;mq;mq;mq;710.000000;1108.000000;mq;mq;mq;mq;mq;mq;mq;mq;mq;mq;mq;mq;mq;mq;
07558;20110910150000;101230;-90;7;150;8.200000;297.150000;288.650000;59;mq;mq;mq;mq;mq;mq;mq;mq;mq;mq;93350;mq;mq;mq;mq;mq;mq;mq;mq;mq;mq;mq;12.300000;-10;mq;mq;mq;mq;0.000000;0.000000;mq;mq;mq;710.000000;1112.000000;mq;mq;mq;mq;mq;mq;mq;mq;mq;mq;mq;mq;mq;mq;
07577;20110910150000;101360;-130;7;200;5.100000;302.650000;288.750000;43;25000;2;1;1;10;1;800;36;20;10;100520;mq;mq;mq;mq;mq;mq;mq;mq;mq;mq;mq;8.700000;-10;mq;mq;0.000000;-30;0.000000;0.000000;mq;mq;mq;710.000000;1109.000000;3100.000000;mq;1;6;690;mq;mq;mq;mq;mq;mq;mq;mq;mq;
07591;20110910150000;mq;-90;6;220;5.100000;301.950000;284.050000;33;mq;0;mq;mq;mq;mq;mq;mq;mq;mq;91620;mq;mq;mq;mq;mq;mq;mq;mq;mq;mq;mq;9.300000;-10;mq;mq;mq;mq;0.000000;0.000000;mq;mq;mq;710.000000;1109.000000;mq;mq;mq;mq;mq;mq;mq;mq;mq;mq;mq;mq;mq;mq;
07607;20110910150000;100920;-120;8;70;1.000000;305.050000;291.650000;45;40000;0;mq;mq;mq;mq;mq;mq;mq;mq;100260;mq;mq;mq;mq;mq;mq;mq;mq;mq;mq;mq;3.100000;-10;mq;mq;mq;mq;0.000000;0.000000;mq;mq;mq;710.000000;1103.000000;mq;mq;mq;mq;mq;mq;mq;mq;mq;mq;mq;mq;mq;mq;
07621;20110910150000;100910;-30;8;70;1.500000;302.050000;290.550000;50;30000;2;1;1;10;1;2250;31;20;12;96890;mq;mq;mq;mq;mq;mq;mq;mq;mq;mq;mq;5.100000;-10;mq;mq;0.000000;-30;0.000000;0.000000;mq;mq;mq;710.000000;1105.000000;3100.000000;mq;1;8;1800;mq;mq;mq;mq;mq;mq;mq;mq;mq;
07627;20110910150000;100790;-80;6;60;2.100000;302.950000;292.650000;54;30000;2;1;1;10;1;2250;31;20;12;96290;mq;mq;mq;mq;mq;mq;mq;mq;mq;mq;mq;5.100000;-10;mq;mq;0.000000;-30;0.000000;0.000000;mq;mq;mq;710.000000;1105.000000;3100.000000;mq;1;8;2100;mq;mq;mq;mq;mq;mq;mq;mq;mq;
07630;20110910150000;100990;-60;5;150;8.700000;302.550000;291.050000;50;20000;2;1;1;10;0;8000;30;20;12;99310;mq;mq;mq;mq;mq;mq;mq;mq;mq;mq;mq;13.400000;-10;mq;mq;0.000000;-30;0.000000;0.000000;mq;mq;mq;710.000000;1113.000000;3100.000000;mq;1;0;7800;mq;mq;mq;mq;mq;mq;mq;mq;mq;
07643;20110910150000;101530;-60;6;140;5.100000;298.150000;293.650000;76;20000;2;1;1;25;2;450;38;20;10;101440;mq;mq;mq;mq;mq;mq;mq;mq;mq;mq;mq;8.700000;-10;mq;mq;mq;mq;0.000000;0.000000;mq;mq;mq;710.000000;1109.000000;mq;mq;2;8;510;mq;mq;mq;mq;mq;mq;mq;mq;mq;
07650;20110910150000;101460;-80;7;180;6.700000;299.650000;292.050000;63;30000;2;1;1;10;1;1250;31;20;10;101090;mq;mq;mq;mq;mq;mq;mq;mq;mq;mq;mq;10.300000;-10;mq;mq;mq;mq;0.000000;0.000000;mq;mq;mq;710.000000;1110.000000;mq;mq;1;8;1200;mq;mq;mq;mq;mq;mq;mq;mq;mq;
07661;20110910150000;101550;-60;7;200;5.700000;297.150000;292.650000;76;16000;2;1;1;10;1;800;32;20;10;100010;mq;mq;mq;mq;mq;mq;mq;mq;mq;mq;mq;8.200000;-10;mq;mq;mq;mq;0.000000;0.000000;mq;mq;mq;710.000000;1108.000000;mq;mq;1;8;780;mq;mq;mq;mq;mq;mq;mq;mq;mq;
07690;20110910150000;101620;-60;8;150;2.100000;298.350000;292.250000;69;30000;2;1;1;10;1;800;34;20;10;101300;mq;mq;mq;mq;mq;mq;mq;mq;mq;mq;mq;3.100000;-10;mq;mq;0.000000;-30;0.000000;0.000000;mq;mq;mq;710.000000;1103.000000;3100.000000;mq;1;6;600;mq;mq;mq;mq;mq;mq;mq;mq;mq;
07747;20110910150000;101300;-60;7;80;5.100000;298.950000;294.350000;76;20000;2;1;1;90;7;450;31;61;60;100800;mq;mq;mq;mq;mq;mq;mq;mq;mq;mq;mq;8.700000;-10;mq;mq;0.000000;-30;0.000000;0.000000;mq;mq;mq;710.000000;1109.000000;3100.000000;mq;7;8;360;mq;mq;mq;mq;mq;mq;mq;mq;mq;
07761;20110910150000;101510;-80;8;220;4.100000;299.650000;293.050000;67;30000;2;1;1;10;1;2250;31;20;10;101410;mq;mq;mq;mq;mq;mq;mq;mq;mq;mq;mq;5.700000;-10;mq;mq;0.000000;-30;0.000000;0.000000;mq;mq;mq;710.000000;1106.000000;3100.000000;mq;1;8;1800;mq;mq;mq;mq;mq;mq;mq;mq;mq;
07790;20110910150000;101540;-80;7;110;3.600000;299.950000;294.050000;70;15000;2;1;1;25;2;800;35;20;10;101400;mq;mq;mq;mq;mq;mq;mq;mq;mq;mq;mq;5.100000;-10;mq;mq;0.000000;-30;0.000000;0.000000;mq;mq;mq;710.000000;1105.000000;3100.000000;mq;2;6;810;mq;mq;mq;mq;mq;mq;mq;mq;mq;
61968;20110910150000;101750;mq;mq;80;3.600000;298.050000;291.050000;65;mq;mq;mq;mq;mq;mq;mq;mq;mq;mq;mq;mq;mq;130;mq;mq;mq;mq;mq;mq;mq;mq;7.700000;-10;mq;mq;mq;mq;0.000000;0.000000;mq;mq;mq;710.000000;1108.000000;mq;mq;mq;mq;mq;mq;mq;mq;mq;mq;mq;mq;mq;mq;
61970;20110910150000;101880;mq;mq;mq;mq;298.650000;293.850000;75;mq;mq;mq;mq;mq;mq;mq;mq;mq;mq;mq;mq;mq;140;mq;mq;mq;mq;mq;mq;mq;mq;mq;mq;mq;mq;mq;mq;0.000000;0.000000;mq;mq;mq;mq;mq;mq;mq;mq;mq;mq;mq;mq;mq;mq;mq;mq;mq;mq;mq;
61972;20110910150000;102020;mq;mq;170;5.100000;296.150000;294.050000;88;mq;mq;mq;mq;mq;mq;mq;mq;mq;mq;mq;mq;mq;200;mq;mq;mq;mq;mq;mq;mq;mq;7.200000;-10;mq;mq;mq;mq;0.000000;0.000000;mq;mq;mq;710.000000;1107.000000;mq;mq;mq;mq;mq;mq;mq;mq;mq;mq;mq;mq;mq;mq;
61976;20110910150000;102000;mq;mq;140;9.300000;296.850000;290.850000;69;mq;mq;mq;mq;mq;mq;mq;mq;mq;mq;101850;mq;mq;70;mq;mq;mq;mq;mq;mq;mq;mq;mq;mq;mq;mq;mq;mq;mq;mq;mq;mq;mq;mq;mq;mq;mq;mq;mq;mq;mq;mq;mq;mq;mq;mq;mq;mq;mq;
61980;20110910150000;102320;mq;mq;120;5.700000;293.950000;288.750000;72;10000;2;1;1;40;3;800;38;20;10;mq;mq;mq;190;mq;mq;mq;mq;mq;mq;mq;mq;11.300000;-10;mq;mq;mq;mq;0.000000;0.000000;mq;mq;mq;710.000000;1111.000000;mq;mq;1;8;690;3;6;1500;mq;mq;mq;mq;mq;mq;
61996;20110910150000;mq;mq;mq;220;9.300000;280.250000;mq;mq;mq;mq;mq;mq;mq;mq;mq;mq;mq;mq;mq;mq;mq;290;mq;mq;mq;mq;mq;mq;mq;mq;18.000000;-10;mq;mq;mq;mq;0.400000;0.600000;mq;mq;mq;710.000000;1118.000000;mq;mq;mq;mq;mq;mq;mq;mq;mq;mq;mq;mq;mq;mq;
61997;20110910150000;102740;mq;mq;340;14.400000;273.750000;269.850000;75;mq;mq;mq;mq;mq;mq;mq;mq;mq;mq;mq;mq;mq;530;mq;mq;mq;mq;mq;mq;mq;mq;mq;mq;mq;mq;mq;mq;mq;0.000000;mq;mq;mq;mq;mq;mq;mq;mq;mq;mq;mq;mq;mq;mq;mq;mq;mq;mq;mq;
61998;20110910150000;101230;mq;mq;250;11.800000;274.150000;270.550000;77;mq;mq;mq;mq;mq;mq;mq;mq;mq;mq;mq;mq;mq;1580;mq;mq;mq;mq;mq;mq;mq;mq;17.000000;-10;mq;mq;mq;mq;0.000000;0.200000;mq;mq;mq;710.000000;1117.000000;mq;mq;mq;mq;mq;mq;mq;mq;mq;mq;mq;mq;mq;mq;
67005;20110910150000;101760;mq;mq;140;4.100000;298.250000;291.450000;66;25000;2;1;1;10;1;800;31;20;10;mq;mq;mq;130;mq;mq;mq;mq;mq;mq;mq;mq;6.200000;-10;mq;mq;mq;mq;0.000000;0.000000;mq;mq;mq;710.000000;1106.000000;mq;mq;1;8;690;mq;mq;mq;mq;mq;mq;mq;mq;mq;
71805;20110910150000;100030;380;1;10;9.800000;288.050000;282.150000;68;20000;2;1;1;25;2;800;35;20;10;99950;mq;mq;mq;mq;mq;mq;mq;mq;mq;mq;mq;15.400000;-10;mq;mq;0.000000;-30;0.000000;0.000000;mq;mq;mq;710.000000;1115.000000;3100.000000;mq;2;6;600;mq;mq;mq;mq;mq;mq;mq;mq;mq;
78897;20110910150000;100920;0;0;320;3.600000;303.250000;296.650000;68;25000;2;1;1;90;2;800;38;20;11;mq;mq;mq;mq;mq;mq;mq;mq;mq;mq;mq;mq;mq;mq;mq;mq;mq;mq;mq;mq;mq;mq;mq;mq;mq;mq;mq;2;8;900;7;0;7800;mq;mq;mq;mq;mq;mq;
78922;20110910150000;101030;80;0;190;5.100000;303.250000;297.650000;72;mq;mq;mq;mq;mq;mq;mq;mq;mq;mq;100590;mq;mq;mq;mq;mq;mq;mq;mq;mq;mq;mq;mq;mq;mq;mq;mq;mq;mq;mq;mq;mq;mq;mq;mq;mq;mq;mq;mq;mq;mq;mq;mq;mq;mq;mq;mq;mq;mq;
78925;20110910150000;101070;90;0;160;2.600000;303.550000;297.650000;71;25000;2;1;1;90;2;800;32;23;18;mq;mq;mq;0;mq;mq;mq;mq;mq;mq;mq;mq;mq;mq;mq;mq;mq;mq;mq;mq;mq;mq;mq;mq;mq;mq;mq;2;8;630;7;2;8400;mq;mq;mq;mq;mq;mq;
81401;20110910150000;101400;mq;mq;130;4.100000;303.950000;296.350000;64;mq;mq;mq;mq;mq;mq;mq;mq;mq;mq;101340;mq;mq;mq;mq;mq;mq;mq;mq;mq;mq;mq;mq;mq;mq;mq;mq;mq;mq;0.000000;mq;mq;mq;mq;mq;mq;mq;mq;mq;mq;mq;mq;mq;mq;mq;mq;mq;mq;mq;
81405;20110910150000;101490;mq;mq;100;2.100000;298.850000;297.650000;93;10000;21;6;2;100;6;250;38;27;10;101400;mq;mq;mq;mq;mq;mq;mq;mq;mq;mq;mq;mq;mq;mq;mq;mq;mq;mq;3.000000;mq;mq;mq;mq;mq;mq;mq;mq;mq;mq;mq;mq;mq;mq;mq;mq;mq;mq;mq;
81408;20110910150000;101460;mq;mq;20;1.500000;298.350000;297.150000;93;mq;mq;mq;mq;mq;mq;mq;mq;mq;mq;101380;mq;mq;mq;mq;mq;mq;mq;mq;mq;mq;mq;mq;mq;mq;mq;mq;mq;mq;2.000000;mq;mq;mq;mq;mq;mq;mq;mq;mq;mq;mq;mq;mq;mq;mq;mq;mq;mq;mq;
89642;20110910150000;99200;120;1;140;10.800000;256.850000;251.250000;59;mq;mq;mq;mq;mq;mq;mq;mq;mq;mq;98640;mq;mq;mq;mq;mq;mq;mq;mq;mq;mq;mq;21.100000;-30;mq;mq;mq;mq;mq;mq;mq;mq;mq;1121.000000;mq;mq;mq;mq;mq;mq;mq;mq;mq;mq;mq;mq;mq;mq;mq;
07005;20110910180000;100640;80;1;270;1.500000;293.050000;290.450000;85;mq;mq;mq;mq;mq;mq;mq;mq;mq;mq;99780;mq;mq;mq;290.850000;mq;300.650000;mq;mq;mq;mq;mq;5.100000;-10;mq;mq;mq;mq;0.000000;0.000000;mq;0.000000;mq;710.000000;1105.000000;mq;mq;mq;mq;mq;mq;mq;mq;mq;mq;mq;mq;mq;mq;
07015;20110910180000;100530;50;3;290;6.700000;296.250000;292.250000;78;50000;2;1;1;90;1;1250;39;28;11;99990;mq;mq;mq;290.350000;mq;301.750000;mq;mq;mq;mq;mq;12.300000;-10;mq;mq;0.000000;-60;0.000000;0.000000;mq;0.000000;mq;710.000000;1112.000000;3100.000000;mq;1;8;990;4;3;2100;6;0;7800;mq;mq;mq;
07020;20110910180000;100690;120;3;220;6.700000;290.850000;289.350000;91;12000;1;6;1;50;3;800;32;23;10;100430;mq;mq;mq;290.750000;mq;294.350000;mq;mq;mq;mq;mq;12.300000;-10;mq;mq;mq;mq;0.000000;0.000000;mq;2.000000;mq;710.000000;1112.000000;mq;mq;3;8;780;mq;mq;mq;mq;mq;mq;mq;mq;mq;
07027;20110910180000;100750;110;3;240;8.200000;291.950000;290.450000;91;800;65;mq;mq;100;mq;450;mq;mq;mq;99970;mq;mq;mq;291.150000;mq;297.450000;mq;mq;mq;mq;mq;12.300000;-10;mq;mq;mq;mq;4.000000;4.000000;mq;4.000000;mq;710.000000;1112.000000;mq;mq;mq;mq;mq;mq;mq;mq;mq;mq;mq;mq;mq;mq;
07037;20110910180000;100730;130;3;230;5.100000;294.950000;290.150000;74;19000;0;mq;mq;mq;mq;2250;mq;mq;mq;98990;mq;mq;mq;290.550000;mq;300.250000;mq;mq;mq;mq;mq;9.300000;-10;mq;mq;mq;mq;0.000000;0.000000;mq;0.000000;mq;710.000000;1109.000000;mq;mq;mq;mq;mq;mq;mq;mq;mq;mq;mq;mq;mq;mq;
07110;20110910180000;100680;90;3;220;9.300000;290.450000;288.050000;86;18000;1;8;6;75;6;450;38;20;10;99570;mq;mq;mq;290.450000;mq;292.850000;mq;mq;mq;mq;mq;13.900000;-10;mq;mq;mq;mq;0.000000;0.000000;mq;0.000000;mq;710.000000;1114.000000;mq;mq;4;8;330;6;6;450;mq;mq;mq;mq;mq;mq;
07117;20110910180000;100630;120;3;240;6.200000;291.650000;286.250000;71;20000;2;1;1;40;3;800;31;20;10;99950;mq;mq;mq;291.350000;mq;295.750000;mq;mq;mq;mq;mq;14.400000;-10;mq;mq;mq;mq;0.000000;0.000000;mq;0.000000;mq;710.000000;1114.000000;2438.000000;mq;mq;mq;mq;mq;mq;mq;mq;mq;mq;mq;mq;mq;
07130;20110910180000;100960;180;3;210;5.100000;291.250000;288.850000;86;30000;0;mq;mq;75;mq;800;mq;mq;mq;100460;mq;mq;mq;290.350000;mq;296.250000;mq;mq;mq;mq;mq;9.800000;-10;mq;mq;mq;mq;0.000000;0.200000;mq;0.200000;mq;710.000000;1110.000000;mq;mq;mq;mq;mq;mq;mq;mq;mq;mq;mq;mq;mq;mq;
07139;20110910180000;100890;140;3;220;5.100000;293.850000;289.250000;75;mq;mq;mq;mq;mq;mq;mq;mq;mq;mq;99230;mq;mq;mq;287.950000;mq;298.650000;mq;mq;mq;mq;mq;12.900000;-10;mq;mq;mq;mq;0.000000;0.000000;mq;0.000000;mq;710.000000;1113.000000;mq;mq;mq;mq;mq;mq;mq;mq;mq;mq;mq;mq;mq;mq;
07149;20110910180000;100740;150;3;260;5.100000;298.750000;290.650000;61;30000;2;1;1;75;4;3500;30;28;11;99720;mq;mq;mq;290.050000;mq;304.250000;mq;mq;mq;mq;mq;11.800000;-10;mq;mq;0.000000;-60;0.000000;0.000000;mq;0.200000;mq;710.000000;1112.000000;3100.000000;mq;4;3;3300;5;0;7500;mq;mq;mq;mq;mq;mq;
07168;20110910180000;100710;80;1;160;5.100000;301.850000;290.350000;50;20000;0;mq;mq;mq;mq;mq;mq;mq;mq;99390;mq;mq;mq;290.250000;mq;306.850000;mq;mq;mq;mq;mq;7.200000;-10;mq;mq;mq;mq;0.000000;0.000000;mq;0.200000;mq;710.000000;1107.000000;mq;mq;mq;mq;mq;mq;mq;mq;mq;mq;mq;mq;mq;mq;
07181;20110910180000;100900;0;5;180;3.600000;297.150000;290.850000;68;60000;0;mq;mq;mq;mq;mq;mq;mq;mq;97050;mq;mq;mq;288.650000;mq;301.350000;mq;mq;mq;mq;mq;5.700000;-10;mq;mq;mq;mq;0.000000;0.000000;mq;0.000000;mq;710.000000;1106.000000;mq;mq;mq;mq;mq;mq;mq;mq;mq;mq;mq;mq;mq;mq;
07190;20110910180000;100980;20;3;360;0.500000;298.550000;291.950000;67;14000;0;mq;mq;mq;mq;mq;mq;mq;mq;99270;mq;mq;mq;289.250000;mq;303.350000;mq;mq;mq;mq;mq;mq;mq;mq;mq;mq;mq;0.000000;0.000000;mq;0.000000;mq;mq;mq;mq;mq;mq;mq;mq;mq;mq;mq;mq;mq;mq;mq;mq;mq;
07207;20110910180000;mq;mq;mq;240;8.200000;291.450000;289.650000;89;10000;2;1;1;75;6;800;38;20;10;mq;mq;mq;mq;290.450000;mq;293.150000;mq;mq;mq;mq;mq;12.900000;-10;mq;mq;mq;mq;0.000000;0.000000;mq;1.000000;mq;710.000000;1113.000000;2447.000000;mq;mq;mq;mq;mq;mq;mq;mq;mq;mq;mq;mq;mq;
07222;20110910180000;101100;140;3;250;3.600000;291.250000;289.950000;92;20000;21;6;2;60;5;250;35;20;12;100790;mq;mq;mq;290.250000;mq;295.650000;mq;mq;mq;mq;mq;6.700000;-10;mq;mq;mq;mq;0.000000;2.000000;mq;2.000000;mq;710.000000;1107.000000;mq;mq;2;7;270;4;6;480;mq;mq;mq;mq;mq;mq;
07240;20110910180000;101010;220;3;260;5.100000;296.250000;290.050000;68;30000;2;1;1;50;4;3500;30;28;10;99730;mq;mq;mq;290.250000;mq;301.950000;mq;mq;mq;mq;mq;10.300000;-10;mq;mq;0.000000;-60;0.000000;0.000000;mq;0.000000;mq;710.000000;1110.000000;3100.000000;mq;4;3;4500;mq;mq;mq;mq;mq;mq;mq;mq;mq;
07255;20110910180000;100940;190;3;270;3.600000;300.850000;291.250000;56;20000;0;mq;mq;mq;mq;mq;mq;mq;mq;99070;mq;mq;mq;289.750000;mq;307.350000;mq;mq;mq;mq;mq;8.700000;-10;mq;mq;mq;mq;0.000000;0.000000;mq;0.000000;mq;710.000000;1109.000000;mq;mq;mq;mq;mq;mq;mq;mq;mq;mq;mq;mq;mq;mq;
07280;20110910180000;100970;30;3;160;2.600000;298.650000;289.550000;57;60000;0;mq;mq;mq;mq;mq;mq;mq;mq;98410;mq;mq;mq;288.650000;mq;302.850000;mq;mq;mq;mq;mq;7.700000;-10;mq;mq;mq;mq;0.000000;0.000000;mq;0.200000;mq;710.000000;1108.000000;mq;mq;mq;mq;mq;mq;mq;mq;mq;mq;mq;mq;mq;mq;
07299;20110910180000;101040;50;3;240;2.100000;297.250000;293.350000;79;50000;2;1;1;60;1;3500;30;23;12;97960;mq;mq;mq;289.250000;mq;305.050000;mq;mq;mq;mq;mq;2.100000;-10;mq;mq;0.000000;-60;0.000000;0.000000;mq;0.000000;mq;710.000000;1102.000000;3100.000000;mq;1;3;4500;5;0;6900;mq;mq;mq;mq;mq;mq;
07314;20110910180000;101260;90;1;240;5.700000;293.950000;292.050000;89;mq;mq;mq;mq;mq;mq;mq;mq;mq;mq;100990;mq;mq;mq;292.150000;mq;294.850000;mq;mq;mq;mq;mq;8.700000;-10;mq;mq;mq;mq;0.000000;0.000000;mq;0.000000;mq;710.000000;1109.000000;mq;mq;mq;mq;mq;mq;mq;mq;mq;mq;mq;mq;mq;mq;
07335;20110910180000;101170;240;3;240;5.100000;295.650000;289.650000;69;60000;0;mq;mq;90;mq;mq;mq;mq;mq;99790;mq;mq;mq;290.450000;mq;301.250000;mq;mq;mq;mq;mq;9.300000;-10;mq;mq;mq;mq;0.000000;0.000000;mq;0.000000;mq;710.000000;1109.000000;mq;mq;mq;mq;mq;mq;mq;mq;mq;mq;mq;mq;mq;mq;
07434;20110910180000;101120;160;3;290;4.600000;296.450000;291.950000;76;40000;0;mq;mq;mq;mq;mq;mq;mq;mq;96590;mq;mq;mq;291.750000;mq;301.650000;mq;mq;mq;mq;mq;7.200000;-10;mq;mq;mq;mq;0.000000;0.000000;mq;0.000000;mq;710.000000;1107.000000;mq;mq;mq;mq;mq;mq;mq;mq;mq;mq;mq;mq;mq;mq;
07460;20110910180000;100930;150;3;260;4.100000;301.450000;290.650000;52;50000;2;1;1;60;1;3500;30;23;13;97310;mq;mq;mq;291.450000;mq;306.550000;mq;mq;mq;mq;mq;7.700000;-10;mq;mq;0.000000;-60;0.000000;0.000000;mq;0.000000;mq;710.000000;1108.000000;3100.000000;mq;1;3;3300;5;0;6900;mq;mq;mq;mq;mq;mq;
07471;20110910180000;mq;110;3;140;4.100000;292.850000;287.450000;71;20000;0;mq;mq;mq;mq;mq;mq;mq;mq;92040;85000;17550;mq;286.150000;mq;300.750000;mq;mq;mq;mq;mq;9.300000;-10;mq;mq;mq;mq;0.000000;0.000000;mq;0.000000;mq;710.000000;1109.000000;mq;mq;mq;mq;mq;mq;mq;mq;mq;mq;mq;mq;mq;mq;
07481;20110910180000;101160;70;3;180;6.700000;299.650000;288.050000;49;30000;2;1;1;75;1;3500;30;23;14;98460;mq;mq;mq;292.950000;mq;302.650000;mq;mq;mq;mq;mq;10.800000;-10;mq;mq;0.000000;-60;0.000000;0.000000;mq;0.000000;mq;710.000000;1111.000000;3100.000000;mq;1;3;3000;6;0;7500;mq;mq;mq;mq;mq;mq;
07510;20110910180000;101230;220;3;340;3.600000;295.250000;291.250000;78;40000;2;1;1;75;3;3500;30;23;11;100610;mq;mq;mq;292.350000;mq;302.150000;mq;mq;mq;mq;mq;10.300000;-10;mq;mq;0.000000;-60;0.000000;0.000000;mq;0.000000;mq;710.000000;1110.000000;3100.000000;mq;3;3;4800;6;0;7800;mq;mq;mq;mq;mq;mq;
07535;20110910180000;101040;130;3;140;3.600000;301.450000;290.350000;51;mq;mq;mq;mq;mq;mq;mq;mq;mq;mq;98130;mq;mq;mq;295.250000;mq;307.950000;mq;mq;mq;mq;mq;6.700000;-10;mq;mq;mq;mq;0.000000;0.000000;mq;0.000000;mq;710.000000;1107.000000;mq;mq;mq;mq;mq;mq;mq;mq;mq;mq;mq;mq;mq;mq;
07558;20110910180000;101410;70;3;140;5.700000;293.350000;289.350000;78;mq;mq;mq;mq;mq;mq;mq;mq;mq;mq;93420;mq;mq;mq;290.850000;mq;297.950000;mq;mq;mq;mq;mq;11.300000;-10;mq;mq;mq;mq;0.000000;0.000000;mq;0.000000;mq;710.000000;1111.000000;mq;mq;mq;mq;mq;mq;mq;mq;mq;mq;mq;mq;mq;mq;
07577;20110910180000;101450;80;3;200;2.600000;299.050000;288.150000;51;20000;0;mq;mq;mq;mq;mq;mq;mq;mq;100600;mq;mq;mq;293.350000;mq;303.150000;mq;mq;mq;mq;mq;6.700000;-10;mq;mq;mq;mq;0.000000;0.000000;mq;0.000000;mq;710.000000;1107.000000;mq;mq;mq;mq;mq;mq;mq;mq;mq;mq;mq;mq;mq;mq;
07591;20110910180000;mq;130;3;230;3.100000;297.850000;283.750000;41;mq;0;mq;mq;mq;mq;mq;mq;mq;mq;91750;mq;mq;mq;287.950000;mq;302.650000;mq;mq;mq;mq;mq;8.700000;-10;mq;mq;mq;mq;0.000000;0.000000;mq;0.000000;mq;710.000000;1109.000000;mq;mq;mq;mq;mq;mq;mq;mq;mq;mq;mq;mq;mq;mq;
07607;20110910180000;101160;230;3;330;6.700000;299.650000;292.550000;65;55000;0;mq;mq;mq;mq;1750;mq;mq;mq;100490;mq;mq;mq;288.350000;mq;305.350000;mq;mq;mq;mq;mq;10.800000;-10;mq;mq;mq;mq;0.000000;0.000000;mq;0.000000;mq;710.000000;1111.000000;mq;mq;mq;mq;mq;mq;mq;mq;mq;mq;mq;mq;mq;mq;
07621;20110910180000;101020;80;3;240;1.000000;299.850000;293.650000;69;30000;2;1;1;25;1;3500;30;24;12;96970;mq;mq;mq;291.650000;mq;302.750000;mq;mq;mq;mq;mq;2.100000;-10;mq;mq;0.000000;-60;0.000000;0.000000;mq;0.000000;mq;710.000000;1102.000000;3100.000000;mq;1;3;3900;mq;mq;mq;mq;mq;mq;mq;mq;mq;
07627;20110910180000;101040;170;3;340;1.500000;298.750000;292.450000;68;mq;mq;mq;mq;mq;mq;mq;mq;mq;mq;96460;mq;mq;mq;290.850000;mq;304.650000;mq;mq;mq;mq;mq;3.100000;-10;mq;mq;mq;mq;0.000000;0.000000;mq;0.000000;mq;710.000000;1103.000000;mq;mq;mq;mq;mq;mq;mq;mq;mq;mq;mq;mq;mq;mq;
07630;20110910180000;101200;180;3;140;7.200000;298.350000;291.750000;67;20000;2;1;1;10;1;3500;30;28;12;99490;mq;mq;mq;294.850000;mq;303.650000;mq;mq;mq;mq;mq;11.300000;-10;mq;mq;0.000000;-60;0.000000;0.000000;mq;0.000000;mq;710.000000;1111.000000;3100.000000;mq;1;3;5400;mq;mq;mq;mq;mq;mq;mq;mq;mq;
07643;20110910180000;101560;30;3;140;3.100000;296.050000;293.550000;86;15000;2;1;1;25;2;450;35;20;10;101470;mq;mq;mq;294.050000;mq;299.150000;mq;mq;mq;mq;mq;5.100000;-10;mq;mq;mq;mq;0.000000;0.000000;mq;0.000000;mq;710.000000;1105.000000;mq;mq;2;6;480;mq;mq;mq;mq;mq;mq;mq;mq;mq;
07650;20110910180000;101530;70;3;180;3.600000;296.350000;292.050000;77;30000;2;1;1;10;1;450;31;20;10;101160;mq;mq;mq;293.650000;mq;301.650000;mq;mq;mq;mq;mq;6.700000;-10;mq;mq;mq;mq;0.000000;0.000000;mq;0.000000;mq;710.000000;1107.000000;mq;mq;1;8;480;mq;mq;mq;mq;mq;mq;mq;mq;mq;
07661;20110910180000;101600;40;3;170;3.600000;294.850000;292.750000;88;22000;2;1;1;10;0;8000;30;20;11;100050;mq;mq;mq;292.050000;mq;299.050000;mq;mq;mq;mq;mq;5.700000;-10;mq;mq;mq;mq;0.000000;0.000000;mq;0.000000;mq;710.000000;1106.000000;mq;mq;1;0;4800;mq;mq;mq;mq;mq;mq;mq;mq;mq;
07690;20110910180000;101650;30;3;0;0.000000;296.850000;292.350000;76;30000;2;1;1;10;1;450;35;20;10;101330;mq;mq;mq;294.150000;mq;299.350000;mq;mq;mq;mq;mq;2.100000;-10;mq;mq;0.000000;-60;0.000000;0.000000;mq;0.000000;mq;710.000000;1102.000000;3100.000000;mq;1;6;480;mq;mq;mq;mq;mq;mq;mq;mq;mq;
07747;20110910180000;101270;-30;5;20;2.600000;297.750000;295.250000;86;29000;0;mq;mq;mq;mq;mq;mq;mq;mq;100770;mq;mq;mq;294.350000;mq;301.450000;mq;mq;mq;mq;mq;5.700000;-10;mq;mq;mq;mq;0.000000;0.000000;mq;0.000000;mq;710.000000;1106.000000;mq;mq;mq;mq;mq;mq;mq;mq;mq;mq;mq;mq;mq;mq;
07761;20110910180000;101560;50;3;220;1.500000;296.950000;293.050000;79;30000;2;1;1;10;0;mq;30;20;11;101460;mq;mq;mq;291.450000;mq;300.450000;mq;mq;mq;mq;mq;4.100000;-10;mq;mq;0.000000;-60;0.000000;0.000000;mq;0.000000;mq;710.000000;1104.000000;3100.000000;mq;1;0;7800;mq;mq;mq;mq;mq;mq;mq;mq;mq;
07790;20110910180000;101590;50;2;140;1.500000;296.750000;293.850000;84;15000;2;1;1;10;1;800;35;20;10;101450;mq;mq;mq;293.250000;mq;301.150000;mq;mq;mq;mq;mq;4.100000;-10;mq;mq;0.000000;-60;0.000000;0.000000;mq;0.000000;mq;710.000000;1104.000000;3100.000000;mq;1;6;780;mq;mq;mq;mq;mq;mq;mq;mq;mq;
61970;20110910180000;102010;mq;mq;mq;mq;298.050000;294.350000;80;mq;mq;mq;mq;mq;mq;mq;mq;mq;mq;mq;mq;mq;mq;mq;mq;301.950000;mq;mq;mq;mq;mq;mq;mq;mq;mq;mq;mq;mq;mq;mq;mq;mq;mq;mq;mq;mq;mq;mq;mq;mq;mq;mq;mq;mq;mq;mq;mq;mq;
61972;20110910180000;102160;mq;mq;180;4.100000;294.550000;293.350000;93;mq;mq;mq;mq;mq;mq;mq;mq;mq;mq;mq;mq;mq;mq;mq;mq;301.050000;mq;mq;mq;mq;mq;mq;mq;mq;mq;mq;mq;mq;mq;mq;mq;mq;mq;mq;mq;mq;mq;mq;mq;mq;mq;mq;mq;mq;mq;mq;mq;mq;
61976;20110910180000;102180;mq;mq;140;9.300000;296.450000;291.350000;73;mq;mq;mq;mq;mq;mq;mq;mq;mq;mq;102030;mq;mq;80;mq;mq;mq;mq;mq;mq;mq;mq;mq;mq;mq;mq;mq;mq;mq;mq;mq;mq;mq;mq;mq;mq;mq;mq;mq;mq;mq;mq;mq;mq;mq;mq;mq;mq;mq;
61980;20110910180000;102530;mq;mq;120;9.800000;294.250000;288.350000;69;10000;15;0;0;50;4;800;38;20;10;mq;mq;mq;230;mq;mq;298.950000;mq;mq;mq;mq;mq;14.400000;-10;mq;mq;mq;mq;0.000000;mq;mq;0.000000;mq;710.000000;1114.000000;mq;mq;2;8;690;3;6;1500;mq;mq;mq;mq;mq;mq;
61996;20110910180000;mq;mq;mq;230;8.200000;280.550000;mq;mq;mq;mq;mq;mq;mq;mq;mq;mq;mq;mq;mq;mq;mq;720;mq;mq;287.750000;mq;mq;mq;mq;mq;15.900000;-10;mq;mq;mq;mq;0.000000;mq;mq;7.000000;mq;710.000000;1116.000000;mq;mq;mq;mq;mq;mq;mq;mq;mq;mq;mq;mq;mq;mq;
61997;20110910180000;102320;mq;mq;350;18.000000;274.150000;270.750000;78;mq;mq;mq;mq;mq;mq;mq;mq;mq;mq;mq;mq;mq;mq;mq;mq;274.350000;mq;mq;mq;mq;mq;mq;mq;mq;mq;mq;mq;mq;mq;mq;0.000000;mq;mq;mq;mq;mq;mq;mq;mq;mq;mq;mq;mq;mq;mq;mq;mq;mq;
61998;20110910180000;101420;mq;mq;250;14.900000;274.450000;271.850000;83;mq;mq;mq;mq;mq;mq;mq;mq;mq;mq;mq;mq;mq;1380;mq;mq;274.950000;mq;mq;mq;mq;mq;20.100000;-10;mq;mq;mq;mq;0.000000;mq;mq;0.200000;mq;710.000000;1120.000000;mq;mq;mq;mq;mq;mq;mq;mq;mq;mq;mq;mq;mq;mq;
67005;20110910180000;101940;mq;mq;30;1.500000;296.250000;292.850000;81;mq;0;mq;mq;mq;mq;mq;mq;mq;mq;mq;mq;mq;110;mq;mq;301.250000;mq;mq;mq;mq;mq;3.100000;-10;mq;mq;mq;mq;0.000000;mq;mq;0.000000;mq;710.000000;1103.000000;mq;mq;mq;mq;mq;mq;mq;mq;mq;mq;mq;mq;mq;mq;
71805;20110910180000;100320;290;3;360;6.200000;289.250000;281.250000;59;20000;2;1;1;10;1;800;31;20;10;100240;mq;mq;mq;mq;285.750000;289.650000;mq;mq;mq;mq;mq;10.800000;-10;mq;mq;0.000000;-60;0.000000;0.000000;mq;0.000000;mq;710.000000;1111.000000;3100.000000;mq;1;6;600;mq;mq;mq;mq;mq;mq;mq;mq;mq;
78897;20110910180000;100790;-130;8;170;8.200000;303.150000;297.050000;70;55000;0;mq;mq;75;mq;1250;mq;mq;mq;mq;mq;mq;mq;mq;297.850000;303.950000;mq;mq;mq;mq;mq;mq;mq;mq;mq;mq;mq;mq;mq;0.000000;mq;3.800000;mq;mq;mq;mq;mq;mq;mq;mq;mq;mq;mq;mq;mq;mq;mq;mq;
78922;20110910180000;100880;-150;7;190;7.700000;302.050000;297.650000;77;mq;mq;mq;mq;mq;mq;mq;mq;mq;mq;100440;mq;mq;mq;mq;mq;mq;mq;mq;mq;mq;mq;mq;mq;mq;mq;mq;mq;mq;mq;mq;mq;mq;mq;mq;mq;mq;mq;mq;mq;mq;mq;mq;mq;mq;mq;mq;mq;mq;
78925;20110910180000;100910;-160;8;180;2.600000;302.950000;298.250000;76;25000;2;1;1;90;4;800;38;23;18;mq;mq;mq;60;mq;296.350000;304.250000;mq;mq;mq;mq;mq;mq;mq;mq;mq;mq;mq;mq;mq;0.000000;mq;mq;mq;mq;mq;mq;1;8;780;3;6;1380;7;2;8400;mq;mq;mq;
81401;20110910180000;101130;mq;mq;120;2.600000;302.450000;297.350000;74;mq;mq;mq;mq;mq;mq;mq;mq;mq;mq;101070;mq;mq;mq;mq;mq;mq;mq;mq;mq;mq;mq;mq;mq;mq;mq;mq;mq;mq;0.000000;0.000000;mq;mq;mq;mq;mq;mq;mq;mq;mq;mq;mq;mq;mq;mq;mq;mq;mq;mq;
81405;20110910180000;101280;mq;mq;90;3.100000;301.750000;295.950000;71;10000;3;6;2;90;4;450;38;27;10;101190;mq;mq;mq;mq;mq;mq;mq;mq;mq;mq;mq;mq;mq;mq;mq;mq;mq;mq;0.000000;3.000000;mq;mq;mq;mq;mq;mq;mq;mq;mq;mq;mq;mq;mq;mq;mq;mq;mq;mq;
81408;20110910180000;101260;mq;mq;30;1.500000;297.650000;295.950000;90;mq;mq;mq;mq;mq;mq;mq;mq;mq;mq;101180;mq;mq;mq;mq;mq;mq;mq;mq;mq;mq;mq;mq;mq;mq;mq;mq;mq;mq;4.000000;6.000000;mq;mq;mq;mq;mq;mq;mq;mq;mq;mq;mq;mq;mq;mq;mq;mq;mq;mq;
89642;20110910180000;99290;80;1;150;11.300000;256.750000;250.550000;55;mq;mq;mq;mq;mq;mq;mq;mq;mq;mq;98720;mq;mq;mq;mq;mq;mq;mq;mq;mq;mq;mq;21.100000;-60;mq;mq;mq;mq;mq;mq;mq;mq;mq;1121.000000;mq;mq;mq;mq;mq;mq;mq;mq;mq;mq;mq;mq;mq;mq;mq;
07005;20110910210000;100880;230;3;240;7.200000;289.950000;288.250000;90;mq;mq;mq;mq;mq;mq;mq;mq;mq;mq;100010;mq;mq;mq;mq;mq;mq;mq;mq;mq;mq;mq;12.900000;-10;mq;mq;mq;mq;0.600000;0.800000;mq;mq;mq;710.000000;1113.000000;mq;mq;mq;mq;mq;mq;mq;mq;mq;mq;mq;mq;mq;mq;
07015;20110910210000;100730;190;1;230;2.100000;292.050000;289.250000;84;30000;2;1;1;40;3;3500;30;23;10;100180;mq;mq;mq;mq;mq;mq;mq;mq;mq;mq;mq;4.100000;-10;mq;mq;0.000000;-30;0.000000;0.000000;mq;mq;mq;710.000000;1104.000000;3100.000000;mq;3;3;3900;mq;mq;mq;mq;mq;mq;mq;mq;mq;
07020;20110910210000;100720;30;0;200;6.700000;290.450000;288.650000;89;mq;mq;mq;mq;mq;mq;mq;mq;mq;mq;100460;mq;mq;mq;mq;mq;mq;mq;mq;mq;mq;mq;10.800000;-10;mq;mq;mq;mq;0.000000;0.000000;mq;mq;mq;710.000000;1111.000000;mq;mq;mq;mq;mq;mq;mq;mq;mq;mq;mq;mq;mq;mq;
07027;20110910210000;100890;130;1;190;4.600000;289.550000;287.750000;89;60000;0;mq;mq;mq;mq;mq;mq;mq;mq;100100;mq;mq;mq;mq;mq;mq;mq;mq;mq;mq;mq;7.700000;-10;mq;mq;mq;mq;0.000000;0.200000;mq;mq;mq;710.000000;1108.000000;mq;mq;mq;mq;mq;mq;mq;mq;mq;mq;mq;mq;mq;mq;
07037;20110910210000;100900;140;1;230;6.700000;291.350000;290.350000;94;60000;0;mq;mq;90;mq;450;mq;mq;mq;99130;mq;mq;mq;mq;mq;mq;mq;mq;mq;mq;mq;10.800000;-10;mq;mq;mq;mq;0.000000;0.400000;mq;mq;mq;710.000000;1111.000000;mq;mq;mq;mq;mq;mq;mq;mq;mq;mq;mq;mq;mq;mq;
07110;20110910210000;100670;-10;8;200;8.200000;289.950000;288.250000;90;10000;61;6;2;90;7;450;35;61;60;99560;mq;mq;mq;mq;mq;mq;mq;mq;mq;mq;mq;13.400000;-10;mq;mq;mq;mq;0.000000;0.000000;mq;mq;mq;710.000000;1113.000000;mq;mq;7;6;330;mq;mq;mq;mq;mq;mq;mq;mq;mq;
07117;20110910210000;100660;30;0;210;5.100000;289.650000;286.550000;82;15000;2;1;1;25;2;3500;30;23;10;99980;mq;mq;mq;mq;mq;mq;mq;mq;mq;mq;mq;11.300000;-10;mq;mq;mq;mq;0.000000;0.000000;mq;mq;mq;710.000000;1111.000000;2437.000000;mq;mq;mq;mq;mq;mq;mq;mq;mq;mq;mq;mq;mq;
07130;20110910210000;101050;80;1;190;3.600000;289.550000;288.550000;94;20000;0;mq;mq;mq;mq;800;mq;mq;mq;100540;mq;mq;mq;mq;mq;mq;mq;mq;mq;mq;mq;6.200000;-10;mq;mq;mq;mq;0.000000;0.000000;mq;mq;mq;710.000000;1106.000000;mq;mq;mq;mq;mq;mq;mq;mq;mq;mq;mq;mq;mq;mq;
07139;20110910210000;101080;160;1;230;3.600000;289.350000;287.050000;86;mq;mq;mq;mq;mq;mq;mq;mq;mq;mq;99390;mq;mq;mq;mq;mq;mq;mq;mq;mq;mq;mq;8.200000;-10;mq;mq;mq;mq;0.000000;0.200000;mq;mq;mq;710.000000;1108.000000;mq;mq;mq;mq;mq;mq;mq;mq;mq;mq;mq;mq;mq;mq;
07149;20110910210000;100990;230;1;240;3.100000;293.850000;289.250000;75;30000;2;1;1;10;1;3500;30;23;10;99950;mq;mq;mq;mq;mq;mq;mq;mq;mq;mq;mq;6.700000;-10;mq;mq;0.000000;-30;0.000000;0.000000;mq;mq;mq;710.000000;1107.000000;3100.000000;mq;1;3;3300;mq;mq;mq;mq;mq;mq;mq;mq;mq;
07168;20110910210000;101000;270;1;240;4.600000;298.250000;289.950000;60;20000;0;mq;mq;mq;mq;mq;mq;mq;mq;99660;mq;mq;mq;mq;mq;mq;mq;mq;mq;mq;mq;8.700000;-10;mq;mq;mq;mq;0.000000;0.000000;mq;mq;mq;710.000000;1109.000000;mq;mq;mq;mq;mq;mq;mq;mq;mq;mq;mq;mq;mq;mq;
07181;20110910210000;101000;80;1;210;7.200000;296.450000;289.950000;67;60000;0;mq;mq;mq;mq;mq;mq;mq;mq;97130;mq;mq;mq;mq;mq;mq;mq;mq;mq;mq;mq;11.300000;-10;mq;mq;mq;mq;0.000000;0.000000;mq;mq;mq;710.000000;1111.000000;mq;mq;mq;mq;mq;mq;mq;mq;mq;mq;mq;mq;mq;mq;
07190;20110910210000;101110;90;1;190;1.500000;292.650000;289.850000;84;55000;0;mq;mq;mq;mq;mq;mq;mq;mq;99360;mq;mq;mq;mq;mq;mq;mq;mq;mq;mq;mq;2.100000;-10;mq;mq;mq;mq;0.000000;0.000000;mq;mq;mq;710.000000;1102.000000;mq;mq;mq;mq;mq;mq;mq;mq;mq;mq;mq;mq;mq;mq;
07207;20110910210000;mq;mq;mq;250;7.700000;291.050000;289.250000;89;8000;2;1;1;50;4;800;38;20;10;mq;mq;mq;mq;mq;mq;mq;mq;mq;mq;mq;mq;11.800000;-10;mq;mq;mq;mq;0.000000;0.000000;mq;mq;mq;710.000000;1112.000000;2446.000000;mq;mq;mq;mq;mq;mq;mq;mq;mq;mq;mq;mq;mq;
07222;20110910210000;101190;90;2;200;3.600000;289.650000;289.150000;97;12000;2;1;1;40;3;450;35;20;10;100880;mq;mq;mq;mq;mq;mq;mq;mq;mq;mq;mq;4.600000;-10;mq;mq;mq;mq;0.000000;0.000000;mq;mq;mq;710.000000;1105.000000;mq;mq;3;6;480;mq;mq;mq;mq;mq;mq;mq;mq;mq;
07240;20110910210000;101150;120;0;230;2.100000;293.050000;289.250000;79;30000;2;1;1;25;2;3500;30;28;10;99850;mq;mq;mq;mq;mq;mq;mq;mq;mq;mq;mq;6.700000;-10;mq;mq;0.000000;-30;0.000000;0.000000;mq;mq;mq;710.000000;1107.000000;3100.000000;mq;2;3;3600;mq;mq;mq;mq;mq;mq;mq;mq;mq;
07255;20110910210000;101200;230;1;290;3.600000;296.350000;289.450000;65;20000;0;mq;mq;mq;mq;mq;mq;mq;mq;99300;mq;mq;mq;mq;mq;mq;mq;mq;mq;mq;mq;8.700000;-10;mq;mq;mq;mq;0.000000;0.000000;mq;mq;mq;710.000000;1109.000000;mq;mq;mq;mq;mq;mq;mq;mq;mq;mq;mq;mq;mq;mq;
07280;20110910210000;101190;190;1;190;4.100000;296.350000;289.450000;65;60000;0;mq;mq;mq;mq;mq;mq;mq;mq;98600;mq;mq;mq;mq;mq;mq;mq;mq;mq;mq;mq;7.200000;-10;mq;mq;mq;mq;0.000000;0.000000;mq;mq;mq;710.000000;1107.000000;mq;mq;mq;mq;mq;mq;mq;mq;mq;mq;mq;mq;mq;mq;
07299;20110910210000;101210;120;1;170;2.100000;293.550000;290.750000;84;50000;2;1;1;75;1;3500;30;23;12;98080;mq;mq;mq;mq;mq;mq;mq;mq;mq;mq;mq;3.600000;-10;mq;mq;0.000000;-30;0.000000;0.000000;mq;mq;mq;710.000000;1104.000000;3100.000000;mq;1;3;4800;6;0;7500;mq;mq;mq;mq;mq;mq;
07314;20110910210000;101370;110;1;230;5.100000;292.850000;290.650000;87;mq;mq;mq;mq;mq;mq;mq;mq;mq;mq;101100;mq;mq;mq;mq;mq;mq;mq;mq;mq;mq;mq;7.700000;-10;mq;mq;mq;mq;0.000000;0.000000;mq;mq;mq;710.000000;1108.000000;mq;mq;mq;mq;mq;mq;mq;mq;mq;mq;mq;mq;mq;mq;
07335;20110910210000;101330;130;2;230;3.100000;290.150000;288.650000;91;45000;0;mq;mq;mq;mq;mq;mq;mq;mq;99920;mq;mq;mq;mq;mq;mq;mq;mq;mq;mq;mq;4.100000;-10;mq;mq;mq;mq;0.000000;0.000000;mq;mq;mq;710.000000;1104.000000;mq;mq;mq;mq;mq;mq;mq;mq;mq;mq;mq;mq;mq;mq;
07434;20110910210000;101350;150;1;290;4.100000;292.250000;289.150000;82;55000;0;mq;mq;100;mq;mq;mq;mq;mq;96740;mq;mq;mq;mq;mq;mq;mq;mq;mq;mq;mq;6.700000;-10;mq;mq;mq;mq;0.000000;0.000000;mq;mq;mq;710.000000;1107.000000;mq;mq;mq;mq;mq;mq;mq;mq;mq;mq;mq;mq;mq;mq;
07460;20110910210000;101240;240;1;180;7.200000;296.350000;289.150000;64;50000;2;1;1;60;0;8000;30;20;12;97550;mq;mq;mq;mq;mq;mq;mq;mq;mq;mq;mq;12.900000;-10;mq;mq;0.000000;-30;0.000000;0.000000;mq;mq;mq;710.000000;1113.000000;3100.000000;mq;5;0;7500;mq;mq;mq;mq;mq;mq;mq;mq;mq;
07471;20110910210000;mq;180;1;310;1.500000;290.050000;287.550000;85;20000;0;mq;mq;mq;mq;mq;mq;mq;mq;92220;85000;17720;mq;mq;mq;mq;mq;mq;mq;mq;mq;5.100000;-10;mq;mq;mq;mq;0.000000;0.000000;mq;mq;mq;710.000000;1105.000000;mq;mq;mq;mq;mq;mq;mq;mq;mq;mq;mq;mq;mq;mq;
07481;20110910210000;101410;210;1;140;4.100000;297.050000;287.150000;54;30000;2;1;1;75;0;8000;30;20;12;98670;mq;mq;mq;mq;mq;mq;mq;mq;mq;mq;mq;8.700000;-10;mq;mq;0.000000;-30;0.000000;0.000000;mq;mq;mq;710.000000;1109.000000;3100.000000;mq;6;0;7500;mq;mq;mq;mq;mq;mq;mq;mq;mq;
07510;20110910210000;101470;230;1;260;1.500000;292.250000;291.050000;93;40000;2;1;1;50;1;3500;30;23;11;100840;mq;mq;mq;mq;mq;mq;mq;mq;mq;mq;mq;1.500000;-10;mq;mq;0.000000;-30;0.000000;0.000000;mq;mq;mq;710.000000;1102.000000;3100.000000;mq;1;3;4800;4;0;7800;mq;mq;mq;mq;mq;mq;
07535;20110910210000;101320;230;1;150;4.100000;297.250000;289.750000;63;mq;mq;mq;mq;mq;mq;mq;mq;mq;mq;98360;mq;mq;mq;mq;mq;mq;mq;mq;mq;mq;mq;7.700000;-10;mq;mq;mq;mq;0.000000;0.000000;mq;mq;mq;710.000000;1108.000000;mq;mq;mq;mq;mq;mq;mq;mq;mq;mq;mq;mq;mq;mq;
07558;20110910210000;101570;120;1;120;5.100000;292.150000;289.350000;84;mq;mq;mq;mq;mq;mq;mq;mq;mq;mq;93540;mq;mq;mq;mq;mq;mq;mq;mq;mq;mq;mq;8.700000;-10;mq;mq;mq;mq;0.000000;0.000000;mq;mq;mq;710.000000;1109.000000;mq;mq;mq;mq;mq;mq;mq;mq;mq;mq;mq;mq;mq;mq;
07577;20110910210000;101680;220;1;230;1.500000;294.650000;289.150000;71;mq;0;mq;mq;mq;mq;mq;mq;mq;mq;100820;mq;mq;mq;mq;mq;mq;mq;mq;mq;mq;mq;2.600000;-10;mq;mq;mq;mq;0.000000;0.000000;mq;mq;mq;710.000000;1103.000000;mq;mq;mq;mq;mq;mq;mq;mq;mq;mq;mq;mq;mq;mq;
07591;20110910210000;mq;210;1;310;0.500000;292.050000;285.350000;65;mq;0;mq;mq;mq;mq;mq;mq;mq;mq;91960;mq;mq;mq;mq;mq;mq;mq;mq;mq;mq;mq;1.500000;-10;mq;mq;mq;mq;0.000000;0.000000;mq;mq;mq;710.000000;1102.000000;mq;mq;mq;mq;mq;mq;mq;mq;mq;mq;mq;mq;mq;mq;
07607;20110910210000;101520;340;1;350;2.100000;293.650000;289.250000;76;60000;0;mq;mq;mq;mq;mq;mq;mq;mq;100830;mq;mq;mq;mq;mq;mq;mq;mq;mq;mq;mq;8.200000;-10;mq;mq;mq;mq;0.000000;0.000000;mq;mq;mq;710.000000;1108.000000;mq;mq;mq;mq;mq;mq;mq;mq;mq;mq;mq;mq;mq;mq;
07621;20110910210000;101590;440;1;260;2.600000;292.850000;288.950000;78;30000;2;1;1;10;0;8000;30;20;11;97410;mq;mq;mq;mq;mq;mq;mq;mq;mq;mq;mq;9.300000;-10;mq;mq;0.000000;-30;0.000000;0.000000;mq;mq;mq;710.000000;1109.000000;3100.000000;mq;1;0;7800;mq;mq;mq;mq;mq;mq;mq;mq;mq;
07627;20110910210000;101420;260;3;300;1.500000;292.350000;290.850000;91;mq;mq;mq;mq;mq;mq;mq;mq;mq;mq;96720;mq;mq;mq;mq;mq;mq;mq;mq;mq;mq;mq;1.500000;-10;mq;mq;mq;mq;0.000000;0.000000;mq;mq;mq;710.000000;1102.000000;mq;mq;mq;mq;mq;mq;mq;mq;mq;mq;mq;mq;mq;mq;
07630;20110910210000;101350;140;1;140;7.200000;296.750000;291.650000;73;20000;2;1;1;40;2;3500;30;28;12;99630;mq;mq;mq;mq;mq;mq;mq;mq;mq;mq;mq;13.400000;-10;mq;mq;0.000000;-30;0.000000;0.000000;mq;mq;mq;710.000000;1113.000000;3100.000000;mq;2;3;4200;mq;mq;mq;mq;mq;mq;mq;mq;mq;
07643;20110910210000;101690;130;1;90;2.600000;294.750000;293.250000;91;15000;2;1;1;40;3;450;35;20;10;101600;mq;mq;mq;mq;mq;mq;mq;mq;mq;mq;mq;3.600000;-10;mq;mq;mq;mq;0.000000;0.000000;mq;mq;mq;710.000000;1104.000000;mq;mq;2;6;480;mq;mq;mq;mq;mq;mq;mq;mq;mq;
07650;20110910210000;101700;170;1;180;1.000000;294.550000;292.650000;89;20000;2;1;1;10;1;450;31;20;10;101330;mq;mq;mq;mq;mq;mq;mq;mq;mq;mq;mq;4.600000;-10;mq;mq;mq;mq;0.000000;0.000000;mq;mq;mq;710.000000;1105.000000;mq;mq;1;8;330;mq;mq;mq;mq;mq;mq;mq;mq;mq;
07661;20110910210000;101730;130;1;140;3.100000;294.150000;292.250000;89;mq;mq;mq;mq;mq;mq;mq;mq;mq;mq;100180;mq;mq;mq;mq;mq;mq;mq;mq;mq;mq;mq;4.600000;-10;mq;mq;mq;mq;0.000000;0.000000;mq;mq;mq;710.000000;1105.000000;mq;mq;mq;mq;mq;mq;mq;mq;mq;mq;mq;mq;mq;mq;
07690;20110910210000;101760;110;1;290;1.500000;296.250000;292.650000;80;20000;2;1;1;75;6;450;35;20;10;101440;mq;mq;mq;mq;mq;mq;mq;mq;mq;mq;mq;2.600000;-10;mq;mq;0.000000;-30;0.000000;0.000000;mq;mq;mq;710.000000;1103.000000;3100.000000;mq;6;6;540;mq;mq;mq;mq;mq;mq;mq;mq;mq;
07747;20110910210000;101380;100;1;340;2.600000;295.950000;294.750000;93;14000;0;mq;mq;mq;mq;mq;mq;mq;mq;100870;mq;mq;mq;mq;mq;mq;mq;mq;mq;mq;mq;3.600000;-10;mq;mq;mq;mq;0.000000;0.000000;mq;mq;mq;710.000000;1104.000000;mq;mq;mq;mq;mq;mq;mq;mq;mq;mq;mq;mq;mq;mq;
07761;20110910210000;101680;110;1;50;2.600000;293.050000;290.250000;84;20000;2;1;1;10;0;mq;30;20;11;101570;mq;mq;mq;mq;mq;mq;mq;mq;mq;mq;mq;3.600000;-10;mq;mq;0.000000;-30;0.000000;0.000000;mq;mq;mq;710.000000;1104.000000;3100.000000;mq;1;0;7800;mq;mq;mq;mq;mq;mq;mq;mq;mq;
07790;20110910210000;101680;90;1;200;1.500000;293.150000;291.950000;93;10000;2;1;1;0;mq;mq;mq;mq;mq;101540;mq;mq;mq;mq;mq;mq;mq;mq;mq;mq;mq;1.500000;-10;mq;mq;0.000000;-30;0.000000;0.000000;mq;mq;mq;710.000000;1102.000000;3100.000000;mq;mq;mq;mq;mq;mq;mq;mq;mq;mq;mq;mq;mq;
61970;20110910210000;102100;mq;mq;mq;mq;297.050000;293.750000;82;mq;mq;mq;mq;mq;mq;mq;mq;mq;mq;mq;mq;mq;200;mq;mq;mq;mq;mq;mq;mq;mq;mq;mq;mq;mq;mq;mq;0.000000;0.000000;mq;mq;mq;mq;mq;mq;mq;mq;mq;mq;mq;mq;mq;mq;mq;mq;mq;mq;mq;
61972;20110910210000;102170;mq;mq;160;3.100000;294.250000;293.550000;96;mq;mq;mq;mq;mq;mq;mq;mq;mq;mq;mq;mq;mq;140;mq;mq;mq;mq;mq;mq;mq;mq;5.700000;-10;mq;mq;mq;mq;0.000000;0.200000;mq;mq;mq;710.000000;1106.000000;mq;mq;mq;mq;mq;mq;mq;mq;mq;mq;mq;mq;mq;mq;
61980;20110910210000;102500;mq;mq;130;5.700000;293.150000;287.950000;72;60000;0;mq;mq;mq;mq;1750;mq;mq;mq;mq;mq;mq;210;mq;mq;mq;mq;mq;mq;mq;mq;9.300000;-10;mq;mq;mq;mq;0.000000;0.000000;mq;mq;mq;710.000000;1109.000000;mq;mq;mq;mq;mq;mq;mq;mq;mq;mq;mq;mq;mq;mq;
61996;20110910210000;mq;mq;mq;mq;mq;280.050000;mq;mq;mq;mq;mq;mq;mq;mq;mq;mq;mq;mq;mq;mq;mq;1140;mq;mq;mq;mq;mq;mq;mq;mq;mq;mq;mq;mq;mq;mq;0.000000;1.000000;mq;mq;mq;mq;mq;mq;mq;mq;mq;mq;mq;mq;mq;mq;mq;mq;mq;mq;mq;
61997;20110910210000;101880;mq;mq;350;15.900000;275.350000;273.250000;86;mq;mq;mq;mq;mq;mq;mq;mq;mq;mq;mq;mq;mq;mq;mq;mq;mq;mq;mq;mq;mq;mq;mq;mq;mq;mq;mq;mq;mq;0.000000;mq;mq;mq;mq;mq;mq;mq;mq;mq;mq;mq;mq;mq;mq;mq;mq;mq;mq;mq;
61998;20110910210000;101590;mq;mq;230;13.900000;274.250000;271.550000;82;mq;mq;mq;mq;mq;mq;mq;mq;mq;mq;mq;mq;mq;1260;mq;mq;mq;mq;mq;mq;mq;mq;18.500000;-10;mq;mq;mq;mq;0.000000;0.000000;mq;mq;mq;710.000000;1119.000000;mq;mq;mq;mq;mq;mq;mq;mq;mq;mq;mq;mq;mq;mq;
67005;20110910210000;101900;mq;mq;30;1.000000;295.550000;293.050000;86;mq;0;mq;mq;mq;mq;mq;mq;mq;mq;mq;mq;mq;80;mq;mq;mq;mq;mq;mq;mq;mq;2.100000;-10;mq;mq;mq;mq;0.000000;0.000000;mq;mq;mq;710.000000;1102.000000;mq;mq;mq;mq;mq;mq;mq;mq;mq;mq;mq;mq;mq;mq;
71805;20110910210000;100650;330;1;30;6.200000;286.250000;281.750000;74;20000;2;1;1;75;6;800;35;20;10;100570;mq;mq;mq;mq;mq;mq;mq;mq;mq;mq;mq;8.700000;-10;mq;mq;0.000000;-30;0.000000;0.000000;mq;mq;mq;710.000000;1109.000000;3100.000000;mq;2;6;600;6;6;1380;mq;mq;mq;mq;mq;mq;
78897;20110910210000;100780;-10;5;170;6.700000;303.050000;296.550000;68;35000;2;1;1;90;2;800;38;20;11;mq;mq;mq;mq;mq;mq;mq;mq;mq;mq;mq;mq;mq;mq;mq;mq;mq;mq;mq;mq;mq;mq;mq;mq;mq;mq;mq;1;8;900;7;0;7800;mq;mq;mq;mq;mq;mq;
78922;20110910210000;100930;50;3;230;4.100000;300.950000;297.150000;80;mq;mq;mq;mq;mq;mq;mq;mq;mq;mq;100490;mq;mq;mq;mq;mq;mq;mq;mq;mq;mq;mq;mq;mq;mq;mq;mq;mq;mq;mq;mq;mq;mq;mq;mq;mq;mq;mq;mq;mq;mq;mq;mq;mq;mq;mq;mq;mq;mq;
78925;20110910210000;100930;20;3;140;2.100000;299.750000;298.850000;95;18000;29;9;8;100;5;800;39;20;17;mq;mq;mq;70;mq;mq;mq;mq;mq;mq;mq;mq;mq;mq;mq;mq;mq;mq;mq;mq;mq;mq;mq;mq;mq;mq;mq;2;9;780;5;6;1800;8;2;8400;mq;mq;mq;
81401;20110910210000;101070;mq;mq;70;1.500000;301.250000;295.950000;73;mq;mq;mq;mq;mq;mq;mq;mq;mq;mq;101010;mq;mq;mq;mq;mq;mq;mq;mq;mq;mq;mq;mq;mq;mq;mq;mq;mq;mq;0.000000;mq;mq;mq;mq;mq;mq;mq;mq;mq;mq;mq;mq;mq;mq;mq;mq;mq;mq;mq;
81405;20110910210000;101210;mq;mq;90;3.100000;300.450000;296.650000;80;10000;2;1;1;90;3;450;38;27;10;101120;mq;mq;mq;mq;mq;mq;mq;mq;mq;mq;mq;mq;mq;mq;mq;mq;mq;mq;0.000000;mq;mq;mq;mq;mq;mq;mq;mq;mq;mq;mq;mq;mq;mq;mq;mq;mq;mq;mq;
81408;20110910210000;101250;mq;mq;170;0.500000;297.150000;295.950000;93;mq;mq;mq;mq;mq;mq;mq;mq;mq;mq;101170;mq;mq;mq;mq;mq;mq;mq;mq;mq;mq;mq;mq;mq;mq;mq;mq;mq;mq;2.000000;mq;mq;mq;mq;mq;mq;mq;mq;mq;mq;mq;mq;mq;mq;mq;mq;mq;mq;mq;
89642;20110910210000;99440;150;1;160;10.800000;256.150000;250.050000;56;mq;mq;mq;mq;mq;mq;mq;mq;mq;mq;98870;mq;mq;mq;mq;mq;mq;mq;mq;mq;mq;mq;mq;mq;mq;mq;mq;mq;mq;mq;mq;mq;mq;mq;mq;mq;mq;mq;mq;mq;mq;mq;mq;mq;mq;mq;mq;mq;mq;
07005;20110911000000;100900;20;2;200;3.600000;289.350000;288.250000;93;mq;mq;mq;mq;mq;mq;mq;mq;mq;mq;100030;mq;mq;mq;mq;mq;mq;mq;mq;mq;mq;mq;5.100000;-10;mq;mq;mq;mq;0.000000;0.000000;0.800000;mq;mq;710.000000;1105.000000;mq;mq;mq;mq;mq;mq;mq;mq;mq;mq;mq;mq;mq;mq;
07015;20110911000000;100900;170;1;250;4.600000;291.150000;288.250000;83;30000;2;1;1;90;7;1250;35;61;60;100350;mq;mq;mq;mq;mq;mq;mq;mq;mq;mq;mq;8.200000;-10;mq;mq;0.000000;-60;0.000000;0.000000;0.000000;mq;mq;710.000000;1108.000000;3100.000000;mq;7;6;1080;mq;mq;mq;mq;mq;mq;mq;mq;mq;
07020;20110911000000;100660;-60;8;190;9.300000;290.050000;288.250000;89;14000;60;6;1;100;8;1250;35;61;60;100400;mq;mq;mq;mq;mq;mq;mq;mq;mq;mq;14.900000;15.400000;-10;mq;mq;mq;mq;0.200000;0.200000;0.200000;mq;mq;1015.000000;710.000000;1115.000000;mq;8;6;990;mq;mq;mq;mq;mq;mq;mq;mq;mq;
07027;20110911000000;100910;20;1;180;4.600000;288.950000;287.150000;89;50000;0;mq;mq;75;mq;mq;mq;mq;mq;100120;mq;mq;mq;mq;mq;mq;mq;mq;mq;mq;mq;7.700000;-10;mq;mq;mq;mq;0.000000;0.000000;0.200000;mq;mq;710.000000;1108.000000;mq;mq;mq;mq;mq;mq;mq;mq;mq;mq;mq;mq;mq;mq;
07037;20110911000000;101040;120;1;210;6.700000;288.350000;287.550000;95;45000;0;mq;mq;mq;mq;mq;mq;mq;mq;99250;mq;mq;mq;mq;mq;mq;mq;mq;mq;mq;mq;8.700000;-10;mq;mq;mq;mq;0.000000;0.000000;0.400000;mq;mq;710.000000;1109.000000;mq;mq;mq;mq;mq;mq;mq;mq;mq;mq;mq;mq;mq;mq;
07110;20110911000000;100700;20;3;210;8.700000;288.250000;287.150000;93;12000;25;8;6;75;6;800;38;23;60;99580;mq;mq;mq;mq;mq;mq;mq;mq;mq;mq;mq;15.400000;-10;mq;mq;mq;mq;0.600000;8.000000;8.000000;mq;mq;710.000000;1115.000000;mq;mq;6;6;600;5;3;2400;mq;mq;mq;mq;mq;mq;
07117;20110911000000;100610;-50;6;240;6.200000;288.150000;286.850000;92;10000;63;6;2;100;4;450;37;22;60;99930;mq;mq;mq;mq;mq;mq;mq;mq;mq;mq;mq;11.800000;-10;mq;mq;mq;mq;5.000000;6.000000;6.000000;mq;mq;710.000000;1112.000000;2427.000000;mq;mq;mq;mq;mq;mq;mq;mq;mq;mq;mq;mq;mq;
07130;20110911000000;101010;-40;8;180;6.200000;289.950000;288.650000;92;15000;0;mq;mq;100;mq;450;mq;mq;mq;100500;mq;mq;mq;mq;mq;mq;mq;mq;mq;mq;mq;10.300000;-10;mq;mq;mq;mq;0.000000;0.000000;0.000000;mq;mq;710.000000;1110.000000;mq;mq;mq;mq;mq;mq;mq;mq;mq;mq;mq;mq;mq;mq;
07139;20110911000000;101130;50;2;200;3.600000;288.950000;287.150000;89;mq;mq;mq;mq;mq;mq;mq;mq;mq;mq;99440;mq;mq;mq;mq;mq;mq;mq;mq;mq;mq;mq;8.200000;-10;mq;mq;mq;mq;0.000000;0.000000;0.200000;mq;mq;710.000000;1108.000000;mq;mq;mq;mq;mq;mq;mq;mq;mq;mq;mq;mq;mq;mq;
07149;20110911000000;101150;150;3;250;4.600000;291.850000;289.450000;86;25000;2;1;1;10;1;3500;30;23;10;100100;mq;mq;mq;mq;mq;mq;mq;mq;mq;mq;mq;7.200000;-10;mq;mq;0.000000;-60;0.000000;0.000000;0.000000;mq;mq;710.000000;1107.000000;3100.000000;mq;1;3;3300;mq;mq;mq;mq;mq;mq;mq;mq;mq;
07168;20110911000000;101190;160;1;160;2.100000;293.350000;288.550000;74;20000;0;mq;mq;mq;mq;mq;mq;mq;mq;99820;mq;mq;mq;mq;mq;mq;mq;mq;mq;mq;mq;5.100000;-10;mq;mq;mq;mq;0.000000;0.000000;0.000000;mq;mq;710.000000;1105.000000;mq;mq;mq;mq;mq;mq;mq;mq;mq;mq;mq;mq;mq;mq;
07181;20110911000000;101180;150;2;210;5.700000;294.950000;289.850000;73;60000;0;mq;mq;90;mq;mq;mq;mq;mq;97280;mq;mq;mq;mq;mq;mq;mq;mq;mq;mq;mq;8.700000;-10;mq;mq;mq;mq;0.000000;0.000000;0.000000;mq;mq;710.000000;1109.000000;mq;mq;mq;mq;mq;mq;mq;mq;mq;mq;mq;mq;mq;mq;
07190;20110911000000;101210;90;2;160;2.600000;290.650000;288.450000;87;55000;0;mq;mq;mq;mq;mq;mq;mq;mq;99450;mq;mq;mq;mq;mq;mq;mq;mq;mq;mq;mq;5.700000;-10;mq;mq;mq;mq;0.000000;0.000000;0.000000;mq;mq;710.000000;1106.000000;mq;mq;mq;mq;mq;mq;mq;mq;mq;mq;mq;mq;mq;mq;
07207;20110911000000;mq;mq;mq;240;9.300000;291.350000;289.350000;88;8000;2;1;1;75;6;800;38;20;10;mq;mq;mq;mq;mq;mq;mq;mq;mq;mq;mq;14.900000;15.900000;-10;mq;mq;mq;mq;0.000000;0.000000;0.000000;mq;mq;1015.000000;710.000000;1116.000000;2446.000000;mq;mq;mq;mq;mq;mq;mq;mq;mq;mq;mq;mq;
07222;20110911000000;101200;10;0;200;3.600000;289.450000;288.850000;96;11000;0;mq;mq;mq;mq;mq;mq;mq;mq;100890;mq;mq;mq;mq;mq;mq;mq;mq;mq;mq;mq;6.200000;-10;mq;mq;mq;mq;0.000000;0.200000;0.200000;mq;mq;710.000000;1106.000000;mq;mq;mq;mq;mq;mq;mq;mq;mq;mq;mq;mq;mq;mq;
07240;20110911000000;101330;170;1;240;3.600000;290.650000;288.050000;85;30000;2;1;1;25;2;800;35;20;10;100020;mq;mq;mq;mq;mq;mq;mq;mq;mq;mq;mq;7.700000;-10;mq;mq;0.000000;-60;0.000000;0.000000;0.000000;mq;mq;710.000000;1108.000000;3100.000000;mq;2;6;780;mq;mq;mq;mq;mq;mq;mq;mq;mq;
07255;20110911000000;101370;130;1;190;2.600000;291.050000;288.450000;85;20000;0;mq;mq;mq;mq;mq;mq;mq;mq;99430;mq;mq;mq;mq;mq;mq;mq;mq;mq;mq;mq;3.600000;-10;mq;mq;mq;mq;0.000000;0.000000;0.000000;mq;mq;710.000000;1104.000000;mq;mq;mq;mq;mq;mq;mq;mq;mq;mq;mq;mq;mq;mq;
07280;20110911000000;101340;130;1;180;2.600000;294.050000;288.550000;71;50000;0;mq;mq;90;mq;mq;mq;mq;mq;98730;mq;mq;mq;mq;mq;mq;mq;mq;mq;mq;mq;5.700000;-10;mq;mq;mq;mq;0.000000;0.000000;0.000000;mq;mq;710.000000;1106.000000;mq;mq;mq;mq;mq;mq;mq;mq;mq;mq;mq;mq;mq;mq;
07299;20110911000000;101370;130;1;180;2.600000;291.550000;288.450000;82;50000;0;mq;mq;mq;mq;mq;mq;mq;mq;98210;mq;mq;mq;mq;mq;mq;mq;mq;mq;mq;mq;4.600000;-10;mq;mq;mq;mq;0.000000;0.000000;0.000000;mq;mq;710.000000;1105.000000;mq;mq;mq;mq;mq;mq;mq;mq;mq;mq;mq;mq;mq;mq;
07314;20110911000000;101410;40;0;220;6.200000;293.150000;290.150000;83;22000;2;1;1;40;3;450;32;20;12;101140;mq;mq;mq;mq;mq;mq;mq;mq;mq;mq;mq;9.800000;-10;mq;mq;mq;mq;0.000000;0.000000;0.000000;mq;mq;710.000000;1110.000000;2428.000000;mq;3;8;300;mq;mq;mq;mq;mq;mq;mq;mq;mq;
07335;20110911000000;101440;110;3;240;3.100000;290.650000;289.550000;93;35000;0;mq;mq;mq;mq;450;mq;mq;mq;100030;mq;mq;mq;mq;mq;mq;mq;mq;mq;mq;mq;5.100000;-10;mq;mq;mq;mq;0.000000;0.000000;0.000000;mq;mq;710.000000;1105.000000;mq;mq;mq;mq;mq;mq;mq;mq;mq;mq;mq;mq;mq;mq;
07434;20110911000000;101450;70;0;210;1.500000;290.550000;288.850000;90;45000;0;mq;mq;90;mq;1250;mq;mq;mq;96810;mq;mq;mq;mq;mq;mq;mq;mq;mq;mq;mq;3.600000;-10;mq;mq;mq;mq;0.000000;0.000000;0.000000;mq;mq;710.000000;1104.000000;mq;mq;mq;mq;mq;mq;mq;mq;mq;mq;mq;mq;mq;mq;
07460;20110911000000;101370;90;2;210;4.100000;294.050000;288.550000;71;50000;2;1;1;60;2;3500;30;23;11;97640;mq;mq;mq;mq;mq;mq;mq;mq;mq;mq;mq;12.300000;-10;mq;mq;0.000000;-60;0.000000;0.000000;0.000000;mq;mq;710.000000;1112.000000;3100.000000;mq;2;3;4800;4;0;7500;mq;mq;mq;mq;mq;mq;
07471;20110911000000;mq;20;0;210;0.500000;289.450000;283.350000;67;20000;0;mq;mq;mq;mq;mq;mq;mq;mq;92240;85000;17740;mq;mq;mq;mq;mq;mq;mq;mq;mq;4.600000;-10;mq;mq;mq;mq;0.000000;0.000000;0.000000;mq;mq;710.000000;1105.000000;mq;mq;mq;mq;mq;mq;mq;mq;mq;mq;mq;mq;mq;mq;
07481;20110911000000;101460;40;0;150;7.200000;295.550000;287.150000;59;30000;2;1;1;40;0;8000;30;20;12;98710;mq;mq;mq;mq;mq;mq;mq;mq;mq;mq;mq;10.800000;-10;mq;mq;0.000000;-60;0.000000;0.000000;0.000000;mq;mq;710.000000;1111.000000;3100.000000;mq;3;0;7500;mq;mq;mq;mq;mq;mq;mq;mq;mq;
07510;20110911000000;101540;70;3;220;1.500000;291.550000;291.050000;97;40000;2;1;1;75;2;1750;35;23;11;100910;mq;mq;mq;mq;mq;mq;mq;mq;mq;mq;mq;2.600000;-10;mq;mq;0.000000;-60;0.000000;0.000000;0.000000;mq;mq;710.000000;1103.000000;3100.000000;mq;4;6;1800;4;3;4500;mq;mq;mq;mq;mq;mq;
07535;20110911000000;101470;120;0;150;1.500000;294.550000;290.150000;76;mq;mq;mq;mq;mq;mq;mq;mq;mq;mq;98480;mq;mq;mq;mq;mq;mq;mq;mq;mq;mq;mq;3.600000;-10;mq;mq;mq;mq;0.000000;0.000000;0.000000;mq;mq;710.000000;1104.000000;mq;mq;mq;mq;mq;mq;mq;mq;mq;mq;mq;mq;mq;mq;
07558;20110911000000;101650;50;3;130;3.600000;291.350000;288.950000;86;mq;mq;mq;mq;mq;mq;mq;mq;mq;mq;93590;mq;mq;mq;mq;mq;mq;mq;mq;mq;mq;mq;8.700000;-10;mq;mq;mq;mq;0.000000;0.000000;0.000000;mq;mq;710.000000;1109.000000;mq;mq;mq;mq;mq;mq;mq;mq;mq;mq;mq;mq;mq;mq;
07577;20110911000000;101730;40;1;170;2.100000;293.050000;291.050000;88;20000;0;mq;mq;mq;mq;mq;mq;mq;mq;100860;mq;mq;mq;mq;mq;mq;mq;mq;mq;mq;mq;3.100000;-10;mq;mq;mq;mq;0.000000;0.000000;0.000000;mq;mq;710.000000;1103.000000;mq;mq;mq;mq;mq;mq;mq;mq;mq;mq;mq;mq;mq;mq;
07591;20110911000000;mq;80;1;20;0.500000;289.250000;284.450000;73;mq;0;mq;mq;mq;mq;mq;mq;mq;mq;92040;mq;mq;mq;mq;mq;mq;mq;mq;mq;mq;mq;2.600000;-10;mq;mq;mq;mq;0.000000;0.000000;0.000000;mq;mq;710.000000;1103.000000;mq;mq;mq;mq;mq;mq;mq;mq;mq;mq;mq;mq;mq;mq;
07607;20110911000000;101560;40;1;250;1.500000;292.550000;289.750000;84;9000;0;mq;mq;mq;mq;mq;mq;mq;mq;100870;mq;mq;mq;mq;mq;mq;mq;mq;mq;mq;mq;3.100000;-10;mq;mq;mq;mq;0.000000;0.000000;0.000000;mq;mq;710.000000;1103.000000;mq;mq;mq;mq;mq;mq;mq;mq;mq;mq;mq;mq;mq;mq;
07621;20110911000000;101600;-30;8;210;2.100000;289.850000;288.250000;90;30000;2;1;1;75;1;1250;35;20;12;97380;mq;mq;mq;mq;mq;mq;mq;mq;mq;mq;mq;4.600000;-10;mq;mq;0.000000;-60;0.000000;0.000000;0.000000;mq;mq;710.000000;1105.000000;3100.000000;mq;1;6;990;6;0;7800;mq;mq;mq;mq;mq;mq;
07627;20110911000000;101530;110;1;190;0.500000;292.250000;290.050000;87;mq;mq;mq;mq;mq;mq;mq;mq;mq;mq;96830;mq;mq;mq;mq;mq;mq;mq;mq;mq;mq;mq;2.600000;-10;mq;mq;mq;mq;0.000000;0.000000;0.000000;mq;mq;710.000000;1103.000000;mq;mq;mq;mq;mq;mq;mq;mq;mq;mq;mq;mq;mq;mq;
07630;20110911000000;101460;110;1;150;4.100000;296.150000;293.150000;83;24000;0;mq;mq;100;mq;450;mq;mq;mq;99740;mq;mq;mq;mq;mq;mq;mq;mq;mq;mq;mq;7.200000;-10;mq;mq;mq;mq;0.000000;0.000000;0.000000;mq;mq;710.000000;1107.000000;mq;mq;mq;mq;mq;mq;mq;mq;mq;mq;mq;mq;mq;mq;
07643;20110911000000;101710;20;1;40;2.600000;293.150000;291.650000;91;10000;2;1;1;25;2;800;35;20;10;101620;mq;mq;mq;mq;mq;mq;mq;mq;mq;mq;mq;4.600000;-10;mq;mq;mq;mq;0.000000;0.000000;0.000000;mq;mq;710.000000;1105.000000;mq;mq;2;6;600;mq;mq;mq;mq;mq;mq;mq;mq;mq;
07650;20110911000000;101720;10;1;140;1.000000;292.850000;290.850000;88;10000;0;mq;mq;mq;mq;mq;mq;mq;mq;101340;mq;mq;mq;mq;mq;mq;mq;mq;mq;mq;mq;2.600000;-10;mq;mq;mq;mq;0.000000;0.000000;0.000000;mq;mq;710.000000;1103.000000;mq;mq;mq;mq;mq;mq;mq;mq;mq;mq;mq;mq;mq;mq;
07661;20110911000000;101740;0;0;120;5.100000;292.750000;291.750000;94;mq;mq;mq;mq;mq;mq;mq;mq;mq;mq;100180;mq;mq;mq;mq;mq;mq;mq;mq;mq;mq;mq;6.700000;-10;mq;mq;mq;mq;0.000000;0.000000;0.000000;mq;mq;710.000000;1107.000000;mq;mq;mq;mq;mq;mq;mq;mq;mq;mq;mq;mq;mq;mq;
07690;20110911000000;101780;10;0;330;2.100000;295.250000;291.250000;78;20000;2;1;1;25;1;800;35;20;11;101450;mq;mq;mq;mq;mq;mq;mq;mq;mq;mq;mq;3.600000;-10;mq;mq;0.000000;-60;0.000000;0.000000;0.000000;mq;mq;710.000000;1104.000000;3100.000000;mq;1;6;600;mq;mq;mq;mq;mq;mq;mq;mq;mq;
07747;20110911000000;101450;70;1;340;1.500000;296.050000;293.550000;86;27000;0;mq;mq;mq;mq;mq;mq;mq;mq;100940;mq;mq;mq;mq;mq;mq;mq;mq;mq;mq;mq;4.600000;-10;mq;mq;mq;mq;0.000000;0.000000;0.000000;mq;mq;710.000000;1105.000000;mq;mq;mq;mq;mq;mq;mq;mq;mq;mq;mq;mq;mq;mq;
07761;20110911000000;101700;20;0;60;3.100000;291.250000;288.350000;83;20000;2;1;1;10;0;mq;30;20;11;101590;mq;mq;mq;mq;mq;mq;mq;mq;mq;mq;mq;4.100000;-10;mq;mq;0.000000;-60;0.000000;0.000000;0.000000;mq;mq;710.000000;1104.000000;3100.000000;mq;1;0;7800;mq;mq;mq;mq;mq;mq;mq;mq;mq;
07790;20110911000000;101700;20;1;200;1.500000;292.350000;291.150000;93;13000;0;mq;mq;mq;mq;mq;mq;mq;mq;101560;mq;mq;mq;mq;mq;mq;mq;mq;mq;mq;mq;2.100000;-10;mq;mq;mq;mq;0.000000;0.000000;0.000000;mq;mq;710.000000;1102.000000;mq;mq;mq;mq;mq;mq;mq;mq;mq;mq;mq;mq;mq;mq;
61968;20110911000000;101730;mq;mq;100;4.600000;297.350000;290.150000;64;mq;mq;mq;mq;mq;mq;mq;mq;mq;mq;mq;mq;mq;60;mq;mq;mq;mq;mq;mq;mq;mq;10.800000;-10;mq;mq;mq;mq;0.000000;mq;0.000000;mq;mq;710.000000;1111.000000;mq;mq;mq;mq;mq;mq;mq;mq;mq;mq;mq;mq;mq;mq;
61970;20110911000000;101970;mq;mq;mq;mq;296.350000;294.250000;88;mq;mq;mq;mq;mq;mq;mq;mq;mq;mq;mq;mq;mq;190;mq;mq;mq;mq;mq;mq;mq;mq;mq;mq;mq;mq;mq;mq;0.000000;mq;0.000000;mq;mq;mq;mq;mq;mq;mq;mq;mq;mq;mq;mq;mq;mq;mq;mq;mq;mq;
61972;20110911000000;102030;mq;mq;160;4.100000;294.550000;293.550000;94;mq;mq;mq;mq;mq;mq;mq;mq;mq;mq;mq;mq;mq;60;mq;mq;mq;mq;mq;mq;mq;mq;7.200000;-10;mq;mq;mq;mq;0.000000;mq;0.200000;mq;mq;710.000000;1107.000000;mq;mq;mq;mq;mq;mq;mq;mq;mq;mq;mq;mq;mq;mq;
61980;20110911000000;102390;mq;mq;140;5.100000;292.950000;287.950000;73;10000;2;1;1;25;2;800;38;20;10;mq;mq;mq;190;mq;mq;mq;mq;mq;mq;mq;mq;8.200000;-10;mq;mq;mq;mq;0.000000;mq;0.000000;mq;mq;710.000000;1108.000000;mq;mq;1;8;690;mq;mq;mq;mq;mq;mq;mq;mq;mq;
61996;20110911000000;mq;mq;mq;mq;mq;279.050000;mq;mq;mq;mq;mq;mq;mq;mq;mq;mq;mq;mq;mq;mq;mq;1600;mq;mq;mq;mq;mq;mq;mq;mq;mq;mq;mq;mq;mq;mq;2.000000;mq;3.000000;mq;mq;mq;mq;mq;mq;mq;mq;mq;mq;mq;mq;mq;mq;mq;mq;mq;mq;
61997;20110911000000;100990;mq;mq;350;18.500000;275.750000;275.150000;96;mq;mq;mq;mq;mq;mq;mq;mq;mq;mq;mq;mq;mq;mq;mq;mq;mq;mq;mq;mq;mq;mq;28.300000;-60;mq;mq;mq;mq;mq;mq;3.000000;mq;mq;1128.000000;mq;mq;mq;mq;mq;mq;mq;mq;mq;mq;mq;mq;mq;mq;mq;
61998;20110911000000;101740;mq;mq;250;9.300000;274.650000;271.250000;78;20000;0;mq;mq;75;6;800;35;20;10;mq;mq;mq;1200;mq;mq;mq;mq;mq;mq;mq;mq;12.900000;-10;mq;mq;mq;mq;0.000000;mq;0.000000;mq;mq;710.000000;1113.000000;mq;mq;6;6;900;mq;mq;mq;mq;mq;mq;mq;mq;mq;
67005;20110911000000;101820;mq;mq;0;0.000000;294.350000;292.450000;89;mq;0;mq;mq;mq;mq;mq;mq;mq;mq;mq;mq;mq;110;mq;mq;mq;mq;mq;mq;mq;mq;1.500000;-10;mq;mq;mq;mq;0.000000;mq;0.000000;mq;mq;710.000000;1102.000000;mq;mq;mq;mq;mq;mq;mq;mq;mq;mq;mq;mq;mq;mq;
71805;20110911000000;100990;340;1;40;6.200000;285.150000;281.250000;77;45000;0;mq;mq;mq;mq;800;mq;mq;mq;100910;mq;mq;mq;mq;mq;mq;mq;mq;mq;mq;mq;8.200000;-10;mq;mq;mq;mq;0.000000;0.000000;0.000000;mq;mq;710.000000;1108.000000;mq;mq;mq;mq;mq;mq;mq;mq;mq;mq;mq;mq;mq;mq;
78897;20110911000000;101010;230;1;170;5.100000;299.850000;297.350000;86;25000;2;1;1;90;5;450;39;20;12;mq;mq;mq;mq;298.050000;mq;304.350000;mq;mq;mq;mq;mq;mq;mq;mq;mq;mq;mq;mq;mq;0.000000;mq;2.000000;mq;mq;mq;mq;1;9;540;3;8;690;7;0;7800;mq;mq;mq;
78922;20110911000000;101060;130;3;190;7.200000;300.950000;298.350000;86;mq;mq;mq;mq;mq;mq;mq;mq;mq;mq;100620;mq;mq;mq;mq;mq;mq;mq;mq;mq;mq;mq;mq;mq;mq;mq;mq;mq;mq;mq;mq;mq;mq;mq;mq;mq;mq;mq;mq;mq;mq;mq;mq;mq;mq;mq;mq;mq;mq;
78925;20110911000000;101060;130;1;170;3.100000;299.850000;298.950000;95;18000;1;9;8;100;5;800;39;23;17;mq;mq;mq;230;296.350000;mq;304.250000;mq;mq;mq;mq;mq;mq;mq;mq;mq;mq;mq;mq;mq;2.000000;mq;2.400000;mq;mq;mq;mq;1;8;780;5;6;2100;8;2;8400;mq;mq;mq;
81401;20110911000000;101290;mq;mq;70;1.000000;298.350000;295.650000;85;mq;mq;mq;mq;mq;mq;mq;mq;mq;mq;101230;mq;mq;mq;mq;mq;304.950000;mq;mq;mq;mq;mq;mq;mq;mq;mq;mq;mq;mq;0.000000;0.000000;mq;mq;mq;mq;mq;mq;mq;mq;mq;mq;mq;mq;mq;mq;mq;mq;mq;mq;
81405;20110911000000;101330;mq;mq;70;1.000000;297.950000;296.550000;92;60000;0;mq;mq;mq;mq;mq;mq;mq;mq;101240;mq;mq;mq;mq;mq;301.850000;mq;mq;mq;mq;mq;mq;mq;mq;mq;mq;mq;mq;0.000000;0.000000;mq;mq;mq;mq;mq;mq;mq;mq;mq;mq;mq;mq;mq;mq;mq;mq;mq;mq;
81408;20110911000000;101360;mq;mq;0;0.000000;295.650000;295.150000;97;mq;mq;mq;mq;mq;mq;mq;mq;mq;mq;101280;mq;mq;mq;mq;mq;299.850000;mq;mq;mq;mq;mq;mq;mq;mq;mq;mq;mq;mq;0.000000;2.000000;mq;mq;mq;mq;mq;mq;mq;mq;mq;mq;mq;mq;mq;mq;mq;mq;mq;mq;
89642;20110911000000;99490;50;1;160;11.300000;256.650000;250.350000;55;30000;2;1;1;100;7;1250;35;61;60;98920;mq;mq;mq;255.450000;mq;257.050000;mq;mq;mq;mq;mq;18.500000;-60;mq;mq;mq;mq;mq;mq;mq;mq;mq;1119.000000;mq;mq;mq;7;6;1080;mq;mq;mq;mq;mq;mq;mq;mq;mq;
07005;20110911030000;100900;0;0;160;4.100000;288.650000;287.050000;90;mq;mq;mq;mq;mq;mq;mq;mq;mq;mq;100030;mq;mq;mq;mq;mq;mq;mq;mq;mq;mq;mq;7.200000;-10;mq;mq;mq;mq;0.000000;0.000000;mq;mq;mq;710.000000;1107.000000;mq;mq;mq;mq;mq;mq;mq;mq;mq;mq;mq;mq;mq;mq;
07015;20110911030000;100930;30;2;200;2.600000;289.350000;287.050000;86;50000;0;mq;mq;90;0;8000;30;20;12;100380;mq;mq;mq;mq;mq;mq;mq;mq;mq;mq;mq;5.100000;-10;mq;mq;0.000000;-30;0.000000;0.000000;mq;mq;mq;710.000000;1105.000000;3100.000000;mq;7;0;7800;mq;mq;mq;mq;mq;mq;mq;mq;mq;
07020;20110911030000;100670;10;3;230;12.300000;288.250000;286.650000;90;mq;mq;mq;mq;mq;mq;mq;mq;mq;mq;100410;mq;mq;mq;mq;mq;mq;mq;mq;mq;mq;mq;19.000000;-10;mq;mq;mq;mq;0.600000;3.000000;mq;mq;mq;710.000000;1119.000000;mq;mq;mq;mq;mq;mq;mq;mq;mq;mq;mq;mq;mq;mq;
07027;20110911030000;100880;-30;5;180;7.200000;289.250000;287.750000;91;16000;0;mq;mq;100;mq;800;mq;mq;mq;100090;mq;mq;mq;mq;mq;mq;mq;mq;mq;mq;mq;11.300000;-10;mq;mq;mq;mq;0.000000;0.000000;mq;mq;mq;710.000000;1111.000000;mq;mq;mq;mq;mq;mq;mq;mq;mq;mq;mq;mq;mq;mq;
07037;20110911030000;100980;-60;8;190;7.200000;288.250000;286.950000;92;40000;0;mq;mq;90;mq;mq;mq;mq;mq;99190;mq;mq;mq;mq;mq;mq;mq;mq;mq;mq;mq;9.800000;-10;mq;mq;mq;mq;0.000000;0.000000;mq;mq;mq;710.000000;1110.000000;mq;mq;mq;mq;mq;mq;mq;mq;mq;mq;mq;mq;mq;mq;
07110;20110911030000;100670;-30;8;220;5.700000;288.650000;287.550000;93;12000;2;1;1;90;2;450;36;23;60;99550;mq;mq;mq;mq;mq;mq;mq;mq;mq;mq;mq;11.800000;-10;mq;mq;mq;mq;0.000000;0.000000;mq;mq;mq;710.000000;1112.000000;mq;mq;2;7;480;6;3;4500;mq;mq;mq;mq;mq;mq;
07117;20110911030000;100620;10;0;220;5.100000;288.050000;286.550000;91;15000;1;6;2;75;4;800;35;22;60;99940;mq;mq;mq;mq;mq;mq;mq;mq;mq;mq;mq;11.300000;-10;mq;mq;mq;mq;0.000000;0.200000;mq;mq;mq;710.000000;1111.000000;2427.000000;mq;mq;mq;mq;mq;mq;mq;mq;mq;mq;mq;mq;mq;
07130;20110911030000;100990;-20;5;260;3.600000;288.350000;286.550000;89;50000;0;mq;mq;100;mq;1250;mq;mq;mq;100480;mq;mq;mq;mq;mq;mq;mq;mq;mq;mq;mq;15.400000;-10;mq;mq;mq;mq;1.000000;1.000000;mq;mq;mq;710.000000;1115.000000;mq;mq;mq;mq;mq;mq;mq;mq;mq;mq;mq;mq;mq;mq;
07139;20110911030000;101140;10;3;200;5.100000;288.950000;287.150000;89;mq;mq;mq;mq;mq;mq;mq;mq;mq;mq;99450;mq;mq;mq;mq;mq;mq;mq;mq;mq;mq;mq;8.700000;-10;mq;mq;mq;mq;0.000000;0.000000;mq;mq;mq;710.000000;1109.000000;mq;mq;mq;mq;mq;mq;mq;mq;mq;mq;mq;mq;mq;mq;
07149;20110911030000;101120;-40;8;240;2.600000;289.950000;287.250000;84;25000;2;1;1;75;4;1750;35;20;11;100060;mq;mq;mq;mq;mq;mq;mq;mq;mq;mq;mq;5.100000;-10;mq;mq;0.000000;-30;0.000000;0.000000;mq;mq;mq;710.000000;1105.000000;3100.000000;mq;4;6;1500;4;0;6900;mq;mq;mq;mq;mq;mq;
07168;20110911030000;101280;80;1;190;3.600000;291.250000;288.550000;84;20000;0;mq;mq;mq;mq;mq;mq;mq;mq;99900;mq;mq;mq;mq;mq;mq;mq;mq;mq;mq;mq;5.700000;-10;mq;mq;mq;mq;0.000000;0.000000;mq;mq;mq;710.000000;1106.000000;mq;mq;mq;mq;mq;mq;mq;mq;mq;mq;mq;mq;mq;mq;
07181;20110911030000;101300;70;3;240;2.100000;290.950000;289.250000;90;35000;0;mq;mq;75;mq;800;mq;mq;mq;97350;mq;mq;mq;mq;mq;mq;mq;mq;mq;mq;mq;5.700000;-10;mq;mq;mq;mq;0.000000;0.000000;mq;mq;mq;710.000000;1106.000000;mq;mq;mq;mq;mq;mq;mq;mq;mq;mq;mq;mq;mq;mq;
07190;20110911030000;101280;70;1;240;1.000000;291.050000;288.850000;87;45000;0;mq;mq;mq;mq;mq;mq;mq;mq;99520;mq;mq;mq;mq;mq;mq;mq;mq;mq;mq;mq;2.600000;-10;mq;mq;mq;mq;0.000000;0.000000;mq;mq;mq;710.000000;1103.000000;mq;mq;mq;mq;mq;mq;mq;mq;mq;mq;mq;mq;mq;mq;
07207;20110911030000;mq;mq;mq;280;3.600000;289.650000;286.950000;84;8000;2;8;2;100;8;800;38;22;10;mq;mq;mq;mq;mq;mq;mq;mq;mq;mq;mq;mq;13.900000;-10;mq;mq;mq;mq;0.000000;0.200000;mq;mq;mq;710.000000;1114.000000;2446.000000;mq;mq;mq;mq;mq;mq;mq;mq;mq;mq;mq;mq;mq;
07222;20110911030000;101110;-90;8;200;4.100000;290.350000;288.850000;91;10000;2;1;1;90;5;800;35;27;60;100800;mq;mq;mq;mq;mq;mq;mq;mq;mq;mq;mq;6.200000;-10;mq;mq;mq;mq;0.000000;0.000000;mq;mq;mq;710.000000;1106.000000;mq;mq;4;6;780;7;3;4800;mq;mq;mq;mq;mq;mq;
07240;20110911030000;101250;-80;5;190;3.600000;290.350000;288.150000;87;30000;2;mq;mq;90;7;3500;30;28;60;99940;mq;mq;mq;mq;mq;mq;mq;mq;mq;mq;mq;6.200000;-10;mq;mq;0.000000;-30;0.000000;0.000000;mq;mq;mq;710.000000;1106.000000;3100.000000;mq;7;3;2400;mq;mq;mq;mq;mq;mq;mq;mq;mq;
07255;20110911030000;101330;-40;8;200;2.100000;290.350000;288.850000;91;20000;0;mq;mq;mq;mq;mq;mq;mq;mq;99390;mq;mq;mq;mq;mq;mq;mq;mq;mq;mq;mq;3.600000;-10;mq;mq;mq;mq;0.000000;0.000000;mq;mq;mq;710.000000;1104.000000;mq;mq;mq;mq;mq;mq;mq;mq;mq;mq;mq;mq;mq;mq;
07280;20110911030000;101330;-30;7;180;1.000000;292.050000;287.950000;77;55000;0;mq;mq;100;mq;mq;mq;mq;mq;98700;mq;mq;mq;mq;mq;mq;mq;mq;mq;mq;mq;3.600000;-10;mq;mq;mq;mq;0.000000;0.000000;mq;mq;mq;710.000000;1104.000000;mq;mq;mq;mq;mq;mq;mq;mq;mq;mq;mq;mq;mq;mq;
07299;20110911030000;101430;30;0;170;1.500000;288.950000;287.450000;91;40000;2;1;1;60;1;3500;30;23;12;98240;mq;mq;mq;mq;mq;mq;mq;mq;mq;mq;mq;2.600000;-10;mq;mq;0.000000;-30;0.000000;0.000000;mq;mq;mq;710.000000;1103.000000;3100.000000;mq;1;3;4800;5;0;7800;mq;mq;mq;mq;mq;mq;
07314;20110911030000;101300;-110;8;220;7.200000;293.150000;290.150000;83;18000;2;1;1;60;3;450;32;27;10;101030;mq;mq;mq;mq;mq;mq;mq;mq;mq;mq;mq;11.800000;-10;mq;mq;mq;mq;0.000000;0.000000;mq;mq;mq;710.000000;1112.000000;2437.000000;mq;3;8;300;3;3;1800;mq;mq;mq;mq;mq;mq;
07335;20110911030000;101360;-80;5;200;3.100000;290.650000;289.650000;94;45000;0;mq;mq;100;mq;250;mq;mq;mq;99950;mq;mq;mq;mq;mq;mq;mq;mq;mq;mq;mq;4.600000;-10;mq;mq;mq;mq;0.000000;0.000000;mq;mq;mq;710.000000;1105.000000;mq;mq;mq;mq;mq;mq;mq;mq;mq;mq;mq;mq;mq;mq;
07434;20110911030000;101420;-40;5;280;2.600000;289.950000;288.650000;92;45000;0;mq;mq;100;mq;1250;mq;mq;mq;96770;mq;mq;mq;mq;mq;mq;mq;mq;mq;mq;mq;5.100000;-10;mq;mq;mq;mq;0.000000;0.000000;mq;mq;mq;710.000000;1105.000000;mq;mq;mq;mq;mq;mq;mq;mq;mq;mq;mq;mq;mq;mq;
07460;20110911030000;101330;-50;5;280;1.500000;292.850000;288.250000;75;50000;1;mq;mq;50;3;3500;30;23;11;97590;mq;mq;mq;mq;mq;mq;mq;mq;mq;mq;mq;7.200000;-10;mq;mq;0.000000;-30;0.000000;mq;mq;mq;mq;710.000000;1107.000000;3100.000000;mq;3;3;4500;4;0;7800;mq;mq;mq;mq;mq;mq;
07471;20110911030000;mq;-130;7;330;2.100000;285.950000;282.950000;82;20000;0;mq;mq;mq;mq;mq;mq;mq;mq;92110;85000;17620;mq;mq;mq;mq;mq;mq;mq;mq;mq;3.100000;-10;mq;mq;mq;mq;0.000000;0.000000;mq;mq;mq;710.000000;1103.000000;mq;mq;mq;mq;mq;mq;mq;mq;mq;mq;mq;mq;mq;mq;
07481;20110911030000;101420;-50;8;150;5.100000;294.450000;287.850000;66;30000;2;1;1;40;0;8000;30;20;12;98660;mq;mq;mq;mq;mq;mq;mq;mq;mq;mq;mq;9.300000;-10;mq;mq;0.000000;-30;0.000000;0.000000;mq;mq;mq;710.000000;1109.000000;3100.000000;mq;3;0;7500;mq;mq;mq;mq;mq;mq;mq;mq;mq;
07510;20110911030000;101400;-140;6;230;1.500000;291.850000;291.550000;98;19000;0;mq;mq;mq;mq;mq;mq;mq;mq;100770;mq;mq;mq;mq;mq;mq;mq;mq;mq;mq;mq;2.100000;-10;mq;mq;mq;mq;0.000000;0.000000;mq;mq;mq;710.000000;1102.000000;mq;mq;mq;mq;mq;mq;mq;mq;mq;mq;mq;mq;mq;mq;
07535;20110911030000;101360;-110;8;130;3.100000;294.450000;290.250000;77;mq;mq;mq;mq;mq;mq;mq;mq;mq;mq;98370;mq;mq;mq;mq;mq;mq;mq;mq;mq;mq;mq;5.100000;-10;mq;mq;mq;mq;0.000000;0.000000;mq;mq;mq;710.000000;1105.000000;mq;mq;mq;mq;mq;mq;mq;mq;mq;mq;mq;mq;mq;mq;
07558;20110911030000;101520;-140;6;120;5.700000;290.650000;288.650000;88;mq;mq;mq;mq;mq;mq;mq;mq;mq;mq;93450;mq;mq;mq;mq;mq;mq;mq;mq;mq;mq;mq;8.200000;-10;mq;mq;mq;mq;0.000000;0.000000;mq;mq;mq;710.000000;1108.000000;mq;mq;mq;mq;mq;mq;mq;mq;mq;mq;mq;mq;mq;mq;
07577;20110911030000;101640;-90;7;0;0.000000;290.150000;288.850000;92;6000;0;mq;mq;mq;mq;mq;mq;mq;mq;100770;mq;mq;mq;mq;mq;mq;mq;mq;mq;mq;mq;1.000000;-10;mq;mq;mq;mq;0.000000;0.000000;mq;mq;mq;710.000000;1101.000000;mq;mq;mq;mq;mq;mq;mq;mq;mq;mq;mq;mq;mq;mq;
07591;20110911030000;mq;-50;8;30;4.100000;288.150000;283.550000;74;mq;0;mq;mq;mq;mq;mq;mq;mq;mq;91990;mq;mq;mq;mq;mq;mq;mq;mq;mq;mq;mq;6.700000;-10;mq;mq;mq;mq;0.000000;0.000000;mq;mq;mq;710.000000;1107.000000;mq;mq;mq;mq;mq;mq;mq;mq;mq;mq;mq;mq;mq;mq;
07607;20110911030000;101470;-100;6;0;0.000000;289.150000;288.350000;95;7000;0;mq;mq;100;mq;mq;mq;mq;mq;100770;mq;mq;mq;mq;mq;mq;mq;mq;mq;mq;mq;0.500000;-10;mq;mq;mq;mq;0.000000;0.000000;mq;mq;mq;710.000000;1101.000000;mq;mq;mq;mq;mq;mq;mq;mq;mq;mq;mq;mq;mq;mq;
07621;20110911030000;101460;-150;8;160;2.100000;289.050000;287.950000;93;20000;2;mq;mq;10;0;8000;30;20;12;97230;mq;mq;mq;mq;mq;mq;mq;mq;mq;mq;mq;2.600000;-10;mq;mq;0.000000;-30;0.000000;0.000000;mq;mq;mq;710.000000;1103.000000;3100.000000;mq;1;0;7800;mq;mq;mq;mq;mq;mq;mq;mq;mq;
07627;20110911030000;101470;-80;7;90;0.500000;291.550000;288.250000;81;mq;mq;mq;mq;mq;mq;mq;mq;mq;mq;96750;mq;mq;mq;mq;mq;mq;mq;mq;mq;mq;mq;2.100000;-10;mq;mq;mq;mq;0.000000;0.000000;mq;mq;mq;710.000000;1102.000000;mq;mq;mq;mq;mq;mq;mq;mq;mq;mq;mq;mq;mq;mq;
07630;20110911030000;101420;-50;5;220;2.600000;294.250000;290.050000;77;40000;2;1;1;90;7;450;35;61;60;99690;mq;mq;mq;mq;mq;mq;mq;mq;mq;mq;mq;3.600000;-10;mq;mq;0.000000;-30;0.000000;0.000000;mq;mq;mq;710.000000;1104.000000;3100.000000;mq;5;6;570;3;6;720;mq;mq;mq;mq;mq;mq;
07643;20110911030000;101650;-60;6;360;1.500000;293.650000;292.850000;95;6000;3;mq;mq;90;7;250;36;61;60;101560;mq;mq;mq;mq;mq;mq;mq;mq;mq;mq;mq;4.100000;-10;mq;mq;mq;mq;0.000000;0.000000;mq;mq;mq;710.000000;1104.000000;mq;mq;7;7;180;mq;mq;mq;mq;mq;mq;mq;mq;mq;
07650;20110911030000;101640;-80;8;130;1.500000;290.950000;289.450000;91;10000;2;1;1;10;1;250;36;20;10;101260;mq;mq;mq;mq;mq;mq;mq;mq;mq;mq;mq;2.600000;-10;mq;mq;0.000000;-30;0.000000;0.000000;mq;mq;mq;710.000000;1103.000000;3100.000000;mq;1;7;240;mq;mq;mq;mq;mq;mq;mq;mq;mq;
07661;20110911030000;101670;-70;8;120;5.100000;292.250000;291.050000;93;22000;3;mq;mq;25;0;8000;30;20;11;100110;mq;mq;mq;mq;mq;mq;mq;mq;mq;mq;mq;6.700000;-10;mq;mq;mq;mq;0.000000;0.000000;mq;mq;mq;710.000000;1107.000000;mq;mq;2;0;4800;mq;mq;mq;mq;mq;mq;mq;mq;mq;
07690;20110911030000;101760;-20;8;330;3.100000;293.950000;289.750000;77;20000;2;1;1;40;1;450;35;20;11;101430;mq;mq;mq;mq;mq;mq;mq;mq;mq;mq;mq;4.600000;-10;mq;mq;0.000000;-30;0.000000;0.000000;mq;mq;mq;710.000000;1105.000000;3100.000000;mq;1;6;570;3;0;6900;mq;mq;mq;mq;mq;mq;
07747;20110911030000;101410;-40;8;200;2.100000;293.750000;292.750000;94;13000;0;mq;mq;mq;mq;mq;mq;mq;mq;100900;mq;mq;mq;mq;mq;mq;mq;mq;mq;mq;mq;3.100000;-10;mq;mq;mq;mq;0.000000;0.200000;mq;mq;mq;710.000000;1103.000000;mq;mq;mq;mq;mq;mq;mq;mq;mq;mq;mq;mq;mq;mq;
07761;20110911030000;101660;-40;7;60;4.100000;290.550000;287.050000;80;20000;2;1;1;10;0;mq;30;20;11;101550;mq;mq;mq;mq;mq;mq;mq;mq;mq;mq;mq;4.600000;-10;mq;mq;0.000000;-30;0.000000;0.000000;mq;mq;mq;710.000000;1105.000000;3100.000000;mq;1;0;7800;mq;mq;mq;mq;mq;mq;mq;mq;mq;
07790;20110911030000;101670;-30;8;210;1.500000;291.750000;290.550000;93;10000;2;1;1;0;mq;mq;mq;mq;mq;101530;mq;mq;mq;mq;mq;mq;mq;mq;mq;mq;mq;2.600000;-10;mq;mq;0.000000;-30;0.000000;0.200000;mq;mq;mq;710.000000;1103.000000;3100.000000;mq;mq;mq;mq;mq;mq;mq;mq;mq;mq;mq;mq;mq;
61968;20110911030000;101770;mq;mq;120;5.100000;297.650000;289.650000;61;mq;mq;mq;mq;mq;mq;mq;mq;mq;mq;mq;mq;mq;0;mq;mq;mq;mq;mq;mq;mq;mq;10.300000;-10;mq;mq;mq;mq;0.000000;0.000000;mq;mq;mq;710.000000;1110.000000;mq;mq;mq;mq;mq;mq;mq;mq;mq;mq;mq;mq;mq;mq;
61970;20110911030000;102060;mq;mq;mq;mq;296.550000;294.450000;88;mq;mq;mq;mq;mq;mq;mq;mq;mq;mq;mq;mq;mq;200;mq;mq;mq;mq;mq;mq;mq;mq;mq;mq;mq;mq;mq;mq;0.000000;0.000000;mq;mq;mq;mq;mq;mq;mq;mq;mq;mq;mq;mq;mq;mq;mq;mq;mq;mq;mq;
61972;20110911030000;102080;mq;mq;170;4.100000;294.850000;293.650000;93;mq;mq;mq;mq;mq;mq;mq;mq;mq;mq;mq;mq;mq;30;mq;mq;mq;mq;mq;mq;mq;mq;7.200000;-10;mq;mq;mq;mq;0.000000;0.000000;mq;mq;mq;710.000000;1107.000000;mq;mq;mq;mq;mq;mq;mq;mq;mq;mq;mq;mq;mq;mq;
61976;20110911030000;102020;mq;mq;140;12.300000;296.350000;292.750000;80;mq;mq;mq;mq;mq;mq;mq;mq;mq;mq;101870;mq;mq;mq;mq;mq;mq;mq;mq;mq;mq;mq;mq;mq;mq;mq;mq;mq;mq;mq;mq;mq;mq;mq;mq;mq;mq;mq;mq;mq;mq;mq;mq;mq;mq;mq;mq;mq;mq;
61980;20110911030000;102520;mq;mq;130;6.200000;293.250000;285.950000;63;12000;2;1;1;25;2;800;38;20;10;mq;mq;mq;210;mq;mq;mq;mq;mq;mq;mq;mq;10.300000;-10;mq;mq;mq;mq;0.000000;0.000000;mq;mq;mq;710.000000;1110.000000;2437.000000;mq;1;8;690;mq;mq;mq;mq;mq;mq;mq;mq;mq;
61996;20110911030000;mq;mq;mq;mq;mq;282.450000;mq;mq;mq;mq;mq;mq;mq;mq;mq;mq;mq;mq;mq;mq;mq;2040;mq;mq;mq;mq;mq;mq;mq;mq;mq;mq;mq;mq;mq;mq;0.000000;0.400000;mq;mq;mq;mq;mq;mq;mq;mq;mq;mq;mq;mq;mq;mq;mq;mq;mq;mq;mq;
61997;20110911030000;100000;mq;mq;340;21.600000;277.550000;277.150000;97;mq;mq;mq;mq;mq;mq;mq;mq;mq;mq;mq;mq;mq;mq;mq;mq;mq;mq;mq;mq;mq;mq;30.900000;-30;mq;mq;mq;mq;mq;6.000000;mq;mq;mq;1131.000000;mq;mq;mq;mq;mq;mq;mq;mq;mq;mq;mq;mq;mq;mq;mq;
61998;20110911030000;101890;mq;mq;270;7.700000;275.150000;270.950000;74;50000;2;1;1;25;2;800;35;20;10;mq;mq;mq;1070;mq;mq;mq;mq;mq;mq;mq;mq;11.800000;-10;mq;mq;mq;mq;0.000000;0.000000;mq;mq;mq;710.000000;1112.000000;mq;mq;2;6;900;mq;mq;mq;mq;mq;mq;mq;mq;mq;
67005;20110911030000;101810;mq;mq;360;1.500000;294.750000;293.050000;90;20000;2;1;1;40;3;800;38;23;10;mq;mq;mq;mq;mq;mq;mq;mq;mq;mq;mq;mq;2.100000;-10;mq;mq;mq;mq;0.000000;0.000000;mq;mq;mq;710.000000;1102.000000;mq;mq;2;8;600;mq;mq;mq;mq;mq;mq;mq;mq;mq;
71805;20110911030000;101270;280;1;40;4.600000;283.550000;280.050000;79;60000;0;mq;mq;mq;mq;mq;mq;mq;mq;101190;mq;mq;mq;mq;mq;mq;mq;mq;mq;mq;mq;8.200000;-10;mq;mq;mq;mq;0.000000;0.000000;mq;mq;mq;710.000000;1108.000000;mq;mq;mq;mq;mq;mq;mq;mq;mq;mq;mq;mq;mq;mq;
78897;20110911030000;101130;120;1;170;7.700000;298.650000;297.250000;92;9000;95;9;8;90;5;450;39;20;12;mq;mq;mq;50;mq;mq;mq;mq;mq;mq;mq;mq;mq;mq;mq;mq;mq;mq;mq;mq;mq;mq;mq;mq;mq;mq;mq;2;9;480;4;8;600;7;0;7800;mq;mq;mq;
78922;20110911030000;101130;70;0;180;17.000000;300.650000;298.650000;89;mq;mq;mq;mq;mq;mq;mq;mq;mq;mq;100690;mq;mq;mq;mq;mq;mq;mq;mq;mq;mq;mq;mq;mq;mq;mq;mq;mq;mq;mq;mq;mq;mq;mq;mq;mq;mq;mq;mq;mq;mq;mq;mq;mq;mq;mq;mq;mq;mq;
78925;20110911030000;101260;200;1;150;3.600000;299.750000;299.050000;96;10000;29;9;6;100;7;800;39;61;60;mq;mq;mq;240;mq;mq;mq;mq;mq;mq;mq;mq;mq;mq;mq;mq;mq;mq;mq;mq;mq;mq;mq;mq;mq;mq;mq;1;9;600;3;8;600;5;6;1800;mq;mq;mq;
81401;20110911030000;101450;mq;mq;50;1.000000;296.650000;295.250000;92;mq;mq;mq;mq;mq;mq;mq;mq;mq;mq;101390;mq;mq;mq;mq;mq;mq;mq;mq;mq;mq;mq;mq;mq;mq;mq;mq;mq;mq;0.000000;mq;mq;mq;mq;mq;mq;mq;mq;mq;mq;mq;mq;mq;mq;mq;mq;mq;mq;mq;
81405;20110911030000;101470;mq;mq;0;0.000000;296.350000;295.850000;97;35000;0;mq;mq;mq;mq;30;mq;mq;mq;101380;mq;mq;mq;mq;mq;mq;mq;mq;mq;mq;mq;mq;mq;mq;mq;mq;mq;mq;0.000000;mq;mq;mq;mq;mq;mq;mq;mq;mq;mq;mq;mq;mq;mq;mq;mq;mq;mq;mq;
81408;20110911030000;101460;mq;mq;0;0.000000;294.950000;294.650000;98;mq;mq;mq;mq;mq;mq;mq;mq;mq;mq;101380;mq;mq;mq;mq;mq;mq;mq;mq;mq;mq;mq;mq;mq;mq;mq;mq;mq;mq;0.200000;mq;mq;mq;mq;mq;mq;mq;mq;mq;mq;mq;mq;mq;mq;mq;mq;mq;mq;mq;
89642;20110911030000;99590;110;1;150;6.700000;258.650000;251.750000;52;40000;2;1;1;100;7;1250;35;61;60;99030;mq;mq;mq;mq;mq;mq;mq;mq;mq;mq;mq;mq;mq;mq;mq;mq;mq;mq;mq;mq;mq;mq;mq;mq;mq;mq;7;6;1080;mq;mq;mq;mq;mq;mq;mq;mq;mq;
07005;20110911060000;100730;-170;8;160;6.200000;289.250000;286.950000;86;30000;2;1;1;100;3;450;38;23;12;99860;mq;mq;mq;288.450000;mq;292.950000;mq;288.150000;mq;mq;mq;10.800000;-10;1;0.000000;mq;mq;0.000000;0.000000;mq;0.800000;0.800000;710.000000;1111.000000;mq;mq;1;8;480;3;6;1290;5;3;3000;mq;mq;mq;
07015;20110911060000;100840;-90;8;210;4.600000;289.250000;286.550000;84;50000;3;mq;mq;90;7;3500;30;28;60;100290;mq;mq;mq;288.650000;mq;296.250000;mq;288.150000;mq;mq;mq;8.700000;-10;1;0.000000;0.000000;-60;0.000000;0.000000;mq;0.000000;0.000000;710.000000;1109.000000;3100.000000;mq;7;3;4200;mq;mq;mq;mq;mq;mq;mq;mq;mq;
07020;20110911060000;100670;0;5;220;10.800000;289.650000;287.650000;88;12000;21;6;2;90;5;800;32;23;60;100410;mq;mq;mq;288.050000;mq;290.850000;mq;mq;mq;mq;mq;14.900000;-10;mq;mq;mq;mq;0.000000;0.400000;mq;4.000000;5.600000;710.000000;1115.000000;mq;mq;5;8;780;3;3;1800;mq;mq;mq;mq;mq;mq;
07027;20110911060000;100870;-10;5;190;4.600000;287.650000;285.850000;89;30000;1;6;2;90;1;800;35;27;60;100080;mq;mq;mq;287.550000;mq;292.150000;mq;286.150000;mq;mq;mq;7.200000;-10;2;0.000000;0.000000;-60;0.000000;5.000000;mq;5.000000;9.100000;710.000000;1107.000000;3100.000000;mq;1;6;870;7;3;2700;mq;mq;mq;mq;mq;mq;
07037;20110911060000;100880;-90;8;180;7.200000;288.750000;287.150000;90;15000;2;1;1;75;4;150;38;23;10;99100;mq;mq;mq;287.950000;mq;294.950000;mq;286.150000;mq;mq;mq;10.800000;-10;2;0.000000;0.000000;-60;0.000000;0.000000;mq;1.000000;1.000000;710.000000;1111.000000;3100.000000;mq;1;8;90;4;6;2400;6;3;4500;mq;mq;mq;
07110;20110911060000;100680;10;3;210;8.200000;288.550000;287.550000;94;10000;2;1;1;90;7;250;38;61;60;99560;mq;mq;mq;288.150000;mq;290.450000;mq;287.150000;mq;mq;13.400000;13.400000;-10;2;0.000000;mq;mq;0.000000;0.000000;mq;8.000000;8.300000;1013.000000;710.000000;1113.000000;mq;5;8;210;4;6;360;6;6;720;mq;mq;mq;
07117;20110911060000;100680;60;3;210;3.100000;288.350000;286.750000;90;15000;2;1;1;90;7;800;35;61;60;100000;mq;mq;mq;287.850000;mq;291.550000;mq;mq;mq;mq;mq;6.700000;-10;mq;mq;mq;mq;0.000000;0.000000;mq;6.000000;mq;710.000000;1107.000000;2427.000000;mq;mq;mq;mq;mq;mq;mq;mq;mq;mq;mq;mq;mq;
07130;20110911060000;100960;-30;6;160;3.100000;287.650000;286.850000;95;10000;61;mq;mq;100;mq;450;mq;mq;mq;100450;mq;mq;mq;287.450000;mq;291.250000;mq;287.150000;mq;mq;mq;5.100000;-10;2;0.000000;mq;mq;1.000000;1.000000;mq;2.000000;2.400000;710.000000;1105.000000;mq;mq;mq;mq;mq;mq;mq;mq;mq;mq;mq;mq;mq;mq;
07139;20110911060000;101000;-140;5;200;5.100000;289.150000;287.850000;92;12000;60;6;2;100;8;150;38;61;60;99310;mq;mq;mq;288.550000;mq;293.850000;mq;288.150000;mq;mq;mq;8.200000;-10;1;0.000000;0.000000;-60;2.000000;2.000000;mq;2.000000;2.400000;710.000000;1108.000000;3100.000000;mq;1;8;150;7;6;900;mq;mq;mq;mq;mq;mq;
07149;20110911060000;101100;-20;8;200;3.600000;289.550000;287.350000;87;25000;3;8;6;90;7;1750;38;27;60;100040;mq;mq;mq;289.450000;mq;298.750000;mq;288.150000;mq;mq;mq;5.700000;-10;0;0.000000;0.000000;-60;0.000000;0.000000;mq;0.000000;0.200000;710.000000;1106.000000;3100.000000;mq;2;8;1500;5;6;1500;5;3;3000;mq;mq;mq;
07168;20110911060000;101320;40;3;210;1.500000;291.150000;289.450000;90;20000;25;8;6;90;5;800;32;27;60;99940;mq;mq;mq;290.250000;mq;301.850000;mq;288.150000;mq;mq;mq;3.600000;-10;2;0.000000;0.000000;-60;0.400000;0.400000;mq;0.400000;0.600000;710.000000;1104.000000;3100.000000;mq;5;8;600;7;3;2400;mq;mq;mq;mq;mq;mq;
07181;20110911060000;101280;-20;6;180;1.500000;291.350000;289.650000;90;mq;0;mq;mq;mq;mq;mq;mq;mq;mq;97330;mq;mq;mq;290.850000;mq;297.250000;mq;290.150000;mq;mq;mq;3.100000;-10;1;0.000000;0.000000;-60;0.000000;0.000000;mq;0.000000;0.000000;710.000000;1103.000000;3100.000000;mq;mq;mq;mq;mq;mq;mq;mq;mq;mq;mq;mq;mq;
07190;20110911060000;101310;30;3;150;1.500000;291.250000;289.950000;92;35000;0;mq;mq;90;mq;1750;mq;mq;mq;99550;mq;mq;mq;289.550000;mq;298.550000;mq;287.150000;mq;mq;mq;2.100000;-10;0;0.000000;mq;mq;0.200000;0.200000;mq;0.200000;0.200000;710.000000;1102.000000;mq;mq;mq;mq;mq;mq;mq;mq;mq;mq;mq;mq;mq;mq;
07207;20110911060000;mq;mq;mq;300;4.100000;288.650000;287.550000;93;6000;2;6;2;100;8;3500;30;22;10;mq;mq;mq;mq;288.650000;mq;291.550000;mq;mq;mq;mq;mq;9.800000;-10;mq;mq;mq;mq;3.000000;15.000000;mq;15.000000;mq;710.000000;1110.000000;2446.000000;mq;mq;mq;mq;mq;mq;mq;mq;mq;mq;mq;mq;mq;
07222;20110911060000;101000;-110;5;190;3.600000;290.750000;289.650000;93;10000;60;6;2;100;4;450;38;27;60;100690;mq;mq;mq;289.250000;mq;291.250000;mq;288.150000;mq;mq;mq;8.200000;-10;1;0.000000;mq;mq;0.000000;0.000000;mq;0.200000;2.000000;710.000000;1108.000000;mq;mq;2;8;510;3;6;870;7;3;2700;mq;mq;mq;
07240;20110911060000;101170;-80;5;180;3.600000;290.550000;288.750000;89;30000;3;mq;mq;90;7;2250;35;61;60;99860;mq;mq;mq;289.950000;mq;296.250000;mq;289.150000;mq;mq;mq;5.700000;-10;0;0.000000;0.000000;-60;0.000000;0.000000;mq;0.000000;0.000000;710.000000;1106.000000;3100.000000;mq;7;6;2400;mq;mq;mq;mq;mq;mq;mq;mq;mq;
07255;20110911060000;101310;-20;8;160;1.500000;291.050000;289.350000;90;20000;17;9;2;100;7;450;39;61;60;99370;mq;mq;mq;290.350000;mq;300.850000;mq;289.150000;mq;mq;mq;2.600000;-10;0;0.000000;0.000000;-60;0.000000;0.000000;mq;0.000000;0.000000;710.000000;1103.000000;3100.000000;mq;1;8;300;1;9;1200;7;6;1500;mq;mq;mq;
07280;20110911060000;101320;-10;7;180;1.500000;291.950000;288.250000;79;55000;0;mq;mq;100;mq;1250;mq;mq;mq;98690;mq;mq;mq;291.650000;mq;298.550000;mq;289.150000;mq;mq;mq;4.100000;-10;0;0.000000;mq;mq;0.000000;0.000000;mq;0.000000;0.200000;710.000000;1104.000000;mq;mq;mq;mq;mq;mq;mq;mq;mq;mq;mq;mq;mq;mq;
07299;20110911060000;101430;10;0;170;2.600000;289.450000;287.450000;88;40000;2;1;1;90;1;3500;30;24;12;98250;mq;mq;mq;288.350000;mq;297.350000;mq;287.150000;mq;mq;mq;4.600000;-10;0;0.000000;0.000000;-60;0.000000;0.000000;mq;0.000000;0.000000;710.000000;1105.000000;3100.000000;mq;1;3;4500;7;0;7800;mq;mq;mq;mq;mq;mq;
07314;20110911060000;101220;-80;6;220;8.700000;293.250000;289.850000;81;mq;mq;mq;mq;mq;mq;mq;mq;mq;mq;100950;mq;mq;mq;292.750000;mq;293.950000;mq;mq;mq;mq;mq;11.800000;-10;mq;mq;mq;mq;0.000000;0.000000;mq;0.000000;0.000000;710.000000;1112.000000;mq;mq;mq;mq;mq;mq;mq;mq;mq;mq;mq;mq;mq;mq;
07335;20110911060000;101260;-100;5;190;3.600000;290.650000;289.650000;94;25000;2;1;1;90;2;250;35;61;60;99850;mq;mq;mq;289.750000;mq;295.550000;mq;288.150000;mq;mq;mq;5.700000;-10;0;0.000000;mq;mq;0.000000;0.000000;mq;0.000000;0.000000;710.000000;1106.000000;mq;mq;2;7;240;7;6;1800;mq;mq;mq;mq;mq;mq;
07434;20110911060000;101330;-90;6;150;2.100000;289.850000;288.750000;93;30000;2;1;1;100;8;250;35;61;60;96680;mq;mq;mq;289.850000;mq;296.350000;mq;288.150000;mq;mq;mq;3.100000;-10;0;0.000000;0.000000;-60;0.000000;0.000000;mq;0.000000;0.000000;710.000000;1103.000000;3100.000000;mq;4;7;240;7;6;1290;mq;mq;mq;mq;mq;mq;
07460;20110911060000;101340;-10;5;210;4.600000;291.350000;286.850000;75;50000;3;mq;mq;75;3;1750;32;28;12;97580;mq;mq;mq;290.750000;mq;301.450000;mq;289.150000;mq;mq;mq;8.200000;-10;0;0.000000;0.000000;-60;0.000000;0.000000;mq;0.000000;0.000000;710.000000;1108.000000;3100.000000;mq;3;8;1500;4;0;7800;mq;mq;mq;mq;mq;mq;
07471;20110911060000;mq;-20;5;330;2.100000;286.250000;284.850000;91;35000;2;1;1;25;0;8000;30;20;11;92090;85000;17610;mq;284.850000;mq;292.750000;mq;282.150000;mq;mq;mq;4.100000;-10;1;0.000000;0.000000;-60;0.000000;0.000000;mq;0.000000;0.000000;710.000000;1104.000000;3100.000000;mq;2;0;7800;mq;mq;mq;mq;mq;mq;mq;mq;mq;
07481;20110911060000;101410;-20;5;90;1.500000;293.450000;288.450000;73;30000;2;1;1;25;0;8000;30;20;12;98640;mq;mq;mq;293.350000;mq;299.650000;mq;292.150000;mq;mq;mq;8.200000;-10;0;0.000000;0.000000;-60;0.000000;0.000000;mq;0.000000;0.000000;710.000000;1108.000000;3100.000000;mq;2;0;7500;mq;mq;mq;mq;mq;mq;mq;mq;mq;
07510;20110911060000;101370;-40;6;230;2.100000;290.750000;290.750000;100;6000;11;2;2;90;3;1750;35;28;12;100730;mq;mq;mq;290.750000;mq;295.250000;mq;289.150000;mq;mq;mq;3.100000;-10;0;0.000000;0.000000;-60;0.000000;0.000000;mq;0.000000;0.000000;710.000000;1103.000000;3100.000000;mq;3;6;1800;3;3;4500;6;0;6900;mq;mq;mq;
07535;20110911060000;101320;-40;5;190;1.000000;294.250000;290.650000;80;18000;2;1;1;100;5;1250;35;22;60;98330;mq;mq;mq;294.150000;mq;301.450000;mq;293.150000;mq;mq;mq;4.600000;-10;0;0.000000;0.000000;-60;0.000000;0.000000;mq;0.000000;0.000000;710.000000;1105.000000;3100.000000;mq;5;6;990;8;4;3000;mq;mq;mq;mq;mq;mq;
07558;20110911060000;101470;-50;6;130;6.200000;290.550000;288.850000;90;15000;2;1;1;90;7;450;35;61;60;93400;mq;mq;mq;290.450000;mq;293.350000;mq;290.150000;mq;mq;mq;9.300000;-10;0;0.000000;0.000000;-60;0.000000;0.000000;mq;0.000000;0.000000;710.000000;1109.000000;3100.000000;mq;4;6;300;6;6;600;mq;mq;mq;mq;mq;mq;
07577;20110911060000;101620;-20;5;240;1.000000;290.150000;289.550000;96;8000;2;1;1;25;0;8000;30;20;11;100750;mq;mq;mq;289.350000;mq;298.950000;mq;287.150000;mq;mq;mq;1.500000;-10;1;0.000000;0.000000;-60;0.000000;0.000000;mq;0.000000;0.000000;710.000000;1102.000000;3100.000000;mq;2;0;6900;mq;mq;mq;mq;mq;mq;mq;mq;mq;
07591;20110911060000;mq;-20;7;40;3.600000;287.250000;283.250000;77;mq;0;mq;mq;mq;mq;mq;mq;mq;mq;91970;mq;mq;mq;287.050000;mq;297.750000;mq;285.150000;mq;mq;mq;8.700000;-10;mq;mq;mq;mq;0.000000;0.000000;mq;0.000000;0.000000;710.000000;1109.000000;mq;mq;mq;mq;mq;mq;mq;mq;mq;mq;mq;mq;mq;mq;
07607;20110911060000;101430;-40;6;20;1.000000;288.450000;287.950000;97;100;45;mq;mq;101;mq;mq;62;61;60;100730;mq;mq;mq;287.950000;mq;299.650000;mq;286.150000;mq;mq;mq;1.500000;-10;mq;mq;mq;mq;0.000000;0.000000;mq;0.000000;0.000000;710.000000;1102.000000;mq;mq;mq;mq;mq;mq;mq;mq;mq;mq;mq;mq;mq;mq;
07621;20110911060000;101490;10;3;170;1.000000;287.450000;286.850000;96;60000;1;mq;mq;50;0;8000;30;20;12;97240;mq;mq;mq;287.050000;mq;299.750000;mq;284.150000;mq;mq;mq;2.100000;-10;0;0.000000;0.000000;-60;0.000000;0.000000;mq;0.000000;0.000000;710.000000;1102.000000;3100.000000;mq;4;0;7500;mq;mq;mq;mq;mq;mq;mq;mq;mq;
07627;20110911060000;101430;-40;5;0;0.000000;291.250000;289.050000;87;10000;2;1;1;90;7;800;35;61;60;96710;mq;mq;mq;291.150000;mq;298.650000;mq;288.150000;mq;mq;mq;1.500000;-10;0;0.000000;mq;mq;0.000000;0.000000;mq;0.000000;0.000000;710.000000;1102.000000;mq;mq;7;6;600;mq;mq;mq;mq;mq;mq;mq;mq;mq;
07630;20110911060000;101430;0;5;250;1.000000;293.950000;289.750000;77;40000;2;1;1;90;7;800;35;61;60;99690;mq;mq;mq;293.750000;mq;298.350000;mq;293.150000;mq;mq;mq;3.600000;-10;0;0.000000;0.000000;-60;0.000000;0.000000;mq;0.000000;0.000000;710.000000;1104.000000;3100.000000;mq;4;6;690;7;6;1140;mq;mq;mq;mq;mq;mq;
07643;20110911060000;101590;-60;5;110;6.700000;294.450000;293.250000;93;6000;1;mq;mq;50;4;250;35;20;10;101500;mq;mq;mq;292.450000;mq;296.050000;mq;292.150000;mq;mq;mq;7.700000;-10;0;0.000000;mq;mq;0.000000;0.000000;mq;0.000000;0.000000;710.000000;1108.000000;mq;mq;2;7;180;3;6;990;mq;mq;mq;mq;mq;mq;
07650;20110911060000;101660;20;3;140;1.500000;291.650000;289.850000;89;10000;2;1;1;10;1;450;35;20;10;101280;mq;mq;mq;290.350000;mq;296.350000;mq;287.150000;mq;mq;mq;3.600000;-10;0;0.000000;0.000000;-60;0.000000;0.200000;mq;0.200000;0.200000;710.000000;1104.000000;3100.000000;mq;1;6;390;mq;mq;mq;mq;mq;mq;mq;mq;mq;
07661;20110911060000;101680;10;3;130;3.600000;292.350000;290.850000;91;25000;3;mq;mq;50;3;3500;30;22;11;100120;mq;mq;mq;291.850000;mq;294.850000;mq;mq;mq;mq;mq;7.700000;-10;mq;mq;mq;mq;0.000000;0.000000;mq;0.000000;0.000000;710.000000;1108.000000;mq;mq;3;4;2400;mq;mq;mq;mq;mq;mq;mq;mq;mq;
07690;20110911060000;101740;-20;5;330;4.100000;294.050000;288.850000;72;20000;2;1;1;25;2;450;35;20;10;101410;mq;mq;mq;293.550000;mq;296.850000;mq;293.150000;mq;mq;mq;5.100000;-10;0;0.000000;0.000000;-60;0.000000;0.000000;mq;0.000000;0.000000;710.000000;1105.000000;3100.000000;mq;2;6;450;mq;mq;mq;mq;mq;mq;mq;mq;mq;
07747;20110911060000;101400;-10;7;340;1.000000;292.750000;291.950000;95;12000;2;1;1;10;1;250;36;20;10;100890;mq;mq;mq;292.050000;mq;297.750000;mq;290.150000;mq;mq;mq;3.100000;-10;0;0.000000;0.000000;-60;0.000000;0.000000;mq;0.200000;0.200000;710.000000;1103.000000;3100.000000;mq;1;7;180;mq;mq;mq;mq;mq;mq;mq;mq;mq;
07761;20110911060000;101620;-40;6;40;3.100000;292.250000;285.950000;67;30000;2;1;1;10;0;mq;30;20;11;101510;mq;mq;mq;289.950000;mq;296.950000;mq;289.150000;mq;mq;mq;5.100000;-10;0;0.000000;0.000000;-60;0.000000;0.000000;mq;0.000000;0.000000;710.000000;1105.000000;3100.000000;mq;1;0;7800;mq;mq;mq;mq;mq;mq;mq;mq;mq;
07790;20110911060000;101720;50;3;0;0.000000;292.350000;290.450000;89;20000;2;1;1;10;1;450;36;20;10;101580;mq;mq;mq;291.250000;mq;296.650000;mq;290.150000;mq;mq;mq;3.100000;-10;0;0.000000;0.000000;-60;0.000000;0.000000;mq;0.200000;0.200000;710.000000;1103.000000;3100.000000;mq;1;7;300;mq;mq;mq;mq;mq;mq;mq;mq;mq;
61968;20110911060000;101920;mq;mq;100;6.200000;300.550000;290.950000;56;mq;mq;mq;mq;mq;mq;mq;mq;mq;mq;mq;mq;mq;mq;297.150000;mq;mq;mq;mq;mq;mq;mq;14.900000;-10;mq;mq;mq;mq;0.000000;mq;mq;mq;0.000000;710.000000;1115.000000;mq;mq;mq;mq;mq;mq;mq;mq;mq;mq;mq;mq;mq;mq;
61970;20110911060000;102260;mq;mq;mq;mq;300.350000;291.950000;60;mq;mq;mq;mq;mq;mq;mq;mq;mq;mq;mq;mq;mq;mq;295.750000;mq;mq;mq;mq;mq;mq;mq;mq;mq;mq;mq;mq;mq;0.000000;mq;mq;mq;0.000000;mq;mq;mq;mq;mq;mq;mq;mq;mq;mq;mq;mq;mq;mq;mq;mq;
61972;20110911060000;102250;mq;mq;110;5.700000;299.450000;294.850000;76;mq;mq;mq;mq;mq;mq;mq;mq;mq;mq;mq;mq;mq;mq;294.150000;mq;mq;mq;mq;mq;mq;mq;8.700000;-10;mq;mq;mq;mq;0.000000;mq;mq;mq;0.200000;710.000000;1109.000000;mq;mq;mq;mq;mq;mq;mq;mq;mq;mq;mq;mq;mq;mq;
61976;20110911060000;102150;mq;mq;130;11.300000;297.750000;293.650000;78;mq;mq;mq;mq;mq;mq;mq;mq;mq;mq;102000;mq;mq;10;mq;mq;mq;mq;mq;mq;mq;mq;mq;mq;mq;mq;mq;mq;mq;mq;mq;mq;mq;mq;mq;mq;mq;mq;mq;mq;mq;mq;mq;mq;mq;mq;mq;mq;mq;
61980;20110911060000;102600;mq;mq;110;9.300000;296.150000;287.950000;60;12000;15;0;0;40;2;800;38;20;10;mq;mq;mq;mq;292.850000;mq;mq;mq;291.150000;mq;mq;mq;15.900000;-10;mq;mq;mq;mq;0.000000;mq;mq;mq;0.000000;710.000000;1116.000000;2437.000000;mq;2;8;600;3;6;1800;mq;mq;mq;mq;mq;mq;
61996;20110911060000;mq;mq;mq;mq;mq;284.650000;mq;mq;mq;mq;mq;mq;mq;mq;mq;mq;mq;mq;mq;mq;mq;mq;278.250000;mq;mq;mq;276.150000;mq;mq;mq;mq;mq;mq;mq;mq;mq;0.000000;mq;mq;mq;10.000000;mq;mq;mq;mq;mq;mq;mq;mq;mq;mq;mq;mq;mq;mq;mq;mq;
61997;20110911060000;100100;mq;mq;280;15.900000;278.350000;277.150000;92;mq;mq;mq;mq;mq;mq;mq;mq;mq;mq;mq;mq;mq;mq;273.750000;mq;mq;mq;273.150000;mq;mq;mq;30.900000;-60;mq;mq;mq;mq;mq;mq;mq;mq;20.000000;1131.000000;mq;mq;mq;mq;mq;mq;mq;mq;mq;mq;mq;mq;mq;mq;mq;
61998;20110911060000;101810;mq;mq;260;8.700000;277.550000;271.350000;64;50000;2;1;1;10;1;800;31;20;11;mq;mq;mq;mq;273.750000;mq;mq;mq;273.150000;mq;mq;mq;11.300000;-10;mq;mq;mq;mq;0.000000;mq;mq;mq;0.200000;710.000000;1111.000000;mq;mq;1;8;600;mq;mq;mq;mq;mq;mq;mq;mq;mq;
67005;20110911060000;102020;mq;mq;80;2.100000;300.850000;292.650000;61;20000;2;1;1;25;2;800;38;20;10;mq;mq;mq;mq;293.850000;mq;mq;mq;291.150000;mq;mq;mq;3.600000;-10;mq;mq;mq;mq;0.000000;mq;mq;mq;0.000000;710.000000;1104.000000;mq;mq;2;8;690;mq;mq;mq;mq;mq;mq;mq;mq;mq;
71805;20110911060000;101430;150;0;80;4.600000;281.450000;278.950000;84;45000;0;mq;mq;mq;mq;mq;mq;mq;mq;101340;mq;mq;mq;mq;281.450000;mq;289.350000;280.150000;mq;mq;mq;6.200000;-10;mq;mq;mq;mq;0.000000;0.000000;mq;0.000000;0.000000;710.000000;1106.000000;mq;mq;mq;mq;mq;mq;mq;mq;mq;mq;mq;mq;mq;mq;
78897;20110911060000;101040;-90;6;160;8.700000;299.450000;297.650000;90;12000;29;9;8;90;5;800;38;20;12;mq;mq;mq;150;mq;298.050000;mq;304.350000;275.150000;mq;mq;mq;mq;mq;mq;mq;mq;mq;mq;mq;26.000000;mq;27.200000;mq;mq;mq;mq;3;8;600;3;6;1200;5;0;7800;mq;mq;mq;
78922;20110911060000;101120;-10;8;190;12.900000;301.050000;297.650000;82;mq;mq;mq;mq;mq;mq;mq;mq;mq;mq;100680;mq;mq;mq;mq;mq;mq;mq;mq;mq;mq;mq;mq;mq;mq;mq;mq;mq;mq;mq;mq;mq;mq;mq;mq;mq;mq;mq;mq;mq;mq;mq;mq;mq;mq;mq;mq;mq;mq;
78925;20110911060000;101190;-70;8;140;3.100000;299.350000;298.450000;95;35000;0;mq;mq;100;mq;800;mq;mq;mq;mq;mq;mq;410;mq;296.350000;mq;304.250000;mq;mq;mq;mq;mq;mq;mq;mq;mq;mq;mq;mq;33.000000;mq;35.300000;mq;mq;mq;mq;mq;mq;mq;mq;mq;mq;mq;mq;mq;mq;mq;mq;
81401;20110911060000;101350;mq;mq;0;0.000000;296.350000;295.550000;95;mq;mq;mq;mq;mq;mq;mq;mq;mq;mq;101290;mq;mq;mq;mq;mq;mq;mq;mq;mq;mq;mq;mq;mq;mq;mq;mq;mq;mq;0.000000;0.000000;mq;mq;mq;mq;mq;mq;mq;mq;mq;mq;mq;mq;mq;mq;mq;mq;mq;mq;
81405;20110911060000;101360;mq;mq;0;0.000000;296.050000;295.850000;99;35000;0;mq;mq;100;mq;30;mq;mq;mq;101270;mq;mq;mq;mq;mq;mq;mq;295.150000;mq;mq;mq;mq;mq;mq;mq;mq;mq;mq;0.000000;0.000000;mq;mq;mq;mq;mq;mq;mq;mq;mq;mq;mq;mq;mq;mq;mq;mq;mq;mq;
81408;20110911060000;101350;mq;mq;0;0.000000;294.850000;294.550000;98;mq;mq;mq;mq;mq;mq;mq;mq;mq;mq;101270;mq;mq;mq;mq;mq;mq;mq;mq;mq;mq;mq;mq;mq;mq;mq;mq;mq;mq;0.000000;0.200000;mq;mq;mq;mq;mq;mq;mq;mq;mq;mq;mq;mq;mq;mq;mq;mq;mq;mq;
89642;20110911060000;99630;40;3;140;8.700000;258.850000;251.750000;51;40000;2;1;1;90;7;1250;35;61;60;99070;mq;mq;mq;mq;mq;mq;mq;mq;mq;mq;mq;mq;mq;mq;mq;mq;mq;mq;mq;mq;mq;mq;mq;mq;mq;mq;7;6;1080;mq;mq;mq;mq;mq;mq;mq;mq;mq;
07005;20110911090000;100930;200;1;210;4.600000;289.550000;287.550000;88;15000;61;6;2;100;6;450;38;27;60;100060;mq;mq;mq;mq;mq;mq;mq;mq;mq;mq;mq;7.200000;-10;mq;mq;0.000000;-30;0.000000;0.000000;mq;mq;mq;710.000000;1107.000000;3100.000000;mq;1;8;480;6;6;990;8;4;2400;mq;mq;mq;
07015;20110911090000;100950;110;3;220;6.700000;290.950000;287.050000;78;40000;2;1;1;90;1;800;31;23;60;100400;mq;mq;mq;mq;mq;mq;mq;mq;mq;mq;mq;10.300000;-10;mq;mq;0.000000;-30;0.000000;0.000000;mq;mq;mq;710.000000;1110.000000;3100.000000;mq;1;8;600;7;3;2700;mq;mq;mq;mq;mq;mq;
07020;20110911090000;100800;130;1;220;8.700000;290.550000;288.150000;86;18000;25;8;6;75;5;800;39;23;10;100540;mq;mq;mq;mq;mq;mq;mq;mq;mq;mq;mq;13.400000;-10;mq;mq;mq;mq;0.000000;0.000000;mq;mq;mq;710.000000;1113.000000;mq;mq;4;8;780;1;9;900;4;3;1800;mq;mq;mq;
07027;20110911090000;100920;50;1;210;4.100000;288.550000;286.750000;89;30000;1;6;2;90;1;450;35;22;60;100130;mq;mq;mq;mq;mq;mq;mq;mq;mq;mq;mq;6.700000;-10;mq;mq;0.000000;-30;0.000000;0.400000;mq;mq;mq;710.000000;1107.000000;3100.000000;mq;1;7;300;3;6;990;7;4;2700;mq;mq;mq;
07037;20110911090000;101010;130;1;200;4.600000;289.150000;288.050000;93;10000;61;6;2;100;4;450;37;61;60;99230;mq;mq;mq;mq;mq;mq;mq;mq;mq;mq;mq;8.200000;-10;mq;mq;0.000000;-30;0.600000;0.600000;mq;mq;mq;710.000000;1108.000000;3100.000000;mq;3;8;300;3;6;1110;7;6;2400;mq;mq;mq;
07110;20110911090000;100880;200;3;220;6.200000;288.750000;287.450000;92;10000;25;8;6;75;6;450;38;20;10;99760;mq;mq;mq;mq;mq;mq;mq;mq;mq;mq;mq;11.800000;-10;mq;mq;mq;mq;3.000000;3.000000;mq;mq;mq;710.000000;1112.000000;mq;mq;4;8;300;4;6;480;mq;mq;mq;mq;mq;mq;
07117;20110911090000;100780;100;1;250;6.200000;289.750000;286.850000;83;15000;2;1;1;75;6;800;38;20;10;100100;mq;mq;mq;mq;mq;mq;mq;mq;mq;mq;mq;10.800000;-10;mq;mq;mq;mq;0.000000;0.000000;mq;mq;mq;710.000000;1111.000000;2437.000000;mq;mq;mq;mq;mq;mq;mq;mq;mq;mq;mq;mq;mq;
07130;20110911090000;100910;-50;8;180;1.000000;287.850000;286.750000;93;50000;0;mq;mq;100;mq;800;mq;mq;mq;100400;mq;mq;mq;mq;mq;mq;mq;mq;mq;mq;mq;6.200000;-10;mq;mq;mq;mq;3.000000;6.000000;mq;mq;mq;710.000000;1106.000000;mq;mq;mq;mq;mq;mq;mq;mq;mq;mq;mq;mq;mq;mq;
07139;20110911090000;101040;40;0;220;2.100000;288.650000;287.150000;91;8000;61;6;2;100;8;150;38;61;60;99350;mq;mq;mq;mq;mq;mq;mq;mq;mq;mq;mq;4.600000;-10;mq;mq;0.000000;-30;1.000000;2.000000;mq;mq;mq;710.000000;1105.000000;3100.000000;mq;6;8;150;8;6;900;mq;mq;mq;mq;mq;mq;
07149;20110911090000;101160;60;0;220;2.600000;289.950000;288.450000;91;20000;61;6;2;90;7;450;38;61;60;100100;mq;mq;mq;mq;mq;mq;mq;mq;mq;mq;mq;6.700000;-10;mq;mq;0.000000;-30;0.200000;0.200000;mq;mq;mq;710.000000;1107.000000;3100.000000;mq;3;8;420;3;6;900;7;6;1500;mq;mq;mq;
07168;20110911090000;101290;-40;6;140;1.500000;289.650000;286.750000;83;12000;95;9;8;90;5;250;39;27;60;99900;mq;mq;mq;mq;mq;mq;mq;mq;mq;mq;mq;4.600000;-10;mq;mq;0.000000;-30;4.000000;9.000000;mq;mq;mq;710.000000;1105.000000;3100.000000;mq;2;8;180;5;9;600;7;3;2400;mq;mq;mq;
07181;20110911090000;101180;-70;8;130;2.600000;293.350000;289.750000;80;45000;0;mq;mq;75;mq;450;mq;mq;mq;97260;mq;mq;mq;mq;mq;mq;mq;mq;mq;mq;mq;4.100000;-10;mq;mq;mq;mq;0.000000;0.000000;mq;mq;mq;710.000000;1104.000000;mq;mq;mq;mq;mq;mq;mq;mq;mq;mq;mq;mq;mq;mq;
07190;20110911090000;101190;-80;8;150;2.100000;298.150000;289.550000;59;45000;0;mq;mq;75;mq;mq;mq;mq;mq;99470;mq;mq;mq;mq;mq;mq;mq;mq;mq;mq;mq;4.100000;-10;mq;mq;mq;mq;0.000000;0.000000;mq;mq;mq;710.000000;1104.000000;mq;mq;mq;mq;mq;mq;mq;mq;mq;mq;mq;mq;mq;mq;
07207;20110911090000;mq;mq;mq;210;6.200000;289.650000;286.550000;82;15000;1;6;2;60;3;800;32;26;10;mq;mq;mq;mq;mq;mq;mq;mq;mq;mq;mq;mq;7.700000;-10;mq;mq;mq;mq;0.000000;7.000000;mq;mq;mq;710.000000;1108.000000;2447.000000;mq;mq;mq;mq;mq;mq;mq;mq;mq;mq;mq;mq;mq;
07222;20110911090000;101110;110;0;120;1.500000;288.150000;287.050000;93;30000;21;6;2;90;7;450;35;61;60;100800;mq;mq;mq;mq;mq;mq;mq;mq;mq;mq;mq;8.200000;-10;mq;mq;mq;mq;0.800000;14.000000;mq;mq;mq;710.000000;1108.000000;mq;mq;2;6;390;6;6;1800;mq;mq;mq;mq;mq;mq;
07240;20110911090000;101230;50;0;180;3.600000;289.750000;288.250000;91;7000;61;mq;mq;100;mq;1250;mq;mq;mq;99910;mq;mq;mq;mq;mq;mq;mq;mq;mq;mq;mq;7.200000;-10;mq;mq;mq;mq;3.000000;6.000000;mq;mq;mq;710.000000;1107.000000;mq;mq;mq;mq;mq;mq;mq;mq;mq;mq;mq;mq;mq;mq;
07255;20110911090000;101300;0;5;200;3.600000;291.850000;289.650000;87;20000;60;9;8;100;7;450;38;61;60;99370;mq;mq;mq;mq;mq;mq;mq;mq;mq;mq;mq;5.100000;-10;mq;mq;0.000000;-30;0.200000;0.200000;mq;mq;mq;710.000000;1105.000000;3100.000000;mq;2;8;300;7;6;1380;mq;mq;mq;mq;mq;mq;
07280;20110911090000;101250;-50;8;200;4.600000;294.050000;289.450000;75;55000;0;mq;mq;100;mq;1250;mq;mq;mq;98640;mq;mq;mq;mq;mq;mq;mq;mq;mq;mq;mq;5.700000;-10;mq;mq;mq;mq;0.000000;0.000000;mq;mq;mq;710.000000;1106.000000;mq;mq;mq;mq;mq;mq;mq;mq;mq;mq;mq;mq;mq;mq;
07299;20110911090000;101250;-90;8;140;1.500000;297.650000;289.150000;59;40000;2;1;1;90;1;3500;30;23;12;98160;mq;mq;mq;mq;mq;mq;mq;mq;mq;mq;mq;5.100000;-10;mq;mq;0.000000;-30;0.000000;0.000000;mq;mq;mq;710.000000;1105.000000;3100.000000;mq;1;3;4500;7;0;7800;mq;mq;mq;mq;mq;mq;
07314;20110911090000;101260;40;0;200;11.300000;292.350000;290.350000;88;8000;2;6;2;100;8;2250;30;29;10;100990;mq;mq;mq;mq;mq;mq;mq;mq;mq;mq;mq;18.000000;-10;mq;mq;mq;mq;0.600000;3.000000;mq;mq;mq;710.000000;1118.000000;2436.000000;mq;7;3;1800;4;4;2400;mq;mq;mq;mq;mq;mq;
07335;20110911090000;101370;110;3;230;5.700000;290.450000;289.350000;93;6000;60;6;2;90;7;450;35;61;60;99960;mq;mq;mq;mq;mq;mq;mq;mq;mq;mq;mq;8.700000;-10;mq;mq;mq;mq;3.000000;3.000000;mq;mq;mq;710.000000;1109.000000;mq;mq;3;7;300;3;6;480;7;6;990;mq;mq;mq;
07434;20110911090000;101470;150;3;230;3.600000;290.450000;288.750000;90;25000;2;1;1;100;8;450;38;61;60;96830;mq;mq;mq;mq;mq;mq;mq;mq;mq;mq;mq;5.700000;-10;mq;mq;0.000000;-30;0.000000;0.000000;mq;mq;mq;710.000000;1106.000000;3100.000000;mq;2;8;390;5;6;1290;7;4;4500;mq;mq;mq;
07460;20110911090000;101240;-40;6;190;7.700000;295.550000;288.850000;66;50000;2;1;1;90;3;1750;32;28;17;97540;mq;mq;mq;mq;mq;mq;mq;mq;mq;mq;mq;11.800000;-10;mq;mq;0.000000;-30;0.000000;0.000000;mq;mq;mq;710.000000;1112.000000;3100.000000;mq;3;8;1500;7;2;6600;mq;mq;mq;mq;mq;mq;
07471;20110911090000;mq;60;3;200;2.100000;292.850000;286.950000;69;35000;2;1;1;90;5;800;35;28;60;92150;85000;17650;mq;mq;mq;mq;mq;mq;mq;mq;mq;5.100000;-10;mq;mq;0.000000;-30;0.000000;0.000000;mq;mq;mq;710.000000;1105.000000;3100.000000;mq;5;6;750;3;3;3600;mq;mq;mq;mq;mq;mq;
07481;20110911090000;101370;0;4;180;5.700000;296.950000;288.750000;60;30000;2;1;1;90;4;3500;30;28;12;98640;mq;mq;mq;mq;mq;mq;mq;mq;mq;mq;mq;11.800000;-10;mq;mq;0.000000;-30;0.000000;0.000000;mq;mq;mq;710.000000;1112.000000;3100.000000;mq;4;3;3000;5;0;7500;mq;mq;mq;mq;mq;mq;
07510;20110911090000;101520;160;3;270;1.500000;292.850000;289.850000;83;20000;2;1;1;90;4;1750;35;27;12;100890;mq;mq;mq;mq;mq;mq;mq;mq;mq;mq;mq;4.100000;-10;mq;mq;0.000000;-30;0.000000;0.000000;mq;mq;mq;710.000000;1104.000000;3100.000000;mq;4;6;1500;3;3;2700;7;0;6300;mq;mq;mq;
07535;20110911090000;101410;110;3;190;4.100000;296.050000;291.550000;76;20000;2;1;1;100;5;800;38;21;60;98440;mq;mq;mq;mq;mq;mq;mq;mq;mq;mq;mq;8.700000;-10;mq;mq;0.000000;-30;0.000000;0.000000;mq;mq;mq;710.000000;1109.000000;3100.000000;mq;1;8;600;5;6;990;7;4;3000;mq;mq;mq;
07558;20110911090000;101510;90;1;140;5.100000;292.350000;289.950000;86;15000;2;1;1;90;7;450;35;61;60;93490;mq;mq;mq;mq;mq;mq;mq;mq;mq;mq;mq;7.700000;-10;mq;mq;0.000000;-30;0.000000;0.000000;mq;mq;mq;710.000000;1108.000000;3100.000000;mq;4;6;300;6;6;480;mq;mq;mq;mq;mq;mq;
07577;20110911090000;101610;10;1;180;4.100000;297.250000;290.450000;66;20000;2;1;1;60;2;1250;31;20;11;100760;mq;mq;mq;mq;mq;mq;mq;mq;mq;mq;mq;7.200000;-10;mq;mq;0.000000;-30;0.000000;0.000000;mq;mq;mq;710.000000;1107.000000;3100.000000;mq;2;8;1200;5;0;6900;mq;mq;mq;mq;mq;mq;
07591;20110911090000;mq;0;5;120;2.100000;295.550000;282.050000;42;mq;0;mq;mq;mq;mq;mq;mq;mq;mq;91970;mq;mq;mq;mq;mq;mq;mq;mq;mq;mq;mq;4.600000;-10;mq;mq;mq;mq;0.000000;0.000000;mq;mq;mq;710.000000;1105.000000;mq;mq;mq;mq;mq;mq;mq;mq;mq;mq;mq;mq;mq;mq;
07607;20110911090000;101550;130;3;80;0.500000;292.950000;290.750000;87;19000;0;mq;mq;mq;mq;mq;mq;mq;mq;100860;mq;mq;mq;mq;mq;mq;mq;mq;mq;mq;mq;2.100000;-10;mq;mq;mq;mq;0.000000;0.000000;mq;mq;mq;710.000000;1102.000000;mq;mq;mq;mq;mq;mq;mq;mq;mq;mq;mq;mq;mq;mq;
07621;20110911090000;101470;70;3;70;1.000000;293.350000;288.950000;76;40000;2;1;1;100;0;8000;30;20;17;97310;mq;mq;mq;mq;mq;mq;mq;mq;mq;mq;mq;2.600000;-10;mq;mq;0.000000;-30;0.000000;0.000000;mq;mq;mq;710.000000;1103.000000;3100.000000;mq;8;2;6600;mq;mq;mq;mq;mq;mq;mq;mq;mq;
07627;20110911090000;101350;10;1;140;2.100000;296.450000;289.250000;64;30000;2;1;1;50;1;3500;30;23;15;96720;mq;mq;mq;mq;mq;mq;mq;mq;mq;mq;mq;4.600000;-10;mq;mq;0.000000;-30;0.000000;0.000000;mq;mq;mq;710.000000;1105.000000;3100.000000;mq;1;3;4500;3;0;6000;mq;mq;mq;mq;mq;mq;
07630;20110911090000;101450;50;3;170;1.500000;297.750000;290.950000;66;40000;2;1;1;90;2;800;31;23;12;99740;mq;mq;mq;mq;mq;mq;mq;mq;mq;mq;mq;5.100000;-10;mq;mq;0.000000;-30;0.000000;0.000000;mq;mq;mq;710.000000;1105.000000;3100.000000;mq;2;8;600;7;0;7800;mq;mq;mq;mq;mq;mq;
07643;20110911090000;101680;90;2;110;5.100000;297.450000;292.550000;74;15000;2;1;1;60;4;450;38;20;11;101590;mq;mq;mq;mq;mq;mq;mq;mq;mq;mq;mq;6.700000;-10;mq;mq;mq;mq;0.000000;0.000000;mq;mq;mq;710.000000;1107.000000;mq;mq;2;8;360;3;6;690;mq;mq;mq;mq;mq;mq;
07650;20110911090000;101630;-20;8;130;3.100000;300.450000;290.050000;53;40000;2;1;1;10;0;8000;30;20;12;101260;mq;mq;mq;mq;mq;mq;mq;mq;mq;mq;mq;5.700000;-10;mq;mq;0.000000;-30;0.000000;0.000000;mq;mq;mq;710.000000;1106.000000;3100.000000;mq;1;0;7800;mq;mq;mq;mq;mq;mq;mq;mq;mq;
07661;20110911090000;101750;90;2;130;4.100000;297.250000;292.350000;74;20000;2;1;1;50;1;450;32;22;10;100210;mq;mq;mq;mq;mq;mq;mq;mq;mq;mq;mq;7.200000;-10;mq;mq;mq;mq;0.000000;0.000000;mq;mq;mq;710.000000;1107.000000;mq;mq;1;8;480;3;4;2400;mq;mq;mq;mq;mq;mq;
07690;20110911090000;101810;80;2;110;2.600000;298.450000;293.050000;72;30000;2;1;1;25;2;800;31;20;10;101490;mq;mq;mq;mq;mq;mq;mq;mq;mq;mq;mq;3.100000;-10;mq;mq;0.000000;-30;0.000000;0.000000;mq;mq;mq;710.000000;1103.000000;3100.000000;mq;2;6;600;mq;mq;mq;mq;mq;mq;mq;mq;mq;
07747;20110911090000;101440;50;2;50;2.100000;298.750000;292.850000;70;20000;2;1;1;25;2;450;31;20;11;100940;mq;mq;mq;mq;mq;mq;mq;mq;mq;mq;mq;4.100000;-10;mq;mq;0.000000;-30;0.000000;0.000000;mq;mq;mq;710.000000;1104.000000;3100.000000;mq;2;8;360;mq;mq;mq;mq;mq;mq;mq;mq;mq;
07761;20110911090000;101700;90;1;230;1.500000;299.250000;289.250000;54;40000;2;1;1;10;0;mq;30;20;11;101600;mq;mq;mq;mq;mq;mq;mq;mq;mq;mq;mq;2.100000;-10;mq;mq;0.000000;-30;0.000000;0.000000;mq;mq;mq;710.000000;1102.000000;3100.000000;mq;1;0;7800;mq;mq;mq;mq;mq;mq;mq;mq;mq;
07790;20110911090000;101720;0;5;120;4.100000;299.850000;293.450000;68;20000;2;1;1;10;1;450;31;20;11;101580;mq;mq;mq;mq;mq;mq;mq;mq;mq;mq;mq;6.700000;-10;mq;mq;0.000000;-30;0.000000;0.000000;mq;mq;mq;710.000000;1107.000000;3100.000000;mq;1;8;390;mq;mq;mq;mq;mq;mq;mq;mq;mq;
61968;20110911090000;101770;mq;mq;120;7.200000;302.050000;288.250000;43;mq;mq;mq;mq;mq;mq;mq;mq;mq;mq;mq;mq;mq;mq;mq;mq;mq;mq;mq;mq;mq;mq;14.400000;-10;mq;mq;mq;mq;0.000000;0.000000;mq;mq;mq;710.000000;1114.000000;mq;mq;mq;mq;mq;mq;mq;mq;mq;mq;mq;mq;mq;mq;
61970;20110911090000;102110;mq;mq;mq;mq;301.450000;287.650000;43;mq;mq;mq;mq;mq;mq;mq;mq;mq;mq;mq;mq;mq;100;mq;mq;mq;mq;mq;mq;mq;mq;mq;mq;mq;mq;mq;mq;0.000000;0.000000;mq;mq;mq;mq;mq;mq;mq;mq;mq;mq;mq;mq;mq;mq;mq;mq;mq;mq;mq;
61972;20110911090000;102190;mq;mq;80;5.100000;301.350000;293.150000;61;mq;mq;mq;mq;mq;mq;mq;mq;mq;mq;mq;mq;mq;110;mq;mq;mq;mq;mq;mq;mq;mq;9.800000;-10;mq;mq;mq;mq;0.000000;0.000000;mq;mq;mq;710.000000;1110.000000;mq;mq;mq;mq;mq;mq;mq;mq;mq;mq;mq;mq;mq;mq;
61976;20110911090000;102000;mq;mq;130;11.300000;300.050000;291.650000;60;mq;mq;mq;mq;mq;mq;mq;mq;mq;mq;101850;mq;mq;20;mq;mq;mq;mq;mq;mq;mq;mq;mq;mq;mq;mq;mq;mq;mq;0.000000;mq;mq;mq;mq;mq;mq;mq;mq;mq;mq;mq;mq;mq;mq;mq;mq;mq;mq;mq;
61980;20110911090000;102370;mq;mq;110;12.300000;298.450000;288.150000;53;12000;2;1;1;25;2;800;38;20;10;mq;mq;mq;120;mq;mq;mq;mq;mq;mq;mq;mq;15.900000;-10;mq;mq;mq;mq;0.000000;0.000000;mq;mq;mq;710.000000;1116.000000;2437.000000;mq;2;8;690;mq;mq;mq;mq;mq;mq;mq;mq;mq;
61996;20110911090000;mq;mq;mq;mq;mq;284.650000;mq;mq;mq;mq;mq;mq;mq;mq;mq;mq;mq;mq;mq;mq;mq;2340;mq;mq;mq;mq;mq;mq;mq;mq;mq;mq;mq;mq;mq;mq;0.000000;0.000000;mq;mq;mq;mq;mq;mq;mq;mq;mq;mq;mq;mq;mq;mq;mq;mq;mq;mq;mq;
61997;20110911090000;100190;mq;mq;290;14.400000;278.450000;276.450000;87;mq;mq;mq;mq;mq;mq;mq;mq;mq;mq;mq;mq;mq;mq;mq;mq;mq;mq;mq;mq;mq;mq;34.500000;-30;mq;mq;mq;mq;mq;1.000000;mq;mq;mq;1134.000000;mq;mq;mq;mq;mq;mq;mq;mq;mq;mq;mq;mq;mq;mq;mq;
61998;20110911090000;101670;mq;mq;300;6.200000;277.450000;270.550000;61;50000;2;1;1;40;1;800;31;20;11;mq;mq;mq;640;mq;mq;mq;mq;mq;mq;mq;mq;12.900000;-10;mq;mq;mq;mq;0.000000;0.000000;mq;mq;mq;710.000000;1113.000000;mq;mq;1;8;600;3;0;7500;mq;mq;mq;mq;mq;mq;
67005;20110911090000;101920;mq;mq;60;3.600000;297.550000;293.650000;79;15000;16;8;2;90;7;800;32;61;60;mq;mq;mq;70;mq;mq;mq;mq;mq;mq;mq;mq;9.800000;-10;mq;mq;mq;mq;0.200000;1.000000;mq;mq;mq;710.000000;1110.000000;mq;mq;7;8;600;mq;mq;mq;mq;mq;mq;mq;mq;mq;
71805;20110911090000;101710;280;1;80;3.100000;281.550000;279.050000;84;20000;2;1;1;60;5;1250;35;20;10;101620;mq;mq;mq;mq;mq;mq;mq;mq;mq;mq;mq;4.100000;-10;mq;mq;0.000000;-30;0.000000;0.000000;mq;mq;mq;710.000000;1104.000000;3100.000000;mq;5;6;1380;mq;mq;mq;mq;mq;mq;mq;mq;mq;
78897;20110911090000;101160;120;3;150;7.200000;299.950000;297.750000;88;17000;61;mq;mq;mq;mq;800;mq;mq;mq;mq;mq;mq;340;mq;mq;mq;mq;mq;mq;mq;mq;mq;mq;mq;mq;mq;mq;mq;mq;mq;mq;mq;mq;mq;mq;mq;mq;mq;mq;mq;mq;mq;mq;mq;mq;mq;mq;mq;
78922;20110911090000;101180;60;3;190;11.800000;301.050000;296.850000;78;mq;mq;mq;mq;mq;mq;mq;mq;mq;mq;100740;mq;mq;mq;mq;mq;mq;mq;mq;mq;mq;mq;mq;mq;mq;mq;mq;mq;mq;mq;mq;mq;mq;mq;mq;mq;mq;mq;mq;mq;mq;mq;mq;mq;mq;mq;mq;mq;mq;
78925;20110911090000;101190;0;5;120;2.600000;299.250000;297.450000;90;60000;0;mq;mq;mq;mq;mq;mq;mq;mq;mq;mq;mq;370;mq;mq;mq;mq;mq;mq;mq;mq;mq;mq;mq;mq;mq;mq;mq;mq;mq;mq;mq;mq;mq;mq;mq;mq;mq;mq;mq;mq;mq;mq;mq;mq;mq;mq;mq;
81401;20110911090000;101400;mq;mq;160;1.000000;296.850000;295.450000;92;mq;mq;mq;mq;mq;mq;mq;mq;mq;mq;101340;mq;mq;mq;mq;mq;mq;mq;mq;mq;mq;mq;mq;mq;mq;mq;mq;mq;mq;0.000000;mq;mq;mq;mq;mq;mq;mq;mq;mq;mq;mq;mq;mq;mq;mq;mq;mq;mq;mq;
81405;20110911090000;101450;mq;mq;230;0.500000;295.750000;295.550000;99;45000;0;mq;mq;90;mq;450;mq;mq;mq;101360;mq;mq;mq;mq;mq;mq;mq;mq;mq;mq;mq;mq;mq;mq;mq;mq;mq;mq;0.000000;mq;mq;mq;mq;mq;mq;mq;mq;mq;mq;mq;mq;mq;mq;mq;mq;mq;mq;mq;
81408;20110911090000;101440;mq;mq;0;0.000000;295.050000;294.750000;98;mq;mq;mq;mq;mq;mq;mq;mq;mq;mq;101360;mq;mq;mq;mq;mq;mq;mq;mq;mq;mq;mq;mq;mq;mq;mq;mq;mq;mq;0.000000;mq;mq;mq;mq;mq;mq;mq;mq;mq;mq;mq;mq;mq;mq;mq;mq;mq;mq;mq;
89642;20110911090000;99730;100;3;140;7.700000;258.550000;251.850000;53;40000;2;1;1;100;7;1250;35;61;60;99170;mq;mq;mq;mq;mq;mq;mq;mq;mq;mq;mq;mq;mq;mq;mq;mq;mq;mq;mq;mq;mq;mq;mq;mq;mq;mq;7;6;1080;mq;mq;mq;mq;mq;mq;mq;mq;mq;
07005;20110911120000;100930;0;5;210;6.700000;290.750000;286.650000;77;15000;61;6;2;100;8;450;38;61;60;100060;mq;mq;mq;mq;mq;mq;mq;mq;mq;mq;mq;10.300000;-10;mq;mq;0.000000;-60;0.000000;0.200000;0.200000;mq;mq;710.000000;1110.000000;3100.000000;mq;1;8;390;5;8;600;5;6;1290;mq;mq;mq;
07015;20110911120000;100930;-20;5;210;5.100000;291.250000;288.150000;82;25000;3;6;2;90;6;450;31;27;60;100380;mq;mq;mq;mq;mq;mq;mq;mq;mq;mq;mq;10.300000;-10;mq;mq;0.000000;-60;0.000000;0.400000;0.400000;mq;mq;710.000000;1110.000000;3100.000000;mq;6;8;480;7;3;2400;mq;mq;mq;mq;mq;mq;
07020;20110911120000;100890;90;3;230;10.300000;291.050000;288.150000;83;mq;mq;mq;mq;mq;mq;mq;mq;mq;mq;100630;mq;mq;mq;mq;mq;mq;mq;mq;mq;mq;mq;13.900000;-10;mq;mq;mq;mq;0.000000;0.000000;0.000000;mq;mq;710.000000;1114.000000;mq;mq;mq;mq;mq;mq;mq;mq;mq;mq;mq;mq;mq;mq;
07027;20110911120000;100980;60;1;220;6.200000;290.150000;287.250000;83;30000;21;6;2;75;3;450;38;27;11;100190;mq;mq;mq;mq;mq;mq;mq;mq;mq;mq;mq;8.700000;-10;mq;mq;0.000000;-60;0.400000;1.000000;1.000000;mq;mq;710.000000;1109.000000;3100.000000;mq;2;8;570;4;3;2400;mq;mq;mq;mq;mq;mq;
07037;20110911120000;101020;0;5;220;3.100000;288.250000;287.750000;97;15000;21;6;2;100;8;150;38;61;60;99230;mq;mq;mq;mq;mq;mq;mq;mq;mq;mq;mq;8.700000;-10;mq;mq;0.000000;-60;9.000000;10.000000;11.000000;mq;mq;710.000000;1109.000000;3100.000000;mq;1;8;120;4;6;450;7;6;990;mq;mq;mq;
07110;20110911120000;101030;160;3;240;8.700000;290.950000;285.650000;71;30000;1;8;6;75;5;800;38;20;11;99920;mq;mq;mq;mq;mq;mq;mq;mq;mq;mq;mq;13.400000;-10;mq;mq;mq;mq;0.000000;0.000000;3.000000;mq;mq;710.000000;1113.000000;mq;mq;4;8;810;4;0;6900;mq;mq;mq;mq;mq;mq;
07117;20110911120000;100950;170;3;270;8.200000;290.650000;285.750000;73;15000;25;8;2;75;4;450;33;20;14;100270;mq;mq;mq;mq;mq;mq;mq;mq;mq;mq;mq;12.900000;-10;mq;mq;mq;mq;0.000000;0.000000;0.000000;mq;mq;710.000000;1113.000000;2437.000000;mq;mq;mq;mq;mq;mq;mq;mq;mq;mq;mq;mq;mq;
07130;20110911120000;101100;200;1;230;5.700000;293.150000;287.550000;70;35000;0;mq;mq;100;mq;800;mq;mq;mq;100600;mq;mq;mq;mq;mq;mq;mq;mq;mq;mq;mq;9.800000;-10;mq;mq;mq;mq;0.000000;0.000000;6.000000;mq;mq;710.000000;1110.000000;mq;mq;mq;mq;mq;mq;mq;mq;mq;mq;mq;mq;mq;mq;
07139;20110911120000;101060;20;3;200;3.600000;289.350000;286.850000;85;40000;1;6;2;90;7;250;32;61;60;99370;mq;mq;mq;mq;mq;mq;mq;mq;mq;mq;mq;6.200000;-10;mq;mq;0.000000;-60;0.000000;3.000000;5.000000;mq;mq;710.000000;1106.000000;3100.000000;mq;2;8;180;7;8;450;mq;mq;mq;mq;mq;mq;
07149;20110911120000;101150;-10;8;200;5.700000;289.950000;288.150000;89;18000;61;6;2;90;7;800;38;61;60;100090;mq;mq;mq;mq;mq;mq;mq;mq;mq;mq;mq;9.800000;-10;mq;mq;0.000000;-60;0.600000;2.000000;3.000000;mq;mq;710.000000;1110.000000;3100.000000;mq;2;8;750;7;6;1800;mq;mq;mq;mq;mq;mq;
07168;20110911120000;101310;30;1;200;4.100000;290.950000;288.050000;83;20000;1;9;8;90;5;800;32;27;60;99930;mq;mq;mq;mq;mq;mq;mq;mq;mq;mq;mq;5.700000;-10;mq;mq;0.000000;-60;0.000000;4.000000;13.000000;mq;mq;710.000000;1106.000000;3100.000000;mq;5;8;690;7;3;2400;mq;mq;mq;mq;mq;mq;
07181;20110911120000;101230;10;3;330;3.600000;290.350000;289.550000;95;10000;61;mq;mq;100;mq;250;mq;mq;mq;97270;mq;mq;mq;mq;mq;mq;mq;mq;mq;mq;mq;10.300000;-10;mq;mq;mq;mq;0.000000;0.000000;0.000000;mq;mq;710.000000;1110.000000;mq;mq;mq;mq;mq;mq;mq;mq;mq;mq;mq;mq;mq;mq;
07190;20110911120000;101050;-130;6;220;3.100000;299.750000;290.250000;56;60000;0;mq;mq;75;mq;mq;mq;mq;mq;99340;mq;mq;mq;mq;mq;mq;mq;mq;mq;mq;mq;5.700000;-10;mq;mq;mq;mq;0.000000;0.000000;0.000000;mq;mq;710.000000;1106.000000;mq;mq;mq;mq;mq;mq;mq;mq;mq;mq;mq;mq;mq;mq;
07207;20110911120000;mq;mq;mq;260;6.700000;291.050000;287.550000;80;mq;mq;mq;mq;mq;mq;mq;mq;mq;mq;mq;mq;mq;mq;mq;mq;mq;mq;mq;mq;mq;mq;10.800000;-10;mq;mq;mq;mq;0.000000;0.000000;7.000000;mq;mq;710.000000;1111.000000;mq;mq;mq;mq;mq;mq;mq;mq;mq;mq;mq;mq;mq;mq;
07222;20110911120000;101180;70;1;260;2.600000;291.650000;287.950000;79;30000;3;6;1;25;2;800;32;23;11;100870;mq;mq;mq;mq;mq;mq;mq;mq;mq;mq;mq;4.100000;-10;mq;mq;mq;mq;0.000000;3.000000;16.000000;mq;mq;710.000000;1104.000000;mq;mq;2;8;600;mq;mq;mq;mq;mq;mq;mq;mq;mq;
07240;20110911120000;101150;-70;8;200;4.600000;290.150000;289.350000;95;1600;65;mq;mq;100;mq;250;mq;mq;mq;99840;mq;mq;mq;mq;mq;mq;mq;mq;mq;mq;mq;8.700000;-10;mq;mq;mq;mq;6.000000;10.000000;15.000000;mq;mq;710.000000;1109.000000;mq;mq;mq;mq;mq;mq;mq;mq;mq;mq;mq;mq;mq;mq;
07255;20110911120000;101320;20;0;220;4.100000;291.850000;289.450000;86;18000;61;9;8;100;7;800;38;61;60;99390;mq;mq;mq;mq;mq;mq;mq;mq;mq;mq;mq;6.700000;-10;mq;mq;0.000000;-60;0.400000;0.600000;0.800000;mq;mq;710.000000;1107.000000;3100.000000;mq;5;8;600;7;6;1500;mq;mq;mq;mq;mq;mq;
07280;20110911120000;101210;-10;5;200;5.700000;297.150000;289.150000;61;55000;0;mq;mq;mq;mq;1250;mq;mq;mq;98630;mq;mq;mq;mq;mq;mq;mq;mq;mq;mq;mq;8.700000;-10;mq;mq;mq;mq;0.000000;0.000000;0.000000;mq;mq;710.000000;1109.000000;mq;mq;mq;mq;mq;mq;mq;mq;mq;mq;mq;mq;mq;mq;
07299;20110911120000;101040;-180;6;320;5.100000;300.450000;289.150000;50;40000;2;1;1;90;1;1750;31;23;12;97980;mq;mq;mq;mq;mq;mq;mq;mq;mq;mq;mq;7.700000;-10;mq;mq;0.000000;-60;0.000000;0.000000;0.000000;mq;mq;710.000000;1108.000000;3100.000000;mq;1;8;1500;7;0;6900;mq;mq;mq;mq;mq;mq;
07314;20110911120000;101250;-10;5;230;14.900000;293.050000;290.850000;87;8000;60;6;2;75;4;450;32;27;10;100980;mq;mq;mq;mq;mq;mq;mq;mq;mq;mq;20.600000;22.600000;-10;mq;mq;mq;mq;0.200000;0.400000;3.000000;mq;mq;1021.000000;710.000000;1123.000000;2436.000000;2;6;480;3;8;600;mq;mq;mq;mq;mq;mq;
07335;20110911120000;101260;-90;5;220;9.300000;293.650000;289.650000;78;25000;3;6;2;90;7;450;38;61;60;99870;mq;mq;mq;mq;mq;mq;mq;mq;mq;mq;mq;13.400000;-10;mq;mq;mq;mq;0.000000;3.000000;6.000000;mq;mq;710.000000;1113.000000;mq;mq;3;8;540;7;6;1500;mq;mq;mq;mq;mq;mq;
07434;20110911120000;101390;-60;8;180;4.600000;291.650000;287.750000;78;40000;2;1;1;90;1;800;32;27;60;96770;mq;mq;mq;mq;mq;mq;mq;mq;mq;mq;mq;6.700000;-10;mq;mq;0.000000;-60;0.000000;0.000000;0.000000;mq;mq;710.000000;1107.000000;3100.000000;mq;1;8;750;7;3;3900;mq;mq;mq;mq;mq;mq;
07460;20110911120000;101310;90;3;250;4.100000;297.950000;288.550000;56;40000;2;1;1;90;3;1250;33;28;17;97630;mq;mq;mq;mq;mq;mq;mq;mq;mq;mq;mq;9.800000;-10;mq;mq;0.000000;-60;0.000000;0.000000;0.000000;mq;mq;710.000000;1110.000000;3100.000000;mq;3;8;1200;1;9;1290;3;3;3600;7;2;6900;
07471;20110911120000;mq;50;1;200;2.600000;293.950000;287.350000;66;30000;2;1;1;90;7;800;32;61;60;92200;85000;17700;mq;mq;mq;mq;mq;mq;mq;mq;mq;7.200000;-10;mq;mq;0.000000;-60;0.000000;0.000000;0.000000;mq;mq;710.000000;1107.000000;3100.000000;mq;7;8;900;mq;mq;mq;mq;mq;mq;mq;mq;mq;
07481;20110911120000;101350;0;0;200;9.800000;299.950000;284.850000;39;30000;2;1;1;90;5;3500;30;28;12;98640;mq;mq;mq;mq;mq;mq;mq;mq;mq;mq;mq;16.500000;-10;mq;mq;0.000000;-60;0.000000;0.000000;0.000000;mq;mq;710.000000;1116.000000;3100.000000;mq;5;3;3000;6;0;7500;mq;mq;mq;mq;mq;mq;
07510;20110911120000;101550;30;3;200;5.100000;295.350000;289.350000;69;20000;3;6;2;90;2;800;38;28;12;100920;mq;mq;mq;mq;mq;mq;mq;mq;mq;mq;mq;7.200000;-10;mq;mq;0.000000;-60;0.000000;0.000000;0.000000;mq;mq;710.000000;1107.000000;3100.000000;mq;1;8;660;6;3;4500;7;0;5400;mq;mq;mq;
07535;20110911120000;101540;110;0;190;1.500000;295.350000;290.750000;75;mq;mq;mq;mq;mq;mq;mq;mq;mq;mq;98550;mq;mq;mq;mq;mq;mq;mq;mq;mq;mq;mq;4.100000;-10;mq;mq;mq;mq;0.000000;0.000000;0.000000;mq;mq;710.000000;1104.000000;mq;mq;mq;mq;mq;mq;mq;mq;mq;mq;mq;mq;mq;mq;
07558;20110911120000;101550;100;1;200;4.100000;294.850000;289.550000;72;mq;mq;mq;mq;mq;mq;mq;mq;mq;mq;93590;mq;mq;mq;mq;mq;mq;mq;mq;mq;mq;mq;8.200000;-10;mq;mq;mq;mq;0.000000;0.000000;0.000000;mq;mq;710.000000;1108.000000;mq;mq;mq;mq;mq;mq;mq;mq;mq;mq;mq;mq;mq;mq;
07577;20110911120000;101570;-30;6;220;5.100000;301.150000;288.750000;47;20000;2;1;1;75;2;1250;31;20;12;100730;mq;mq;mq;mq;mq;mq;mq;mq;mq;mq;mq;9.300000;-10;mq;mq;0.000000;-60;0.000000;0.000000;0.000000;mq;mq;710.000000;1109.000000;3100.000000;mq;2;8;1200;6;0;6900;mq;mq;mq;mq;mq;mq;
07591;20110911120000;mq;-160;6;240;4.600000;301.650000;277.150000;21;mq;0;mq;mq;mq;mq;mq;mq;mq;mq;91810;mq;mq;mq;mq;mq;mq;mq;mq;mq;mq;mq;9.300000;-10;mq;mq;mq;mq;0.000000;0.000000;0.000000;mq;mq;710.000000;1109.000000;mq;mq;mq;mq;mq;mq;mq;mq;mq;mq;mq;mq;mq;mq;
07607;20110911120000;101660;120;1;210;1.500000;295.850000;290.050000;70;55000;0;mq;mq;100;mq;800;mq;mq;mq;100980;mq;mq;mq;mq;mq;mq;mq;mq;mq;mq;mq;6.200000;-10;mq;mq;mq;mq;0.000000;0.000000;0.000000;mq;mq;710.000000;1106.000000;mq;mq;mq;mq;mq;mq;mq;mq;mq;mq;mq;mq;mq;mq;
07621;20110911120000;101650;210;2;350;1.000000;296.350000;290.350000;69;40000;2;1;1;100;2;1250;31;20;17;97520;mq;mq;mq;mq;mq;mq;mq;mq;mq;mq;mq;2.100000;-10;mq;mq;0.000000;-60;0.000000;0.000000;0.000000;mq;mq;710.000000;1102.000000;3100.000000;mq;2;8;1200;8;2;6300;mq;mq;mq;mq;mq;mq;
07627;20110911120000;101570;220;1;310;1.000000;297.350000;290.350000;65;20000;2;1;1;100;2;1750;35;21;17;96940;mq;mq;mq;mq;mq;mq;mq;mq;mq;mq;mq;2.600000;-10;mq;mq;0.000000;-60;0.000000;0.000000;0.000000;mq;mq;710.000000;1103.000000;3100.000000;mq;2;6;1500;5;4;3900;8;2;5400;mq;mq;mq;
07630;20110911120000;101600;150;2;260;1.000000;298.650000;291.350000;64;40000;2;1;1;100;3;800;38;20;12;99890;mq;mq;mq;mq;mq;mq;mq;mq;mq;mq;mq;3.100000;-10;mq;mq;0.000000;-60;0.000000;0.000000;0.000000;mq;mq;710.000000;1103.000000;3100.000000;mq;2;8;840;7;0;6300;mq;mq;mq;mq;mq;mq;
07643;20110911120000;101710;30;3;130;3.100000;297.850000;293.150000;75;18000;2;1;1;90;5;450;38;20;12;101620;mq;mq;mq;mq;mq;mq;mq;mq;mq;mq;mq;5.100000;-10;mq;mq;mq;mq;0.000000;0.000000;0.000000;mq;mq;710.000000;1105.000000;mq;mq;1;7;300;4;6;1080;mq;mq;mq;mq;mq;mq;
07650;20110911120000;101590;-30;7;170;5.700000;303.350000;282.850000;28;40000;2;1;1;10;0;8000;30;20;12;101230;mq;mq;mq;mq;mq;mq;mq;mq;mq;mq;mq;9.300000;-10;mq;mq;0.000000;-60;0.000000;0.000000;0.000000;mq;mq;710.000000;1109.000000;3100.000000;mq;1;0;7800;mq;mq;mq;mq;mq;mq;mq;mq;mq;
07661;20110911120000;101660;-80;6;130;4.100000;298.450000;292.850000;71;20000;2;1;1;25;1;450;32;22;10;100130;mq;mq;mq;mq;mq;mq;mq;mq;mq;mq;mq;8.200000;-10;mq;mq;mq;mq;0.000000;0.000000;0.000000;mq;mq;710.000000;1108.000000;mq;mq;1;8;480;mq;mq;mq;mq;mq;mq;mq;mq;mq;
07690;20110911120000;101730;-80;8;120;2.600000;299.050000;293.150000;70;25000;2;1;1;10;1;450;32;20;10;101410;mq;mq;mq;mq;mq;mq;mq;mq;mq;mq;mq;4.600000;-10;mq;mq;0.000000;-60;0.000000;0.000000;0.000000;mq;mq;710.000000;1105.000000;3100.000000;mq;1;8;570;mq;mq;mq;mq;mq;mq;mq;mq;mq;
07747;20110911120000;101460;20;3;50;4.600000;301.950000;292.850000;58;25000;2;1;1;90;7;800;31;20;16;100960;mq;mq;mq;mq;mq;mq;mq;mq;mq;mq;mq;7.200000;-10;mq;mq;0.000000;-60;0.000000;0.000000;0.000000;mq;mq;710.000000;1107.000000;3100.000000;mq;1;8;690;7;0;6900;mq;mq;mq;mq;mq;mq;
07761;20110911120000;101600;-100;6;230;4.600000;301.750000;292.350000;57;40000;2;1;1;10;1;1250;31;20;11;101500;mq;mq;mq;mq;mq;mq;mq;mq;mq;mq;mq;5.700000;-10;mq;mq;0.000000;-60;0.000000;0.000000;0.000000;mq;mq;710.000000;1106.000000;3100.000000;mq;1;8;1380;mq;mq;mq;mq;mq;mq;mq;mq;mq;
07790;20110911120000;101660;-60;8;110;5.100000;300.450000;294.050000;68;20000;2;1;1;25;1;450;35;20;11;101520;mq;mq;mq;mq;mq;mq;mq;mq;mq;mq;mq;7.700000;-10;mq;mq;0.000000;-60;0.000000;0.000000;0.000000;mq;mq;710.000000;1108.000000;3100.000000;mq;1;6;480;mq;mq;mq;mq;mq;mq;mq;mq;mq;
61968;20110911120000;101660;mq;mq;110;4.100000;301.150000;290.950000;54;mq;mq;mq;mq;mq;mq;mq;mq;mq;mq;mq;mq;mq;30;mq;mq;mq;mq;mq;mq;mq;mq;9.800000;-10;mq;mq;mq;mq;0.000000;mq;0.000000;mq;mq;710.000000;1110.000000;mq;mq;mq;mq;mq;mq;mq;mq;mq;mq;mq;mq;mq;mq;
61970;20110911120000;101910;mq;mq;mq;mq;300.950000;288.950000;48;mq;mq;mq;mq;mq;mq;mq;mq;mq;mq;mq;mq;mq;100;mq;mq;mq;mq;mq;mq;mq;mq;mq;mq;mq;mq;mq;mq;0.000000;mq;0.000000;mq;mq;mq;mq;mq;mq;mq;mq;mq;mq;mq;mq;mq;mq;mq;mq;mq;mq;
61972;20110911120000;102000;mq;mq;70;3.600000;300.550000;293.650000;66;mq;mq;mq;mq;mq;mq;mq;mq;mq;mq;mq;mq;mq;40;mq;mq;mq;mq;mq;mq;mq;mq;6.700000;-10;mq;mq;mq;mq;0.000000;mq;0.000000;mq;mq;710.000000;1107.000000;mq;mq;mq;mq;mq;mq;mq;mq;mq;mq;mq;mq;mq;mq;
61976;20110911120000;101910;mq;mq;130;10.300000;298.750000;292.650000;69;mq;mq;mq;mq;mq;mq;mq;mq;mq;mq;101760;mq;mq;30;mq;mq;mq;mq;mq;mq;mq;mq;mq;mq;mq;mq;mq;mq;mq;mq;mq;mq;mq;mq;mq;mq;mq;mq;mq;mq;mq;mq;mq;mq;mq;mq;mq;mq;mq;
61980;20110911120000;102300;mq;mq;120;11.300000;296.750000;288.050000;58;12000;2;1;1;40;2;800;38;20;10;mq;mq;mq;100;mq;mq;mq;mq;mq;mq;mq;mq;17.500000;-10;mq;mq;mq;mq;0.000000;mq;0.000000;mq;mq;710.000000;1117.000000;2437.000000;mq;2;8;690;mq;mq;mq;mq;mq;mq;mq;mq;mq;
61996;20110911120000;mq;mq;mq;mq;mq;282.350000;mq;mq;mq;mq;mq;mq;mq;mq;mq;mq;mq;mq;mq;mq;mq;1940;mq;mq;mq;mq;mq;mq;mq;mq;mq;mq;mq;mq;mq;mq;0.000000;mq;0.000000;mq;mq;mq;mq;mq;mq;mq;mq;mq;mq;mq;mq;mq;mq;mq;mq;mq;mq;
61997;20110911120000;100470;mq;mq;260;20.100000;278.150000;275.650000;84;mq;mq;mq;mq;mq;mq;mq;mq;mq;mq;mq;mq;mq;mq;mq;mq;mq;mq;mq;mq;mq;mq;34.500000;-60;mq;mq;mq;mq;mq;mq;2.000000;mq;mq;1134.000000;mq;mq;mq;mq;mq;mq;mq;mq;mq;mq;mq;mq;mq;mq;mq;
61998;20110911120000;101440;mq;mq;330;7.200000;275.950000;271.250000;71;50000;2;1;1;75;1;800;31;23;16;mq;mq;mq;320;mq;mq;mq;mq;mq;mq;mq;mq;12.300000;-10;mq;mq;mq;mq;0.000000;mq;0.000000;mq;mq;710.000000;1112.000000;mq;mq;1;8;600;3;3;3000;5;0;7500;mq;mq;mq;
67005;20110911120000;101770;mq;mq;90;4.600000;298.850000;291.750000;65;20000;3;8;2;90;5;800;38;25;10;mq;mq;mq;90;mq;mq;mq;mq;mq;mq;mq;mq;6.200000;-10;mq;mq;mq;mq;0.000000;mq;2.000000;mq;mq;710.000000;1106.000000;mq;mq;4;8;660;3;6;1800;mq;mq;mq;mq;mq;mq;
71805;20110911120000;101880;170;1;130;1.500000;285.150000;279.650000;69;20000;2;1;1;75;6;1250;35;20;10;101790;mq;mq;mq;mq;mq;mq;mq;mq;mq;mq;mq;3.600000;-10;mq;mq;0.000000;-60;0.000000;0.000000;0.000000;mq;mq;710.000000;1104.000000;3100.000000;mq;6;6;1290;mq;mq;mq;mq;mq;mq;mq;mq;mq;
78897;20110911120000;101350;190;3;160;6.200000;300.250000;297.850000;87;15000;61;9;8;100;5;800;38;27;12;mq;mq;mq;430;298.550000;mq;mq;304.350000;mq;mq;mq;mq;mq;mq;mq;mq;mq;mq;mq;mq;5.000000;mq;30.400000;mq;mq;mq;mq;3;8;600;3;6;1200;5;3;3000;mq;mq;mq;
78922;20110911120000;101390;210;3;190;9.300000;302.750000;297.350000;73;mq;mq;mq;mq;mq;mq;mq;mq;mq;mq;100950;mq;mq;mq;mq;mq;mq;mq;mq;mq;mq;mq;mq;mq;mq;mq;mq;mq;mq;mq;mq;mq;mq;mq;mq;mq;mq;mq;mq;mq;mq;mq;mq;mq;mq;mq;mq;mq;mq;
78925;20110911120000;101420;230;3;140;3.600000;303.450000;299.350000;79;25000;2;1;1;90;4;800;38;23;12;mq;mq;mq;440;298.650000;mq;mq;304.250000;mq;mq;mq;mq;mq;mq;mq;mq;mq;mq;mq;mq;0.000000;mq;35.300000;mq;mq;mq;mq;3;8;690;5;0;7800;mq;mq;mq;mq;mq;mq;
81401;20110911120000;101570;mq;mq;150;2.100000;300.250000;296.750000;81;mq;mq;mq;mq;mq;mq;mq;mq;mq;mq;101510;mq;mq;mq;295.950000;mq;mq;mq;mq;mq;mq;mq;mq;mq;mq;mq;mq;mq;mq;0.000000;mq;mq;0.000000;mq;mq;mq;mq;mq;mq;mq;mq;mq;mq;mq;mq;mq;mq;mq;mq;
81405;20110911120000;101610;mq;mq;100;3.100000;301.350000;297.950000;82;60000;0;mq;mq;75;mq;450;mq;mq;mq;101520;mq;mq;mq;295.650000;mq;mq;mq;mq;mq;mq;mq;mq;mq;mq;mq;mq;mq;mq;0.000000;mq;mq;3.000000;mq;mq;mq;mq;mq;mq;mq;mq;mq;mq;mq;mq;mq;mq;mq;mq;
81408;20110911120000;101610;mq;mq;40;0.500000;300.750000;296.950000;80;mq;mq;mq;mq;mq;mq;mq;mq;mq;mq;101530;mq;mq;mq;294.550000;mq;mq;mq;mq;mq;mq;mq;mq;mq;mq;mq;mq;mq;mq;0.000000;mq;mq;8.000000;mq;mq;mq;mq;mq;mq;mq;mq;mq;mq;mq;mq;mq;mq;mq;mq;
89642;20110911120000;99770;40;3;140;13.400000;258.850000;251.950000;52;8000;70;7;2;100;7;1250;35;61;60;99210;mq;mq;mq;256.450000;mq;259.050000;mq;mq;mq;mq;mq;19.000000;-60;mq;mq;mq;mq;mq;mq;mq;mq;mq;1119.000000;mq;mq;mq;7;6;1080;mq;mq;mq;mq;mq;mq;mq;mq;mq;
07005;20110911150000;100960;30;3;240;5.100000;290.350000;287.250000;82;20000;1;6;2;90;6;800;38;23;60;100090;mq;mq;mq;mq;mq;mq;mq;mq;mq;mq;mq;8.700000;-10;mq;mq;0.000000;-30;0.000000;1.000000;mq;mq;mq;710.000000;1109.000000;3100.000000;mq;5;8;600;3;6;1500;mq;mq;mq;mq;mq;mq;
07015;20110911150000;100890;-40;5;270;6.700000;289.950000;286.050000;78;50000;0;mq;mq;100;mq;800;mq;mq;mq;100340;mq;mq;mq;mq;mq;mq;mq;mq;mq;mq;mq;11.300000;-10;mq;mq;mq;mq;0.000000;0.000000;mq;mq;mq;710.000000;1111.000000;mq;mq;mq;mq;mq;mq;mq;mq;mq;mq;mq;mq;mq;mq;
07020;20110911150000;100980;90;1;mq;mq;291.450000;287.550000;78;14000;2;8;6;75;2;800;32;20;17;100720;mq;mq;mq;mq;mq;mq;mq;mq;mq;mq;mq;14.400000;-10;mq;mq;mq;mq;0.000000;0.000000;mq;mq;mq;710.000000;1114.000000;mq;mq;2;8;600;4;0;5400;mq;mq;mq;mq;mq;mq;
07027;20110911150000;101030;60;1;250;5.100000;292.250000;287.050000;72;30000;1;8;6;75;5;800;38;20;11;100250;mq;mq;mq;mq;mq;mq;mq;mq;mq;mq;mq;10.300000;-10;mq;mq;0.000000;-30;0.000000;0.800000;mq;mq;mq;710.000000;1110.000000;3100.000000;mq;4;8;960;3;6;1380;mq;mq;mq;mq;mq;mq;
07037;20110911150000;101040;40;3;240;5.100000;292.050000;286.850000;72;20000;2;1;1;75;6;800;38;20;10;99270;mq;mq;mq;mq;mq;mq;mq;mq;mq;mq;mq;8.700000;-10;mq;mq;0.000000;-30;0.000000;0.000000;mq;mq;mq;710.000000;1109.000000;3100.000000;mq;5;8;720;3;6;1800;mq;mq;mq;mq;mq;mq;
07110;20110911150000;101110;80;1;230;9.800000;290.850000;286.950000;78;30000;2;1;1;90;5;450;38;20;11;100000;mq;mq;mq;mq;mq;mq;mq;mq;mq;mq;mq;15.900000;-10;mq;mq;mq;mq;0.000000;0.200000;mq;mq;mq;710.000000;1116.000000;mq;mq;4;8;540;6;0;6900;mq;mq;mq;mq;mq;mq;
07117;20110911150000;101020;70;1;250;7.700000;293.050000;285.050000;60;15000;2;1;1;75;2;450;32;20;14;100340;mq;mq;mq;mq;mq;mq;mq;mq;mq;mq;mq;12.900000;-10;mq;mq;mq;mq;0.000000;0.000000;mq;mq;mq;710.000000;1113.000000;2437.000000;mq;mq;mq;mq;mq;mq;mq;mq;mq;mq;mq;mq;mq;
07130;20110911150000;101190;90;3;230;6.200000;293.350000;286.750000;66;55000;0;mq;mq;75;mq;1250;mq;mq;mq;100690;mq;mq;mq;mq;mq;mq;mq;mq;mq;mq;mq;9.800000;-10;mq;mq;mq;mq;0.000000;0.000000;mq;mq;mq;710.000000;1110.000000;mq;mq;mq;mq;mq;mq;mq;mq;mq;mq;mq;mq;mq;mq;
07139;20110911150000;101110;70;3;260;5.100000;292.950000;285.450000;62;45000;2;1;1;90;7;800;32;20;12;99440;mq;mq;mq;mq;mq;mq;mq;mq;mq;mq;mq;10.800000;-10;mq;mq;0.000000;-30;0.000000;0.000000;mq;mq;mq;710.000000;1111.000000;3100.000000;mq;6;8;750;4;0;7500;mq;mq;mq;mq;mq;mq;
07149;20110911150000;101090;-50;5;260;4.100000;291.650000;289.250000;86;20000;0;mq;mq;mq;mq;150;mq;mq;mq;100040;mq;mq;mq;mq;mq;mq;mq;mq;mq;mq;mq;10.300000;-10;mq;mq;mq;mq;2.000000;3.000000;mq;mq;mq;710.000000;1110.000000;mq;mq;mq;mq;mq;mq;mq;mq;mq;mq;mq;mq;mq;mq;
07168;20110911150000;101180;-130;6;200;4.600000;291.850000;289.050000;84;20000;80;8;6;90;5;800;32;27;60;99800;mq;mq;mq;mq;mq;mq;mq;mq;mq;mq;mq;8.700000;-10;mq;mq;0.000000;-30;0.200000;0.200000;mq;mq;mq;710.000000;1109.000000;3100.000000;mq;5;8;690;7;3;2400;mq;mq;mq;mq;mq;mq;
07181;20110911150000;101200;-50;8;250;2.600000;289.050000;287.950000;93;60000;0;mq;mq;mq;mq;1250;mq;mq;mq;97220;mq;mq;mq;mq;mq;mq;mq;mq;mq;mq;mq;4.600000;-10;mq;mq;mq;mq;0.200000;15.000000;mq;mq;mq;710.000000;1105.000000;mq;mq;mq;mq;mq;mq;mq;mq;mq;mq;mq;mq;mq;mq;
07190;20110911150000;101060;0;5;230;3.600000;297.750000;288.950000;58;60000;0;mq;mq;90;mq;1750;mq;mq;mq;99340;mq;mq;mq;mq;mq;mq;mq;mq;mq;mq;mq;8.700000;-10;mq;mq;mq;mq;0.000000;0.000000;mq;mq;mq;710.000000;1109.000000;mq;mq;mq;mq;mq;mq;mq;mq;mq;mq;mq;mq;mq;mq;
07207;20110911150000;mq;mq;mq;270;8.200000;291.950000;288.050000;78;15000;2;1;1;60;2;800;32;26;10;mq;mq;mq;mq;mq;mq;mq;mq;mq;mq;mq;mq;12.300000;-10;mq;mq;mq;mq;0.000000;0.000000;mq;mq;mq;710.000000;1112.000000;2457.000000;mq;mq;mq;mq;mq;mq;mq;mq;mq;mq;mq;mq;mq;
07222;20110911150000;101400;220;3;270;6.200000;292.150000;287.150000;73;30000;2;1;1;90;4;800;32;20;12;101090;mq;mq;mq;mq;mq;mq;mq;mq;mq;mq;mq;10.800000;-10;mq;mq;mq;mq;0.000000;0.000000;mq;mq;mq;710.000000;1111.000000;mq;mq;4;8;900;7;0;7500;mq;mq;mq;mq;mq;mq;
07240;20110911150000;101240;100;3;260;5.100000;292.950000;288.150000;74;60000;0;mq;mq;mq;mq;450;mq;mq;mq;99940;mq;mq;mq;mq;mq;mq;mq;mq;mq;mq;mq;9.300000;-10;mq;mq;mq;mq;0.000000;4.000000;mq;mq;mq;710.000000;1109.000000;mq;mq;mq;mq;mq;mq;mq;mq;mq;mq;mq;mq;mq;mq;
07255;20110911150000;101220;-80;6;230;5.100000;295.350000;287.950000;63;20000;16;6;2;90;7;1250;38;61;60;99310;mq;mq;mq;mq;mq;mq;mq;mq;mq;mq;mq;8.700000;-10;mq;mq;0.000000;-30;0.000000;0.000000;mq;mq;mq;710.000000;1109.000000;3100.000000;mq;1;8;990;5;8;1050;5;6;1500;mq;mq;mq;
07280;20110911150000;101210;-20;8;190;4.600000;294.250000;290.850000;81;55000;0;mq;mq;75;mq;mq;mq;mq;mq;98610;mq;mq;mq;mq;mq;mq;mq;mq;mq;mq;mq;6.700000;-10;mq;mq;mq;mq;0.000000;1.000000;mq;mq;mq;710.000000;1107.000000;mq;mq;mq;mq;mq;mq;mq;mq;mq;mq;mq;mq;mq;mq;
07299;20110911150000;101170;90;2;100;1.000000;296.550000;292.050000;76;30000;25;8;6;90;1;1250;32;27;60;98070;mq;mq;mq;mq;mq;mq;mq;mq;mq;mq;mq;3.600000;-10;mq;mq;0.000000;-30;0.000000;0.800000;mq;mq;mq;710.000000;1104.000000;3100.000000;mq;1;8;1020;3;3;3000;7;3;3600;mq;mq;mq;
07314;20110911150000;101540;290;3;300;9.300000;292.750000;288.650000;77;15000;3;6;2;90;5;450;38;27;10;101270;mq;mq;mq;mq;mq;mq;mq;mq;mq;mq;mq;13.900000;-10;mq;mq;mq;mq;0.000000;0.200000;mq;mq;mq;710.000000;1114.000000;2447.000000;mq;3;6;480;4;8;600;mq;mq;mq;mq;mq;mq;
07335;20110911150000;101420;140;3;250;5.700000;290.350000;289.050000;92;45000;0;mq;mq;100;mq;450;mq;mq;mq;100010;mq;mq;mq;mq;mq;mq;mq;mq;mq;mq;mq;17.500000;-10;mq;mq;mq;mq;10.000000;10.000000;mq;mq;mq;710.000000;1117.000000;mq;mq;mq;mq;mq;mq;mq;mq;mq;mq;mq;mq;mq;mq;
07434;20110911150000;101440;70;1;220;7.700000;293.450000;287.550000;69;20000;15;2;2;90;7;800;38;61;60;96840;mq;mq;mq;mq;mq;mq;mq;mq;mq;mq;mq;14.400000;-10;mq;mq;0.000000;-30;0.000000;0.000000;mq;mq;mq;710.000000;1114.000000;3100.000000;mq;4;8;930;3;6;1500;mq;mq;mq;mq;mq;mq;
07460;20110911150000;101220;-90;8;180;6.700000;297.450000;286.650000;51;40000;1;9;8;90;1;1250;31;29;12;97540;mq;mq;mq;mq;mq;mq;mq;mq;mq;mq;mq;11.800000;-10;mq;mq;0.000000;-30;0.000000;0.000000;mq;mq;mq;710.000000;1112.000000;3100.000000;mq;1;8;1380;3;3;3600;5;3;4200;mq;mq;mq;
07471;20110911150000;mq;-60;8;200;3.100000;294.750000;287.150000;62;30000;2;1;1;90;2;800;32;27;60;92140;85000;17640;mq;mq;mq;mq;mq;mq;mq;mq;mq;8.200000;-10;mq;mq;0.000000;-30;0.000000;0.000000;mq;mq;mq;710.000000;1108.000000;3100.000000;mq;2;8;900;7;3;3000;mq;mq;mq;mq;mq;mq;
07481;20110911150000;101340;-20;8;190;7.700000;298.550000;287.650000;51;30000;2;1;1;100;2;1750;35;27;60;98620;mq;mq;mq;mq;mq;mq;mq;mq;mq;mq;mq;14.400000;-10;mq;mq;0.000000;-30;0.000000;0.000000;mq;mq;mq;710.000000;1114.000000;3100.000000;mq;2;6;1800;7;3;3000;mq;mq;mq;mq;mq;mq;
07510;20110911150000;101660;110;3;250;8.700000;295.850000;290.750000;73;20000;80;8;6;90;6;450;38;27;60;101030;mq;mq;mq;mq;mq;mq;mq;mq;mq;mq;mq;13.400000;-10;mq;mq;0.000000;-30;0.000000;0.000000;mq;mq;mq;710.000000;1113.000000;3100.000000;mq;1;8;570;3;8;780;5;6;1230;mq;mq;mq;
07535;20110911150000;101540;20;0;230;2.600000;296.850000;288.650000;60;mq;mq;mq;mq;mq;mq;mq;mq;mq;mq;98570;mq;mq;mq;mq;mq;mq;mq;mq;mq;mq;mq;7.200000;-10;mq;mq;mq;mq;0.000000;0.000000;mq;mq;mq;710.000000;1107.000000;mq;mq;mq;mq;mq;mq;mq;mq;mq;mq;mq;mq;mq;mq;
07558;20110911150000;101470;-50;8;190;2.600000;295.850000;289.450000;67;mq;mq;mq;mq;mq;mq;mq;mq;mq;mq;93540;mq;mq;mq;mq;mq;mq;mq;mq;mq;mq;mq;5.700000;-10;mq;mq;mq;mq;0.000000;0.000000;mq;mq;mq;710.000000;1106.000000;mq;mq;mq;mq;mq;mq;mq;mq;mq;mq;mq;mq;mq;mq;
07577;20110911150000;101550;-30;8;240;2.600000;299.050000;289.350000;55;20000;2;1;1;90;5;1250;35;27;12;100700;mq;mq;mq;mq;mq;mq;mq;mq;mq;mq;mq;5.700000;-10;mq;mq;0.000000;-30;0.000000;0.000000;mq;mq;mq;710.000000;1106.000000;3100.000000;mq;5;6;1200;5;3;2400;5;0;6900;mq;mq;mq;
07591;20110911150000;mq;-40;5;240;5.100000;299.550000;278.450000;26;mq;0;mq;mq;mq;mq;mq;mq;mq;mq;91770;mq;mq;mq;mq;mq;mq;mq;mq;mq;mq;mq;11.300000;-10;mq;mq;mq;mq;0.000000;0.000000;mq;mq;mq;710.000000;1111.000000;mq;mq;mq;mq;mq;mq;mq;mq;mq;mq;mq;mq;mq;mq;
07607;20110911150000;101730;70;1;280;6.200000;296.850000;288.850000;61;50000;0;mq;mq;100;mq;mq;mq;mq;mq;101050;mq;mq;mq;mq;mq;mq;mq;mq;mq;mq;mq;9.800000;-10;mq;mq;mq;mq;0.000000;0.000000;mq;mq;mq;710.000000;1110.000000;mq;mq;mq;mq;mq;mq;mq;mq;mq;mq;mq;mq;mq;mq;
07621;20110911150000;101750;90;1;250;3.100000;295.550000;289.550000;69;30000;2;1;1;100;2;1250;31;27;60;97610;mq;mq;mq;mq;mq;mq;mq;mq;mq;mq;mq;5.100000;-10;mq;mq;0.000000;-30;0.000000;0.000000;mq;mq;mq;710.000000;1105.000000;3100.000000;mq;2;8;990;5;3;2400;7;3;4500;mq;mq;mq;
07627;20110911150000;101710;120;1;300;2.100000;296.150000;290.150000;69;15000;2;1;1;100;3;1250;38;27;60;97060;mq;mq;mq;mq;mq;mq;mq;mq;mq;mq;mq;4.600000;-10;mq;mq;0.000000;-30;0.000000;0.000000;mq;mq;mq;710.000000;1105.000000;3100.000000;mq;2;8;990;8;4;3900;mq;mq;mq;mq;mq;mq;
07630;20110911150000;101670;70;1;260;4.600000;299.450000;288.850000;52;40000;2;1;1;100;2;1250;32;21;12;99960;mq;mq;mq;mq;mq;mq;mq;mq;mq;mq;mq;6.700000;-10;mq;mq;0.000000;-30;0.000000;0.000000;mq;mq;mq;710.000000;1107.000000;3100.000000;mq;3;8;1200;6;4;4800;8;0;7500;mq;mq;mq;
07643;20110911150000;101650;-60;8;140;5.700000;296.650000;293.350000;82;15000;2;1;1;100;4;800;38;27;60;101560;mq;mq;mq;mq;mq;mq;mq;mq;mq;mq;mq;7.200000;-10;mq;mq;mq;mq;0.000000;0.000000;mq;mq;mq;710.000000;1107.000000;mq;mq;1;8;690;4;6;1500;6;3;3000;mq;mq;mq;
07650;20110911150000;101640;40;3;220;3.600000;299.450000;291.050000;60;40000;2;1;1;90;1;3500;30;28;12;101270;mq;mq;mq;mq;mq;mq;mq;mq;mq;mq;mq;6.700000;-10;mq;mq;0.000000;-30;0.000000;0.000000;mq;mq;mq;710.000000;1107.000000;3100.000000;mq;1;3;5100;7;0;7800;mq;mq;mq;mq;mq;mq;
07661;20110911150000;101630;-40;5;220;3.600000;296.950000;292.850000;78;18000;2;1;1;90;7;3500;30;22;10;100090;mq;mq;mq;mq;mq;mq;mq;mq;mq;mq;mq;7.700000;-10;mq;mq;mq;mq;0.000000;0.000000;mq;mq;mq;710.000000;1108.000000;mq;mq;7;4;2400;mq;mq;mq;mq;mq;mq;mq;mq;mq;
07690;20110911150000;101620;-110;6;140;2.100000;298.650000;293.850000;75;20000;2;1;1;40;1;450;32;20;11;101300;mq;mq;mq;mq;mq;mq;mq;mq;mq;mq;mq;3.600000;-10;mq;mq;0.000000;-30;0.000000;0.000000;mq;mq;mq;710.000000;1104.000000;3100.000000;mq;1;8;480;3;0;7500;mq;mq;mq;mq;mq;mq;
07747;20110911150000;101570;110;3;20;6.200000;301.150000;292.150000;58;25000;2;1;1;90;7;800;31;27;60;101070;mq;mq;mq;mq;mq;mq;mq;mq;mq;mq;mq;9.300000;-10;mq;mq;0.000000;-30;0.000000;0.000000;mq;mq;mq;710.000000;1109.000000;3100.000000;mq;1;8;690;7;4;6900;mq;mq;mq;mq;mq;mq;
07761;20110911150000;101520;-80;8;200;3.600000;301.050000;293.050000;62;40000;2;1;1;25;1;1250;31;23;11;101420;mq;mq;mq;mq;mq;mq;mq;mq;mq;mq;mq;4.600000;-10;mq;mq;0.000000;-30;0.000000;0.000000;mq;mq;mq;710.000000;1105.000000;3100.000000;mq;1;8;1380;mq;mq;mq;mq;mq;mq;mq;mq;mq;
07790;20110911150000;101560;-100;7;120;5.100000;299.850000;294.350000;72;20000;2;1;1;25;1;450;31;20;11;101420;mq;mq;mq;mq;mq;mq;mq;mq;mq;mq;mq;7.200000;-10;mq;mq;0.000000;-30;0.000000;0.000000;mq;mq;mq;710.000000;1107.000000;3100.000000;mq;1;8;480;mq;mq;mq;mq;mq;mq;mq;mq;mq;
61968;20110911150000;101750;mq;mq;110;3.100000;298.350000;291.550000;66;mq;mq;mq;mq;mq;mq;mq;mq;mq;mq;mq;mq;mq;0;mq;mq;mq;mq;mq;mq;mq;mq;7.700000;-10;mq;mq;mq;mq;0.000000;0.000000;mq;mq;mq;710.000000;1108.000000;mq;mq;mq;mq;mq;mq;mq;mq;mq;mq;mq;mq;mq;mq;
61970;20110911150000;101890;mq;mq;mq;mq;298.650000;291.550000;65;mq;mq;mq;mq;mq;mq;mq;mq;mq;mq;mq;mq;mq;10;mq;mq;mq;mq;mq;mq;mq;mq;mq;mq;mq;mq;mq;mq;0.000000;0.000000;mq;mq;mq;mq;mq;mq;mq;mq;mq;mq;mq;mq;mq;mq;mq;mq;mq;mq;mq;
61972;20110911150000;101990;mq;mq;100;2.600000;297.550000;293.250000;77;mq;mq;mq;mq;mq;mq;mq;mq;mq;mq;mq;mq;mq;mq;mq;mq;mq;mq;mq;mq;mq;mq;5.100000;-10;mq;mq;mq;mq;0.000000;0.000000;mq;mq;mq;710.000000;1105.000000;mq;mq;mq;mq;mq;mq;mq;mq;mq;mq;mq;mq;mq;mq;
61976;20110911150000;102020;mq;mq;130;11.300000;297.350000;292.650000;75;mq;mq;mq;mq;mq;mq;mq;mq;mq;mq;101870;mq;mq;20;mq;mq;mq;mq;mq;mq;mq;mq;mq;mq;mq;mq;mq;mq;mq;mq;mq;mq;mq;mq;mq;mq;mq;mq;mq;mq;mq;mq;mq;mq;mq;mq;mq;mq;mq;
61980;20110911150000;102440;mq;mq;120;10.300000;292.650000;290.650000;88;5000;80;0;0;40;2;800;38;20;10;mq;mq;mq;120;mq;mq;mq;mq;mq;mq;mq;mq;16.500000;-10;mq;mq;mq;mq;0.800000;0.800000;mq;mq;mq;710.000000;1116.000000;2436.000000;mq;2;8;600;3;6;1800;mq;mq;mq;mq;mq;mq;
61996;20110911150000;mq;mq;mq;mq;mq;281.250000;mq;mq;mq;mq;mq;mq;mq;mq;mq;mq;mq;mq;mq;mq;mq;1650;mq;mq;mq;mq;mq;mq;mq;mq;mq;mq;mq;mq;mq;mq;0.000000;0.200000;mq;mq;mq;mq;mq;mq;mq;mq;mq;mq;mq;mq;mq;mq;mq;mq;mq;mq;mq;
61997;20110911150000;101090;mq;mq;260;18.500000;278.150000;275.150000;81;mq;mq;mq;mq;mq;mq;mq;mq;mq;mq;mq;mq;mq;mq;mq;mq;mq;mq;mq;mq;mq;mq;35.000000;-30;mq;mq;mq;mq;mq;0.000000;mq;mq;mq;1135.000000;mq;mq;mq;mq;mq;mq;mq;mq;mq;mq;mq;mq;mq;mq;mq;
61998;20110911150000;101030;mq;mq;330;10.800000;275.150000;272.050000;80;mq;mq;mq;mq;mq;mq;mq;mq;mq;mq;mq;mq;mq;mq;mq;mq;mq;mq;mq;mq;mq;mq;14.900000;-10;mq;mq;mq;mq;0.000000;0.000000;mq;mq;mq;710.000000;1115.000000;mq;mq;mq;mq;mq;mq;mq;mq;mq;mq;mq;mq;mq;mq;
67005;20110911150000;101820;mq;mq;90;3.100000;297.650000;292.450000;73;30000;2;1;1;50;3;800;38;23;10;mq;mq;mq;60;mq;mq;mq;mq;mq;mq;mq;mq;5.100000;-10;mq;mq;mq;mq;0.000000;0.000000;mq;mq;mq;710.000000;1105.000000;mq;mq;1;8;660;3;6;1500;mq;mq;mq;mq;mq;mq;
71805;20110911150000;101940;70;0;170;3.100000;285.850000;281.550000;75;20000;2;1;1;75;6;1250;35;20;10;101860;mq;mq;mq;mq;mq;mq;mq;mq;mq;mq;mq;5.100000;-10;mq;mq;0.000000;-30;0.000000;0.000000;mq;mq;mq;710.000000;1105.000000;3100.000000;mq;6;6;1290;mq;mq;mq;mq;mq;mq;mq;mq;mq;
78897;20110911150000;101460;110;1;160;6.700000;302.050000;298.050000;79;30000;21;6;2;90;6;800;38;27;60;mq;mq;mq;540;mq;mq;mq;mq;mq;mq;mq;mq;mq;mq;mq;mq;mq;mq;mq;mq;mq;mq;mq;mq;mq;mq;mq;3;8;600;5;6;1200;6;3;3000;mq;mq;mq;
78922;20110911150000;101520;130;1;190;11.300000;303.550000;297.250000;69;mq;mq;mq;mq;mq;mq;mq;mq;mq;mq;101080;mq;mq;mq;mq;mq;mq;mq;mq;mq;mq;mq;mq;mq;mq;mq;mq;mq;mq;mq;mq;mq;mq;mq;mq;mq;mq;mq;mq;mq;mq;mq;mq;mq;mq;mq;mq;mq;mq;
78925;20110911150000;101550;130;1;150;6.200000;305.350000;297.650000;64;25000;2;1;1;90;4;800;32;20;12;mq;mq;mq;480;mq;mq;mq;mq;mq;mq;mq;mq;mq;mq;mq;mq;mq;mq;mq;mq;mq;mq;mq;mq;mq;mq;mq;4;8;840;4;0;7800;mq;mq;mq;mq;mq;mq;
81401;20110911150000;101510;mq;mq;130;2.600000;305.850000;295.950000;56;mq;mq;mq;mq;mq;mq;mq;mq;mq;mq;101450;mq;mq;mq;mq;mq;mq;mq;mq;mq;mq;mq;mq;mq;mq;mq;mq;mq;mq;0.000000;mq;mq;mq;mq;mq;mq;mq;mq;mq;mq;mq;mq;mq;mq;mq;mq;mq;mq;mq;
81405;20110911150000;101580;mq;mq;110;3.100000;304.650000;295.950000;60;10000;2;1;1;50;4;1250;32;20;12;101490;mq;mq;mq;mq;mq;mq;mq;mq;mq;mq;mq;mq;mq;mq;mq;mq;mq;mq;0.000000;mq;mq;mq;mq;mq;mq;mq;mq;mq;mq;mq;mq;mq;mq;mq;mq;mq;mq;mq;
81408;20110911150000;101560;mq;mq;70;1.500000;304.150000;297.350000;67;mq;mq;mq;mq;mq;mq;mq;mq;mq;mq;101480;mq;mq;mq;mq;mq;mq;mq;mq;mq;mq;mq;mq;mq;mq;mq;mq;mq;mq;0.000000;mq;mq;mq;mq;mq;mq;mq;mq;mq;mq;mq;mq;mq;mq;mq;mq;mq;mq;mq;
89642;20110911150000;99790;10;3;170;14.400000;256.750000;252.050000;64;mq;mq;mq;mq;mq;mq;mq;mq;mq;mq;99220;mq;mq;mq;mq;mq;mq;mq;mq;mq;mq;19.500000;21.600000;-30;mq;mq;mq;mq;mq;mq;mq;mq;mq;1020.000000;1122.000000;mq;mq;mq;mq;mq;mq;mq;mq;mq;mq;mq;mq;mq;mq;
07005;20110911180000;101090;130;3;240;4.100000;289.450000;285.950000;80;mq;mq;mq;mq;mq;mq;mq;mq;mq;mq;100220;mq;mq;mq;289.150000;mq;291.350000;mq;mq;mq;mq;mq;8.200000;-10;mq;mq;mq;mq;0.000000;0.200000;mq;1.000000;mq;710.000000;1108.000000;mq;mq;mq;mq;mq;mq;mq;mq;mq;mq;mq;mq;mq;mq;
07015;20110911180000;101020;120;3;210;3.100000;288.350000;286.350000;88;40000;1;8;6;50;2;800;35;23;11;100460;mq;mq;mq;288.350000;mq;291.750000;mq;mq;mq;mq;mq;7.200000;-10;mq;mq;0.000000;-60;0.000000;0.200000;mq;0.600000;mq;710.000000;1107.000000;3100.000000;mq;2;6;780;3;3;2700;mq;mq;mq;mq;mq;mq;
07020;20110911180000;101050;70;1;230;10.800000;290.250000;287.350000;83;12000;3;8;6;100;8;1750;35;61;60;100790;mq;mq;mq;289.650000;mq;291.950000;mq;mq;mq;mq;mq;14.900000;-10;mq;mq;mq;mq;0.000000;0.000000;mq;0.000000;mq;710.000000;1115.000000;mq;mq;8;6;1500;mq;mq;mq;mq;mq;mq;mq;mq;mq;
07027;20110911180000;101190;150;3;260;3.100000;289.450000;287.150000;86;60000;0;mq;mq;mq;mq;mq;mq;mq;mq;100400;mq;mq;mq;287.550000;mq;293.250000;mq;mq;mq;mq;mq;5.100000;-10;mq;mq;mq;mq;0.000000;0.000000;mq;2.000000;mq;710.000000;1105.000000;mq;mq;mq;mq;mq;mq;mq;mq;mq;mq;mq;mq;mq;mq;
07037;20110911180000;101210;150;3;230;3.100000;289.450000;285.950000;80;19000;0;mq;mq;mq;mq;800;mq;mq;mq;99420;mq;mq;mq;287.850000;mq;292.450000;mq;mq;mq;mq;mq;6.700000;-10;mq;mq;mq;mq;0.000000;0.000000;mq;11.000000;mq;710.000000;1107.000000;mq;mq;mq;mq;mq;mq;mq;mq;mq;mq;mq;mq;mq;mq;
07110;20110911180000;101160;40;1;210;9.300000;289.950000;287.950000;88;15000;2;1;1;90;7;450;35;61;60;100040;mq;mq;mq;288.450000;mq;292.750000;mq;mq;mq;mq;mq;14.900000;-10;mq;mq;mq;mq;0.000000;0.000000;mq;3.000000;mq;710.000000;1115.000000;mq;mq;7;6;300;mq;mq;mq;mq;mq;mq;mq;mq;mq;
07117;20110911180000;101070;50;1;240;7.200000;290.450000;286.350000;77;15000;2;1;1;100;8;450;34;20;10;100390;mq;mq;mq;288.250000;mq;293.250000;mq;mq;mq;mq;mq;13.400000;-10;mq;mq;mq;mq;0.000000;0.000000;mq;0.000000;mq;710.000000;1113.000000;2437.000000;mq;mq;mq;mq;mq;mq;mq;mq;mq;mq;mq;mq;mq;
07130;20110911180000;101370;170;3;220;4.600000;291.050000;285.450000;70;40000;0;mq;mq;mq;mq;mq;mq;mq;mq;100860;mq;mq;mq;287.650000;mq;293.850000;mq;mq;mq;mq;mq;9.800000;-10;mq;mq;mq;mq;0.000000;0.000000;mq;6.000000;mq;710.000000;1110.000000;mq;mq;mq;mq;mq;mq;mq;mq;mq;mq;mq;mq;mq;mq;
07139;20110911180000;101300;170;3;220;3.100000;290.450000;285.350000;72;mq;mq;mq;mq;mq;mq;mq;mq;mq;mq;99610;mq;mq;mq;287.750000;mq;293.150000;mq;mq;mq;mq;mq;6.700000;-10;mq;mq;mq;mq;0.000000;0.000000;mq;5.000000;mq;710.000000;1107.000000;mq;mq;mq;mq;mq;mq;mq;mq;mq;mq;mq;mq;mq;mq;
07149;20110911180000;101310;210;3;240;2.100000;289.950000;286.650000;81;30000;1;8;6;75;2;800;38;20;11;100250;mq;mq;mq;289.050000;mq;292.950000;mq;mq;mq;mq;mq;4.600000;-10;mq;mq;0.000000;-60;0.000000;0.000000;mq;5.000000;mq;710.000000;1105.000000;3100.000000;mq;1;8;840;6;0;7500;mq;mq;mq;mq;mq;mq;
07168;20110911180000;101320;130;1;250;4.100000;289.650000;286.950000;84;20000;0;mq;mq;mq;mq;mq;mq;mq;mq;99930;mq;mq;mq;289.550000;mq;293.150000;mq;mq;mq;mq;mq;8.700000;-10;mq;mq;mq;mq;0.000000;6.000000;mq;19.000000;mq;710.000000;1109.000000;mq;mq;mq;mq;mq;mq;mq;mq;mq;mq;mq;mq;mq;mq;
07181;20110911180000;101230;40;1;220;3.600000;289.350000;288.350000;94;60000;0;mq;mq;mq;mq;mq;mq;mq;mq;97260;mq;mq;mq;288.250000;mq;293.850000;mq;mq;mq;mq;mq;5.700000;-10;mq;mq;mq;mq;0.000000;0.000000;mq;15.000000;mq;710.000000;1106.000000;mq;mq;mq;mq;mq;mq;mq;mq;mq;mq;mq;mq;mq;mq;
07190;20110911180000;101300;200;1;230;2.100000;292.450000;288.550000;78;18000;0;mq;mq;90;mq;1250;mq;mq;mq;99540;mq;mq;mq;291.250000;mq;300.450000;mq;mq;mq;mq;mq;6.200000;-10;mq;mq;mq;mq;0.000000;0.200000;mq;0.200000;mq;710.000000;1106.000000;mq;mq;mq;mq;mq;mq;mq;mq;mq;mq;mq;mq;mq;mq;
07207;20110911180000;mq;mq;mq;260;8.200000;291.050000;288.350000;84;12000;2;1;1;90;7;450;35;26;10;mq;mq;mq;mq;287.450000;mq;292.050000;mq;mq;mq;mq;mq;13.400000;-10;mq;mq;mq;mq;0.000000;0.000000;mq;7.000000;mq;710.000000;1113.000000;2457.000000;mq;mq;mq;mq;mq;mq;mq;mq;mq;mq;mq;mq;mq;
07222;20110911180000;101540;140;1;240;3.100000;290.650000;287.550000;82;30000;2;1;1;90;3;800;35;20;12;101230;mq;mq;mq;286.950000;mq;293.650000;mq;mq;mq;mq;mq;6.700000;-10;mq;mq;mq;mq;0.000000;0.000000;mq;16.000000;mq;710.000000;1107.000000;mq;mq;3;6;750;7;0;6300;mq;mq;mq;mq;mq;mq;
07240;20110911180000;101450;200;1;220;4.100000;291.650000;286.750000;73;30000;2;1;1;90;1;1250;35;20;12;100140;mq;mq;mq;289.250000;mq;293.550000;mq;mq;mq;mq;mq;6.200000;-10;mq;mq;0.000000;-60;0.000000;0.000000;mq;20.000000;mq;710.000000;1106.000000;3100.000000;mq;1;6;1380;7;0;7800;mq;mq;mq;mq;mq;mq;
07255;20110911180000;101530;270;1;260;2.600000;290.350000;289.050000;92;20000;0;mq;mq;mq;mq;250;mq;mq;mq;99580;mq;mq;mq;289.350000;mq;295.350000;mq;mq;mq;mq;mq;10.300000;-10;mq;mq;mq;mq;0.000000;6.000000;mq;7.000000;mq;710.000000;1110.000000;mq;mq;mq;mq;mq;mq;mq;mq;mq;mq;mq;mq;mq;mq;
07280;20110911180000;101340;110;3;210;2.600000;293.050000;289.850000;82;60000;0;mq;mq;100;mq;mq;mq;mq;mq;98720;mq;mq;mq;291.950000;mq;297.450000;mq;mq;mq;mq;mq;6.700000;-10;mq;mq;mq;mq;0.000000;0.400000;mq;1.000000;mq;710.000000;1107.000000;mq;mq;mq;mq;mq;mq;mq;mq;mq;mq;mq;mq;mq;mq;
07299;20110911180000;101290;70;3;270;1.000000;292.550000;288.650000;78;30000;3;9;8;90;5;1250;39;20;11;98140;mq;mq;mq;289.450000;mq;301.550000;mq;mq;mq;mq;mq;4.100000;-10;mq;mq;0.000000;-60;0.000000;1.000000;mq;2.000000;mq;710.000000;1104.000000;3100.000000;mq;1;8;1020;2;9;1800;4;6;2100;5;0;6900;
07314;20110911180000;101730;190;1;270;5.700000;292.150000;288.650000;80;mq;mq;mq;mq;mq;mq;mq;mq;mq;mq;101460;mq;mq;mq;291.650000;mq;294.550000;mq;mq;mq;mq;mq;9.300000;-10;mq;mq;mq;mq;0.000000;0.000000;mq;3.000000;mq;710.000000;1109.000000;mq;mq;mq;mq;mq;mq;mq;mq;mq;mq;mq;mq;mq;mq;
07335;20110911180000;101600;180;2;220;2.600000;290.650000;289.650000;94;50000;0;mq;mq;mq;mq;800;mq;mq;mq;100190;mq;mq;mq;290.150000;mq;295.350000;mq;mq;mq;mq;mq;4.600000;-10;mq;mq;mq;mq;0.000000;0.000000;mq;16.000000;mq;710.000000;1105.000000;mq;mq;mq;mq;mq;mq;mq;mq;mq;mq;mq;mq;mq;mq;
07434;20110911180000;101710;190;3;250;2.100000;288.950000;287.150000;89;55000;0;mq;mq;mq;mq;mq;mq;mq;mq;97030;mq;mq;mq;288.950000;mq;294.350000;mq;mq;mq;mq;mq;9.800000;-10;mq;mq;mq;mq;0.000000;2.000000;mq;2.000000;mq;710.000000;1110.000000;mq;mq;mq;mq;mq;mq;mq;mq;mq;mq;mq;mq;mq;mq;
07460;20110911180000;101540;280;3;240;5.100000;295.050000;286.950000;60;30000;15;9;8;90;4;1250;38;28;12;97820;mq;mq;mq;291.550000;mq;299.850000;mq;mq;mq;mq;mq;9.300000;-10;mq;mq;0.000000;-60;0.000000;0.000000;mq;0.000000;mq;710.000000;1109.000000;3100.000000;mq;2;8;1380;3;6;1800;5;3;3000;mq;mq;mq;
07471;20110911180000;mq;120;3;250;4.100000;292.250000;284.550000;61;20000;0;mq;mq;mq;mq;mq;mq;mq;mq;92260;85000;17760;mq;286.350000;mq;295.150000;mq;mq;mq;mq;mq;7.200000;-10;mq;mq;mq;mq;0.000000;0.000000;mq;0.000000;mq;710.000000;1107.000000;mq;mq;mq;mq;mq;mq;mq;mq;mq;mq;mq;mq;mq;mq;
07481;20110911180000;101410;50;2;200;6.200000;296.950000;287.950000;57;30000;2;1;1;90;3;1250;38;27;60;98670;mq;mq;mq;293.350000;mq;300.250000;mq;mq;mq;mq;mq;10.800000;-10;mq;mq;0.000000;-60;0.000000;0.000000;mq;0.000000;mq;710.000000;1111.000000;3100.000000;mq;1;8;1200;3;6;1800;7;3;3900;mq;mq;mq;
07510;20110911180000;101800;140;1;260;3.600000;293.050000;289.450000;80;30000;3;8;6;90;3;800;38;27;12;101170;mq;mq;mq;290.650000;mq;296.450000;mq;mq;mq;mq;mq;9.300000;-10;mq;mq;0.000000;-60;0.000000;0.000000;mq;0.000000;mq;710.000000;1109.000000;3100.000000;mq;2;8;720;3;6;780;6;0;7500;mq;mq;mq;
07535;20110911180000;101750;170;1;220;1.500000;293.850000;288.650000;72;mq;mq;mq;mq;mq;mq;mq;mq;mq;mq;98740;mq;mq;mq;293.850000;mq;296.950000;mq;mq;mq;mq;mq;5.100000;-10;mq;mq;mq;mq;0.000000;0.000000;mq;0.000000;mq;710.000000;1105.000000;mq;mq;mq;mq;mq;mq;mq;mq;mq;mq;mq;mq;mq;mq;
07558;20110911180000;101640;80;3;280;5.100000;292.950000;287.550000;71;mq;mq;mq;mq;mq;mq;mq;mq;mq;mq;93620;mq;mq;mq;290.550000;mq;296.250000;mq;mq;mq;mq;mq;11.300000;-10;mq;mq;mq;mq;0.000000;0.000000;mq;0.000000;mq;710.000000;1111.000000;mq;mq;mq;mq;mq;mq;mq;mq;mq;mq;mq;mq;mq;mq;
07577;20110911180000;101530;-20;8;200;1.500000;297.150000;290.150000;65;20000;0;mq;mq;mq;mq;mq;mq;mq;mq;100680;mq;mq;mq;290.150000;mq;301.450000;mq;mq;mq;mq;mq;2.100000;-10;mq;mq;mq;mq;0.000000;0.000000;mq;0.000000;mq;710.000000;1102.000000;mq;mq;mq;mq;mq;mq;mq;mq;mq;mq;mq;mq;mq;mq;
07591;20110911180000;mq;0;0;220;3.100000;296.250000;281.950000;40;mq;0;mq;mq;mq;mq;mq;mq;mq;mq;91770;mq;mq;mq;287.250000;mq;302.650000;mq;mq;mq;mq;mq;6.700000;-10;mq;mq;mq;mq;0.000000;0.000000;mq;0.000000;mq;710.000000;1107.000000;mq;mq;mq;mq;mq;mq;mq;mq;mq;mq;mq;mq;mq;mq;
07607;20110911180000;101880;140;1;300;4.600000;294.750000;288.850000;69;60000;0;mq;mq;100;mq;2250;mq;mq;mq;101190;mq;mq;mq;288.450000;mq;297.550000;mq;mq;mq;mq;mq;11.800000;-10;mq;mq;mq;mq;0.000000;0.000000;mq;0.000000;mq;710.000000;1112.000000;mq;mq;mq;mq;mq;mq;mq;mq;mq;mq;mq;mq;mq;mq;
07621;20110911180000;101940;150;3;280;4.600000;293.750000;287.850000;69;30000;2;1;1;100;1;1250;31;27;17;97760;mq;mq;mq;287.350000;mq;296.650000;mq;mq;mq;mq;mq;7.200000;-10;mq;mq;0.000000;-60;0.000000;0.000000;mq;0.000000;mq;710.000000;1107.000000;3100.000000;mq;1;8;1200;3;3;4500;8;2;6000;mq;mq;mq;
07627;20110911180000;101870;100;3;300;2.600000;293.450000;287.550000;69;mq;mq;mq;mq;mq;mq;mq;mq;mq;mq;97160;mq;mq;mq;291.250000;mq;297.650000;mq;mq;mq;mq;mq;5.100000;-10;mq;mq;mq;mq;0.000000;0.000000;mq;0.000000;mq;710.000000;1105.000000;mq;mq;mq;mq;mq;mq;mq;mq;mq;mq;mq;mq;mq;mq;
07630;20110911180000;101810;120;3;280;4.600000;296.850000;286.950000;54;40000;2;1;1;100;1;1250;38;27;60;100080;mq;mq;mq;293.750000;mq;299.550000;mq;mq;mq;mq;mq;8.200000;-10;mq;mq;0.000000;-60;0.000000;0.000000;mq;0.000000;mq;710.000000;1108.000000;3100.000000;mq;1;8;1290;4;3;2700;8;4;4500;mq;mq;mq;
07643;20110911180000;101660;10;3;190;2.100000;295.850000;293.750000;88;12000;2;1;1;100;7;250;38;61;60;101570;mq;mq;mq;294.550000;mq;298.350000;mq;mq;mq;mq;mq;2.600000;-10;mq;mq;mq;mq;0.000000;0.000000;mq;0.000000;mq;710.000000;1103.000000;mq;mq;4;8;210;7;6;420;mq;mq;mq;mq;mq;mq;
07650;20110911180000;101600;-40;8;170;2.600000;295.950000;292.750000;82;30000;2;1;1;90;1;800;35;28;12;101230;mq;mq;mq;291.750000;mq;303.950000;mq;mq;mq;mq;mq;5.100000;-10;mq;mq;0.000000;-60;0.000000;0.000000;mq;0.000000;mq;710.000000;1105.000000;3100.000000;mq;1;6;600;7;0;5700;mq;mq;mq;mq;mq;mq;
07661;20110911180000;101590;-50;8;270;3.600000;295.050000;293.350000;90;18000;2;1;1;90;7;1250;38;27;10;100040;mq;mq;mq;292.350000;mq;298.750000;mq;mq;mq;mq;mq;5.100000;-10;mq;mq;mq;mq;0.000000;0.000000;mq;0.000000;mq;710.000000;1105.000000;mq;mq;4;8;990;4;6;1200;mq;mq;mq;mq;mq;mq;
07690;20110911180000;101560;-60;8;210;2.600000;297.450000;293.950000;81;20000;2;1;1;90;4;450;34;23;12;101240;mq;mq;mq;294.050000;mq;299.350000;mq;mq;mq;mq;mq;3.100000;-10;mq;mq;0.000000;-60;0.000000;0.000000;mq;0.000000;mq;710.000000;1103.000000;3100.000000;mq;2;6;360;3;6;780;6;0;7500;mq;mq;mq;
07747;20110911180000;101640;60;3;70;2.600000;296.650000;294.350000;87;19000;0;mq;mq;mq;mq;2250;mq;mq;mq;101130;mq;mq;mq;292.750000;mq;302.350000;mq;mq;mq;mq;mq;5.100000;-10;mq;mq;mq;mq;0.000000;0.000000;mq;0.000000;mq;710.000000;1105.000000;mq;mq;mq;mq;mq;mq;mq;mq;mq;mq;mq;mq;mq;mq;
07761;20110911180000;101510;-10;5;160;1.000000;297.750000;292.150000;71;30000;2;1;1;25;2;3500;30;23;12;101410;mq;mq;mq;292.250000;mq;302.350000;mq;mq;mq;mq;mq;3.100000;-10;mq;mq;0.000000;-60;0.000000;0.000000;mq;0.000000;mq;710.000000;1103.000000;3100.000000;mq;2;3;3600;mq;mq;mq;mq;mq;mq;mq;mq;mq;
07790;20110911180000;101520;-40;7;120;1.500000;296.650000;294.150000;86;20000;2;1;1;40;1;3500;30;23;11;101380;mq;mq;mq;292.450000;mq;301.150000;mq;mq;mq;mq;mq;4.100000;-10;mq;mq;0.000000;-60;0.000000;0.000000;mq;0.000000;mq;710.000000;1104.000000;3100.000000;mq;1;3;2700;3;0;6900;mq;mq;mq;mq;mq;mq;
61968;20110911180000;101850;mq;mq;50;1.000000;296.550000;291.650000;74;mq;mq;mq;mq;mq;mq;mq;mq;mq;mq;mq;mq;mq;mq;mq;mq;302.450000;mq;mq;mq;mq;mq;4.600000;-10;mq;mq;mq;mq;0.000000;mq;mq;0.000000;mq;710.000000;1105.000000;mq;mq;mq;mq;mq;mq;mq;mq;mq;mq;mq;mq;mq;mq;
61970;20110911180000;102060;mq;mq;mq;mq;297.150000;291.750000;72;mq;mq;mq;mq;mq;mq;mq;mq;mq;mq;mq;mq;mq;50;mq;mq;301.850000;mq;mq;mq;mq;mq;mq;mq;mq;mq;mq;mq;0.000000;mq;mq;0.000000;mq;mq;mq;mq;mq;mq;mq;mq;mq;mq;mq;mq;mq;mq;mq;mq;mq;
61972;20110911180000;102150;mq;mq;140;1.500000;294.150000;292.750000;92;mq;mq;mq;mq;mq;mq;mq;mq;mq;mq;mq;mq;mq;mq;mq;mq;301.450000;mq;mq;mq;mq;mq;2.100000;-10;mq;mq;mq;mq;0.000000;mq;mq;0.000000;mq;710.000000;1102.000000;mq;mq;mq;mq;mq;mq;mq;mq;mq;mq;mq;mq;mq;mq;
61976;20110911180000;102120;mq;mq;130;11.300000;296.950000;292.050000;74;mq;mq;mq;mq;mq;mq;mq;mq;mq;mq;101970;mq;mq;mq;mq;mq;mq;mq;mq;mq;mq;mq;mq;mq;mq;mq;mq;mq;mq;mq;mq;mq;mq;mq;mq;mq;mq;mq;mq;mq;mq;mq;mq;mq;mq;mq;mq;mq;mq;
61980;20110911180000;102550;mq;mq;130;9.800000;293.250000;289.650000;80;10000;2;1;1;10;1;800;38;20;10;mq;mq;mq;20;mq;mq;298.850000;mq;mq;mq;mq;mq;15.900000;-10;mq;mq;mq;mq;0.000000;mq;mq;1.000000;mq;710.000000;1116.000000;mq;mq;1;8;690;mq;mq;mq;mq;mq;mq;mq;mq;mq;
61996;20110911180000;mq;mq;mq;mq;mq;281.250000;mq;mq;mq;mq;mq;mq;mq;mq;mq;mq;mq;mq;mq;mq;mq;1360;mq;mq;285.750000;mq;mq;mq;mq;mq;mq;mq;mq;mq;mq;mq;0.000000;mq;mq;0.200000;mq;mq;mq;mq;mq;mq;mq;mq;mq;mq;mq;mq;mq;mq;mq;mq;mq;
61997;20110911180000;101370;mq;mq;250;21.600000;278.650000;274.750000;76;mq;mq;mq;mq;mq;mq;mq;mq;mq;mq;mq;mq;mq;mq;mq;mq;279.850000;mq;mq;mq;mq;mq;35.000000;-60;mq;mq;mq;mq;mq;mq;mq;2.000000;mq;1135.000000;mq;mq;mq;mq;mq;mq;mq;mq;mq;mq;mq;mq;mq;mq;mq;
61998;20110911180000;100360;mq;mq;360;9.800000;274.650000;273.350000;91;mq;mq;mq;mq;mq;mq;mq;mq;mq;mq;mq;mq;mq;mq;mq;mq;278.550000;mq;mq;mq;mq;mq;13.900000;-10;mq;mq;mq;mq;1.000000;mq;mq;1.000000;mq;710.000000;1114.000000;mq;mq;mq;mq;mq;mq;mq;mq;mq;mq;mq;mq;mq;mq;
67005;20110911180000;101930;mq;mq;0;0.000000;295.150000;292.150000;83;mq;0;mq;mq;mq;mq;mq;mq;mq;mq;mq;mq;mq;mq;mq;mq;301.050000;mq;mq;mq;mq;mq;3.100000;-10;mq;mq;mq;mq;0.000000;mq;mq;2.000000;mq;710.000000;1103.000000;mq;mq;mq;mq;mq;mq;mq;mq;mq;mq;mq;mq;mq;mq;
71805;20110911180000;101740;-200;8;150;5.100000;288.450000;284.450000;77;20000;2;1;1;50;2;800;35;20;11;101660;mq;mq;mq;mq;280.850000;288.450000;mq;mq;mq;mq;mq;6.700000;-10;mq;mq;0.000000;-60;0.000000;0.000000;mq;0.000000;mq;710.000000;1107.000000;3100.000000;mq;2;6;600;4;0;6900;mq;mq;mq;mq;mq;mq;
78897;20110911180000;101300;-160;7;160;9.300000;303.050000;298.150000;75;30000;2;6;2;90;6;800;38;27;60;mq;mq;mq;510;mq;298.550000;303.850000;mq;mq;mq;mq;mq;mq;mq;mq;mq;mq;mq;mq;mq;1.000000;mq;31.600000;mq;mq;mq;mq;3;8;690;5;6;1200;6;3;3000;mq;mq;mq;
78922;20110911180000;101360;-160;7;170;10.300000;303.050000;296.750000;69;mq;mq;mq;mq;mq;mq;mq;mq;mq;mq;100920;mq;mq;mq;mq;mq;mq;mq;mq;mq;mq;mq;mq;mq;mq;mq;mq;mq;mq;mq;mq;mq;mq;mq;mq;mq;mq;mq;mq;mq;mq;mq;mq;mq;mq;mq;mq;mq;mq;
78925;20110911180000;101390;-160;8;160;4.100000;306.050000;297.850000;62;25000;2;1;1;90;4;800;32;20;12;mq;mq;mq;480;mq;298.650000;306.450000;mq;mq;mq;mq;mq;mq;mq;mq;mq;mq;mq;mq;mq;0.000000;mq;mq;mq;mq;mq;mq;4;8;900;4;0;7800;mq;mq;mq;mq;mq;mq;
81401;20110911180000;101190;mq;mq;110;3.600000;307.250000;293.650000;45;mq;mq;mq;mq;mq;mq;mq;mq;mq;mq;101130;mq;mq;mq;mq;mq;mq;mq;mq;mq;mq;mq;mq;mq;mq;mq;mq;mq;mq;0.000000;0.000000;mq;mq;mq;mq;mq;mq;mq;mq;mq;mq;mq;mq;mq;mq;mq;mq;mq;mq;
81405;20110911180000;101310;mq;mq;60;5.100000;304.050000;298.150000;71;10000;2;1;1;60;3;800;32;23;12;101220;mq;mq;mq;mq;mq;mq;mq;mq;mq;mq;mq;mq;mq;mq;mq;mq;mq;mq;0.000000;0.000000;mq;mq;mq;mq;mq;mq;mq;mq;mq;mq;mq;mq;mq;mq;mq;mq;mq;mq;
81408;20110911180000;101280;mq;mq;110;3.600000;305.550000;295.350000;55;mq;mq;mq;mq;mq;mq;mq;mq;mq;mq;101200;mq;mq;mq;mq;mq;mq;mq;mq;mq;mq;mq;mq;mq;mq;mq;mq;mq;mq;0.000000;0.000000;mq;mq;mq;mq;mq;mq;mq;mq;mq;mq;mq;mq;mq;mq;mq;mq;mq;mq;
89642;20110911180000;99840;50;3;160;14.900000;255.450000;250.050000;59;mq;mq;mq;mq;mq;mq;mq;mq;mq;mq;99270;mq;mq;mq;mq;mq;mq;mq;mq;mq;mq;20.100000;25.700000;-60;mq;mq;mq;mq;mq;mq;mq;mq;mq;1020.000000;1126.000000;mq;mq;mq;mq;mq;mq;mq;mq;mq;mq;mq;mq;mq;mq;
07005;20110911210000;101180;80;0;190;3.100000;287.650000;285.350000;86;mq;mq;mq;mq;mq;mq;mq;mq;mq;mq;100300;mq;mq;mq;mq;mq;mq;mq;mq;mq;mq;mq;4.600000;-10;mq;mq;mq;mq;0.000000;0.000000;mq;mq;mq;710.000000;1105.000000;mq;mq;mq;mq;mq;mq;mq;mq;mq;mq;mq;mq;mq;mq;
07015;20110911210000;101140;120;1;210;4.100000;287.450000;285.850000;90;30000;2;1;1;75;0;8000;30;20;11;100580;mq;mq;mq;mq;mq;mq;mq;mq;mq;mq;mq;6.700000;-10;mq;mq;0.000000;-30;0.000000;0.000000;mq;mq;mq;710.000000;1107.000000;3100.000000;mq;6;0;7800;mq;mq;mq;mq;mq;mq;mq;mq;mq;
07020;20110911210000;101030;-20;8;210;9.800000;290.550000;287.450000;82;14000;2;1;1;100;8;1750;35;20;10;100770;mq;mq;mq;mq;mq;mq;mq;mq;mq;mq;mq;14.400000;-10;mq;mq;mq;mq;0.000000;0.000000;mq;mq;mq;710.000000;1114.000000;mq;mq;8;6;1500;mq;mq;mq;mq;mq;mq;mq;mq;mq;
07027;20110911210000;101210;20;0;200;5.100000;289.050000;286.350000;84;60000;0;mq;mq;100;mq;mq;mq;mq;mq;100420;mq;mq;mq;mq;mq;mq;mq;mq;mq;mq;mq;8.200000;-10;mq;mq;mq;mq;0.000000;0.000000;mq;mq;mq;710.000000;1108.000000;mq;mq;mq;mq;mq;mq;mq;mq;mq;mq;mq;mq;mq;mq;
07037;20110911210000;101260;50;1;200;4.600000;288.350000;286.350000;88;60000;0;mq;mq;100;mq;1250;mq;mq;mq;99470;mq;mq;mq;mq;mq;mq;mq;mq;mq;mq;mq;5.700000;-10;mq;mq;mq;mq;0.000000;0.000000;mq;mq;mq;710.000000;1106.000000;mq;mq;mq;mq;mq;mq;mq;mq;mq;mq;mq;mq;mq;mq;
07110;20110911210000;101080;-80;6;200;11.300000;289.750000;288.950000;95;15000;21;6;2;90;7;150;36;61;60;99960;mq;mq;mq;mq;mq;mq;mq;mq;mq;mq;16.500000;16.500000;-10;mq;mq;mq;mq;0.000000;0.200000;mq;mq;mq;1016.000000;710.000000;1116.000000;mq;6;7;180;7;6;1500;mq;mq;mq;mq;mq;mq;
07117;20110911210000;101010;-60;7;230;7.200000;290.450000;287.350000;82;15000;2;1;1;90;7;800;38;61;60;100330;mq;mq;mq;mq;mq;mq;mq;mq;mq;mq;mq;12.900000;-10;mq;mq;mq;mq;0.000000;0.000000;mq;mq;mq;710.000000;1113.000000;2437.000000;mq;mq;mq;mq;mq;mq;mq;mq;mq;mq;mq;mq;mq;
07130;20110911210000;101410;40;0;190;3.600000;289.150000;287.550000;90;25000;0;mq;mq;90;mq;1250;mq;mq;mq;100900;mq;mq;mq;mq;mq;mq;mq;mq;mq;mq;mq;6.200000;-10;mq;mq;mq;mq;0.000000;0.000000;mq;mq;mq;710.000000;1106.000000;mq;mq;mq;mq;mq;mq;mq;mq;mq;mq;mq;mq;mq;mq;
07139;20110911210000;101420;110;1;220;5.100000;288.950000;285.150000;78;mq;mq;mq;mq;mq;mq;mq;mq;mq;mq;99720;mq;mq;mq;mq;mq;mq;mq;mq;mq;mq;mq;9.300000;-10;mq;mq;mq;mq;0.000000;0.000000;mq;mq;mq;710.000000;1109.000000;mq;mq;mq;mq;mq;mq;mq;mq;mq;mq;mq;mq;mq;mq;
07149;20110911210000;101430;110;1;240;2.600000;288.450000;286.250000;87;25000;2;1;1;60;0;8000;30;20;11;100360;mq;mq;mq;mq;mq;mq;mq;mq;mq;mq;mq;5.100000;-10;mq;mq;0.000000;-30;0.000000;0.000000;mq;mq;mq;710.000000;1105.000000;3100.000000;mq;5;0;7500;mq;mq;mq;mq;mq;mq;mq;mq;mq;
07168;20110911210000;101530;200;1;230;5.700000;288.550000;287.250000;92;20000;0;mq;mq;mq;mq;mq;mq;mq;mq;100130;mq;mq;mq;mq;mq;mq;mq;mq;mq;mq;mq;8.200000;-10;mq;mq;mq;mq;0.000000;0.000000;mq;mq;mq;710.000000;1108.000000;mq;mq;mq;mq;mq;mq;mq;mq;mq;mq;mq;mq;mq;mq;
07181;20110911210000;101490;220;1;260;3.600000;287.750000;286.450000;92;60000;0;mq;mq;mq;mq;800;mq;mq;mq;97480;mq;mq;mq;mq;mq;mq;mq;mq;mq;mq;mq;6.700000;-10;mq;mq;mq;mq;0.000000;0.000000;mq;mq;mq;710.000000;1107.000000;mq;mq;mq;mq;mq;mq;mq;mq;mq;mq;mq;mq;mq;mq;
07190;20110911210000;101410;100;1;200;3.100000;290.050000;288.350000;90;55000;0;mq;mq;mq;mq;1250;mq;mq;mq;99640;mq;mq;mq;mq;mq;mq;mq;mq;mq;mq;mq;6.700000;-10;mq;mq;mq;mq;0.000000;0.200000;mq;mq;mq;710.000000;1107.000000;mq;mq;mq;mq;mq;mq;mq;mq;mq;mq;mq;mq;mq;mq;
07207;20110911210000;mq;mq;mq;240;9.300000;291.050000;288.850000;87;10000;2;1;1;90;3;450;38;25;60;mq;mq;mq;mq;mq;mq;mq;mq;mq;mq;mq;14.900000;14.900000;-10;mq;mq;mq;mq;0.000000;0.000000;mq;mq;mq;1015.000000;710.000000;1115.000000;2447.000000;mq;mq;mq;mq;mq;mq;mq;mq;mq;mq;mq;mq;
07222;20110911210000;101580;40;1;210;3.100000;289.350000;288.050000;92;30000;2;1;1;75;1;450;32;23;11;101270;mq;mq;mq;mq;mq;mq;mq;mq;mq;mq;mq;4.600000;-10;mq;mq;mq;mq;0.000000;0.000000;mq;mq;mq;710.000000;1105.000000;mq;mq;1;8;540;4;3;5100;5;0;6900;mq;mq;mq;
07240;20110911210000;101610;140;1;220;3.600000;289.150000;285.850000;81;30000;2;1;1;75;0;8000;30;20;11;100280;mq;mq;mq;mq;mq;mq;mq;mq;mq;mq;mq;6.700000;-10;mq;mq;0.000000;-30;0.000000;0.000000;mq;mq;mq;710.000000;1107.000000;3100.000000;mq;6;0;7800;mq;mq;mq;mq;mq;mq;mq;mq;mq;
07255;20110911210000;101680;140;1;230;2.600000;289.050000;288.450000;96;20000;0;mq;mq;mq;mq;mq;mq;mq;mq;99720;mq;mq;mq;mq;mq;mq;mq;mq;mq;mq;mq;5.100000;-10;mq;mq;mq;mq;0.000000;0.000000;mq;mq;mq;710.000000;1105.000000;mq;mq;mq;mq;mq;mq;mq;mq;mq;mq;mq;mq;mq;mq;
07280;20110911210000;101630;260;3;200;2.600000;290.450000;286.750000;79;60000;0;mq;mq;mq;mq;mq;mq;mq;mq;98980;mq;mq;mq;mq;mq;mq;mq;mq;mq;mq;mq;5.100000;-10;mq;mq;mq;mq;0.200000;0.200000;mq;mq;mq;710.000000;1105.000000;mq;mq;mq;mq;mq;mq;mq;mq;mq;mq;mq;mq;mq;mq;
07299;20110911210000;101520;210;0;160;1.000000;290.650000;288.850000;89;20000;21;8;6;90;1;1250;31;23;60;98350;mq;mq;mq;mq;mq;mq;mq;mq;mq;mq;mq;3.100000;-10;mq;mq;0.000000;-30;0.000000;1.000000;mq;mq;mq;710.000000;1103.000000;3100.000000;mq;1;8;1080;7;3;2400;mq;mq;mq;mq;mq;mq;
07314;20110911210000;101790;60;0;220;5.700000;291.950000;288.850000;82;15000;2;1;1;90;5;450;38;27;10;101520;mq;mq;mq;mq;mq;mq;mq;mq;mq;mq;mq;7.700000;-10;mq;mq;mq;mq;0.000000;0.000000;mq;mq;mq;710.000000;1108.000000;mq;mq;3;6;480;4;8;600;mq;mq;mq;mq;mq;mq;
07335;20110911210000;101790;160;1;220;3.100000;286.550000;285.750000;95;60000;0;mq;mq;mq;mq;mq;mq;mq;mq;100350;mq;mq;mq;mq;mq;mq;mq;mq;mq;mq;mq;4.100000;-10;mq;mq;mq;mq;0.000000;0.000000;mq;mq;mq;710.000000;1104.000000;mq;mq;mq;mq;mq;mq;mq;mq;mq;mq;mq;mq;mq;mq;
07434;20110911210000;101870;130;1;240;2.100000;287.850000;286.550000;92;50000;0;mq;mq;100;mq;mq;mq;mq;mq;97160;mq;mq;mq;mq;mq;mq;mq;mq;mq;mq;mq;5.100000;-10;mq;mq;mq;mq;0.000000;0.000000;mq;mq;mq;710.000000;1105.000000;mq;mq;mq;mq;mq;mq;mq;mq;mq;mq;mq;mq;mq;mq;
07460;20110911210000;101740;150;1;240;6.200000;292.250000;285.250000;64;30000;2;1;1;90;1;1750;38;28;12;97970;mq;mq;mq;mq;mq;mq;mq;mq;mq;mq;mq;9.300000;-10;mq;mq;0.000000;-30;0.000000;0.000000;mq;mq;mq;710.000000;1109.000000;3100.000000;mq;1;8;1500;7;0;7500;mq;mq;mq;mq;mq;mq;
07471;20110911210000;mq;110;1;260;2.100000;288.350000;286.550000;89;20000;0;mq;mq;mq;mq;800;mq;mq;mq;92370;85000;17860;mq;mq;mq;mq;mq;mq;mq;mq;mq;6.700000;-10;mq;mq;mq;mq;0.800000;0.800000;mq;mq;mq;710.000000;1107.000000;mq;mq;mq;mq;mq;mq;mq;mq;mq;mq;mq;mq;mq;mq;
07481;20110911210000;101690;240;3;190;3.100000;292.850000;288.950000;78;40000;29;9;8;90;4;1750;38;27;10;98910;mq;mq;mq;mq;mq;mq;mq;mq;mq;mq;mq;11.300000;-10;mq;mq;0.000000;-30;0.000000;0.000000;mq;mq;mq;710.000000;1111.000000;3100.000000;mq;2;8;1500;3;6;2400;5;3;3900;mq;mq;mq;
07510;20110911210000;101920;110;1;220;1.500000;289.850000;289.050000;95;30000;2;1;1;50;1;1250;35;20;12;101280;mq;mq;mq;mq;mq;mq;mq;mq;mq;mq;mq;3.100000;-10;mq;mq;0.000000;-30;0.000000;0.000000;mq;mq;mq;710.000000;1103.000000;3100.000000;mq;1;6;1200;4;0;6300;mq;mq;mq;mq;mq;mq;
07535;20110911210000;101900;130;1;270;1.500000;292.250000;287.950000;76;mq;mq;mq;mq;mq;mq;mq;mq;mq;mq;98870;mq;mq;mq;mq;mq;mq;mq;mq;mq;mq;mq;5.100000;-10;mq;mq;mq;mq;0.000000;0.000000;mq;mq;mq;710.000000;1105.000000;mq;mq;mq;mq;mq;mq;mq;mq;mq;mq;mq;mq;mq;mq;
07558;20110911210000;101840;110;0;280;4.600000;290.450000;286.550000;78;mq;mq;mq;mq;mq;mq;mq;mq;mq;mq;93730;mq;mq;mq;mq;mq;mq;mq;mq;mq;mq;mq;7.700000;-10;mq;mq;mq;mq;0.000000;0.000000;mq;mq;mq;710.000000;1108.000000;mq;mq;mq;mq;mq;mq;mq;mq;mq;mq;mq;mq;mq;mq;
07577;20110911210000;101670;130;1;90;0.500000;295.150000;290.550000;75;20000;0;mq;mq;mq;mq;mq;mq;mq;mq;100810;mq;mq;mq;mq;mq;mq;mq;mq;mq;mq;mq;3.100000;-10;mq;mq;mq;mq;0.000000;0.000000;mq;mq;mq;710.000000;1103.000000;mq;mq;mq;mq;mq;mq;mq;mq;mq;mq;mq;mq;mq;mq;
07591;20110911210000;mq;30;0;190;3.100000;293.350000;285.550000;61;mq;0;mq;mq;mq;mq;mq;mq;mq;mq;91800;mq;mq;mq;mq;mq;mq;mq;mq;mq;mq;mq;5.700000;-10;mq;mq;mq;mq;0.000000;0.000000;mq;mq;mq;710.000000;1106.000000;mq;mq;mq;mq;mq;mq;mq;mq;mq;mq;mq;mq;mq;mq;
07607;20110911210000;102020;130;1;250;1.500000;292.350000;289.350000;83;16000;0;mq;mq;mq;mq;800;mq;mq;mq;101320;mq;mq;mq;mq;mq;mq;mq;mq;mq;mq;mq;4.600000;-10;mq;mq;mq;mq;0.000000;0.000000;mq;mq;mq;710.000000;1105.000000;mq;mq;mq;mq;mq;mq;mq;mq;mq;mq;mq;mq;mq;mq;
07621;20110911210000;102090;90;1;260;1.000000;290.250000;287.550000;84;30000;2;1;1;75;4;3500;30;23;12;97850;mq;mq;mq;mq;mq;mq;mq;mq;mq;mq;mq;4.100000;-10;mq;mq;0.000000;-30;0.000000;0.000000;mq;mq;mq;710.000000;1104.000000;3100.000000;mq;4;3;2400;5;0;6000;mq;mq;mq;mq;mq;mq;
07627;20110911210000;102060;170;1;340;0.500000;292.850000;286.950000;69;mq;mq;mq;mq;mq;mq;mq;mq;mq;mq;97330;mq;mq;mq;mq;mq;mq;mq;mq;mq;mq;mq;5.700000;-10;mq;mq;mq;mq;0.000000;0.000000;mq;mq;mq;710.000000;1106.000000;mq;mq;mq;mq;mq;mq;mq;mq;mq;mq;mq;mq;mq;mq;
07630;20110911210000;101990;170;1;270;3.100000;294.550000;287.250000;63;45000;2;1;1;100;2;1250;38;27;60;100250;mq;mq;mq;mq;mq;mq;mq;mq;mq;mq;mq;8.200000;-10;mq;mq;0.000000;-30;0.000000;0.000000;mq;mq;mq;710.000000;1108.000000;3100.000000;mq;1;8;1140;6;3;3300;7;4;5100;mq;mq;mq;
07643;20110911210000;101700;40;0;260;3.100000;295.150000;293.750000;92;12000;2;1;1;100;1;250;36;23;12;101610;mq;mq;mq;mq;mq;mq;mq;mq;mq;mq;mq;3.600000;-10;mq;mq;mq;mq;0.000000;0.000000;mq;mq;mq;710.000000;1104.000000;mq;mq;1;8;210;3;3;3300;7;0;7800;mq;mq;mq;
07650;20110911210000;101660;60;0;330;1.500000;294.950000;292.650000;87;30000;2;1;1;75;4;3500;30;23;12;101290;mq;mq;mq;mq;mq;mq;mq;mq;mq;mq;mq;5.100000;-10;mq;mq;0.000000;-30;0.000000;0.000000;mq;mq;mq;710.000000;1105.000000;3100.000000;mq;4;3;4800;6;0;6900;mq;mq;mq;mq;mq;mq;
07661;20110911210000;101590;0;0;320;5.700000;294.350000;293.150000;93;mq;mq;mq;mq;mq;mq;mq;mq;mq;mq;100040;mq;mq;mq;mq;mq;mq;mq;mq;mq;mq;mq;8.700000;-10;mq;mq;mq;mq;0.000000;0.000000;mq;mq;mq;710.000000;1109.000000;mq;mq;mq;mq;mq;mq;mq;mq;mq;mq;mq;mq;mq;mq;
07690;20110911210000;101520;-40;8;260;2.600000;296.650000;293.550000;83;20000;2;1;1;90;1;450;35;20;12;101200;mq;mq;mq;mq;mq;mq;mq;mq;mq;mq;mq;3.100000;-10;mq;mq;0.000000;-30;0.000000;0.000000;mq;mq;mq;710.000000;1103.000000;3100.000000;mq;2;6;390;6;0;6000;mq;mq;mq;mq;mq;mq;
07747;20110911210000;101780;140;1;330;5.100000;298.550000;287.650000;51;60000;0;mq;mq;mq;mq;2250;mq;mq;mq;101270;mq;mq;mq;mq;mq;mq;mq;mq;mq;mq;mq;10.300000;-10;mq;mq;mq;mq;0.000000;0.000000;mq;mq;mq;710.000000;1110.000000;mq;mq;mq;mq;mq;mq;mq;mq;mq;mq;mq;mq;mq;mq;
07761;20110911210000;101620;100;0;50;2.600000;293.750000;289.950000;79;20000;2;1;1;50;2;3500;30;23;12;101510;mq;mq;mq;mq;mq;mq;mq;mq;mq;mq;mq;4.600000;-10;mq;mq;0.000000;-30;0.000000;0.000000;mq;mq;mq;710.000000;1105.000000;3100.000000;mq;2;3;3600;3;0;7800;mq;mq;mq;mq;mq;mq;
07790;20110911210000;101490;-30;8;150;1.500000;293.450000;292.150000;92;20000;2;1;1;60;0;8000;30;20;11;101350;mq;mq;mq;mq;mq;mq;mq;mq;mq;mq;mq;3.100000;-10;mq;mq;0.000000;-30;0.000000;0.000000;mq;mq;mq;710.000000;1103.000000;3100.000000;mq;5;0;6900;mq;mq;mq;mq;mq;mq;mq;mq;mq;
61968;20110911210000;101750;mq;mq;110;4.100000;298.050000;292.250000;70;mq;mq;mq;mq;mq;mq;mq;mq;mq;mq;mq;mq;mq;mq;mq;mq;mq;mq;mq;mq;mq;mq;8.700000;-10;mq;mq;mq;mq;0.000000;0.000000;mq;mq;mq;710.000000;1109.000000;mq;mq;mq;mq;mq;mq;mq;mq;mq;mq;mq;mq;mq;mq;
61970;20110911210000;102080;mq;mq;mq;mq;294.650000;291.450000;82;mq;mq;mq;mq;mq;mq;mq;mq;mq;mq;mq;mq;mq;mq;mq;mq;mq;mq;mq;mq;mq;mq;mq;mq;mq;mq;mq;mq;0.000000;0.000000;mq;mq;mq;mq;mq;mq;mq;mq;mq;mq;mq;mq;mq;mq;mq;mq;mq;mq;mq;
61972;20110911210000;102130;mq;mq;140;2.100000;293.750000;293.250000;97;mq;mq;mq;mq;mq;mq;mq;mq;mq;mq;mq;mq;mq;mq;mq;mq;mq;mq;mq;mq;mq;mq;2.600000;-10;mq;mq;mq;mq;0.000000;0.000000;mq;mq;mq;710.000000;1103.000000;mq;mq;mq;mq;mq;mq;mq;mq;mq;mq;mq;mq;mq;mq;
61980;20110911210000;102500;mq;mq;130;8.200000;293.150000;287.750000;71;60000;0;mq;mq;mq;mq;mq;mq;mq;mq;mq;mq;mq;0;mq;mq;mq;mq;mq;mq;mq;mq;12.900000;-10;mq;mq;mq;mq;0.000000;0.000000;mq;mq;mq;710.000000;1113.000000;mq;mq;mq;mq;mq;mq;mq;mq;mq;mq;mq;mq;mq;mq;
61996;20110911210000;mq;mq;mq;mq;mq;281.750000;mq;mq;mq;mq;mq;mq;mq;mq;mq;mq;mq;mq;mq;mq;mq;1040;mq;mq;mq;mq;mq;mq;mq;mq;mq;mq;mq;mq;mq;mq;0.000000;0.000000;mq;mq;mq;mq;mq;mq;mq;mq;mq;mq;mq;mq;mq;mq;mq;mq;mq;mq;mq;
61997;20110911210000;101530;mq;mq;250;15.900000;280.150000;275.650000;73;mq;mq;mq;mq;mq;mq;mq;mq;mq;mq;mq;mq;mq;mq;mq;mq;mq;mq;mq;mq;mq;mq;31.400000;-30;mq;mq;mq;mq;mq;0.000000;mq;mq;mq;1131.000000;mq;mq;mq;mq;mq;mq;mq;mq;mq;mq;mq;mq;mq;mq;mq;
61998;20110911210000;99680;mq;mq;310;7.700000;277.050000;275.750000;91;mq;mq;mq;mq;mq;mq;mq;mq;mq;mq;mq;mq;mq;mq;mq;mq;mq;mq;mq;mq;mq;mq;23.700000;-10;mq;mq;mq;mq;0.000000;2.000000;mq;mq;mq;710.000000;1124.000000;mq;mq;mq;mq;mq;mq;mq;mq;mq;mq;mq;mq;mq;mq;
67005;20110911210000;101830;mq;mq;0;0.500000;293.950000;292.050000;89;mq;0;mq;mq;mq;mq;mq;mq;mq;mq;mq;mq;mq;mq;mq;mq;mq;mq;mq;mq;mq;mq;2.600000;-10;mq;mq;mq;mq;0.000000;0.000000;mq;mq;mq;710.000000;1103.000000;mq;mq;mq;mq;mq;mq;mq;mq;mq;mq;mq;mq;mq;mq;
71805;20110911210000;101760;20;3;270;6.200000;286.450000;281.050000;70;15000;0;mq;mq;mq;mq;800;mq;mq;mq;101680;mq;mq;mq;mq;mq;mq;mq;mq;mq;mq;mq;11.800000;-10;mq;mq;mq;mq;0.000000;0.000000;mq;mq;mq;710.000000;1112.000000;mq;mq;mq;mq;mq;mq;mq;mq;mq;mq;mq;mq;mq;mq;
78897;20110911210000;101300;0;5;150;5.100000;302.550000;296.750000;71;40000;2;1;1;90;6;800;38;20;12;mq;mq;mq;520;mq;mq;mq;mq;mq;mq;mq;mq;mq;mq;mq;mq;mq;mq;mq;mq;mq;mq;mq;mq;mq;mq;mq;3;8;900;3;6;2100;7;0;8400;mq;mq;mq;
78922;20110911210000;101350;-10;5;180;7.700000;302.150000;297.950000;78;mq;mq;mq;mq;mq;mq;mq;mq;mq;mq;100910;mq;mq;mq;mq;mq;mq;mq;mq;mq;mq;mq;mq;mq;mq;mq;mq;mq;mq;mq;mq;mq;mq;mq;mq;mq;mq;mq;mq;mq;mq;mq;mq;mq;mq;mq;mq;mq;mq;
78925;20110911210000;101350;-40;5;130;3.600000;304.150000;297.550000;68;25000;2;1;1;90;2;800;32;20;12;mq;mq;mq;420;mq;mq;mq;mq;mq;mq;mq;mq;mq;mq;mq;mq;mq;mq;mq;mq;mq;mq;mq;mq;mq;mq;mq;2;8;780;6;0;7800;mq;mq;mq;mq;mq;mq;
81401;20110911210000;101180;mq;mq;40;3.100000;303.250000;296.650000;68;mq;mq;mq;mq;mq;mq;mq;mq;mq;mq;101120;mq;mq;mq;mq;mq;mq;mq;mq;mq;mq;mq;mq;mq;mq;mq;mq;mq;mq;0.000000;mq;mq;mq;mq;mq;mq;mq;mq;mq;mq;mq;mq;mq;mq;mq;mq;mq;mq;mq;
81405;20110911210000;101330;mq;mq;80;4.100000;301.850000;297.650000;78;10000;2;1;1;50;1;800;32;23;18;101240;mq;mq;mq;mq;mq;mq;mq;mq;mq;mq;mq;mq;mq;mq;mq;mq;mq;mq;0.000000;mq;mq;mq;mq;mq;mq;mq;mq;mq;mq;mq;mq;mq;mq;mq;mq;mq;mq;mq;
81408;20110911210000;101300;mq;mq;110;3.100000;303.350000;294.950000;61;mq;mq;mq;mq;mq;mq;mq;mq;mq;mq;101220;mq;mq;mq;mq;mq;mq;mq;mq;mq;mq;mq;mq;mq;mq;mq;mq;mq;mq;0.000000;mq;mq;mq;mq;mq;mq;mq;mq;mq;mq;mq;mq;mq;mq;mq;mq;mq;mq;mq;
89642;20110911210000;99910;70;3;160;20.100000;255.150000;250.150000;62;mq;mq;mq;mq;mq;mq;mq;mq;mq;mq;99340;mq;mq;mq;mq;mq;mq;mq;mq;mq;mq;25.700000;26.200000;-30;mq;mq;mq;mq;mq;mq;mq;mq;mq;1026.000000;1126.000000;mq;mq;mq;mq;mq;mq;mq;mq;mq;mq;mq;mq;mq;mq;
07005;20110912000000;101150;-30;8;170;3.600000;287.450000;285.950000;91;mq;mq;mq;mq;mq;mq;mq;mq;mq;mq;100270;mq;mq;mq;mq;mq;mq;mq;mq;mq;mq;mq;5.700000;-10;mq;mq;mq;mq;0.000000;0.000000;0.000000;mq;mq;710.000000;1106.000000;mq;mq;mq;mq;mq;mq;mq;mq;mq;mq;mq;mq;mq;mq;
07015;20110912000000;101140;0;5;200;4.100000;287.250000;285.250000;88;30000;2;1;1;40;0;8000;30;20;11;100580;mq;mq;mq;mq;mq;mq;mq;mq;mq;mq;mq;6.700000;-10;mq;mq;0.000000;-60;0.000000;0.000000;0.000000;mq;mq;710.000000;1107.000000;3100.000000;mq;3;0;7800;mq;mq;mq;mq;mq;mq;mq;mq;mq;
07020;20110912000000;100860;-170;8;200;11.800000;290.450000;288.450000;88;14000;2;1;1;100;8;1750;35;20;10;100600;mq;mq;mq;mq;mq;mq;mq;mq;mq;mq;mq;17.000000;-10;mq;mq;mq;mq;0.000000;0.000000;0.000000;mq;mq;710.000000;1117.000000;mq;mq;8;6;1500;mq;mq;mq;mq;mq;mq;mq;mq;mq;
07027;20110912000000;101170;-40;8;190;5.700000;289.250000;286.750000;85;55000;0;mq;mq;100;mq;1750;mq;mq;mq;100380;mq;mq;mq;mq;mq;mq;mq;mq;mq;mq;mq;9.300000;-10;mq;mq;mq;mq;0.000000;0.000000;0.000000;mq;mq;710.000000;1109.000000;mq;mq;mq;mq;mq;mq;mq;mq;mq;mq;mq;mq;mq;mq;
07037;20110912000000;101300;30;1;210;6.700000;287.350000;285.750000;90;55000;0;mq;mq;mq;mq;mq;mq;mq;mq;99500;mq;mq;mq;mq;mq;mq;mq;mq;mq;mq;mq;8.700000;-10;mq;mq;mq;mq;0.000000;0.000000;0.000000;mq;mq;710.000000;1109.000000;mq;mq;mq;mq;mq;mq;mq;mq;mq;mq;mq;mq;mq;mq;
07110;20110912000000;100950;-120;8;210;10.800000;290.450000;289.450000;94;15000;51;6;5;90;7;150;36;61;60;99840;mq;mq;mq;mq;mq;mq;mq;mq;mq;mq;18.000000;18.000000;-10;mq;mq;mq;mq;0.000000;0.000000;0.200000;mq;mq;1018.000000;710.000000;1118.000000;mq;7;7;180;mq;mq;mq;mq;mq;mq;mq;mq;mq;
07117;20110912000000;100880;-130;7;230;8.700000;290.950000;287.250000;79;mq;mq;mq;mq;mq;mq;mq;mq;mq;mq;100200;mq;mq;mq;mq;mq;mq;mq;mq;mq;mq;18.500000;18.500000;-10;mq;mq;mq;mq;0.000000;0.000000;0.000000;mq;mq;1019.000000;710.000000;1119.000000;mq;mq;mq;mq;mq;mq;mq;mq;mq;mq;mq;mq;mq;
07130;20110912000000;101330;-80;6;200;5.700000;289.650000;288.150000;91;27000;0;mq;mq;90;mq;450;mq;mq;mq;100820;mq;mq;mq;mq;mq;mq;mq;mq;mq;mq;mq;9.300000;-10;mq;mq;mq;mq;0.000000;0.200000;0.200000;mq;mq;710.000000;1109.000000;mq;mq;mq;mq;mq;mq;mq;mq;mq;mq;mq;mq;mq;mq;
07139;20110912000000;101430;10;0;210;3.600000;288.250000;285.950000;86;mq;mq;mq;mq;mq;mq;mq;mq;mq;mq;99730;mq;mq;mq;mq;mq;mq;mq;mq;mq;mq;mq;8.700000;-10;mq;mq;mq;mq;0.000000;0.000000;0.000000;mq;mq;710.000000;1109.000000;mq;mq;mq;mq;mq;mq;mq;mq;mq;mq;mq;mq;mq;mq;
07149;20110912000000;101480;50;0;230;3.600000;287.550000;285.950000;90;25000;2;1;1;75;3;3500;30;23;12;100410;mq;mq;mq;mq;mq;mq;mq;mq;mq;mq;mq;5.700000;-10;mq;mq;0.000000;-60;0.000000;0.000000;0.000000;mq;mq;710.000000;1106.000000;3100.000000;mq;3;3;3000;6;0;7500;mq;mq;mq;mq;mq;mq;
07168;20110912000000;101640;100;1;210;4.600000;287.050000;285.950000;93;20000;0;mq;mq;mq;mq;mq;mq;mq;mq;100230;mq;mq;mq;mq;mq;mq;mq;mq;mq;mq;mq;6.200000;-10;mq;mq;mq;mq;0.200000;0.200000;0.200000;mq;mq;710.000000;1106.000000;mq;mq;mq;mq;mq;mq;mq;mq;mq;mq;mq;mq;mq;mq;
07181;20110912000000;101610;100;1;240;3.600000;286.350000;285.850000;97;60000;0;mq;mq;mq;mq;mq;mq;mq;mq;97580;mq;mq;mq;mq;mq;mq;mq;mq;mq;mq;mq;5.100000;-10;mq;mq;mq;mq;0.000000;0.000000;0.000000;mq;mq;710.000000;1105.000000;mq;mq;mq;mq;mq;mq;mq;mq;mq;mq;mq;mq;mq;mq;
07190;20110912000000;101580;160;1;180;1.500000;289.350000;287.350000;88;55000;0;mq;mq;mq;mq;1750;mq;mq;mq;99800;mq;mq;mq;mq;mq;mq;mq;mq;mq;mq;mq;3.600000;-10;mq;mq;mq;mq;0.000000;0.000000;0.200000;mq;mq;710.000000;1104.000000;mq;mq;mq;mq;mq;mq;mq;mq;mq;mq;mq;mq;mq;mq;
07207;20110912000000;mq;mq;mq;230;9.300000;291.450000;289.650000;89;12000;2;1;1;100;8;450;38;61;60;mq;mq;mq;mq;mq;mq;mq;mq;mq;mq;mq;mq;14.400000;-10;mq;mq;mq;mq;0.000000;0.000000;0.000000;mq;mq;710.000000;1114.000000;2447.000000;mq;mq;mq;mq;mq;mq;mq;mq;mq;mq;mq;mq;mq;
07222;20110912000000;101510;-70;8;180;3.100000;288.250000;287.450000;95;16000;0;mq;mq;mq;mq;mq;mq;mq;mq;101200;mq;mq;mq;mq;mq;mq;mq;mq;mq;mq;mq;4.600000;-10;mq;mq;mq;mq;0.000000;0.000000;0.000000;mq;mq;710.000000;1105.000000;mq;mq;mq;mq;mq;mq;mq;mq;mq;mq;mq;mq;mq;mq;
07240;20110912000000;101650;40;1;190;3.100000;287.850000;285.850000;88;30000;2;1;1;10;1;3500;30;23;10;100320;mq;mq;mq;mq;mq;mq;mq;mq;mq;mq;mq;5.700000;-10;mq;mq;0.000000;-60;0.000000;0.000000;0.000000;mq;mq;710.000000;1106.000000;3100.000000;mq;1;3;4500;mq;mq;mq;mq;mq;mq;mq;mq;mq;
07255;20110912000000;101790;100;1;240;2.100000;287.650000;287.150000;97;20000;0;mq;mq;mq;mq;800;mq;mq;mq;99820;mq;mq;mq;mq;mq;mq;mq;mq;mq;mq;mq;3.600000;-10;mq;mq;mq;mq;0.000000;0.200000;0.200000;mq;mq;710.000000;1104.000000;mq;mq;mq;mq;mq;mq;mq;mq;mq;mq;mq;mq;mq;mq;
07280;20110912000000;101770;100;3;160;2.100000;286.650000;285.350000;92;60000;0;mq;mq;mq;mq;800;mq;mq;mq;99080;mq;mq;mq;mq;mq;mq;mq;mq;mq;mq;mq;2.600000;-10;mq;mq;mq;mq;0.000000;0.000000;0.200000;mq;mq;710.000000;1103.000000;mq;mq;mq;mq;mq;mq;mq;mq;mq;mq;mq;mq;mq;mq;
07299;20110912000000;101690;150;1;260;3.600000;289.450000;287.650000;89;60000;0;mq;mq;mq;mq;mq;mq;mq;mq;98500;mq;mq;mq;mq;mq;mq;mq;mq;mq;mq;mq;5.100000;-10;mq;mq;mq;mq;0.000000;0.000000;1.000000;mq;mq;710.000000;1105.000000;mq;mq;mq;mq;mq;mq;mq;mq;mq;mq;mq;mq;mq;mq;
07314;20110912000000;101710;-80;8;200;8.200000;292.450000;289.850000;85;20000;2;1;1;10;0;8000;30;20;11;101440;mq;mq;mq;mq;mq;mq;mq;mq;mq;mq;mq;10.800000;-10;mq;mq;mq;mq;0.000000;0.000000;0.000000;mq;mq;710.000000;1111.000000;2428.000000;mq;1;0;4800;mq;mq;mq;mq;mq;mq;mq;mq;mq;
07335;20110912000000;101810;20;3;180;2.600000;286.450000;285.950000;97;55000;0;mq;mq;mq;mq;mq;mq;mq;mq;100370;mq;mq;mq;mq;mq;mq;mq;mq;mq;mq;mq;4.100000;-10;mq;mq;mq;mq;0.200000;0.200000;0.200000;mq;mq;710.000000;1104.000000;mq;mq;mq;mq;mq;mq;mq;mq;mq;mq;mq;mq;mq;mq;
07434;20110912000000;101940;40;2;220;2.100000;286.050000;285.250000;95;12000;0;mq;mq;mq;mq;mq;mq;mq;mq;97200;mq;mq;mq;mq;mq;mq;mq;mq;mq;mq;mq;3.100000;-10;mq;mq;mq;mq;0.000000;0.000000;0.000000;mq;mq;710.000000;1103.000000;mq;mq;mq;mq;mq;mq;mq;mq;mq;mq;mq;mq;mq;mq;
07460;20110912000000;101840;50;3;180;0.500000;288.550000;283.550000;72;30000;2;1;1;75;1;3500;30;23;11;98020;mq;mq;mq;mq;mq;mq;mq;mq;mq;mq;mq;3.600000;-10;mq;mq;0.000000;-60;0.000000;0.000000;0.000000;mq;mq;710.000000;1104.000000;3100.000000;mq;1;3;3000;6;0;7500;mq;mq;mq;mq;mq;mq;
07471;20110912000000;mq;10;3;40;1.000000;286.050000;284.750000;92;19000;0;mq;mq;mq;mq;1250;mq;mq;mq;92380;85000;17870;mq;mq;mq;mq;mq;mq;mq;mq;mq;5.100000;-10;mq;mq;mq;mq;0.000000;0.200000;1.000000;mq;mq;710.000000;1105.000000;mq;mq;mq;mq;mq;mq;mq;mq;mq;mq;mq;mq;mq;mq;
07481;20110912000000;101790;80;3;70;2.600000;291.450000;288.550000;83;40000;2;9;8;60;3;1750;35;23;10;98990;mq;mq;mq;mq;mq;mq;mq;mq;mq;mq;mq;5.700000;-10;mq;mq;0.000000;-60;0.000000;0.000000;0.000000;mq;mq;710.000000;1106.000000;3100.000000;mq;3;6;1800;4;3;3000;mq;mq;mq;mq;mq;mq;
07510;20110912000000;101920;0;4;190;3.100000;288.950000;288.950000;100;15000;11;1;1;60;5;450;35;20;10;101280;mq;mq;mq;mq;mq;mq;mq;mq;mq;mq;mq;4.600000;-10;mq;mq;0.000000;-60;0.000000;0.000000;0.000000;mq;mq;710.000000;1105.000000;3100.000000;mq;1;6;450;5;6;1500;mq;mq;mq;mq;mq;mq;
07535;20110912000000;102010;60;1;160;1.000000;288.450000;287.350000;93;mq;mq;mq;mq;mq;mq;mq;mq;mq;mq;98930;mq;mq;mq;mq;mq;mq;mq;mq;mq;mq;mq;2.100000;-10;mq;mq;mq;mq;0.000000;0.000000;0.000000;mq;mq;710.000000;1102.000000;mq;mq;mq;mq;mq;mq;mq;mq;mq;mq;mq;mq;mq;mq;
07558;20110912000000;101870;10;0;280;4.100000;289.050000;287.050000;88;mq;mq;mq;mq;mq;mq;mq;mq;mq;mq;93720;mq;mq;mq;mq;mq;mq;mq;mq;mq;mq;mq;7.200000;-10;mq;mq;mq;mq;0.000000;0.000000;0.000000;mq;mq;710.000000;1107.000000;mq;mq;mq;mq;mq;mq;mq;mq;mq;mq;mq;mq;mq;mq;
07577;20110912000000;101700;20;3;0;0.000000;292.450000;290.550000;89;20000;0;mq;mq;mq;mq;mq;mq;mq;mq;100830;mq;mq;mq;mq;mq;mq;mq;mq;mq;mq;mq;2.100000;-10;mq;mq;mq;mq;0.000000;0.000000;0.000000;mq;mq;710.000000;1102.000000;mq;mq;mq;mq;mq;mq;mq;mq;mq;mq;mq;mq;mq;mq;
07591;20110912000000;mq;-20;7;210;1.500000;291.350000;285.150000;67;mq;0;mq;mq;mq;mq;mq;mq;mq;mq;91780;mq;mq;mq;mq;mq;mq;mq;mq;mq;mq;mq;5.700000;-10;mq;mq;mq;mq;0.000000;0.000000;0.000000;mq;mq;710.000000;1106.000000;mq;mq;mq;mq;mq;mq;mq;mq;mq;mq;mq;mq;mq;mq;
07607;20110912000000;102010;-10;5;0;0.000000;289.150000;288.050000;93;40000;0;mq;mq;90;mq;1750;mq;mq;mq;101310;mq;mq;mq;mq;mq;mq;mq;mq;mq;mq;mq;1.500000;-10;mq;mq;mq;mq;0.000000;0.000000;0.000000;mq;mq;710.000000;1102.000000;mq;mq;mq;mq;mq;mq;mq;mq;mq;mq;mq;mq;mq;mq;
07621;20110912000000;102080;-40;8;170;1.500000;288.050000;286.550000;91;30000;2;1;1;0;mq;mq;mq;mq;mq;97810;mq;mq;mq;mq;mq;mq;mq;mq;mq;mq;mq;3.100000;-10;mq;mq;0.000000;-60;0.000000;0.000000;0.000000;mq;mq;710.000000;1103.000000;3100.000000;mq;mq;mq;mq;mq;mq;mq;mq;mq;mq;mq;mq;mq;
07627;20110912000000;102090;-40;6;160;1.500000;288.150000;285.450000;84;mq;mq;mq;mq;mq;mq;mq;mq;mq;mq;97290;mq;mq;mq;mq;mq;mq;mq;mq;mq;mq;mq;2.100000;-10;mq;mq;mq;mq;0.000000;0.000000;0.000000;mq;mq;710.000000;1102.000000;mq;mq;mq;mq;mq;mq;mq;mq;mq;mq;mq;mq;mq;mq;
07630;20110912000000;102010;0;0;230;1.500000;291.450000;286.950000;75;60000;0;mq;mq;mq;mq;800;mq;mq;mq;100250;mq;mq;mq;mq;mq;mq;mq;mq;mq;mq;mq;4.100000;-10;mq;mq;mq;mq;0.000000;0.000000;0.000000;mq;mq;710.000000;1104.000000;mq;mq;mq;mq;mq;mq;mq;mq;mq;mq;mq;mq;mq;mq;
07643;20110912000000;101720;20;3;270;4.100000;295.450000;288.050000;63;60000;0;mq;mq;mq;mq;mq;mq;mq;mq;101630;mq;mq;mq;mq;mq;mq;mq;mq;mq;mq;mq;7.200000;-10;mq;mq;mq;mq;0.000000;0.000000;0.000000;mq;mq;710.000000;1107.000000;mq;mq;mq;mq;mq;mq;mq;mq;mq;mq;mq;mq;mq;mq;
07650;20110912000000;101650;-10;8;330;2.600000;294.950000;293.050000;89;15000;0;mq;mq;mq;mq;450;mq;mq;mq;101280;mq;mq;mq;mq;mq;mq;mq;mq;mq;mq;mq;4.100000;-10;mq;mq;mq;mq;0.000000;0.000000;0.000000;mq;mq;710.000000;1104.000000;mq;mq;mq;mq;mq;mq;mq;mq;mq;mq;mq;mq;mq;mq;
07661;20110912000000;101540;-50;8;340;7.200000;294.150000;290.750000;81;mq;mq;mq;mq;mq;mq;mq;mq;mq;mq;99990;mq;mq;mq;mq;mq;mq;mq;mq;mq;mq;mq;9.300000;-10;mq;mq;mq;mq;0.200000;0.200000;0.200000;mq;mq;710.000000;1109.000000;mq;mq;mq;mq;mq;mq;mq;mq;mq;mq;mq;mq;mq;mq;
07690;20110912000000;101380;-140;6;310;2.600000;295.250000;293.350000;89;18000;2;1;1;60;0;mq;30;20;12;101060;mq;mq;mq;mq;mq;mq;mq;mq;mq;mq;mq;3.600000;-10;mq;mq;0.000000;-60;0.000000;0.000000;0.000000;mq;mq;710.000000;1104.000000;3100.000000;mq;5;0;7800;mq;mq;mq;mq;mq;mq;mq;mq;mq;
07747;20110912000000;101770;-10;5;320;7.700000;297.150000;287.250000;54;60000;0;mq;mq;mq;mq;2250;mq;mq;mq;101260;mq;mq;mq;mq;mq;mq;mq;mq;mq;mq;mq;14.400000;-10;mq;mq;mq;mq;0.000000;0.000000;0.000000;mq;mq;710.000000;1114.000000;mq;mq;mq;mq;mq;mq;mq;mq;mq;mq;mq;mq;mq;mq;
07761;20110912000000;101590;-30;5;50;1.500000;292.750000;288.450000;76;20000;2;1;1;90;0;mq;30;20;12;101480;mq;mq;mq;mq;mq;mq;mq;mq;mq;mq;mq;2.100000;-10;mq;mq;0.000000;-60;0.000000;0.000000;0.000000;mq;mq;710.000000;1102.000000;3100.000000;mq;7;2;7800;mq;mq;mq;mq;mq;mq;mq;mq;mq;
07790;20110912000000;101460;-30;6;290;1.000000;294.750000;290.150000;75;45000;0;mq;mq;mq;mq;mq;mq;mq;mq;101320;mq;mq;mq;mq;mq;mq;mq;mq;mq;mq;mq;4.100000;-10;mq;mq;mq;mq;0.000000;0.000000;0.000000;mq;mq;710.000000;1104.000000;mq;mq;mq;mq;mq;mq;mq;mq;mq;mq;mq;mq;mq;mq;
61968;20110912000000;101560;mq;mq;110;6.200000;298.050000;291.550000;67;mq;mq;mq;mq;mq;mq;mq;mq;mq;mq;mq;mq;mq;mq;mq;mq;mq;mq;mq;mq;mq;mq;13.900000;-10;mq;mq;mq;mq;0.000000;mq;0.000000;mq;mq;710.000000;1114.000000;mq;mq;mq;mq;mq;mq;mq;mq;mq;mq;mq;mq;mq;mq;
61970;20110912000000;101940;mq;mq;mq;mq;296.750000;292.650000;78;mq;mq;mq;mq;mq;mq;mq;mq;mq;mq;mq;mq;mq;mq;mq;mq;mq;mq;mq;mq;mq;mq;mq;mq;mq;mq;mq;mq;0.000000;mq;0.000000;mq;mq;mq;mq;mq;mq;mq;mq;mq;mq;mq;mq;mq;mq;mq;mq;mq;mq;
61972;20110912000000;102030;mq;mq;150;1.500000;293.550000;293.250000;98;mq;mq;mq;mq;mq;mq;mq;mq;mq;mq;mq;mq;mq;0;mq;mq;mq;mq;mq;mq;mq;mq;2.600000;-10;mq;mq;mq;mq;0.000000;mq;0.200000;mq;mq;710.000000;1103.000000;mq;mq;mq;mq;mq;mq;mq;mq;mq;mq;mq;mq;mq;mq;
61980;20110912000000;102360;mq;mq;120;5.100000;292.250000;284.550000;61;10000;2;1;1;10;1;800;31;20;10;mq;mq;mq;mq;mq;mq;mq;mq;mq;mq;mq;mq;10.300000;-10;mq;mq;mq;mq;0.000000;mq;0.000000;mq;mq;710.000000;1110.000000;mq;mq;1;8;600;mq;mq;mq;mq;mq;mq;mq;mq;mq;
61996;20110912000000;mq;mq;mq;mq;mq;283.050000;mq;mq;mq;mq;mq;mq;mq;mq;mq;mq;mq;mq;mq;mq;mq;750;mq;mq;mq;mq;mq;mq;mq;mq;mq;mq;mq;mq;mq;mq;0.000000;mq;0.000000;mq;mq;mq;mq;mq;mq;mq;mq;mq;mq;mq;mq;mq;mq;mq;mq;mq;mq;
61997;20110912000000;101590;mq;mq;260;13.400000;281.950000;276.550000;69;mq;mq;mq;mq;mq;mq;mq;mq;mq;mq;mq;mq;mq;630;mq;mq;mq;mq;mq;mq;mq;mq;31.400000;-60;mq;mq;mq;mq;mq;mq;0.000000;mq;mq;1131.000000;mq;mq;mq;mq;mq;mq;mq;mq;mq;mq;mq;mq;mq;mq;mq;
61998;20110912000000;99370;mq;mq;340;6.200000;276.950000;274.350000;83;25000;0;mq;mq;60;0;8000;30;20;12;mq;mq;mq;mq;mq;mq;mq;mq;mq;mq;mq;mq;12.300000;-10;mq;mq;mq;mq;0.000000;mq;2.000000;mq;mq;710.000000;1112.000000;mq;mq;5;0;7500;mq;mq;mq;mq;mq;mq;mq;mq;mq;
67005;20110912000000;101640;mq;mq;240;1.500000;294.750000;292.450000;87;mq;0;mq;mq;mq;mq;mq;mq;mq;mq;mq;mq;mq;mq;mq;mq;mq;mq;mq;mq;mq;mq;2.600000;-10;mq;mq;mq;mq;0.000000;mq;0.000000;mq;mq;710.000000;1103.000000;mq;mq;mq;mq;mq;mq;mq;mq;mq;mq;mq;mq;mq;mq;
71805;20110912000000;101750;10;4;240;8.200000;285.350000;280.450000;72;50000;0;mq;mq;mq;mq;mq;mq;mq;mq;101670;mq;mq;mq;mq;mq;mq;mq;mq;mq;mq;mq;10.800000;-10;mq;mq;mq;mq;0.000000;0.000000;0.000000;mq;mq;710.000000;1111.000000;mq;mq;mq;mq;mq;mq;mq;mq;mq;mq;mq;mq;mq;mq;
78897;20110912000000;101470;170;3;140;4.600000;301.550000;298.150000;82;30000;13;2;2;90;5;800;38;20;12;mq;mq;mq;460;298.950000;mq;303.850000;mq;mq;mq;mq;mq;mq;mq;mq;mq;mq;mq;mq;mq;0.000000;mq;31.600000;mq;mq;mq;mq;4;8;630;7;0;8400;mq;mq;mq;mq;mq;mq;
78922;20110912000000;101500;150;3;170;7.700000;301.850000;296.950000;75;mq;mq;mq;mq;mq;mq;mq;mq;mq;mq;101060;mq;mq;mq;mq;mq;mq;mq;mq;mq;mq;mq;mq;mq;mq;mq;mq;mq;mq;mq;mq;mq;mq;mq;mq;mq;mq;mq;mq;mq;mq;mq;mq;mq;mq;mq;mq;mq;mq;
78925;20110912000000;101540;190;3;20;1.000000;300.750000;297.950000;85;25000;2;1;1;90;2;450;38;20;12;mq;mq;mq;480;299.150000;mq;306.650000;mq;mq;mq;mq;mq;mq;mq;mq;mq;mq;mq;mq;mq;0.000000;mq;32.900000;mq;mq;mq;mq;1;8;540;7;0;7800;mq;mq;mq;mq;mq;mq;
81401;20110912000000;101390;mq;mq;70;1.000000;299.650000;297.150000;86;mq;mq;mq;mq;mq;mq;mq;mq;mq;mq;101330;mq;mq;mq;mq;mq;308.350000;mq;mq;mq;mq;mq;mq;mq;mq;mq;mq;mq;mq;0.000000;0.000000;mq;mq;mq;mq;mq;mq;mq;mq;mq;mq;mq;mq;mq;mq;mq;mq;mq;mq;
81405;20110912000000;101490;mq;mq;100;1.500000;299.450000;296.950000;86;35000;0;mq;mq;mq;mq;mq;mq;mq;mq;101400;mq;mq;mq;mq;mq;305.450000;mq;mq;mq;mq;mq;mq;mq;mq;mq;mq;mq;mq;0.000000;0.000000;mq;mq;mq;mq;mq;mq;mq;mq;mq;mq;mq;mq;mq;mq;mq;mq;mq;mq;
81408;20110912000000;101480;mq;mq;0;0.000000;296.550000;295.350000;93;mq;mq;mq;mq;mq;mq;mq;mq;mq;mq;101400;mq;mq;mq;mq;mq;306.250000;mq;mq;mq;mq;mq;mq;mq;mq;mq;mq;mq;mq;0.000000;0.000000;mq;mq;mq;mq;mq;mq;mq;mq;mq;mq;mq;mq;mq;mq;mq;mq;mq;mq;
89642;20110912000000;99980;70;1;160;17.500000;256.050000;249.950000;56;4000;37;3;3;40;3;2600;35;20;11;99410;mq;mq;mq;254.050000;mq;259.150000;mq;mq;mq;mq;mq;26.200000;-60;mq;mq;mq;mq;mq;mq;mq;mq;mq;1126.000000;mq;mq;mq;3;6;2400;mq;mq;mq;mq;mq;mq;mq;mq;mq;
07005;20110912030000;101020;-120;8;180;5.100000;288.750000;285.650000;82;mq;mq;mq;mq;mq;mq;mq;mq;mq;mq;100150;mq;mq;mq;mq;mq;mq;mq;mq;mq;mq;mq;8.200000;-10;mq;mq;mq;mq;0.000000;0.000000;mq;mq;mq;710.000000;1108.000000;mq;mq;mq;mq;mq;mq;mq;mq;mq;mq;mq;mq;mq;mq;
07015;20110912030000;101060;-80;6;200;6.700000;288.450000;285.750000;84;30000;0;mq;mq;90;7;2250;35;61;60;100500;mq;mq;mq;mq;mq;mq;mq;mq;mq;mq;mq;9.800000;-10;mq;mq;0.000000;-30;0.000000;0.000000;mq;mq;mq;710.000000;1110.000000;3100.000000;mq;7;6;2100;mq;mq;mq;mq;mq;mq;mq;mq;mq;
07020;20110912030000;100680;-180;8;200;13.400000;291.150000;288.750000;86;mq;mq;mq;mq;mq;mq;mq;mq;mq;mq;100420;mq;mq;mq;mq;mq;mq;mq;mq;mq;mq;19.000000;19.500000;-10;mq;mq;mq;mq;0.000000;0.000000;mq;mq;mq;1019.000000;710.000000;1120.000000;mq;mq;mq;mq;mq;mq;mq;mq;mq;mq;mq;mq;mq;
07027;20110912030000;100990;-180;6;190;8.200000;289.950000;286.650000;81;60000;0;mq;mq;90;mq;1750;mq;mq;mq;100200;mq;mq;mq;mq;mq;mq;mq;mq;mq;mq;mq;15.900000;-10;mq;mq;mq;mq;0.000000;0.000000;mq;mq;mq;710.000000;1116.000000;mq;mq;mq;mq;mq;mq;mq;mq;mq;mq;mq;mq;mq;mq;
07037;20110912030000;101170;-120;6;190;8.200000;288.350000;286.350000;88;40000;0;mq;mq;100;mq;450;mq;mq;mq;99380;mq;mq;mq;mq;mq;mq;mq;mq;mq;mq;mq;12.900000;-10;mq;mq;mq;mq;0.000000;0.000000;mq;mq;mq;710.000000;1113.000000;mq;mq;mq;mq;mq;mq;mq;mq;mq;mq;mq;mq;mq;mq;
07110;20110912030000;100820;-130;6;210;10.300000;290.450000;290.150000;98;9000;20;5;2;100;8;150;37;61;60;99710;mq;mq;mq;mq;mq;mq;mq;mq;mq;mq;15.900000;18.000000;-10;mq;mq;mq;mq;0.000000;0.400000;mq;mq;mq;1016.000000;710.000000;1118.000000;mq;8;7;120;mq;mq;mq;mq;mq;mq;mq;mq;mq;
07117;20110912030000;100720;-160;6;240;9.300000;291.850000;289.950000;89;20000;2;1;1;90;7;800;35;61;60;100040;mq;mq;mq;mq;mq;mq;mq;mq;mq;mq;17.500000;17.500000;-10;mq;mq;mq;mq;0.000000;0.000000;mq;mq;mq;1017.000000;710.000000;1117.000000;2438.000000;mq;mq;mq;mq;mq;mq;mq;mq;mq;mq;mq;mq;
07130;20110912030000;101220;-110;6;200;4.600000;291.050000;289.250000;89;30000;0;mq;mq;100;mq;450;mq;mq;mq;100710;mq;mq;mq;mq;mq;mq;mq;mq;mq;mq;mq;7.700000;-10;mq;mq;mq;mq;0.000000;0.000000;mq;mq;mq;710.000000;1108.000000;mq;mq;mq;mq;mq;mq;mq;mq;mq;mq;mq;mq;mq;mq;
07139;20110912030000;101360;-70;5;210;5.100000;289.250000;286.550000;84;mq;mq;mq;mq;mq;mq;mq;mq;mq;mq;99660;mq;mq;mq;mq;mq;mq;mq;mq;mq;mq;mq;10.800000;-10;mq;mq;mq;mq;0.000000;0.000000;mq;mq;mq;710.000000;1111.000000;mq;mq;mq;mq;mq;mq;mq;mq;mq;mq;mq;mq;mq;mq;
07149;20110912030000;101470;-10;8;190;4.600000;287.750000;286.250000;91;25000;2;1;1;90;7;250;35;61;60;100400;mq;mq;mq;mq;mq;mq;mq;mq;mq;mq;mq;8.700000;-10;mq;mq;0.000000;-30;0.000000;0.000000;mq;mq;mq;710.000000;1109.000000;3100.000000;mq;1;7;270;7;6;1500;mq;mq;mq;mq;mq;mq;
07168;20110912030000;101710;70;2;170;3.600000;286.550000;285.450000;93;20000;0;mq;mq;mq;mq;mq;mq;mq;mq;100300;mq;mq;mq;mq;mq;mq;mq;mq;mq;mq;mq;4.600000;-10;mq;mq;mq;mq;0.000000;0.000000;mq;mq;mq;710.000000;1105.000000;mq;mq;mq;mq;mq;mq;mq;mq;mq;mq;mq;mq;mq;mq;
07181;20110912030000;101730;110;0;210;4.100000;286.550000;285.950000;96;60000;0;mq;mq;100;mq;450;mq;mq;mq;97690;mq;mq;mq;mq;mq;mq;mq;mq;mq;mq;mq;7.200000;-10;mq;mq;mq;mq;0.000000;0.200000;mq;mq;mq;710.000000;1107.000000;mq;mq;mq;mq;mq;mq;mq;mq;mq;mq;mq;mq;mq;mq;
07190;20110912030000;101730;130;3;230;2.100000;286.850000;284.550000;86;60000;0;mq;mq;mq;mq;mq;mq;mq;mq;99930;mq;mq;mq;mq;mq;mq;mq;mq;mq;mq;mq;3.100000;-10;mq;mq;mq;mq;0.000000;0.000000;mq;mq;mq;710.000000;1103.000000;mq;mq;mq;mq;mq;mq;mq;mq;mq;mq;mq;mq;mq;mq;
07207;20110912030000;mq;mq;mq;250;10.800000;291.550000;289.850000;90;10000;2;1;1;90;7;450;38;61;60;mq;mq;mq;mq;mq;mq;mq;mq;mq;mq;mq;mq;15.900000;-10;mq;mq;mq;mq;0.000000;0.000000;mq;mq;mq;710.000000;1116.000000;2447.000000;mq;mq;mq;mq;mq;mq;mq;mq;mq;mq;mq;mq;mq;
07222;20110912030000;101430;-80;7;210;4.600000;291.250000;290.050000;93;20000;2;1;1;90;7;450;35;61;60;101120;mq;mq;mq;mq;mq;mq;mq;mq;mq;mq;mq;7.700000;-10;mq;mq;mq;mq;0.000000;0.000000;mq;mq;mq;710.000000;1108.000000;mq;mq;4;7;390;6;6;690;mq;mq;mq;mq;mq;mq;
07240;20110912030000;101610;-40;6;180;4.600000;287.750000;286.450000;92;30000;2;mq;mq;25;0;8000;30;20;11;100280;mq;mq;mq;mq;mq;mq;mq;mq;mq;mq;mq;7.700000;-10;mq;mq;0.000000;-30;0.000000;0.000000;mq;mq;mq;710.000000;1108.000000;3100.000000;mq;2;0;7800;mq;mq;mq;mq;mq;mq;mq;mq;mq;
07255;20110912030000;101810;10;3;210;2.600000;286.350000;285.850000;97;20000;0;mq;mq;mq;mq;mq;mq;mq;mq;99830;mq;mq;mq;mq;mq;mq;mq;mq;mq;mq;mq;4.600000;-10;mq;mq;mq;mq;0.000000;0.000000;mq;mq;mq;710.000000;1105.000000;mq;mq;mq;mq;mq;mq;mq;mq;mq;mq;mq;mq;mq;mq;
07280;20110912030000;101920;130;1;220;3.100000;285.250000;284.650000;96;50000;0;mq;mq;mq;mq;mq;mq;mq;mq;99210;mq;mq;mq;mq;mq;mq;mq;mq;mq;mq;mq;3.600000;-10;mq;mq;mq;mq;0.000000;0.000000;mq;mq;mq;710.000000;1104.000000;mq;mq;mq;mq;mq;mq;mq;mq;mq;mq;mq;mq;mq;mq;
07299;20110912030000;101820;110;3;270;1.500000;288.650000;287.350000;92;20000;2;1;1;90;7;450;38;61;60;98610;mq;mq;mq;mq;mq;mq;mq;mq;mq;mq;mq;4.100000;-10;mq;mq;0.000000;-30;0.000000;0.000000;mq;mq;mq;710.000000;1104.000000;3100.000000;mq;1;8;480;5;6;720;6;6;900;mq;mq;mq;
07314;20110912030000;101690;-20;8;240;8.200000;293.350000;292.050000;92;18000;2;1;1;90;6;450;38;26;10;101420;mq;mq;mq;mq;mq;mq;mq;mq;mq;mq;mq;11.800000;-10;mq;mq;mq;mq;0.000000;0.000000;mq;mq;mq;710.000000;1112.000000;2427.000000;mq;5;8;300;3;6;600;mq;mq;mq;mq;mq;mq;
07335;20110912030000;101750;-50;6;180;4.100000;286.950000;286.150000;95;55000;0;mq;mq;mq;mq;mq;mq;mq;mq;100320;mq;mq;mq;mq;mq;mq;mq;mq;mq;mq;mq;5.700000;-10;mq;mq;mq;mq;0.000000;0.000000;mq;mq;mq;710.000000;1106.000000;mq;mq;mq;mq;mq;mq;mq;mq;mq;mq;mq;mq;mq;mq;
07434;20110912030000;101960;0;5;180;1.500000;285.050000;284.550000;97;600;45;mq;mq;101;mq;mq;62;61;60;97200;mq;mq;mq;mq;mq;mq;mq;mq;mq;mq;mq;2.600000;-10;mq;mq;mq;mq;0.000000;0.200000;mq;mq;mq;710.000000;1103.000000;mq;mq;mq;mq;mq;mq;mq;mq;mq;mq;mq;mq;mq;mq;
07460;20110912030000;101950;60;1;10;1.000000;285.150000;282.350000;83;30000;1;mq;mq;10;0;8000;30;20;11;98080;mq;mq;mq;mq;mq;mq;mq;mq;mq;mq;mq;2.600000;-10;mq;mq;0.000000;-30;0.000000;0.000000;mq;mq;mq;710.000000;1103.000000;3100.000000;mq;1;0;7500;mq;mq;mq;mq;mq;mq;mq;mq;mq;
07471;20110912030000;mq;40;1;250;1.000000;283.750000;283.450000;98;20000;0;mq;mq;mq;mq;450;mq;mq;mq;92420;85000;17910;mq;mq;mq;mq;mq;mq;mq;mq;mq;2.600000;-10;mq;mq;mq;mq;0.000000;0.000000;mq;mq;mq;710.000000;1103.000000;mq;mq;mq;mq;mq;mq;mq;mq;mq;mq;mq;mq;mq;mq;
07481;20110912030000;101900;90;1;50;2.100000;289.050000;286.750000;86;40000;2;1;1;50;1;1750;31;20;11;99080;mq;mq;mq;mq;mq;mq;mq;mq;mq;mq;mq;4.100000;-10;mq;mq;0.000000;-30;0.000000;0.000000;mq;mq;mq;710.000000;1104.000000;3100.000000;mq;1;8;1500;4;0;6900;mq;mq;mq;mq;mq;mq;
07510;20110912030000;101900;-20;5;190;2.600000;290.050000;290.050000;100;10000;2;1;1;90;7;800;35;61;60;101260;mq;mq;mq;mq;mq;mq;mq;mq;mq;mq;mq;4.100000;-10;mq;mq;0.000000;-30;0.000000;0.000000;mq;mq;mq;710.000000;1104.000000;3100.000000;mq;7;6;720;mq;mq;mq;mq;mq;mq;mq;mq;mq;
07535;20110912030000;102040;10;3;170;2.100000;286.150000;285.850000;98;mq;mq;mq;mq;mq;mq;mq;mq;mq;mq;98940;mq;mq;mq;mq;mq;mq;mq;mq;mq;mq;mq;2.600000;-10;mq;mq;mq;mq;0.000000;0.000000;mq;mq;mq;710.000000;1103.000000;mq;mq;mq;mq;mq;mq;mq;mq;mq;mq;mq;mq;mq;mq;
07558;20110912030000;101980;30;2;280;1.500000;286.650000;285.050000;90;mq;mq;mq;mq;mq;mq;mq;mq;mq;mq;93750;mq;mq;mq;mq;mq;mq;mq;mq;mq;mq;mq;3.100000;-10;mq;mq;mq;mq;0.000000;0.000000;mq;mq;mq;710.000000;1103.000000;mq;mq;mq;mq;mq;mq;mq;mq;mq;mq;mq;mq;mq;mq;
07577;20110912030000;101720;20;3;360;2.100000;292.850000;289.650000;82;20000;0;mq;mq;mq;mq;mq;mq;mq;mq;100850;mq;mq;mq;mq;mq;mq;mq;mq;mq;mq;mq;4.600000;-10;mq;mq;mq;mq;0.000000;0.000000;mq;mq;mq;710.000000;1105.000000;mq;mq;mq;mq;mq;mq;mq;mq;mq;mq;mq;mq;mq;mq;
07591;20110912030000;mq;-40;7;270;1.000000;289.050000;285.050000;77;mq;0;mq;mq;mq;mq;mq;mq;mq;mq;91740;mq;mq;mq;mq;mq;mq;mq;mq;mq;mq;mq;1.500000;-10;mq;mq;mq;mq;0.000000;0.000000;mq;mq;mq;710.000000;1102.000000;mq;mq;mq;mq;mq;mq;mq;mq;mq;mq;mq;mq;mq;mq;
07607;20110912030000;101970;-50;6;70;0.500000;287.550000;286.550000;94;50000;0;mq;mq;mq;mq;1250;mq;mq;mq;101260;mq;mq;mq;mq;mq;mq;mq;mq;mq;mq;mq;1.500000;-10;mq;mq;mq;mq;0.000000;0.000000;mq;mq;mq;710.000000;1102.000000;mq;mq;mq;mq;mq;mq;mq;mq;mq;mq;mq;mq;mq;mq;
07621;20110912030000;102030;-50;6;180;2.600000;287.850000;286.250000;90;30000;2;mq;mq;0;mq;mq;mq;mq;mq;97760;mq;mq;mq;mq;mq;mq;mq;mq;mq;mq;mq;4.100000;-10;mq;mq;0.000000;-30;0.000000;0.000000;mq;mq;mq;710.000000;1104.000000;3100.000000;mq;mq;mq;mq;mq;mq;mq;mq;mq;mq;mq;mq;mq;
07627;20110912030000;102120;-10;5;280;0.500000;286.150000;284.850000;92;mq;mq;mq;mq;mq;mq;mq;mq;mq;mq;97280;mq;mq;mq;mq;mq;mq;mq;mq;mq;mq;mq;1.000000;-10;mq;mq;mq;mq;0.000000;0.000000;mq;mq;mq;710.000000;1101.000000;mq;mq;mq;mq;mq;mq;mq;mq;mq;mq;mq;mq;mq;mq;
07630;20110912030000;102010;-10;5;280;0.500000;289.650000;286.350000;81;45000;2;1;1;0;mq;mq;mq;mq;mq;100240;mq;mq;mq;mq;mq;mq;mq;mq;mq;mq;mq;1.500000;-10;mq;mq;mq;mq;0.000000;0.000000;mq;mq;mq;710.000000;1102.000000;mq;mq;mq;mq;mq;mq;mq;mq;mq;mq;mq;mq;mq;mq;
07643;20110912030000;101740;20;3;270;5.100000;293.950000;287.150000;65;50000;2;1;1;10;1;3500;30;24;10;101650;mq;mq;mq;mq;mq;mq;mq;mq;mq;mq;mq;6.700000;-10;mq;mq;mq;mq;0.000000;0.000000;mq;mq;mq;710.000000;1107.000000;mq;mq;1;3;3000;mq;mq;mq;mq;mq;mq;mq;mq;mq;
07650;20110912030000;101590;-60;6;290;4.100000;294.350000;292.950000;92;10000;2;1;1;90;7;150;35;61;60;101220;mq;mq;mq;mq;mq;mq;mq;mq;mq;mq;mq;5.100000;-10;mq;mq;0.000000;-30;0.000000;0.000000;mq;mq;mq;710.000000;1105.000000;3100.000000;mq;1;6;150;7;6;420;mq;mq;mq;mq;mq;mq;
07661;20110912030000;101410;-130;6;340;10.800000;294.850000;291.850000;83;20000;2;1;1;60;4;3500;30;21;11;99860;mq;mq;mq;mq;mq;mq;mq;mq;mq;mq;mq;14.900000;-10;mq;mq;mq;mq;0.000000;0.000000;mq;mq;mq;710.000000;1115.000000;mq;mq;4;4;2400;mq;mq;mq;mq;mq;mq;mq;mq;mq;
07690;20110912030000;101300;-90;7;330;2.600000;294.450000;290.850000;80;18000;2;1;1;60;3;3500;30;23;12;100970;mq;mq;mq;mq;mq;mq;mq;mq;mq;mq;mq;3.600000;-10;mq;mq;0.000000;-30;0.000000;0.000000;mq;mq;mq;710.000000;1104.000000;3100.000000;mq;3;3;4800;5;0;7800;mq;mq;mq;mq;mq;mq;
07747;20110912030000;101810;40;3;330;7.200000;295.650000;286.950000;58;60000;0;mq;mq;mq;mq;mq;mq;mq;mq;101300;mq;mq;mq;mq;mq;mq;mq;mq;mq;mq;mq;12.900000;-10;mq;mq;mq;mq;0.000000;0.000000;mq;mq;mq;710.000000;1113.000000;mq;mq;mq;mq;mq;mq;mq;mq;mq;mq;mq;mq;mq;mq;
07761;20110912030000;101540;-50;8;50;2.600000;292.450000;287.050000;71;20000;2;1;1;100;0;mq;30;20;18;101430;mq;mq;mq;mq;mq;mq;mq;mq;mq;mq;mq;5.100000;-10;mq;mq;0.000000;-30;0.000000;0.000000;mq;mq;mq;710.000000;1105.000000;3100.000000;mq;7;2;6900;mq;mq;mq;mq;mq;mq;mq;mq;mq;
07790;20110912030000;101430;-30;8;200;1.500000;293.150000;289.350000;79;15000;2;1;1;75;0;8000;30;20;11;101290;mq;mq;mq;mq;mq;mq;mq;mq;mq;mq;mq;4.600000;-10;mq;mq;0.000000;-30;0.000000;0.000000;mq;mq;mq;710.000000;1105.000000;3100.000000;mq;6;0;6000;mq;mq;mq;mq;mq;mq;mq;mq;mq;
61968;20110912030000;101610;mq;mq;120;6.200000;297.550000;292.150000;72;mq;mq;mq;mq;mq;mq;mq;mq;mq;mq;mq;mq;mq;mq;mq;mq;mq;mq;mq;mq;mq;mq;10.800000;-10;mq;mq;mq;mq;0.000000;0.000000;mq;mq;mq;710.000000;1111.000000;mq;mq;mq;mq;mq;mq;mq;mq;mq;mq;mq;mq;mq;mq;
61970;20110912030000;101980;mq;mq;mq;mq;297.350000;292.850000;76;mq;mq;mq;mq;mq;mq;mq;mq;mq;mq;mq;mq;mq;mq;mq;mq;mq;mq;mq;mq;mq;mq;mq;mq;mq;mq;mq;mq;0.000000;0.000000;mq;mq;mq;mq;mq;mq;mq;mq;mq;mq;mq;mq;mq;mq;mq;mq;mq;mq;mq;
61972;20110912030000;102060;mq;mq;120;2.600000;293.750000;293.450000;98;mq;mq;mq;mq;mq;mq;mq;mq;mq;mq;mq;mq;mq;mq;mq;mq;mq;mq;mq;mq;mq;mq;4.100000;-10;mq;mq;mq;mq;0.000000;0.000000;mq;mq;mq;710.000000;1104.000000;mq;mq;mq;mq;mq;mq;mq;mq;mq;mq;mq;mq;mq;mq;
61976;20110912030000;101950;mq;mq;130;11.300000;296.450000;291.950000;76;mq;mq;mq;mq;mq;mq;mq;mq;mq;mq;101800;mq;mq;mq;mq;mq;mq;mq;mq;mq;mq;mq;mq;mq;mq;mq;mq;mq;mq;mq;mq;mq;mq;mq;mq;mq;mq;mq;mq;mq;mq;mq;mq;mq;mq;mq;mq;mq;mq;
61980;20110912030000;102440;mq;mq;120;9.300000;293.850000;287.450000;67;10000;15;1;1;60;5;800;38;20;10;mq;mq;mq;mq;mq;mq;mq;mq;mq;mq;mq;mq;13.900000;-10;mq;mq;mq;mq;0.000000;0.000000;mq;mq;mq;710.000000;1114.000000;2437.000000;mq;1;8;600;5;6;1500;mq;mq;mq;mq;mq;mq;
61996;20110912030000;mq;mq;mq;mq;mq;284.050000;mq;mq;mq;mq;mq;mq;mq;mq;mq;mq;mq;mq;mq;mq;mq;510;mq;mq;mq;mq;mq;mq;mq;mq;mq;mq;mq;mq;mq;mq;0.000000;0.000000;mq;mq;mq;mq;mq;mq;mq;mq;mq;mq;mq;mq;mq;mq;mq;mq;mq;mq;mq;
61997;20110912030000;101780;mq;mq;270;9.800000;282.350000;278.150000;75;mq;mq;mq;mq;mq;mq;mq;mq;mq;mq;mq;mq;mq;1780;mq;mq;mq;mq;mq;mq;mq;mq;21.100000;-30;mq;mq;mq;mq;mq;0.000000;mq;mq;mq;1121.000000;mq;mq;mq;mq;mq;mq;mq;mq;mq;mq;mq;mq;mq;mq;mq;
61998;20110912030000;99020;mq;mq;340;5.700000;276.150000;274.050000;86;15000;2;1;1;75;4;450;37;20;12;mq;mq;mq;mq;mq;mq;mq;mq;mq;mq;mq;mq;11.800000;-10;mq;mq;mq;mq;0.000000;0.000000;mq;mq;mq;710.000000;1112.000000;mq;mq;2;8;300;4;6;900;mq;mq;mq;mq;mq;mq;
67005;20110912030000;101670;mq;mq;140;7.700000;298.150000;293.850000;77;20000;2;1;1;90;7;800;38;61;60;mq;mq;mq;mq;mq;mq;mq;mq;mq;mq;mq;mq;10.300000;-10;mq;mq;mq;mq;0.000000;0.000000;mq;mq;mq;710.000000;1110.000000;mq;mq;4;8;660;5;6;1500;mq;mq;mq;mq;mq;mq;
71805;20110912030000;101690;-60;6;230;9.800000;286.250000;282.650000;79;50000;0;mq;mq;mq;mq;mq;mq;mq;mq;101610;mq;mq;mq;mq;mq;mq;mq;mq;mq;mq;mq;13.900000;-10;mq;mq;mq;mq;0.000000;0.000000;mq;mq;mq;710.000000;1114.000000;mq;mq;mq;mq;mq;mq;mq;mq;mq;mq;mq;mq;mq;mq;
78897;20110912030000;101600;130;1;130;4.600000;301.450000;297.450000;79;30000;2;1;1;90;3;800;32;27;12;mq;mq;mq;470;mq;mq;mq;mq;mq;mq;mq;mq;mq;mq;mq;mq;mq;mq;mq;mq;mq;mq;mq;mq;mq;mq;mq;3;8;600;4;3;4800;7;0;8400;mq;mq;mq;
78922;20110912030000;101620;120;1;170;8.200000;300.950000;298.150000;85;mq;mq;mq;mq;mq;mq;mq;mq;mq;mq;101180;mq;mq;mq;mq;mq;mq;mq;mq;mq;mq;mq;mq;mq;mq;mq;mq;mq;mq;mq;mq;mq;mq;mq;mq;mq;mq;mq;mq;mq;mq;mq;mq;mq;mq;mq;mq;mq;mq;
78925;20110912030000;101640;100;0;60;2.600000;299.750000;298.150000;91;25000;2;1;1;90;2;800;32;20;12;mq;mq;mq;380;mq;mq;mq;mq;mq;mq;mq;mq;mq;mq;mq;mq;mq;mq;mq;mq;mq;mq;mq;mq;mq;mq;mq;2;8;630;7;0;7800;mq;mq;mq;mq;mq;mq;
81401;20110912030000;101440;mq;mq;110;1.500000;298.450000;296.350000;88;mq;mq;mq;mq;mq;mq;mq;mq;mq;mq;101380;mq;mq;mq;mq;mq;mq;mq;mq;mq;mq;mq;mq;mq;mq;mq;mq;mq;mq;0.000000;mq;mq;mq;mq;mq;mq;mq;mq;mq;mq;mq;mq;mq;mq;mq;mq;mq;mq;mq;
81405;20110912030000;101500;mq;mq;0;0.000000;296.650000;295.950000;96;24000;0;mq;mq;mq;mq;800;mq;mq;mq;101410;mq;mq;mq;mq;mq;mq;mq;mq;mq;mq;mq;mq;mq;mq;mq;mq;mq;mq;0.000000;mq;mq;mq;mq;mq;mq;mq;mq;mq;mq;mq;mq;mq;mq;mq;mq;mq;mq;mq;
81408;20110912030000;101480;mq;mq;0;0.000000;295.350000;294.850000;97;mq;mq;mq;mq;mq;mq;mq;mq;mq;mq;101400;mq;mq;mq;mq;mq;mq;mq;mq;mq;mq;mq;mq;mq;mq;mq;mq;mq;mq;0.000000;mq;mq;mq;mq;mq;mq;mq;mq;mq;mq;mq;mq;mq;mq;mq;mq;mq;mq;mq;
89642;20110912030000;100010;30;0;160;18.500000;257.550000;251.350000;55;6000;37;3;3;90;7;1250;35;61;60;99440;mq;mq;mq;mq;mq;mq;mq;mq;mq;mq;24.700000;25.200000;-30;mq;mq;mq;mq;mq;mq;mq;mq;mq;1025.000000;1125.000000;mq;mq;7;6;1290;mq;mq;mq;mq;mq;mq;mq;mq;mq;
07005;20110912060000;100930;-90;5;190;8.700000;289.750000;285.850000;78;30000;2;1;1;90;7;1250;35;61;60;100060;mq;mq;mq;286.750000;mq;289.750000;mq;285.150000;mq;mq;13.900000;13.900000;-10;1;0.000000;mq;mq;0.000000;0.000000;mq;0.000000;1.400000;1014.000000;710.000000;1114.000000;mq;2;6;1200;7;6;1800;mq;mq;mq;mq;mq;mq;
07015;20110912060000;100960;-100;5;200;8.700000;288.750000;286.250000;85;15000;3;mq;mq;75;6;450;38;20;10;100400;mq;mq;mq;287.150000;mq;288.750000;mq;286.150000;mq;mq;mq;12.300000;-10;1;0.000000;0.000000;-60;0.000000;0.000000;mq;0.000000;0.600000;710.000000;1112.000000;3100.000000;mq;1;8;480;6;6;1800;mq;mq;mq;mq;mq;mq;
07020;20110912060000;100600;-80;8;200;13.900000;291.250000;290.050000;93;4500;60;6;5;100;8;1750;35;20;10;100340;mq;mq;mq;290.050000;mq;291.350000;mq;mq;mq;mq;mq;19.500000;-10;mq;mq;mq;mq;0.200000;0.200000;mq;0.200000;0.200000;710.000000;1120.000000;mq;mq;8;6;1500;mq;mq;mq;mq;mq;mq;mq;mq;mq;
07027;20110912060000;100960;-20;5;190;7.200000;291.350000;288.550000;84;40000;2;1;1;90;7;800;35;61;60;100180;mq;mq;mq;287.750000;mq;291.350000;mq;286.150000;mq;mq;mq;13.400000;-10;1;0.000000;0.000000;-60;0.000000;0.000000;mq;0.000000;2.200000;710.000000;1113.000000;3100.000000;mq;4;6;690;5;6;990;mq;mq;mq;mq;mq;mq;
07037;20110912060000;101150;-20;5;200;7.200000;288.850000;286.850000;88;30000;2;1;1;100;8;450;35;61;60;99360;mq;mq;mq;287.350000;mq;289.350000;mq;285.150000;mq;mq;mq;11.800000;-10;1;0.000000;0.000000;-60;0.000000;0.000000;mq;0.000000;10.600000;710.000000;1112.000000;3100.000000;mq;8;6;570;mq;mq;mq;mq;mq;mq;mq;mq;mq;
07110;20110912060000;100880;60;3;240;9.300000;290.750000;290.450000;98;6000;58;6;5;100;8;150;37;61;60;99770;mq;mq;mq;289.550000;mq;290.750000;mq;289.150000;mq;mq;15.400000;18.000000;-10;2;0.000000;mq;mq;0.000000;2.000000;mq;2.000000;5.100000;1015.000000;710.000000;1118.000000;mq;8;7;120;mq;mq;mq;mq;mq;mq;mq;mq;mq;
07117;20110912060000;100710;-10;5;240;9.800000;291.450000;290.450000;94;6000;60;6;2;100;8;450;37;20;10;100030;mq;mq;mq;290.050000;mq;292.050000;mq;mq;mq;mq;15.400000;18.500000;-10;mq;mq;mq;mq;0.200000;0.200000;mq;0.200000;mq;1015.000000;710.000000;1119.000000;2436.000000;mq;mq;mq;mq;mq;mq;mq;mq;mq;mq;mq;mq;
07130;20110912060000;101140;-70;6;200;6.200000;291.350000;290.350000;94;22000;0;mq;mq;100;mq;250;mq;mq;mq;100640;mq;mq;mq;289.050000;mq;291.750000;mq;288.150000;mq;mq;mq;10.800000;-10;2;0.000000;mq;mq;0.000000;0.000000;mq;0.200000;5.700000;710.000000;1111.000000;mq;mq;mq;mq;mq;mq;mq;mq;mq;mq;mq;mq;mq;mq;
07139;20110912060000;101300;-60;5;200;4.100000;288.950000;287.450000;91;13000;2;1;1;100;8;250;36;61;60;99600;mq;mq;mq;288.150000;mq;290.350000;mq;287.150000;mq;mq;mq;7.700000;-10;1;0.000000;0.000000;-60;0.000000;0.000000;mq;0.000000;5.200000;710.000000;1108.000000;3100.000000;mq;8;7;270;mq;mq;mq;mq;mq;mq;mq;mq;mq;
07149;20110912060000;101430;-40;5;210;6.700000;288.850000;286.850000;88;25000;2;1;1;90;7;450;35;61;60;100360;mq;mq;mq;287.250000;mq;289.950000;mq;285.150000;mq;mq;mq;11.800000;-10;0;0.000000;0.000000;-60;0.000000;0.000000;mq;0.000000;5.200000;710.000000;1112.000000;3100.000000;mq;5;6;360;7;6;1500;mq;mq;mq;mq;mq;mq;
07168;20110912060000;101670;-30;7;180;6.200000;287.550000;286.050000;91;25000;2;1;1;90;7;450;38;61;60;100270;mq;mq;mq;284.950000;mq;289.650000;mq;284.150000;mq;mq;mq;8.200000;-10;1;0.000000;0.000000;-60;0.000000;0.000000;mq;0.200000;19.200000;710.000000;1108.000000;3100.000000;mq;1;8;480;7;6;2100;mq;mq;mq;mq;mq;mq;
07181;20110912060000;101750;30;2;200;5.100000;286.950000;285.850000;93;60000;0;mq;mq;100;mq;800;mq;mq;mq;97720;mq;mq;mq;286.050000;mq;289.550000;mq;285.150000;mq;mq;mq;8.700000;-10;mq;mq;mq;mq;0.000000;0.000000;mq;0.200000;14.700000;710.000000;1109.000000;mq;mq;mq;mq;mq;mq;mq;mq;mq;mq;mq;mq;mq;mq;
07190;20110912060000;101820;90;3;200;1.000000;286.650000;285.250000;91;60000;0;mq;mq;mq;mq;1250;mq;mq;mq;100020;mq;mq;mq;285.450000;mq;292.450000;mq;282.150000;mq;mq;mq;3.600000;-10;mq;mq;mq;mq;0.000000;0.000000;mq;0.200000;0.400000;710.000000;1104.000000;mq;mq;mq;mq;mq;mq;mq;mq;mq;mq;mq;mq;mq;mq;
07207;20110912060000;mq;mq;mq;250;13.900000;291.650000;290.150000;91;6000;50;2;2;100;8;800;30;22;10;mq;mq;mq;mq;290.950000;mq;291.850000;mq;mq;mq;mq;19.500000;19.500000;-10;mq;mq;mq;mq;0.000000;0.000000;mq;0.000000;mq;1020.000000;710.000000;1120.000000;2456.000000;mq;mq;mq;mq;mq;mq;mq;mq;mq;mq;mq;mq;
07222;20110912060000;101450;20;3;230;5.100000;291.550000;290.250000;92;3500;51;5;2;90;7;450;35;61;60;101140;mq;mq;mq;287.850000;mq;292.050000;mq;286.150000;mq;mq;mq;10.800000;-10;1;0.000000;mq;mq;0.000000;0.000000;mq;0.000000;16.200000;710.000000;1111.000000;mq;mq;7;6;330;mq;mq;mq;mq;mq;mq;mq;mq;mq;
07240;20110912060000;101590;-20;5;170;4.600000;288.650000;287.350000;92;30000;3;mq;mq;90;7;250;36;61;60;100260;mq;mq;mq;287.450000;mq;291.550000;mq;286.150000;mq;mq;mq;8.700000;-10;1;0.000000;0.000000;-60;0.000000;0.000000;mq;0.000000;19.600000;710.000000;1109.000000;3100.000000;mq;7;7;270;mq;mq;mq;mq;mq;mq;mq;mq;mq;
07255;20110912060000;101850;30;3;130;1.500000;285.450000;285.150000;98;12000;11;0;0;50;1;1750;35;23;10;99860;mq;mq;mq;285.050000;mq;290.350000;mq;283.150000;mq;mq;mq;2.600000;-10;2;0.000000;0.000000;-60;0.000000;0.200000;mq;0.400000;7.500000;710.000000;1103.000000;3100.000000;mq;1;6;1500;4;3;2400;mq;mq;mq;mq;mq;mq;
07280;20110912060000;101980;50;3;20;1.000000;284.250000;283.750000;97;2400;10;mq;mq;100;mq;150;mq;mq;mq;99260;mq;mq;mq;283.650000;mq;292.950000;mq;280.150000;mq;mq;mq;2.100000;-10;0;0.000000;mq;mq;0.000000;0.000000;mq;0.200000;1.600000;710.000000;1102.000000;mq;mq;mq;mq;mq;mq;mq;mq;mq;mq;mq;mq;mq;mq;
07299;20110912060000;101950;110;2;0;0.000000;287.050000;286.250000;95;40000;2;1;1;40;1;800;31;24;11;98720;mq;mq;mq;286.550000;mq;292.550000;mq;284.150000;mq;mq;mq;3.600000;-10;1;0.000000;0.000000;-60;0.000000;0.000000;mq;1.000000;3.600000;710.000000;1104.000000;3100.000000;mq;1;8;660;mq;mq;mq;mq;mq;mq;mq;mq;mq;
07314;20110912060000;101750;60;3;240;8.200000;293.650000;292.150000;91;5000;2;1;1;100;8;2250;30;29;10;101480;mq;mq;mq;291.950000;mq;293.850000;mq;mq;mq;mq;mq;13.900000;-10;0;0.000000;mq;mq;0.000000;0.000000;mq;0.000000;3.200000;710.000000;1114.000000;2436.000000;mq;8;3;1800;mq;mq;mq;mq;mq;mq;mq;mq;mq;
07335;20110912060000;101720;-20;5;190;5.100000;289.150000;288.550000;96;20000;21;6;5;100;8;150;35;61;60;100300;mq;mq;mq;286.050000;mq;290.650000;mq;285.150000;mq;mq;mq;8.700000;-10;2;0.000000;mq;mq;0.000000;0.200000;mq;0.400000;16.000000;710.000000;1109.000000;mq;mq;6;6;180;8;6;330;mq;mq;mq;mq;mq;mq;
07434;20110912060000;101990;50;3;140;1.000000;286.350000;286.050000;98;200;47;4;4;101;mq;mq;62;61;60;97250;mq;mq;mq;285.050000;mq;288.950000;mq;282.150000;mq;mq;mq;4.100000;-10;2;0.000000;0.000000;-60;0.000000;0.000000;mq;0.200000;2.600000;710.000000;1104.000000;3100.000000;mq;mq;mq;mq;mq;mq;mq;mq;mq;mq;mq;mq;mq;
07460;20110912060000;101980;50;2;180;3.100000;286.950000;283.350000;79;30000;1;mq;mq;10;1;3500;30;24;12;98130;mq;mq;mq;284.350000;mq;295.050000;mq;280.150000;mq;mq;mq;5.700000;-10;0;0.000000;0.000000;-60;0.000000;0.000000;mq;0.000000;0.000000;710.000000;1106.000000;3100.000000;mq;1;3;4500;mq;mq;mq;mq;mq;mq;mq;mq;mq;
07471;20110912060000;mq;80;1;230;0.500000;281.650000;281.050000;96;35000;2;1;1;10;0;8000;30;20;11;92500;mq;mq;mq;281.350000;mq;292.250000;mq;279.150000;mq;mq;mq;3.100000;-10;1;0.000000;0.000000;-60;0.000000;0.000000;mq;1.000000;1.000000;710.000000;1103.000000;3100.000000;mq;1;0;7500;mq;mq;mq;mq;mq;mq;mq;mq;mq;
07481;20110912060000;101990;70;3;80;1.000000;288.050000;286.550000;91;30000;2;1;1;60;1;3500;30;23;11;99150;mq;mq;mq;287.950000;mq;296.950000;mq;286.150000;mq;mq;mq;3.100000;-10;0;0.000000;0.000000;-60;0.000000;0.000000;mq;0.000000;0.000000;710.000000;1103.000000;3100.000000;mq;1;3;3000;5;0;6900;mq;mq;mq;mq;mq;mq;
07510;20110912060000;101930;30;3;180;2.600000;289.950000;289.950000;100;13000;0;mq;mq;90;mq;800;mq;mq;mq;101290;mq;mq;mq;288.350000;mq;293.050000;mq;285.150000;mq;mq;mq;3.600000;-10;1;0.000000;mq;mq;0.000000;0.000000;mq;0.000000;0.000000;710.000000;1104.000000;mq;mq;mq;mq;mq;mq;mq;mq;mq;mq;mq;mq;mq;mq;
07535;20110912060000;102090;60;3;140;1.000000;287.450000;287.250000;99;8000;28;4;2;60;5;150;35;20;10;99000;mq;mq;mq;285.950000;mq;293.850000;mq;284.150000;mq;mq;mq;2.600000;-10;1;0.000000;0.000000;-60;0.000000;0.200000;mq;0.200000;0.200000;710.000000;1103.000000;3100.000000;mq;1;7;90;5;6;780;mq;mq;mq;mq;mq;mq;
07558;20110912060000;102070;60;1;310;2.100000;285.650000;284.350000;92;30000;2;1;1;10;1;450;35;20;10;93810;mq;mq;mq;285.350000;mq;292.850000;mq;284.150000;mq;mq;mq;3.100000;-10;0;0.000000;0.000000;-60;0.000000;0.000000;mq;0.000000;0.000000;710.000000;1103.000000;3100.000000;mq;1;6;300;mq;mq;mq;mq;mq;mq;mq;mq;mq;
07577;20110912060000;101830;110;3;10;3.600000;292.250000;287.050000;72;35000;2;1;1;10;1;800;38;23;11;100960;mq;mq;mq;291.650000;mq;297.150000;mq;288.150000;mq;mq;mq;6.200000;-10;0;0.000000;0.000000;-60;0.000000;0.000000;mq;0.000000;0.000000;710.000000;1106.000000;3100.000000;mq;1;8;900;mq;mq;mq;mq;mq;mq;mq;mq;mq;
07591;20110912060000;mq;30;3;30;0.500000;288.350000;285.150000;81;mq;0;mq;mq;mq;mq;mq;mq;mq;mq;91770;mq;mq;mq;287.450000;mq;296.250000;mq;285.150000;mq;mq;mq;2.100000;-10;mq;mq;mq;mq;0.000000;0.000000;mq;0.000000;0.000000;710.000000;1102.000000;mq;mq;mq;mq;mq;mq;mq;mq;mq;mq;mq;mq;mq;mq;
07607;20110912060000;102010;40;3;100;1.500000;286.450000;285.850000;96;16000;0;mq;mq;mq;mq;mq;mq;mq;mq;101300;mq;mq;mq;285.950000;mq;294.750000;mq;284.150000;mq;mq;mq;2.100000;-10;mq;mq;mq;mq;0.200000;0.200000;mq;0.200000;0.200000;710.000000;1102.000000;mq;mq;mq;mq;mq;mq;mq;mq;mq;mq;mq;mq;mq;mq;
07621;20110912060000;102100;40;3;20;0.500000;285.950000;285.050000;94;30000;2;mq;mq;0;mq;mq;mq;mq;mq;97800;mq;mq;mq;285.950000;mq;293.750000;mq;283.150000;mq;mq;mq;3.100000;-10;0;0.000000;0.000000;-60;0.000000;0.000000;mq;0.000000;0.000000;710.000000;1103.000000;3100.000000;mq;mq;mq;mq;mq;mq;mq;mq;mq;mq;mq;mq;mq;
07627;20110912060000;102150;40;3;170;1.500000;286.950000;284.850000;87;50000;2;1;1;0;mq;mq;mq;mq;mq;97320;mq;mq;mq;285.350000;mq;293.850000;mq;282.150000;mq;mq;mq;4.100000;-10;1;0.000000;0.000000;-60;0.000000;0.000000;mq;0.000000;0.000000;710.000000;1104.000000;3100.000000;mq;mq;mq;mq;mq;mq;mq;mq;mq;mq;mq;mq;mq;
07630;20110912060000;102100;80;2;210;0.500000;288.850000;287.050000;89;40000;2;1;1;50;4;1250;35;20;10;100320;mq;mq;mq;288.350000;mq;296.850000;mq;285.150000;mq;mq;mq;3.100000;-10;0;0.000000;mq;mq;0.000000;0.000000;mq;0.000000;0.000000;710.000000;1103.000000;mq;mq;4;6;1290;mq;mq;mq;mq;mq;mq;mq;mq;mq;
07643;20110912060000;101820;mq;3;290;2.600000;292.550000;286.450000;68;70000;2;1;1;10;1;3500;30;24;10;101730;mq;mq;mq;292.250000;mq;296.550000;mq;291.150000;mq;mq;mq;4.100000;-10;0;0.000000;mq;mq;0.000000;0.000000;mq;0.000000;0.000000;710.000000;1104.000000;mq;mq;1;3;3000;mq;mq;mq;mq;mq;mq;mq;mq;mq;
07650;20110912060000;101600;10;3;310;5.100000;293.550000;290.550000;83;40000;2;1;1;25;1;3500;30;23;12;101230;mq;mq;mq;293.050000;mq;295.950000;mq;292.150000;mq;mq;mq;7.700000;-10;0;0.000000;0.000000;-60;0.000000;0.000000;mq;0.000000;0.000000;710.000000;1108.000000;3100.000000;mq;1;3;3000;mq;mq;mq;mq;mq;mq;mq;mq;mq;
07661;20110912060000;101430;20;3;340;9.300000;294.450000;290.850000;80;25000;2;1;1;50;1;800;32;28;10;99880;mq;mq;mq;294.050000;mq;295.050000;mq;mq;mq;mq;mq;12.300000;-10;mq;mq;mq;mq;0.000000;0.000000;mq;0.200000;0.200000;710.000000;1112.000000;mq;mq;1;8;780;4;3;2400;mq;mq;mq;mq;mq;mq;
07690;20110912060000;101330;30;3;340;2.100000;294.150000;288.250000;69;30000;2;1;1;60;1;800;31;23;12;101000;mq;mq;mq;293.450000;mq;297.450000;mq;292.150000;mq;mq;mq;4.100000;-10;0;0.000000;0.000000;-60;0.000000;0.000000;mq;0.000000;0.000000;710.000000;1104.000000;3100.000000;mq;1;8;600;5;0;7800;mq;mq;mq;mq;mq;mq;
07747;20110912060000;101880;70;3;310;5.100000;295.450000;286.550000;57;30000;2;1;1;10;1;3500;30;23;10;101370;mq;mq;mq;294.750000;mq;298.650000;mq;293.150000;mq;mq;mq;10.800000;-10;0;0.000000;mq;mq;0.000000;0.000000;mq;0.000000;0.000000;710.000000;1111.000000;mq;mq;1;3;3300;mq;mq;mq;mq;mq;mq;mq;mq;mq;
07761;20110912060000;101570;30;3;50;2.600000;291.950000;287.250000;74;40000;2;1;1;90;1;450;35;27;18;101460;mq;mq;mq;291.250000;mq;297.750000;mq;291.150000;mq;mq;mq;4.100000;-10;0;0.000000;0.000000;-60;0.000000;0.000000;mq;0.000000;0.000000;710.000000;1104.000000;3100.000000;mq;1;6;480;7;2;6900;mq;mq;mq;mq;mq;mq;
07790;20110912060000;101470;40;3;200;2.100000;293.750000;289.950000;79;15000;2;1;1;90;5;450;36;20;11;101330;mq;mq;mq;292.450000;mq;296.650000;mq;291.150000;mq;mq;mq;3.100000;-10;0;0.000000;0.000000;-60;0.000000;0.000000;mq;0.000000;0.000000;710.000000;1103.000000;3100.000000;mq;5;7;330;5;0;4800;5;0;6000;mq;mq;mq;
61970;20110912060000;102110;mq;mq;mq;mq;300.250000;287.950000;47;mq;mq;mq;mq;mq;mq;mq;mq;mq;mq;mq;mq;mq;mq;294.250000;mq;mq;mq;mq;mq;mq;mq;mq;mq;mq;mq;mq;mq;0.000000;mq;mq;mq;0.000000;mq;mq;mq;mq;mq;mq;mq;mq;mq;mq;mq;mq;mq;mq;mq;mq;
61972;20110912060000;102140;mq;mq;90;5.700000;298.850000;294.250000;76;mq;mq;mq;mq;mq;mq;mq;mq;mq;mq;mq;mq;mq;mq;292.850000;mq;mq;mq;mq;mq;mq;mq;8.700000;-10;mq;mq;mq;mq;0.000000;mq;mq;mq;0.200000;710.000000;1109.000000;mq;mq;mq;mq;mq;mq;mq;mq;mq;mq;mq;mq;mq;mq;
61976;20110912060000;102060;mq;mq;130;10.300000;299.250000;292.350000;66;mq;mq;mq;mq;mq;mq;mq;mq;mq;mq;101910;mq;mq;mq;mq;mq;mq;mq;mq;mq;mq;mq;mq;mq;mq;mq;mq;mq;mq;mq;mq;mq;mq;mq;mq;mq;mq;mq;mq;mq;mq;mq;mq;mq;mq;mq;mq;mq;mq;
61980;20110912060000;102510;mq;mq;120;10.800000;296.650000;288.150000;59;20000;2;1;1;40;3;800;38;20;10;mq;mq;mq;mq;292.250000;mq;mq;mq;290.150000;mq;mq;mq;18.500000;-10;mq;mq;mq;mq;0.000000;mq;mq;mq;1.000000;710.000000;1119.000000;2448.000000;mq;1;8;900;mq;mq;mq;mq;mq;mq;mq;mq;mq;
61996;20110912060000;mq;mq;mq;mq;mq;284.750000;mq;mq;mq;mq;mq;mq;mq;mq;mq;mq;mq;mq;mq;mq;mq;mq;279.250000;mq;mq;mq;278.150000;mq;mq;mq;mq;mq;mq;mq;mq;mq;0.000000;mq;mq;mq;0.200000;mq;mq;mq;mq;mq;mq;mq;mq;mq;mq;mq;mq;mq;mq;mq;mq;
61997;20110912060000;101850;mq;mq;330;3.600000;282.350000;280.750000;90;mq;mq;mq;mq;mq;mq;mq;mq;mq;mq;mq;mq;mq;mq;277.950000;mq;mq;mq;277.150000;mq;mq;mq;21.100000;-60;mq;mq;mq;mq;mq;mq;mq;mq;2.000000;1121.000000;mq;mq;mq;mq;mq;mq;mq;mq;mq;mq;mq;mq;mq;mq;mq;
61998;20110912060000;99000;mq;mq;260;8.700000;278.050000;274.150000;76;35000;2;1;1;75;6;450;37;20;10;mq;mq;mq;mq;274.450000;mq;mq;mq;274.150000;mq;mq;mq;11.300000;-10;mq;mq;mq;mq;0.000000;mq;mq;mq;3.000000;710.000000;1111.000000;mq;mq;3;8;300;4;6;600;mq;mq;mq;mq;mq;mq;
67005;20110912060000;101830;mq;mq;140;6.700000;299.750000;294.050000;71;30000;2;1;1;50;4;800;38;20;10;mq;mq;mq;mq;293.750000;mq;mq;mq;291.150000;mq;mq;mq;9.800000;-10;mq;mq;mq;mq;0.000000;mq;mq;mq;2.000000;710.000000;1110.000000;mq;mq;3;8;660;mq;mq;mq;mq;mq;mq;mq;mq;mq;
71805;20110912060000;101540;-150;6;230;10.800000;287.050000;284.050000;82;35000;0;mq;mq;mq;mq;mq;mq;mq;mq;101460;mq;mq;mq;mq;284.750000;mq;289.850000;283.150000;mq;mq;mq;14.900000;-10;mq;mq;mq;mq;0.000000;0.000000;mq;0.000000;0.000000;710.000000;1115.000000;mq;mq;mq;mq;mq;mq;mq;mq;mq;mq;mq;mq;mq;mq;
78897;20110912060000;101470;-130;8;130;5.100000;301.150000;297.550000;81;40000;0;mq;mq;mq;mq;1250;mq;mq;mq;mq;mq;mq;430;mq;298.950000;mq;303.850000;mq;mq;mq;mq;mq;mq;mq;mq;mq;mq;mq;mq;0.000000;mq;5.800000;mq;mq;mq;mq;mq;mq;mq;mq;mq;mq;mq;mq;mq;mq;mq;mq;
78922;20110912060000;101470;-150;8;160;7.700000;301.450000;297.250000;78;mq;mq;mq;mq;mq;mq;mq;mq;mq;mq;101030;mq;mq;mq;mq;mq;mq;mq;mq;mq;mq;mq;mq;mq;mq;mq;mq;mq;mq;mq;mq;mq;mq;mq;mq;mq;mq;mq;mq;mq;mq;mq;mq;mq;mq;mq;mq;mq;mq;
78925;20110912060000;101500;-140;8;40;1.500000;298.850000;297.450000;92;60000;0;mq;mq;mq;mq;800;mq;mq;mq;mq;mq;mq;310;mq;298.850000;mq;306.650000;mq;mq;mq;mq;mq;mq;mq;mq;mq;mq;mq;mq;0.000000;mq;0.000000;mq;mq;mq;mq;mq;mq;mq;mq;mq;mq;mq;mq;mq;mq;mq;mq;
81401;20110912060000;101300;mq;mq;120;1.000000;297.250000;296.050000;93;mq;mq;mq;mq;mq;mq;mq;mq;mq;mq;101240;mq;mq;mq;mq;mq;mq;mq;mq;mq;mq;mq;mq;mq;mq;mq;mq;mq;mq;0.000000;0.000000;mq;mq;mq;mq;mq;mq;mq;mq;mq;mq;mq;mq;mq;mq;mq;mq;mq;mq;
81405;20110912060000;101320;mq;mq;0;0.000000;295.750000;295.450000;98;24000;0;mq;mq;mq;mq;mq;mq;mq;mq;101230;mq;mq;mq;mq;mq;mq;mq;294.150000;mq;mq;mq;mq;mq;mq;mq;mq;mq;mq;0.000000;0.000000;mq;mq;mq;mq;mq;mq;mq;mq;mq;mq;mq;mq;mq;mq;mq;mq;mq;mq;
81408;20110912060000;101290;mq;mq;0;0.000000;294.750000;294.450000;98;mq;mq;mq;mq;mq;mq;mq;mq;mq;mq;101210;mq;mq;mq;mq;mq;mq;mq;mq;mq;mq;mq;mq;mq;mq;mq;mq;mq;mq;0.000000;0.000000;mq;mq;mq;mq;mq;mq;mq;mq;mq;mq;mq;mq;mq;mq;mq;mq;mq;mq;
89642;20110912060000;99940;-60;8;150;15.900000;258.850000;251.750000;51;15000;36;3;3;75;6;1250;35;20;10;99380;mq;mq;mq;mq;mq;mq;mq;274.150000;mq;mq;21.600000;25.200000;-60;mq;mq;mq;mq;mq;mq;mq;mq;mq;1022.000000;1125.000000;mq;mq;6;6;1290;mq;mq;mq;mq;mq;mq;mq;mq;mq;
07005;20110912090000;100890;-30;6;200;9.800000;292.450000;288.550000;78;30000;2;1;1;90;7;800;35;61;60;100030;mq;mq;mq;mq;mq;mq;mq;mq;mq;mq;15.900000;16.500000;-10;mq;mq;0.000000;-30;0.000000;0.000000;mq;mq;mq;1016.000000;710.000000;1116.000000;3100.000000;5;6;750;5;6;1800;mq;mq;mq;mq;mq;mq;
07015;20110912090000;100870;-80;8;210;11.300000;291.850000;287.550000;76;15000;1;6;2;60;5;450;38;20;10;100320;mq;mq;mq;mq;mq;mq;mq;mq;mq;mq;17.500000;17.500000;-10;mq;mq;0.000000;-30;0.000000;0.000000;mq;mq;mq;1017.000000;710.000000;1117.000000;3100.000000;2;8;480;5;6;900;mq;mq;mq;mq;mq;mq;
07020;20110912090000;100810;210;3;230;12.300000;291.450000;289.950000;91;4500;21;6;2;100;8;1750;35;20;10;100550;mq;mq;mq;mq;mq;mq;mq;mq;mq;mq;mq;19.000000;-10;mq;mq;mq;mq;0.000000;1.000000;mq;mq;mq;710.000000;1119.000000;mq;mq;8;6;1500;mq;mq;mq;mq;mq;mq;mq;mq;mq;
07027;20110912090000;101000;40;3;200;8.200000;292.050000;290.750000;92;30000;21;6;2;90;7;450;35;61;60;100220;mq;mq;mq;mq;mq;mq;mq;mq;mq;mq;mq;14.400000;-10;mq;mq;0.000000;-30;0.000000;0.000000;mq;mq;mq;710.000000;1114.000000;3100.000000;mq;4;6;480;5;6;900;mq;mq;mq;mq;mq;mq;
07037;20110912090000;101090;-40;6;200;10.800000;291.750000;289.150000;85;30000;2;1;1;90;7;450;35;61;60;99320;mq;mq;mq;mq;mq;mq;mq;mq;mq;mq;mq;15.900000;-10;mq;mq;0.000000;-30;0.000000;0.000000;mq;mq;mq;710.000000;1116.000000;3100.000000;mq;7;6;450;mq;mq;mq;mq;mq;mq;mq;mq;mq;
07110;20110912090000;101100;220;3;240;10.300000;291.750000;289.750000;88;12000;1;6;5;90;7;450;38;61;60;99990;mq;mq;mq;mq;mq;mq;mq;mq;mq;mq;18.500000;18.500000;-10;mq;mq;mq;mq;0.000000;0.000000;mq;mq;mq;1019.000000;710.000000;1119.000000;mq;5;8;360;7;6;1200;mq;mq;mq;mq;mq;mq;
07117;20110912090000;100890;180;2;250;11.300000;292.250000;289.150000;82;8000;60;6;6;100;8;450;37;20;10;100210;mq;mq;mq;mq;mq;mq;mq;mq;mq;mq;19.500000;19.500000;-10;mq;mq;mq;mq;0.000000;0.200000;mq;mq;mq;1020.000000;710.000000;1120.000000;2436.000000;mq;mq;mq;mq;mq;mq;mq;mq;mq;mq;mq;mq;
07130;20110912090000;101270;130;3;230;5.700000;292.850000;291.350000;91;22000;0;mq;mq;100;mq;450;mq;mq;mq;100770;mq;mq;mq;mq;mq;mq;mq;mq;mq;mq;mq;10.800000;-10;mq;mq;mq;mq;0.200000;0.600000;mq;mq;mq;710.000000;1111.000000;mq;mq;mq;mq;mq;mq;mq;mq;mq;mq;mq;mq;mq;mq;
07139;20110912090000;101290;0;5;200;5.700000;290.350000;289.250000;93;3000;50;5;2;100;8;150;36;61;60;99600;mq;mq;mq;mq;mq;mq;mq;mq;mq;mq;mq;10.800000;-10;mq;mq;0.000000;-30;0.600000;0.600000;mq;mq;mq;710.000000;1111.000000;3100.000000;mq;8;7;120;mq;mq;mq;mq;mq;mq;mq;mq;mq;
07149;20110912090000;101440;20;1;200;6.200000;290.850000;288.450000;86;25000;2;1;1;90;7;450;35;61;60;100380;mq;mq;mq;mq;mq;mq;mq;mq;mq;mq;mq;12.900000;-10;mq;mq;0.000000;-30;0.000000;0.000000;mq;mq;mq;710.000000;1113.000000;3100.000000;mq;7;6;390;mq;mq;mq;mq;mq;mq;mq;mq;mq;
07168;20110912090000;101690;30;0;170;6.700000;291.050000;286.750000;76;25000;2;1;1;75;6;450;38;20;10;100300;mq;mq;mq;mq;mq;mq;mq;mq;mq;mq;mq;10.800000;-10;mq;mq;0.000000;-30;0.000000;0.000000;mq;mq;mq;710.000000;1111.000000;3100.000000;mq;1;8;450;6;6;1800;mq;mq;mq;mq;mq;mq;
07181;20110912090000;101760;50;3;220;6.700000;289.750000;286.250000;80;45000;0;mq;mq;100;mq;2250;mq;mq;mq;97770;mq;mq;mq;mq;mq;mq;mq;mq;mq;mq;mq;12.900000;-10;mq;mq;mq;mq;0.000000;0.000000;mq;mq;mq;710.000000;1113.000000;mq;mq;mq;mq;mq;mq;mq;mq;mq;mq;mq;mq;mq;mq;
07190;20110912090000;101830;40;0;180;4.600000;292.350000;285.650000;65;17000;0;mq;mq;mq;mq;mq;mq;mq;mq;100060;mq;mq;mq;mq;mq;mq;mq;mq;mq;mq;mq;7.700000;-10;mq;mq;mq;mq;0.000000;0.000000;mq;mq;mq;710.000000;1108.000000;mq;mq;mq;mq;mq;mq;mq;mq;mq;mq;mq;mq;mq;mq;
07207;20110912090000;mq;mq;mq;260;9.800000;292.150000;290.450000;90;6000;50;2;2;100;8;800;30;22;10;mq;mq;mq;mq;mq;mq;mq;mq;mq;mq;mq;mq;15.400000;-10;mq;mq;mq;mq;0.000000;0.000000;mq;mq;mq;710.000000;1115.000000;2456.000000;mq;mq;mq;mq;mq;mq;mq;mq;mq;mq;mq;mq;mq;
07222;20110912090000;101550;100;3;240;6.200000;292.150000;291.450000;96;8000;50;5;2;90;7;450;37;61;60;101240;mq;mq;mq;mq;mq;mq;mq;mq;mq;mq;mq;10.300000;-10;mq;mq;mq;mq;0.200000;0.400000;mq;mq;mq;710.000000;1110.000000;mq;mq;7;6;330;mq;mq;mq;mq;mq;mq;mq;mq;mq;
07240;20110912090000;101580;20;0;210;6.700000;293.350000;289.950000;81;60000;0;mq;mq;90;mq;450;mq;mq;mq;100280;mq;mq;mq;mq;mq;mq;mq;mq;mq;mq;mq;11.300000;-10;mq;mq;mq;mq;0.200000;0.200000;mq;mq;mq;710.000000;1111.000000;mq;mq;mq;mq;mq;mq;mq;mq;mq;mq;mq;mq;mq;mq;
07255;20110912090000;101850;50;3;230;5.700000;291.950000;288.950000;83;28000;2;1;1;90;5;800;35;23;60;99910;mq;mq;mq;mq;mq;mq;mq;mq;mq;mq;mq;8.200000;-10;mq;mq;0.000000;-30;0.000000;0.000000;mq;mq;mq;710.000000;1108.000000;3100.000000;mq;5;6;780;7;3;2400;mq;mq;mq;mq;mq;mq;
07280;20110912090000;101940;30;3;180;5.100000;291.550000;287.650000;78;35000;0;mq;mq;mq;mq;450;mq;mq;mq;99290;mq;mq;mq;mq;mq;mq;mq;mq;mq;mq;mq;8.700000;-10;mq;mq;mq;mq;0.000000;0.000000;mq;mq;mq;710.000000;1109.000000;mq;mq;mq;mq;mq;mq;mq;mq;mq;mq;mq;mq;mq;mq;
07299;20110912090000;101930;40;1;240;3.100000;292.650000;285.150000;62;40000;2;1;1;25;1;800;31;24;11;98760;mq;mq;mq;mq;mq;mq;mq;mq;mq;mq;mq;8.200000;-10;mq;mq;0.000000;-30;0.200000;0.200000;mq;mq;mq;710.000000;1108.000000;3100.000000;mq;1;8;780;mq;mq;mq;mq;mq;mq;mq;mq;mq;
07314;20110912090000;101840;90;3;220;9.800000;294.250000;292.150000;88;7000;2;1;1;90;7;800;37;20;10;101570;mq;mq;mq;mq;mq;mq;mq;mq;mq;mq;mq;14.400000;-10;mq;mq;mq;mq;0.000000;0.000000;mq;mq;mq;710.000000;1114.000000;2436.000000;mq;7;7;780;mq;mq;mq;mq;mq;mq;mq;mq;mq;
07335;20110912090000;101790;90;1;230;7.200000;293.550000;290.150000;81;30000;2;1;1;60;5;450;38;20;10;100390;mq;mq;mq;mq;mq;mq;mq;mq;mq;mq;mq;13.400000;-10;mq;mq;mq;mq;0.000000;0.000000;mq;mq;mq;710.000000;1113.000000;mq;mq;3;8;570;4;6;990;mq;mq;mq;mq;mq;mq;
07434;20110912090000;102040;100;1;180;3.100000;289.150000;288.850000;98;15000;20;5;4;100;8;80;37;61;60;97350;mq;mq;mq;mq;mq;mq;mq;mq;mq;mq;mq;5.100000;-10;mq;mq;0.000000;-30;0.000000;0.600000;mq;mq;mq;710.000000;1105.000000;3100.000000;mq;8;7;90;mq;mq;mq;mq;mq;mq;mq;mq;mq;
07460;20110912090000;101960;60;2;180;5.100000;293.050000;285.050000;60;50000;2;1;1;10;1;1250;35;20;10;98190;mq;mq;mq;mq;mq;mq;mq;mq;mq;mq;mq;9.300000;-10;mq;mq;0.000000;-30;0.000000;0.000000;mq;mq;mq;710.000000;1109.000000;3100.000000;mq;1;6;1080;mq;mq;mq;mq;mq;mq;mq;mq;mq;
07471;20110912090000;mq;70;3;360;1.000000;290.450000;282.150000;58;45000;2;1;1;10;1;3500;30;24;10;92570;85000;18030;mq;mq;mq;mq;mq;mq;mq;mq;mq;3.100000;-10;mq;mq;0.000000;-30;0.000000;0.000000;mq;mq;mq;710.000000;1103.000000;3100.000000;mq;1;3;4500;mq;mq;mq;mq;mq;mq;mq;mq;mq;
07481;20110912090000;102020;80;1;30;1.500000;293.050000;285.550000;62;50000;2;1;1;10;1;800;31;20;10;99230;mq;mq;mq;mq;mq;mq;mq;mq;mq;mq;mq;3.100000;-10;mq;mq;0.000000;-30;0.000000;0.000000;mq;mq;mq;710.000000;1103.000000;3100.000000;mq;1;8;690;mq;mq;mq;mq;mq;mq;mq;mq;mq;
07510;20110912090000;102050;130;2;200;3.600000;295.250000;291.650000;80;20000;2;1;1;75;5;1250;35;23;10;101420;mq;mq;mq;mq;mq;mq;mq;mq;mq;mq;mq;5.100000;-10;mq;mq;0.000000;-30;0.000000;0.000000;mq;mq;mq;710.000000;1105.000000;3100.000000;mq;5;6;1200;mq;mq;mq;mq;mq;mq;mq;mq;mq;
07535;20110912090000;102150;110;3;190;1.000000;291.750000;289.550000;87;20000;2;1;1;90;7;450;37;61;60;99110;mq;mq;mq;mq;mq;mq;mq;mq;mq;mq;mq;2.600000;-10;mq;mq;0.000000;-30;0.000000;0.000000;mq;mq;mq;710.000000;1103.000000;3100.000000;mq;7;8;300;mq;mq;mq;mq;mq;mq;mq;mq;mq;
07558;20110912090000;102030;110;2;340;2.600000;291.150000;283.950000;63;50000;2;1;1;10;1;800;35;20;10;93920;mq;mq;mq;mq;mq;mq;mq;mq;mq;mq;mq;4.600000;-10;mq;mq;0.000000;-30;0.000000;0.000000;mq;mq;mq;710.000000;1105.000000;3100.000000;mq;1;8;780;mq;mq;mq;mq;mq;mq;mq;mq;mq;
07577;20110912090000;101890;70;1;20;5.700000;295.950000;286.450000;55;40000;2;1;1;10;1;1250;31;24;11;101030;mq;mq;mq;mq;mq;mq;mq;mq;mq;mq;mq;10.300000;-10;mq;mq;0.000000;-30;0.000000;0.000000;mq;mq;mq;710.000000;1110.000000;3100.000000;mq;1;8;990;mq;mq;mq;mq;mq;mq;mq;mq;mq;
07591;20110912090000;mq;40;0;170;1.500000;294.150000;284.750000;55;mq;0;mq;mq;mq;mq;mq;mq;mq;mq;91810;mq;mq;mq;mq;mq;mq;mq;mq;mq;mq;mq;4.100000;-10;mq;mq;mq;mq;0.000000;0.000000;mq;mq;mq;710.000000;1104.000000;mq;mq;mq;mq;mq;mq;mq;mq;mq;mq;mq;mq;mq;mq;
07607;20110912090000;102100;110;1;140;2.600000;296.550000;290.050000;67;60000;0;mq;mq;mq;mq;mq;mq;mq;mq;101410;mq;mq;mq;mq;mq;mq;mq;mq;mq;mq;mq;4.100000;-10;mq;mq;mq;mq;0.000000;0.000000;mq;mq;mq;710.000000;1104.000000;mq;mq;mq;mq;mq;mq;mq;mq;mq;mq;mq;mq;mq;mq;
07621;20110912090000;102030;70;2;50;2.600000;295.650000;288.450000;64;50000;2;1;1;0;mq;mq;mq;mq;mq;97870;mq;mq;mq;mq;mq;mq;mq;mq;mq;mq;mq;4.600000;-10;mq;mq;0.000000;-30;0.000000;0.000000;mq;mq;mq;710.000000;1105.000000;3100.000000;mq;mq;mq;mq;mq;mq;mq;mq;mq;mq;mq;mq;mq;
07627;20110912090000;102010;10;1;120;2.100000;295.550000;286.350000;56;50000;2;1;1;0;mq;mq;mq;mq;mq;97330;mq;mq;mq;mq;mq;mq;mq;mq;mq;mq;mq;4.600000;-10;mq;mq;0.000000;-30;0.000000;0.000000;mq;mq;mq;710.000000;1105.000000;3100.000000;mq;mq;mq;mq;mq;mq;mq;mq;mq;mq;mq;mq;mq;
07630;20110912090000;102120;60;2;180;1.000000;295.750000;288.050000;62;60000;0;mq;mq;mq;mq;250;mq;mq;mq;100380;mq;mq;mq;mq;mq;mq;mq;mq;mq;mq;mq;3.600000;-10;mq;mq;mq;mq;0.000000;0.000000;mq;mq;mq;710.000000;1104.000000;mq;mq;mq;mq;mq;mq;mq;mq;mq;mq;mq;mq;mq;mq;
07650;20110912090000;101670;70;1;320;8.700000;297.850000;287.650000;53;60000;2;1;1;10;1;3500;30;23;12;101300;mq;mq;mq;mq;mq;mq;mq;mq;mq;mq;mq;13.900000;-10;mq;mq;0.000000;-30;0.000000;0.000000;mq;mq;mq;710.000000;1114.000000;3100.000000;mq;1;3;3000;mq;mq;mq;mq;mq;mq;mq;mq;mq;
07661;20110912090000;101430;20;1;340;10.300000;298.050000;286.950000;50;mq;mq;mq;mq;mq;mq;mq;mq;mq;mq;99900;mq;mq;mq;mq;mq;mq;mq;mq;mq;mq;mq;14.400000;-10;mq;mq;mq;mq;0.000000;0.000000;mq;mq;mq;710.000000;1114.000000;mq;mq;mq;mq;mq;mq;mq;mq;mq;mq;mq;mq;mq;mq;
07690;20110912090000;101450;130;1;90;6.700000;298.950000;293.950000;74;30000;2;1;1;60;2;450;35;20;12;101130;mq;mq;mq;mq;mq;mq;mq;mq;mq;mq;mq;9.300000;-10;mq;mq;0.000000;-30;0.000000;0.000000;mq;mq;mq;710.000000;1109.000000;3100.000000;mq;2;6;480;5;0;7800;mq;mq;mq;mq;mq;mq;
07747;20110912090000;101950;70;0;310;5.100000;299.750000;286.450000;44;30000;2;1;1;10;1;1750;32;20;10;101440;mq;mq;mq;mq;mq;mq;mq;mq;mq;mq;mq;9.300000;-10;mq;mq;mq;mq;0.000000;0.000000;mq;mq;mq;710.000000;1109.000000;mq;mq;1;8;1500;mq;mq;mq;mq;mq;mq;mq;mq;mq;
07761;20110912090000;101610;50;3;230;1.500000;298.750000;290.150000;59;30000;2;1;1;75;1;800;31;27;11;101510;mq;mq;mq;mq;mq;mq;mq;mq;mq;mq;mq;3.100000;-10;mq;mq;0.000000;-30;0.000000;0.000000;mq;mq;mq;710.000000;1103.000000;3100.000000;mq;1;8;780;5;0;9000;mq;mq;mq;mq;mq;mq;
07790;20110912090000;101510;40;1;40;1.500000;300.450000;292.250000;61;19000;2;1;1;90;5;450;31;20;12;101370;mq;mq;mq;mq;mq;mq;mq;mq;mq;mq;mq;6.700000;-10;mq;mq;0.000000;-30;0.000000;0.000000;mq;mq;mq;710.000000;1107.000000;3100.000000;mq;1;8;480;7;0;6900;mq;mq;mq;mq;mq;mq;
61968;20110912090000;101660;mq;mq;130;3.600000;301.050000;292.550000;60;mq;mq;mq;mq;mq;mq;mq;mq;mq;mq;mq;mq;mq;mq;mq;mq;mq;mq;mq;mq;mq;mq;9.300000;-10;mq;mq;mq;mq;0.000000;0.000000;mq;mq;mq;710.000000;1109.000000;mq;mq;mq;mq;mq;mq;mq;mq;mq;mq;mq;mq;mq;mq;
61970;20110912090000;101990;mq;mq;mq;mq;300.250000;286.950000;44;mq;mq;mq;mq;mq;mq;mq;mq;mq;mq;mq;mq;mq;mq;mq;mq;mq;mq;mq;mq;mq;mq;mq;mq;mq;mq;mq;mq;0.000000;0.000000;mq;mq;mq;mq;mq;mq;mq;mq;mq;mq;mq;mq;mq;mq;mq;mq;mq;mq;mq;
61972;20110912090000;102020;mq;mq;80;4.600000;301.450000;292.650000;59;mq;mq;mq;mq;mq;mq;mq;mq;mq;mq;mq;mq;mq;mq;mq;mq;mq;mq;mq;mq;mq;mq;9.800000;-10;mq;mq;mq;mq;0.000000;0.000000;mq;mq;mq;710.000000;1110.000000;mq;mq;mq;mq;mq;mq;mq;mq;mq;mq;mq;mq;mq;mq;
61976;20110912090000;101920;mq;mq;130;11.300000;299.750000;292.650000;65;mq;mq;mq;mq;mq;mq;mq;mq;mq;mq;101770;mq;mq;mq;mq;mq;mq;mq;mq;mq;mq;mq;mq;mq;mq;mq;mq;mq;mq;0.000000;mq;mq;mq;mq;mq;mq;mq;mq;mq;mq;mq;mq;mq;mq;mq;mq;mq;mq;mq;
61980;20110912090000;102370;mq;mq;110;12.300000;297.250000;288.750000;59;20000;2;1;1;25;2;1250;38;20;10;mq;mq;mq;0;mq;mq;mq;mq;mq;mq;mq;mq;20.600000;-10;mq;mq;mq;mq;0.000000;0.000000;mq;mq;mq;710.000000;1121.000000;2448.000000;mq;1;8;990;mq;mq;mq;mq;mq;mq;mq;mq;mq;
61996;20110912090000;mq;mq;mq;mq;mq;285.250000;mq;mq;mq;mq;mq;mq;mq;mq;mq;mq;mq;mq;mq;mq;mq;mq;mq;mq;mq;mq;mq;mq;mq;mq;mq;mq;mq;mq;mq;mq;0.000000;0.000000;mq;mq;mq;mq;mq;mq;mq;mq;mq;mq;mq;mq;mq;mq;mq;mq;mq;mq;mq;
61997;20110912090000;101740;mq;mq;350;9.300000;280.250000;278.850000;91;mq;mq;mq;mq;mq;mq;mq;mq;mq;mq;mq;mq;mq;1540;mq;mq;mq;mq;mq;mq;mq;mq;mq;mq;mq;mq;mq;mq;mq;0.000000;mq;mq;mq;mq;mq;mq;mq;mq;mq;mq;mq;mq;mq;mq;mq;mq;mq;mq;mq;
61998;20110912090000;99420;mq;mq;260;9.800000;276.750000;274.650000;86;4000;60;6;2;100;7;250;37;61;60;mq;mq;mq;mq;mq;mq;mq;mq;mq;mq;mq;mq;13.400000;-10;mq;mq;mq;mq;0.000000;0.000000;mq;mq;mq;710.000000;1113.000000;mq;mq;7;7;240;mq;mq;mq;mq;mq;mq;mq;mq;mq;
67005;20110912090000;101700;mq;mq;150;6.200000;299.950000;292.350000;63;30000;2;1;1;40;2;800;32;23;10;mq;mq;mq;mq;mq;mq;mq;mq;mq;mq;mq;mq;9.300000;-10;mq;mq;mq;mq;0.000000;0.000000;mq;mq;mq;710.000000;1109.000000;mq;mq;2;8;690;3;3;3000;mq;mq;mq;mq;mq;mq;
71805;20110912090000;101430;-110;7;230;10.300000;287.150000;284.350000;83;20000;2;1;1;50;4;1250;35;20;10;101350;mq;mq;mq;mq;mq;mq;mq;mq;mq;mq;mq;13.900000;-10;mq;mq;0.000000;-30;0.000000;0.000000;mq;mq;mq;710.000000;1114.000000;3100.000000;mq;4;6;990;mq;mq;mq;mq;mq;mq;mq;mq;mq;
78897;20110912090000;101480;10;3;140;2.600000;299.750000;296.650000;83;30000;2;1;1;90;3;800;38;27;12;mq;mq;mq;320;mq;mq;mq;mq;mq;mq;mq;mq;mq;mq;mq;mq;mq;mq;mq;mq;mq;mq;mq;mq;mq;mq;mq;2;8;600;4;4;3900;7;0;8400;mq;mq;mq;
78922;20110912090000;101480;10;3;160;6.200000;301.250000;296.150000;74;mq;mq;mq;mq;mq;mq;mq;mq;mq;mq;101040;mq;mq;mq;mq;mq;mq;mq;mq;mq;mq;mq;mq;mq;mq;mq;mq;mq;mq;mq;mq;mq;mq;mq;mq;mq;mq;mq;mq;mq;mq;mq;mq;mq;mq;mq;mq;mq;mq;
78925;20110912090000;101490;-10;5;110;0.500000;298.350000;297.650000;96;40000;0;mq;mq;90;mq;mq;mq;mq;mq;mq;mq;mq;300;mq;mq;mq;mq;mq;mq;mq;mq;mq;mq;mq;mq;mq;mq;mq;mq;mq;mq;mq;mq;mq;mq;mq;mq;mq;mq;mq;mq;mq;mq;mq;mq;mq;mq;mq;
81401;20110912090000;101380;mq;mq;0;0.000000;295.350000;294.550000;95;mq;mq;mq;mq;mq;mq;mq;mq;mq;mq;101320;mq;mq;mq;mq;mq;mq;mq;mq;mq;mq;mq;mq;mq;mq;mq;mq;mq;mq;0.000000;mq;mq;mq;mq;mq;mq;mq;mq;mq;mq;mq;mq;mq;mq;mq;mq;mq;mq;mq;
81405;20110912090000;101420;mq;mq;0;0.000000;295.450000;295.250000;99;8000;0;mq;mq;100;mq;30;mq;mq;mq;101330;mq;mq;mq;mq;mq;mq;mq;mq;mq;mq;mq;mq;mq;mq;mq;mq;mq;mq;0.000000;mq;mq;mq;mq;mq;mq;mq;mq;mq;mq;mq;mq;mq;mq;mq;mq;mq;mq;mq;
81408;20110912090000;101390;mq;mq;0;0.000000;294.150000;293.850000;98;mq;mq;mq;mq;mq;mq;mq;mq;mq;mq;101310;mq;mq;mq;mq;mq;mq;mq;mq;mq;mq;mq;mq;mq;mq;mq;mq;mq;mq;0.000000;mq;mq;mq;mq;mq;mq;mq;mq;mq;mq;mq;mq;mq;mq;mq;mq;mq;mq;mq;
89642;20110912090000;99880;-70;6;150;17.000000;258.350000;251.750000;54;30000;2;3;2;75;6;1250;35;20;10;99310;mq;mq;mq;mq;mq;mq;mq;mq;mq;mq;23.100000;23.700000;-30;mq;mq;mq;mq;mq;mq;mq;mq;mq;1023.000000;1124.000000;mq;mq;6;6;1290;mq;mq;mq;mq;mq;mq;mq;mq;mq;
07005;20110912120000;100980;90;3;220;7.200000;292.750000;290.850000;89;15000;21;6;5;90;7;800;38;61;60;100120;mq;mq;mq;mq;mq;mq;mq;mq;mq;mq;mq;15.400000;-10;mq;mq;0.000000;-60;0.800000;0.800000;0.800000;mq;mq;710.000000;1115.000000;3100.000000;mq;5;8;600;7;6;1500;mq;mq;mq;mq;mq;mq;
07015;20110912120000;100850;-10;5;220;12.900000;293.950000;289.350000;75;20000;3;6;2;100;8;800;35;61;60;100310;mq;mq;mq;mq;mq;mq;mq;mq;mq;mq;19.500000;19.500000;-10;mq;mq;0.000000;-60;0.000000;0.000000;0.000000;mq;mq;1020.000000;710.000000;1120.000000;3100.000000;7;6;690;mq;mq;mq;mq;mq;mq;mq;mq;mq;
07020;20110912120000;101030;220;3;250;11.300000;291.350000;287.650000;79;4500;10;6;2;90;7;800;35;61;60;100770;mq;mq;mq;mq;mq;mq;mq;mq;mq;mq;mq;17.500000;-10;mq;mq;mq;mq;0.000000;0.000000;1.000000;mq;mq;710.000000;1117.000000;mq;mq;7;6;780;mq;mq;mq;mq;mq;mq;mq;mq;mq;
07027;20110912120000;101100;100;3;220;9.300000;294.150000;288.050000;68;30000;1;6;2;90;7;800;38;61;60;100320;mq;mq;mq;mq;mq;mq;mq;mq;mq;mq;14.900000;15.900000;-10;mq;mq;0.000000;-60;0.000000;0.000000;0.000000;mq;mq;1015.000000;710.000000;1116.000000;3100.000000;1;8;690;3;6;990;6;6;1290;mq;mq;mq;
07037;20110912120000;101100;30;2;220;9.300000;293.750000;290.150000;80;30000;20;5;2;90;7;450;35;61;60;99350;mq;mq;mq;mq;mq;mq;mq;mq;mq;mq;mq;14.900000;-10;mq;mq;0.000000;-60;0.000000;0.000000;0.000000;mq;mq;710.000000;1115.000000;3100.000000;mq;7;6;510;7;6;900;mq;mq;mq;mq;mq;mq;
07110;20110912120000;101280;180;2;250;9.300000;292.850000;286.550000;67;15000;1;6;5;60;5;800;38;20;10;100170;mq;mq;mq;mq;mq;mq;mq;mq;mq;mq;mq;14.400000;-10;mq;mq;mq;mq;0.000000;0.000000;0.000000;mq;mq;710.000000;1114.000000;mq;mq;4;8;690;mq;mq;mq;mq;mq;mq;mq;mq;mq;
07117;20110912120000;101160;270;3;270;10.300000;291.850000;286.650000;72;8000;1;6;2;75;6;450;37;20;10;100480;mq;mq;mq;mq;mq;mq;mq;mq;mq;mq;17.000000;21.600000;-10;mq;mq;mq;mq;0.000000;0.200000;0.400000;mq;mq;1017.000000;710.000000;1122.000000;2446.000000;mq;mq;mq;mq;mq;mq;mq;mq;mq;mq;mq;mq;
07130;20110912120000;101380;110;1;240;5.700000;294.250000;289.650000;75;22000;0;mq;mq;100;mq;800;mq;mq;mq;100880;mq;mq;mq;mq;mq;mq;mq;mq;mq;mq;mq;11.300000;-10;mq;mq;mq;mq;0.000000;0.000000;0.600000;mq;mq;710.000000;1111.000000;mq;mq;mq;mq;mq;mq;mq;mq;mq;mq;mq;mq;mq;mq;
07139;20110912120000;101330;60;3;240;7.200000;293.950000;290.150000;79;15000;60;6;5;90;7;450;38;20;10;99660;mq;mq;mq;mq;mq;mq;mq;mq;mq;mq;mq;12.300000;-10;mq;mq;0.000000;-60;0.000000;0.600000;1.000000;mq;mq;710.000000;1112.000000;3100.000000;mq;3;8;480;7;6;1290;mq;mq;mq;mq;mq;mq;
07149;20110912120000;101390;-40;6;210;6.700000;293.950000;289.950000;78;25000;2;1;1;90;7;450;35;61;60;100340;mq;mq;mq;mq;mq;mq;mq;mq;mq;mq;mq;12.300000;-10;mq;mq;0.000000;-60;0.000000;0.000000;0.000000;mq;mq;710.000000;1112.000000;3100.000000;mq;7;6;540;mq;mq;mq;mq;mq;mq;mq;mq;mq;
07168;20110912120000;101560;-110;8;210;10.800000;294.550000;288.350000;68;25000;2;1;1;60;5;800;38;20;10;100190;mq;mq;mq;mq;mq;mq;mq;mq;mq;mq;mq;14.900000;-10;mq;mq;0.000000;-60;0.000000;0.000000;0.000000;mq;mq;710.000000;1115.000000;3100.000000;mq;5;8;780;mq;mq;mq;mq;mq;mq;mq;mq;mq;
07181;20110912120000;101590;-100;6;230;8.700000;294.450000;285.850000;58;45000;0;mq;mq;75;mq;1250;mq;mq;mq;97670;mq;mq;mq;mq;mq;mq;mq;mq;mq;mq;mq;11.800000;-10;mq;mq;mq;mq;0.000000;0.000000;0.000000;mq;mq;710.000000;1112.000000;mq;mq;mq;mq;mq;mq;mq;mq;mq;mq;mq;mq;mq;mq;
07190;20110912120000;101660;-140;6;190;5.700000;296.250000;284.950000;49;9000;0;mq;mq;mq;mq;mq;mq;mq;mq;99920;mq;mq;mq;mq;mq;mq;mq;mq;mq;mq;mq;10.800000;-10;mq;mq;mq;mq;0.000000;0.000000;0.000000;mq;mq;710.000000;1111.000000;mq;mq;mq;mq;mq;mq;mq;mq;mq;mq;mq;mq;mq;mq;
07207;20110912120000;mq;mq;mq;260;9.300000;292.550000;290.550000;88;6000;2;5;2;90;3;450;36;27;60;mq;mq;mq;mq;mq;mq;mq;mq;mq;mq;mq;mq;14.900000;-10;mq;mq;mq;mq;0.000000;0.000000;0.000000;mq;mq;710.000000;1115.000000;2446.000000;mq;mq;mq;mq;mq;mq;mq;mq;mq;mq;mq;mq;mq;
07222;20110912120000;101610;70;1;260;5.100000;292.850000;292.050000;95;9000;21;6;5;90;7;450;35;61;60;101310;mq;mq;mq;mq;mq;mq;mq;mq;mq;mq;mq;11.300000;-10;mq;mq;mq;mq;1.000000;1.000000;2.000000;mq;mq;710.000000;1111.000000;mq;mq;5;6;300;6;6;480;mq;mq;mq;mq;mq;mq;
07240;20110912120000;101610;30;0;210;6.200000;293.350000;290.950000;86;19000;0;mq;mq;100;mq;250;mq;mq;mq;100310;mq;mq;mq;mq;mq;mq;mq;mq;mq;mq;mq;12.900000;-10;mq;mq;mq;mq;0.200000;0.200000;0.400000;mq;mq;710.000000;1113.000000;mq;mq;mq;mq;mq;mq;mq;mq;mq;mq;mq;mq;mq;mq;
07255;20110912120000;101810;-20;6;240;7.200000;294.450000;289.850000;75;25000;2;1;1;90;7;800;38;61;60;99890;mq;mq;mq;mq;mq;mq;mq;mq;mq;mq;mq;14.900000;-10;mq;mq;0.000000;-60;0.000000;0.000000;0.000000;mq;mq;710.000000;1115.000000;3100.000000;mq;5;8;600;6;6;1200;mq;mq;mq;mq;mq;mq;
07280;20110912120000;101810;-90;6;200;7.700000;296.450000;283.550000;44;40000;0;mq;mq;90;mq;2250;mq;mq;mq;99200;mq;mq;mq;mq;mq;mq;mq;mq;mq;mq;mq;11.300000;-10;mq;mq;mq;mq;0.000000;0.000000;0.000000;mq;mq;710.000000;1111.000000;mq;mq;mq;mq;mq;mq;mq;mq;mq;mq;mq;mq;mq;mq;
07299;20110912120000;101710;-170;8;260;4.600000;297.250000;282.450000;39;50000;2;1;1;10;1;1750;31;23;10;98590;mq;mq;mq;mq;mq;mq;mq;mq;mq;mq;mq;8.200000;-10;mq;mq;0.000000;-60;0.000000;0.000000;0.200000;mq;mq;710.000000;1108.000000;3100.000000;mq;1;8;1500;mq;mq;mq;mq;mq;mq;mq;mq;mq;
07314;20110912120000;101920;80;3;240;9.800000;293.050000;292.250000;95;2000;53;5;2;100;8;800;37;20;10;101650;mq;mq;mq;mq;mq;mq;mq;mq;mq;mq;mq;14.400000;-10;mq;mq;mq;mq;0.000000;0.000000;0.000000;mq;mq;710.000000;1114.000000;2445.000000;mq;8;7;600;mq;mq;mq;mq;mq;mq;mq;mq;mq;
07335;20110912120000;101850;60;1;230;8.700000;293.850000;290.250000;80;30000;2;1;1;100;8;450;38;61;60;100450;mq;mq;mq;mq;mq;mq;mq;mq;mq;mq;mq;13.400000;-10;mq;mq;mq;mq;0.000000;0.000000;0.000000;mq;mq;710.000000;1113.000000;mq;mq;2;8;540;8;6;690;mq;mq;mq;mq;mq;mq;
07434;20110912120000;102020;10;0;230;2.600000;290.650000;290.150000;97;15000;20;5;4;100;8;250;38;61;60;97360;mq;mq;mq;mq;mq;mq;mq;mq;mq;mq;mq;6.700000;-10;mq;mq;0.000000;-60;0.200000;0.200000;0.800000;mq;mq;710.000000;1107.000000;3100.000000;mq;6;8;210;5;6;390;mq;mq;mq;mq;mq;mq;
07460;20110912120000;101840;-60;8;250;4.100000;296.750000;286.650000;53;50000;2;1;1;40;3;1250;38;20;10;98130;mq;mq;mq;mq;mq;mq;mq;mq;mq;mq;mq;6.700000;-10;mq;mq;0.000000;-60;0.000000;0.000000;0.000000;mq;mq;710.000000;1107.000000;3100.000000;mq;1;8;1290;3;6;1500;mq;mq;mq;mq;mq;mq;
07471;20110912120000;mq;-60;7;300;3.100000;294.750000;281.950000;44;45000;2;1;1;0;mq;mq;mq;mq;mq;92510;85000;17990;mq;mq;mq;mq;mq;mq;mq;mq;mq;6.200000;-10;mq;mq;0.000000;-60;0.000000;0.000000;0.000000;mq;mq;710.000000;1106.000000;3100.000000;mq;mq;mq;mq;mq;mq;mq;mq;mq;mq;mq;mq;mq;
07481;20110912120000;101860;-120;8;10;2.100000;297.050000;282.950000;41;50000;2;1;1;0;mq;mq;mq;mq;mq;99110;mq;mq;mq;mq;mq;mq;mq;mq;mq;mq;mq;5.100000;-10;mq;mq;0.000000;-60;0.000000;0.000000;0.000000;mq;mq;710.000000;1105.000000;3100.000000;mq;mq;mq;mq;mq;mq;mq;mq;mq;mq;mq;mq;mq;
07510;20110912120000;102030;-10;8;260;4.600000;297.850000;289.250000;59;25000;2;1;1;60;4;1250;32;23;10;101410;mq;mq;mq;mq;mq;mq;mq;mq;mq;mq;mq;8.200000;-10;mq;mq;0.000000;-60;0.000000;0.000000;0.000000;mq;mq;710.000000;1108.000000;3100.000000;mq;4;8;1200;mq;mq;mq;mq;mq;mq;mq;mq;mq;
07535;20110912120000;102060;-40;8;310;2.100000;297.250000;286.150000;50;30000;2;1;1;75;6;1250;31;20;10;99070;mq;mq;mq;mq;mq;mq;mq;mq;mq;mq;mq;5.100000;-10;mq;mq;0.000000;-60;0.000000;0.000000;0.000000;mq;mq;710.000000;1105.000000;3100.000000;mq;6;8;990;mq;mq;mq;mq;mq;mq;mq;mq;mq;
07558;20110912120000;101860;-60;8;320;6.200000;294.950000;284.650000;52;60000;2;1;1;10;1;1250;31;20;10;93860;mq;mq;mq;mq;mq;mq;mq;mq;mq;mq;mq;11.300000;-10;mq;mq;0.000000;-60;0.000000;0.000000;0.000000;mq;mq;710.000000;1111.000000;3100.000000;mq;1;8;1290;mq;mq;mq;mq;mq;mq;mq;mq;mq;
07577;20110912120000;101740;-140;7;30;6.700000;299.850000;281.350000;31;20000;0;mq;mq;mq;mq;mq;mq;mq;mq;100890;mq;mq;mq;mq;mq;mq;mq;mq;mq;mq;mq;12.300000;-10;mq;mq;mq;mq;0.000000;0.000000;0.000000;mq;mq;710.000000;1112.000000;mq;mq;mq;mq;mq;mq;mq;mq;mq;mq;mq;mq;mq;mq;
07591;20110912120000;mq;-130;8;210;5.100000;298.750000;280.850000;32;mq;0;mq;mq;mq;mq;mq;mq;mq;mq;91680;mq;mq;mq;mq;mq;mq;mq;mq;mq;mq;mq;9.300000;-10;mq;mq;mq;mq;0.000000;0.000000;0.000000;mq;mq;710.000000;1109.000000;mq;mq;mq;mq;mq;mq;mq;mq;mq;mq;mq;mq;mq;mq;
07607;20110912120000;102030;-60;8;310;2.100000;301.250000;288.550000;46;24000;0;mq;mq;75;mq;1250;mq;mq;mq;101350;mq;mq;mq;mq;mq;mq;mq;mq;mq;mq;mq;5.100000;-10;mq;mq;mq;mq;0.000000;0.000000;0.000000;mq;mq;710.000000;1105.000000;mq;mq;mq;mq;mq;mq;mq;mq;mq;mq;mq;mq;mq;mq;
07621;20110912120000;101970;-10;8;80;2.100000;298.550000;288.250000;53;50000;2;1;1;10;1;1750;31;20;11;97860;mq;mq;mq;mq;mq;mq;mq;mq;mq;mq;mq;4.600000;-10;mq;mq;0.000000;-60;0.000000;0.000000;0.000000;mq;mq;710.000000;1105.000000;3100.000000;mq;1;8;1800;mq;mq;mq;mq;mq;mq;mq;mq;mq;
07627;20110912120000;101930;-20;8;350;1.500000;298.950000;287.750000;50;50000;2;1;1;10;1;1750;31;20;10;97310;mq;mq;mq;mq;mq;mq;mq;mq;mq;mq;mq;5.100000;-10;mq;mq;0.000000;-60;0.000000;0.000000;0.000000;mq;mq;710.000000;1105.000000;3100.000000;mq;1;8;1800;mq;mq;mq;mq;mq;mq;mq;mq;mq;
07630;20110912120000;102020;-80;8;360;3.100000;299.150000;287.650000;49;50000;2;1;1;10;1;1250;31;20;10;100300;mq;mq;mq;mq;mq;mq;mq;mq;mq;mq;mq;7.200000;-10;mq;mq;0.000000;-60;0.000000;0.000000;0.000000;mq;mq;710.000000;1107.000000;3100.000000;mq;1;8;1290;mq;mq;mq;mq;mq;mq;mq;mq;mq;
07643;20110912120000;101740;mq;8;150;4.600000;302.450000;283.050000;30;70000;2;1;1;0;mq;mq;mq;mq;mq;101650;mq;mq;mq;mq;mq;mq;mq;mq;mq;mq;mq;6.700000;-10;mq;mq;mq;mq;0.000000;0.000000;0.000000;mq;mq;710.000000;1107.000000;mq;mq;mq;mq;mq;mq;mq;mq;mq;mq;mq;mq;mq;mq;
07650;20110912120000;101520;-140;7;300;9.800000;302.650000;279.950000;24;60000;2;1;1;10;1;3500;30;24;10;101160;mq;mq;mq;mq;mq;mq;mq;mq;mq;mq;mq;15.400000;-10;mq;mq;0.000000;-60;0.000000;0.000000;0.000000;mq;mq;710.000000;1115.000000;3100.000000;mq;1;3;3000;mq;mq;mq;mq;mq;mq;mq;mq;mq;
07661;20110912120000;101390;-30;6;310;7.200000;301.450000;284.050000;34;35000;2;1;1;10;1;2250;31;20;10;99870;mq;mq;mq;mq;mq;mq;mq;mq;mq;mq;mq;11.800000;-10;mq;mq;mq;mq;0.000000;0.000000;0.000000;mq;mq;710.000000;1112.000000;mq;mq;1;8;1800;mq;mq;mq;mq;mq;mq;mq;mq;mq;
07690;20110912120000;101510;60;1;90;6.700000;299.150000;292.750000;68;20000;2;1;1;40;1;1250;31;20;12;101190;mq;mq;mq;mq;mq;mq;mq;mq;mq;mq;mq;9.300000;-10;mq;mq;0.000000;-60;0.000000;0.000000;0.000000;mq;mq;710.000000;1109.000000;3100.000000;mq;1;8;990;3;0;6300;mq;mq;mq;mq;mq;mq;
07747;20110912120000;101800;-140;8;340;4.600000;304.350000;285.650000;32;60000;0;mq;mq;mq;mq;mq;mq;mq;mq;101300;mq;mq;mq;mq;mq;mq;mq;mq;mq;mq;mq;9.300000;-10;mq;mq;mq;mq;0.000000;0.000000;0.000000;mq;mq;710.000000;1109.000000;mq;mq;mq;mq;mq;mq;mq;mq;mq;mq;mq;mq;mq;mq;
07761;20110912120000;101550;-60;8;230;5.700000;300.250000;293.150000;65;30000;2;1;1;40;1;1250;31;27;11;101450;mq;mq;mq;mq;mq;mq;mq;mq;mq;mq;mq;6.700000;-10;mq;mq;0.000000;-60;0.000000;0.000000;0.000000;mq;mq;710.000000;1107.000000;3100.000000;mq;1;8;1080;mq;mq;mq;mq;mq;mq;mq;mq;mq;
07790;20110912120000;101500;-10;8;60;2.600000;299.850000;294.650000;73;40000;2;1;1;90;1;450;32;20;12;101360;mq;mq;mq;mq;mq;mq;mq;mq;mq;mq;mq;6.700000;-10;mq;mq;0.000000;-60;0.000000;0.000000;0.000000;mq;mq;710.000000;1107.000000;3100.000000;mq;1;8;510;7;0;6900;mq;mq;mq;mq;mq;mq;
61970;20110912120000;101730;mq;mq;mq;mq;301.150000;287.050000;42;mq;mq;mq;mq;mq;mq;mq;mq;mq;mq;mq;mq;mq;mq;mq;mq;mq;mq;mq;mq;mq;mq;mq;mq;mq;mq;mq;mq;0.000000;mq;0.000000;mq;mq;mq;mq;mq;mq;mq;mq;mq;mq;mq;mq;mq;mq;mq;mq;mq;mq;
61972;20110912120000;101770;mq;mq;60;4.100000;299.550000;292.150000;64;mq;mq;mq;mq;mq;mq;mq;mq;mq;mq;mq;mq;mq;mq;mq;mq;mq;mq;mq;mq;mq;mq;7.700000;-10;mq;mq;mq;mq;0.000000;mq;0.000000;mq;mq;710.000000;1108.000000;mq;mq;mq;mq;mq;mq;mq;mq;mq;mq;mq;mq;mq;mq;
61976;20110912120000;101800;mq;mq;120;11.300000;298.050000;292.650000;72;mq;mq;mq;mq;mq;mq;mq;mq;mq;mq;101650;mq;mq;mq;mq;mq;mq;mq;mq;mq;mq;mq;mq;mq;mq;mq;mq;mq;mq;mq;mq;mq;mq;mq;mq;mq;mq;mq;mq;mq;mq;mq;mq;mq;mq;mq;mq;mq;mq;
61980;20110912120000;102220;mq;mq;110;11.800000;296.350000;288.450000;61;20000;2;1;1;40;3;1250;38;20;10;mq;mq;mq;mq;mq;mq;mq;mq;mq;mq;mq;mq;19.000000;-10;mq;mq;mq;mq;0.000000;mq;0.000000;mq;mq;710.000000;1119.000000;2448.000000;mq;2;8;990;mq;mq;mq;mq;mq;mq;mq;mq;mq;
61996;20110912120000;mq;mq;mq;mq;mq;284.750000;mq;mq;mq;mq;mq;mq;mq;mq;mq;mq;mq;mq;mq;mq;mq;mq;mq;mq;mq;mq;mq;mq;mq;mq;mq;mq;mq;mq;mq;mq;0.000000;mq;0.000000;mq;mq;mq;mq;mq;mq;mq;mq;mq;mq;mq;mq;mq;mq;mq;mq;mq;mq;
61997;20110912120000;101520;mq;mq;360;8.700000;278.650000;277.650000;93;mq;mq;mq;mq;mq;mq;mq;mq;mq;mq;mq;mq;mq;1040;mq;mq;mq;mq;mq;mq;mq;mq;18.000000;-60;mq;mq;mq;mq;mq;mq;0.000000;mq;mq;1118.000000;mq;mq;mq;mq;mq;mq;mq;mq;mq;mq;mq;mq;mq;mq;mq;
61998;20110912120000;100020;mq;mq;250;14.400000;276.050000;274.050000;87;6000;61;6;2;100;7;250;37;61;60;mq;mq;mq;mq;mq;mq;mq;mq;mq;mq;mq;mq;19.000000;-10;mq;mq;mq;mq;0.200000;mq;0.400000;mq;mq;710.000000;1119.000000;mq;mq;7;7;240;mq;mq;mq;mq;mq;mq;mq;mq;mq;
67005;20110912120000;101570;mq;mq;120;4.600000;299.650000;292.250000;64;25000;2;1;1;60;3;800;38;23;10;mq;mq;mq;mq;mq;mq;mq;mq;mq;mq;mq;mq;7.700000;-10;mq;mq;mq;mq;0.000000;mq;0.000000;mq;mq;710.000000;1108.000000;mq;mq;2;8;660;5;3;3000;mq;mq;mq;mq;mq;mq;
71805;20110912120000;101330;-100;8;230;8.700000;289.450000;285.450000;77;8000;0;mq;mq;mq;mq;1250;mq;mq;mq;101250;mq;mq;mq;mq;mq;mq;mq;mq;mq;mq;mq;12.300000;-10;mq;mq;mq;mq;0.000000;0.000000;0.000000;mq;mq;710.000000;1112.000000;mq;mq;mq;mq;mq;mq;mq;mq;mq;mq;mq;mq;mq;mq;
78897;20110912120000;101650;170;3;120;3.100000;301.550000;297.950000;81;30000;2;8;6;90;3;800;38;27;12;mq;mq;mq;300;299.750000;mq;mq;303.850000;mq;mq;mq;mq;mq;mq;mq;mq;mq;mq;mq;mq;0.000000;mq;1.200000;mq;mq;mq;mq;3;8;600;3;3;4800;7;0;8400;mq;mq;mq;
78922;20110912120000;101620;140;3;160;5.700000;301.750000;297.350000;77;mq;mq;mq;mq;mq;mq;mq;mq;mq;mq;101180;mq;mq;mq;mq;mq;mq;mq;mq;mq;mq;mq;mq;mq;mq;mq;mq;mq;mq;mq;mq;mq;mq;mq;mq;mq;mq;mq;mq;mq;mq;mq;mq;mq;mq;mq;mq;mq;mq;
78925;20110912120000;101640;150;3;20;1.000000;301.350000;298.350000;84;25000;2;1;1;90;2;800;32;23;12;mq;mq;mq;220;298.250000;mq;mq;306.650000;mq;mq;mq;mq;mq;mq;mq;mq;mq;mq;mq;mq;0.000000;mq;0.000000;mq;mq;mq;mq;2;8;690;3;3;3900;6;0;7800;mq;mq;mq;
81401;20110912120000;101620;mq;mq;130;2.600000;301.150000;296.550000;76;mq;mq;mq;mq;mq;mq;mq;mq;mq;mq;101560;mq;mq;mq;295.050000;mq;mq;mq;mq;mq;mq;mq;mq;mq;mq;mq;mq;mq;mq;0.000000;mq;mq;0.000000;mq;mq;mq;mq;mq;mq;mq;mq;mq;mq;mq;mq;mq;mq;mq;mq;
81405;20110912120000;101610;mq;mq;160;1.000000;300.650000;297.750000;84;10000;3;4;1;60;4;250;32;23;10;101520;mq;mq;mq;295.150000;mq;mq;mq;mq;mq;mq;mq;mq;mq;mq;mq;mq;mq;mq;0.200000;mq;mq;0.200000;mq;mq;mq;mq;mq;mq;mq;mq;mq;mq;mq;mq;mq;mq;mq;mq;
81408;20110912120000;101570;mq;mq;30;1.000000;300.750000;296.750000;79;mq;mq;mq;mq;mq;mq;mq;mq;mq;mq;101490;mq;mq;mq;293.950000;mq;mq;mq;mq;mq;mq;mq;mq;mq;mq;mq;mq;mq;mq;0.000000;mq;mq;0.000000;mq;mq;mq;mq;mq;mq;mq;mq;mq;mq;mq;mq;mq;mq;mq;mq;
89642;20110912120000;99880;0;5;140;15.400000;257.150000;250.350000;52;30000;1;3;2;60;5;1750;35;20;10;99310;mq;mq;mq;256.150000;mq;259.150000;mq;mq;mq;mq;22.100000;27.300000;-60;mq;mq;mq;mq;mq;mq;mq;mq;mq;1022.000000;1127.000000;mq;mq;5;6;1500;mq;mq;mq;mq;mq;mq;mq;mq;mq;
07005;20110912150000;101080;100;3;250;10.800000;292.750000;288.150000;75;30000;2;1;1;90;7;800;32;61;60;100220;mq;mq;mq;mq;mq;mq;mq;mq;mq;mq;mq;15.900000;-10;mq;mq;0.000000;-30;0.000000;0.000000;mq;mq;mq;710.000000;1116.000000;3100.000000;mq;7;8;750;mq;mq;mq;mq;mq;mq;mq;mq;mq;
07015;20110912150000;100880;30;1;250;8.700000;295.550000;288.150000;63;30000;1;6;1;40;3;800;38;20;10;100340;mq;mq;mq;mq;mq;mq;mq;mq;mq;mq;14.900000;15.400000;-10;mq;mq;0.000000;-30;0.000000;0.000000;mq;mq;mq;1015.000000;710.000000;1115.000000;3100.000000;1;8;900;3;6;1200;mq;mq;mq;mq;mq;mq;
07020;20110912150000;101220;190;1;250;11.300000;290.850000;286.750000;77;10000;21;6;2;100;8;800;35;61;60;100960;mq;mq;mq;mq;mq;mq;mq;mq;mq;mq;mq;17.500000;-10;mq;mq;mq;mq;0.000000;0.000000;mq;mq;mq;710.000000;1117.000000;mq;mq;8;6;780;mq;mq;mq;mq;mq;mq;mq;mq;mq;
07027;20110912150000;101210;110;1;260;8.200000;293.650000;288.450000;72;40000;2;1;1;40;3;800;38;20;10;100430;mq;mq;mq;mq;mq;mq;mq;mq;mq;mq;mq;15.900000;-10;mq;mq;0.000000;-30;0.000000;0.000000;mq;mq;mq;710.000000;1116.000000;3100.000000;mq;2;8;750;mq;mq;mq;mq;mq;mq;mq;mq;mq;
07037;20110912150000;101150;50;1;240;7.700000;294.950000;288.050000;65;30000;2;1;1;75;6;1250;38;20;10;99400;mq;mq;mq;mq;mq;mq;mq;mq;mq;mq;mq;14.400000;-10;mq;mq;0.000000;-30;0.000000;0.000000;mq;mq;mq;710.000000;1114.000000;3100.000000;mq;3;8;1200;6;6;1500;mq;mq;mq;mq;mq;mq;
07110;20110912150000;101400;110;1;260;5.700000;290.950000;285.450000;70;15000;2;1;1;100;8;800;35;20;10;100280;mq;mq;mq;mq;mq;mq;mq;mq;mq;mq;mq;10.300000;-10;mq;mq;mq;mq;0.000000;0.000000;mq;mq;mq;710.000000;1110.000000;mq;mq;7;6;750;mq;mq;mq;mq;mq;mq;mq;mq;mq;
07117;20110912150000;101330;170;1;270;7.200000;290.750000;285.450000;71;8000;2;1;1;100;8;450;37;20;10;100650;mq;mq;mq;mq;mq;mq;mq;mq;mq;mq;mq;15.400000;-10;mq;mq;mq;mq;0.000000;0.000000;mq;mq;mq;710.000000;1115.000000;2446.000000;mq;mq;mq;mq;mq;mq;mq;mq;mq;mq;mq;mq;mq;
07130;20110912150000;101430;50;1;230;7.700000;293.150000;289.750000;81;24000;0;mq;mq;100;mq;450;mq;mq;mq;100930;mq;mq;mq;mq;mq;mq;mq;mq;mq;mq;mq;13.900000;-10;mq;mq;mq;mq;0.000000;0.000000;mq;mq;mq;710.000000;1114.000000;mq;mq;mq;mq;mq;mq;mq;mq;mq;mq;mq;mq;mq;mq;
07139;20110912150000;101300;-20;8;240;6.700000;294.650000;288.450000;68;18000;3;6;2;90;7;800;38;61;60;99640;mq;mq;mq;mq;mq;mq;mq;mq;mq;mq;mq;14.400000;-10;mq;mq;0.000000;-30;0.000000;0.000000;mq;mq;mq;710.000000;1114.000000;3100.000000;mq;5;8;600;7;6;1290;mq;mq;mq;mq;mq;mq;
07149;20110912150000;101330;-50;8;220;6.200000;296.750000;290.050000;66;25000;1;6;2;90;7;1250;38;61;60;100290;mq;mq;mq;mq;mq;mq;mq;mq;mq;mq;mq;14.400000;-10;mq;mq;0.000000;-30;0.000000;0.000000;mq;mq;mq;710.000000;1114.000000;3100.000000;mq;2;8;990;6;6;1800;mq;mq;mq;mq;mq;mq;
07168;20110912150000;101550;-10;8;230;8.700000;295.050000;289.150000;69;25000;2;1;1;90;7;800;35;61;60;100180;mq;mq;mq;mq;mq;mq;mq;mq;mq;mq;mq;13.900000;-10;mq;mq;0.000000;-30;0.000000;0.000000;mq;mq;mq;710.000000;1114.000000;3100.000000;mq;7;6;780;mq;mq;mq;mq;mq;mq;mq;mq;mq;
07181;20110912150000;101530;-70;6;230;8.700000;293.850000;287.050000;65;55000;0;mq;mq;mq;mq;1250;mq;mq;mq;97600;mq;mq;mq;mq;mq;mq;mq;mq;mq;mq;mq;13.900000;-10;mq;mq;mq;mq;0.000000;0.000000;mq;mq;mq;710.000000;1114.000000;mq;mq;mq;mq;mq;mq;mq;mq;mq;mq;mq;mq;mq;mq;
07190;20110912150000;101500;-150;6;200;4.600000;298.350000;286.250000;47;15000;0;mq;mq;mq;mq;mq;mq;mq;mq;99770;mq;mq;mq;mq;mq;mq;mq;mq;mq;mq;mq;8.200000;-10;mq;mq;mq;mq;0.000000;0.000000;mq;mq;mq;710.000000;1108.000000;mq;mq;mq;mq;mq;mq;mq;mq;mq;mq;mq;mq;mq;mq;
07207;20110912150000;mq;mq;mq;260;6.700000;292.150000;290.650000;91;4000;2;5;2;100;8;450;36;61;60;mq;mq;mq;mq;mq;mq;mq;mq;mq;mq;mq;mq;11.800000;-10;mq;mq;mq;mq;0.000000;0.000000;mq;mq;mq;710.000000;1112.000000;2446.000000;mq;mq;mq;mq;mq;mq;mq;mq;mq;mq;mq;mq;mq;
07222;20110912150000;101610;0;0;250;6.700000;294.150000;291.550000;85;15000;2;1;1;90;7;450;35;61;60;101310;mq;mq;mq;mq;mq;mq;mq;mq;mq;mq;mq;13.400000;-10;mq;mq;mq;mq;0.000000;0.000000;mq;mq;mq;710.000000;1113.000000;mq;mq;6;6;480;5;6;1500;mq;mq;mq;mq;mq;mq;
07240;20110912150000;101580;-30;8;220;4.600000;293.650000;292.450000;93;40000;51;mq;mq;100;mq;250;mq;mq;mq;100280;mq;mq;mq;mq;mq;mq;mq;mq;mq;mq;mq;12.300000;-10;mq;mq;mq;mq;0.000000;0.400000;mq;mq;mq;710.000000;1112.000000;mq;mq;mq;mq;mq;mq;mq;mq;mq;mq;mq;mq;mq;mq;
07255;20110912150000;101720;-90;6;230;5.100000;294.350000;290.550000;79;8000;15;2;2;100;7;450;38;61;60;99800;mq;mq;mq;mq;mq;mq;mq;mq;mq;mq;mq;10.800000;-10;mq;mq;0.000000;-30;0.000000;0.000000;mq;mq;mq;710.000000;1111.000000;3100.000000;mq;1;8;360;7;6;600;mq;mq;mq;mq;mq;mq;
07280;20110912150000;101660;-130;6;240;5.100000;298.150000;287.350000;51;60000;0;mq;mq;mq;mq;1250;mq;mq;mq;99070;mq;mq;mq;mq;mq;mq;mq;mq;mq;mq;mq;10.300000;-10;mq;mq;mq;mq;0.000000;0.000000;mq;mq;mq;710.000000;1110.000000;mq;mq;mq;mq;mq;mq;mq;mq;mq;mq;mq;mq;mq;mq;
07299;20110912150000;101570;-120;8;280;3.600000;297.750000;285.350000;46;50000;2;1;1;10;1;3500;30;23;10;98470;mq;mq;mq;mq;mq;mq;mq;mq;mq;mq;mq;7.700000;-10;mq;mq;0.000000;-30;0.000000;0.000000;mq;mq;mq;710.000000;1108.000000;3100.000000;mq;1;3;3000;mq;mq;mq;mq;mq;mq;mq;mq;mq;
07314;20110912150000;101890;-30;6;260;8.200000;292.650000;291.950000;96;mq;mq;mq;mq;mq;mq;mq;mq;mq;mq;101620;mq;mq;mq;mq;mq;mq;mq;mq;mq;mq;mq;12.300000;-10;mq;mq;mq;mq;0.000000;0.000000;mq;mq;mq;710.000000;1112.000000;mq;mq;mq;mq;mq;mq;mq;mq;mq;mq;mq;mq;mq;mq;
07335;20110912150000;101800;-50;8;210;5.700000;292.550000;291.850000;96;3500;50;5;2;100;8;150;37;61;60;100400;mq;mq;mq;mq;mq;mq;mq;mq;mq;mq;mq;10.300000;-10;mq;mq;mq;mq;0.200000;0.200000;mq;mq;mq;710.000000;1110.000000;mq;mq;7;7;150;mq;mq;mq;mq;mq;mq;mq;mq;mq;
07434;20110912150000;101880;-100;8;230;4.100000;292.950000;289.350000;80;40000;1;6;5;90;7;450;38;61;60;97260;mq;mq;mq;mq;mq;mq;mq;mq;mq;mq;mq;8.700000;-10;mq;mq;0.000000;-30;0.000000;0.200000;mq;mq;mq;710.000000;1109.000000;3100.000000;mq;5;8;510;5;6;1170;mq;mq;mq;mq;mq;mq;
07460;20110912150000;101810;-40;7;250;6.700000;296.050000;287.850000;60;50000;2;1;1;40;3;1750;38;20;10;98090;mq;mq;mq;mq;mq;mq;mq;mq;mq;mq;mq;11.300000;-10;mq;mq;0.000000;-30;0.000000;0.000000;mq;mq;mq;710.000000;1111.000000;3100.000000;mq;3;6;1500;mq;mq;mq;mq;mq;mq;mq;mq;mq;
07471;20110912150000;mq;-90;8;290;4.100000;296.850000;284.850000;47;45000;2;1;1;25;2;1250;31;20;10;92420;85000;17900;mq;mq;mq;mq;mq;mq;mq;mq;mq;8.200000;-10;mq;mq;0.000000;-30;0.000000;0.000000;mq;mq;mq;710.000000;1108.000000;3100.000000;mq;2;8;1350;mq;mq;mq;mq;mq;mq;mq;mq;mq;
07481;20110912150000;101730;-120;8;350;2.100000;298.050000;281.150000;34;50000;2;1;1;0;mq;mq;mq;mq;mq;98990;mq;mq;mq;mq;mq;mq;mq;mq;mq;mq;mq;4.600000;-10;mq;mq;0.000000;-30;0.000000;0.000000;mq;mq;mq;710.000000;1105.000000;3100.000000;mq;mq;mq;mq;mq;mq;mq;mq;mq;mq;mq;mq;mq;
07510;20110912150000;101940;-90;7;270;5.700000;299.350000;288.150000;50;25000;2;1;1;40;3;1250;31;20;10;101320;mq;mq;mq;mq;mq;mq;mq;mq;mq;mq;mq;10.300000;-10;mq;mq;0.000000;-30;0.000000;0.000000;mq;mq;mq;710.000000;1110.000000;3100.000000;mq;3;8;1230;mq;mq;mq;mq;mq;mq;mq;mq;mq;
07535;20110912150000;101940;-120;8;70;0.500000;296.850000;287.850000;57;30000;2;1;1;100;8;1750;38;61;60;98950;mq;mq;mq;mq;mq;mq;mq;mq;mq;mq;mq;4.100000;-10;mq;mq;0.000000;-30;0.000000;0.000000;mq;mq;mq;710.000000;1104.000000;3100.000000;mq;1;8;1500;7;6;1800;mq;mq;mq;mq;mq;mq;
07558;20110912150000;101650;-130;8;320;5.700000;297.050000;286.250000;51;60000;2;1;1;0;mq;mq;mq;mq;mq;93730;mq;mq;mq;mq;mq;mq;mq;mq;mq;mq;mq;10.300000;-10;mq;mq;0.000000;-30;0.000000;0.000000;mq;mq;mq;710.000000;1110.000000;3100.000000;mq;mq;mq;mq;mq;mq;mq;mq;mq;mq;mq;mq;mq;
07577;20110912150000;101600;-130;7;30;5.700000;301.350000;281.150000;28;60000;2;1;1;0;mq;mq;mq;mq;mq;100760;mq;mq;mq;mq;mq;mq;mq;mq;mq;mq;mq;11.800000;-10;mq;mq;0.000000;-30;0.000000;0.000000;mq;mq;mq;710.000000;1112.000000;3100.000000;mq;mq;mq;mq;mq;mq;mq;mq;mq;mq;mq;mq;mq;
07591;20110912150000;mq;-60;8;220;5.100000;299.550000;279.050000;27;mq;0;mq;mq;mq;mq;mq;mq;mq;mq;91620;mq;mq;mq;mq;mq;mq;mq;mq;mq;mq;mq;10.300000;-10;mq;mq;mq;mq;0.000000;0.000000;mq;mq;mq;710.000000;1110.000000;mq;mq;mq;mq;mq;mq;mq;mq;mq;mq;mq;mq;mq;mq;
07607;20110912150000;101880;-140;8;330;2.100000;301.150000;288.450000;46;60000;0;mq;mq;mq;mq;mq;mq;mq;mq;101210;mq;mq;mq;mq;mq;mq;mq;mq;mq;mq;mq;4.100000;-10;mq;mq;mq;mq;0.000000;0.000000;mq;mq;mq;710.000000;1104.000000;mq;mq;mq;mq;mq;mq;mq;mq;mq;mq;mq;mq;mq;mq;
07621;20110912150000;101820;-130;7;30;2.100000;299.650000;287.750000;48;50000;2;1;1;10;1;1750;31;20;11;97730;mq;mq;mq;mq;mq;mq;mq;mq;mq;mq;mq;4.600000;-10;mq;mq;0.000000;-30;0.000000;0.000000;mq;mq;mq;710.000000;1105.000000;3100.000000;mq;1;8;1500;mq;mq;mq;mq;mq;mq;mq;mq;mq;
07627;20110912150000;101780;-130;8;320;2.600000;300.050000;287.450000;46;40000;2;1;1;10;1;1750;31;20;10;97180;mq;mq;mq;mq;mq;mq;mq;mq;mq;mq;mq;5.100000;-10;mq;mq;0.000000;-30;0.000000;0.000000;mq;mq;mq;710.000000;1105.000000;3100.000000;mq;1;8;1800;mq;mq;mq;mq;mq;mq;mq;mq;mq;
07630;20110912150000;101830;-170;8;20;3.600000;301.150000;286.650000;41;50000;2;1;1;10;1;1750;31;20;10;100130;mq;mq;mq;mq;mq;mq;mq;mq;mq;mq;mq;9.300000;-10;mq;mq;0.000000;-30;0.000000;0.000000;mq;mq;mq;710.000000;1109.000000;3100.000000;mq;1;8;1500;mq;mq;mq;mq;mq;mq;mq;mq;mq;
07643;20110912150000;101540;-200;8;170;3.600000;300.850000;288.150000;46;70000;2;1;1;0;mq;mq;mq;mq;mq;101450;mq;mq;mq;mq;mq;mq;mq;mq;mq;mq;mq;6.700000;-10;mq;mq;mq;mq;0.000000;0.000000;mq;mq;mq;710.000000;1107.000000;mq;mq;mq;mq;mq;mq;mq;mq;mq;mq;mq;mq;mq;mq;
07650;20110912150000;101430;-90;8;340;7.200000;303.750000;280.250000;23;75000;2;1;1;0;mq;mq;mq;mq;mq;101070;mq;mq;mq;mq;mq;mq;mq;mq;mq;mq;mq;14.400000;-10;mq;mq;0.000000;-30;0.000000;0.000000;mq;mq;mq;710.000000;1114.000000;3100.000000;mq;mq;mq;mq;mq;mq;mq;mq;mq;mq;mq;mq;mq;
07661;20110912150000;101410;20;0;180;3.100000;301.150000;285.550000;38;35000;2;1;1;10;1;2250;31;20;10;99890;mq;mq;mq;mq;mq;mq;mq;mq;mq;mq;mq;6.700000;-10;mq;mq;mq;mq;0.000000;0.000000;mq;mq;mq;710.000000;1107.000000;mq;mq;1;8;1800;mq;mq;mq;mq;mq;mq;mq;mq;mq;
07690;20110912150000;101470;-40;8;90;6.200000;298.650000;293.050000;71;25000;2;1;1;10;1;1250;31;20;10;101150;mq;mq;mq;mq;mq;mq;mq;mq;mq;mq;mq;8.200000;-10;mq;mq;0.000000;-30;0.000000;0.000000;mq;mq;mq;710.000000;1108.000000;3100.000000;mq;1;8;1200;mq;mq;mq;mq;mq;mq;mq;mq;mq;
07747;20110912150000;101630;-170;8;330;6.200000;304.950000;285.250000;30;30000;2;1;1;10;1;1750;32;20;10;101130;mq;mq;mq;mq;mq;mq;mq;mq;mq;mq;mq;9.800000;-10;mq;mq;mq;mq;0.000000;0.000000;mq;mq;mq;710.000000;1110.000000;mq;mq;1;8;1500;mq;mq;mq;mq;mq;mq;mq;mq;mq;
07761;20110912150000;101460;-90;8;220;4.100000;298.950000;292.350000;67;25000;2;1;1;10;1;800;32;20;11;101360;mq;mq;mq;mq;mq;mq;mq;mq;mq;mq;mq;7.200000;-10;mq;mq;0.000000;-30;0.000000;0.000000;mq;mq;mq;710.000000;1107.000000;3100.000000;mq;1;8;780;mq;mq;mq;mq;mq;mq;mq;mq;mq;
07790;20110912150000;101430;-70;6;100;1.000000;298.650000;293.650000;74;40000;2;1;1;90;3;450;32;23;60;101290;mq;mq;mq;mq;mq;mq;mq;mq;mq;mq;mq;3.600000;-10;mq;mq;0.000000;-30;0.000000;0.000000;mq;mq;mq;710.000000;1104.000000;3100.000000;mq;3;8;540;6;3;3300;mq;mq;mq;mq;mq;mq;
61968;20110912150000;101620;mq;mq;110;1.500000;298.150000;292.550000;71;mq;mq;mq;mq;mq;mq;mq;mq;mq;mq;mq;mq;mq;mq;mq;mq;mq;mq;mq;mq;mq;mq;4.100000;-10;mq;mq;mq;mq;0.000000;0.000000;mq;mq;mq;710.000000;1104.000000;mq;mq;mq;mq;mq;mq;mq;mq;mq;mq;mq;mq;mq;mq;
61970;20110912150000;101730;mq;mq;mq;mq;298.750000;289.850000;58;mq;mq;mq;mq;mq;mq;mq;mq;mq;mq;mq;mq;mq;mq;mq;mq;mq;mq;mq;mq;mq;mq;mq;mq;mq;mq;mq;mq;0.000000;0.000000;mq;mq;mq;mq;mq;mq;mq;mq;mq;mq;mq;mq;mq;mq;mq;mq;mq;mq;mq;
61972;20110912150000;101780;mq;mq;90;3.600000;297.450000;292.250000;73;mq;mq;mq;mq;mq;mq;mq;mq;mq;mq;mq;mq;mq;mq;mq;mq;mq;mq;mq;mq;mq;mq;6.200000;-10;mq;mq;mq;mq;0.000000;0.000000;mq;mq;mq;710.000000;1106.000000;mq;mq;mq;mq;mq;mq;mq;mq;mq;mq;mq;mq;mq;mq;
61976;20110912150000;101890;mq;mq;130;11.300000;296.950000;292.650000;77;mq;mq;mq;mq;mq;mq;mq;mq;mq;mq;101740;mq;mq;mq;mq;mq;mq;mq;mq;mq;mq;mq;mq;mq;mq;mq;mq;mq;mq;mq;mq;mq;mq;mq;mq;mq;mq;mq;mq;mq;mq;mq;mq;mq;mq;mq;mq;mq;mq;
61980;20110912150000;102360;mq;mq;120;9.300000;294.150000;288.250000;69;15000;2;1;1;40;3;800;38;20;10;mq;mq;mq;mq;mq;mq;mq;mq;mq;mq;mq;mq;15.900000;-10;mq;mq;mq;mq;0.000000;0.000000;mq;mq;mq;710.000000;1116.000000;2447.000000;mq;2;8;780;3;6;1500;mq;mq;mq;mq;mq;mq;
61996;20110912150000;mq;mq;mq;mq;mq;285.350000;mq;mq;mq;mq;mq;mq;mq;mq;mq;mq;mq;mq;mq;mq;mq;mq;mq;mq;mq;mq;mq;mq;mq;mq;mq;mq;mq;mq;mq;mq;0.000000;0.000000;mq;mq;mq;mq;mq;mq;mq;mq;mq;mq;mq;mq;mq;mq;mq;mq;mq;mq;mq;
61997;20110912150000;101290;mq;mq;330;11.800000;279.250000;277.750000;90;mq;mq;mq;mq;mq;mq;mq;mq;mq;mq;mq;mq;mq;210;mq;mq;mq;mq;mq;mq;mq;mq;mq;mq;mq;mq;mq;mq;mq;0.000000;mq;mq;mq;mq;mq;mq;mq;mq;mq;mq;mq;mq;mq;mq;mq;mq;mq;mq;mq;
61998;20110912150000;100460;mq;mq;240;21.100000;275.550000;273.250000;85;mq;mq;mq;mq;mq;mq;mq;mq;mq;mq;mq;mq;mq;mq;mq;mq;mq;mq;mq;mq;mq;mq;26.800000;-10;mq;mq;mq;mq;0.000000;0.200000;mq;mq;mq;710.000000;1127.000000;mq;mq;mq;mq;mq;mq;mq;mq;mq;mq;mq;mq;mq;mq;
67005;20110912150000;101650;mq;mq;110;4.100000;298.750000;292.650000;69;25000;2;1;1;60;2;800;38;23;10;mq;mq;mq;mq;mq;mq;mq;mq;mq;mq;mq;mq;6.200000;-10;mq;mq;mq;mq;0.000000;0.000000;mq;mq;mq;710.000000;1106.000000;mq;mq;1;8;630;5;3;3000;mq;mq;mq;mq;mq;mq;
71805;20110912150000;101200;-130;8;220;8.700000;291.350000;286.850000;75;30000;2;1;1;50;0;8000;30;20;11;101120;mq;mq;mq;mq;mq;mq;mq;mq;mq;mq;mq;12.900000;-10;mq;mq;0.000000;-30;0.000000;0.000000;mq;mq;mq;710.000000;1113.000000;3100.000000;mq;4;0;6300;mq;mq;mq;mq;mq;mq;mq;mq;mq;
78897;20110912150000;101730;80;1;120;5.100000;303.250000;297.850000;73;30000;2;1;1;90;4;800;38;27;12;mq;mq;mq;270;mq;mq;mq;mq;mq;mq;mq;mq;mq;mq;mq;mq;mq;mq;mq;mq;mq;mq;mq;mq;mq;mq;mq;4;8;600;7;0;8400;mq;mq;mq;mq;mq;mq;
78922;20110912150000;101740;120;1;150;4.600000;303.850000;297.250000;68;mq;mq;mq;mq;mq;mq;mq;mq;mq;mq;101300;mq;mq;mq;mq;mq;mq;mq;mq;mq;mq;mq;mq;mq;mq;mq;mq;mq;mq;mq;mq;mq;mq;mq;mq;mq;mq;mq;mq;mq;mq;mq;mq;mq;mq;mq;mq;mq;mq;
78925;20110912150000;101650;10;0;100;3.100000;305.150000;297.750000;65;25000;2;1;1;90;4;800;32;23;12;mq;mq;mq;100;mq;mq;mq;mq;mq;mq;mq;mq;mq;mq;mq;mq;mq;mq;mq;mq;mq;mq;mq;mq;mq;mq;mq;3;8;780;3;3;3900;6;0;7800;mq;mq;mq;
81401;20110912150000;101610;mq;mq;120;3.100000;304.450000;294.650000;56;mq;mq;mq;mq;mq;mq;mq;mq;mq;mq;101550;mq;mq;mq;mq;mq;mq;mq;mq;mq;mq;mq;mq;mq;mq;mq;mq;mq;mq;0.000000;mq;mq;mq;mq;mq;mq;mq;mq;mq;mq;mq;mq;mq;mq;mq;mq;mq;mq;mq;
81405;20110912150000;101640;mq;mq;70;5.100000;303.350000;297.050000;69;55000;0;mq;mq;mq;mq;800;mq;mq;mq;101550;mq;mq;mq;mq;mq;mq;mq;mq;mq;mq;mq;mq;mq;mq;mq;mq;mq;mq;0.000000;mq;mq;mq;mq;mq;mq;mq;mq;mq;mq;mq;mq;mq;mq;mq;mq;mq;mq;mq;
81408;20110912150000;101570;mq;mq;110;1.500000;304.750000;296.050000;60;mq;mq;mq;mq;mq;mq;mq;mq;mq;mq;101490;mq;mq;mq;mq;mq;mq;mq;mq;mq;mq;mq;mq;mq;mq;mq;mq;mq;mq;0.000000;mq;mq;mq;mq;mq;mq;mq;mq;mq;mq;mq;mq;mq;mq;mq;mq;mq;mq;mq;
89642;20110912150000;99770;-110;6;130;16.500000;256.850000;250.450000;54;mq;mq;mq;mq;mq;mq;mq;mq;mq;mq;99200;mq;mq;mq;mq;mq;mq;mq;mq;mq;mq;23.700000;23.700000;-30;mq;mq;mq;mq;mq;mq;mq;mq;mq;1024.000000;1124.000000;mq;mq;mq;mq;mq;mq;mq;mq;mq;mq;mq;mq;mq;mq;
07005;20110912180000;101210;120;3;240;5.100000;289.850000;286.750000;82;mq;mq;mq;mq;mq;mq;mq;mq;mq;mq;100340;mq;mq;mq;289.650000;mq;294.850000;mq;mq;mq;mq;mq;12.300000;-10;mq;mq;mq;mq;0.000000;0.000000;mq;0.800000;mq;710.000000;1112.000000;mq;mq;mq;mq;mq;mq;mq;mq;mq;mq;mq;mq;mq;mq;
07015;20110912180000;101090;200;1;mq;mq;291.450000;286.350000;72;15000;2;6;1;25;2;800;31;20;10;100540;mq;mq;mq;288.450000;mq;295.950000;mq;mq;mq;mq;mq;mq;mq;mq;mq;0.000000;-60;0.000000;0.000000;mq;0.000000;mq;3100.000000;mq;mq;mq;2;8;810;mq;mq;mq;mq;mq;mq;mq;mq;mq;
07020;20110912180000;101300;80;3;260;11.800000;289.750000;287.050000;84;mq;mq;mq;mq;mq;mq;mq;mq;mq;mq;101040;mq;mq;mq;289.750000;mq;291.750000;mq;mq;mq;mq;mq;16.500000;-10;mq;mq;mq;mq;0.000000;0.000000;mq;1.000000;mq;710.000000;1116.000000;mq;mq;mq;mq;mq;mq;mq;mq;mq;mq;mq;mq;mq;mq;
07027;20110912180000;101380;160;1;250;6.200000;290.150000;286.250000;78;45000;0;mq;mq;100;mq;800;mq;mq;mq;100590;mq;mq;mq;290.150000;mq;294.950000;mq;mq;mq;mq;mq;11.800000;-10;mq;mq;mq;mq;0.000000;0.000000;mq;0.000000;mq;710.000000;1112.000000;mq;mq;mq;mq;mq;mq;mq;mq;mq;mq;mq;mq;mq;mq;
07037;20110912180000;101300;120;3;280;4.100000;290.650000;287.950000;84;15000;mq;mq;mq;mq;mq;1250;mq;mq;mq;99520;mq;mq;mq;288.850000;mq;295.650000;mq;mq;mq;mq;mq;7.700000;-10;mq;mq;mq;mq;0.000000;0.000000;mq;0.000000;mq;710.000000;1108.000000;mq;mq;mq;mq;mq;mq;mq;mq;mq;mq;mq;mq;mq;mq;
07110;20110912180000;101510;110;3;250;4.600000;289.250000;285.050000;76;15000;2;1;1;90;7;800;38;61;60;100390;mq;mq;mq;289.250000;mq;293.950000;mq;mq;mq;mq;mq;8.700000;-10;mq;mq;mq;mq;0.000000;0.000000;mq;0.000000;mq;710.000000;1109.000000;mq;mq;2;8;600;7;6;990;mq;mq;mq;mq;mq;mq;
07117;20110912180000;101430;90;3;260;6.200000;289.550000;284.450000;72;8000;2;1;1;100;8;450;37;20;10;100740;mq;mq;mq;289.550000;mq;292.650000;mq;mq;mq;mq;mq;11.300000;-10;mq;mq;mq;mq;0.000000;0.000000;mq;0.400000;mq;710.000000;1111.000000;2436.000000;mq;mq;mq;mq;mq;mq;mq;mq;mq;mq;mq;mq;mq;
07130;20110912180000;101480;50;0;230;4.100000;292.850000;289.350000;80;21000;0;mq;mq;100;mq;800;mq;mq;mq;100980;mq;mq;mq;291.250000;mq;295.250000;mq;mq;mq;mq;mq;8.700000;-10;mq;mq;mq;mq;0.000000;0.000000;mq;0.600000;mq;710.000000;1109.000000;mq;mq;mq;mq;mq;mq;mq;mq;mq;mq;mq;mq;mq;mq;
07139;20110912180000;101400;90;1;240;5.700000;292.950000;288.150000;74;mq;mq;mq;mq;mq;mq;mq;mq;mq;mq;99730;mq;mq;mq;288.950000;mq;295.750000;mq;mq;mq;mq;mq;13.400000;-10;mq;mq;mq;mq;0.000000;0.000000;mq;1.000000;mq;710.000000;1113.000000;mq;mq;mq;mq;mq;mq;mq;mq;mq;mq;mq;mq;mq;mq;
07149;20110912180000;101380;50;3;240;3.600000;294.450000;288.050000;67;20000;0;mq;mq;mq;mq;mq;mq;mq;mq;100340;mq;mq;mq;288.850000;mq;296.850000;mq;mq;mq;mq;mq;10.300000;-10;mq;mq;mq;mq;0.000000;0.000000;mq;0.000000;mq;710.000000;1110.000000;mq;mq;mq;mq;mq;mq;mq;mq;mq;mq;mq;mq;mq;mq;
07168;20110912180000;101550;0;5;200;4.600000;293.150000;290.350000;84;20000;0;mq;mq;mq;mq;mq;mq;mq;mq;100180;mq;mq;mq;287.450000;mq;296.450000;mq;mq;mq;mq;mq;8.700000;-10;mq;mq;mq;mq;0.000000;0.400000;mq;0.400000;mq;710.000000;1109.000000;mq;mq;mq;mq;mq;mq;mq;mq;mq;mq;mq;mq;mq;mq;
07181;20110912180000;101570;10;3;230;4.600000;291.150000;288.950000;87;60000;0;mq;mq;100;mq;800;mq;mq;mq;97610;mq;mq;mq;286.950000;mq;295.750000;mq;mq;mq;mq;mq;9.800000;-10;mq;mq;mq;mq;0.000000;0.000000;mq;0.000000;mq;710.000000;1110.000000;mq;mq;mq;mq;mq;mq;mq;mq;mq;mq;mq;mq;mq;mq;
07190;20110912180000;101560;40;3;250;5.100000;295.250000;284.650000;51;60000;0;mq;mq;mq;mq;2250;mq;mq;mq;99810;mq;mq;mq;286.750000;mq;298.350000;mq;mq;mq;mq;mq;9.800000;-10;mq;mq;mq;mq;0.000000;0.000000;mq;0.000000;mq;710.000000;1110.000000;mq;mq;mq;mq;mq;mq;mq;mq;mq;mq;mq;mq;mq;mq;
07207;20110912180000;mq;mq;mq;280;4.600000;291.150000;289.350000;89;7000;1;5;2;90;7;450;36;61;60;mq;mq;mq;mq;291.050000;mq;292.750000;mq;mq;mq;mq;mq;9.300000;-10;mq;mq;mq;mq;0.000000;0.000000;mq;0.000000;mq;710.000000;1109.000000;2446.000000;mq;mq;mq;mq;mq;mq;mq;mq;mq;mq;mq;mq;mq;
07222;20110912180000;101620;0;0;240;3.600000;292.350000;291.650000;96;5000;50;5;2;100;7;150;37;61;60;101310;mq;mq;mq;291.250000;mq;294.750000;mq;mq;mq;mq;mq;8.200000;-10;mq;mq;mq;mq;0.200000;0.200000;mq;2.000000;mq;710.000000;1108.000000;mq;mq;7;7;180;mq;mq;mq;mq;mq;mq;mq;mq;mq;
07240;20110912180000;101600;20;3;220;4.600000;293.350000;291.850000;91;30000;2;1;1;90;7;250;35;61;60;100300;mq;mq;mq;288.650000;mq;295.050000;mq;mq;mq;mq;mq;9.800000;-10;mq;mq;0.000000;-60;0.000000;0.600000;mq;1.000000;mq;710.000000;1110.000000;3100.000000;mq;3;7;240;4;6;420;7;6;1500;mq;mq;mq;
07255;20110912180000;101750;20;3;240;4.600000;293.250000;291.050000;87;4900;58;mq;mq;100;mq;150;mq;mq;mq;99820;mq;mq;mq;285.450000;mq;296.050000;mq;mq;mq;mq;mq;9.800000;-10;mq;mq;mq;mq;0.200000;0.200000;mq;0.200000;mq;710.000000;1110.000000;mq;mq;mq;mq;mq;mq;mq;mq;mq;mq;mq;mq;mq;mq;
07280;20110912180000;101710;30;1;220;3.600000;295.250000;287.850000;63;60000;0;mq;mq;100;mq;1250;mq;mq;mq;99100;mq;mq;mq;284.350000;mq;298.150000;mq;mq;mq;mq;mq;7.700000;-10;mq;mq;mq;mq;0.000000;0.000000;mq;0.000000;mq;710.000000;1108.000000;mq;mq;mq;mq;mq;mq;mq;mq;mq;mq;mq;mq;mq;mq;
07299;20110912180000;101700;70;3;260;2.100000;292.350000;286.250000;68;50000;2;1;1;25;2;1750;31;24;10;98540;mq;mq;mq;287.050000;mq;298.250000;mq;mq;mq;mq;mq;5.100000;-10;mq;mq;0.000000;-60;0.000000;0.000000;mq;0.200000;mq;710.000000;1105.000000;3100.000000;mq;1;8;1800;mq;mq;mq;mq;mq;mq;mq;mq;mq;
07314;20110912180000;101820;-70;7;250;9.300000;293.050000;292.250000;95;mq;mq;mq;mq;mq;mq;mq;mq;mq;mq;101550;mq;mq;mq;292.450000;mq;294.550000;mq;mq;mq;mq;mq;12.300000;-10;mq;mq;mq;mq;0.000000;0.200000;mq;0.200000;mq;710.000000;1112.000000;mq;mq;mq;mq;mq;mq;mq;mq;mq;mq;mq;mq;mq;mq;
07335;20110912180000;101790;-10;7;220;5.100000;292.150000;291.450000;96;9000;0;mq;mq;100;mq;250;mq;mq;mq;100390;mq;mq;mq;289.150000;mq;295.550000;mq;mq;mq;mq;mq;7.700000;-10;mq;mq;mq;mq;0.000000;0.200000;mq;0.400000;mq;710.000000;1108.000000;mq;mq;mq;mq;mq;mq;mq;mq;mq;mq;mq;mq;mq;mq;
07434;20110912180000;101870;-20;7;230;1.500000;292.450000;289.650000;84;55000;0;mq;mq;100;mq;800;mq;mq;mq;97240;mq;mq;mq;286.350000;mq;293.450000;mq;mq;mq;mq;mq;3.600000;-10;mq;mq;mq;mq;0.000000;0.000000;mq;1.000000;mq;710.000000;1104.000000;mq;mq;mq;mq;mq;mq;mq;mq;mq;mq;mq;mq;mq;mq;
07460;20110912180000;101840;10;3;280;3.100000;294.350000;286.750000;62;50000;2;1;1;50;3;1250;35;24;10;98100;mq;mq;mq;286.950000;mq;297.650000;mq;mq;mq;mq;mq;8.700000;-10;mq;mq;0.000000;-60;0.000000;0.000000;mq;0.000000;mq;710.000000;1109.000000;3100.000000;mq;3;6;1380;mq;mq;mq;mq;mq;mq;mq;mq;mq;
07471;20110912180000;mq;60;3;310;2.100000;291.350000;286.050000;71;20000;0;mq;mq;mq;mq;mq;mq;mq;mq;92480;85000;17960;mq;281.650000;mq;296.950000;mq;mq;mq;mq;mq;8.200000;-10;mq;mq;mq;mq;0.000000;0.000000;mq;0.000000;mq;710.000000;1108.000000;mq;mq;mq;mq;mq;mq;mq;mq;mq;mq;mq;mq;mq;mq;
07481;20110912180000;101750;10;3;60;1.500000;296.450000;284.150000;46;60000;2;1;1;0;mq;mq;mq;mq;mq;99000;mq;mq;mq;287.950000;mq;298.750000;mq;mq;mq;mq;mq;4.600000;-10;mq;mq;0.000000;-60;0.000000;0.000000;mq;0.000000;mq;710.000000;1105.000000;3100.000000;mq;mq;mq;mq;mq;mq;mq;mq;mq;mq;mq;mq;mq;
07510;20110912180000;101940;-10;6;280;3.600000;295.850000;289.150000;66;25000;2;1;1;25;1;1250;31;20;11;101310;mq;mq;mq;289.950000;mq;300.050000;mq;mq;mq;mq;mq;6.200000;-10;mq;mq;0.000000;-60;0.000000;0.000000;mq;0.000000;mq;710.000000;1106.000000;3100.000000;mq;1;8;990;mq;mq;mq;mq;mq;mq;mq;mq;mq;
07535;20110912180000;101910;-40;6;40;1.000000;295.050000;287.950000;64;mq;mq;mq;mq;mq;mq;mq;mq;mq;mq;98910;mq;mq;mq;287.350000;mq;298.750000;mq;mq;mq;mq;mq;2.100000;-10;mq;mq;mq;mq;0.000000;0.000000;mq;0.000000;mq;710.000000;1102.000000;mq;mq;mq;mq;mq;mq;mq;mq;mq;mq;mq;mq;mq;mq;
07558;20110912180000;101860;60;3;360;2.600000;292.050000;286.650000;71;mq;mq;mq;mq;mq;mq;mq;mq;mq;mq;93790;mq;mq;mq;285.650000;mq;297.350000;mq;mq;mq;mq;mq;8.200000;-10;mq;mq;mq;mq;0.000000;0.000000;mq;0.000000;mq;710.000000;1108.000000;mq;mq;mq;mq;mq;mq;mq;mq;mq;mq;mq;mq;mq;mq;
07577;20110912180000;101630;20;3;10;1.500000;298.050000;282.750000;38;20000;0;mq;mq;mq;mq;mq;mq;mq;mq;100780;mq;mq;mq;292.250000;mq;301.550000;mq;mq;mq;mq;mq;6.200000;-10;mq;mq;mq;mq;0.000000;0.000000;mq;0.000000;mq;710.000000;1106.000000;mq;mq;mq;mq;mq;mq;mq;mq;mq;mq;mq;mq;mq;mq;
07591;20110912180000;mq;110;3;220;2.100000;294.950000;281.150000;41;mq;0;mq;mq;mq;mq;mq;mq;mq;mq;91730;mq;mq;mq;287.550000;mq;300.050000;mq;mq;mq;mq;mq;5.700000;-10;mq;mq;mq;mq;0.000000;0.000000;mq;0.000000;mq;710.000000;1106.000000;mq;mq;mq;mq;mq;mq;mq;mq;mq;mq;mq;mq;mq;mq;
07607;20110912180000;101880;-10;5;350;3.100000;298.350000;288.650000;55;60000;0;mq;mq;75;mq;mq;mq;mq;mq;101200;mq;mq;mq;286.450000;mq;302.550000;mq;mq;mq;mq;mq;6.700000;-10;mq;mq;mq;mq;0.000000;0.000000;mq;0.000000;mq;710.000000;1107.000000;mq;mq;mq;mq;mq;mq;mq;mq;mq;mq;mq;mq;mq;mq;
07621;20110912180000;101870;-10;5;20;1.000000;295.650000;288.750000;65;40000;2;1;1;25;2;1250;34;20;11;97720;mq;mq;mq;285.950000;mq;300.250000;mq;mq;mq;mq;mq;3.600000;-10;mq;mq;0.000000;-60;0.000000;0.000000;mq;0.000000;mq;710.000000;1104.000000;3100.000000;mq;2;6;1380;mq;mq;mq;mq;mq;mq;mq;mq;mq;
07627;20110912180000;101820;-20;6;210;1.500000;295.950000;289.450000;67;mq;mq;mq;mq;mq;mq;mq;mq;mq;mq;97160;mq;mq;mq;286.550000;mq;300.350000;mq;mq;mq;mq;mq;2.100000;-10;mq;mq;mq;mq;0.000000;0.000000;mq;0.000000;mq;710.000000;1102.000000;mq;mq;mq;mq;mq;mq;mq;mq;mq;mq;mq;mq;mq;mq;
07630;20110912180000;101830;-10;5;350;3.600000;299.550000;285.950000;43;50000;2;1;1;0;mq;mq;mq;mq;mq;100120;mq;mq;mq;288.850000;mq;301.750000;mq;mq;mq;mq;mq;6.200000;-10;mq;mq;0.000000;-60;0.000000;0.000000;mq;0.000000;mq;710.000000;1106.000000;3100.000000;mq;mq;mq;mq;mq;mq;mq;mq;mq;mq;mq;mq;mq;
07643;20110912180000;101520;-20;5;330;1.000000;300.050000;287.750000;47;70000;2;1;1;0;mq;mq;mq;mq;mq;101430;mq;mq;mq;292.650000;mq;302.550000;mq;mq;mq;mq;mq;3.100000;-10;mq;mq;mq;mq;0.000000;0.000000;mq;0.000000;mq;710.000000;1103.000000;mq;mq;mq;mq;mq;mq;mq;mq;mq;mq;mq;mq;mq;mq;
07650;20110912180000;101440;0;5;310;2.600000;300.350000;285.150000;39;60000;2;1;1;0;mq;mq;mq;mq;mq;101070;mq;mq;mq;293.550000;mq;304.050000;mq;mq;mq;mq;mq;10.300000;-10;mq;mq;0.000000;-60;0.000000;0.000000;mq;0.000000;mq;710.000000;1110.000000;3100.000000;mq;mq;mq;mq;mq;mq;mq;mq;mq;mq;mq;mq;mq;
07661;20110912180000;101460;40;3;160;3.600000;297.950000;287.450000;52;30000;2;1;1;0;mq;mq;mq;mq;mq;99930;mq;mq;mq;294.450000;mq;303.050000;mq;mq;mq;mq;mq;5.100000;-10;mq;mq;mq;mq;0.000000;0.000000;mq;0.000000;mq;710.000000;1105.000000;mq;mq;mq;mq;mq;mq;mq;mq;mq;mq;mq;mq;mq;mq;
07690;20110912180000;101500;30;3;90;4.600000;297.550000;293.050000;76;25000;2;1;1;40;1;1250;34;23;10;101180;mq;mq;mq;294.250000;mq;299.550000;mq;mq;mq;mq;mq;5.700000;-10;mq;mq;0.000000;-60;0.000000;0.000000;mq;0.000000;mq;710.000000;1106.000000;3100.000000;mq;1;6;1200;3;3;2700;mq;mq;mq;mq;mq;mq;
07747;20110912180000;101650;20;3;320;6.200000;301.650000;287.150000;41;60000;0;mq;mq;mq;mq;mq;mq;mq;mq;101150;mq;mq;mq;295.450000;mq;305.250000;mq;mq;mq;mq;mq;9.800000;-10;mq;mq;mq;mq;0.000000;0.000000;mq;0.000000;mq;710.000000;1110.000000;mq;mq;mq;mq;mq;mq;mq;mq;mq;mq;mq;mq;mq;mq;
07761;20110912180000;101500;40;3;240;2.100000;296.050000;290.250000;70;25000;2;1;1;10;1;800;31;20;10;101400;mq;mq;mq;291.950000;mq;300.450000;mq;mq;mq;mq;mq;5.100000;-10;mq;mq;0.000000;-60;0.000000;0.000000;mq;0.000000;mq;710.000000;1105.000000;3100.000000;mq;1;8;690;mq;mq;mq;mq;mq;mq;mq;mq;mq;
07790;20110912180000;101410;-20;5;110;0.500000;296.450000;293.250000;82;40000;2;1;1;75;1;450;31;23;11;101270;mq;mq;mq;293.750000;mq;301.250000;mq;mq;mq;mq;mq;1.500000;-10;mq;mq;0.000000;-60;0.000000;0.000000;mq;0.000000;mq;710.000000;1102.000000;3100.000000;mq;1;7;390;5;3;3900;mq;mq;mq;mq;mq;mq;
61968;20110912180000;101730;mq;mq;0;0.000000;295.550000;292.350000;82;mq;mq;mq;mq;mq;mq;mq;mq;mq;mq;mq;mq;mq;mq;mq;mq;301.850000;mq;mq;mq;mq;mq;2.100000;-10;mq;mq;mq;mq;0.000000;mq;mq;0.000000;mq;710.000000;1102.000000;mq;mq;mq;mq;mq;mq;mq;mq;mq;mq;mq;mq;mq;mq;
61970;20110912180000;101880;mq;mq;mq;mq;295.950000;290.650000;72;mq;mq;mq;mq;mq;mq;mq;mq;mq;mq;mq;mq;mq;mq;mq;mq;301.350000;mq;mq;mq;mq;mq;mq;mq;mq;mq;mq;mq;0.000000;mq;mq;0.000000;mq;mq;mq;mq;mq;mq;mq;mq;mq;mq;mq;mq;mq;mq;mq;mq;mq;
61972;20110912180000;101890;mq;mq;100;2.600000;295.750000;293.250000;86;mq;mq;mq;mq;mq;mq;mq;mq;mq;mq;mq;mq;mq;mq;mq;mq;301.550000;mq;mq;mq;mq;mq;5.100000;-10;mq;mq;mq;mq;0.000000;mq;mq;0.000000;mq;710.000000;1105.000000;mq;mq;mq;mq;mq;mq;mq;mq;mq;mq;mq;mq;mq;mq;
61976;20110912180000;102040;mq;mq;120;11.300000;296.150000;292.750000;81;mq;mq;mq;mq;mq;mq;mq;mq;mq;mq;101890;mq;mq;mq;mq;mq;mq;mq;mq;mq;mq;mq;mq;mq;mq;mq;mq;mq;mq;mq;mq;mq;mq;mq;mq;mq;mq;mq;mq;mq;mq;mq;mq;mq;mq;mq;mq;mq;mq;
61980;20110912180000;102480;mq;mq;140;9.300000;293.950000;286.150000;61;15000;2;1;1;40;2;800;38;20;10;mq;mq;mq;mq;mq;mq;297.650000;mq;mq;mq;mq;mq;13.900000;-10;mq;mq;mq;mq;0.000000;mq;mq;0.000000;mq;710.000000;1114.000000;mq;mq;2;8;690;mq;mq;mq;mq;mq;mq;mq;mq;mq;
61996;20110912180000;mq;mq;mq;mq;mq;285.250000;mq;mq;mq;mq;mq;mq;mq;mq;mq;mq;mq;mq;mq;mq;mq;mq;mq;mq;286.750000;mq;mq;mq;mq;mq;mq;mq;mq;mq;mq;mq;0.000000;mq;mq;1.000000;mq;mq;mq;mq;mq;mq;mq;mq;mq;mq;mq;mq;mq;mq;mq;mq;mq;
61997;20110912180000;101000;mq;mq;300;9.800000;280.050000;278.050000;87;mq;mq;mq;mq;mq;mq;mq;mq;mq;mq;mq;mq;mq;mq;mq;mq;283.550000;mq;mq;mq;mq;mq;mq;mq;mq;mq;mq;mq;mq;mq;mq;2.000000;mq;mq;mq;mq;mq;mq;mq;mq;mq;mq;mq;mq;mq;mq;mq;mq;mq;
61998;20110912180000;101000;mq;mq;240;10.800000;275.250000;271.650000;77;mq;mq;mq;mq;mq;mq;mq;mq;mq;mq;mq;mq;mq;640;mq;mq;279.250000;mq;mq;mq;mq;mq;17.000000;-10;mq;mq;mq;mq;0.000000;mq;mq;0.600000;mq;710.000000;1117.000000;mq;mq;mq;mq;mq;mq;mq;mq;mq;mq;mq;mq;mq;mq;
67005;20110912180000;101770;mq;mq;90;2.600000;297.950000;292.950000;74;mq;0;mq;mq;mq;mq;mq;mq;mq;mq;mq;mq;mq;mq;mq;mq;300.950000;mq;mq;mq;mq;mq;4.100000;-10;mq;mq;mq;mq;0.000000;mq;mq;0.000000;mq;710.000000;1104.000000;mq;mq;mq;mq;mq;mq;mq;mq;mq;mq;mq;mq;mq;mq;
71805;20110912180000;100990;-210;8;210;10.300000;290.850000;287.550000;81;7000;0;mq;mq;mq;mq;mq;mq;mq;mq;100910;mq;mq;mq;mq;286.950000;291.850000;mq;mq;mq;mq;mq;12.900000;-10;mq;mq;mq;mq;0.000000;0.000000;mq;0.000000;mq;710.000000;1113.000000;mq;mq;mq;mq;mq;mq;mq;mq;mq;mq;mq;mq;mq;mq;
78897;20110912180000;101490;-240;8;120;6.200000;303.450000;296.850000;68;55000;0;mq;mq;mq;mq;mq;mq;mq;mq;mq;mq;mq;190;mq;299.750000;304.150000;mq;mq;mq;mq;mq;mq;mq;mq;mq;mq;mq;mq;mq;0.000000;mq;0.000000;mq;mq;mq;mq;mq;mq;mq;mq;mq;mq;mq;mq;mq;mq;mq;mq;
78922;20110912180000;101480;-260;7;160;4.100000;303.050000;296.950000;70;mq;mq;mq;mq;mq;mq;mq;mq;mq;mq;101040;mq;mq;mq;mq;mq;mq;mq;mq;mq;mq;mq;mq;mq;mq;mq;mq;mq;mq;mq;mq;mq;mq;mq;mq;mq;mq;mq;mq;mq;mq;mq;mq;mq;mq;mq;mq;mq;mq;
78925;20110912180000;101490;-160;8;90;4.100000;304.850000;297.950000;67;15000;15;2;2;90;4;800;32;23;12;mq;mq;mq;100;mq;298.250000;305.550000;mq;mq;mq;mq;mq;mq;mq;mq;mq;mq;mq;mq;mq;0.000000;mq;mq;mq;mq;mq;mq;2;8;630;6;0;7800;mq;mq;mq;mq;mq;mq;
81401;20110912180000;101320;mq;mq;140;1.500000;305.450000;294.650000;53;mq;mq;mq;mq;mq;mq;mq;mq;mq;mq;101260;mq;mq;mq;mq;mq;mq;mq;mq;mq;mq;mq;mq;mq;mq;mq;mq;mq;mq;0.000000;0.000000;mq;mq;mq;mq;mq;mq;mq;mq;mq;mq;mq;mq;mq;mq;mq;mq;mq;mq;
81405;20110912180000;101360;mq;mq;70;5.100000;305.050000;296.550000;61;10000;2;1;1;60;2;1250;32;23;11;101270;mq;mq;mq;mq;mq;mq;mq;mq;mq;mq;mq;mq;mq;mq;mq;mq;mq;mq;0.000000;0.000000;mq;mq;mq;mq;mq;mq;mq;mq;mq;mq;mq;mq;mq;mq;mq;mq;mq;mq;
81408;20110912180000;101310;mq;mq;60;3.100000;306.450000;293.650000;47;mq;mq;mq;mq;mq;mq;mq;mq;mq;mq;101230;mq;mq;mq;mq;mq;mq;mq;mq;mq;mq;mq;mq;mq;mq;mq;mq;mq;mq;0.000000;0.000000;mq;mq;mq;mq;mq;mq;mq;mq;mq;mq;mq;mq;mq;mq;mq;mq;mq;mq;
89642;20110912180000;99630;-140;6;140;15.900000;256.550000;251.850000;64;mq;mq;mq;mq;mq;mq;mq;mq;mq;mq;99060;mq;mq;mq;mq;mq;mq;mq;mq;mq;mq;24.200000;26.200000;-60;mq;mq;mq;mq;mq;mq;mq;mq;mq;1024.000000;1126.000000;mq;mq;mq;mq;mq;mq;mq;mq;mq;mq;mq;mq;mq;mq;
07005;20110912210000;101370;150;1;230;4.600000;289.150000;285.650000;80;mq;mq;mq;mq;mq;mq;mq;mq;mq;mq;100490;mq;mq;mq;mq;mq;mq;mq;mq;mq;mq;mq;8.700000;-10;mq;mq;mq;mq;0.000000;0.000000;mq;mq;mq;710.000000;1109.000000;mq;mq;mq;mq;mq;mq;mq;mq;mq;mq;mq;mq;mq;mq;
07015;20110912210000;101280;180;3;mq;mq;289.450000;285.650000;78;15000;2;1;1;60;5;800;35;20;10;100720;mq;mq;mq;mq;mq;mq;mq;mq;mq;mq;mq;mq;mq;mq;mq;0.000000;-30;0.000000;0.000000;mq;mq;mq;3100.000000;mq;mq;mq;5;6;630;mq;mq;mq;mq;mq;mq;mq;mq;mq;
07020;20110912210000;101420;120;1;250;11.300000;289.650000;286.550000;82;8000;21;6;2;90;7;800;35;61;60;101160;mq;mq;mq;mq;mq;mq;mq;mq;mq;mq;mq;15.400000;-10;mq;mq;mq;mq;0.000000;0.000000;mq;mq;mq;710.000000;1115.000000;mq;mq;3;8;780;5;6;1200;mq;mq;mq;mq;mq;mq;
07027;20110912210000;101500;120;1;220;3.600000;289.150000;285.650000;80;40000;0;mq;mq;100;mq;800;mq;mq;mq;100710;mq;mq;mq;mq;mq;mq;mq;mq;mq;mq;mq;6.200000;-10;mq;mq;mq;mq;0.000000;0.000000;mq;mq;mq;710.000000;1106.000000;mq;mq;mq;mq;mq;mq;mq;mq;mq;mq;mq;mq;mq;mq;
07037;20110912210000;101470;160;1;260;4.100000;288.850000;286.650000;87;18000;mq;mq;mq;90;mq;800;mq;mq;mq;99680;mq;mq;mq;mq;mq;mq;mq;mq;mq;mq;mq;6.700000;-10;mq;mq;mq;mq;0.000000;0.000000;mq;mq;mq;710.000000;1107.000000;mq;mq;mq;mq;mq;mq;mq;mq;mq;mq;mq;mq;mq;mq;
07110;20110912210000;101600;80;1;240;4.100000;288.550000;284.350000;76;20000;2;1;1;90;7;1250;35;61;60;100470;mq;mq;mq;mq;mq;mq;mq;mq;mq;mq;mq;8.200000;-10;mq;mq;mq;mq;0.000000;0.000000;mq;mq;mq;710.000000;1108.000000;mq;mq;7;6;1140;mq;mq;mq;mq;mq;mq;mq;mq;mq;
07117;20110912210000;101540;110;1;250;5.700000;288.950000;284.550000;75;8000;2;1;1;100;8;800;35;20;10;100850;mq;mq;mq;mq;mq;mq;mq;mq;mq;mq;mq;11.300000;-10;mq;mq;mq;mq;0.000000;0.000000;mq;mq;mq;710.000000;1111.000000;2436.000000;mq;mq;mq;mq;mq;mq;mq;mq;mq;mq;mq;mq;mq;
07130;20110912210000;101590;100;1;250;4.600000;290.550000;287.250000;81;21000;0;mq;mq;90;mq;1250;mq;mq;mq;101080;mq;mq;mq;mq;mq;mq;mq;mq;mq;mq;mq;8.200000;-10;mq;mq;mq;mq;0.000000;0.000000;mq;mq;mq;710.000000;1108.000000;mq;mq;mq;mq;mq;mq;mq;mq;mq;mq;mq;mq;mq;mq;
07139;20110912210000;101510;100;1;260;2.600000;291.550000;288.250000;81;mq;mq;mq;mq;mq;mq;mq;mq;mq;mq;99830;mq;mq;mq;mq;mq;mq;mq;mq;mq;mq;mq;7.200000;-10;mq;mq;mq;mq;0.000000;0.000000;mq;mq;mq;710.000000;1107.000000;mq;mq;mq;mq;mq;mq;mq;mq;mq;mq;mq;mq;mq;mq;
07149;20110912210000;101500;110;1;230;4.600000;293.350000;289.550000;79;20000;2;1;1;90;7;800;35;61;60;100450;mq;mq;mq;mq;mq;mq;mq;mq;mq;mq;mq;7.200000;-10;mq;mq;0.000000;-30;0.000000;0.000000;mq;mq;mq;710.000000;1107.000000;3100.000000;mq;1;6;780;7;6;1380;mq;mq;mq;mq;mq;mq;
07168;20110912210000;101650;90;1;220;5.100000;292.950000;289.750000;82;20000;0;mq;mq;mq;mq;mq;mq;mq;mq;100270;mq;mq;mq;mq;mq;mq;mq;mq;mq;mq;mq;9.800000;-10;mq;mq;mq;mq;0.000000;0.000000;mq;mq;mq;710.000000;1110.000000;mq;mq;mq;mq;mq;mq;mq;mq;mq;mq;mq;mq;mq;mq;
07181;20110912210000;101650;80;1;220;5.700000;291.450000;289.450000;88;19000;0;mq;mq;100;mq;450;mq;mq;mq;97690;mq;mq;mq;mq;mq;mq;mq;mq;mq;mq;mq;8.200000;-10;mq;mq;mq;mq;0.000000;0.000000;mq;mq;mq;710.000000;1108.000000;mq;mq;mq;mq;mq;mq;mq;mq;mq;mq;mq;mq;mq;mq;
07190;20110912210000;101690;120;3;230;3.600000;293.250000;285.950000;63;60000;0;mq;mq;100;mq;1250;mq;mq;mq;99930;mq;mq;mq;mq;mq;mq;mq;mq;mq;mq;mq;6.200000;-10;mq;mq;mq;mq;0.000000;0.000000;mq;mq;mq;710.000000;1106.000000;mq;mq;mq;mq;mq;mq;mq;mq;mq;mq;mq;mq;mq;mq;
07207;20110912210000;mq;mq;mq;290;5.100000;290.550000;287.650000;83;mq;mq;mq;mq;mq;mq;mq;mq;mq;mq;mq;mq;mq;mq;mq;mq;mq;mq;mq;mq;mq;mq;7.200000;-10;mq;mq;mq;mq;0.000000;0.000000;mq;mq;mq;710.000000;1107.000000;mq;mq;mq;mq;mq;mq;mq;mq;mq;mq;mq;mq;mq;mq;
07222;20110912210000;101700;80;3;250;3.600000;291.550000;291.050000;97;12000;20;5;2;100;7;250;37;61;60;101390;mq;mq;mq;mq;mq;mq;mq;mq;mq;mq;mq;7.200000;-10;mq;mq;mq;mq;0.400000;0.800000;mq;mq;mq;710.000000;1107.000000;mq;mq;5;7;270;7;6;1200;mq;mq;mq;mq;mq;mq;
07240;20110912210000;101680;70;1;200;4.100000;292.450000;291.650000;95;30000;21;6;2;90;7;250;37;61;60;100370;mq;mq;mq;mq;mq;mq;mq;mq;mq;mq;mq;7.700000;-10;mq;mq;0.000000;-30;0.200000;0.200000;mq;mq;mq;710.000000;1108.000000;3100.000000;mq;7;7;210;mq;mq;mq;mq;mq;mq;mq;mq;mq;
07255;20110912210000;101850;90;1;240;4.600000;291.850000;290.850000;94;20000;0;mq;mq;90;mq;150;mq;mq;mq;99910;mq;mq;mq;mq;mq;mq;mq;mq;mq;mq;mq;7.700000;-10;mq;mq;mq;mq;0.000000;0.600000;mq;mq;mq;710.000000;1108.000000;mq;mq;mq;mq;mq;mq;mq;mq;mq;mq;mq;mq;mq;mq;
07280;20110912210000;101830;100;1;220;3.100000;293.650000;288.850000;74;60000;0;mq;mq;100;mq;1750;mq;mq;mq;99200;mq;mq;mq;mq;mq;mq;mq;mq;mq;mq;mq;5.700000;-10;mq;mq;mq;mq;0.000000;0.000000;mq;mq;mq;710.000000;1106.000000;mq;mq;mq;mq;mq;mq;mq;mq;mq;mq;mq;mq;mq;mq;
07299;20110912210000;101860;110;1;0;0.000000;288.850000;286.650000;87;50000;2;1;1;90;7;2250;35;61;60;98650;mq;mq;mq;mq;mq;mq;mq;mq;mq;mq;mq;2.100000;-10;mq;mq;0.000000;-30;0.000000;0.000000;mq;mq;mq;710.000000;1102.000000;3100.000000;mq;7;6;2100;mq;mq;mq;mq;mq;mq;mq;mq;mq;
07314;20110912210000;101880;60;1;260;6.700000;293.550000;292.350000;93;mq;mq;mq;mq;mq;mq;mq;mq;mq;mq;101610;mq;mq;mq;mq;mq;mq;mq;mq;mq;mq;mq;10.300000;-10;mq;mq;mq;mq;0.000000;0.000000;mq;mq;mq;710.000000;1110.000000;mq;mq;mq;mq;mq;mq;mq;mq;mq;mq;mq;mq;mq;mq;
07335;20110912210000;101850;50;1;200;4.100000;291.750000;291.050000;96;8000;0;mq;mq;100;mq;150;mq;mq;mq;100440;mq;mq;mq;mq;mq;mq;mq;mq;mq;mq;mq;7.200000;-10;mq;mq;mq;mq;0.200000;0.200000;mq;mq;mq;710.000000;1107.000000;mq;mq;mq;mq;mq;mq;mq;mq;mq;mq;mq;mq;mq;mq;
07434;20110912210000;101970;70;1;250;1.500000;290.650000;288.950000;90;35000;0;mq;mq;mq;mq;1250;mq;mq;mq;97310;mq;mq;mq;mq;mq;mq;mq;mq;mq;mq;mq;3.100000;-10;mq;mq;mq;mq;0.000000;0.000000;mq;mq;mq;710.000000;1103.000000;mq;mq;mq;mq;mq;mq;mq;mq;mq;mq;mq;mq;mq;mq;
07460;20110912210000;101940;40;0;160;2.100000;290.550000;286.450000;77;30000;2;1;1;40;3;1250;35;20;10;98140;mq;mq;mq;mq;mq;mq;mq;mq;mq;mq;mq;3.600000;-10;mq;mq;0.000000;-30;0.000000;0.000000;mq;mq;mq;710.000000;1104.000000;3100.000000;mq;1;6;1380;3;6;1800;mq;mq;mq;mq;mq;mq;
07471;20110912210000;mq;90;1;260;1.000000;286.250000;284.450000;89;20000;0;mq;mq;mq;mq;mq;mq;mq;mq;92570;85000;18030;mq;mq;mq;mq;mq;mq;mq;mq;mq;2.600000;-10;mq;mq;mq;mq;0.000000;0.000000;mq;mq;mq;710.000000;1103.000000;mq;mq;mq;mq;mq;mq;mq;mq;mq;mq;mq;mq;mq;mq;
07481;20110912210000;101900;110;1;0;0.000000;292.650000;285.650000;64;60000;2;1;1;0;mq;mq;mq;mq;mq;99110;mq;mq;mq;mq;mq;mq;mq;mq;mq;mq;mq;3.600000;-10;mq;mq;0.000000;-30;0.000000;0.000000;mq;mq;mq;710.000000;1104.000000;3100.000000;mq;mq;mq;mq;mq;mq;mq;mq;mq;mq;mq;mq;mq;
07510;20110912210000;102010;60;2;240;1.000000;290.750000;289.450000;92;25000;2;1;1;25;0;mq;30;20;11;101370;mq;mq;mq;mq;mq;mq;mq;mq;mq;mq;mq;2.100000;-10;mq;mq;0.000000;-30;0.000000;0.000000;mq;mq;mq;710.000000;1102.000000;3100.000000;mq;2;0;7800;mq;mq;mq;mq;mq;mq;mq;mq;mq;
07535;20110912210000;102010;50;3;110;2.600000;290.450000;287.550000;83;mq;mq;mq;mq;mq;mq;mq;mq;mq;mq;98960;mq;mq;mq;mq;mq;mq;mq;mq;mq;mq;mq;3.600000;-10;mq;mq;mq;mq;0.000000;0.000000;mq;mq;mq;710.000000;1104.000000;mq;mq;mq;mq;mq;mq;mq;mq;mq;mq;mq;mq;mq;mq;
07558;20110912210000;101990;50;1;10;4.600000;289.550000;286.050000;80;mq;mq;mq;mq;mq;mq;mq;mq;mq;mq;93840;mq;mq;mq;mq;mq;mq;mq;mq;mq;mq;mq;8.200000;-10;mq;mq;mq;mq;0.000000;0.000000;mq;mq;mq;710.000000;1108.000000;mq;mq;mq;mq;mq;mq;mq;mq;mq;mq;mq;mq;mq;mq;
07577;20110912210000;101750;110;1;30;2.100000;294.750000;283.550000;49;20000;0;mq;mq;mq;mq;mq;mq;mq;mq;100890;mq;mq;mq;mq;mq;mq;mq;mq;mq;mq;mq;4.600000;-10;mq;mq;mq;mq;0.000000;0.000000;mq;mq;mq;710.000000;1105.000000;mq;mq;mq;mq;mq;mq;mq;mq;mq;mq;mq;mq;mq;mq;
07591;20110912210000;mq;170;1;10;0.500000;288.950000;280.950000;59;mq;0;mq;mq;mq;mq;mq;mq;mq;mq;91900;mq;mq;mq;mq;mq;mq;mq;mq;mq;mq;mq;2.100000;-10;mq;mq;mq;mq;0.000000;0.000000;mq;mq;mq;710.000000;1102.000000;mq;mq;mq;mq;mq;mq;mq;mq;mq;mq;mq;mq;mq;mq;
07607;20110912210000;101990;90;1;0;0.000000;291.750000;288.250000;80;60000;0;mq;mq;100;mq;mq;mq;mq;mq;101290;mq;mq;mq;mq;mq;mq;mq;mq;mq;mq;mq;2.100000;-10;mq;mq;mq;mq;0.000000;0.000000;mq;mq;mq;710.000000;1102.000000;mq;mq;mq;mq;mq;mq;mq;mq;mq;mq;mq;mq;mq;mq;
07621;20110912210000;102020;70;1;180;2.100000;290.250000;288.550000;90;25000;2;1;1;0;mq;mq;mq;mq;mq;97790;mq;mq;mq;mq;mq;mq;mq;mq;mq;mq;mq;2.600000;-10;mq;mq;0.000000;-30;0.000000;0.000000;mq;mq;mq;710.000000;1103.000000;3100.000000;mq;mq;mq;mq;mq;mq;mq;mq;mq;mq;mq;mq;mq;
07627;20110912210000;102010;110;1;0;0.000000;291.350000;289.350000;88;mq;mq;mq;mq;mq;mq;mq;mq;mq;mq;97270;mq;mq;mq;mq;mq;mq;mq;mq;mq;mq;mq;1.500000;-10;mq;mq;mq;mq;0.000000;0.000000;mq;mq;mq;710.000000;1102.000000;mq;mq;mq;mq;mq;mq;mq;mq;mq;mq;mq;mq;mq;mq;
07630;20110912210000;101940;90;1;60;2.100000;296.450000;286.850000;55;40000;2;1;1;0;mq;mq;mq;mq;mq;100210;mq;mq;mq;mq;mq;mq;mq;mq;mq;mq;mq;3.600000;-10;mq;mq;0.000000;-30;0.000000;0.000000;mq;mq;mq;710.000000;1104.000000;3100.000000;mq;mq;mq;mq;mq;mq;mq;mq;mq;mq;mq;mq;mq;
07643;20110912210000;101700;180;1;300;2.600000;297.150000;287.550000;55;70000;2;1;1;0;mq;mq;mq;mq;mq;101610;mq;mq;mq;mq;mq;mq;mq;mq;mq;mq;mq;3.100000;-10;mq;mq;mq;mq;0.000000;0.000000;mq;mq;mq;710.000000;1103.000000;mq;mq;mq;mq;mq;mq;mq;mq;mq;mq;mq;mq;mq;mq;
07650;20110912210000;101540;100;1;270;2.100000;297.950000;284.550000;43;60000;2;1;1;0;mq;mq;mq;mq;mq;101170;mq;mq;mq;mq;mq;mq;mq;mq;mq;mq;mq;7.700000;-10;mq;mq;0.000000;-30;0.000000;0.000000;mq;mq;mq;710.000000;1108.000000;3100.000000;mq;mq;mq;mq;mq;mq;mq;mq;mq;mq;mq;mq;mq;
07661;20110912210000;101580;100;1;120;2.600000;295.050000;292.750000;87;mq;mq;mq;mq;mq;mq;mq;mq;mq;mq;100030;mq;mq;mq;mq;mq;mq;mq;mq;mq;mq;mq;4.100000;-10;mq;mq;mq;mq;0.000000;0.000000;mq;mq;mq;710.000000;1104.000000;mq;mq;mq;mq;mq;mq;mq;mq;mq;mq;mq;mq;mq;mq;
07690;20110912210000;101610;110;1;320;1.500000;296.550000;292.650000;79;25000;2;1;1;10;1;3500;30;23;10;101290;mq;mq;mq;mq;mq;mq;mq;mq;mq;mq;mq;3.600000;-10;mq;mq;0.000000;-30;0.000000;0.000000;mq;mq;mq;710.000000;1104.000000;3100.000000;mq;1;3;3000;mq;mq;mq;mq;mq;mq;mq;mq;mq;
07747;20110912210000;101830;170;1;320;3.600000;298.950000;287.450000;49;60000;0;mq;mq;mq;mq;mq;mq;mq;mq;101320;mq;mq;mq;mq;mq;mq;mq;mq;mq;mq;mq;7.200000;-10;mq;mq;mq;mq;0.000000;0.000000;mq;mq;mq;710.000000;1107.000000;mq;mq;mq;mq;mq;mq;mq;mq;mq;mq;mq;mq;mq;mq;
07761;20110912210000;101560;50;1;50;2.600000;292.550000;289.350000;82;20000;2;1;1;10;1;800;35;20;10;101450;mq;mq;mq;mq;mq;mq;mq;mq;mq;mq;mq;4.100000;-10;mq;mq;0.000000;-30;0.000000;0.000000;mq;mq;mq;710.000000;1104.000000;3100.000000;mq;1;6;690;mq;mq;mq;mq;mq;mq;mq;mq;mq;
07790;20110912210000;101550;140;1;220;1.500000;294.150000;291.550000;85;20000;2;1;1;60;5;450;36;20;10;101410;mq;mq;mq;mq;mq;mq;mq;mq;mq;mq;mq;2.100000;-10;mq;mq;0.000000;-30;0.000000;0.000000;mq;mq;mq;710.000000;1102.000000;3100.000000;mq;3;7;330;4;6;480;mq;mq;mq;mq;mq;mq;
61968;20110912210000;101640;mq;mq;70;1.000000;294.450000;292.350000;88;mq;mq;mq;mq;mq;mq;mq;mq;mq;mq;mq;mq;mq;mq;mq;mq;mq;mq;mq;mq;mq;mq;1.500000;-10;mq;mq;mq;mq;0.000000;0.000000;mq;mq;mq;710.000000;1102.000000;mq;mq;mq;mq;mq;mq;mq;mq;mq;mq;mq;mq;mq;mq;
61970;20110912210000;101830;mq;mq;mq;mq;295.250000;290.850000;76;mq;mq;mq;mq;mq;mq;mq;mq;mq;mq;mq;mq;mq;mq;mq;mq;mq;mq;mq;mq;mq;mq;mq;mq;mq;mq;mq;mq;0.000000;0.000000;mq;mq;mq;mq;mq;mq;mq;mq;mq;mq;mq;mq;mq;mq;mq;mq;mq;mq;mq;
61972;20110912210000;101860;mq;mq;350;2.100000;296.350000;294.650000;90;mq;mq;mq;mq;mq;mq;mq;mq;mq;mq;mq;mq;mq;mq;mq;mq;mq;mq;mq;mq;mq;mq;4.100000;-10;mq;mq;mq;mq;0.000000;0.000000;mq;mq;mq;710.000000;1104.000000;mq;mq;mq;mq;mq;mq;mq;mq;mq;mq;mq;mq;mq;mq;
61980;20110912210000;102470;mq;mq;100;8.700000;292.150000;288.050000;77;22000;0;mq;mq;100;mq;1250;mq;mq;mq;mq;mq;mq;mq;mq;mq;mq;mq;mq;mq;mq;mq;14.900000;-10;mq;mq;mq;mq;0.000000;0.000000;mq;mq;mq;710.000000;1115.000000;mq;mq;mq;mq;mq;mq;mq;mq;mq;mq;mq;mq;mq;mq;
61996;20110912210000;mq;mq;mq;mq;mq;285.350000;mq;mq;mq;mq;mq;mq;mq;mq;mq;mq;mq;mq;mq;mq;mq;mq;mq;mq;mq;mq;mq;mq;mq;mq;mq;mq;mq;mq;mq;mq;0.000000;0.000000;mq;mq;mq;mq;mq;mq;mq;mq;mq;mq;mq;mq;mq;mq;mq;mq;mq;mq;mq;
61997;20110912210000;100920;mq;mq;300;7.700000;279.950000;276.350000;78;mq;mq;mq;mq;mq;mq;mq;mq;mq;mq;mq;mq;mq;mq;mq;mq;mq;mq;mq;mq;mq;mq;mq;mq;mq;mq;mq;mq;mq;0.000000;mq;mq;mq;mq;mq;mq;mq;mq;mq;mq;mq;mq;mq;mq;mq;mq;mq;mq;mq;
61998;20110912210000;101110;mq;mq;240;6.700000;274.850000;271.550000;79;mq;mq;mq;mq;mq;mq;mq;mq;mq;mq;mq;mq;mq;1420;mq;mq;mq;mq;mq;mq;mq;mq;12.300000;-10;mq;mq;mq;mq;0.000000;0.000000;mq;mq;mq;710.000000;1112.000000;mq;mq;mq;mq;mq;mq;mq;mq;mq;mq;mq;mq;mq;mq;
67005;20110912210000;101680;mq;mq;0;1.000000;294.750000;292.650000;88;mq;0;mq;mq;mq;mq;mq;mq;mq;mq;mq;mq;mq;mq;mq;mq;mq;mq;mq;mq;mq;mq;1.500000;-10;mq;mq;mq;mq;0.000000;0.000000;mq;mq;mq;710.000000;1102.000000;mq;mq;mq;mq;mq;mq;mq;mq;mq;mq;mq;mq;mq;mq;
71805;20110912210000;100950;-40;6;220;8.200000;289.050000;287.250000;89;11000;0;mq;mq;mq;mq;800;mq;mq;mq;100870;mq;mq;mq;mq;mq;mq;mq;mq;mq;mq;mq;12.900000;-10;mq;mq;mq;mq;0.000000;0.000000;mq;mq;mq;710.000000;1113.000000;mq;mq;mq;mq;mq;mq;mq;mq;mq;mq;mq;mq;mq;mq;
78897;20110912210000;101400;-90;6;100;5.700000;301.950000;296.850000;74;30000;2;1;1;90;6;450;39;20;12;mq;mq;mq;100;mq;mq;mq;mq;mq;mq;mq;mq;mq;mq;mq;mq;mq;mq;mq;mq;mq;mq;mq;mq;mq;mq;mq;1;9;480;4;8;690;7;0;8400;mq;mq;mq;
78922;20110912210000;101390;-90;5;120;4.600000;301.750000;296.650000;74;mq;mq;mq;mq;mq;mq;mq;mq;mq;mq;100950;mq;mq;mq;mq;mq;mq;mq;mq;mq;mq;mq;mq;mq;mq;mq;mq;mq;mq;mq;mq;mq;mq;mq;mq;mq;mq;mq;mq;mq;mq;mq;mq;mq;mq;mq;mq;mq;mq;
78925;20110912210000;101360;-130;6;80;3.600000;302.850000;297.950000;75;20000;2;1;1;90;2;800;32;23;12;mq;mq;mq;10;mq;mq;mq;mq;mq;mq;mq;mq;mq;mq;mq;mq;mq;mq;mq;mq;mq;mq;mq;mq;mq;mq;mq;2;8;780;6;0;7800;mq;mq;mq;mq;mq;mq;
81401;20110912210000;101260;mq;mq;70;1.000000;303.250000;294.950000;61;mq;mq;mq;mq;mq;mq;mq;mq;mq;mq;101200;mq;mq;mq;mq;mq;mq;mq;mq;mq;mq;mq;mq;mq;mq;mq;mq;mq;mq;0.000000;mq;mq;mq;mq;mq;mq;mq;mq;mq;mq;mq;mq;mq;mq;mq;mq;mq;mq;mq;
81405;20110912210000;101310;mq;mq;70;3.100000;302.750000;296.650000;70;60000;0;mq;mq;mq;mq;mq;mq;mq;mq;101220;mq;mq;mq;mq;mq;mq;mq;mq;mq;mq;mq;mq;mq;mq;mq;mq;mq;mq;0.000000;mq;mq;mq;mq;mq;mq;mq;mq;mq;mq;mq;mq;mq;mq;mq;mq;mq;mq;mq;
81408;20110912210000;101270;mq;mq;90;1.500000;303.450000;294.850000;60;mq;mq;mq;mq;mq;mq;mq;mq;mq;mq;101190;mq;mq;mq;mq;mq;mq;mq;mq;mq;mq;mq;mq;mq;mq;mq;mq;mq;mq;0.000000;mq;mq;mq;mq;mq;mq;mq;mq;mq;mq;mq;mq;mq;mq;mq;mq;mq;mq;mq;
89642;20110912210000;99510;-120;6;130;16.500000;257.250000;252.350000;63;mq;mq;mq;mq;mq;mq;mq;mq;mq;mq;98940;mq;mq;mq;mq;mq;mq;mq;mq;mq;mq;23.100000;25.200000;-30;mq;mq;mq;mq;mq;mq;mq;mq;mq;1023.000000;1125.000000;mq;mq;mq;mq;mq;mq;mq;mq;mq;mq;mq;mq;mq;mq;
07005;20110913000000;101380;10;0;230;4.100000;288.550000;285.150000;80;mq;mq;mq;mq;mq;mq;mq;mq;mq;mq;100500;mq;mq;mq;mq;mq;mq;mq;mq;mq;mq;mq;9.300000;-10;mq;mq;mq;mq;0.000000;0.000000;0.000000;mq;mq;710.000000;1109.000000;mq;mq;mq;mq;mq;mq;mq;mq;mq;mq;mq;mq;mq;mq;
07015;20110913000000;101310;30;0;mq;mq;288.650000;284.650000;77;20000;2;1;1;75;6;800;35;20;10;100750;mq;mq;mq;mq;mq;mq;mq;mq;mq;mq;mq;mq;mq;mq;mq;0.000000;-60;0.000000;0.000000;0.000000;mq;mq;3100.000000;mq;mq;mq;6;6;900;mq;mq;mq;mq;mq;mq;mq;mq;mq;
07020;20110913000000;101450;30;3;250;9.800000;289.150000;285.850000;81;16000;1;6;2;60;3;800;32;23;10;101190;mq;mq;mq;mq;mq;mq;mq;mq;mq;mq;mq;13.400000;-10;mq;mq;mq;mq;0.000000;0.000000;0.000000;mq;mq;710.000000;1113.000000;mq;mq;3;8;780;4;3;2400;mq;mq;mq;mq;mq;mq;
07027;20110913000000;101530;20;3;200;2.600000;288.350000;285.850000;85;40000;0;mq;mq;100;mq;800;mq;mq;mq;100730;mq;mq;mq;mq;mq;mq;mq;mq;mq;mq;mq;4.600000;-10;mq;mq;mq;mq;0.000000;0.000000;0.000000;mq;mq;710.000000;1105.000000;mq;mq;mq;mq;mq;mq;mq;mq;mq;mq;mq;mq;mq;mq;
07037;20110913000000;101500;20;0;230;4.100000;288.350000;286.050000;86;19000;0;mq;mq;100;mq;450;mq;mq;mq;99700;mq;mq;mq;mq;mq;mq;mq;mq;mq;mq;mq;6.700000;-10;mq;mq;mq;mq;0.000000;0.000000;0.000000;mq;mq;710.000000;1107.000000;mq;mq;mq;mq;mq;mq;mq;mq;mq;mq;mq;mq;mq;mq;
07110;20110913000000;101640;30;3;220;3.100000;286.150000;283.850000;86;20000;2;1;1;60;1;800;35;23;10;100500;mq;mq;mq;mq;mq;mq;mq;mq;mq;mq;mq;4.600000;-10;mq;mq;mq;mq;0.000000;0.000000;0.000000;mq;mq;710.000000;1105.000000;mq;mq;1;6;690;5;3;3300;mq;mq;mq;mq;mq;mq;
07117;20110913000000;101560;20;3;250;5.100000;287.750000;284.850000;83;12000;2;1;1;60;5;800;32;20;10;100870;mq;mq;mq;mq;mq;mq;mq;mq;mq;mq;mq;8.200000;-10;mq;mq;mq;mq;0.000000;0.000000;0.000000;mq;mq;710.000000;1108.000000;2427.000000;mq;mq;mq;mq;mq;mq;mq;mq;mq;mq;mq;mq;mq;
07130;20110913000000;101670;80;1;240;2.100000;287.750000;283.950000;78;35000;0;mq;mq;mq;mq;1250;mq;mq;mq;101160;mq;mq;mq;mq;mq;mq;mq;mq;mq;mq;mq;4.600000;-10;mq;mq;mq;mq;0.000000;0.000000;0.000000;mq;mq;710.000000;1105.000000;mq;mq;mq;mq;mq;mq;mq;mq;mq;mq;mq;mq;mq;mq;
07139;20110913000000;101560;30;2;260;2.100000;288.850000;286.150000;84;mq;mq;mq;mq;mq;mq;mq;mq;mq;mq;99860;mq;mq;mq;mq;mq;mq;mq;mq;mq;mq;mq;4.100000;-10;mq;mq;mq;mq;0.000000;0.000000;0.000000;mq;mq;710.000000;1104.000000;mq;mq;mq;mq;mq;mq;mq;mq;mq;mq;mq;mq;mq;mq;
07149;20110913000000;101530;30;1;220;3.600000;292.050000;288.950000;82;20000;2;1;1;90;7;1750;35;61;60;100480;mq;mq;mq;mq;mq;mq;mq;mq;mq;mq;mq;6.700000;-10;mq;mq;0.000000;-60;0.000000;0.000000;0.000000;mq;mq;710.000000;1107.000000;3100.000000;mq;7;6;1500;mq;mq;mq;mq;mq;mq;mq;mq;mq;
07168;20110913000000;101660;10;0;200;4.600000;292.050000;290.050000;88;20000;0;mq;mq;mq;mq;mq;mq;mq;mq;100280;mq;mq;mq;mq;mq;mq;mq;mq;mq;mq;mq;8.200000;-10;mq;mq;mq;mq;0.000000;0.000000;0.000000;mq;mq;710.000000;1108.000000;mq;mq;mq;mq;mq;mq;mq;mq;mq;mq;mq;mq;mq;mq;
07181;20110913000000;101650;-20;7;220;5.700000;290.250000;289.950000;98;4100;52;mq;mq;100;mq;250;mq;mq;mq;97670;mq;mq;mq;mq;mq;mq;mq;mq;mq;mq;mq;8.200000;-10;mq;mq;mq;mq;0.800000;0.800000;0.800000;mq;mq;710.000000;1108.000000;mq;mq;mq;mq;mq;mq;mq;mq;mq;mq;mq;mq;mq;mq;
07190;20110913000000;101690;-10;5;200;3.600000;290.850000;287.550000;81;13000;0;mq;mq;100;mq;450;mq;mq;mq;99920;mq;mq;mq;mq;mq;mq;mq;mq;mq;mq;mq;7.200000;-10;mq;mq;mq;mq;0.000000;0.000000;0.000000;mq;mq;710.000000;1107.000000;mq;mq;mq;mq;mq;mq;mq;mq;mq;mq;mq;mq;mq;mq;
07207;20110913000000;mq;mq;mq;280;2.600000;290.550000;287.850000;84;12000;2;1;1;75;3;800;35;27;60;mq;mq;mq;mq;mq;mq;mq;mq;mq;mq;mq;mq;5.100000;-10;mq;mq;mq;mq;0.000000;0.000000;0.000000;mq;mq;710.000000;1105.000000;2447.000000;mq;mq;mq;mq;mq;mq;mq;mq;mq;mq;mq;mq;mq;
07222;20110913000000;101730;30;1;260;1.000000;288.850000;288.250000;96;3800;10;mq;mq;mq;mq;mq;mq;mq;mq;101420;mq;mq;mq;mq;mq;mq;mq;mq;mq;mq;mq;3.100000;-10;mq;mq;mq;mq;0.000000;0.000000;0.800000;mq;mq;710.000000;1103.000000;mq;mq;mq;mq;mq;mq;mq;mq;mq;mq;mq;mq;mq;mq;
07240;20110913000000;101630;-50;7;220;4.600000;292.350000;291.150000;93;20000;60;6;2;90;7;250;37;61;60;100320;mq;mq;mq;mq;mq;mq;mq;mq;mq;mq;mq;7.700000;-10;mq;mq;0.000000;-60;0.200000;0.200000;0.400000;mq;mq;710.000000;1108.000000;3100.000000;mq;5;7;270;7;6;570;mq;mq;mq;mq;mq;mq;
07255;20110913000000;101790;-60;8;220;3.600000;291.450000;290.450000;94;19000;0;mq;mq;75;mq;450;mq;mq;mq;99850;mq;mq;mq;mq;mq;mq;mq;mq;mq;mq;mq;5.700000;-10;mq;mq;mq;mq;0.000000;0.400000;1.000000;mq;mq;710.000000;1106.000000;mq;mq;mq;mq;mq;mq;mq;mq;mq;mq;mq;mq;mq;mq;
07280;20110913000000;101820;-20;8;210;2.600000;292.550000;289.250000;81;60000;0;mq;mq;100;mq;1750;mq;mq;mq;99180;mq;mq;mq;mq;mq;mq;mq;mq;mq;mq;mq;5.100000;-10;mq;mq;mq;mq;0.000000;0.000000;0.000000;mq;mq;710.000000;1105.000000;mq;mq;mq;mq;mq;mq;mq;mq;mq;mq;mq;mq;mq;mq;
07299;20110913000000;101860;-20;8;190;1.500000;286.550000;285.450000;93;60000;0;mq;mq;mq;mq;1750;mq;mq;mq;98630;mq;mq;mq;mq;mq;mq;mq;mq;mq;mq;mq;2.100000;-10;mq;mq;mq;mq;0.000000;0.000000;0.000000;mq;mq;710.000000;1102.000000;mq;mq;mq;mq;mq;mq;mq;mq;mq;mq;mq;mq;mq;mq;
07314;20110913000000;101860;-20;8;240;4.600000;292.850000;292.350000;97;15000;2;1;1;100;8;450;36;20;10;101590;mq;mq;mq;mq;mq;mq;mq;mq;mq;mq;mq;6.700000;-10;mq;mq;mq;mq;0.000000;0.400000;0.400000;mq;mq;710.000000;1107.000000;2427.000000;mq;8;7;480;mq;mq;mq;mq;mq;mq;mq;mq;mq;
07335;20110913000000;101800;-50;6;210;4.600000;291.650000;291.150000;97;8000;0;mq;mq;100;mq;150;mq;mq;mq;100390;mq;mq;mq;mq;mq;mq;mq;mq;mq;mq;mq;7.200000;-10;mq;mq;mq;mq;0.000000;0.200000;0.400000;mq;mq;710.000000;1107.000000;mq;mq;mq;mq;mq;mq;mq;mq;mq;mq;mq;mq;mq;mq;
07434;20110913000000;101930;-60;8;220;2.100000;289.250000;288.650000;96;13000;0;mq;mq;mq;mq;150;mq;mq;mq;97250;mq;mq;mq;mq;mq;mq;mq;mq;mq;mq;mq;3.100000;-10;mq;mq;mq;mq;0.000000;0.000000;0.000000;mq;mq;710.000000;1103.000000;mq;mq;mq;mq;mq;mq;mq;mq;mq;mq;mq;mq;mq;mq;
07460;20110913000000;101890;-30;8;170;2.100000;291.350000;286.850000;75;30000;2;1;1;75;6;1750;35;20;11;98110;mq;mq;mq;mq;mq;mq;mq;mq;mq;mq;mq;5.700000;-10;mq;mq;0.000000;-60;0.000000;0.000000;0.000000;mq;mq;710.000000;1106.000000;3100.000000;mq;6;6;1800;mq;mq;mq;mq;mq;mq;mq;mq;mq;
07471;20110913000000;mq;-40;8;120;0.500000;283.050000;281.950000;93;20000;0;mq;mq;mq;mq;mq;mq;mq;mq;92530;85000;18010;mq;mq;mq;mq;mq;mq;mq;mq;mq;2.600000;-10;mq;mq;mq;mq;0.000000;0.000000;0.000000;mq;mq;710.000000;1103.000000;mq;mq;mq;mq;mq;mq;mq;mq;mq;mq;mq;mq;mq;mq;
07481;20110913000000;101890;-40;8;0;0.000000;289.750000;285.250000;75;60000;2;1;1;0;mq;mq;mq;mq;mq;99070;mq;mq;mq;mq;mq;mq;mq;mq;mq;mq;mq;1.000000;-10;mq;mq;0.000000;-60;0.000000;0.000000;0.000000;mq;mq;710.000000;1101.000000;3100.000000;mq;mq;mq;mq;mq;mq;mq;mq;mq;mq;mq;mq;mq;
07510;20110913000000;101930;-80;7;220;0.500000;288.450000;288.450000;100;10000;11;0;0;25;0;mq;30;20;11;101290;mq;mq;mq;mq;mq;mq;mq;mq;mq;mq;mq;0.500000;-10;mq;mq;0.000000;-60;0.000000;0.000000;0.000000;mq;mq;710.000000;1101.000000;3100.000000;mq;2;0;7800;mq;mq;mq;mq;mq;mq;mq;mq;mq;
07535;20110913000000;102010;-30;6;350;0.500000;288.050000;287.250000;95;mq;mq;mq;mq;mq;mq;mq;mq;mq;mq;98930;mq;mq;mq;mq;mq;mq;mq;mq;mq;mq;mq;1.000000;-10;mq;mq;mq;mq;0.000000;0.000000;0.000000;mq;mq;710.000000;1101.000000;mq;mq;mq;mq;mq;mq;mq;mq;mq;mq;mq;mq;mq;mq;
07558;20110913000000;101910;-90;6;360;4.600000;288.750000;285.850000;83;mq;mq;mq;mq;mq;mq;mq;mq;mq;mq;93750;mq;mq;mq;mq;mq;mq;mq;mq;mq;mq;mq;8.200000;-10;mq;mq;mq;mq;0.000000;0.000000;0.000000;mq;mq;710.000000;1108.000000;mq;mq;mq;mq;mq;mq;mq;mq;mq;mq;mq;mq;mq;mq;
07577;20110913000000;101730;-30;7;20;4.100000;293.950000;284.850000;56;20000;0;mq;mq;mq;mq;mq;mq;mq;mq;100860;mq;mq;mq;mq;mq;mq;mq;mq;mq;mq;mq;6.700000;-10;mq;mq;mq;mq;0.000000;0.000000;0.000000;mq;mq;710.000000;1107.000000;mq;mq;mq;mq;mq;mq;mq;mq;mq;mq;mq;mq;mq;mq;
07591;20110913000000;mq;30;0;30;3.600000;287.250000;280.350000;63;mq;0;mq;mq;mq;mq;mq;mq;mq;mq;91930;mq;mq;mq;mq;mq;mq;mq;mq;mq;mq;mq;5.700000;-10;mq;mq;mq;mq;0.000000;0.000000;0.000000;mq;mq;710.000000;1106.000000;mq;mq;mq;mq;mq;mq;mq;mq;mq;mq;mq;mq;mq;mq;
07607;20110913000000;101950;-40;8;0;0.000000;288.650000;287.350000;92;55000;0;mq;mq;mq;mq;mq;mq;mq;mq;101250;mq;mq;mq;mq;mq;mq;mq;mq;mq;mq;mq;1.000000;-10;mq;mq;mq;mq;0.000000;0.000000;0.000000;mq;mq;710.000000;1101.000000;mq;mq;mq;mq;mq;mq;mq;mq;mq;mq;mq;mq;mq;mq;
07621;20110913000000;101950;-80;6;210;1.500000;289.650000;288.350000;92;25000;2;1;1;0;mq;mq;mq;mq;mq;97710;mq;mq;mq;mq;mq;mq;mq;mq;mq;mq;mq;3.100000;-10;mq;mq;0.000000;-60;0.000000;0.000000;0.000000;mq;mq;710.000000;1103.000000;3100.000000;mq;mq;mq;mq;mq;mq;mq;mq;mq;mq;mq;mq;mq;
07627;20110913000000;101980;-90;6;0;0.000000;287.950000;286.850000;93;mq;mq;mq;mq;mq;mq;mq;mq;mq;mq;97180;mq;mq;mq;mq;mq;mq;mq;mq;mq;mq;mq;1.500000;-10;mq;mq;mq;mq;0.000000;0.000000;0.000000;mq;mq;710.000000;1102.000000;mq;mq;mq;mq;mq;mq;mq;mq;mq;mq;mq;mq;mq;mq;
07630;20110913000000;101910;-60;6;220;0.500000;292.350000;287.150000;72;50000;0;mq;mq;mq;mq;mq;mq;mq;mq;100150;mq;mq;mq;mq;mq;mq;mq;mq;mq;mq;mq;1.500000;-10;mq;mq;mq;mq;0.000000;0.000000;0.000000;mq;mq;710.000000;1102.000000;mq;mq;mq;mq;mq;mq;mq;mq;mq;mq;mq;mq;mq;mq;
07643;20110913000000;101680;-20;8;300;3.600000;294.750000;287.650000;64;60000;0;mq;mq;mq;mq;mq;mq;mq;mq;101590;mq;mq;mq;mq;mq;mq;mq;mq;mq;mq;mq;4.600000;-10;mq;mq;mq;mq;0.000000;0.000000;0.000000;mq;mq;710.000000;1105.000000;mq;mq;mq;mq;mq;mq;mq;mq;mq;mq;mq;mq;mq;mq;
07650;20110913000000;101540;-10;7;10;3.100000;293.650000;284.250000;55;60000;0;mq;mq;mq;mq;mq;mq;mq;mq;101160;mq;mq;mq;mq;mq;mq;mq;mq;mq;mq;mq;4.600000;-10;mq;mq;mq;mq;0.000000;0.000000;0.000000;mq;mq;710.000000;1105.000000;mq;mq;mq;mq;mq;mq;mq;mq;mq;mq;mq;mq;mq;mq;
07661;20110913000000;101520;-70;8;140;4.100000;292.950000;289.950000;83;mq;mq;mq;mq;mq;mq;mq;mq;mq;mq;99960;mq;mq;mq;mq;mq;mq;mq;mq;mq;mq;mq;6.200000;-10;mq;mq;mq;mq;0.000000;0.000000;0.000000;mq;mq;710.000000;1106.000000;mq;mq;mq;mq;mq;mq;mq;mq;mq;mq;mq;mq;mq;mq;
07690;20110913000000;101560;-60;7;320;3.100000;294.950000;291.550000;81;25000;2;1;1;0;mq;mq;mq;mq;mq;101230;mq;mq;mq;mq;mq;mq;mq;mq;mq;mq;mq;4.600000;-10;mq;mq;0.000000;-60;0.000000;0.000000;0.000000;mq;mq;710.000000;1105.000000;3100.000000;mq;mq;mq;mq;mq;mq;mq;mq;mq;mq;mq;mq;mq;
07747;20110913000000;101730;-100;7;330;3.100000;297.350000;287.150000;53;60000;0;mq;mq;mq;mq;mq;mq;mq;mq;101220;mq;mq;mq;mq;mq;mq;mq;mq;mq;mq;mq;7.700000;-10;mq;mq;mq;mq;0.000000;0.000000;0.000000;mq;mq;710.000000;1108.000000;mq;mq;mq;mq;mq;mq;mq;mq;mq;mq;mq;mq;mq;mq;
07761;20110913000000;101560;0;0;50;3.600000;291.350000;288.950000;86;20000;2;1;1;10;1;800;35;20;10;101450;mq;mq;mq;mq;mq;mq;mq;mq;mq;mq;mq;4.600000;-10;mq;mq;0.000000;-60;0.000000;0.000000;0.000000;mq;mq;710.000000;1105.000000;3100.000000;mq;1;6;690;mq;mq;mq;mq;mq;mq;mq;mq;mq;
07790;20110913000000;101520;-30;8;210;2.600000;293.750000;290.350000;81;35000;0;mq;mq;mq;mq;1750;mq;mq;mq;101380;mq;mq;mq;mq;mq;mq;mq;mq;mq;mq;mq;3.600000;-10;mq;mq;mq;mq;0.000000;0.000000;0.000000;mq;mq;710.000000;1104.000000;mq;mq;mq;mq;mq;mq;mq;mq;mq;mq;mq;mq;mq;mq;
61968;20110913000000;101500;mq;mq;120;5.100000;297.350000;290.550000;66;mq;mq;mq;mq;mq;mq;mq;mq;mq;mq;mq;mq;mq;mq;mq;mq;mq;mq;mq;mq;mq;mq;8.700000;-10;mq;mq;mq;mq;0.000000;mq;0.000000;mq;mq;710.000000;1109.000000;mq;mq;mq;mq;mq;mq;mq;mq;mq;mq;mq;mq;mq;mq;
61970;20110913000000;101770;mq;mq;mq;mq;295.450000;292.050000;81;mq;mq;mq;mq;mq;mq;mq;mq;mq;mq;mq;mq;mq;mq;mq;mq;mq;mq;mq;mq;mq;mq;mq;mq;mq;mq;mq;mq;0.000000;mq;0.000000;mq;mq;mq;mq;mq;mq;mq;mq;mq;mq;mq;mq;mq;mq;mq;mq;mq;mq;
61972;20110913000000;101740;mq;mq;170;1.500000;292.750000;291.950000;95;mq;mq;mq;mq;mq;mq;mq;mq;mq;mq;mq;mq;mq;mq;mq;mq;mq;mq;mq;mq;mq;mq;2.100000;-10;mq;mq;mq;mq;0.000000;mq;0.000000;mq;mq;710.000000;1102.000000;mq;mq;mq;mq;mq;mq;mq;mq;mq;mq;mq;mq;mq;mq;
61980;20110913000000;102410;mq;mq;100;10.800000;291.550000;288.950000;85;5000;80;mq;mq;90;7;800;38;61;60;mq;mq;mq;50;mq;mq;mq;mq;mq;mq;mq;mq;15.900000;-10;mq;mq;mq;mq;0.800000;mq;0.800000;mq;mq;710.000000;1116.000000;mq;mq;3;8;600;7;6;1200;mq;mq;mq;mq;mq;mq;
61996;20110913000000;mq;mq;mq;mq;mq;284.550000;mq;mq;mq;mq;mq;mq;mq;mq;mq;mq;mq;mq;mq;mq;mq;mq;mq;mq;mq;mq;mq;mq;mq;mq;mq;mq;mq;mq;mq;mq;0.000000;mq;0.400000;mq;mq;mq;mq;mq;mq;mq;mq;mq;mq;mq;mq;mq;mq;mq;mq;mq;mq;
61997;20110913000000;100900;mq;mq;250;12.900000;280.550000;278.050000;84;mq;mq;mq;mq;mq;mq;mq;mq;mq;mq;mq;mq;mq;mq;mq;mq;mq;mq;mq;mq;mq;mq;19.500000;-60;mq;mq;mq;mq;mq;mq;0.000000;mq;mq;1120.000000;mq;mq;mq;mq;mq;mq;mq;mq;mq;mq;mq;mq;mq;mq;mq;
61998;20110913000000;101020;mq;mq;310;8.700000;275.250000;271.950000;79;20000;0;mq;mq;50;1;800;31;24;18;mq;mq;mq;1650;mq;mq;mq;mq;mq;mq;mq;mq;13.400000;-10;mq;mq;mq;mq;0.000000;mq;0.000000;mq;mq;710.000000;1113.000000;mq;mq;1;8;780;4;2;6900;mq;mq;mq;mq;mq;mq;
67005;20110913000000;101550;mq;mq;0;0.000000;293.450000;292.250000;93;mq;0;mq;mq;mq;mq;mq;mq;mq;mq;mq;mq;mq;mq;mq;mq;mq;mq;mq;mq;mq;mq;1.000000;-10;mq;mq;mq;mq;0.000000;mq;0.000000;mq;mq;710.000000;1101.000000;mq;mq;mq;mq;mq;mq;mq;mq;mq;mq;mq;mq;mq;mq;
71805;20110913000000;101020;70;3;250;8.200000;287.950000;287.350000;96;12000;0;mq;mq;mq;mq;mq;mq;mq;mq;100940;mq;mq;mq;mq;mq;mq;mq;mq;mq;mq;mq;11.300000;-10;mq;mq;mq;mq;0.000000;0.000000;0.000000;mq;mq;710.000000;1111.000000;mq;mq;mq;mq;mq;mq;mq;mq;mq;mq;mq;mq;mq;mq;
78897;20110913000000;101610;210;3;80;7.200000;298.350000;296.050000;87;5000;80;8;6;90;3;450;39;20;60;mq;mq;mq;140;298.350000;mq;304.150000;mq;mq;mq;mq;mq;mq;mq;mq;mq;mq;mq;mq;mq;6.000000;mq;5.900000;mq;mq;mq;mq;1;9;480;6;8;600;5;6;990;mq;mq;mq;
78922;20110913000000;101520;130;1;130;5.100000;301.650000;296.750000;75;mq;mq;mq;mq;mq;mq;mq;mq;mq;mq;101080;mq;mq;mq;mq;mq;mq;mq;mq;mq;mq;mq;mq;mq;mq;mq;mq;mq;mq;mq;mq;mq;mq;mq;mq;mq;mq;mq;mq;mq;mq;mq;mq;mq;mq;mq;mq;mq;mq;
78925;20110913000000;101510;150;3;80;0.500000;299.550000;297.550000;89;40000;0;mq;mq;mq;mq;800;mq;mq;mq;mq;mq;mq;mq;298.250000;mq;305.550000;mq;mq;mq;mq;mq;mq;mq;mq;mq;mq;mq;mq;mq;0.000000;mq;0.000000;mq;mq;mq;mq;mq;mq;mq;mq;mq;mq;mq;mq;mq;mq;mq;mq;
81401;20110913000000;101410;mq;mq;70;1.500000;299.750000;296.250000;81;mq;mq;mq;mq;mq;mq;mq;mq;mq;mq;101350;mq;mq;mq;mq;mq;306.650000;mq;mq;mq;mq;mq;mq;mq;mq;mq;mq;mq;mq;0.000000;0.000000;mq;mq;mq;mq;mq;mq;mq;mq;mq;mq;mq;mq;mq;mq;mq;mq;mq;mq;
81405;20110913000000;101470;mq;mq;220;0.500000;298.550000;297.150000;92;40000;0;mq;mq;mq;mq;mq;mq;mq;mq;101380;mq;mq;mq;mq;mq;305.250000;mq;mq;mq;mq;mq;mq;mq;mq;mq;mq;mq;mq;0.000000;0.000000;mq;mq;mq;mq;mq;mq;mq;mq;mq;mq;mq;mq;mq;mq;mq;mq;mq;mq;
81408;20110913000000;101430;mq;mq;0;0.000000;297.950000;296.750000;93;mq;mq;mq;mq;mq;mq;mq;mq;mq;mq;101350;mq;mq;mq;mq;mq;306.550000;mq;mq;mq;mq;mq;mq;mq;mq;mq;mq;mq;mq;0.000000;0.000000;mq;mq;mq;mq;mq;mq;mq;mq;mq;mq;mq;mq;mq;mq;mq;mq;mq;mq;
89642;20110913000000;99310;-190;6;140;16.500000;257.750000;254.950000;77;1000;38;3;3;100;3;1250;35;22;60;98750;mq;mq;mq;255.850000;mq;258.250000;mq;mq;mq;mq;24.200000;28.800000;-60;mq;mq;mq;mq;mq;mq;mq;mq;mq;1024.000000;1129.000000;mq;mq;3;6;990;8;4;3000;mq;mq;mq;mq;mq;mq;
07005;20110913030000;101390;10;2;220;5.100000;288.350000;284.950000;80;mq;mq;mq;mq;mq;mq;mq;mq;mq;mq;100510;mq;mq;mq;mq;mq;mq;mq;mq;mq;mq;mq;9.800000;-10;mq;mq;mq;mq;0.000000;0.000000;mq;mq;mq;710.000000;1110.000000;mq;mq;mq;mq;mq;mq;mq;mq;mq;mq;mq;mq;mq;mq;
07015;20110913030000;101320;10;2;mq;mq;288.050000;285.050000;82;30000;0;mq;mq;100;8;1250;35;61;60;100760;mq;mq;mq;mq;mq;mq;mq;mq;mq;mq;mq;mq;mq;mq;mq;0.000000;-30;0.000000;0.000000;mq;mq;mq;3100.000000;mq;mq;mq;8;6;1050;mq;mq;mq;mq;mq;mq;mq;mq;mq;
07020;20110913030000;101490;40;1;260;8.200000;289.050000;285.950000;82;mq;mq;mq;mq;mq;mq;mq;mq;mq;mq;101230;mq;mq;mq;mq;mq;mq;mq;mq;mq;mq;mq;13.400000;-10;mq;mq;mq;mq;0.000000;0.000000;mq;mq;mq;710.000000;1113.000000;mq;mq;mq;mq;mq;mq;mq;mq;mq;mq;mq;mq;mq;mq;
07027;20110913030000;101560;30;3;220;3.600000;288.150000;284.550000;79;55000;0;mq;mq;100;mq;800;mq;mq;mq;100760;mq;mq;mq;mq;mq;mq;mq;mq;mq;mq;mq;4.600000;-10;mq;mq;mq;mq;0.000000;0.000000;mq;mq;mq;710.000000;1105.000000;mq;mq;mq;mq;mq;mq;mq;mq;mq;mq;mq;mq;mq;mq;
07037;20110913030000;101510;10;3;250;5.100000;287.650000;285.150000;85;35000;0;mq;mq;100;mq;1250;mq;mq;mq;99710;mq;mq;mq;mq;mq;mq;mq;mq;mq;mq;mq;8.200000;-10;mq;mq;mq;mq;0.000000;0.000000;mq;mq;mq;710.000000;1108.000000;mq;mq;mq;mq;mq;mq;mq;mq;mq;mq;mq;mq;mq;mq;
07110;20110913030000;101650;20;3;240;2.600000;287.250000;285.650000;90;20000;2;1;1;90;7;2250;35;61;60;100520;mq;mq;mq;mq;mq;mq;mq;mq;mq;mq;mq;3.600000;-10;mq;mq;mq;mq;0.000000;0.000000;mq;mq;mq;710.000000;1104.000000;mq;mq;7;6;2100;mq;mq;mq;mq;mq;mq;mq;mq;mq;
07117;20110913030000;101590;30;1;240;4.100000;287.450000;285.150000;86;12000;2;1;1;60;5;2250;30;23;10;100900;mq;mq;mq;mq;mq;mq;mq;mq;mq;mq;mq;7.200000;-10;mq;mq;mq;mq;0.000000;0.000000;mq;mq;mq;710.000000;1107.000000;2427.000000;mq;mq;mq;mq;mq;mq;mq;mq;mq;mq;mq;mq;mq;
07130;20110913030000;101690;10;2;230;1.500000;287.150000;285.050000;87;29000;0;mq;mq;100;mq;1750;mq;mq;mq;101170;mq;mq;mq;mq;mq;mq;mq;mq;mq;mq;mq;3.100000;-10;mq;mq;mq;mq;0.000000;0.000000;mq;mq;mq;710.000000;1103.000000;mq;mq;mq;mq;mq;mq;mq;mq;mq;mq;mq;mq;mq;mq;
07139;20110913030000;101630;60;3;270;2.600000;288.350000;284.950000;80;mq;mq;mq;mq;mq;mq;mq;mq;mq;mq;99920;mq;mq;mq;mq;mq;mq;mq;mq;mq;mq;mq;5.100000;-10;mq;mq;mq;mq;0.000000;0.000000;mq;mq;mq;710.000000;1105.000000;mq;mq;mq;mq;mq;mq;mq;mq;mq;mq;mq;mq;mq;mq;
07149;20110913030000;101480;-60;6;260;3.600000;291.550000;288.750000;84;20000;2;1;1;90;7;1250;35;61;60;100420;mq;mq;mq;mq;mq;mq;mq;mq;mq;mq;mq;6.200000;-10;mq;mq;0.000000;-30;0.000000;0.000000;mq;mq;mq;710.000000;1106.000000;3100.000000;mq;7;6;1200;mq;mq;mq;mq;mq;mq;mq;mq;mq;
07168;20110913030000;101540;-120;8;180;3.600000;291.350000;290.350000;94;16000;0;mq;mq;mq;mq;mq;mq;mq;mq;100160;mq;mq;mq;mq;mq;mq;mq;mq;mq;mq;mq;5.100000;-10;mq;mq;mq;mq;0.400000;0.400000;mq;mq;mq;710.000000;1105.000000;mq;mq;mq;mq;mq;mq;mq;mq;mq;mq;mq;mq;mq;mq;
07181;20110913030000;101590;-60;8;220;5.700000;290.050000;289.250000;95;60000;0;mq;mq;100;mq;1250;mq;mq;mq;97610;mq;mq;mq;mq;mq;mq;mq;mq;mq;mq;mq;8.200000;-10;mq;mq;mq;mq;0.000000;0.400000;mq;mq;mq;710.000000;1108.000000;mq;mq;mq;mq;mq;mq;mq;mq;mq;mq;mq;mq;mq;mq;
07190;20110913030000;101630;-60;6;190;3.100000;290.850000;288.250000;85;60000;0;mq;mq;100;mq;1250;mq;mq;mq;99860;mq;mq;mq;mq;mq;mq;mq;mq;mq;mq;mq;6.200000;-10;mq;mq;mq;mq;0.000000;0.000000;mq;mq;mq;710.000000;1106.000000;mq;mq;mq;mq;mq;mq;mq;mq;mq;mq;mq;mq;mq;mq;
07207;20110913030000;mq;mq;mq;290;2.600000;288.650000;286.650000;88;10000;2;1;1;100;3;800;35;27;60;mq;mq;mq;mq;mq;mq;mq;mq;mq;mq;mq;mq;7.200000;-10;mq;mq;mq;mq;0.400000;0.400000;mq;mq;mq;710.000000;1107.000000;2447.000000;mq;mq;mq;mq;mq;mq;mq;mq;mq;mq;mq;mq;mq;
07222;20110913030000;101720;-10;7;200;1.500000;288.950000;288.650000;98;10000;2;1;1;100;7;800;35;61;60;101410;mq;mq;mq;mq;mq;mq;mq;mq;mq;mq;mq;2.100000;-10;mq;mq;mq;mq;0.000000;0.000000;mq;mq;mq;710.000000;1102.000000;mq;mq;7;6;780;mq;mq;mq;mq;mq;mq;mq;mq;mq;
07240;20110913030000;101680;40;2;270;2.600000;289.550000;288.550000;94;17000;0;mq;mq;75;mq;450;mq;mq;mq;100360;mq;mq;mq;mq;mq;mq;mq;mq;mq;mq;mq;5.700000;-10;mq;mq;mq;mq;0.000000;0.600000;mq;mq;mq;710.000000;1106.000000;mq;mq;mq;mq;mq;mq;mq;mq;mq;mq;mq;mq;mq;mq;
07255;20110913030000;101710;-80;6;230;4.600000;291.450000;290.650000;95;20000;0;mq;mq;100;mq;250;mq;mq;mq;99770;mq;mq;mq;mq;mq;mq;mq;mq;mq;mq;mq;7.700000;-10;mq;mq;mq;mq;0.000000;0.000000;mq;mq;mq;710.000000;1108.000000;mq;mq;mq;mq;mq;mq;mq;mq;mq;mq;mq;mq;mq;mq;
07280;20110913030000;101750;-70;7;180;3.100000;291.650000;289.450000;87;60000;0;mq;mq;100;mq;1750;mq;mq;mq;99110;mq;mq;mq;mq;mq;mq;mq;mq;mq;mq;mq;4.600000;-10;mq;mq;mq;mq;0.000000;0.000000;mq;mq;mq;710.000000;1105.000000;mq;mq;mq;mq;mq;mq;mq;mq;mq;mq;mq;mq;mq;mq;
07299;20110913030000;101830;10;3;270;4.100000;289.850000;288.250000;90;18000;2;1;1;90;7;800;35;61;60;98640;mq;mq;mq;mq;mq;mq;mq;mq;mq;mq;mq;8.700000;-10;mq;mq;0.000000;-30;0.000000;0.000000;mq;mq;mq;710.000000;1109.000000;3100.000000;mq;7;6;780;mq;mq;mq;mq;mq;mq;mq;mq;mq;
07314;20110913030000;101790;-70;8;240;4.100000;292.950000;292.450000;97;mq;mq;mq;mq;mq;mq;mq;mq;mq;mq;101520;mq;mq;mq;mq;mq;mq;mq;mq;mq;mq;mq;6.700000;-10;mq;mq;mq;mq;0.000000;0.000000;mq;mq;mq;710.000000;1107.000000;mq;mq;mq;mq;mq;mq;mq;mq;mq;mq;mq;mq;mq;mq;
07335;20110913030000;101750;-50;6;220;2.600000;291.650000;291.150000;97;60000;0;mq;mq;100;mq;150;mq;mq;mq;100340;mq;mq;mq;mq;mq;mq;mq;mq;mq;mq;mq;5.700000;-10;mq;mq;mq;mq;0.000000;0.200000;mq;mq;mq;710.000000;1106.000000;mq;mq;mq;mq;mq;mq;mq;mq;mq;mq;mq;mq;mq;mq;
07434;20110913030000;101860;-70;7;200;1.000000;289.250000;288.650000;96;18000;0;mq;mq;100;mq;450;mq;mq;mq;97180;mq;mq;mq;mq;mq;mq;mq;mq;mq;mq;mq;3.600000;-10;mq;mq;mq;mq;0.000000;0.000000;mq;mq;mq;710.000000;1104.000000;mq;mq;mq;mq;mq;mq;mq;mq;mq;mq;mq;mq;mq;mq;
07460;20110913030000;101820;-80;6;180;5.100000;290.450000;286.350000;77;30000;3;mq;mq;90;7;1750;35;61;60;98030;mq;mq;mq;mq;mq;mq;mq;mq;mq;mq;mq;7.700000;-10;mq;mq;0.000000;-30;0.000000;0.000000;mq;mq;mq;710.000000;1108.000000;3100.000000;mq;7;6;1800;mq;mq;mq;mq;mq;mq;mq;mq;mq;
07471;20110913030000;mq;-90;8;250;0.500000;282.350000;282.050000;98;20000;0;mq;mq;mq;mq;mq;mq;mq;mq;92440;85000;17930;mq;mq;mq;mq;mq;mq;mq;mq;mq;2.100000;-10;mq;mq;mq;mq;0.000000;0.000000;mq;mq;mq;710.000000;1102.000000;mq;mq;mq;mq;mq;mq;mq;mq;mq;mq;mq;mq;mq;mq;
07481;20110913030000;101870;-30;8;150;1.000000;288.850000;285.250000;79;50000;2;1;1;10;0;8000;30;20;12;99040;mq;mq;mq;mq;mq;mq;mq;mq;mq;mq;mq;2.600000;-10;mq;mq;0.000000;-30;0.000000;0.000000;mq;mq;mq;710.000000;1103.000000;3100.000000;mq;1;0;7500;mq;mq;mq;mq;mq;mq;mq;mq;mq;
07510;20110913030000;101890;-50;5;0;0.000000;288.150000;288.150000;100;10000;11;0;0;25;0;mq;30;20;11;101240;mq;mq;mq;mq;mq;mq;mq;mq;mq;mq;mq;1.500000;-10;mq;mq;0.000000;-30;0.000000;0.000000;mq;mq;mq;710.000000;1102.000000;3100.000000;mq;2;0;7800;mq;mq;mq;mq;mq;mq;mq;mq;mq;
07535;20110913030000;101940;-80;6;90;1.500000;286.850000;286.550000;98;mq;mq;mq;mq;mq;mq;mq;mq;mq;mq;98850;mq;mq;mq;mq;mq;mq;mq;mq;mq;mq;mq;3.100000;-10;mq;mq;mq;mq;0.000000;0.000000;mq;mq;mq;710.000000;1103.000000;mq;mq;mq;mq;mq;mq;mq;mq;mq;mq;mq;mq;mq;mq;
07558;20110913030000;101910;-60;6;10;3.100000;286.850000;284.550000;86;mq;mq;mq;mq;mq;mq;mq;mq;mq;mq;93690;mq;mq;mq;mq;mq;mq;mq;mq;mq;mq;mq;6.200000;-10;mq;mq;mq;mq;0.000000;0.000000;mq;mq;mq;710.000000;1106.000000;mq;mq;mq;mq;mq;mq;mq;mq;mq;mq;mq;mq;mq;mq;
07577;20110913030000;101670;-60;6;40;3.600000;292.450000;284.950000;62;20000;0;mq;mq;mq;mq;mq;mq;mq;mq;100800;mq;mq;mq;mq;mq;mq;mq;mq;mq;mq;mq;6.200000;-10;mq;mq;mq;mq;0.000000;0.000000;mq;mq;mq;710.000000;1106.000000;mq;mq;mq;mq;mq;mq;mq;mq;mq;mq;mq;mq;mq;mq;
07591;20110913030000;mq;-40;5;50;2.100000;287.250000;279.150000;58;mq;0;mq;mq;mq;mq;mq;mq;mq;mq;91890;mq;mq;mq;mq;mq;mq;mq;mq;mq;mq;mq;8.200000;-10;mq;mq;mq;mq;0.000000;0.000000;mq;mq;mq;710.000000;1108.000000;mq;mq;mq;mq;mq;mq;mq;mq;mq;mq;mq;mq;mq;mq;
07607;20110913030000;101910;-50;8;0;0.000000;286.750000;285.950000;95;40000;0;mq;mq;mq;mq;mq;mq;mq;mq;101200;mq;mq;mq;mq;mq;mq;mq;mq;mq;mq;mq;1.500000;-10;mq;mq;mq;mq;0.000000;0.000000;mq;mq;mq;710.000000;1102.000000;mq;mq;mq;mq;mq;mq;mq;mq;mq;mq;mq;mq;mq;mq;
07621;20110913030000;101930;-40;5;170;2.100000;288.150000;287.150000;94;25000;2;mq;mq;0;mq;mq;mq;mq;mq;97670;mq;mq;mq;mq;mq;mq;mq;mq;mq;mq;mq;2.600000;-10;mq;mq;0.000000;-30;0.000000;0.000000;mq;mq;mq;710.000000;1103.000000;3100.000000;mq;mq;mq;mq;mq;mq;mq;mq;mq;mq;mq;mq;mq;
07627;20110913030000;101920;-60;6;140;1.500000;287.950000;286.450000;91;mq;mq;mq;mq;mq;mq;mq;mq;mq;mq;97120;mq;mq;mq;mq;mq;mq;mq;mq;mq;mq;mq;4.600000;-10;mq;mq;mq;mq;0.000000;0.000000;mq;mq;mq;710.000000;1105.000000;mq;mq;mq;mq;mq;mq;mq;mq;mq;mq;mq;mq;mq;mq;
07630;20110913030000;101890;-30;7;320;1.000000;290.050000;286.550000;80;40000;2;1;1;0;mq;mq;mq;mq;mq;100120;mq;mq;mq;mq;mq;mq;mq;mq;mq;mq;mq;1.500000;-10;mq;mq;0.000000;-30;0.000000;0.000000;mq;mq;mq;710.000000;1102.000000;3100.000000;mq;mq;mq;mq;mq;mq;mq;mq;mq;mq;mq;mq;mq;
07643;20110913030000;101660;-20;5;270;2.100000;292.850000;287.250000;70;70000;2;1;1;0;mq;mq;mq;mq;mq;101570;mq;mq;mq;mq;mq;mq;mq;mq;mq;mq;mq;3.600000;-10;mq;mq;mq;mq;0.000000;0.000000;mq;mq;mq;710.000000;1104.000000;mq;mq;mq;mq;mq;mq;mq;mq;mq;mq;mq;mq;mq;mq;
07650;20110913030000;101530;-10;7;60;1.500000;290.450000;283.550000;64;30000;2;1;1;0;mq;mq;mq;mq;mq;101150;mq;mq;mq;mq;mq;mq;mq;mq;mq;mq;mq;3.600000;-10;mq;mq;0.000000;-30;0.000000;0.000000;mq;mq;mq;710.000000;1104.000000;3100.000000;mq;mq;mq;mq;mq;mq;mq;mq;mq;mq;mq;mq;mq;
07661;20110913030000;101500;-20;7;90;2.100000;293.150000;289.750000;81;20000;2;1;1;0;mq;mq;mq;mq;mq;99940;mq;mq;mq;mq;mq;mq;mq;mq;mq;mq;mq;4.100000;-10;mq;mq;mq;mq;0.000000;0.000000;mq;mq;mq;710.000000;1104.000000;mq;mq;mq;mq;mq;mq;mq;mq;mq;mq;mq;mq;mq;mq;
07690;20110913030000;101540;-20;7;330;2.600000;294.450000;290.650000;79;20000;2;1;1;10;1;450;35;20;10;101210;mq;mq;mq;mq;mq;mq;mq;mq;mq;mq;mq;3.600000;-10;mq;mq;0.000000;-30;0.000000;0.000000;mq;mq;mq;710.000000;1104.000000;3100.000000;mq;1;6;420;mq;mq;mq;mq;mq;mq;mq;mq;mq;
07747;20110913030000;101720;-10;5;280;2.100000;294.850000;287.250000;62;60000;0;mq;mq;mq;mq;mq;mq;mq;mq;101210;mq;mq;mq;mq;mq;mq;mq;mq;mq;mq;mq;4.100000;-10;mq;mq;mq;mq;0.000000;0.000000;mq;mq;mq;710.000000;1104.000000;mq;mq;mq;mq;mq;mq;mq;mq;mq;mq;mq;mq;mq;mq;
07761;20110913030000;101500;-60;6;40;3.600000;290.450000;287.950000;85;20000;2;1;1;0;mq;mq;mq;mq;mq;101390;mq;mq;mq;mq;mq;mq;mq;mq;mq;mq;mq;4.100000;-10;mq;mq;0.000000;-30;0.000000;0.000000;mq;mq;mq;710.000000;1104.000000;3100.000000;mq;mq;mq;mq;mq;mq;mq;mq;mq;mq;mq;mq;mq;
07790;20110913030000;101500;-20;6;190;2.100000;292.250000;289.450000;84;20000;2;1;1;40;3;1750;35;20;10;101360;mq;mq;mq;mq;mq;mq;mq;mq;mq;mq;mq;2.600000;-10;mq;mq;0.000000;-30;0.000000;0.000000;mq;mq;mq;710.000000;1103.000000;3100.000000;mq;3;6;1500;mq;mq;mq;mq;mq;mq;mq;mq;mq;
61970;20110913030000;101840;mq;mq;mq;mq;296.250000;293.350000;84;mq;mq;mq;mq;mq;mq;mq;mq;mq;mq;mq;mq;mq;mq;mq;mq;mq;mq;mq;mq;mq;mq;mq;mq;mq;mq;mq;mq;0.000000;0.000000;mq;mq;mq;mq;mq;mq;mq;mq;mq;mq;mq;mq;mq;mq;mq;mq;mq;mq;mq;
61972;20110913030000;101800;mq;mq;110;2.100000;294.150000;293.650000;97;mq;mq;mq;mq;mq;mq;mq;mq;mq;mq;mq;mq;mq;mq;mq;mq;mq;mq;mq;mq;mq;mq;3.600000;-10;mq;mq;mq;mq;0.000000;0.000000;mq;mq;mq;710.000000;1104.000000;mq;mq;mq;mq;mq;mq;mq;mq;mq;mq;mq;mq;mq;mq;
61976;20110913030000;101990;mq;mq;130;11.300000;296.550000;290.750000;70;mq;mq;mq;mq;mq;mq;mq;mq;mq;mq;101840;mq;mq;mq;mq;mq;mq;mq;mq;mq;mq;mq;mq;mq;mq;mq;mq;mq;mq;mq;mq;mq;mq;mq;mq;mq;mq;mq;mq;mq;mq;mq;mq;mq;mq;mq;mq;mq;mq;
61980;20110913030000;102510;mq;mq;120;6.700000;291.950000;288.050000;78;8000;80;8;2;90;7;800;38;61;60;mq;mq;mq;70;mq;mq;mq;mq;mq;mq;mq;mq;13.900000;-10;mq;mq;mq;mq;0.000000;2.000000;mq;mq;mq;710.000000;1114.000000;2436.000000;mq;4;8;600;5;6;1200;mq;mq;mq;mq;mq;mq;
61996;20110913030000;mq;mq;mq;mq;mq;286.250000;mq;mq;mq;mq;mq;mq;mq;mq;mq;mq;mq;mq;mq;mq;mq;mq;mq;mq;mq;mq;mq;mq;mq;mq;mq;mq;mq;mq;mq;mq;0.000000;0.000000;mq;mq;mq;mq;mq;mq;mq;mq;mq;mq;mq;mq;mq;mq;mq;mq;mq;mq;mq;
61997;20110913030000;101210;mq;mq;230;12.900000;277.050000;272.650000;73;mq;mq;mq;mq;mq;mq;mq;mq;mq;mq;mq;mq;mq;mq;mq;mq;mq;mq;mq;mq;mq;mq;23.100000;-30;mq;mq;mq;mq;mq;0.000000;mq;mq;mq;1123.000000;mq;mq;mq;mq;mq;mq;mq;mq;mq;mq;mq;mq;mq;mq;mq;
61998;20110913030000;100870;mq;mq;330;8.700000;275.750000;273.950000;88;17000;2;1;1;100;1;800;31;22;60;mq;mq;mq;1850;mq;mq;mq;mq;mq;mq;mq;mq;14.900000;-10;mq;mq;mq;mq;0.000000;0.000000;mq;mq;mq;710.000000;1115.000000;mq;mq;1;8;690;8;4;3000;mq;mq;mq;mq;mq;mq;
67005;20110913030000;101610;mq;mq;120;1.500000;297.450000;293.350000;78;25000;2;1;1;40;3;800;38;20;10;mq;mq;mq;mq;mq;mq;mq;mq;mq;mq;mq;mq;3.100000;-10;mq;mq;mq;mq;0.000000;0.000000;mq;mq;mq;710.000000;1103.000000;mq;mq;3;8;630;mq;mq;mq;mq;mq;mq;mq;mq;mq;
71805;20110913030000;101130;110;3;270;5.100000;288.150000;287.850000;98;11000;0;mq;mq;mq;mq;mq;mq;mq;mq;101050;mq;mq;mq;mq;mq;mq;mq;mq;mq;mq;mq;8.200000;-10;mq;mq;mq;mq;0.000000;0.000000;mq;mq;mq;710.000000;1108.000000;mq;mq;mq;mq;mq;mq;mq;mq;mq;mq;mq;mq;mq;mq;
78897;20110913030000;101660;50;0;220;1.000000;298.250000;296.650000;91;10000;15;8;6;90;6;450;33;23;60;mq;mq;mq;60;mq;mq;mq;mq;mq;mq;mq;mq;mq;mq;mq;mq;mq;mq;mq;mq;mq;mq;mq;mq;mq;mq;mq;1;8;480;3;8;600;5;3;3900;mq;mq;mq;
78922;20110913030000;101600;80;0;80;7.200000;300.150000;296.150000;79;mq;mq;mq;mq;mq;mq;mq;mq;mq;mq;101160;mq;mq;mq;mq;mq;mq;mq;mq;mq;mq;mq;mq;mq;mq;mq;mq;mq;mq;mq;mq;mq;mq;mq;mq;mq;mq;mq;mq;mq;mq;mq;mq;mq;mq;mq;mq;mq;mq;
78925;20110913030000;101620;110;0;140;1.000000;298.750000;297.850000;95;28000;0;mq;mq;mq;mq;800;mq;mq;mq;mq;mq;mq;mq;mq;mq;mq;mq;mq;mq;mq;mq;mq;mq;mq;mq;mq;mq;mq;mq;mq;mq;mq;mq;mq;mq;mq;mq;mq;mq;mq;mq;mq;mq;mq;mq;mq;mq;mq;
81401;20110913030000;101500;mq;mq;0;0.000000;297.850000;296.050000;90;mq;mq;mq;mq;mq;mq;mq;mq;mq;mq;101440;mq;mq;mq;mq;mq;mq;mq;mq;mq;mq;mq;mq;mq;mq;mq;mq;mq;mq;0.000000;mq;mq;mq;mq;mq;mq;mq;mq;mq;mq;mq;mq;mq;mq;mq;mq;mq;mq;mq;
81405;20110913030000;101520;mq;mq;140;0.500000;297.950000;296.950000;94;50000;0;mq;mq;100;mq;mq;mq;mq;mq;101430;mq;mq;mq;mq;mq;mq;mq;mq;mq;mq;mq;mq;mq;mq;mq;mq;mq;mq;0.000000;mq;mq;mq;mq;mq;mq;mq;mq;mq;mq;mq;mq;mq;mq;mq;mq;mq;mq;mq;
81408;20110913030000;101500;mq;mq;210;0.500000;296.850000;296.150000;96;mq;mq;mq;mq;mq;mq;mq;mq;mq;mq;101420;mq;mq;mq;mq;mq;mq;mq;mq;mq;mq;mq;mq;mq;mq;mq;mq;mq;mq;0.000000;mq;mq;mq;mq;mq;mq;mq;mq;mq;mq;mq;mq;mq;mq;mq;mq;mq;mq;mq;
89642;20110913030000;99000;-310;8;130;21.600000;258.950000;256.250000;78;700;38;3;3;100;5;800;35;22;60;98440;mq;mq;mq;mq;mq;mq;mq;mq;mq;mq;30.400000;31.900000;-30;mq;mq;mq;mq;mq;mq;mq;mq;mq;1030.000000;1132.000000;mq;mq;5;6;780;8;4;2700;mq;mq;mq;mq;mq;mq;
07005;20110913060000;101430;40;1;200;3.100000;286.950000;285.150000;89;20000;2;1;1;90;7;800;38;61;60;100550;mq;mq;mq;286.550000;mq;289.950000;mq;286.150000;mq;mq;mq;5.100000;-10;1;0.000000;0.000000;-60;0.000000;0.000000;mq;0.000000;0.800000;710.000000;1105.000000;3100.000000;mq;3;8;600;6;6;1080;mq;mq;mq;mq;mq;mq;
07015;20110913060000;101370;50;3;mq;mq;287.050000;284.750000;86;20000;3;mq;mq;40;1;1250;35;23;10;100810;mq;mq;mq;286.050000;mq;291.450000;mq;285.150000;mq;mq;mq;mq;mq;1;0.000000;0.000000;-60;0.000000;0.000000;mq;0.000000;0.000000;3100.000000;mq;mq;mq;1;6;1290;3;3;3600;mq;mq;mq;mq;mq;mq;
07020;20110913060000;101520;30;0;250;7.700000;289.250000;286.550000;84;mq;mq;mq;mq;mq;mq;mq;mq;mq;mq;101260;mq;mq;mq;288.850000;mq;289.950000;mq;mq;mq;mq;mq;10.300000;-10;mq;mq;mq;mq;0.000000;0.000000;mq;0.000000;1.200000;710.000000;1110.000000;mq;mq;mq;mq;mq;mq;mq;mq;mq;mq;mq;mq;mq;mq;
07027;20110913060000;101590;30;3;220;3.600000;287.050000;285.250000;89;35000;2;1;1;75;2;800;35;23;60;100790;mq;mq;mq;286.750000;mq;290.150000;mq;286.150000;mq;mq;mq;5.100000;-10;1;0.000000;0.000000;-60;0.000000;0.000000;mq;0.000000;0.000000;710.000000;1105.000000;3100.000000;mq;2;6;630;5;3;3300;mq;mq;mq;mq;mq;mq;
07037;20110913060000;101580;60;3;240;3.600000;287.150000;285.150000;88;15000;2;1;1;75;6;3500;30;23;10;99770;mq;mq;mq;286.550000;mq;290.550000;mq;285.150000;mq;mq;mq;6.200000;-10;0;0.000000;0.000000;-60;0.000000;0.000000;mq;0.000000;0.000000;710.000000;1106.000000;3100.000000;mq;6;3;3000;mq;mq;mq;mq;mq;mq;mq;mq;mq;
07110;20110913060000;101700;50;3;240;2.100000;287.150000;285.750000;91;20000;1;8;6;90;1;800;32;23;60;100570;mq;mq;mq;285.950000;mq;289.250000;mq;284.150000;mq;mq;mq;3.600000;-10;0;0.000000;mq;mq;0.000000;0.000000;mq;0.000000;0.000000;710.000000;1104.000000;mq;mq;1;8;630;7;3;3000;mq;mq;mq;mq;mq;mq;
07117;20110913060000;101650;60;3;240;4.600000;287.550000;285.550000;88;8000;2;1;1;90;7;2250;30;23;10;100960;mq;mq;mq;286.950000;mq;289.550000;mq;mq;mq;mq;mq;7.200000;-10;mq;mq;mq;mq;0.000000;0.000000;mq;0.000000;mq;710.000000;1107.000000;2436.000000;mq;mq;mq;mq;mq;mq;mq;mq;mq;mq;mq;mq;mq;
07130;20110913060000;101740;60;3;0;0.000000;287.650000;285.550000;87;26000;0;mq;mq;100;mq;1250;mq;mq;mq;101230;mq;mq;mq;285.850000;mq;292.850000;mq;283.150000;mq;mq;mq;2.100000;-10;0;0.000000;mq;mq;0.000000;0.000000;mq;0.000000;0.600000;710.000000;1102.000000;mq;mq;mq;mq;mq;mq;mq;mq;mq;mq;mq;mq;mq;mq;
07139;20110913060000;101700;70;3;220;2.100000;287.750000;283.550000;76;30000;2;1;1;90;7;1250;35;61;60;99990;mq;mq;mq;287.450000;mq;292.950000;mq;286.150000;mq;mq;mq;3.100000;-10;1;0.000000;0.000000;-60;0.000000;0.000000;mq;0.000000;1.200000;710.000000;1103.000000;3100.000000;mq;7;6;1290;mq;mq;mq;mq;mq;mq;mq;mq;mq;
07149;20110913060000;101630;140;2;310;3.100000;289.050000;285.250000;78;25000;2;1;1;25;2;1250;35;20;10;100560;mq;mq;mq;289.050000;mq;294.450000;mq;288.150000;mq;mq;mq;6.200000;-10;0;0.000000;0.000000;-60;0.000000;0.000000;mq;0.000000;0.000000;710.000000;1106.000000;3100.000000;mq;2;6;1050;mq;mq;mq;mq;mq;mq;mq;mq;mq;
07168;20110913060000;101640;90;3;270;5.700000;290.050000;289.050000;94;4500;60;8;6;100;8;150;38;61;60;100250;mq;mq;mq;290.050000;mq;293.350000;mq;290.150000;mq;mq;mq;9.800000;-10;1;0.000000;0.000000;-60;0.800000;0.800000;mq;1.000000;1.600000;710.000000;1110.000000;3100.000000;mq;2;8;150;7;6;480;mq;mq;mq;mq;mq;mq;
07181;20110913060000;101550;-40;7;190;4.600000;289.650000;289.050000;96;4000;50;8;6;100;8;450;37;61;60;97570;mq;mq;mq;289.650000;mq;291.650000;mq;289.150000;mq;mq;mq;7.200000;-10;2;0.000000;0.000000;-60;0.000000;0.000000;mq;1.000000;1.200000;710.000000;1107.000000;3100.000000;mq;5;7;420;8;6;900;mq;mq;mq;mq;mq;mq;
07190;20110913060000;101620;-10;6;170;3.600000;290.850000;287.950000;83;60000;0;mq;mq;100;mq;1750;mq;mq;mq;99850;mq;mq;mq;290.550000;mq;295.250000;mq;288.150000;mq;mq;mq;7.200000;-10;0;0.000000;mq;mq;0.000000;0.000000;mq;0.000000;0.000000;710.000000;1107.000000;mq;mq;mq;mq;mq;mq;mq;mq;mq;mq;mq;mq;mq;mq;
07207;20110913060000;mq;mq;mq;290;2.100000;289.150000;286.950000;87;8000;50;2;2;100;8;450;31;22;60;mq;mq;mq;mq;288.650000;mq;291.150000;mq;mq;mq;mq;mq;5.700000;-10;mq;mq;mq;mq;0.000000;0.000000;mq;0.400000;mq;710.000000;1106.000000;2446.000000;mq;mq;mq;mq;mq;mq;mq;mq;mq;mq;mq;mq;mq;
07222;20110913060000;101770;50;3;320;1.000000;289.150000;288.850000;98;3500;50;5;2;100;7;250;35;61;60;101460;mq;mq;mq;287.950000;mq;292.350000;mq;284.150000;mq;mq;mq;2.600000;-10;2;0.000000;mq;mq;0.200000;1.000000;mq;2.000000;3.800000;710.000000;1103.000000;mq;mq;4;7;180;7;6;450;mq;mq;mq;mq;mq;mq;
07240;20110913060000;101820;130;3;270;1.500000;288.150000;286.150000;88;12000;1;mq;mq;90;7;1250;35;61;60;100490;mq;mq;mq;287.950000;mq;293.350000;mq;287.150000;mq;mq;mq;3.600000;-10;1;0.000000;0.000000;-60;0.000000;0.000000;mq;1.000000;2.400000;710.000000;1104.000000;3100.000000;mq;7;6;990;mq;mq;mq;mq;mq;mq;mq;mq;mq;
07255;20110913060000;101770;60;3;300;2.600000;291.350000;290.050000;92;20000;1;5;2;90;7;250;35;61;60;99830;mq;mq;mq;291.150000;mq;293.250000;mq;290.150000;mq;mq;mq;5.700000;-10;1;0.000000;0.000000;-60;0.000000;0.000000;mq;1.000000;1.200000;710.000000;1106.000000;3100.000000;mq;4;8;180;6;6;330;mq;mq;mq;mq;mq;mq;
07280;20110913060000;101720;-40;6;180;2.600000;291.250000;289.550000;90;60000;0;mq;mq;100;mq;1250;mq;mq;mq;99070;mq;mq;mq;291.050000;mq;295.250000;mq;289.150000;mq;mq;mq;4.600000;-10;0;0.000000;mq;mq;0.000000;0.000000;mq;0.000000;0.000000;710.000000;1105.000000;mq;mq;mq;mq;mq;mq;mq;mq;mq;mq;mq;mq;mq;mq;
07299;20110913060000;101770;-70;5;190;0.500000;289.350000;288.250000;93;18000;2;1;1;40;3;800;38;20;10;98570;mq;mq;mq;285.950000;mq;292.350000;mq;284.150000;mq;mq;mq;4.600000;-10;0;0.000000;0.000000;-60;0.000000;0.000000;mq;0.000000;0.200000;710.000000;1105.000000;3100.000000;mq;1;8;900;3;6;1500;mq;mq;mq;mq;mq;mq;
07314;20110913060000;101800;10;3;240;5.100000;293.150000;292.850000;98;mq;mq;mq;mq;mq;mq;mq;mq;mq;mq;101530;mq;mq;mq;292.750000;mq;293.750000;mq;mq;mq;mq;mq;7.200000;-10;mq;mq;mq;mq;0.200000;0.200000;mq;0.600000;0.800000;710.000000;1107.000000;mq;mq;mq;mq;mq;mq;mq;mq;mq;mq;mq;mq;mq;mq;
07335;20110913060000;101820;70;3;270;1.000000;291.250000;290.650000;96;15000;21;6;2;100;8;450;38;61;60;100410;mq;mq;mq;291.250000;mq;292.150000;mq;291.150000;mq;mq;mq;2.100000;-10;1;0.000000;mq;mq;0.000000;0.000000;mq;0.600000;1.000000;710.000000;1102.000000;mq;mq;1;8;390;7;6;720;mq;mq;mq;mq;mq;mq;
07434;20110913060000;101870;10;3;180;1.000000;289.450000;288.850000;96;6000;50;5;2;90;7;150;37;61;60;97190;mq;mq;mq;289.050000;mq;292.450000;mq;287.150000;mq;mq;mq;1.500000;-10;1;0.000000;0.000000;-60;0.000000;0.000000;mq;0.000000;1.000000;710.000000;1102.000000;3100.000000;mq;7;7;180;mq;mq;mq;mq;mq;mq;mq;mq;mq;
07460;20110913060000;101840;10;3;170;5.700000;289.850000;286.150000;79;30000;3;mq;mq;90;7;1250;35;61;60;98040;mq;mq;mq;289.750000;mq;294.550000;mq;288.150000;mq;mq;mq;8.200000;-10;0;0.000000;0.000000;-60;0.000000;0.000000;mq;0.000000;0.000000;710.000000;1108.000000;3100.000000;mq;3;6;1080;7;6;1500;mq;mq;mq;mq;mq;mq;
07471;20110913060000;mq;30;3;100;0.500000;283.550000;283.350000;99;40000;2;1;1;60;5;1250;35;20;10;92470;85000;17950;mq;281.250000;mq;291.250000;mq;278.150000;mq;mq;mq;2.100000;-10;1;0.000000;0.000000;-60;0.000000;0.000000;mq;0.000000;0.000000;710.000000;1102.000000;3100.000000;mq;5;6;1200;mq;mq;mq;mq;mq;mq;mq;mq;mq;
07481;20110913060000;101890;20;3;170;1.500000;288.350000;285.250000;82;20000;2;1;1;25;2;2250;34;20;10;99060;mq;mq;mq;287.550000;mq;296.450000;mq;284.150000;mq;mq;mq;3.600000;-10;0;0.000000;0.000000;-60;0.000000;0.000000;mq;0.000000;0.000000;710.000000;1104.000000;3100.000000;mq;2;6;1800;mq;mq;mq;mq;mq;mq;mq;mq;mq;
07510;20110913060000;101900;10;3;150;0.500000;287.650000;287.650000;100;3000;40;0;0;25;1;450;35;20;10;101250;mq;mq;mq;287.350000;mq;295.850000;mq;285.150000;mq;mq;mq;1.000000;-10;0;0.000000;0.000000;-60;0.000000;0.000000;mq;0.000000;0.000000;710.000000;1101.000000;3100.000000;mq;1;6;480;mq;mq;mq;mq;mq;mq;mq;mq;mq;
07535;20110913060000;101940;0;5;10;1.000000;286.750000;286.450000;98;30000;2;1;1;10;1;3500;30;23;10;98850;mq;mq;mq;285.650000;mq;295.050000;mq;284.150000;mq;mq;mq;2.600000;-10;0;0.000000;0.000000;-60;0.200000;0.200000;mq;0.200000;0.200000;710.000000;1103.000000;3100.000000;mq;1;3;3300;mq;mq;mq;mq;mq;mq;mq;mq;mq;
07558;20110913060000;101930;20;3;100;0.500000;286.850000;285.050000;89;60000;2;1;1;0;mq;mq;mq;mq;mq;93710;mq;mq;mq;286.050000;mq;291.950000;mq;285.150000;mq;mq;mq;5.700000;-10;0;0.000000;0.000000;-60;0.000000;0.000000;mq;0.000000;0.000000;710.000000;1106.000000;3100.000000;mq;mq;mq;mq;mq;mq;mq;mq;mq;mq;mq;mq;mq;
07577;20110913060000;101740;70;3;70;2.600000;291.750000;285.750000;68;50000;2;1;1;0;mq;mq;mq;mq;mq;100870;mq;mq;mq;291.450000;mq;297.950000;mq;290.150000;mq;mq;mq;7.200000;-10;0;0.000000;0.000000;-60;0.000000;0.000000;mq;0.000000;0.000000;710.000000;1107.000000;3100.000000;mq;mq;mq;mq;mq;mq;mq;mq;mq;mq;mq;mq;mq;
07591;20110913060000;mq;60;3;60;2.600000;286.350000;278.550000;59;mq;0;mq;mq;mq;mq;mq;mq;mq;mq;91950;mq;mq;mq;286.050000;mq;294.950000;mq;283.150000;mq;mq;mq;9.300000;-10;mq;mq;mq;mq;0.000000;0.000000;mq;0.000000;0.000000;710.000000;1109.000000;mq;mq;mq;mq;mq;mq;mq;mq;mq;mq;mq;mq;mq;mq;
07607;20110913060000;101920;10;3;60;0.500000;285.350000;284.550000;95;35000;0;mq;mq;mq;mq;mq;mq;mq;mq;101210;mq;mq;mq;285.250000;mq;298.250000;mq;283.150000;mq;mq;mq;1.000000;-10;mq;mq;mq;mq;0.000000;0.000000;mq;0.000000;0.000000;710.000000;1101.000000;mq;mq;mq;mq;mq;mq;mq;mq;mq;mq;mq;mq;mq;mq;
07621;20110913060000;101900;-40;8;160;2.100000;287.350000;286.550000;95;25000;2;mq;mq;0;mq;mq;mq;mq;mq;97630;mq;mq;mq;287.150000;mq;295.650000;mq;284.150000;mq;mq;mq;3.100000;-10;0;0.000000;0.000000;-60;0.000000;0.000000;mq;0.000000;0.000000;710.000000;1103.000000;3100.000000;mq;mq;mq;mq;mq;mq;mq;mq;mq;mq;mq;mq;mq;
07627;20110913060000;101960;40;2;150;2.600000;288.150000;287.050000;93;50000;2;1;1;0;mq;mq;mq;mq;mq;97160;mq;mq;mq;285.550000;mq;295.850000;mq;282.150000;mq;mq;mq;4.600000;-10;1;0.000000;mq;mq;0.000000;0.200000;mq;0.200000;0.200000;710.000000;1105.000000;mq;mq;mq;mq;mq;mq;mq;mq;mq;mq;mq;mq;mq;mq;
07630;20110913060000;101930;30;2;170;1.500000;288.950000;287.650000;92;40000;2;1;1;0;mq;mq;mq;mq;mq;100150;mq;mq;mq;288.550000;mq;299.550000;mq;285.150000;mq;mq;mq;2.600000;-10;0;0.000000;0.000000;-60;0.000000;0.000000;mq;0.000000;0.000000;710.000000;1103.000000;3100.000000;mq;mq;mq;mq;mq;mq;mq;mq;mq;mq;mq;mq;mq;
07643;20110913060000;101680;20;3;0;0.000000;292.050000;286.850000;72;70000;2;1;1;0;mq;mq;mq;mq;mq;101590;mq;mq;mq;291.550000;mq;300.450000;mq;291.150000;mq;mq;mq;4.100000;-10;0;0.000000;mq;mq;0.000000;0.000000;mq;0.000000;0.000000;710.000000;1104.000000;mq;mq;mq;mq;mq;mq;mq;mq;mq;mq;mq;mq;mq;mq;
07650;20110913060000;101600;70;3;130;2.100000;289.950000;284.850000;72;50000;2;1;1;0;mq;mq;mq;mq;mq;101220;mq;mq;mq;288.150000;mq;300.350000;mq;285.150000;mq;mq;mq;4.100000;-10;0;0.000000;0.000000;-60;0.000000;0.000000;mq;0.000000;0.000000;710.000000;1104.000000;3100.000000;mq;mq;mq;mq;mq;mq;mq;mq;mq;mq;mq;mq;mq;
07661;20110913060000;101560;60;3;90;1.500000;293.250000;288.850000;76;25000;2;1;1;0;mq;mq;mq;mq;mq;100000;mq;mq;mq;291.350000;mq;297.950000;mq;mq;mq;mq;mq;3.600000;-10;mq;mq;mq;mq;0.000000;0.000000;mq;0.000000;0.000000;710.000000;1104.000000;mq;mq;mq;mq;mq;mq;mq;mq;mq;mq;mq;mq;mq;mq;
07690;20110913060000;101580;40;3;340;4.600000;295.250000;288.850000;67;30000;2;1;1;0;mq;mq;mq;mq;mq;101250;mq;mq;mq;294.150000;mq;297.550000;mq;293.150000;mq;mq;mq;6.700000;-10;0;0.000000;0.000000;-60;0.000000;0.000000;mq;0.000000;0.000000;710.000000;1107.000000;3100.000000;mq;mq;mq;mq;mq;mq;mq;mq;mq;mq;mq;mq;mq;
07747;20110913060000;101770;40;3;220;2.600000;292.850000;286.950000;69;40000;2;1;1;0;mq;mq;mq;mq;mq;101250;mq;mq;mq;292.050000;mq;301.650000;mq;289.150000;mq;mq;mq;3.600000;-10;0;0.000000;mq;mq;0.000000;0.000000;mq;0.000000;0.000000;710.000000;1104.000000;mq;mq;mq;mq;mq;mq;mq;mq;mq;mq;mq;mq;mq;mq;
07761;20110913060000;101540;40;3;50;3.100000;290.350000;287.850000;85;25000;2;1;1;10;1;1250;35;20;10;101430;mq;mq;mq;289.550000;mq;296.050000;mq;289.150000;mq;mq;mq;4.600000;-10;0;0.000000;0.000000;-60;0.000000;0.000000;mq;0.000000;0.000000;710.000000;1105.000000;3100.000000;mq;1;6;990;mq;mq;mq;mq;mq;mq;mq;mq;mq;
07790;20110913060000;101530;30;3;200;1.500000;293.150000;289.750000;81;20000;2;1;1;10;1;450;35;20;10;101390;mq;mq;mq;291.850000;mq;296.450000;mq;290.150000;mq;mq;mq;3.100000;-10;0;0.000000;0.000000;-60;0.000000;0.000000;mq;0.000000;0.000000;710.000000;1103.000000;3100.000000;mq;1;6;480;mq;mq;mq;mq;mq;mq;mq;mq;mq;
61970;20110913060000;101980;mq;mq;mq;mq;300.950000;291.650000;57;mq;mq;mq;mq;mq;mq;mq;mq;mq;mq;mq;mq;mq;mq;294.450000;mq;mq;mq;mq;mq;mq;mq;mq;mq;mq;mq;mq;mq;0.000000;mq;mq;mq;0.000000;mq;mq;mq;mq;mq;mq;mq;mq;mq;mq;mq;mq;mq;mq;mq;mq;
61972;20110913060000;101960;mq;mq;60;2.600000;298.650000;294.150000;76;mq;mq;mq;mq;mq;mq;mq;mq;mq;mq;mq;mq;mq;mq;292.450000;mq;mq;mq;mq;mq;mq;mq;4.600000;-10;mq;mq;mq;mq;0.200000;mq;mq;mq;0.200000;710.000000;1105.000000;mq;mq;mq;mq;mq;mq;mq;mq;mq;mq;mq;mq;mq;mq;
61976;20110913060000;102090;mq;mq;120;11.300000;298.950000;291.850000;65;mq;mq;mq;mq;mq;mq;mq;mq;mq;mq;101940;mq;mq;30;mq;mq;mq;mq;mq;mq;mq;mq;mq;mq;mq;mq;mq;mq;mq;mq;mq;mq;mq;mq;mq;mq;mq;mq;mq;mq;mq;mq;mq;mq;mq;mq;mq;mq;mq;
61980;20110913060000;102640;mq;mq;90;12.300000;292.450000;289.450000;83;7000;80;8;2;90;7;450;38;20;10;mq;mq;mq;mq;290.750000;mq;mq;mq;289.150000;mq;mq;mq;18.000000;-10;mq;mq;mq;mq;0.600000;mq;mq;mq;4.000000;710.000000;1118.000000;2446.000000;mq;2;8;450;4;8;630;5;6;1800;mq;mq;mq;
61996;20110913060000;mq;mq;mq;mq;mq;287.850000;mq;mq;mq;mq;mq;mq;mq;mq;mq;mq;mq;mq;mq;mq;mq;mq;284.050000;mq;mq;mq;282.150000;mq;mq;mq;mq;mq;mq;mq;mq;mq;0.000000;mq;mq;mq;1.000000;mq;mq;mq;mq;mq;mq;mq;mq;mq;mq;mq;mq;mq;mq;mq;mq;
61997;20110913060000;101520;mq;mq;130;3.100000;278.750000;270.650000;56;mq;mq;mq;mq;mq;mq;mq;mq;mq;mq;mq;mq;mq;mq;277.050000;mq;mq;mq;276.150000;mq;mq;mq;23.100000;-60;mq;mq;mq;mq;mq;mq;mq;mq;2.000000;1123.000000;mq;mq;mq;mq;mq;mq;mq;mq;mq;mq;mq;mq;mq;mq;mq;
61998;20110913060000;100610;mq;mq;330;9.800000;278.150000;275.650000;84;17000;2;1;1;90;7;450;38;23;60;mq;mq;mq;mq;273.550000;mq;mq;mq;272.150000;mq;mq;mq;15.400000;-10;mq;mq;mq;mq;0.000000;mq;mq;mq;0.600000;710.000000;1115.000000;mq;mq;1;8;540;7;6;780;mq;mq;mq;mq;mq;mq;
67005;20110913060000;101790;mq;mq;170;2.100000;300.850000;292.650000;61;25000;2;1;1;40;3;800;32;20;10;mq;mq;mq;mq;293.350000;mq;mq;mq;291.150000;mq;mq;mq;3.600000;-10;mq;mq;mq;mq;0.000000;mq;mq;mq;0.000000;710.000000;1104.000000;mq;mq;3;8;660;mq;mq;mq;mq;mq;mq;mq;mq;mq;
71805;20110913060000;101240;110;1;280;5.700000;287.750000;286.750000;94;40000;0;mq;mq;mq;mq;mq;mq;mq;mq;101160;mq;mq;mq;mq;287.750000;mq;291.150000;287.150000;mq;mq;mq;8.700000;-10;mq;mq;mq;mq;0.000000;0.000000;mq;0.000000;0.000000;710.000000;1109.000000;mq;mq;mq;mq;mq;mq;mq;mq;mq;mq;mq;mq;mq;mq;
78897;20110913060000;101460;-200;6;0;0.000000;298.050000;296.850000;93;20000;1;8;6;90;6;450;38;23;12;mq;mq;mq;mq;mq;297.750000;mq;304.150000;275.150000;mq;mq;mq;mq;mq;mq;mq;mq;mq;mq;mq;5.000000;mq;10.700000;mq;mq;mq;mq;5;8;540;3;6;1500;5;0;7800;mq;mq;mq;
78922;20110913060000;101440;-160;8;150;3.600000;301.150000;296.050000;74;mq;mq;mq;mq;mq;mq;mq;mq;mq;mq;101000;mq;mq;mq;mq;mq;mq;mq;mq;mq;mq;mq;mq;mq;mq;mq;mq;mq;mq;mq;mq;mq;mq;mq;mq;mq;mq;mq;mq;mq;mq;mq;mq;mq;mq;mq;mq;mq;mq;
78925;20110913060000;101500;-120;8;110;1.000000;298.250000;297.550000;96;40000;0;mq;mq;90;mq;800;mq;mq;mq;mq;mq;mq;0;mq;298.250000;mq;305.550000;mq;mq;mq;mq;mq;mq;mq;mq;mq;mq;mq;mq;4.000000;mq;4.100000;mq;mq;mq;mq;mq;mq;mq;mq;mq;mq;mq;mq;mq;mq;mq;mq;
81401;20110913060000;101330;mq;mq;0;0.000000;296.450000;295.650000;95;mq;mq;mq;mq;mq;mq;mq;mq;mq;mq;101270;mq;mq;mq;mq;mq;mq;mq;mq;mq;mq;mq;mq;mq;mq;mq;mq;mq;mq;0.000000;0.000000;mq;mq;mq;mq;mq;mq;mq;mq;mq;mq;mq;mq;mq;mq;mq;mq;mq;mq;
81405;20110913060000;101320;mq;mq;0;0.000000;297.250000;296.750000;97;27000;0;mq;mq;100;mq;mq;mq;mq;mq;101230;mq;mq;mq;mq;mq;mq;mq;296.150000;mq;mq;mq;mq;mq;mq;mq;mq;mq;mq;0.000000;0.000000;mq;mq;mq;mq;mq;mq;mq;mq;mq;mq;mq;mq;mq;mq;mq;mq;mq;mq;
81408;20110913060000;101310;mq;mq;0;0.000000;296.550000;296.050000;97;mq;mq;mq;mq;mq;mq;mq;mq;mq;mq;101230;mq;mq;mq;mq;mq;mq;mq;mq;mq;mq;mq;mq;mq;mq;mq;mq;mq;mq;0.000000;0.000000;mq;mq;mq;mq;mq;mq;mq;mq;mq;mq;mq;mq;mq;mq;mq;mq;mq;mq;
89642;20110913060000;98590;-400;6;130;24.700000;259.750000;257.650000;82;50;71;7;3;101;mq;mq;62;61;60;98040;mq;mq;mq;mq;mq;mq;mq;274.150000;mq;mq;35.000000;37.000000;-60;mq;mq;mq;mq;mq;mq;mq;mq;mq;1035.000000;1137.000000;mq;mq;mq;mq;mq;mq;mq;mq;mq;mq;mq;mq;mq;mq;
07005;20110913090000;101540;110;3;240;7.200000;290.050000;285.750000;76;20000;3;8;6;90;7;800;38;61;60;100660;mq;mq;mq;mq;mq;mq;mq;mq;mq;mq;mq;11.300000;-10;mq;mq;0.000000;-30;0.000000;0.000000;mq;mq;mq;710.000000;1111.000000;3100.000000;mq;6;8;600;3;6;1200;mq;mq;mq;mq;mq;mq;
07015;20110913090000;101410;40;3;mq;mq;290.450000;284.450000;68;20000;2;1;1;75;3;800;38;20;11;100850;mq;mq;mq;mq;mq;mq;mq;mq;mq;mq;mq;mq;mq;mq;mq;0.000000;-30;0.000000;0.000000;mq;mq;mq;3100.000000;mq;mq;mq;3;8;660;3;6;1380;mq;mq;mq;mq;mq;mq;
07020;20110913090000;101620;100;1;250;8.700000;290.250000;286.550000;79;mq;mq;mq;mq;mq;mq;mq;mq;mq;mq;101360;mq;mq;mq;mq;mq;mq;mq;mq;mq;mq;mq;11.300000;-10;mq;mq;mq;mq;0.000000;0.000000;mq;mq;mq;710.000000;1111.000000;mq;mq;mq;mq;mq;mq;mq;mq;mq;mq;mq;mq;mq;mq;
07027;20110913090000;101680;90;1;220;4.100000;288.950000;286.250000;84;35000;60;6;2;90;4;450;38;23;60;100880;mq;mq;mq;mq;mq;mq;mq;mq;mq;mq;mq;7.200000;-10;mq;mq;0.000000;-30;0.000000;0.000000;mq;mq;mq;710.000000;1107.000000;3100.000000;mq;3;8;570;3;6;1350;7;3;3000;mq;mq;mq;
07037;20110913090000;101630;70;2;250;5.700000;290.350000;284.850000;70;15000;2;1;1;90;7;800;38;23;60;99840;mq;mq;mq;mq;mq;mq;mq;mq;mq;mq;mq;9.300000;-10;mq;mq;0.000000;-30;0.000000;0.000000;mq;mq;mq;710.000000;1109.000000;3100.000000;mq;4;8;720;6;6;870;mq;mq;mq;mq;mq;mq;
07110;20110913090000;101790;100;1;240;6.700000;290.050000;285.350000;74;20000;2;1;1;60;5;800;32;23;10;100670;mq;mq;mq;mq;mq;mq;mq;mq;mq;mq;mq;9.300000;-10;mq;mq;mq;mq;0.000000;0.000000;mq;mq;mq;710.000000;1109.000000;mq;mq;5;8;660;mq;mq;mq;mq;mq;mq;mq;mq;mq;
07117;20110913090000;101710;60;1;250;6.700000;289.950000;285.850000;77;10000;2;1;1;50;4;800;32;20;10;101020;mq;mq;mq;mq;mq;mq;mq;mq;mq;mq;mq;10.800000;-10;mq;mq;mq;mq;0.000000;0.000000;mq;mq;mq;710.000000;1111.000000;2427.000000;mq;mq;mq;mq;mq;mq;mq;mq;mq;mq;mq;mq;mq;
07130;20110913090000;101820;80;1;240;2.600000;289.150000;286.950000;87;23000;0;mq;mq;100;mq;800;mq;mq;mq;101310;mq;mq;mq;mq;mq;mq;mq;mq;mq;mq;mq;4.100000;-10;mq;mq;mq;mq;0.200000;0.200000;mq;mq;mq;710.000000;1104.000000;mq;mq;mq;mq;mq;mq;mq;mq;mq;mq;mq;mq;mq;mq;
07139;20110913090000;101770;80;3;260;4.100000;289.250000;284.450000;73;25000;2;1;1;90;7;450;38;61;60;100070;mq;mq;mq;mq;mq;mq;mq;mq;mq;mq;mq;6.200000;-10;mq;mq;0.000000;-30;0.000000;0.000000;mq;mq;mq;710.000000;1106.000000;3100.000000;mq;1;8;480;7;6;1200;mq;mq;mq;mq;mq;mq;
07149;20110913090000;101710;90;1;270;3.600000;291.150000;284.450000;65;25000;2;1;1;75;6;800;38;20;10;100650;mq;mq;mq;mq;mq;mq;mq;mq;mq;mq;mq;6.700000;-10;mq;mq;0.000000;-30;0.000000;0.000000;mq;mq;mq;710.000000;1107.000000;3100.000000;mq;3;8;690;6;6;1500;mq;mq;mq;mq;mq;mq;
07168;20110913090000;101760;120;2;320;5.100000;289.850000;286.550000;81;30000;3;6;2;90;7;450;38;61;60;100370;mq;mq;mq;mq;mq;mq;mq;mq;mq;mq;mq;9.800000;-10;mq;mq;0.000000;-30;0.000000;0.200000;mq;mq;mq;710.000000;1110.000000;3100.000000;mq;6;8;450;mq;mq;mq;mq;mq;mq;mq;mq;mq;
07181;20110913090000;101600;60;3;270;5.700000;290.450000;289.850000;96;3000;61;6;5;100;8;150;37;61;60;97630;mq;mq;mq;mq;mq;mq;mq;mq;mq;mq;mq;11.300000;-10;mq;mq;0.000000;-30;1.000000;1.000000;mq;mq;mq;710.000000;1111.000000;3100.000000;mq;6;7;150;8;7;450;mq;mq;mq;mq;mq;mq;
07190;20110913090000;101590;-10;8;200;3.600000;293.550000;288.950000;75;60000;0;mq;mq;100;mq;1250;mq;mq;mq;99840;mq;mq;mq;mq;mq;mq;mq;mq;mq;mq;mq;6.700000;-10;mq;mq;mq;mq;0.000000;0.000000;mq;mq;mq;710.000000;1107.000000;mq;mq;mq;mq;mq;mq;mq;mq;mq;mq;mq;mq;mq;mq;
07207;20110913090000;mq;mq;mq;290;2.600000;289.950000;287.750000;87;8000;2;1;1;90;5;450;31;25;60;mq;mq;mq;mq;mq;mq;mq;mq;mq;mq;mq;mq;7.200000;-10;mq;mq;mq;mq;0.000000;0.000000;mq;mq;mq;710.000000;1107.000000;2446.000000;mq;mq;mq;mq;mq;mq;mq;mq;mq;mq;mq;mq;mq;
07222;20110913090000;101880;110;3;20;0.500000;288.250000;287.650000;96;7000;61;6;5;100;7;150;35;61;60;101570;mq;mq;mq;mq;mq;mq;mq;mq;mq;mq;mq;3.100000;-10;mq;mq;mq;mq;1.000000;2.000000;mq;mq;mq;710.000000;1103.000000;mq;mq;5;7;150;4;6;360;8;6;540;mq;mq;mq;
07240;20110913090000;101880;60;1;300;1.000000;288.850000;285.550000;81;55000;0;mq;mq;100;mq;800;mq;mq;mq;100550;mq;mq;mq;mq;mq;mq;mq;mq;mq;mq;mq;3.100000;-10;mq;mq;mq;mq;0.000000;0.000000;mq;mq;mq;710.000000;1103.000000;mq;mq;mq;mq;mq;mq;mq;mq;mq;mq;mq;mq;mq;mq;
07255;20110913090000;101880;100;1;310;2.600000;290.350000;287.950000;86;15000;21;6;2;100;7;250;35;61;60;99930;mq;mq;mq;mq;mq;mq;mq;mq;mq;mq;mq;5.700000;-10;mq;mq;0.000000;-30;0.200000;0.200000;mq;mq;mq;710.000000;1106.000000;3100.000000;mq;3;7;180;6;6;480;mq;mq;mq;mq;mq;mq;
07280;20110913090000;101750;60;1;220;4.600000;294.350000;290.550000;79;60000;0;mq;mq;90;mq;450;mq;mq;mq;99130;mq;mq;mq;mq;mq;mq;mq;mq;mq;mq;mq;8.200000;-10;mq;mq;mq;mq;0.000000;0.200000;mq;mq;mq;710.000000;1108.000000;mq;mq;mq;mq;mq;mq;mq;mq;mq;mq;mq;mq;mq;mq;
07299;20110913090000;101630;-60;7;150;1.000000;295.950000;288.050000;61;30000;2;1;1;60;5;1250;38;20;10;98510;mq;mq;mq;mq;mq;mq;mq;mq;mq;mq;mq;4.600000;-10;mq;mq;0.000000;-30;0.000000;0.000000;mq;mq;mq;710.000000;1105.000000;3100.000000;mq;4;8;990;mq;mq;mq;mq;mq;mq;mq;mq;mq;
07314;20110913090000;101850;50;2;240;7.700000;293.350000;293.050000;98;6000;2;1;1;100;8;450;36;20;10;101580;mq;mq;mq;mq;mq;mq;mq;mq;mq;mq;mq;10.800000;-10;mq;mq;mq;mq;0.000000;1.000000;mq;mq;mq;710.000000;1111.000000;2436.000000;mq;8;7;300;mq;mq;mq;mq;mq;mq;mq;mq;mq;
07335;20110913090000;101860;40;1;50;2.100000;290.450000;289.950000;97;4900;50;6;5;100;8;150;37;61;60;100450;mq;mq;mq;mq;mq;mq;mq;mq;mq;mq;mq;3.600000;-10;mq;mq;mq;mq;0.600000;1.000000;mq;mq;mq;710.000000;1104.000000;mq;mq;4;7;120;7;6;360;mq;mq;mq;mq;mq;mq;
07434;20110913090000;101890;40;1;220;3.600000;290.750000;289.450000;92;6000;58;6;5;90;7;150;37;61;60;97230;mq;mq;mq;mq;mq;mq;mq;mq;mq;mq;mq;4.600000;-10;mq;mq;0.000000;-30;0.000000;0.000000;mq;mq;mq;710.000000;1105.000000;3100.000000;mq;7;7;180;mq;mq;mq;mq;mq;mq;mq;mq;mq;
07460;20110913090000;101840;50;3;170;1.000000;293.850000;287.450000;67;30000;2;1;1;90;7;800;38;61;60;98090;mq;mq;mq;mq;mq;mq;mq;mq;mq;mq;mq;3.100000;-10;mq;mq;0.000000;-30;0.000000;0.000000;mq;mq;mq;710.000000;1103.000000;3100.000000;mq;1;8;780;7;6;1200;mq;mq;mq;mq;mq;mq;
07471;20110913090000;mq;0;5;30;1.000000;292.150000;285.850000;67;40000;2;1;1;75;6;1250;35;20;10;92470;85000;17950;mq;mq;mq;mq;mq;mq;mq;mq;mq;2.100000;-10;mq;mq;0.000000;-30;0.000000;0.000000;mq;mq;mq;710.000000;1102.000000;3100.000000;mq;6;6;1080;mq;mq;mq;mq;mq;mq;mq;mq;mq;
07481;20110913090000;101810;-10;5;190;1.000000;295.150000;287.050000;60;50000;2;1;1;25;2;2250;35;20;10;99050;mq;mq;mq;mq;mq;mq;mq;mq;mq;mq;mq;2.600000;-10;mq;mq;0.000000;-30;0.000000;0.000000;mq;mq;mq;710.000000;1103.000000;3100.000000;mq;1;6;1800;mq;mq;mq;mq;mq;mq;mq;mq;mq;
07510;20110913090000;101920;40;1;270;1.500000;295.450000;291.450000;78;35000;2;1;1;25;1;450;38;20;11;101290;mq;mq;mq;mq;mq;mq;mq;mq;mq;mq;mq;4.100000;-10;mq;mq;0.000000;-30;0.000000;0.000000;mq;mq;mq;710.000000;1104.000000;3100.000000;mq;1;8;450;mq;mq;mq;mq;mq;mq;mq;mq;mq;
07535;20110913090000;101880;30;1;250;1.000000;295.650000;288.250000;63;30000;2;1;1;0;mq;mq;mq;mq;mq;98880;mq;mq;mq;mq;mq;mq;mq;mq;mq;mq;mq;1.500000;-10;mq;mq;0.000000;-30;0.000000;0.000000;mq;mq;mq;710.000000;1102.000000;3100.000000;mq;mq;mq;mq;mq;mq;mq;mq;mq;mq;mq;mq;mq;
07558;20110913090000;101710;0;0;170;1.500000;294.450000;286.150000;59;60000;2;1;1;10;1;800;31;20;10;93710;mq;mq;mq;mq;mq;mq;mq;mq;mq;mq;mq;3.600000;-10;mq;mq;0.000000;-30;0.000000;0.000000;mq;mq;mq;710.000000;1104.000000;3100.000000;mq;1;8;780;mq;mq;mq;mq;mq;mq;mq;mq;mq;
07577;20110913090000;101690;-30;8;30;5.100000;297.850000;287.650000;53;50000;2;1;1;0;mq;mq;mq;mq;mq;100840;mq;mq;mq;mq;mq;mq;mq;mq;mq;mq;mq;8.700000;-10;mq;mq;0.000000;-30;0.000000;0.000000;mq;mq;mq;710.000000;1109.000000;3100.000000;mq;mq;mq;mq;mq;mq;mq;mq;mq;mq;mq;mq;mq;
07591;20110913090000;mq;-40;8;60;3.600000;294.550000;278.850000;36;mq;0;mq;mq;mq;mq;mq;mq;mq;mq;91910;mq;mq;mq;mq;mq;mq;mq;mq;mq;mq;mq;5.700000;-10;mq;mq;mq;mq;0.000000;0.000000;mq;mq;mq;710.000000;1106.000000;mq;mq;mq;mq;mq;mq;mq;mq;mq;mq;mq;mq;mq;mq;
07607;20110913090000;101860;-40;6;60;1.000000;295.650000;289.250000;67;60000;0;mq;mq;mq;mq;mq;mq;mq;mq;101170;mq;mq;mq;mq;mq;mq;mq;mq;mq;mq;mq;2.600000;-10;mq;mq;mq;mq;0.000000;0.000000;mq;mq;mq;710.000000;1103.000000;mq;mq;mq;mq;mq;mq;mq;mq;mq;mq;mq;mq;mq;mq;
07621;20110913090000;101740;-40;7;20;2.100000;295.350000;289.850000;71;40000;2;1;1;0;mq;mq;mq;mq;mq;97590;mq;mq;mq;mq;mq;mq;mq;mq;mq;mq;mq;3.600000;-10;mq;mq;0.000000;-30;0.000000;0.000000;mq;mq;mq;710.000000;1104.000000;3100.000000;mq;mq;mq;mq;mq;mq;mq;mq;mq;mq;mq;mq;mq;
07627;20110913090000;101740;-80;7;150;2.600000;295.850000;287.950000;61;50000;2;1;1;0;mq;mq;mq;mq;mq;97080;mq;mq;mq;mq;mq;mq;mq;mq;mq;mq;mq;5.100000;-10;mq;mq;0.000000;-30;0.000000;0.000000;mq;mq;mq;710.000000;1105.000000;3100.000000;mq;mq;mq;mq;mq;mq;mq;mq;mq;mq;mq;mq;mq;
07630;20110913090000;101850;-30;7;110;1.000000;297.050000;288.250000;58;40000;2;1;1;0;mq;mq;mq;mq;mq;100120;mq;mq;mq;mq;mq;mq;mq;mq;mq;mq;mq;2.600000;-10;mq;mq;0.000000;-30;0.000000;0.000000;mq;mq;mq;710.000000;1103.000000;3100.000000;mq;mq;mq;mq;mq;mq;mq;mq;mq;mq;mq;mq;mq;
07643;20110913090000;101670;-10;8;10;5.100000;300.750000;285.150000;38;70000;2;1;1;0;mq;mq;mq;mq;mq;101580;mq;mq;mq;mq;mq;mq;mq;mq;mq;mq;mq;7.700000;-10;mq;mq;mq;mq;0.000000;0.000000;mq;mq;mq;710.000000;1108.000000;mq;mq;mq;mq;mq;mq;mq;mq;mq;mq;mq;mq;mq;mq;
07650;20110913090000;101600;10;0;260;2.600000;296.750000;286.350000;52;50000;2;1;1;0;mq;mq;mq;mq;mq;101230;mq;mq;mq;mq;mq;mq;mq;mq;mq;mq;mq;3.600000;-10;mq;mq;0.000000;-30;0.000000;0.000000;mq;mq;mq;710.000000;1104.000000;3100.000000;mq;mq;mq;mq;mq;mq;mq;mq;mq;mq;mq;mq;mq;
07661;20110913090000;101590;60;2;210;2.100000;299.250000;288.350000;51;25000;2;1;1;0;mq;mq;mq;mq;mq;100060;mq;mq;mq;mq;mq;mq;mq;mq;mq;mq;mq;4.100000;-10;mq;mq;mq;mq;0.000000;0.000000;mq;mq;mq;710.000000;1104.000000;mq;mq;mq;mq;mq;mq;mq;mq;mq;mq;mq;mq;mq;mq;
07690;20110913090000;101620;50;2;130;1.500000;299.350000;291.750000;63;30000;2;1;1;0;mq;mq;mq;mq;mq;101300;mq;mq;mq;mq;mq;mq;mq;mq;mq;mq;mq;2.600000;-10;mq;mq;0.000000;-30;0.000000;0.000000;mq;mq;mq;710.000000;1103.000000;3100.000000;mq;mq;mq;mq;mq;mq;mq;mq;mq;mq;mq;mq;mq;
07747;20110913090000;101700;-50;8;350;4.600000;301.450000;286.150000;39;40000;2;1;1;10;1;1750;31;20;10;101200;mq;mq;mq;mq;mq;mq;mq;mq;mq;mq;mq;7.700000;-10;mq;mq;mq;mq;0.000000;0.000000;mq;mq;mq;710.000000;1108.000000;mq;mq;1;8;1500;mq;mq;mq;mq;mq;mq;mq;mq;mq;
07761;20110913090000;101550;20;2;220;3.600000;298.450000;289.550000;58;30000;2;1;1;10;1;1250;31;20;10;101450;mq;mq;mq;mq;mq;mq;mq;mq;mq;mq;mq;4.600000;-10;mq;mq;0.000000;-30;0.000000;0.000000;mq;mq;mq;710.000000;1105.000000;3100.000000;mq;1;8;1200;mq;mq;mq;mq;mq;mq;mq;mq;mq;
07790;20110913090000;101570;40;1;70;3.100000;299.250000;291.150000;61;30000;2;1;1;10;1;800;31;20;10;101430;mq;mq;mq;mq;mq;mq;mq;mq;mq;mq;mq;5.100000;-10;mq;mq;0.000000;-30;0.000000;0.000000;mq;mq;mq;710.000000;1105.000000;3100.000000;mq;1;8;780;mq;mq;mq;mq;mq;mq;mq;mq;mq;
61970;20110913090000;101910;mq;mq;mq;mq;302.250000;289.150000;45;mq;mq;mq;mq;mq;mq;mq;mq;mq;mq;mq;mq;mq;mq;mq;mq;mq;mq;mq;mq;mq;mq;mq;mq;mq;mq;mq;mq;0.000000;0.000000;mq;mq;mq;mq;mq;mq;mq;mq;mq;mq;mq;mq;mq;mq;mq;mq;mq;mq;mq;
61972;20110913090000;101910;mq;mq;60;4.100000;299.850000;295.250000;76;mq;mq;mq;mq;mq;mq;mq;mq;mq;mq;mq;mq;mq;mq;mq;mq;mq;mq;mq;mq;mq;mq;7.200000;-10;mq;mq;mq;mq;0.000000;0.000000;mq;mq;mq;710.000000;1107.000000;mq;mq;mq;mq;mq;mq;mq;mq;mq;mq;mq;mq;mq;mq;
61976;20110913090000;101950;mq;mq;130;11.300000;299.950000;291.550000;60;mq;mq;mq;mq;mq;mq;mq;mq;mq;mq;101800;mq;mq;30;mq;mq;mq;mq;mq;mq;mq;mq;mq;mq;mq;mq;mq;mq;mq;0.000000;mq;mq;mq;mq;mq;mq;mq;mq;mq;mq;mq;mq;mq;mq;mq;mq;mq;mq;mq;
61980;20110913090000;102400;mq;mq;120;11.800000;296.150000;288.950000;64;10000;1;8;2;75;6;450;38;20;10;mq;mq;mq;30;mq;mq;mq;mq;mq;mq;mq;mq;18.500000;-10;mq;mq;mq;mq;0.000000;0.400000;mq;mq;mq;710.000000;1119.000000;2447.000000;mq;1;8;480;4;8;750;5;6;1500;mq;mq;mq;
61996;20110913090000;mq;mq;mq;mq;mq;286.850000;mq;mq;mq;mq;mq;mq;mq;mq;mq;mq;mq;mq;mq;mq;mq;mq;mq;mq;mq;mq;mq;mq;mq;mq;mq;mq;mq;mq;mq;mq;0.000000;0.000000;mq;mq;mq;mq;mq;mq;mq;mq;mq;mq;mq;mq;mq;mq;mq;mq;mq;mq;mq;
61997;20110913090000;101600;mq;mq;180;7.700000;279.150000;272.150000;61;mq;mq;mq;mq;mq;mq;mq;mq;mq;mq;mq;mq;mq;mq;mq;mq;mq;mq;mq;mq;mq;mq;17.000000;-30;mq;mq;mq;mq;mq;0.000000;mq;mq;mq;1117.000000;mq;mq;mq;mq;mq;mq;mq;mq;mq;mq;mq;mq;mq;mq;mq;
61998;20110913090000;100300;mq;mq;360;8.700000;277.650000;276.350000;91;16000;60;2;2;100;8;450;38;61;60;mq;mq;mq;880;mq;mq;mq;mq;mq;mq;mq;mq;15.400000;-10;mq;mq;mq;mq;0.200000;0.200000;mq;mq;mq;710.000000;1115.000000;mq;mq;2;8;540;8;6;780;mq;mq;mq;mq;mq;mq;
67005;20110913090000;101730;mq;mq;130;1.500000;300.050000;292.950000;65;25000;2;1;1;60;5;800;32;20;10;mq;mq;mq;30;mq;mq;mq;mq;mq;mq;mq;mq;4.600000;-10;mq;mq;mq;mq;0.000000;0.000000;mq;mq;mq;710.000000;1105.000000;mq;mq;5;8;690;mq;mq;mq;mq;mq;mq;mq;mq;mq;
71805;20110913090000;101400;160;3;280;3.600000;286.950000;285.850000;93;25000;2;1;1;25;0;8000;30;20;11;101320;mq;mq;mq;mq;mq;mq;mq;mq;mq;mq;mq;6.700000;-10;mq;mq;0.000000;-30;0.000000;0.000000;mq;mq;mq;710.000000;1107.000000;3100.000000;mq;2;0;6300;mq;mq;mq;mq;mq;mq;mq;mq;mq;
78897;20110913090000;101400;-60;5;0;0.000000;297.750000;296.850000;95;15000;2;1;1;90;5;450;38;23;12;mq;mq;mq;mq;mq;mq;mq;mq;mq;mq;mq;mq;mq;mq;mq;mq;mq;mq;mq;mq;mq;mq;mq;mq;mq;mq;mq;3;8;540;3;6;1500;5;0;7800;mq;mq;mq;
78922;20110913090000;101410;-40;7;230;4.600000;296.650000;294.750000;89;mq;mq;mq;mq;mq;mq;mq;mq;mq;mq;100960;mq;mq;mq;mq;mq;mq;mq;mq;mq;mq;mq;mq;mq;mq;mq;mq;mq;mq;mq;mq;mq;mq;mq;mq;mq;mq;mq;mq;mq;mq;mq;mq;mq;mq;mq;mq;mq;mq;
78925;20110913090000;101430;-70;6;50;1.000000;297.350000;296.850000;97;45000;0;mq;mq;90;mq;1750;mq;mq;mq;mq;mq;mq;mq;mq;mq;mq;mq;mq;mq;mq;mq;mq;mq;mq;mq;mq;mq;mq;mq;mq;mq;mq;mq;mq;mq;mq;mq;mq;mq;mq;mq;mq;mq;mq;mq;mq;mq;mq;
81401;20110913090000;101400;mq;mq;0;0.000000;295.850000;295.050000;95;mq;mq;mq;mq;mq;mq;mq;mq;mq;mq;101340;mq;mq;mq;mq;mq;mq;mq;mq;mq;mq;mq;mq;mq;mq;mq;mq;mq;mq;0.000000;mq;mq;mq;mq;mq;mq;mq;mq;mq;mq;mq;mq;mq;mq;mq;mq;mq;mq;mq;
81405;20110913090000;101380;mq;mq;230;0.500000;296.650000;296.350000;98;28000;0;mq;mq;mq;mq;450;mq;mq;mq;101290;mq;mq;mq;mq;mq;mq;mq;mq;mq;mq;mq;mq;mq;mq;mq;mq;mq;mq;0.000000;mq;mq;mq;mq;mq;mq;mq;mq;mq;mq;mq;mq;mq;mq;mq;mq;mq;mq;mq;
81408;20110913090000;101340;mq;mq;0;0.000000;295.750000;295.250000;97;mq;mq;mq;mq;mq;mq;mq;mq;mq;mq;101260;mq;mq;mq;mq;mq;mq;mq;mq;mq;mq;mq;mq;mq;mq;mq;mq;mq;mq;0.000000;mq;mq;mq;mq;mq;mq;mq;mq;mq;mq;mq;mq;mq;mq;mq;mq;mq;mq;mq;
89642;20110913090000;98510;-80;8;130;24.700000;260.250000;258.150000;83;50;71;7;7;101;mq;mq;62;61;60;97960;mq;mq;mq;mq;mq;mq;mq;mq;mq;mq;36.000000;36.000000;-30;mq;mq;mq;mq;mq;mq;mq;mq;mq;1036.000000;1136.000000;mq;mq;mq;mq;mq;mq;mq;mq;mq;mq;mq;mq;mq;mq;
07005;20110913120000;101550;20;1;240;8.200000;290.750000;284.550000;67;30000;3;8;6;90;7;800;38;61;60;100680;mq;mq;mq;mq;mq;mq;mq;mq;mq;mq;mq;12.300000;-10;mq;mq;0.000000;-60;0.000000;0.000000;0.000000;mq;mq;710.000000;1112.000000;3100.000000;mq;6;8;690;mq;mq;mq;mq;mq;mq;mq;mq;mq;
07015;20110913120000;101420;20;1;260;7.700000;291.050000;283.650000;62;20000;2;1;1;90;5;800;38;23;60;100870;mq;mq;mq;mq;mq;mq;mq;mq;mq;mq;mq;11.800000;-10;mq;mq;0.000000;-60;0.000000;0.000000;0.000000;mq;mq;710.000000;1112.000000;3100.000000;mq;3;8;930;3;6;1380;5;3;3900;mq;mq;mq;
07020;20110913120000;101650;30;1;240;11.300000;290.950000;286.450000;75;14000;2;1;1;75;6;800;32;20;10;101390;mq;mq;mq;mq;mq;mq;mq;mq;mq;mq;mq;15.400000;-10;mq;mq;mq;mq;0.000000;0.000000;0.000000;mq;mq;710.000000;1115.000000;mq;mq;6;8;780;mq;mq;mq;mq;mq;mq;mq;mq;mq;
07027;20110913120000;101670;0;0;230;7.700000;292.050000;284.850000;63;35000;1;6;2;60;5;1250;38;20;10;100880;mq;mq;mq;mq;mq;mq;mq;mq;mq;mq;mq;11.300000;-10;mq;mq;0.000000;-60;0.000000;0.000000;0.000000;mq;mq;710.000000;1111.000000;3100.000000;mq;4;8;990;mq;mq;mq;mq;mq;mq;mq;mq;mq;
07037;20110913120000;101650;30;1;240;5.100000;291.150000;285.150000;68;15000;2;1;1;90;4;800;31;23;60;99870;mq;mq;mq;mq;mq;mq;mq;mq;mq;mq;mq;9.800000;-10;mq;mq;0.000000;-60;0.000000;0.000000;0.000000;mq;mq;710.000000;1110.000000;3100.000000;mq;4;8;870;6;3;3300;mq;mq;mq;mq;mq;mq;
07110;20110913120000;101900;110;1;300;6.700000;291.050000;283.650000;62;30000;2;1;1;40;3;800;38;20;10;100780;mq;mq;mq;mq;mq;mq;mq;mq;mq;mq;mq;11.300000;-10;mq;mq;mq;mq;0.000000;0.000000;0.000000;mq;mq;710.000000;1111.000000;mq;mq;3;8;780;mq;mq;mq;mq;mq;mq;mq;mq;mq;
07117;20110913120000;101830;120;3;270;7.200000;289.250000;284.650000;74;25000;2;1;1;75;6;800;38;20;10;101140;mq;mq;mq;mq;mq;mq;mq;mq;mq;mq;mq;14.900000;-10;mq;mq;mq;mq;0.000000;0.000000;0.000000;mq;mq;710.000000;1115.000000;2438.000000;mq;mq;mq;mq;mq;mq;mq;mq;mq;mq;mq;mq;mq;
07130;20110913120000;101830;20;1;260;5.700000;293.650000;285.350000;59;1600;10;mq;mq;mq;mq;1250;mq;mq;mq;101330;mq;mq;mq;mq;mq;mq;mq;mq;mq;mq;mq;8.200000;-10;mq;mq;mq;mq;0.000000;0.000000;0.200000;mq;mq;710.000000;1108.000000;mq;mq;mq;mq;mq;mq;mq;mq;mq;mq;mq;mq;mq;mq;
07139;20110913120000;101760;0;5;270;4.600000;290.850000;284.150000;65;30000;2;1;1;50;4;800;38;20;12;100070;mq;mq;mq;mq;mq;mq;mq;mq;mq;mq;mq;7.200000;-10;mq;mq;0.000000;-60;0.000000;0.000000;0.000000;mq;mq;710.000000;1107.000000;3100.000000;mq;3;8;780;mq;mq;mq;mq;mq;mq;mq;mq;mq;
07149;20110913120000;101690;-20;8;260;4.100000;292.650000;284.650000;60;30000;2;1;1;90;7;800;38;61;60;100630;mq;mq;mq;mq;mq;mq;mq;mq;mq;mq;mq;7.200000;-10;mq;mq;0.000000;-60;0.000000;0.000000;0.000000;mq;mq;710.000000;1107.000000;3100.000000;mq;2;8;930;7;6;1800;mq;mq;mq;mq;mq;mq;
07168;20110913120000;101730;-20;6;250;5.100000;291.850000;287.150000;74;30000;3;6;2;90;7;800;38;61;60;100350;mq;mq;mq;mq;mq;mq;mq;mq;mq;mq;mq;9.300000;-10;mq;mq;0.000000;-60;0.000000;0.000000;0.200000;mq;mq;710.000000;1109.000000;3100.000000;mq;5;8;630;6;6;1800;mq;mq;mq;mq;mq;mq;
07181;20110913120000;101610;30;3;250;7.700000;292.250000;287.050000;72;50000;3;6;5;90;7;800;38;27;60;97660;mq;mq;mq;mq;mq;mq;mq;mq;mq;mq;mq;11.800000;-10;mq;mq;0.000000;-60;0.000000;0.000000;1.000000;mq;mq;710.000000;1112.000000;3100.000000;mq;6;8;780;6;6;1800;mq;mq;mq;mq;mq;mq;
07190;20110913120000;101470;-100;6;220;6.700000;297.150000;288.350000;58;40000;0;mq;mq;90;mq;1250;mq;mq;mq;99740;mq;mq;mq;mq;mq;mq;mq;mq;mq;mq;mq;10.300000;-10;mq;mq;mq;mq;0.000000;0.000000;0.000000;mq;mq;710.000000;1110.000000;mq;mq;mq;mq;mq;mq;mq;mq;mq;mq;mq;mq;mq;mq;
07207;20110913120000;mq;mq;mq;310;5.100000;292.250000;286.650000;70;14000;2;1;1;60;5;450;31;61;60;mq;mq;mq;mq;mq;mq;mq;mq;mq;mq;mq;mq;9.300000;-10;mq;mq;mq;mq;0.000000;0.000000;0.000000;mq;mq;710.000000;1109.000000;2447.000000;mq;mq;mq;mq;mq;mq;mq;mq;mq;mq;mq;mq;mq;
07222;20110913120000;101900;20;3;320;2.100000;291.150000;288.550000;85;15000;1;6;5;90;7;250;38;61;60;101590;mq;mq;mq;mq;mq;mq;mq;mq;mq;mq;mq;3.600000;-10;mq;mq;mq;mq;0.000000;0.400000;2.000000;mq;mq;710.000000;1104.000000;mq;mq;4;8;270;6;6;540;mq;mq;mq;mq;mq;mq;
07240;20110913120000;101850;-30;7;260;1.000000;289.150000;287.350000;89;15000;0;mq;mq;100;mq;450;mq;mq;mq;100520;mq;mq;mq;mq;mq;mq;mq;mq;mq;mq;mq;4.100000;-10;mq;mq;mq;mq;0.000000;0.200000;0.200000;mq;mq;710.000000;1104.000000;mq;mq;mq;mq;mq;mq;mq;mq;mq;mq;mq;mq;mq;mq;
07255;20110913120000;101840;-30;8;290;1.500000;291.950000;287.650000;76;18000;2;6;2;100;7;800;35;61;60;99900;mq;mq;mq;mq;mq;mq;mq;mq;mq;mq;mq;3.100000;-10;mq;mq;0.000000;-60;0.000000;0.000000;0.200000;mq;mq;710.000000;1103.000000;3100.000000;mq;7;6;600;mq;mq;mq;mq;mq;mq;mq;mq;mq;
07280;20110913120000;101680;-50;6;230;3.100000;296.350000;287.350000;57;60000;0;mq;mq;100;mq;1250;mq;mq;mq;99080;mq;mq;mq;mq;mq;mq;mq;mq;mq;mq;mq;7.200000;-10;mq;mq;mq;mq;0.000000;0.000000;0.200000;mq;mq;710.000000;1107.000000;mq;mq;mq;mq;mq;mq;mq;mq;mq;mq;mq;mq;mq;mq;
07299;20110913120000;101630;0;5;270;3.600000;295.650000;289.650000;69;30000;2;1;1;90;7;800;38;61;60;98510;mq;mq;mq;mq;mq;mq;mq;mq;mq;mq;mq;8.200000;-10;mq;mq;0.000000;-60;0.000000;0.000000;0.000000;mq;mq;710.000000;1108.000000;3100.000000;mq;2;8;780;7;6;1500;mq;mq;mq;mq;mq;mq;
07314;20110913120000;101870;20;0;330;3.100000;292.450000;291.750000;96;8000;2;1;1;100;8;450;36;20;10;101600;mq;mq;mq;mq;mq;mq;mq;mq;mq;mq;mq;9.300000;-10;mq;mq;mq;mq;0.000000;0.000000;1.000000;mq;mq;710.000000;1109.000000;2436.000000;mq;8;7;480;mq;mq;mq;mq;mq;mq;mq;mq;mq;
07335;20110913120000;101800;-50;8;340;1.000000;292.150000;291.350000;95;2200;61;6;5;100;8;150;37;61;60;100400;mq;mq;mq;mq;mq;mq;mq;mq;mq;mq;mq;3.100000;-10;mq;mq;mq;mq;1.000000;2.000000;3.000000;mq;mq;710.000000;1103.000000;mq;mq;7;7;150;mq;mq;mq;mq;mq;mq;mq;mq;mq;
07434;20110913120000;101810;-30;8;230;2.600000;293.650000;290.450000;82;15000;20;6;5;90;7;450;37;61;60;97200;mq;mq;mq;mq;mq;mq;mq;mq;mq;mq;mq;4.600000;-10;mq;mq;0.000000;-60;0.000000;0.200000;0.200000;mq;mq;710.000000;1105.000000;3100.000000;mq;5;7;330;5;6;990;mq;mq;mq;mq;mq;mq;
07460;20110913120000;101700;-90;8;70;1.000000;297.050000;289.550000;63;30000;2;1;1;75;6;800;38;20;10;98000;mq;mq;mq;mq;mq;mq;mq;mq;mq;mq;mq;4.100000;-10;mq;mq;0.000000;-60;0.000000;0.000000;0.000000;mq;mq;710.000000;1104.000000;3100.000000;mq;3;8;900;5;6;1290;mq;mq;mq;mq;mq;mq;
07471;20110913120000;mq;-90;7;10;4.100000;295.950000;285.250000;51;45000;2;1;1;60;5;1250;35;20;10;92380;85000;17870;mq;mq;mq;mq;mq;mq;mq;mq;mq;7.700000;-10;mq;mq;0.000000;-60;0.000000;0.000000;0.000000;mq;mq;710.000000;1108.000000;3100.000000;mq;5;6;1200;mq;mq;mq;mq;mq;mq;mq;mq;mq;
07481;20110913120000;101700;-80;8;50;2.100000;298.450000;288.450000;54;40000;2;1;1;25;2;1250;38;20;10;98970;mq;mq;mq;mq;mq;mq;mq;mq;mq;mq;mq;5.100000;-10;mq;mq;0.000000;-60;0.000000;0.000000;0.000000;mq;mq;710.000000;1105.000000;3100.000000;mq;2;8;1200;mq;mq;mq;mq;mq;mq;mq;mq;mq;
07510;20110913120000;101820;-90;8;350;4.100000;299.250000;290.050000;57;35000;2;1;1;60;3;800;38;23;11;101200;mq;mq;mq;mq;mq;mq;mq;mq;mq;mq;mq;8.700000;-10;mq;mq;0.000000;-60;0.000000;0.000000;0.000000;mq;mq;710.000000;1109.000000;3100.000000;mq;3;8;930;mq;mq;mq;mq;mq;mq;mq;mq;mq;
07535;20110913120000;101740;-90;8;310;2.600000;299.750000;287.550000;47;30000;2;1;1;10;1;1250;31;20;11;98790;mq;mq;mq;mq;mq;mq;mq;mq;mq;mq;mq;6.200000;-10;mq;mq;0.000000;-60;0.000000;0.000000;0.000000;mq;mq;710.000000;1106.000000;3100.000000;mq;1;8;1080;mq;mq;mq;mq;mq;mq;mq;mq;mq;
07558;20110913120000;101520;-90;8;340;4.600000;297.550000;285.850000;48;60000;2;1;1;10;1;1250;31;20;10;93620;mq;mq;mq;mq;mq;mq;mq;mq;mq;mq;mq;10.300000;-10;mq;mq;0.000000;-60;0.000000;0.000000;0.000000;mq;mq;710.000000;1110.000000;3100.000000;mq;1;8;1380;mq;mq;mq;mq;mq;mq;mq;mq;mq;
07577;20110913120000;101560;-120;8;30;6.700000;302.250000;283.850000;32;60000;2;1;1;10;1;800;31;20;10;100720;mq;mq;mq;mq;mq;mq;mq;mq;mq;mq;mq;11.300000;-10;mq;mq;0.000000;-60;0.000000;0.000000;0.000000;mq;mq;710.000000;1111.000000;3100.000000;mq;1;8;780;mq;mq;mq;mq;mq;mq;mq;mq;mq;
07591;20110913120000;mq;-190;7;200;5.100000;300.050000;281.050000;30;mq;0;mq;mq;mq;mq;mq;mq;mq;mq;91720;mq;mq;mq;mq;mq;mq;mq;mq;mq;mq;mq;8.200000;-10;mq;mq;mq;mq;0.000000;0.000000;0.000000;mq;mq;710.000000;1108.000000;mq;mq;mq;mq;mq;mq;mq;mq;mq;mq;mq;mq;mq;mq;
07607;20110913120000;101770;-70;6;60;2.100000;301.150000;289.450000;49;40000;0;mq;mq;mq;mq;mq;mq;mq;mq;101100;mq;mq;mq;mq;mq;mq;mq;mq;mq;mq;mq;5.100000;-10;mq;mq;mq;mq;0.000000;0.000000;0.000000;mq;mq;710.000000;1105.000000;mq;mq;mq;mq;mq;mq;mq;mq;mq;mq;mq;mq;mq;mq;
07621;20110913120000;101650;-20;8;50;2.600000;299.650000;290.150000;56;40000;2;1;1;10;0;8000;30;20;11;97570;mq;mq;mq;mq;mq;mq;mq;mq;mq;mq;mq;5.100000;-10;mq;mq;0.000000;-60;0.000000;0.000000;0.000000;mq;mq;710.000000;1105.000000;3100.000000;mq;1;0;6900;mq;mq;mq;mq;mq;mq;mq;mq;mq;
07627;20110913120000;101610;-60;8;100;1.500000;300.150000;288.250000;48;40000;2;1;1;10;1;1750;31;20;10;97020;mq;mq;mq;mq;mq;mq;mq;mq;mq;mq;mq;4.600000;-10;mq;mq;0.000000;-60;0.000000;0.000000;0.000000;mq;mq;710.000000;1105.000000;3100.000000;mq;1;8;1800;mq;mq;mq;mq;mq;mq;mq;mq;mq;
07630;20110913120000;101710;-110;8;30;2.100000;301.750000;285.650000;37;40000;2;1;1;25;0;8000;30;20;11;100010;mq;mq;mq;mq;mq;mq;mq;mq;mq;mq;mq;5.100000;-10;mq;mq;0.000000;-60;0.000000;0.000000;0.000000;mq;mq;710.000000;1105.000000;3100.000000;mq;2;0;7800;mq;mq;mq;mq;mq;mq;mq;mq;mq;
07643;20110913120000;101550;-120;8;20;4.600000;303.450000;283.950000;30;70000;2;1;1;0;mq;mq;mq;mq;mq;101460;mq;mq;mq;mq;mq;mq;mq;mq;mq;mq;mq;8.200000;-10;mq;mq;mq;mq;0.000000;0.000000;0.000000;mq;mq;710.000000;1108.000000;mq;mq;mq;mq;mq;mq;mq;mq;mq;mq;mq;mq;mq;mq;
07650;20110913120000;101500;-90;8;280;3.100000;301.950000;285.850000;37;60000;2;1;1;0;mq;mq;mq;mq;mq;101140;mq;mq;mq;mq;mq;mq;mq;mq;mq;mq;mq;4.600000;-10;mq;mq;0.000000;-60;0.000000;0.000000;0.000000;mq;mq;710.000000;1105.000000;3100.000000;mq;mq;mq;mq;mq;mq;mq;mq;mq;mq;mq;mq;mq;
07661;20110913120000;101520;-70;8;260;3.100000;298.650000;292.550000;69;25000;2;1;1;0;mq;mq;mq;mq;mq;99990;mq;mq;mq;mq;mq;mq;mq;mq;mq;mq;mq;5.700000;-10;mq;mq;mq;mq;0.000000;0.000000;0.000000;mq;mq;710.000000;1106.000000;mq;mq;mq;mq;mq;mq;mq;mq;mq;mq;mq;mq;mq;mq;
07690;20110913120000;101540;-80;7;140;2.100000;300.350000;292.450000;62;30000;2;1;1;10;1;800;31;20;10;101220;mq;mq;mq;mq;mq;mq;mq;mq;mq;mq;mq;2.600000;-10;mq;mq;0.000000;-60;0.000000;0.000000;0.000000;mq;mq;710.000000;1103.000000;3100.000000;mq;1;8;780;mq;mq;mq;mq;mq;mq;mq;mq;mq;
07747;20110913120000;101550;-150;8;90;3.600000;304.350000;284.750000;30;40000;2;1;1;10;1;1750;31;20;10;101050;mq;mq;mq;mq;mq;mq;mq;mq;mq;mq;mq;7.200000;-10;mq;mq;mq;mq;0.000000;0.000000;0.000000;mq;mq;710.000000;1107.000000;mq;mq;1;8;1500;mq;mq;mq;mq;mq;mq;mq;mq;mq;
07761;20110913120000;101450;-100;8;200;4.100000;301.050000;290.250000;52;35000;2;1;1;10;1;1250;31;20;10;101350;mq;mq;mq;mq;mq;mq;mq;mq;mq;mq;mq;5.700000;-10;mq;mq;0.000000;-60;0.000000;0.000000;0.000000;mq;mq;710.000000;1106.000000;3100.000000;mq;1;8;990;mq;mq;mq;mq;mq;mq;mq;mq;mq;
07790;20110913120000;101500;-70;8;100;3.600000;300.250000;293.150000;65;50000;2;1;1;10;1;800;32;20;10;101360;mq;mq;mq;mq;mq;mq;mq;mq;mq;mq;mq;5.700000;-10;mq;mq;0.000000;-60;0.000000;0.000000;0.000000;mq;mq;710.000000;1106.000000;3100.000000;mq;1;8;780;mq;mq;mq;mq;mq;mq;mq;mq;mq;
61968;20110913120000;101510;mq;mq;90;5.700000;301.550000;293.550000;62;mq;mq;mq;mq;mq;mq;mq;mq;mq;mq;mq;mq;mq;mq;mq;mq;mq;mq;mq;mq;mq;mq;10.300000;-10;mq;mq;mq;mq;0.000000;mq;0.000000;mq;mq;710.000000;1110.000000;mq;mq;mq;mq;mq;mq;mq;mq;mq;mq;mq;mq;mq;mq;
61970;20110913120000;101710;mq;mq;mq;mq;301.450000;289.350000;48;mq;mq;mq;mq;mq;mq;mq;mq;mq;mq;mq;mq;mq;mq;mq;mq;mq;mq;mq;mq;mq;mq;mq;mq;mq;mq;mq;mq;0.000000;mq;0.000000;mq;mq;mq;mq;mq;mq;mq;mq;mq;mq;mq;mq;mq;mq;mq;mq;mq;mq;
61972;20110913120000;101750;mq;mq;40;3.100000;300.150000;295.950000;78;mq;mq;mq;mq;mq;mq;mq;mq;mq;mq;mq;mq;mq;mq;mq;mq;mq;mq;mq;mq;mq;mq;6.700000;-10;mq;mq;mq;mq;0.000000;mq;0.000000;mq;mq;710.000000;1107.000000;mq;mq;mq;mq;mq;mq;mq;mq;mq;mq;mq;mq;mq;mq;
61976;20110913120000;101840;mq;mq;130;10.300000;299.550000;292.650000;66;mq;mq;mq;mq;mq;mq;mq;mq;mq;mq;101690;mq;mq;40;mq;mq;mq;mq;mq;mq;mq;mq;mq;mq;mq;mq;mq;mq;mq;mq;mq;mq;mq;mq;mq;mq;mq;mq;mq;mq;mq;mq;mq;mq;mq;mq;mq;mq;mq;
61980;20110913120000;102300;mq;mq;120;11.300000;296.650000;288.650000;61;10000;1;8;1;60;5;800;38;20;10;mq;mq;mq;80;mq;mq;mq;mq;mq;mq;mq;mq;15.900000;-10;mq;mq;mq;mq;0.000000;mq;0.600000;mq;mq;710.000000;1116.000000;2447.000000;mq;3;8;780;3;6;1800;mq;mq;mq;mq;mq;mq;
61996;20110913120000;mq;mq;mq;mq;mq;285.450000;mq;mq;mq;mq;mq;mq;mq;mq;mq;mq;mq;mq;mq;mq;mq;mq;mq;mq;mq;mq;mq;mq;mq;mq;mq;mq;mq;mq;mq;mq;0.000000;mq;0.000000;mq;mq;mq;mq;mq;mq;mq;mq;mq;mq;mq;mq;mq;mq;mq;mq;mq;mq;
61997;20110913120000;101700;mq;mq;330;5.100000;279.750000;272.050000;58;mq;mq;mq;mq;mq;mq;mq;mq;mq;mq;mq;mq;mq;180;mq;mq;mq;mq;mq;mq;mq;mq;17.000000;-60;mq;mq;mq;mq;mq;mq;0.000000;mq;mq;1117.000000;mq;mq;mq;mq;mq;mq;mq;mq;mq;mq;mq;mq;mq;mq;mq;
61998;20110913120000;99930;mq;mq;300;11.300000;279.950000;276.950000;81;15000;15;1;1;50;4;800;34;23;10;mq;mq;mq;mq;mq;mq;mq;mq;mq;mq;mq;mq;16.500000;-10;mq;mq;mq;mq;0.000000;mq;0.200000;mq;mq;710.000000;1116.000000;mq;mq;4;6;690;mq;mq;mq;mq;mq;mq;mq;mq;mq;
67005;20110913120000;101600;mq;mq;60;3.600000;299.750000;293.550000;69;25000;2;1;1;50;4;800;32;20;10;mq;mq;mq;30;mq;mq;mq;mq;mq;mq;mq;mq;5.700000;-10;mq;mq;mq;mq;0.000000;mq;0.000000;mq;mq;710.000000;1106.000000;mq;mq;4;8;690;mq;mq;mq;mq;mq;mq;mq;mq;mq;
71805;20110913120000;101610;210;1;280;5.100000;290.750000;286.850000;78;9000;0;mq;mq;mq;mq;mq;mq;mq;mq;101530;mq;mq;mq;mq;mq;mq;mq;mq;mq;mq;mq;7.700000;-10;mq;mq;mq;mq;0.000000;0.000000;0.000000;mq;mq;710.000000;1108.000000;mq;mq;mq;mq;mq;mq;mq;mq;mq;mq;mq;mq;mq;mq;
78897;20110913120000;101470;70;3;140;2.600000;301.550000;297.750000;80;20000;25;8;6;90;4;800;38;23;12;mq;mq;mq;mq;297.450000;mq;mq;304.150000;mq;mq;mq;mq;mq;mq;mq;mq;mq;mq;mq;mq;0.800000;mq;11.500000;mq;mq;mq;mq;3;8;750;6;0;7800;mq;mq;mq;mq;mq;mq;
78922;20110913120000;101500;90;3;200;3.100000;299.450000;296.350000;83;mq;mq;mq;mq;mq;mq;mq;mq;mq;mq;101050;mq;mq;mq;mq;mq;mq;mq;mq;mq;mq;mq;mq;mq;mq;mq;mq;mq;mq;mq;mq;mq;mq;mq;mq;mq;mq;mq;mq;mq;mq;mq;mq;mq;mq;mq;mq;mq;mq;
78925;20110913120000;101500;70;3;30;1.000000;299.050000;297.650000;92;30000;2;1;1;90;3;1250;38;23;12;mq;mq;mq;mq;297.250000;mq;mq;305.550000;mq;mq;mq;mq;mq;mq;mq;mq;mq;mq;mq;mq;0.400000;mq;4.500000;mq;mq;mq;mq;2;6;1290;5;3;3900;6;0;7800;mq;mq;mq;
81401;20110913120000;101480;mq;mq;70;2.100000;302.650000;297.250000;73;mq;mq;mq;mq;mq;mq;mq;mq;mq;mq;101420;mq;mq;mq;295.650000;mq;mq;mq;mq;mq;mq;mq;mq;mq;mq;mq;mq;mq;mq;0.200000;mq;mq;0.200000;mq;mq;mq;mq;mq;mq;mq;mq;mq;mq;mq;mq;mq;mq;mq;mq;
81405;20110913120000;101510;mq;mq;110;1.500000;302.050000;297.650000;77;10000;2;1;1;60;4;450;32;23;10;101420;mq;mq;mq;296.250000;mq;mq;mq;mq;mq;mq;mq;mq;mq;mq;mq;mq;mq;mq;0.000000;mq;mq;0.000000;mq;mq;mq;mq;mq;mq;mq;mq;mq;mq;mq;mq;mq;mq;mq;mq;
81408;20110913120000;101500;mq;mq;0;0.000000;300.450000;297.550000;84;mq;mq;mq;mq;mq;mq;mq;mq;mq;mq;101420;mq;mq;mq;295.750000;mq;mq;mq;mq;mq;mq;mq;mq;mq;mq;mq;mq;mq;mq;0.000000;mq;mq;0.000000;mq;mq;mq;mq;mq;mq;mq;mq;mq;mq;mq;mq;mq;mq;mq;mq;
89642;20110913120000;98250;-260;8;130;26.200000;260.650000;258.550000;83;50;71;7;7;101;mq;mq;62;61;60;97700;mq;mq;mq;257.350000;mq;261.450000;mq;mq;mq;mq;38.100000;38.100000;-60;mq;mq;mq;mq;mq;mq;mq;mq;mq;1038.000000;1138.000000;mq;mq;mq;mq;mq;mq;mq;mq;mq;mq;mq;mq;mq;mq;
07005;20110913150000;101520;-30;7;250;9.300000;291.450000;284.750000;65;35000;2;1;1;10;1;800;32;20;10;100650;mq;mq;mq;mq;mq;mq;mq;mq;mq;mq;mq;13.400000;-10;mq;mq;0.000000;-30;0.000000;0.000000;mq;mq;mq;710.000000;1113.000000;3100.000000;mq;1;8;690;mq;mq;mq;mq;mq;mq;mq;mq;mq;
07015;20110913150000;101420;0;0;260;9.800000;292.150000;283.450000;57;30000;2;1;1;50;4;1250;32;20;10;100870;mq;mq;mq;mq;mq;mq;mq;mq;mq;mq;mq;13.900000;-10;mq;mq;0.000000;-30;0.000000;0.000000;mq;mq;mq;710.000000;1114.000000;3100.000000;mq;4;8;1080;mq;mq;mq;mq;mq;mq;mq;mq;mq;
07020;20110913150000;101740;90;3;270;9.800000;289.950000;284.850000;72;mq;mq;mq;mq;mq;mq;mq;mq;mq;mq;101480;mq;mq;mq;mq;mq;mq;mq;mq;mq;mq;mq;14.900000;-10;mq;mq;mq;mq;0.000000;0.000000;mq;mq;mq;710.000000;1115.000000;mq;mq;mq;mq;mq;mq;mq;mq;mq;mq;mq;mq;mq;mq;
07027;20110913150000;101720;50;1;240;7.200000;291.750000;284.550000;63;35000;2;1;1;60;5;1250;38;20;10;100930;mq;mq;mq;mq;mq;mq;mq;mq;mq;mq;mq;12.900000;-10;mq;mq;0.000000;-30;0.000000;0.000000;mq;mq;mq;710.000000;1113.000000;3100.000000;mq;3;8;1350;3;6;1800;mq;mq;mq;mq;mq;mq;
07037;20110913150000;101610;-40;7;260;5.700000;292.050000;284.850000;63;15000;2;1;1;60;5;1250;38;20;10;99830;mq;mq;mq;mq;mq;mq;mq;mq;mq;mq;mq;10.800000;-10;mq;mq;0.000000;-30;0.000000;0.000000;mq;mq;mq;710.000000;1111.000000;3100.000000;mq;4;8;1050;4;6;1800;mq;mq;mq;mq;mq;mq;
07110;20110913150000;102010;100;1;310;5.700000;289.750000;281.950000;60;30000;2;1;1;50;4;800;31;20;10;100880;mq;mq;mq;mq;mq;mq;mq;mq;mq;mq;mq;10.800000;-10;mq;mq;mq;mq;0.000000;0.000000;mq;mq;mq;710.000000;1111.000000;mq;mq;4;8;870;mq;mq;mq;mq;mq;mq;mq;mq;mq;
07117;20110913150000;101930;100;1;280;7.700000;289.650000;283.250000;66;25000;2;1;1;50;4;800;32;20;10;101240;mq;mq;mq;mq;mq;mq;mq;mq;mq;mq;mq;13.400000;-10;mq;mq;mq;mq;0.000000;0.000000;mq;mq;mq;710.000000;1113.000000;2438.000000;mq;mq;mq;mq;mq;mq;mq;mq;mq;mq;mq;mq;mq;
07130;20110913150000;101800;-30;6;290;5.700000;294.850000;284.550000;52;40000;0;mq;mq;mq;mq;1750;mq;mq;mq;101300;mq;mq;mq;mq;mq;mq;mq;mq;mq;mq;mq;10.300000;-10;mq;mq;mq;mq;0.000000;0.000000;mq;mq;mq;710.000000;1110.000000;mq;mq;mq;mq;mq;mq;mq;mq;mq;mq;mq;mq;mq;mq;
07139;20110913150000;101740;-20;8;280;5.100000;292.150000;282.350000;53;35000;2;1;1;40;3;800;32;20;10;100050;mq;mq;mq;mq;mq;mq;mq;mq;mq;mq;mq;7.700000;-10;mq;mq;0.000000;-30;0.000000;0.000000;mq;mq;mq;710.000000;1108.000000;3100.000000;mq;3;8;900;mq;mq;mq;mq;mq;mq;mq;mq;mq;
07149;20110913150000;101680;0;0;260;4.600000;293.750000;284.350000;55;30000;2;1;1;40;3;1250;38;20;10;100630;mq;mq;mq;mq;mq;mq;mq;mq;mq;mq;mq;8.200000;-10;mq;mq;0.000000;-30;0.000000;0.000000;mq;mq;mq;710.000000;1108.000000;3100.000000;mq;2;8;1080;mq;mq;mq;mq;mq;mq;mq;mq;mq;
07168;20110913150000;101740;0;5;270;4.100000;290.550000;288.050000;85;8000;61;6;2;100;8;450;38;61;60;100350;mq;mq;mq;mq;mq;mq;mq;mq;mq;mq;mq;9.300000;-10;mq;mq;0.000000;-30;0.400000;0.400000;mq;mq;mq;710.000000;1109.000000;3100.000000;mq;2;8;480;7;6;690;mq;mq;mq;mq;mq;mq;
07181;20110913150000;101630;10;1;270;4.600000;291.550000;288.450000;82;60000;0;mq;mq;100;mq;800;mq;mq;mq;97670;mq;mq;mq;mq;mq;mq;mq;mq;mq;mq;mq;7.700000;-10;mq;mq;mq;mq;0.000000;0.000000;mq;mq;mq;710.000000;1108.000000;mq;mq;mq;mq;mq;mq;mq;mq;mq;mq;mq;mq;mq;mq;
07190;20110913150000;101460;-10;8;260;5.100000;297.250000;287.350000;54;60000;0;mq;mq;100;mq;1250;mq;mq;mq;99730;mq;mq;mq;mq;mq;mq;mq;mq;mq;mq;mq;10.800000;-10;mq;mq;mq;mq;0.000000;0.000000;mq;mq;mq;710.000000;1111.000000;mq;mq;mq;mq;mq;mq;mq;mq;mq;mq;mq;mq;mq;mq;
07207;20110913150000;mq;mq;mq;310;5.100000;291.950000;285.650000;67;18000;2;1;1;25;2;450;31;61;60;mq;mq;mq;mq;mq;mq;mq;mq;mq;mq;mq;mq;10.300000;-10;mq;mq;mq;mq;0.000000;0.000000;mq;mq;mq;710.000000;1110.000000;2447.000000;mq;mq;mq;mq;mq;mq;mq;mq;mq;mq;mq;mq;mq;
07222;20110913150000;101880;-20;8;290;3.600000;292.850000;286.550000;67;30000;1;5;1;50;4;800;32;20;10;101570;mq;mq;mq;mq;mq;mq;mq;mq;mq;mq;mq;6.700000;-10;mq;mq;mq;mq;0.000000;0.200000;mq;mq;mq;710.000000;1107.000000;mq;mq;4;8;900;mq;mq;mq;mq;mq;mq;mq;mq;mq;
07240;20110913150000;101850;10;0;270;3.100000;291.250000;286.750000;75;60000;0;mq;mq;100;mq;450;mq;mq;mq;100530;mq;mq;mq;mq;mq;mq;mq;mq;mq;mq;mq;5.700000;-10;mq;mq;mq;mq;0.000000;0.000000;mq;mq;mq;710.000000;1106.000000;mq;mq;mq;mq;mq;mq;mq;mq;mq;mq;mq;mq;mq;mq;
07255;20110913150000;101810;-40;6;340;2.100000;290.350000;289.350000;94;3000;51;6;5;100;8;150;37;61;60;99860;mq;mq;mq;mq;mq;mq;mq;mq;mq;mq;mq;4.600000;-10;mq;mq;0.000000;-30;0.000000;0.200000;mq;mq;mq;710.000000;1105.000000;3100.000000;mq;8;7;150;mq;mq;mq;mq;mq;mq;mq;mq;mq;
07280;20110913150000;101680;10;4;260;4.100000;295.750000;289.350000;67;60000;0;mq;mq;100;mq;800;mq;mq;mq;99070;mq;mq;mq;mq;mq;mq;mq;mq;mq;mq;mq;6.200000;-10;mq;mq;mq;mq;0.000000;0.000000;mq;mq;mq;710.000000;1106.000000;mq;mq;mq;mq;mq;mq;mq;mq;mq;mq;mq;mq;mq;mq;
07299;20110913150000;101540;-60;8;260;3.600000;298.450000;290.150000;60;40000;2;1;1;75;3;1250;38;23;10;98450;mq;mq;mq;mq;mq;mq;mq;mq;mq;mq;mq;9.800000;-10;mq;mq;0.000000;-30;0.000000;0.000000;mq;mq;mq;710.000000;1110.000000;3100.000000;mq;1;8;1050;3;6;1500;6;3;2400;mq;mq;mq;
07314;20110913150000;101990;120;1;330;7.700000;292.050000;289.650000;86;14000;2;1;1;90;5;1250;35;29;10;101720;mq;mq;mq;mq;mq;mq;mq;mq;mq;mq;mq;10.300000;-10;mq;mq;mq;mq;0.000000;0.000000;mq;mq;mq;710.000000;1110.000000;2437.000000;mq;5;6;990;7;3;1800;mq;mq;mq;mq;mq;mq;
07335;20110913150000;101900;80;3;350;4.600000;289.550000;288.950000;96;10000;60;6;2;100;8;250;37;61;60;100480;mq;mq;mq;mq;mq;mq;mq;mq;mq;mq;mq;7.200000;-10;mq;mq;mq;mq;3.000000;5.000000;mq;mq;mq;710.000000;1107.000000;mq;mq;6;7;210;7;6;360;mq;mq;mq;mq;mq;mq;
07434;20110913150000;101800;-10;5;280;3.100000;293.050000;290.850000;87;12000;60;6;2;90;7;450;38;61;60;97190;mq;mq;mq;mq;mq;mq;mq;mq;mq;mq;mq;5.700000;-10;mq;mq;0.000000;-30;0.000000;0.000000;mq;mq;mq;710.000000;1106.000000;3100.000000;mq;6;8;360;3;6;1380;mq;mq;mq;mq;mq;mq;
07460;20110913150000;101570;-110;8;10;2.100000;298.250000;289.950000;60;30000;2;1;1;75;6;1250;38;23;10;97890;mq;mq;mq;mq;mq;mq;mq;mq;mq;mq;mq;5.100000;-10;mq;mq;0.000000;-30;0.000000;0.000000;mq;mq;mq;710.000000;1105.000000;3100.000000;mq;4;8;990;3;6;1500;mq;mq;mq;mq;mq;mq;
07471;20110913150000;mq;-90;8;360;3.100000;297.750000;286.350000;49;45000;2;1;1;50;4;1250;31;20;10;92290;85000;17780;mq;mq;mq;mq;mq;mq;mq;mq;mq;6.700000;-10;mq;mq;0.000000;-30;0.000000;0.000000;mq;mq;mq;710.000000;1107.000000;3100.000000;mq;4;8;1200;mq;mq;mq;mq;mq;mq;mq;mq;mq;
07481;20110913150000;101580;-110;7;40;2.600000;299.350000;287.750000;49;60000;2;1;1;90;7;1750;38;20;10;98860;mq;mq;mq;mq;mq;mq;mq;mq;mq;mq;mq;7.200000;-10;mq;mq;0.000000;-30;0.000000;0.000000;mq;mq;mq;710.000000;1107.000000;3100.000000;mq;1;8;1500;7;6;1800;mq;mq;mq;mq;mq;mq;
07510;20110913150000;101850;30;3;310;5.700000;298.550000;290.450000;61;35000;2;1;1;25;2;800;31;23;10;101230;mq;mq;mq;mq;mq;mq;mq;mq;mq;mq;mq;9.800000;-10;mq;mq;0.000000;-30;0.000000;0.000000;mq;mq;mq;710.000000;1110.000000;3100.000000;mq;2;8;900;mq;mq;mq;mq;mq;mq;mq;mq;mq;
07535;20110913150000;101620;-100;8;320;1.500000;302.350000;286.950000;39;30000;2;1;1;10;1;1750;31;20;60;98690;mq;mq;mq;mq;mq;mq;mq;mq;mq;mq;mq;4.600000;-10;mq;mq;0.000000;-30;0.000000;0.000000;mq;mq;mq;710.000000;1105.000000;3100.000000;mq;1;8;1800;mq;mq;mq;mq;mq;mq;mq;mq;mq;
07558;20110913150000;101320;-120;7;310;4.100000;300.150000;285.750000;41;60000;2;1;1;10;1;1750;31;20;10;93500;mq;mq;mq;mq;mq;mq;mq;mq;mq;mq;mq;8.200000;-10;mq;mq;0.000000;-30;0.000000;0.000000;mq;mq;mq;710.000000;1108.000000;3100.000000;mq;1;8;1500;mq;mq;mq;mq;mq;mq;mq;mq;mq;
07577;20110913150000;101440;-120;8;20;6.200000;302.550000;285.450000;35;60000;2;1;1;10;1;800;31;20;10;100600;mq;mq;mq;mq;mq;mq;mq;mq;mq;mq;mq;10.800000;-10;mq;mq;0.000000;-30;0.000000;0.000000;mq;mq;mq;710.000000;1111.000000;3100.000000;mq;1;8;780;mq;mq;mq;mq;mq;mq;mq;mq;mq;
07591;20110913150000;mq;-150;6;230;5.100000;301.450000;280.150000;26;mq;0;mq;mq;mq;mq;mq;mq;mq;mq;91570;mq;mq;mq;mq;mq;mq;mq;mq;mq;mq;mq;10.300000;-10;mq;mq;mq;mq;0.000000;0.000000;mq;mq;mq;710.000000;1110.000000;mq;mq;mq;mq;mq;mq;mq;mq;mq;mq;mq;mq;mq;mq;
07607;20110913150000;101720;-50;6;340;4.100000;301.750000;289.650000;48;55000;0;mq;mq;75;mq;1750;mq;mq;mq;101050;mq;mq;mq;mq;mq;mq;mq;mq;mq;mq;mq;6.700000;-10;mq;mq;mq;mq;0.000000;0.000000;mq;mq;mq;710.000000;1107.000000;mq;mq;mq;mq;mq;mq;mq;mq;mq;mq;mq;mq;mq;mq;
07621;20110913150000;101630;-20;5;320;3.100000;299.950000;288.950000;51;40000;2;1;1;40;3;1250;31;20;11;97550;mq;mq;mq;mq;mq;mq;mq;mq;mq;mq;mq;5.700000;-10;mq;mq;0.000000;-30;0.000000;0.000000;mq;mq;mq;710.000000;1106.000000;3100.000000;mq;3;8;1380;mq;mq;mq;mq;mq;mq;mq;mq;mq;
07627;20110913150000;101520;-80;6;320;2.100000;301.150000;286.250000;40;30000;2;1;1;10;1;1750;32;20;10;96940;mq;mq;mq;mq;mq;mq;mq;mq;mq;mq;mq;4.600000;-10;mq;mq;0.000000;-30;0.000000;0.000000;mq;mq;mq;710.000000;1105.000000;3100.000000;mq;1;8;1500;mq;mq;mq;mq;mq;mq;mq;mq;mq;
07630;20110913150000;101560;-140;6;350;1.500000;303.650000;285.550000;33;40000;2;1;1;25;1;1750;31;20;11;99870;mq;mq;mq;mq;mq;mq;mq;mq;mq;mq;mq;5.700000;-10;mq;mq;0.000000;-30;0.000000;0.000000;mq;mq;mq;710.000000;1106.000000;3100.000000;mq;1;8;1800;mq;mq;mq;mq;mq;mq;mq;mq;mq;
07643;20110913150000;101390;-160;8;30;4.100000;305.350000;282.850000;25;70000;2;1;1;10;1;1750;35;20;10;101300;mq;mq;mq;mq;mq;mq;mq;mq;mq;mq;mq;7.700000;-10;mq;mq;mq;mq;0.000000;0.000000;mq;mq;mq;710.000000;1108.000000;mq;mq;1;6;1500;mq;mq;mq;mq;mq;mq;mq;mq;mq;
07650;20110913150000;101410;-90;6;270;2.600000;302.850000;285.350000;34;60000;2;1;1;0;mq;mq;mq;mq;mq;101050;mq;mq;mq;mq;mq;mq;mq;mq;mq;mq;mq;4.100000;-10;mq;mq;0.000000;-30;0.000000;mq;mq;mq;mq;710.000000;1104.000000;3100.000000;mq;mq;mq;mq;mq;mq;mq;mq;mq;mq;mq;mq;mq;
07661;20110913150000;101390;-120;8;260;4.100000;299.050000;292.450000;67;20000;2;1;1;25;2;800;31;20;10;99870;mq;mq;mq;mq;mq;mq;mq;mq;mq;mq;mq;6.700000;-10;mq;mq;mq;mq;0.000000;0.000000;mq;mq;mq;710.000000;1107.000000;mq;mq;2;8;780;mq;mq;mq;mq;mq;mq;mq;mq;mq;
07690;20110913150000;101430;-110;7;180;2.100000;300.350000;292.950000;64;30000;2;1;1;10;1;800;31;20;10;101110;mq;mq;mq;mq;mq;mq;mq;mq;mq;mq;mq;3.600000;-10;mq;mq;0.000000;-30;0.000000;0.000000;mq;mq;mq;710.000000;1104.000000;3100.000000;mq;1;8;780;mq;mq;mq;mq;mq;mq;mq;mq;mq;
07747;20110913150000;101440;-110;6;130;3.600000;303.550000;285.950000;34;40000;2;1;1;10;1;2250;31;20;10;100940;mq;mq;mq;mq;mq;mq;mq;mq;mq;mq;mq;6.700000;-10;mq;mq;mq;mq;0.000000;0.000000;mq;mq;mq;710.000000;1107.000000;mq;mq;1;8;1800;mq;mq;mq;mq;mq;mq;mq;mq;mq;
07761;20110913150000;101330;-120;8;200;3.100000;301.050000;292.050000;58;35000;2;1;1;10;1;1250;32;20;10;101230;mq;mq;mq;mq;mq;mq;mq;mq;mq;mq;mq;5.700000;-10;mq;mq;0.000000;-30;0.000000;0.000000;mq;mq;mq;710.000000;1106.000000;3100.000000;mq;1;8;1200;mq;mq;mq;mq;mq;mq;mq;mq;mq;
07790;20110913150000;101390;-110;7;100;2.600000;300.350000;292.650000;63;20000;2;1;1;10;1;800;32;20;10;101250;mq;mq;mq;mq;mq;mq;mq;mq;mq;mq;mq;5.100000;-10;mq;mq;0.000000;-30;0.000000;0.000000;mq;mq;mq;710.000000;1105.000000;3100.000000;mq;1;8;780;mq;mq;mq;mq;mq;mq;mq;mq;mq;
61968;20110913150000;101630;mq;mq;90;5.100000;298.650000;293.450000;73;mq;mq;mq;mq;mq;mq;mq;mq;mq;mq;mq;mq;mq;10;mq;mq;mq;mq;mq;mq;mq;mq;9.800000;-10;mq;mq;mq;mq;0.000000;0.000000;mq;mq;mq;710.000000;1110.000000;mq;mq;mq;mq;mq;mq;mq;mq;mq;mq;mq;mq;mq;mq;
61970;20110913150000;101730;mq;mq;mq;mq;298.650000;291.850000;66;mq;mq;mq;mq;mq;mq;mq;mq;mq;mq;mq;mq;mq;0;mq;mq;mq;mq;mq;mq;mq;mq;mq;mq;mq;mq;mq;mq;0.000000;0.000000;mq;mq;mq;mq;mq;mq;mq;mq;mq;mq;mq;mq;mq;mq;mq;mq;mq;mq;mq;
61972;20110913150000;101750;mq;mq;30;2.100000;297.950000;295.650000;87;mq;mq;mq;mq;mq;mq;mq;mq;mq;mq;mq;mq;mq;mq;mq;mq;mq;mq;mq;mq;mq;mq;5.700000;-10;mq;mq;mq;mq;0.000000;0.000000;mq;mq;mq;710.000000;1106.000000;mq;mq;mq;mq;mq;mq;mq;mq;mq;mq;mq;mq;mq;mq;
61976;20110913150000;101980;mq;mq;130;10.300000;297.050000;292.150000;74;mq;mq;mq;mq;mq;mq;mq;mq;mq;mq;101830;mq;mq;90;mq;mq;mq;mq;mq;mq;mq;mq;mq;mq;mq;mq;mq;mq;mq;mq;mq;mq;mq;mq;mq;mq;mq;mq;mq;mq;mq;mq;mq;mq;mq;mq;mq;mq;mq;
61980;20110913150000;102400;mq;mq;120;8.200000;294.050000;289.050000;73;10000;3;8;1;40;3;800;38;20;10;mq;mq;mq;40;mq;mq;mq;mq;mq;mq;mq;mq;11.800000;-10;mq;mq;mq;mq;0.000000;0.000000;mq;mq;mq;710.000000;1112.000000;mq;mq;2;8;780;mq;mq;mq;mq;mq;mq;mq;mq;mq;
61996;20110913150000;mq;mq;mq;mq;mq;285.550000;mq;mq;mq;mq;mq;mq;mq;mq;mq;mq;mq;mq;mq;mq;mq;mq;mq;mq;mq;mq;mq;mq;mq;mq;mq;mq;mq;mq;mq;mq;0.000000;0.000000;mq;mq;mq;mq;mq;mq;mq;mq;mq;mq;mq;mq;mq;mq;mq;mq;mq;mq;mq;
61997;20110913150000;101710;mq;mq;310;1.500000;276.750000;272.150000;72;mq;mq;mq;mq;mq;mq;mq;mq;mq;mq;mq;mq;mq;390;mq;mq;mq;mq;mq;mq;mq;mq;mq;mq;mq;mq;mq;mq;mq;0.000000;mq;mq;mq;mq;mq;mq;mq;mq;mq;mq;mq;mq;mq;mq;mq;mq;mq;mq;mq;
61998;20110913150000;99890;mq;mq;270;14.900000;276.750000;270.750000;65;mq;mq;mq;mq;mq;mq;mq;mq;mq;mq;mq;mq;mq;mq;mq;mq;mq;mq;mq;mq;mq;mq;20.600000;-10;mq;mq;mq;mq;0.000000;0.200000;mq;mq;mq;710.000000;1121.000000;mq;mq;mq;mq;mq;mq;mq;mq;mq;mq;mq;mq;mq;mq;
67005;20110913150000;101670;mq;mq;50;1.000000;298.750000;293.350000;72;25000;2;1;1;40;3;800;38;20;10;mq;mq;mq;20;mq;mq;mq;mq;mq;mq;mq;mq;4.100000;-10;mq;mq;mq;mq;0.000000;0.000000;mq;mq;mq;710.000000;1104.000000;mq;mq;3;8;690;mq;mq;mq;mq;mq;mq;mq;mq;mq;
71805;20110913150000;101750;140;1;230;5.100000;291.550000;286.650000;73;25000;2;1;1;50;0;8000;30;20;11;101670;mq;mq;mq;mq;mq;mq;mq;mq;mq;mq;mq;7.700000;-10;mq;mq;0.000000;-30;0.000000;0.000000;mq;mq;mq;710.000000;1108.000000;3100.000000;mq;4;0;6300;mq;mq;mq;mq;mq;mq;mq;mq;mq;
78897;20110913150000;101490;20;0;140;4.600000;303.350000;297.950000;73;25000;2;1;1;90;3;800;38;20;12;mq;mq;mq;mq;mq;mq;mq;mq;mq;mq;mq;mq;mq;mq;mq;mq;mq;mq;mq;mq;mq;mq;mq;mq;mq;mq;mq;3;8;780;6;0;7800;mq;mq;mq;mq;mq;mq;
78925;20110913150000;101500;0;0;100;2.100000;304.350000;296.750000;64;30000;2;1;1;75;3;800;32;23;12;mq;mq;mq;mq;mq;mq;mq;mq;mq;mq;mq;mq;mq;mq;mq;mq;mq;mq;mq;mq;mq;mq;mq;mq;mq;mq;mq;3;8;900;5;3;3000;5;0;7800;mq;mq;mq;
81401;20110913150000;101510;mq;mq;350;3.600000;301.050000;296.450000;76;mq;mq;mq;mq;mq;mq;mq;mq;mq;mq;101450;mq;mq;mq;mq;mq;mq;mq;mq;mq;mq;mq;mq;mq;mq;mq;mq;mq;mq;0.800000;mq;mq;mq;mq;mq;mq;mq;mq;mq;mq;mq;mq;mq;mq;mq;mq;mq;mq;mq;
81405;20110913150000;101520;mq;mq;40;3.600000;304.150000;297.050000;66;10000;2;1;1;90;5;800;32;23;10;101430;mq;mq;mq;mq;mq;mq;mq;mq;mq;mq;mq;mq;mq;mq;mq;mq;mq;mq;0.000000;mq;mq;mq;mq;mq;mq;mq;mq;mq;mq;mq;mq;mq;mq;mq;mq;mq;mq;mq;
81408;20110913150000;101480;mq;mq;350;3.600000;301.150000;297.750000;82;mq;mq;mq;mq;mq;mq;mq;mq;mq;mq;101400;mq;mq;mq;mq;mq;mq;mq;mq;mq;mq;mq;mq;mq;mq;mq;mq;mq;mq;1.000000;mq;mq;mq;mq;mq;mq;mq;mq;mq;mq;mq;mq;mq;mq;mq;mq;mq;mq;mq;
81415;20110913150000;101480;mq;mq;30;2.600000;305.150000;296.950000;62;mq;mq;mq;mq;mq;mq;mq;mq;mq;mq;100300;mq;mq;mq;mq;mq;mq;mq;mq;mq;mq;mq;mq;mq;mq;mq;mq;mq;mq;0.000000;mq;mq;mq;mq;mq;mq;mq;mq;mq;mq;mq;mq;mq;mq;mq;mq;mq;mq;mq;
07005;20110913180000;101590;60;3;250;9.300000;288.350000;282.050000;66;mq;mq;mq;mq;mq;mq;mq;mq;mq;mq;100710;mq;mq;mq;286.950000;mq;292.250000;mq;mq;mq;mq;mq;15.400000;-10;mq;mq;mq;mq;0.000000;0.000000;mq;0.000000;mq;710.000000;1115.000000;mq;mq;mq;mq;mq;mq;mq;mq;mq;mq;mq;mq;mq;mq;
07015;20110913180000;101440;10;3;250;7.200000;290.050000;282.750000;62;50000;2;1;1;75;5;1250;38;23;10;100880;mq;mq;mq;287.150000;mq;292.950000;mq;mq;mq;mq;mq;13.400000;-10;mq;mq;0.000000;-60;0.000000;0.000000;mq;0.000000;mq;710.000000;1113.000000;3100.000000;mq;2;8;1350;5;6;1800;mq;mq;mq;mq;mq;mq;
07020;20110913180000;101810;70;3;270;9.800000;288.750000;283.750000;72;mq;mq;mq;mq;mq;mq;mq;mq;mq;mq;101550;mq;mq;mq;288.650000;mq;291.050000;mq;mq;mq;mq;mq;14.900000;-10;mq;mq;mq;mq;0.000000;0.000000;mq;0.000000;mq;710.000000;1115.000000;mq;mq;mq;mq;mq;mq;mq;mq;mq;mq;mq;mq;mq;mq;
07027;20110913180000;101840;110;3;260;5.100000;287.750000;282.150000;69;55000;0;mq;mq;75;mq;1250;mq;mq;mq;101040;mq;mq;mq;287.050000;mq;293.150000;mq;mq;mq;mq;mq;10.300000;-10;mq;mq;mq;mq;0.000000;0.000000;mq;0.000000;mq;710.000000;1110.000000;mq;mq;mq;mq;mq;mq;mq;mq;mq;mq;mq;mq;mq;mq;
07037;20110913180000;101720;90;3;270;5.100000;288.350000;283.350000;72;55000;0;mq;mq;mq;mq;1250;mq;mq;mq;99920;mq;mq;mq;287.050000;mq;293.350000;mq;mq;mq;mq;mq;10.300000;-10;mq;mq;mq;mq;0.000000;0.000000;mq;0.000000;mq;710.000000;1110.000000;mq;mq;mq;mq;mq;mq;mq;mq;mq;mq;mq;mq;mq;mq;
07110;20110913180000;102130;110;3;300;3.600000;287.450000;280.750000;64;25000;2;1;1;10;1;800;38;20;10;100990;mq;mq;mq;287.150000;mq;291.650000;mq;mq;mq;mq;mq;9.300000;-10;mq;mq;mq;mq;0.000000;0.000000;mq;0.000000;mq;710.000000;1109.000000;mq;mq;1;8;930;mq;mq;mq;mq;mq;mq;mq;mq;mq;
07117;20110913180000;102030;90;3;280;6.200000;287.750000;281.950000;68;15000;2;1;1;60;5;800;32;20;10;101330;mq;mq;mq;287.550000;mq;291.450000;mq;mq;mq;mq;mq;12.900000;-10;mq;mq;mq;mq;0.000000;0.000000;mq;0.000000;mq;710.000000;1113.000000;2447.000000;mq;mq;mq;mq;mq;mq;mq;mq;mq;mq;mq;mq;mq;
07130;20110913180000;101940;130;3;350;3.100000;289.650000;283.050000;65;35000;0;mq;mq;75;mq;1250;mq;mq;mq;101430;mq;mq;mq;287.750000;mq;295.050000;mq;mq;mq;mq;mq;6.700000;-10;mq;mq;mq;mq;0.000000;0.000000;mq;0.200000;mq;710.000000;1107.000000;mq;mq;mq;mq;mq;mq;mq;mq;mq;mq;mq;mq;mq;mq;
07139;20110913180000;101820;70;3;290;4.600000;289.550000;283.450000;67;mq;mq;mq;mq;mq;mq;mq;mq;mq;mq;100120;mq;mq;mq;287.650000;mq;293.250000;mq;mq;mq;mq;mq;7.700000;-10;mq;mq;mq;mq;0.000000;0.000000;mq;0.000000;mq;710.000000;1108.000000;mq;mq;mq;mq;mq;mq;mq;mq;mq;mq;mq;mq;mq;mq;
07149;20110913180000;101720;30;3;260;3.600000;290.650000;283.750000;64;30000;2;1;1;25;2;1250;31;20;10;100660;mq;mq;mq;288.850000;mq;294.350000;mq;mq;mq;mq;mq;7.200000;-10;mq;mq;0.000000;-60;0.000000;0.000000;mq;0.000000;mq;710.000000;1107.000000;3100.000000;mq;2;8;1290;mq;mq;mq;mq;mq;mq;mq;mq;mq;
07168;20110913180000;101740;-10;7;250;3.600000;289.450000;286.350000;82;20000;0;mq;mq;mq;mq;mq;mq;mq;mq;100340;mq;mq;mq;289.450000;mq;293.250000;mq;mq;mq;mq;mq;5.100000;-10;mq;mq;mq;mq;0.000000;0.000000;mq;0.600000;mq;710.000000;1105.000000;mq;mq;mq;mq;mq;mq;mq;mq;mq;mq;mq;mq;mq;mq;
07181;20110913180000;101670;10;3;260;2.100000;289.350000;288.750000;96;40000;0;mq;mq;100;mq;450;mq;mq;mq;97680;mq;mq;mq;289.350000;mq;292.850000;mq;mq;mq;mq;mq;5.100000;-10;mq;mq;mq;mq;0.000000;0.200000;mq;2.000000;mq;710.000000;1105.000000;mq;mq;mq;mq;mq;mq;mq;mq;mq;mq;mq;mq;mq;mq;
07190;20110913180000;101570;90;3;270;3.100000;294.650000;287.750000;65;4400;10;mq;mq;100;mq;1250;mq;mq;mq;99820;mq;mq;mq;290.850000;mq;298.850000;mq;mq;mq;mq;mq;6.700000;-10;mq;mq;mq;mq;0.000000;0.000000;mq;0.000000;mq;710.000000;1107.000000;mq;mq;mq;mq;mq;mq;mq;mq;mq;mq;mq;mq;mq;mq;
07207;20110913180000;mq;mq;mq;320;6.700000;289.750000;284.650000;72;20000;2;1;1;10;1;450;31;61;60;mq;mq;mq;mq;288.950000;mq;292.450000;mq;mq;mq;mq;mq;13.900000;-10;mq;mq;mq;mq;0.000000;0.000000;mq;0.000000;mq;710.000000;1114.000000;2448.000000;mq;mq;mq;mq;mq;mq;mq;mq;mq;mq;mq;mq;mq;
07222;20110913180000;101930;50;3;260;3.100000;290.450000;286.550000;78;30000;1;5;1;10;1;800;34;20;10;101620;mq;mq;mq;287.950000;mq;293.950000;mq;mq;mq;mq;mq;7.200000;-10;mq;mq;mq;mq;0.000000;0.000000;mq;2.000000;mq;710.000000;1107.000000;mq;mq;1;6;810;mq;mq;mq;mq;mq;mq;mq;mq;mq;
07240;20110913180000;101860;10;3;250;1.500000;290.850000;287.150000;79;30000;0;mq;mq;10;1;1250;31;20;10;100540;mq;mq;mq;288.150000;mq;292.550000;mq;mq;mq;mq;mq;3.600000;-10;mq;mq;0.000000;-60;0.000000;0.000000;mq;0.200000;mq;710.000000;1104.000000;3100.000000;mq;1;8;1380;mq;mq;mq;mq;mq;mq;mq;mq;mq;
07255;20110913180000;101850;30;3;330;1.500000;289.550000;288.950000;96;18000;0;mq;mq;100;mq;150;mq;mq;mq;99890;mq;mq;mq;289.550000;mq;292.250000;mq;mq;mq;mq;mq;4.100000;-10;mq;mq;mq;mq;0.200000;1.000000;mq;1.000000;mq;710.000000;1104.000000;mq;mq;mq;mq;mq;mq;mq;mq;mq;mq;mq;mq;mq;mq;
07280;20110913180000;101680;-20;6;330;1.000000;292.950000;291.450000;91;60000;0;mq;mq;100;mq;450;mq;mq;mq;99050;mq;mq;mq;291.250000;mq;297.250000;mq;mq;mq;mq;mq;4.100000;-10;mq;mq;mq;mq;0.600000;0.800000;mq;1.000000;mq;710.000000;1104.000000;mq;mq;mq;mq;mq;mq;mq;mq;mq;mq;mq;mq;mq;mq;
07299;20110913180000;101630;40;3;260;2.600000;294.250000;288.750000;71;30000;2;1;1;75;6;1250;38;23;10;98490;mq;mq;mq;289.450000;mq;298.550000;mq;mq;mq;mq;mq;4.600000;-10;mq;mq;0.000000;-60;0.000000;0.000000;mq;0.000000;mq;710.000000;1105.000000;3100.000000;mq;1;8;1050;6;6;1500;mq;mq;mq;mq;mq;mq;
07314;20110913180000;102020;30;3;320;8.200000;291.750000;287.850000;78;mq;mq;mq;mq;mq;mq;mq;mq;mq;mq;101750;mq;mq;mq;291.350000;mq;293.850000;mq;mq;mq;mq;mq;11.800000;-10;mq;mq;mq;mq;0.000000;0.000000;mq;1.000000;mq;710.000000;1112.000000;mq;mq;mq;mq;mq;mq;mq;mq;mq;mq;mq;mq;mq;mq;
07335;20110913180000;101940;40;3;300;1.000000;289.950000;288.650000;92;60000;0;mq;mq;100;mq;800;mq;mq;mq;100520;mq;mq;mq;289.450000;mq;292.250000;mq;mq;mq;mq;mq;4.100000;-10;mq;mq;mq;mq;0.000000;0.200000;mq;8.000000;mq;710.000000;1104.000000;mq;mq;mq;mq;mq;mq;mq;mq;mq;mq;mq;mq;mq;mq;
07434;20110913180000;101820;0;5;280;3.100000;291.850000;290.650000;93;19000;0;mq;mq;90;mq;250;mq;mq;mq;97190;mq;mq;mq;289.450000;mq;294.150000;mq;mq;mq;mq;mq;8.700000;-10;mq;mq;mq;mq;0.000000;0.200000;mq;0.400000;mq;710.000000;1109.000000;mq;mq;mq;mq;mq;mq;mq;mq;mq;mq;mq;mq;mq;mq;
07460;20110913180000;101650;40;3;80;3.100000;295.050000;291.650000;81;30000;1;8;6;60;5;1250;38;20;10;97930;mq;mq;mq;289.750000;mq;299.250000;mq;mq;mq;mq;mq;5.100000;-10;mq;mq;0.000000;-60;0.000000;0.000000;mq;0.000000;mq;710.000000;1105.000000;3100.000000;mq;3;8;1230;3;6;2400;mq;mq;mq;mq;mq;mq;
07471;20110913180000;mq;20;3;50;1.500000;293.050000;287.150000;69;20000;0;mq;mq;mq;mq;1250;mq;mq;mq;92310;85000;17800;mq;283.550000;mq;298.250000;mq;mq;mq;mq;mq;4.100000;-10;mq;mq;mq;mq;0.000000;0.000000;mq;0.000000;mq;710.000000;1104.000000;mq;mq;mq;mq;mq;mq;mq;mq;mq;mq;mq;mq;mq;mq;
07481;20110913180000;101580;-20;5;30;3.100000;296.750000;289.250000;63;60000;2;1;1;25;2;1750;38;20;10;98840;mq;mq;mq;288.350000;mq;299.850000;mq;mq;mq;mq;mq;6.700000;-10;mq;mq;0.000000;-60;0.000000;0.000000;mq;0.000000;mq;710.000000;1107.000000;3100.000000;mq;1;8;1500;mq;mq;mq;mq;mq;mq;mq;mq;mq;
07510;20110913180000;101930;70;3;310;4.600000;294.550000;291.550000;83;45000;2;1;1;60;5;450;38;20;10;101300;mq;mq;mq;287.650000;mq;300.550000;mq;mq;mq;mq;mq;7.200000;-10;mq;mq;0.000000;-60;0.000000;0.000000;mq;0.000000;mq;710.000000;1107.000000;3100.000000;mq;1;8;420;5;6;780;mq;mq;mq;mq;mq;mq;
07535;20110913180000;101690;30;3;300;2.600000;297.650000;288.550000;57;mq;mq;mq;mq;mq;mq;mq;mq;mq;mq;98720;mq;mq;mq;286.750000;mq;303.050000;mq;mq;mq;mq;mq;6.200000;-10;mq;mq;mq;mq;0.000000;0.000000;mq;0.000000;mq;710.000000;1106.000000;mq;mq;mq;mq;mq;mq;mq;mq;mq;mq;mq;mq;mq;mq;
07558;20110913180000;101470;20;3;320;9.300000;295.150000;288.250000;65;mq;mq;mq;mq;mq;mq;mq;mq;mq;mq;93520;mq;mq;mq;286.350000;mq;300.350000;mq;mq;mq;mq;mq;13.900000;-10;mq;mq;mq;mq;0.000000;0.000000;mq;0.000000;mq;710.000000;1114.000000;mq;mq;mq;mq;mq;mq;mq;mq;mq;mq;mq;mq;mq;mq;
07577;20110913180000;101430;-20;6;360;4.600000;299.950000;286.650000;44;20000;0;mq;mq;mq;mq;mq;mq;mq;mq;100580;mq;mq;mq;291.550000;mq;302.950000;mq;mq;mq;mq;mq;11.300000;-10;mq;mq;mq;mq;0.000000;0.000000;mq;0.000000;mq;710.000000;1111.000000;mq;mq;mq;mq;mq;mq;mq;mq;mq;mq;mq;mq;mq;mq;
07591;20110913180000;mq;10;3;200;2.600000;296.050000;283.150000;44;mq;0;mq;mq;mq;mq;mq;mq;mq;mq;91580;mq;mq;mq;285.950000;mq;302.050000;mq;mq;mq;mq;mq;6.200000;-10;mq;mq;mq;mq;0.000000;0.000000;mq;0.000000;mq;710.000000;1106.000000;mq;mq;mq;mq;mq;mq;mq;mq;mq;mq;mq;mq;mq;mq;
07607;20110913180000;101890;150;3;320;4.600000;295.950000;290.150000;70;60000;0;mq;mq;mq;mq;1750;mq;mq;mq;101200;mq;mq;mq;285.250000;mq;303.550000;mq;mq;mq;mq;mq;9.800000;-10;mq;mq;mq;mq;0.000000;0.000000;mq;0.000000;mq;710.000000;1110.000000;mq;mq;mq;mq;mq;mq;mq;mq;mq;mq;mq;mq;mq;mq;
07621;20110913180000;101840;140;3;280;5.700000;295.450000;291.250000;77;25000;2;1;1;40;3;800;38;20;10;97690;mq;mq;mq;287.050000;mq;301.250000;mq;mq;mq;mq;mq;9.300000;-10;mq;mq;0.000000;-60;0.000000;0.000000;mq;0.000000;mq;710.000000;1109.000000;3100.000000;mq;2;6;600;mq;mq;mq;mq;mq;mq;mq;mq;mq;
07627;20110913180000;101700;90;3;200;2.100000;295.450000;288.350000;64;mq;mq;mq;mq;mq;mq;mq;mq;mq;mq;97030;mq;mq;mq;288.250000;mq;301.450000;mq;mq;mq;mq;mq;2.100000;-10;mq;mq;mq;mq;0.000000;0.000000;mq;0.000000;mq;710.000000;1102.000000;mq;mq;mq;mq;mq;mq;mq;mq;mq;mq;mq;mq;mq;mq;
07630;20110913180000;101610;40;3;340;3.100000;301.850000;286.150000;38;40000;2;1;1;40;2;2250;35;24;10;99910;mq;mq;mq;288.950000;mq;303.950000;mq;mq;mq;mq;mq;6.200000;-10;mq;mq;0.000000;-60;0.000000;0.000000;mq;0.000000;mq;710.000000;1106.000000;3100.000000;mq;2;6;1800;mq;mq;mq;mq;mq;mq;mq;mq;mq;
07643;20110913180000;101430;40;3;230;2.100000;298.650000;288.950000;55;70000;2;1;1;0;mq;mq;mq;mq;mq;101340;mq;mq;mq;292.150000;mq;305.450000;mq;mq;mq;mq;mq;4.600000;-10;mq;mq;mq;mq;0.000000;0.000000;mq;0.000000;mq;710.000000;1105.000000;mq;mq;mq;mq;mq;mq;mq;mq;mq;mq;mq;mq;mq;mq;
07650;20110913180000;101370;-50;5;170;3.100000;299.450000;283.550000;37;60000;2;1;1;0;mq;mq;mq;mq;mq;101000;mq;mq;mq;290.050000;mq;303.450000;mq;mq;mq;mq;mq;4.100000;-10;mq;mq;0.000000;-60;0.000000;0.000000;mq;0.000000;mq;710.000000;1104.000000;3100.000000;mq;mq;mq;mq;mq;mq;mq;mq;mq;mq;mq;mq;mq;
07661;20110913180000;101380;-30;6;320;4.600000;296.250000;288.550000;62;20000;2;1;1;25;1;800;31;21;10;99840;mq;mq;mq;293.250000;mq;299.850000;mq;mq;mq;mq;mq;6.700000;-10;mq;mq;mq;mq;0.000000;0.000000;mq;0.000000;mq;710.000000;1107.000000;mq;mq;1;8;780;mq;mq;mq;mq;mq;mq;mq;mq;mq;
07690;20110913180000;101390;-40;6;200;2.600000;297.850000;293.950000;79;20000;2;1;1;10;1;1250;35;20;10;101070;mq;mq;mq;295.250000;mq;300.550000;mq;mq;mq;mq;mq;3.100000;-10;mq;mq;0.000000;-60;0.000000;0.000000;mq;0.000000;mq;710.000000;1103.000000;3100.000000;mq;1;6;990;mq;mq;mq;mq;mq;mq;mq;mq;mq;
07747;20110913180000;101460;20;3;0;0.000000;299.950000;286.350000;43;60000;0;mq;mq;mq;mq;mq;mq;mq;mq;100960;mq;mq;mq;292.850000;mq;304.750000;mq;mq;mq;mq;mq;3.100000;-10;mq;mq;mq;mq;0.000000;0.000000;mq;0.000000;mq;710.000000;1103.000000;mq;mq;mq;mq;mq;mq;mq;mq;mq;mq;mq;mq;mq;mq;
07761;20110913180000;101310;-20;5;330;2.600000;297.950000;288.850000;57;30000;2;1;1;10;1;1250;35;20;10;101210;mq;mq;mq;290.450000;mq;301.450000;mq;mq;mq;mq;mq;5.700000;-10;mq;mq;0.000000;-60;0.000000;0.000000;mq;0.000000;mq;710.000000;1106.000000;3100.000000;mq;1;6;1200;mq;mq;mq;mq;mq;mq;mq;mq;mq;
07790;20110913180000;101340;-50;6;130;0.500000;296.350000;293.150000;82;19000;2;1;1;0;mq;mq;mq;mq;mq;101200;mq;mq;mq;293.150000;mq;300.650000;mq;mq;mq;mq;mq;2.100000;-10;mq;mq;0.000000;-60;0.000000;0.000000;mq;0.000000;mq;710.000000;1102.000000;3100.000000;mq;mq;mq;mq;mq;mq;mq;mq;mq;mq;mq;mq;mq;
61968;20110913180000;101760;mq;mq;90;5.100000;298.250000;293.250000;74;mq;mq;mq;mq;mq;mq;mq;mq;mq;mq;mq;mq;mq;30;mq;mq;302.650000;mq;mq;mq;mq;mq;10.800000;-10;mq;mq;mq;mq;0.000000;mq;mq;0.000000;mq;710.000000;1111.000000;mq;mq;mq;mq;mq;mq;mq;mq;mq;mq;mq;mq;mq;mq;
61970;20110913180000;101840;mq;mq;mq;mq;296.350000;291.850000;76;mq;mq;mq;mq;mq;mq;mq;mq;mq;mq;mq;mq;mq;mq;mq;mq;303.050000;mq;mq;mq;mq;mq;mq;mq;mq;mq;mq;mq;0.000000;mq;mq;0.000000;mq;mq;mq;mq;mq;mq;mq;mq;mq;mq;mq;mq;mq;mq;mq;mq;mq;
61972;20110913180000;101830;mq;mq;30;1.500000;297.050000;295.850000;93;mq;mq;mq;mq;mq;mq;mq;mq;mq;mq;mq;mq;mq;mq;mq;mq;300.250000;mq;mq;mq;mq;mq;5.100000;-10;mq;mq;mq;mq;0.000000;mq;mq;0.000000;mq;710.000000;1105.000000;mq;mq;mq;mq;mq;mq;mq;mq;mq;mq;mq;mq;mq;mq;
61976;20110913180000;102130;mq;mq;130;9.300000;296.550000;292.850000;80;mq;mq;mq;mq;mq;mq;mq;mq;mq;mq;101980;mq;mq;90;mq;mq;mq;mq;mq;mq;mq;mq;mq;mq;mq;mq;mq;mq;mq;mq;mq;mq;mq;mq;mq;mq;mq;mq;mq;mq;mq;mq;mq;mq;mq;mq;mq;mq;mq;
61980;20110913180000;102550;mq;mq;130;6.700000;293.750000;289.350000;76;10000;2;1;1;25;1;800;38;23;10;mq;mq;mq;70;mq;mq;296.650000;mq;mq;mq;mq;mq;10.800000;-10;mq;mq;mq;mq;0.000000;mq;mq;0.600000;mq;710.000000;1111.000000;mq;mq;1;8;780;mq;mq;mq;mq;mq;mq;mq;mq;mq;
61996;20110913180000;mq;mq;mq;mq;mq;285.750000;mq;mq;mq;mq;mq;mq;mq;mq;mq;mq;mq;mq;mq;mq;mq;mq;mq;mq;288.550000;mq;mq;mq;mq;mq;mq;mq;mq;mq;mq;mq;0.000000;mq;mq;0.000000;mq;mq;mq;mq;mq;mq;mq;mq;mq;mq;mq;mq;mq;mq;mq;mq;mq;
61997;20110913180000;101610;mq;mq;330;5.700000;275.650000;274.350000;91;mq;mq;mq;mq;mq;mq;mq;mq;mq;mq;mq;mq;mq;570;mq;mq;280.850000;mq;mq;mq;mq;mq;mq;mq;mq;mq;mq;mq;mq;mq;mq;0.000000;mq;mq;mq;mq;mq;mq;mq;mq;mq;mq;mq;mq;mq;mq;mq;mq;mq;
61998;20110913180000;99870;mq;mq;270;15.900000;276.650000;270.850000;66;mq;mq;mq;mq;mq;mq;mq;mq;mq;mq;mq;mq;mq;mq;mq;mq;280.450000;mq;mq;mq;mq;mq;24.700000;-10;mq;mq;mq;mq;0.000000;mq;mq;0.400000;mq;710.000000;1125.000000;mq;mq;mq;mq;mq;mq;mq;mq;mq;mq;mq;mq;mq;mq;
67005;20110913180000;101770;mq;mq;70;1.500000;297.450000;294.950000;86;mq;0;mq;mq;mq;mq;mq;mq;mq;mq;mq;mq;mq;0;mq;mq;301.650000;mq;mq;mq;mq;mq;3.600000;-10;mq;mq;mq;mq;0.000000;mq;mq;0.000000;mq;710.000000;1104.000000;mq;mq;mq;mq;mq;mq;mq;mq;mq;mq;mq;mq;mq;mq;
71805;20110913180000;101740;-10;5;230;4.600000;290.850000;287.150000;79;25000;2;1;1;75;0;8000;30;20;11;101660;mq;mq;mq;mq;286.650000;294.350000;mq;mq;mq;mq;mq;6.200000;-10;mq;mq;0.000000;-60;0.000000;0.000000;mq;0.000000;mq;710.000000;1106.000000;3100.000000;mq;6;0;6300;mq;mq;mq;mq;mq;mq;mq;mq;mq;
78897;20110913180000;101390;-100;8;180;5.700000;303.050000;297.650000;73;mq;0;mq;mq;mq;mq;800;mq;mq;mq;mq;mq;mq;mq;mq;297.450000;304.650000;mq;mq;mq;mq;mq;mq;mq;mq;mq;mq;mq;mq;mq;0.000000;mq;11.500000;mq;mq;mq;mq;mq;mq;mq;mq;mq;mq;mq;mq;mq;mq;mq;mq;
78922;20110913180000;101420;-80;8;180;5.700000;302.350000;296.750000;72;mq;mq;mq;mq;mq;mq;mq;mq;mq;mq;100980;mq;mq;mq;mq;mq;mq;mq;mq;mq;mq;mq;mq;mq;mq;mq;mq;mq;mq;mq;mq;mq;mq;mq;mq;mq;mq;mq;mq;mq;mq;mq;mq;mq;mq;mq;mq;mq;mq;
78925;20110913180000;101450;-50;8;130;3.100000;304.250000;297.350000;67;30000;2;1;1;90;5;800;38;23;60;mq;mq;mq;mq;mq;297.250000;304.950000;mq;mq;mq;mq;mq;mq;mq;mq;mq;mq;mq;mq;mq;0.000000;mq;mq;mq;mq;mq;mq;3;8;900;3;6;1500;6;3;3000;mq;mq;mq;
81401;20110913180000;101230;mq;mq;10;2.600000;302.150000;297.950000;78;mq;mq;mq;mq;mq;mq;mq;mq;mq;mq;101170;mq;mq;mq;mq;mq;mq;mq;mq;mq;mq;mq;mq;mq;mq;mq;mq;mq;mq;35.000000;36.000000;mq;mq;mq;mq;mq;mq;mq;mq;mq;mq;mq;mq;mq;mq;mq;mq;mq;mq;
81405;20110913180000;101260;mq;mq;70;4.600000;304.850000;295.550000;58;10000;2;1;1;60;3;1250;32;23;10;101170;mq;mq;mq;mq;mq;mq;mq;mq;mq;mq;mq;mq;mq;mq;mq;mq;mq;mq;0.000000;0.000000;mq;mq;mq;mq;mq;mq;mq;mq;mq;mq;mq;mq;mq;mq;mq;mq;mq;mq;
81408;20110913180000;101200;mq;mq;0;0.000000;303.050000;296.050000;66;mq;mq;mq;mq;mq;mq;mq;mq;mq;mq;101120;mq;mq;mq;mq;mq;mq;mq;mq;mq;mq;mq;mq;mq;mq;mq;mq;mq;mq;0.800000;2.000000;mq;mq;mq;mq;mq;mq;mq;mq;mq;mq;mq;mq;mq;mq;mq;mq;mq;mq;
81415;20110913180000;101150;mq;mq;50;2.100000;306.850000;293.950000;47;mq;mq;mq;mq;mq;mq;mq;mq;mq;mq;99980;mq;mq;mq;mq;mq;mq;mq;mq;mq;mq;mq;mq;mq;mq;mq;mq;mq;mq;0.000000;0.000000;mq;mq;mq;mq;mq;mq;mq;mq;mq;mq;mq;mq;mq;mq;mq;mq;mq;mq;
89642;20110913180000;97310;-460;6;130;31.400000;261.750000;259.750000;83;mq;mq;mq;mq;mq;mq;mq;mq;mq;mq;96770;mq;mq;mq;mq;mq;mq;mq;mq;mq;mq;43.700000;46.800000;-60;mq;mq;mq;mq;mq;mq;mq;mq;mq;1044.000000;1147.000000;mq;mq;mq;mq;mq;mq;mq;mq;mq;mq;mq;mq;mq;mq;
07005;20110913210000;101710;110;2;260;6.700000;287.550000;282.350000;71;mq;mq;mq;mq;mq;mq;mq;mq;mq;mq;100820;mq;mq;mq;mq;mq;mq;mq;mq;mq;mq;mq;11.800000;-10;mq;mq;mq;mq;0.000000;0.000000;mq;mq;mq;710.000000;1112.000000;mq;mq;mq;mq;mq;mq;mq;mq;mq;mq;mq;mq;mq;mq;
07015;20110913210000;101580;140;1;250;5.100000;286.850000;283.250000;79;25000;2;1;1;10;1;3500;30;23;10;101020;mq;mq;mq;mq;mq;mq;mq;mq;mq;mq;mq;8.700000;-10;mq;mq;0.000000;-30;0.000000;0.000000;mq;mq;mq;710.000000;1109.000000;3100.000000;mq;1;3;3000;mq;mq;mq;mq;mq;mq;mq;mq;mq;
07020;20110913210000;102000;190;2;280;9.300000;288.250000;281.750000;65;18000;2;1;1;25;2;800;38;20;10;101740;mq;mq;mq;mq;mq;mq;mq;mq;mq;mq;mq;13.400000;-10;mq;mq;mq;mq;0.000000;0.000000;mq;mq;mq;710.000000;1113.000000;mq;mq;1;8;780;mq;mq;mq;mq;mq;mq;mq;mq;mq;
07027;20110913210000;102020;170;1;240;4.100000;284.250000;281.650000;84;35000;0;mq;mq;mq;mq;mq;mq;mq;mq;101210;mq;mq;mq;mq;mq;mq;mq;mq;mq;mq;mq;7.200000;-10;mq;mq;mq;mq;0.000000;0.000000;mq;mq;mq;710.000000;1107.000000;mq;mq;mq;mq;mq;mq;mq;mq;mq;mq;mq;mq;mq;mq;
07037;20110913210000;101890;150;2;260;5.100000;285.650000;282.250000;80;40000;0;mq;mq;mq;mq;mq;mq;mq;mq;100070;mq;mq;mq;mq;mq;mq;mq;mq;mq;mq;mq;11.800000;-10;mq;mq;mq;mq;0.000000;0.000000;mq;mq;mq;710.000000;1112.000000;mq;mq;mq;mq;mq;mq;mq;mq;mq;mq;mq;mq;mq;mq;
07110;20110913210000;102260;110;2;270;2.100000;282.950000;280.750000;86;25000;2;1;1;0;mq;mq;mq;mq;mq;101100;mq;mq;mq;mq;mq;mq;mq;mq;mq;mq;mq;3.100000;-10;mq;mq;mq;mq;0.000000;0.000000;mq;mq;mq;710.000000;1103.000000;mq;mq;mq;mq;mq;mq;mq;mq;mq;mq;mq;mq;mq;mq;
07117;20110913210000;102160;130;1;280;5.700000;286.650000;282.150000;74;15000;2;1;1;40;3;800;32;20;10;101460;mq;mq;mq;mq;mq;mq;mq;mq;mq;mq;mq;9.800000;-10;mq;mq;mq;mq;0.000000;0.000000;mq;mq;mq;710.000000;1110.000000;2437.000000;mq;mq;mq;mq;mq;mq;mq;mq;mq;mq;mq;mq;mq;
07130;20110913210000;102170;220;1;310;3.100000;284.950000;280.250000;73;35000;0;mq;mq;mq;mq;mq;mq;mq;mq;101650;mq;mq;mq;mq;mq;mq;mq;mq;mq;mq;mq;5.700000;-10;mq;mq;mq;mq;0.000000;0.000000;mq;mq;mq;710.000000;1106.000000;mq;mq;mq;mq;mq;mq;mq;mq;mq;mq;mq;mq;mq;mq;
07139;20110913210000;102070;220;2;300;1.500000;285.650000;281.550000;76;mq;mq;mq;mq;mq;mq;mq;mq;mq;mq;100340;mq;mq;mq;mq;mq;mq;mq;mq;mq;mq;mq;3.600000;-10;mq;mq;mq;mq;0.000000;0.000000;mq;mq;mq;710.000000;1104.000000;mq;mq;mq;mq;mq;mq;mq;mq;mq;mq;mq;mq;mq;mq;
07149;20110913210000;101880;150;3;310;3.600000;288.250000;282.650000;69;30000;2;1;1;25;2;1250;35;20;10;100810;mq;mq;mq;mq;mq;mq;mq;mq;mq;mq;mq;6.200000;-10;mq;mq;0.000000;-30;0.000000;0.000000;mq;mq;mq;710.000000;1106.000000;3100.000000;mq;2;6;1350;mq;mq;mq;mq;mq;mq;mq;mq;mq;
07168;20110913210000;101870;120;1;240;4.600000;287.850000;286.050000;89;20000;0;mq;mq;mq;mq;mq;mq;mq;mq;100460;mq;mq;mq;mq;mq;mq;mq;mq;mq;mq;mq;6.200000;-10;mq;mq;mq;mq;0.000000;0.000000;mq;mq;mq;710.000000;1106.000000;mq;mq;mq;mq;mq;mq;mq;mq;mq;mq;mq;mq;mq;mq;
07181;20110913210000;101810;110;2;270;3.100000;287.950000;286.850000;93;45000;0;mq;mq;100;mq;800;mq;mq;mq;97790;mq;mq;mq;mq;mq;mq;mq;mq;mq;mq;mq;6.200000;-10;mq;mq;mq;mq;0.000000;0.400000;mq;mq;mq;710.000000;1106.000000;mq;mq;mq;mq;mq;mq;mq;mq;mq;mq;mq;mq;mq;mq;
07190;20110913210000;101680;90;2;10;2.600000;291.850000;288.550000;81;50000;0;mq;mq;100;mq;800;mq;mq;mq;99910;mq;mq;mq;mq;mq;mq;mq;mq;mq;mq;mq;3.600000;-10;mq;mq;mq;mq;0.000000;0.000000;mq;mq;mq;710.000000;1104.000000;mq;mq;mq;mq;mq;mq;mq;mq;mq;mq;mq;mq;mq;mq;
07207;20110913210000;mq;mq;mq;340;8.700000;288.250000;281.050000;62;18000;2;1;1;40;3;450;31;20;10;mq;mq;mq;mq;mq;mq;mq;mq;mq;mq;mq;mq;13.900000;-10;mq;mq;mq;mq;0.000000;0.000000;mq;mq;mq;710.000000;1114.000000;2447.000000;mq;mq;mq;mq;mq;mq;mq;mq;mq;mq;mq;mq;mq;
07222;20110913210000;102100;170;1;320;3.100000;287.150000;284.350000;83;30000;2;1;1;10;1;3500;30;23;10;101790;mq;mq;mq;mq;mq;mq;mq;mq;mq;mq;mq;5.700000;-10;mq;mq;mq;mq;0.000000;0.000000;mq;mq;mq;710.000000;1106.000000;mq;mq;1;3;3900;mq;mq;mq;mq;mq;mq;mq;mq;mq;
07240;20110913210000;102010;130;3;230;2.100000;288.050000;286.550000;91;30000;2;1;1;50;4;1250;35;20;10;100670;mq;mq;mq;mq;mq;mq;mq;mq;mq;mq;mq;3.600000;-10;mq;mq;0.000000;-30;0.000000;0.000000;mq;mq;mq;710.000000;1104.000000;3100.000000;mq;4;6;1200;mq;mq;mq;mq;mq;mq;mq;mq;mq;
07255;20110913210000;101990;130;1;280;1.000000;288.850000;288.050000;95;20000;0;mq;mq;mq;mq;150;mq;mq;mq;100020;mq;mq;mq;mq;mq;mq;mq;mq;mq;mq;mq;3.100000;-10;mq;mq;mq;mq;0.000000;0.200000;mq;mq;mq;710.000000;1103.000000;mq;mq;mq;mq;mq;mq;mq;mq;mq;mq;mq;mq;mq;mq;
07280;20110913210000;101770;80;1;340;1.500000;291.550000;289.750000;89;55000;61;mq;mq;100;mq;450;mq;mq;mq;99130;mq;mq;mq;mq;mq;mq;mq;mq;mq;mq;mq;3.100000;-10;mq;mq;mq;mq;0.000000;0.000000;mq;mq;mq;710.000000;1103.000000;mq;mq;mq;mq;mq;mq;mq;mq;mq;mq;mq;mq;mq;mq;
07299;20110913210000;101660;10;0;0;0.000000;291.850000;289.450000;86;30000;2;1;1;90;6;1250;38;23;10;98500;mq;mq;mq;mq;mq;mq;mq;mq;mq;mq;mq;1.500000;-10;mq;mq;0.000000;-30;0.000000;0.000000;mq;mq;mq;710.000000;1102.000000;3100.000000;mq;1;8;1050;5;6;1500;7;3;2700;mq;mq;mq;
07314;20110913210000;102180;160;1;330;8.700000;290.950000;285.850000;72;14000;2;1;1;25;2;800;38;20;10;101910;mq;mq;mq;mq;mq;mq;mq;mq;mq;mq;mq;12.900000;-10;mq;mq;mq;mq;0.000000;0.000000;mq;mq;mq;710.000000;1113.000000;mq;mq;1;8;780;mq;mq;mq;mq;mq;mq;mq;mq;mq;
07335;20110913210000;102100;140;2;210;1.500000;285.850000;285.550000;98;100;45;mq;mq;101;mq;mq;62;61;60;100660;mq;mq;mq;mq;mq;mq;mq;mq;mq;mq;mq;1.500000;-10;mq;mq;mq;mq;0.000000;0.000000;mq;mq;mq;710.000000;1102.000000;mq;mq;mq;mq;mq;mq;mq;mq;mq;mq;mq;mq;mq;mq;
07434;20110913210000;102020;130;3;340;3.600000;288.350000;287.750000;96;2300;10;mq;mq;100;mq;80;mq;mq;mq;97320;mq;mq;mq;mq;mq;mq;mq;mq;mq;mq;mq;6.200000;-10;mq;mq;mq;mq;0.000000;0.200000;mq;mq;mq;710.000000;1106.000000;mq;mq;mq;mq;mq;mq;mq;mq;mq;mq;mq;mq;mq;mq;
07460;20110913210000;101800;120;2;350;1.000000;292.750000;291.450000;92;30000;2;1;1;60;5;800;38;20;10;98050;mq;mq;mq;mq;mq;mq;mq;mq;mq;mq;mq;2.100000;-10;mq;mq;0.000000;-30;0.000000;0.000000;mq;mq;mq;710.000000;1102.000000;3100.000000;mq;3;8;600;3;6;900;mq;mq;mq;mq;mq;mq;
07471;20110913210000;mq;110;2;310;2.100000;291.450000;288.650000;84;20000;0;mq;mq;100;mq;800;mq;mq;mq;92420;85000;17910;mq;mq;mq;mq;mq;mq;mq;mq;mq;3.600000;-10;mq;mq;mq;mq;0.000000;0.000000;mq;mq;mq;710.000000;1104.000000;mq;mq;mq;mq;mq;mq;mq;mq;mq;mq;mq;mq;mq;mq;
07481;20110913210000;101750;140;3;340;5.100000;294.150000;290.550000;80;30000;2;1;1;90;5;1250;35;27;60;98980;mq;mq;mq;mq;mq;mq;mq;mq;mq;mq;mq;8.700000;-10;mq;mq;0.000000;-30;0.000000;0.000000;mq;mq;mq;710.000000;1109.000000;3100.000000;mq;5;6;1350;5;3;2400;mq;mq;mq;mq;mq;mq;
07510;20110913210000;102090;150;1;330;4.100000;291.150000;288.950000;87;45000;2;1;1;10;1;800;35;20;10;101450;mq;mq;mq;mq;mq;mq;mq;mq;mq;mq;mq;7.200000;-10;mq;mq;0.000000;-30;0.000000;0.000000;mq;mq;mq;710.000000;1107.000000;3100.000000;mq;1;6;900;mq;mq;mq;mq;mq;mq;mq;mq;mq;
07535;20110913210000;101910;170;1;310;1.500000;293.350000;290.350000;83;mq;mq;mq;mq;mq;mq;mq;mq;mq;mq;98890;mq;mq;mq;mq;mq;mq;mq;mq;mq;mq;mq;3.100000;-10;mq;mq;mq;mq;0.000000;0.000000;mq;mq;mq;710.000000;1103.000000;mq;mq;mq;mq;mq;mq;mq;mq;mq;mq;mq;mq;mq;mq;
07558;20110913210000;101710;150;2;50;2.100000;292.450000;287.650000;74;mq;mq;mq;mq;mq;mq;mq;mq;mq;mq;93670;mq;mq;mq;mq;mq;mq;mq;mq;mq;mq;mq;4.100000;-10;mq;mq;mq;mq;0.000000;0.000000;mq;mq;mq;710.000000;1104.000000;mq;mq;mq;mq;mq;mq;mq;mq;mq;mq;mq;mq;mq;mq;
07577;20110913210000;101570;140;1;30;3.600000;296.750000;288.050000;58;20000;0;mq;mq;mq;mq;mq;mq;mq;mq;100720;mq;mq;mq;mq;mq;mq;mq;mq;mq;mq;mq;6.700000;-10;mq;mq;mq;mq;0.000000;0.000000;mq;mq;mq;710.000000;1107.000000;mq;mq;mq;mq;mq;mq;mq;mq;mq;mq;mq;mq;mq;mq;
07591;20110913210000;mq;230;1;300;1.000000;291.450000;283.750000;61;mq;0;mq;mq;mq;mq;mq;mq;mq;mq;91810;mq;mq;mq;mq;mq;mq;mq;mq;mq;mq;mq;1.500000;-10;mq;mq;mq;mq;0.000000;0.000000;mq;mq;mq;710.000000;1102.000000;mq;mq;mq;mq;mq;mq;mq;mq;mq;mq;mq;mq;mq;mq;
07607;20110913210000;102050;160;1;310;2.100000;292.850000;290.450000;86;40000;0;mq;mq;100;mq;1250;mq;mq;mq;101360;mq;mq;mq;mq;mq;mq;mq;mq;mq;mq;mq;5.100000;-10;mq;mq;mq;mq;0.000000;0.000000;mq;mq;mq;710.000000;1105.000000;mq;mq;mq;mq;mq;mq;mq;mq;mq;mq;mq;mq;mq;mq;
07621;20110913210000;102030;150;1;280;2.600000;292.650000;290.450000;87;15000;2;1;1;90;7;250;35;61;60;97840;mq;mq;mq;mq;mq;mq;mq;mq;mq;mq;mq;6.700000;-10;mq;mq;0.000000;-30;0.000000;0.000000;mq;mq;mq;710.000000;1107.000000;3100.000000;mq;3;7;270;7;6;360;mq;mq;mq;mq;mq;mq;
07627;20110913210000;101910;190;1;320;5.100000;294.050000;290.050000;78;mq;mq;mq;mq;mq;mq;mq;mq;mq;mq;97220;mq;mq;mq;mq;mq;mq;mq;mq;mq;mq;mq;7.700000;-10;mq;mq;mq;mq;0.000000;0.000000;mq;mq;mq;710.000000;1108.000000;mq;mq;mq;mq;mq;mq;mq;mq;mq;mq;mq;mq;mq;mq;
07630;20110913210000;101810;180;1;340;4.100000;297.750000;288.650000;57;40000;2;1;1;40;3;1750;35;20;10;100090;mq;mq;mq;mq;mq;mq;mq;mq;mq;mq;mq;7.700000;-10;mq;mq;0.000000;-30;0.000000;0.000000;mq;mq;mq;710.000000;1108.000000;3100.000000;mq;3;6;1800;mq;mq;mq;mq;mq;mq;mq;mq;mq;
07643;20110913210000;101570;140;1;280;2.100000;296.750000;288.550000;60;60000;2;1;1;40;3;3500;30;23;10;101480;mq;mq;mq;mq;mq;mq;mq;mq;mq;mq;mq;2.600000;-10;mq;mq;mq;mq;0.000000;0.000000;mq;mq;mq;710.000000;1103.000000;mq;mq;3;3;2700;mq;mq;mq;mq;mq;mq;mq;mq;mq;
07650;20110913210000;101490;120;1;220;1.500000;295.350000;290.250000;73;60000;2;1;1;0;mq;mq;mq;mq;mq;101120;mq;mq;mq;mq;mq;mq;mq;mq;mq;mq;mq;3.600000;-10;mq;mq;0.000000;-30;0.000000;0.000000;mq;mq;mq;710.000000;1104.000000;3100.000000;mq;mq;mq;mq;mq;mq;mq;mq;mq;mq;mq;mq;mq;
07661;20110913210000;101450;70;1;340;3.100000;296.450000;288.750000;62;mq;mq;mq;mq;mq;mq;mq;mq;mq;mq;99910;mq;mq;mq;mq;mq;mq;mq;mq;mq;mq;mq;6.200000;-10;mq;mq;mq;mq;0.000000;0.000000;mq;mq;mq;710.000000;1106.000000;mq;mq;mq;mq;mq;mq;mq;mq;mq;mq;mq;mq;mq;mq;
07690;20110913210000;101460;70;1;310;3.100000;296.550000;292.050000;76;20000;2;1;1;50;4;3500;30;23;10;101140;mq;mq;mq;mq;mq;mq;mq;mq;mq;mq;mq;4.100000;-10;mq;mq;0.000000;-30;0.000000;0.000000;mq;mq;mq;710.000000;1104.000000;3100.000000;mq;4;3;2700;mq;mq;mq;mq;mq;mq;mq;mq;mq;
07747;20110913210000;101580;120;1;310;3.600000;300.250000;287.250000;45;60000;0;mq;mq;mq;mq;mq;mq;mq;mq;101080;mq;mq;mq;mq;mq;mq;mq;mq;mq;mq;mq;6.200000;-10;mq;mq;mq;mq;0.000000;0.000000;mq;mq;mq;710.000000;1106.000000;mq;mq;mq;mq;mq;mq;mq;mq;mq;mq;mq;mq;mq;mq;
07761;20110913210000;101440;120;1;60;3.100000;294.350000;288.450000;69;20000;2;1;1;0;mq;mq;mq;mq;mq;101330;mq;mq;mq;mq;mq;mq;mq;mq;mq;mq;mq;4.100000;-10;mq;mq;0.000000;-30;0.000000;0.000000;mq;mq;mq;710.000000;1104.000000;3100.000000;mq;mq;mq;mq;mq;mq;mq;mq;mq;mq;mq;mq;mq;
07790;20110913210000;101450;110;3;240;1.500000;293.250000;291.950000;92;16000;2;1;1;0;mq;mq;mq;mq;mq;101310;mq;mq;mq;mq;mq;mq;mq;mq;mq;mq;mq;1.500000;-10;mq;mq;0.000000;-30;0.000000;0.000000;mq;mq;mq;710.000000;1102.000000;3100.000000;mq;mq;mq;mq;mq;mq;mq;mq;mq;mq;mq;mq;mq;
61970;20110913210000;101780;mq;mq;mq;mq;295.050000;292.750000;87;mq;mq;mq;mq;mq;mq;mq;mq;mq;mq;mq;mq;mq;mq;mq;mq;mq;mq;mq;mq;mq;mq;mq;mq;mq;mq;mq;mq;0.000000;0.000000;mq;mq;mq;mq;mq;mq;mq;mq;mq;mq;mq;mq;mq;mq;mq;mq;mq;mq;mq;
61972;20110913210000;101760;mq;mq;20;1.000000;296.750000;295.550000;93;mq;mq;mq;mq;mq;mq;mq;mq;mq;mq;mq;mq;mq;mq;mq;mq;mq;mq;mq;mq;mq;mq;3.100000;-10;mq;mq;mq;mq;0.000000;0.000000;mq;mq;mq;710.000000;1103.000000;mq;mq;mq;mq;mq;mq;mq;mq;mq;mq;mq;mq;mq;mq;
61980;20110913210000;102450;mq;mq;120;7.700000;293.750000;288.050000;70;10000;2;1;1;50;4;800;38;20;10;mq;mq;mq;mq;mq;mq;mq;mq;mq;mq;mq;mq;10.300000;-10;mq;mq;mq;mq;0.000000;0.000000;mq;mq;mq;710.000000;1110.000000;mq;mq;1;8;750;3;6;1800;mq;mq;mq;mq;mq;mq;
61996;20110913210000;mq;mq;mq;mq;mq;285.550000;mq;mq;mq;mq;mq;mq;mq;mq;mq;mq;mq;mq;mq;mq;mq;mq;mq;mq;mq;mq;mq;mq;mq;mq;mq;mq;mq;mq;mq;mq;0.000000;0.000000;mq;mq;mq;mq;mq;mq;mq;mq;mq;mq;mq;mq;mq;mq;mq;mq;mq;mq;mq;
61997;20110913210000;101350;mq;mq;340;8.200000;276.450000;274.650000;88;mq;mq;mq;mq;mq;mq;mq;mq;mq;mq;mq;mq;mq;400;mq;mq;mq;mq;mq;mq;mq;mq;mq;mq;mq;mq;mq;mq;mq;0.000000;mq;mq;mq;mq;mq;mq;mq;mq;mq;mq;mq;mq;mq;mq;mq;mq;mq;mq;mq;
61998;20110913210000;100050;mq;mq;260;13.400000;275.750000;272.150000;77;mq;mq;mq;mq;mq;mq;mq;mq;mq;mq;mq;mq;mq;mq;mq;mq;mq;mq;mq;mq;mq;mq;19.000000;-10;mq;mq;mq;mq;0.000000;0.000000;mq;mq;mq;710.000000;1119.000000;mq;mq;mq;mq;mq;mq;mq;mq;mq;mq;mq;mq;mq;mq;
67005;20110913210000;101640;mq;mq;10;1.000000;295.250000;293.550000;90;mq;0;mq;mq;mq;mq;mq;mq;mq;mq;mq;mq;mq;mq;mq;mq;mq;mq;mq;mq;mq;mq;1.500000;-10;mq;mq;mq;mq;0.000000;0.000000;mq;mq;mq;710.000000;1102.000000;mq;mq;mq;mq;mq;mq;mq;mq;mq;mq;mq;mq;mq;mq;
71805;20110913210000;101720;-20;5;200;2.100000;288.750000;287.250000;91;25000;2;1;1;100;8;3500;30;22;60;101640;mq;mq;mq;mq;mq;mq;mq;mq;mq;mq;mq;3.600000;-10;mq;mq;0.000000;-30;0.000000;0.000000;mq;mq;mq;710.000000;1104.000000;3100.000000;mq;8;4;3000;mq;mq;mq;mq;mq;mq;mq;mq;mq;
78897;20110913210000;101360;-30;5;110;2.600000;301.450000;297.250000;78;25000;2;1;1;90;4;800;38;23;12;mq;mq;mq;mq;mq;mq;mq;mq;mq;mq;mq;mq;mq;mq;mq;mq;mq;mq;mq;mq;mq;mq;mq;mq;mq;mq;mq;3;8;750;6;0;7800;mq;mq;mq;mq;mq;mq;
78922;20110913210000;101360;-60;5;190;7.200000;301.650000;295.850000;71;mq;mq;mq;mq;mq;mq;mq;mq;mq;mq;100920;mq;mq;mq;mq;mq;mq;mq;mq;mq;mq;mq;mq;mq;mq;mq;mq;mq;mq;mq;mq;mq;mq;mq;mq;mq;mq;mq;mq;mq;mq;mq;mq;mq;mq;mq;mq;mq;mq;
78925;20110913210000;101370;-80;5;130;2.100000;302.650000;297.050000;72;30000;2;1;1;90;5;800;38;23;60;mq;mq;mq;10;mq;mq;mq;mq;mq;mq;mq;mq;mq;mq;mq;mq;mq;mq;mq;mq;mq;mq;mq;mq;mq;mq;mq;2;8;900;3;6;1500;6;3;3900;mq;mq;mq;
81401;20110913210000;101250;mq;mq;20;2.100000;301.650000;296.550000;74;mq;mq;mq;mq;mq;mq;mq;mq;mq;mq;101190;mq;mq;mq;mq;mq;mq;mq;mq;mq;mq;mq;mq;mq;mq;mq;mq;mq;mq;0.000000;mq;mq;mq;mq;mq;mq;mq;mq;mq;mq;mq;mq;mq;mq;mq;mq;mq;mq;mq;
81405;20110913210000;101240;mq;mq;20;2.100000;301.750000;297.150000;76;10000;2;1;1;75;3;1250;32;23;10;101150;mq;mq;mq;mq;mq;mq;mq;mq;mq;mq;mq;mq;mq;mq;mq;mq;mq;mq;0.000000;mq;mq;mq;mq;mq;mq;mq;mq;mq;mq;mq;mq;mq;mq;mq;mq;mq;mq;mq;
81408;20110913210000;101160;mq;mq;20;3.600000;301.950000;296.150000;71;mq;mq;mq;mq;mq;mq;mq;mq;mq;mq;101080;mq;mq;mq;mq;mq;mq;mq;mq;mq;mq;mq;mq;mq;mq;mq;mq;mq;mq;0.000000;mq;mq;mq;mq;mq;mq;mq;mq;mq;mq;mq;mq;mq;mq;mq;mq;mq;mq;mq;
81415;20110913210000;101210;mq;mq;30;5.700000;300.550000;295.250000;73;mq;mq;mq;mq;mq;mq;mq;mq;mq;mq;100010;mq;mq;mq;mq;mq;mq;mq;mq;mq;mq;mq;mq;mq;mq;mq;mq;mq;mq;0.200000;mq;mq;mq;mq;mq;mq;mq;mq;mq;mq;mq;mq;mq;mq;mq;mq;mq;mq;mq;
89642;20110913210000;97110;-200;7;140;34.500000;262.450000;260.550000;84;mq;mq;mq;mq;mq;mq;mq;mq;mq;mq;96570;mq;mq;mq;mq;mq;mq;mq;mq;mq;mq;46.800000;55.600000;-30;mq;mq;mq;mq;mq;mq;mq;mq;mq;1047.000000;1199.000000;56.000000;mq;mq;mq;mq;mq;mq;mq;mq;mq;mq;mq;mq;mq;
07005;20110914000000;101800;90;1;280;6.700000;287.050000;281.250000;68;mq;mq;mq;mq;mq;mq;mq;mq;mq;mq;100910;mq;mq;mq;mq;mq;mq;mq;mq;mq;mq;mq;11.800000;-10;mq;mq;mq;mq;0.000000;0.000000;0.000000;mq;mq;710.000000;1112.000000;mq;mq;mq;mq;mq;mq;mq;mq;mq;mq;mq;mq;mq;mq;
07015;20110914000000;101700;110;2;240;4.100000;286.050000;281.750000;75;20000;2;1;1;75;6;3500;30;23;10;101130;mq;mq;mq;mq;mq;mq;mq;mq;mq;mq;mq;6.700000;-10;mq;mq;0.000000;-60;0.000000;0.000000;0.000000;mq;mq;710.000000;1107.000000;3100.000000;mq;6;3;3900;mq;mq;mq;mq;mq;mq;mq;mq;mq;
07020;20110914000000;102040;40;3;280;9.300000;287.850000;283.050000;73;18000;2;1;1;25;2;800;38;20;10;101780;mq;mq;mq;mq;mq;mq;mq;mq;mq;mq;mq;14.400000;-10;mq;mq;mq;mq;0.000000;0.000000;0.000000;mq;mq;710.000000;1114.000000;mq;mq;2;8;780;mq;mq;mq;mq;mq;mq;mq;mq;mq;
07027;20110914000000;102070;40;2;230;3.600000;282.850000;281.150000;89;35000;0;mq;mq;mq;mq;mq;mq;mq;mq;101250;mq;mq;mq;mq;mq;mq;mq;mq;mq;mq;mq;5.100000;-10;mq;mq;mq;mq;0.000000;0.000000;0.000000;mq;mq;710.000000;1105.000000;mq;mq;mq;mq;mq;mq;mq;mq;mq;mq;mq;mq;mq;mq;
07037;20110914000000;101980;70;1;260;2.600000;283.550000;281.850000;89;16000;0;mq;mq;mq;mq;mq;mq;mq;mq;100140;mq;mq;mq;mq;mq;mq;mq;mq;mq;mq;mq;4.600000;-10;mq;mq;mq;mq;0.000000;0.000000;0.000000;mq;mq;710.000000;1105.000000;mq;mq;mq;mq;mq;mq;mq;mq;mq;mq;mq;mq;mq;mq;
07110;20110914000000;102240;-20;7;270;2.100000;281.950000;280.850000;93;20000;2;1;1;0;mq;mq;mq;mq;mq;101080;mq;mq;mq;mq;mq;mq;mq;mq;mq;mq;mq;2.600000;-10;mq;mq;mq;mq;0.000000;0.000000;0.000000;mq;mq;710.000000;1103.000000;mq;mq;mq;mq;mq;mq;mq;mq;mq;mq;mq;mq;mq;mq;
07117;20110914000000;102170;10;3;280;4.100000;286.350000;282.050000;75;20000;2;1;1;40;3;800;31;20;10;101470;mq;mq;mq;mq;mq;mq;mq;mq;mq;mq;mq;10.300000;-10;mq;mq;mq;mq;0.000000;0.000000;0.000000;mq;mq;710.000000;1110.000000;2438.000000;mq;mq;mq;mq;mq;mq;mq;mq;mq;mq;mq;mq;mq;
07130;20110914000000;102210;30;2;280;1.500000;281.850000;280.250000;90;25000;0;mq;mq;mq;mq;mq;mq;mq;mq;101680;mq;mq;mq;mq;mq;mq;mq;mq;mq;mq;mq;3.600000;-10;mq;mq;mq;mq;0.000000;0.000000;0.000000;mq;mq;710.000000;1104.000000;mq;mq;mq;mq;mq;mq;mq;mq;mq;mq;mq;mq;mq;mq;
07139;20110914000000;102120;30;1;260;1.000000;283.250000;280.150000;81;mq;mq;mq;mq;mq;mq;mq;mq;mq;mq;100370;mq;mq;mq;mq;mq;mq;mq;mq;mq;mq;mq;3.100000;-10;mq;mq;mq;mq;0.000000;0.000000;0.000000;mq;mq;710.000000;1103.000000;mq;mq;mq;mq;mq;mq;mq;mq;mq;mq;mq;mq;mq;mq;
07149;20110914000000;102040;150;1;290;3.600000;286.050000;281.350000;73;20000;0;mq;mq;mq;mq;1250;mq;mq;mq;100960;mq;mq;mq;mq;mq;mq;mq;mq;mq;mq;mq;9.300000;-10;mq;mq;mq;mq;0.000000;0.000000;0.000000;mq;mq;710.000000;1109.000000;mq;mq;mq;mq;mq;mq;mq;mq;mq;mq;mq;mq;mq;mq;
07168;20110914000000;102000;120;3;270;4.600000;286.150000;284.350000;89;20000;0;mq;mq;mq;mq;mq;mq;mq;mq;100580;mq;mq;mq;mq;mq;mq;mq;mq;mq;mq;mq;8.700000;-10;mq;mq;mq;mq;0.000000;0.000000;0.000000;mq;mq;710.000000;1109.000000;mq;mq;mq;mq;mq;mq;mq;mq;mq;mq;mq;mq;mq;mq;
07181;20110914000000;101890;40;3;240;1.500000;285.250000;284.750000;97;18000;0;mq;mq;75;mq;250;mq;mq;mq;97830;mq;mq;mq;mq;mq;mq;mq;mq;mq;mq;mq;3.100000;-10;mq;mq;mq;mq;0.000000;0.000000;0.400000;mq;mq;710.000000;1103.000000;mq;mq;mq;mq;mq;mq;mq;mq;mq;mq;mq;mq;mq;mq;
07190;20110914000000;101710;20;0;310;3.600000;290.350000;286.450000;78;55000;0;mq;mq;100;mq;800;mq;mq;mq;99930;mq;mq;mq;mq;mq;mq;mq;mq;mq;mq;mq;6.200000;-10;mq;mq;mq;mq;0.000000;0.000000;0.000000;mq;mq;710.000000;1106.000000;mq;mq;mq;mq;mq;mq;mq;mq;mq;mq;mq;mq;mq;mq;
07207;20110914000000;mq;mq;mq;10;4.100000;285.550000;281.050000;74;20000;2;1;1;40;1;800;31;28;10;mq;mq;mq;mq;mq;mq;mq;mq;mq;mq;mq;mq;5.700000;-10;mq;mq;mq;mq;0.000000;0.000000;0.000000;mq;mq;710.000000;1106.000000;2438.000000;mq;mq;mq;mq;mq;mq;mq;mq;mq;mq;mq;mq;mq;
07222;20110914000000;102230;120;1;350;2.100000;283.750000;281.550000;86;45000;0;mq;mq;mq;mq;1250;mq;mq;mq;101910;mq;mq;mq;mq;mq;mq;mq;mq;mq;mq;mq;4.100000;-10;mq;mq;mq;mq;0.000000;0.000000;0.000000;mq;mq;710.000000;1104.000000;mq;mq;mq;mq;mq;mq;mq;mq;mq;mq;mq;mq;mq;mq;
07240;20110914000000;102150;130;1;310;1.500000;286.250000;283.450000;83;60000;0;mq;mq;100;mq;1250;mq;mq;mq;100800;mq;mq;mq;mq;mq;mq;mq;mq;mq;mq;mq;4.100000;-10;mq;mq;mq;mq;0.000000;0.000000;0.000000;mq;mq;710.000000;1104.000000;mq;mq;mq;mq;mq;mq;mq;mq;mq;mq;mq;mq;mq;mq;
07255;20110914000000;102100;100;1;240;1.500000;286.750000;286.450000;98;500;45;mq;mq;mq;mq;mq;mq;mq;mq;100120;mq;mq;mq;mq;mq;mq;mq;mq;mq;mq;mq;2.100000;-10;mq;mq;mq;mq;0.000000;0.000000;0.200000;mq;mq;710.000000;1102.000000;mq;mq;mq;mq;mq;mq;mq;mq;mq;mq;mq;mq;mq;mq;
07280;20110914000000;101870;70;3;320;4.100000;289.450000;287.250000;87;60000;0;mq;mq;100;mq;450;mq;mq;mq;99200;mq;mq;mq;mq;mq;mq;mq;mq;mq;mq;mq;7.200000;-10;mq;mq;mq;mq;0.200000;0.400000;0.400000;mq;mq;710.000000;1107.000000;mq;mq;mq;mq;mq;mq;mq;mq;mq;mq;mq;mq;mq;mq;
07299;20110914000000;101670;0;0;230;0.500000;291.250000;290.450000;95;1700;65;mq;mq;100;mq;450;mq;mq;mq;98500;mq;mq;mq;mq;mq;mq;mq;mq;mq;mq;mq;1.500000;-10;mq;mq;mq;mq;2.000000;3.000000;3.000000;mq;mq;710.000000;1102.000000;mq;mq;mq;mq;mq;mq;mq;mq;mq;mq;mq;mq;mq;mq;
07314;20110914000000;102190;10;1;340;6.700000;290.350000;286.050000;76;20000;2;1;1;0;mq;mq;mq;mq;mq;101920;mq;mq;mq;mq;mq;mq;mq;mq;mq;mq;mq;9.800000;-10;mq;mq;mq;mq;0.000000;0.000000;0.000000;mq;mq;710.000000;1110.000000;2428.000000;mq;mq;mq;mq;mq;mq;mq;mq;mq;mq;mq;mq;mq;
07335;20110914000000;102200;90;1;350;3.100000;285.750000;284.450000;92;50000;0;mq;mq;mq;mq;800;mq;mq;mq;100750;mq;mq;mq;mq;mq;mq;mq;mq;mq;mq;mq;6.200000;-10;mq;mq;mq;mq;0.200000;0.200000;0.200000;mq;mq;710.000000;1106.000000;mq;mq;mq;mq;mq;mq;mq;mq;mq;mq;mq;mq;mq;mq;
07434;20110914000000;102150;80;1;340;1.500000;286.050000;285.450000;96;13000;0;mq;mq;mq;mq;250;mq;mq;mq;97400;mq;mq;mq;mq;mq;mq;mq;mq;mq;mq;mq;3.100000;-10;mq;mq;mq;mq;0.000000;0.200000;0.400000;mq;mq;710.000000;1103.000000;mq;mq;mq;mq;mq;mq;mq;mq;mq;mq;mq;mq;mq;mq;
07460;20110914000000;101960;120;3;30;3.100000;290.350000;289.350000;94;6000;60;6;2;90;7;250;36;61;60;98170;mq;mq;mq;mq;mq;mq;mq;mq;mq;mq;mq;5.100000;-10;mq;mq;0.000000;-60;0.200000;0.200000;0.200000;mq;mq;710.000000;1105.000000;3100.000000;mq;7;7;180;mq;mq;mq;mq;mq;mq;mq;mq;mq;
07471;20110914000000;mq;30;2;240;1.500000;287.750000;287.150000;96;20000;0;mq;mq;75;mq;450;mq;mq;mq;92450;85000;17930;mq;mq;mq;mq;mq;mq;mq;mq;mq;2.600000;-10;mq;mq;mq;mq;0.000000;0.000000;0.000000;mq;mq;710.000000;1103.000000;mq;mq;mq;mq;mq;mq;mq;mq;mq;mq;mq;mq;mq;mq;
07481;20110914000000;101840;80;3;360;1.500000;292.650000;291.350000;92;8000;58;6;5;100;7;150;35;61;60;99060;mq;mq;mq;mq;mq;mq;mq;mq;mq;mq;mq;3.600000;-10;mq;mq;0.000000;-60;0.200000;0.400000;0.400000;mq;mq;710.000000;1104.000000;3100.000000;mq;2;7;150;4;6;600;5;6;990;mq;mq;mq;
07510;20110914000000;102140;50;1;360;3.600000;289.650000;287.250000;86;30000;2;1;1;75;6;1750;35;20;10;101500;mq;mq;mq;mq;mq;mq;mq;mq;mq;mq;mq;8.700000;-10;mq;mq;0.000000;-60;0.000000;0.000000;0.000000;mq;mq;710.000000;1109.000000;3100.000000;mq;2;6;1500;mq;mq;mq;mq;mq;mq;mq;mq;mq;
07535;20110914000000;101990;60;1;330;2.600000;291.350000;290.050000;92;mq;mq;mq;mq;mq;mq;mq;mq;mq;mq;98950;mq;mq;mq;mq;mq;mq;mq;mq;mq;mq;mq;4.600000;-10;mq;mq;mq;mq;0.000000;0.000000;0.000000;mq;mq;710.000000;1105.000000;mq;mq;mq;mq;mq;mq;mq;mq;mq;mq;mq;mq;mq;mq;
07558;20110914000000;101800;40;3;360;2.100000;290.850000;287.350000;80;mq;mq;mq;mq;mq;mq;mq;mq;mq;mq;93710;mq;mq;mq;mq;mq;mq;mq;mq;mq;mq;mq;8.200000;-10;mq;mq;mq;mq;0.000000;0.000000;0.000000;mq;mq;710.000000;1108.000000;mq;mq;mq;mq;mq;mq;mq;mq;mq;mq;mq;mq;mq;mq;
07577;20110914000000;101650;70;2;20;4.600000;295.450000;289.450000;69;20000;0;mq;mq;mq;mq;mq;mq;mq;mq;100790;mq;mq;mq;mq;mq;mq;mq;mq;mq;mq;mq;9.800000;-10;mq;mq;mq;mq;0.000000;0.000000;0.000000;mq;mq;710.000000;1110.000000;mq;mq;mq;mq;mq;mq;mq;mq;mq;mq;mq;mq;mq;mq;
07591;20110914000000;mq;10;0;50;2.600000;289.050000;283.350000;69;mq;0;mq;mq;mq;mq;mq;mq;mq;mq;91820;mq;mq;mq;mq;mq;mq;mq;mq;mq;mq;mq;4.100000;-10;mq;mq;mq;mq;0.000000;0.000000;0.000000;mq;mq;710.000000;1104.000000;mq;mq;mq;mq;mq;mq;mq;mq;mq;mq;mq;mq;mq;mq;
07607;20110914000000;102110;50;1;340;3.100000;291.250000;289.250000;88;60000;0;mq;mq;100;mq;450;mq;mq;mq;101410;mq;mq;mq;mq;mq;mq;mq;mq;mq;mq;mq;7.200000;-10;mq;mq;mq;mq;0.000000;0.000000;0.000000;mq;mq;710.000000;1107.000000;mq;mq;mq;mq;mq;mq;mq;mq;mq;mq;mq;mq;mq;mq;
07621;20110914000000;102070;10;0;290;1.500000;291.050000;290.450000;96;5000;50;5;1;100;8;150;35;61;60;97850;mq;mq;mq;mq;mq;mq;mq;mq;mq;mq;mq;3.100000;-10;mq;mq;0.000000;-60;0.000000;0.000000;0.000000;mq;mq;710.000000;1103.000000;3100.000000;mq;4;7;150;8;6;480;mq;mq;mq;mq;mq;mq;
07627;20110914000000;101970;30;0;320;2.600000;292.750000;289.750000;83;mq;mq;mq;mq;mq;mq;mq;mq;mq;mq;97250;mq;mq;mq;mq;mq;mq;mq;mq;mq;mq;mq;5.700000;-10;mq;mq;mq;mq;0.000000;0.000000;0.000000;mq;mq;710.000000;1106.000000;mq;mq;mq;mq;mq;mq;mq;mq;mq;mq;mq;mq;mq;mq;
07630;20110914000000;101940;110;1;320;5.700000;295.350000;289.650000;70;60000;0;mq;mq;100;mq;1750;mq;mq;mq;100200;mq;mq;mq;mq;mq;mq;mq;mq;mq;mq;mq;8.700000;-10;mq;mq;mq;mq;0.000000;0.000000;0.000000;mq;mq;710.000000;1109.000000;mq;mq;mq;mq;mq;mq;mq;mq;mq;mq;mq;mq;mq;mq;
07643;20110914000000;101580;10;2;300;2.600000;294.950000;288.050000;65;60000;2;1;1;0;mq;mq;mq;mq;mq;101490;mq;mq;mq;mq;mq;mq;mq;mq;mq;mq;mq;3.600000;-10;mq;mq;mq;mq;0.000000;0.000000;0.000000;mq;mq;710.000000;1104.000000;mq;mq;mq;mq;mq;mq;mq;mq;mq;mq;mq;mq;mq;mq;
07650;20110914000000;101410;-50;8;140;1.500000;289.250000;286.550000;84;30000;mq;mq;mq;0;mq;mq;mq;mq;mq;101030;mq;mq;mq;mq;mq;mq;mq;mq;mq;mq;mq;3.100000;-10;mq;mq;mq;mq;0.000000;0.000000;mq;mq;mq;710.000000;1103.000000;mq;mq;mq;mq;mq;mq;mq;mq;mq;mq;mq;mq;mq;mq;
07661;20110914000000;101420;-40;7;320;5.100000;294.950000;291.550000;81;20000;2;1;1;0;mq;mq;mq;mq;mq;99870;mq;mq;mq;mq;mq;mq;mq;mq;mq;mq;mq;7.200000;-10;mq;mq;mq;mq;0.000000;0.000000;0.000000;mq;mq;710.000000;1107.000000;mq;mq;mq;mq;mq;mq;mq;mq;mq;mq;mq;mq;mq;mq;
07690;20110914000000;101470;0;5;330;2.100000;295.850000;288.150000;62;25000;2;1;1;0;mq;mq;mq;mq;mq;101140;mq;mq;mq;mq;mq;mq;mq;mq;mq;mq;mq;3.100000;-10;mq;mq;0.000000;-60;0.000000;0.000000;0.000000;mq;mq;710.000000;1103.000000;3100.000000;mq;mq;mq;mq;mq;mq;mq;mq;mq;mq;mq;mq;mq;
07747;20110914000000;101650;60;2;330;1.000000;298.550000;288.250000;53;60000;0;mq;mq;mq;mq;mq;mq;mq;mq;101140;mq;mq;mq;mq;mq;mq;mq;mq;mq;mq;mq;5.700000;-10;mq;mq;mq;mq;0.000000;0.000000;0.000000;mq;mq;710.000000;1106.000000;mq;mq;mq;mq;mq;mq;mq;mq;mq;mq;mq;mq;mq;mq;
07761;20110914000000;101430;-10;5;50;2.100000;291.750000;288.250000;80;20000;2;1;1;0;mq;mq;mq;mq;mq;101320;mq;mq;mq;mq;mq;mq;mq;mq;mq;mq;mq;4.100000;-10;mq;mq;0.000000;-60;0.000000;0.000000;0.000000;mq;mq;710.000000;1104.000000;3100.000000;mq;mq;mq;mq;mq;mq;mq;mq;mq;mq;mq;mq;mq;
07790;20110914000000;101450;0;4;180;1.000000;291.550000;290.250000;92;12000;0;mq;mq;mq;mq;mq;mq;mq;mq;101310;mq;mq;mq;mq;mq;mq;mq;mq;mq;mq;mq;2.100000;-10;mq;mq;mq;mq;0.000000;0.000000;0.000000;mq;mq;710.000000;1102.000000;mq;mq;mq;mq;mq;mq;mq;mq;mq;mq;mq;mq;mq;mq;
61968;20110914000000;101450;mq;mq;90;6.700000;297.450000;292.250000;73;mq;mq;mq;mq;mq;mq;mq;mq;mq;mq;mq;mq;mq;mq;mq;mq;mq;mq;mq;mq;mq;mq;13.400000;-10;mq;mq;mq;mq;0.000000;mq;0.000000;mq;mq;710.000000;1113.000000;mq;mq;mq;mq;mq;mq;mq;mq;mq;mq;mq;mq;mq;mq;
61970;20110914000000;101650;mq;mq;mq;mq;295.750000;292.750000;83;mq;mq;mq;mq;mq;mq;mq;mq;mq;mq;mq;mq;mq;mq;mq;mq;mq;mq;mq;mq;mq;mq;mq;mq;mq;mq;mq;mq;0.000000;mq;0.000000;mq;mq;mq;mq;mq;mq;mq;mq;mq;mq;mq;mq;mq;mq;mq;mq;mq;mq;
61972;20110914000000;101620;mq;mq;120;1.500000;294.250000;293.550000;96;mq;mq;mq;mq;mq;mq;mq;mq;mq;mq;mq;mq;mq;mq;mq;mq;mq;mq;mq;mq;mq;mq;3.100000;-10;mq;mq;mq;mq;0.000000;mq;0.000000;mq;mq;710.000000;1103.000000;mq;mq;mq;mq;mq;mq;mq;mq;mq;mq;mq;mq;mq;mq;
61980;20110914000000;102310;mq;mq;100;7.200000;293.550000;286.750000;65;10000;2;1;1;50;4;800;38;20;10;mq;mq;mq;mq;mq;mq;mq;mq;mq;mq;mq;mq;11.300000;-10;mq;mq;mq;mq;0.000000;mq;0.000000;mq;mq;710.000000;1111.000000;mq;mq;1;8;690;3;6;1800;mq;mq;mq;mq;mq;mq;
61996;20110914000000;mq;mq;mq;mq;mq;285.950000;mq;mq;mq;mq;mq;mq;mq;mq;mq;mq;mq;mq;mq;mq;mq;mq;mq;mq;mq;mq;mq;mq;mq;mq;mq;mq;mq;mq;mq;mq;0.000000;mq;0.400000;mq;mq;mq;mq;mq;mq;mq;mq;mq;mq;mq;mq;mq;mq;mq;mq;mq;mq;
61997;20110914000000;101150;mq;mq;350;7.700000;276.650000;276.050000;96;mq;mq;mq;mq;mq;mq;mq;mq;mq;mq;mq;mq;mq;220;mq;mq;mq;mq;mq;mq;mq;mq;mq;mq;mq;mq;mq;mq;mq;mq;0.000000;mq;mq;mq;mq;mq;mq;mq;mq;mq;mq;mq;mq;mq;mq;mq;mq;mq;mq;
61998;20110914000000;100240;mq;mq;260;12.300000;275.250000;271.450000;76;20000;mq;mq;mq;25;1;800;31;23;10;mq;mq;mq;mq;mq;mq;mq;mq;mq;mq;mq;mq;14.900000;-10;mq;mq;mq;mq;0.000000;mq;0.000000;mq;mq;710.000000;1115.000000;mq;mq;1;8;750;mq;mq;mq;mq;mq;mq;mq;mq;mq;
67005;20110914000000;101530;mq;mq;0;0.000000;294.650000;293.650000;94;mq;0;mq;mq;mq;mq;mq;mq;mq;mq;mq;mq;mq;mq;mq;mq;mq;mq;mq;mq;mq;mq;1.000000;-10;mq;mq;mq;mq;0.000000;mq;0.000000;mq;mq;710.000000;1101.000000;mq;mq;mq;mq;mq;mq;mq;mq;mq;mq;mq;mq;mq;mq;
71805;20110914000000;101720;0;5;170;4.100000;288.450000;287.650000;95;15000;2;1;1;100;8;150;37;61;60;101640;mq;mq;mq;mq;mq;mq;mq;mq;mq;mq;mq;5.700000;-10;mq;mq;0.000000;-60;0.000000;0.000000;0.000000;mq;mq;710.000000;1106.000000;3100.000000;mq;8;7;90;mq;mq;mq;mq;mq;mq;mq;mq;mq;
78897;20110914000000;101490;130;1;130;1.500000;299.750000;297.550000;88;15000;1;9;2;90;4;800;38;23;60;mq;mq;mq;mq;297.450000;mq;304.650000;mq;mq;mq;mq;mq;mq;mq;mq;mq;mq;mq;mq;mq;0.800000;mq;6.400000;mq;mq;mq;mq;2;8;690;5;3;4800;mq;mq;mq;mq;mq;mq;
78922;20110914000000;101470;110;3;220;2.100000;300.050000;295.650000;77;mq;mq;mq;mq;mq;mq;mq;mq;mq;mq;101030;mq;mq;mq;mq;mq;mq;mq;mq;mq;mq;mq;mq;mq;mq;mq;mq;mq;mq;mq;mq;mq;mq;mq;mq;mq;mq;mq;mq;mq;mq;mq;mq;mq;mq;mq;mq;mq;mq;
78925;20110914000000;101520;150;3;30;1.500000;300.350000;298.350000;89;20000;1;6;2;90;3;800;38;23;60;mq;mq;mq;10;297.250000;mq;305.350000;mq;mq;mq;mq;mq;mq;mq;mq;mq;mq;mq;mq;mq;0.000000;mq;4.500000;mq;mq;mq;mq;1;8;690;6;3;4800;mq;mq;mq;mq;mq;mq;
81401;20110914000000;101330;mq;mq;60;1.500000;298.850000;296.550000;87;mq;mq;mq;mq;mq;mq;mq;mq;mq;mq;101270;mq;mq;mq;mq;mq;304.050000;mq;mq;mq;mq;mq;mq;mq;mq;mq;mq;mq;mq;0.000000;0.000000;mq;mq;mq;mq;mq;mq;mq;mq;mq;mq;mq;mq;mq;mq;mq;mq;mq;mq;
81405;20110914000000;101370;mq;mq;170;0.500000;299.650000;298.050000;91;50000;0;mq;mq;100;mq;800;mq;mq;mq;101280;mq;mq;mq;mq;mq;305.850000;mq;mq;mq;mq;mq;mq;mq;mq;mq;mq;mq;mq;0.000000;0.000000;mq;mq;mq;mq;mq;mq;mq;mq;mq;mq;mq;mq;mq;mq;mq;mq;mq;mq;
81408;20110914000000;101330;mq;mq;300;1.000000;297.550000;296.350000;93;mq;mq;mq;mq;mq;mq;mq;mq;mq;mq;101250;mq;mq;mq;mq;mq;304.750000;mq;mq;mq;mq;mq;mq;mq;mq;mq;mq;mq;mq;0.000000;0.000000;mq;mq;mq;mq;mq;mq;mq;mq;mq;mq;mq;mq;mq;mq;mq;mq;mq;mq;
89642;20110914000000;97160;50;3;130;31.900000;263.550000;261.750000;85;50;73;7;7;101;mq;mq;62;61;60;96620;mq;mq;mq;260.650000;mq;264.850000;mq;mq;mq;mq;47.800000;55.600000;-60;mq;mq;mq;mq;mq;mq;mq;mq;mq;1048.000000;1199.000000;56.000000;mq;mq;mq;mq;mq;mq;mq;mq;mq;mq;mq;mq;mq;
07005;20110914030000;101850;40;3;240;3.100000;284.450000;280.550000;77;mq;mq;mq;mq;mq;mq;mq;mq;mq;mq;100950;mq;mq;mq;mq;mq;mq;mq;mq;mq;mq;mq;5.700000;-10;mq;mq;mq;mq;0.000000;0.000000;mq;mq;mq;710.000000;1106.000000;mq;mq;mq;mq;mq;mq;mq;mq;mq;mq;mq;mq;mq;mq;
07015;20110914030000;101730;30;1;190;1.500000;283.150000;280.550000;84;20000;0;mq;mq;0;mq;mq;mq;mq;mq;101160;mq;mq;mq;mq;mq;mq;mq;mq;mq;mq;mq;4.100000;-10;mq;mq;0.000000;-30;0.000000;0.000000;mq;mq;mq;710.000000;1104.000000;3100.000000;mq;mq;mq;mq;mq;mq;mq;mq;mq;mq;mq;mq;mq;
07020;20110914030000;102030;10;0;280;9.300000;288.050000;284.250000;78;18000;2;1;1;40;3;800;32;20;10;101770;mq;mq;mq;mq;mq;mq;mq;mq;mq;mq;mq;13.400000;-10;mq;mq;mq;mq;0.000000;0.000000;mq;mq;mq;710.000000;1113.000000;mq;mq;3;8;780;mq;mq;mq;mq;mq;mq;mq;mq;mq;
07027;20110914030000;102100;30;3;230;4.100000;282.250000;280.650000;90;45000;0;mq;mq;mq;mq;mq;mq;mq;mq;101280;mq;mq;mq;mq;mq;mq;mq;mq;mq;mq;mq;5.700000;-10;mq;mq;mq;mq;0.000000;0.000000;mq;mq;mq;710.000000;1106.000000;mq;mq;mq;mq;mq;mq;mq;mq;mq;mq;mq;mq;mq;mq;
07037;20110914030000;102020;30;3;250;2.100000;281.950000;281.150000;95;13000;0;mq;mq;mq;mq;800;mq;mq;mq;100170;mq;mq;mq;mq;mq;mq;mq;mq;mq;mq;mq;4.600000;-10;mq;mq;mq;mq;0.000000;0.000000;mq;mq;mq;710.000000;1105.000000;mq;mq;mq;mq;mq;mq;mq;mq;mq;mq;mq;mq;mq;mq;
07110;20110914030000;102240;0;0;230;2.600000;282.050000;281.450000;96;20000;2;1;1;10;1;800;35;20;10;101080;mq;mq;mq;mq;mq;mq;mq;mq;mq;mq;mq;2.600000;-10;mq;mq;mq;mq;0.000000;0.000000;mq;mq;mq;710.000000;1103.000000;mq;mq;1;6;750;mq;mq;mq;mq;mq;mq;mq;mq;mq;
07117;20110914030000;102160;-10;7;270;5.100000;286.450000;282.650000;78;20000;2;1;1;40;3;800;31;20;10;101460;mq;mq;mq;mq;mq;mq;mq;mq;mq;mq;mq;9.800000;-10;mq;mq;mq;mq;0.000000;0.000000;mq;mq;mq;710.000000;1110.000000;2438.000000;mq;mq;mq;mq;mq;mq;mq;mq;mq;mq;mq;mq;mq;
07130;20110914030000;102240;30;1;280;2.100000;280.950000;279.850000;93;22000;0;mq;mq;mq;mq;mq;mq;mq;mq;101710;mq;mq;mq;mq;mq;mq;mq;mq;mq;mq;mq;3.600000;-10;mq;mq;mq;mq;0.000000;0.000000;mq;mq;mq;710.000000;1104.000000;mq;mq;mq;mq;mq;mq;mq;mq;mq;mq;mq;mq;mq;mq;
07139;20110914030000;102170;40;2;140;1.000000;281.350000;279.850000;90;mq;mq;mq;mq;mq;mq;mq;mq;mq;mq;100410;mq;mq;mq;mq;mq;mq;mq;mq;mq;mq;mq;2.100000;-10;mq;mq;mq;mq;0.000000;0.000000;mq;mq;mq;710.000000;1102.000000;mq;mq;mq;mq;mq;mq;mq;mq;mq;mq;mq;mq;mq;mq;
07149;20110914030000;102070;10;1;260;3.100000;282.650000;280.950000;89;20000;2;1;1;0;mq;mq;mq;mq;mq;100970;mq;mq;mq;mq;mq;mq;mq;mq;mq;mq;mq;4.600000;-10;mq;mq;0.000000;-30;0.000000;0.000000;mq;mq;mq;710.000000;1105.000000;3100.000000;mq;mq;mq;mq;mq;mq;mq;mq;mq;mq;mq;mq;mq;
07168;20110914030000;102080;70;1;270;3.600000;283.150000;281.750000;91;20000;0;mq;mq;mq;mq;mq;mq;mq;mq;100650;mq;mq;mq;mq;mq;mq;mq;mq;mq;mq;mq;4.100000;-10;mq;mq;mq;mq;0.000000;0.000000;mq;mq;mq;710.000000;1104.000000;mq;mq;mq;mq;mq;mq;mq;mq;mq;mq;mq;mq;mq;mq;
07181;20110914030000;102010;80;1;300;1.500000;283.350000;282.750000;96;19000;0;mq;mq;mq;mq;mq;mq;mq;mq;97910;mq;mq;mq;mq;mq;mq;mq;mq;mq;mq;mq;4.100000;-10;mq;mq;mq;mq;0.200000;0.200000;mq;mq;mq;710.000000;1104.000000;mq;mq;mq;mq;mq;mq;mq;mq;mq;mq;mq;mq;mq;mq;
07190;20110914030000;101860;140;2;310;4.600000;288.250000;285.150000;82;50000;0;mq;mq;mq;mq;1250;mq;mq;mq;100070;mq;mq;mq;mq;mq;mq;mq;mq;mq;mq;mq;7.700000;-10;mq;mq;mq;mq;0.000000;0.000000;mq;mq;mq;710.000000;1108.000000;mq;mq;mq;mq;mq;mq;mq;mq;mq;mq;mq;mq;mq;mq;
07207;20110914030000;mq;mq;mq;20;4.100000;284.450000;281.150000;80;15000;2;1;1;10;1;800;31;20;10;mq;mq;mq;mq;mq;mq;mq;mq;mq;mq;mq;mq;5.100000;-10;mq;mq;mq;mq;0.000000;0.000000;mq;mq;mq;710.000000;1105.000000;2437.000000;mq;mq;mq;mq;mq;mq;mq;mq;mq;mq;mq;mq;mq;
07222;20110914030000;102260;30;1;270;1.000000;281.150000;280.350000;95;20000;2;1;1;10;0;8000;30;20;11;101940;mq;mq;mq;mq;mq;mq;mq;mq;mq;mq;mq;1.000000;-10;mq;mq;mq;mq;0.000000;0.000000;mq;mq;mq;710.000000;1101.000000;mq;mq;1;0;7800;mq;mq;mq;mq;mq;mq;mq;mq;mq;
07240;20110914030000;102190;30;0;250;1.500000;283.350000;282.450000;94;15000;0;mq;mq;0;mq;mq;mq;mq;mq;100830;mq;mq;mq;mq;mq;mq;mq;mq;mq;mq;mq;2.100000;-10;mq;mq;0.000000;-30;0.000000;0.000000;mq;mq;mq;710.000000;1102.000000;3100.000000;mq;mq;mq;mq;mq;mq;mq;mq;mq;mq;mq;mq;mq;
07255;20110914030000;102150;40;2;330;2.100000;285.850000;285.250000;96;20000;0;mq;mq;75;mq;800;mq;mq;mq;100160;mq;mq;mq;mq;mq;mq;mq;mq;mq;mq;mq;3.600000;-10;mq;mq;mq;mq;0.000000;0.200000;mq;mq;mq;710.000000;1104.000000;mq;mq;mq;mq;mq;mq;mq;mq;mq;mq;mq;mq;mq;mq;
07280;20110914030000;102030;130;2;30;1.500000;286.850000;284.850000;88;60000;0;mq;mq;90;mq;450;mq;mq;mq;99330;mq;mq;mq;mq;mq;mq;mq;mq;mq;mq;mq;4.100000;-10;mq;mq;mq;mq;0.000000;0.000000;mq;mq;mq;710.000000;1104.000000;mq;mq;mq;mq;mq;mq;mq;mq;mq;mq;mq;mq;mq;mq;
07299;20110914030000;101760;70;3;270;4.600000;289.750000;288.750000;94;15000;60;6;6;90;7;450;35;61;60;98570;mq;mq;mq;mq;mq;mq;mq;mq;mq;mq;mq;9.300000;-10;mq;mq;0.000000;-30;0.200000;4.000000;mq;mq;mq;710.000000;1109.000000;3100.000000;mq;3;6;510;5;6;900;7;6;1230;mq;mq;mq;
07314;20110914030000;102230;30;3;30;7.700000;288.550000;284.950000;79;18000;2;1;1;40;3;2250;30;23;10;101950;mq;mq;mq;mq;mq;mq;mq;mq;mq;mq;mq;11.300000;-10;mq;mq;mq;mq;0.000000;0.000000;mq;mq;mq;710.000000;1111.000000;2437.000000;mq;3;3;1800;mq;mq;mq;mq;mq;mq;mq;mq;mq;
07335;20110914030000;102230;20;3;340;2.600000;284.050000;282.950000;93;45000;0;mq;mq;mq;mq;800;mq;mq;mq;100770;mq;mq;mq;mq;mq;mq;mq;mq;mq;mq;mq;3.600000;-10;mq;mq;mq;mq;0.000000;0.000000;mq;mq;mq;710.000000;1104.000000;mq;mq;mq;mq;mq;mq;mq;mq;mq;mq;mq;mq;mq;mq;
07434;20110914030000;102070;-80;6;360;2.600000;286.050000;285.450000;96;9000;0;mq;mq;mq;mq;80;mq;mq;mq;97320;mq;mq;mq;mq;mq;mq;mq;mq;mq;mq;mq;5.700000;-10;mq;mq;mq;mq;0.200000;0.200000;mq;mq;mq;710.000000;1106.000000;mq;mq;mq;mq;mq;mq;mq;mq;mq;mq;mq;mq;mq;mq;
07460;20110914030000;101990;0;0;50;2.100000;288.550000;286.750000;89;20000;1;mq;mq;90;7;450;35;61;60;98170;mq;mq;mq;mq;mq;mq;mq;mq;mq;mq;mq;5.100000;-10;mq;mq;0.000000;-30;0.000000;0.200000;mq;mq;mq;710.000000;1105.000000;3100.000000;mq;3;6;390;7;6;690;mq;mq;mq;mq;mq;mq;
07471;20110914030000;mq;-30;7;0;0.000000;287.650000;287.150000;97;20000;0;mq;mq;mq;mq;450;mq;mq;mq;92420;85000;17910;mq;mq;mq;mq;mq;mq;mq;mq;mq;1.500000;-10;mq;mq;mq;mq;0.000000;0.000000;mq;mq;mq;710.000000;1102.000000;mq;mq;mq;mq;mq;mq;mq;mq;mq;mq;mq;mq;mq;mq;
07481;20110914030000;101860;10;3;330;2.100000;292.050000;290.850000;93;30000;3;6;5;90;7;250;35;61;60;99070;mq;mq;mq;mq;mq;mq;mq;mq;mq;mq;mq;3.100000;-10;mq;mq;0.000000;-30;0.000000;0.000000;mq;mq;mq;710.000000;1103.000000;3100.000000;mq;5;7;270;7;6;1350;mq;mq;mq;mq;mq;mq;
07510;20110914030000;102110;-40;7;350;2.100000;287.550000;286.250000;92;30000;2;1;1;25;2;800;35;20;10;101460;mq;mq;mq;mq;mq;mq;mq;mq;mq;mq;mq;3.100000;-10;mq;mq;0.000000;-30;0.000000;0.000000;mq;mq;mq;710.000000;1103.000000;3100.000000;mq;2;6;630;mq;mq;mq;mq;mq;mq;mq;mq;mq;
07535;20110914030000;101910;-90;8;290;1.000000;290.450000;288.950000;91;mq;mq;mq;mq;mq;mq;mq;mq;mq;mq;98860;mq;mq;mq;mq;mq;mq;mq;mq;mq;mq;mq;2.600000;-10;mq;mq;mq;mq;0.000000;0.000000;mq;mq;mq;710.000000;1103.000000;mq;mq;mq;mq;mq;mq;mq;mq;mq;mq;mq;mq;mq;mq;
07558;20110914030000;101790;-70;6;360;5.100000;288.650000;287.550000;93;mq;mq;mq;mq;mq;mq;mq;mq;mq;mq;93640;mq;mq;mq;mq;mq;mq;mq;mq;mq;mq;mq;7.200000;-10;mq;mq;mq;mq;0.000000;0.000000;mq;mq;mq;710.000000;1107.000000;mq;mq;mq;mq;mq;mq;mq;mq;mq;mq;mq;mq;mq;mq;
07577;20110914030000;101660;10;0;30;4.600000;295.050000;290.250000;74;20000;0;mq;mq;mq;mq;mq;mq;mq;mq;100800;mq;mq;mq;mq;mq;mq;mq;mq;mq;mq;mq;9.300000;-10;mq;mq;mq;mq;0.000000;0.000000;mq;mq;mq;710.000000;1109.000000;mq;mq;mq;mq;mq;mq;mq;mq;mq;mq;mq;mq;mq;mq;
07591;20110914030000;mq;-40;8;30;3.600000;288.350000;282.650000;69;mq;0;mq;mq;mq;mq;mq;mq;mq;mq;91780;mq;mq;mq;mq;mq;mq;mq;mq;mq;mq;mq;6.200000;-10;mq;mq;mq;mq;0.000000;0.000000;mq;mq;mq;710.000000;1106.000000;mq;mq;mq;mq;mq;mq;mq;mq;mq;mq;mq;mq;mq;mq;
07607;20110914030000;102070;-40;8;320;1.000000;290.150000;287.750000;86;55000;0;mq;mq;100;mq;800;mq;mq;mq;101370;mq;mq;mq;mq;mq;mq;mq;mq;mq;mq;mq;2.600000;-10;mq;mq;mq;mq;0.000000;0.000000;mq;mq;mq;710.000000;1103.000000;mq;mq;mq;mq;mq;mq;mq;mq;mq;mq;mq;mq;mq;mq;
07621;20110914030000;102010;-70;8;10;2.100000;290.150000;289.650000;97;2500;51;mq;mq;100;8;80;35;61;60;97780;mq;mq;mq;mq;mq;mq;mq;mq;mq;mq;mq;3.600000;-10;mq;mq;0.000000;-30;0.400000;1.000000;mq;mq;mq;710.000000;1104.000000;3100.000000;mq;6;7;60;8;6;390;mq;mq;mq;mq;mq;mq;
07627;20110914030000;101950;-40;7;310;2.600000;291.450000;289.050000;86;mq;mq;mq;mq;mq;mq;mq;mq;mq;mq;97210;mq;mq;mq;mq;mq;mq;mq;mq;mq;mq;mq;4.100000;-10;mq;mq;mq;mq;0.000000;0.000000;mq;mq;mq;710.000000;1104.000000;mq;mq;mq;mq;mq;mq;mq;mq;mq;mq;mq;mq;mq;mq;
07630;20110914030000;101940;-10;8;320;5.100000;293.250000;289.450000;79;30000;2;1;1;90;7;450;35;20;10;100190;mq;mq;mq;mq;mq;mq;mq;mq;mq;mq;mq;7.200000;-10;mq;mq;0.000000;-30;0.000000;0.000000;mq;mq;mq;710.000000;1107.000000;3100.000000;mq;3;6;390;6;6;1500;mq;mq;mq;mq;mq;mq;
07643;20110914030000;101550;-30;6;10;3.100000;293.550000;288.350000;72;60000;0;mq;mq;0;mq;mq;mq;mq;mq;101460;mq;mq;mq;mq;mq;mq;mq;mq;mq;mq;mq;4.100000;-10;mq;mq;mq;mq;0.000000;0.000000;mq;mq;mq;710.000000;1104.000000;mq;mq;mq;mq;mq;mq;mq;mq;mq;mq;mq;mq;mq;mq;
07650;20110914030000;101410;-50;8;140;1.500000;289.250000;286.550000;84;30000;0;mq;mq;0;mq;mq;mq;mq;mq;101030;mq;mq;mq;mq;mq;mq;mq;mq;mq;mq;mq;3.100000;-10;mq;mq;mq;mq;0.000000;0.000000;mq;mq;mq;710.000000;1103.000000;mq;mq;mq;mq;mq;mq;mq;mq;mq;mq;mq;mq;mq;mq;
07661;20110914030000;101330;-100;8;120;5.700000;292.950000;287.550000;71;20000;2;1;1;0;mq;mq;mq;mq;mq;99770;mq;mq;mq;mq;mq;mq;mq;mq;mq;mq;mq;6.700000;-10;mq;mq;mq;mq;0.000000;0.000000;mq;mq;mq;710.000000;1107.000000;mq;mq;mq;mq;mq;mq;mq;mq;mq;mq;mq;mq;mq;mq;
07690;20110914030000;101410;-60;7;330;2.600000;294.950000;287.350000;62;25000;2;1;1;0;mq;mq;mq;mq;mq;101080;mq;mq;mq;mq;mq;mq;mq;mq;mq;mq;mq;4.100000;-10;mq;mq;0.000000;-30;0.000000;0.000000;mq;mq;mq;710.000000;1104.000000;3100.000000;mq;mq;mq;mq;mq;mq;mq;mq;mq;mq;mq;mq;mq;
07747;20110914030000;101620;-30;6;320;6.700000;297.350000;289.850000;63;60000;0;mq;mq;mq;mq;mq;mq;mq;mq;101110;mq;mq;mq;mq;mq;mq;mq;mq;mq;mq;mq;11.800000;-10;mq;mq;mq;mq;0.000000;0.000000;mq;mq;mq;710.000000;1112.000000;mq;mq;mq;mq;mq;mq;mq;mq;mq;mq;mq;mq;mq;mq;
07761;20110914030000;101420;-10;5;40;3.600000;290.450000;287.150000;81;20000;2;1;1;0;mq;mq;mq;mq;mq;101310;mq;mq;mq;mq;mq;mq;mq;mq;mq;mq;mq;4.100000;-10;mq;mq;0.000000;-30;0.000000;0.000000;mq;mq;mq;710.000000;1104.000000;3100.000000;mq;mq;mq;mq;mq;mq;mq;mq;mq;mq;mq;mq;mq;
07790;20110914030000;101400;-50;7;190;2.100000;291.550000;289.350000;87;18000;2;1;1;0;mq;mq;mq;mq;mq;101260;mq;mq;mq;mq;mq;mq;mq;mq;mq;mq;mq;3.100000;-10;mq;mq;0.000000;-30;0.000000;0.000000;mq;mq;mq;710.000000;1103.000000;3100.000000;mq;mq;mq;mq;mq;mq;mq;mq;mq;mq;mq;mq;mq;
61968;20110914030000;101510;mq;mq;100;7.700000;297.750000;291.950000;70;mq;mq;mq;mq;mq;mq;mq;mq;mq;mq;mq;mq;mq;mq;mq;mq;mq;mq;mq;mq;mq;mq;13.400000;-10;mq;mq;mq;mq;0.000000;0.000000;mq;mq;mq;710.000000;1113.000000;mq;mq;mq;mq;mq;mq;mq;mq;mq;mq;mq;mq;mq;mq;
61970;20110914030000;101720;mq;mq;mq;mq;296.950000;293.450000;81;mq;mq;mq;mq;mq;mq;mq;mq;mq;mq;mq;mq;mq;mq;mq;mq;mq;mq;mq;mq;mq;mq;mq;mq;mq;mq;mq;mq;0.000000;0.000000;mq;mq;mq;mq;mq;mq;mq;mq;mq;mq;mq;mq;mq;mq;mq;mq;mq;mq;mq;
61972;20110914030000;101720;mq;mq;130;3.100000;294.150000;293.950000;99;mq;mq;mq;mq;mq;mq;mq;mq;mq;mq;mq;mq;mq;mq;mq;mq;mq;mq;mq;mq;mq;mq;4.100000;-10;mq;mq;mq;mq;0.000000;0.000000;mq;mq;mq;710.000000;1104.000000;mq;mq;mq;mq;mq;mq;mq;mq;mq;mq;mq;mq;mq;mq;
61976;20110914030000;101950;mq;mq;100;11.300000;296.250000;292.250000;78;mq;mq;mq;mq;mq;mq;mq;mq;mq;mq;101800;mq;mq;mq;mq;mq;mq;mq;mq;mq;mq;mq;mq;mq;mq;mq;mq;mq;mq;mq;mq;mq;mq;mq;mq;mq;mq;mq;mq;mq;mq;mq;mq;mq;mq;mq;mq;mq;mq;
61980;20110914030000;102350;mq;mq;110;7.200000;294.750000;285.550000;56;10000;15;1;1;75;6;800;38;20;10;mq;mq;mq;mq;mq;mq;mq;mq;mq;mq;mq;mq;11.800000;-10;mq;mq;mq;mq;0.000000;0.000000;mq;mq;mq;710.000000;1112.000000;2437.000000;mq;2;8;690;5;6;2100;mq;mq;mq;mq;mq;mq;
61996;20110914030000;mq;mq;mq;mq;mq;286.750000;mq;mq;mq;mq;mq;mq;mq;mq;mq;mq;mq;mq;mq;mq;mq;mq;mq;mq;mq;mq;mq;mq;mq;mq;mq;mq;mq;mq;mq;mq;0.000000;0.000000;mq;mq;mq;mq;mq;mq;mq;mq;mq;mq;mq;mq;mq;mq;mq;mq;mq;mq;mq;
61997;20110914030000;100900;mq;mq;330;7.700000;277.950000;277.550000;97;mq;mq;mq;mq;mq;mq;mq;mq;mq;mq;mq;mq;mq;mq;mq;mq;mq;mq;mq;mq;mq;mq;mq;mq;mq;mq;mq;mq;mq;0.600000;mq;mq;mq;mq;mq;mq;mq;mq;mq;mq;mq;mq;mq;mq;mq;mq;mq;mq;mq;
61998;20110914030000;100410;mq;mq;260;11.300000;275.850000;272.350000;78;17000;15;1;1;50;4;800;34;23;10;mq;mq;mq;mq;mq;mq;mq;mq;mq;mq;mq;mq;14.900000;-10;mq;mq;mq;mq;0.000000;0.000000;mq;mq;mq;710.000000;1115.000000;mq;mq;4;6;780;mq;mq;mq;mq;mq;mq;mq;mq;mq;
67005;20110914030000;101570;mq;mq;0;0.000000;295.250000;294.250000;94;20000;2;1;1;60;5;800;38;20;10;mq;mq;mq;mq;mq;mq;mq;mq;mq;mq;mq;mq;1.000000;-10;mq;mq;mq;mq;0.000000;0.000000;mq;mq;mq;710.000000;1101.000000;mq;mq;4;8;600;3;6;1500;mq;mq;mq;mq;mq;mq;
71805;20110914030000;101640;-80;7;180;3.600000;288.550000;288.350000;99;5000;0;mq;mq;100;mq;80;mq;mq;mq;101560;mq;mq;mq;mq;mq;mq;mq;mq;mq;mq;mq;5.700000;-10;mq;mq;mq;mq;0.000000;0.000000;mq;mq;mq;710.000000;1106.000000;mq;mq;mq;mq;mq;mq;mq;mq;mq;mq;mq;mq;mq;mq;
78897;20110914030000;101510;20;2;90;1.000000;299.050000;297.050000;89;15000;2;1;1;60;2;800;32;23;12;mq;mq;mq;mq;mq;mq;mq;mq;mq;mq;mq;mq;mq;mq;mq;mq;mq;mq;mq;mq;mq;mq;mq;mq;mq;mq;mq;2;8;600;3;3;4800;mq;mq;mq;mq;mq;mq;
78922;20110914030000;101510;40;0;140;5.700000;301.250000;296.850000;77;mq;mq;mq;mq;mq;mq;mq;mq;mq;mq;101070;mq;mq;mq;mq;mq;mq;mq;mq;mq;mq;mq;mq;mq;mq;mq;mq;mq;mq;mq;mq;mq;mq;mq;mq;mq;mq;mq;mq;mq;mq;mq;mq;mq;mq;mq;mq;mq;mq;
78925;20110914030000;101500;-20;8;70;1.500000;298.650000;297.650000;94;20000;2;1;1;90;1;800;32;23;11;mq;mq;mq;mq;mq;mq;mq;mq;mq;mq;mq;mq;mq;mq;mq;mq;mq;mq;mq;mq;mq;mq;mq;mq;mq;mq;mq;1;8;660;3;2;8400;mq;mq;mq;mq;mq;mq;
81401;20110914030000;101460;mq;mq;120;0.500000;297.650000;296.650000;94;mq;mq;mq;mq;mq;mq;mq;mq;mq;mq;101400;mq;mq;mq;mq;mq;mq;mq;mq;mq;mq;mq;mq;mq;mq;mq;mq;mq;mq;0.000000;mq;mq;mq;mq;mq;mq;mq;mq;mq;mq;mq;mq;mq;mq;mq;mq;mq;mq;mq;
81405;20110914030000;101440;mq;mq;190;0.500000;298.450000;297.750000;96;35000;0;mq;mq;100;mq;mq;mq;mq;mq;101350;mq;mq;mq;mq;mq;mq;mq;mq;mq;mq;mq;mq;mq;mq;mq;mq;mq;mq;0.000000;mq;mq;mq;mq;mq;mq;mq;mq;mq;mq;mq;mq;mq;mq;mq;mq;mq;mq;mq;
81408;20110914030000;101440;mq;mq;0;0.000000;296.150000;295.650000;97;mq;mq;mq;mq;mq;mq;mq;mq;mq;mq;101360;mq;mq;mq;mq;mq;mq;mq;mq;mq;mq;mq;mq;mq;mq;mq;mq;mq;mq;0.000000;mq;mq;mq;mq;mq;mq;mq;mq;mq;mq;mq;mq;mq;mq;mq;mq;mq;mq;mq;
81415;20110914030000;101530;mq;mq;0;0.000000;296.150000;295.450000;96;mq;mq;mq;mq;mq;mq;mq;mq;mq;mq;100310;mq;mq;mq;mq;mq;mq;mq;mq;mq;mq;mq;mq;mq;mq;mq;mq;mq;mq;0.000000;mq;mq;mq;mq;mq;mq;mq;mq;mq;mq;mq;mq;mq;mq;mq;mq;mq;mq;mq;
89642;20110914030000;97700;540;3;110;26.800000;265.750000;264.250000;88;100;73;7;7;101;mq;mq;62;61;60;97160;mq;mq;mq;mq;mq;mq;mq;mq;mq;mq;36.000000;47.300000;-30;mq;mq;mq;mq;mq;mq;mq;mq;mq;1036.000000;1147.000000;mq;mq;mq;mq;mq;mq;mq;mq;mq;mq;mq;mq;mq;mq;
07005;20110914060000;101930;80;3;180;3.100000;283.750000;281.150000;84;20000;2;1;1;40;3;800;32;20;10;101030;mq;mq;mq;283.550000;mq;288.350000;mq;282.150000;mq;mq;mq;4.100000;-10;0;0.000000;mq;mq;0.000000;0.000000;mq;0.000000;0.000000;710.000000;1104.000000;mq;mq;3;8;600;mq;mq;mq;mq;mq;mq;mq;mq;mq;
07015;20110914060000;101850;120;3;200;3.100000;282.450000;280.350000;87;20000;2;mq;mq;0;mq;mq;mq;mq;mq;101280;mq;mq;mq;281.950000;mq;290.150000;mq;280.150000;mq;mq;mq;4.100000;-10;1;0.000000;0.000000;-60;0.000000;0.000000;mq;0.000000;0.000000;710.000000;1104.000000;3100.000000;mq;mq;mq;mq;mq;mq;mq;mq;mq;mq;mq;mq;mq;
07020;20110914060000;102070;40;3;270;8.200000;288.250000;284.650000;79;18000;21;6;1;60;5;1250;35;20;10;101810;mq;mq;mq;287.750000;mq;288.750000;mq;mq;mq;mq;mq;11.800000;-10;mq;mq;mq;mq;0.000000;0.000000;mq;0.000000;0.000000;710.000000;1112.000000;mq;mq;5;6;990;mq;mq;mq;mq;mq;mq;mq;mq;mq;
07027;20110914060000;102120;20;3;250;4.600000;283.750000;281.550000;86;40000;2;1;1;10;1;800;35;20;10;101300;mq;mq;mq;281.850000;mq;287.750000;mq;280.150000;mq;mq;mq;6.200000;-10;1;0.000000;0.000000;-60;0.000000;0.000000;mq;0.000000;0.000000;710.000000;1106.000000;3100.000000;mq;1;6;960;mq;mq;mq;mq;mq;mq;mq;mq;mq;
07037;20110914060000;102110;80;3;220;3.600000;281.250000;280.950000;98;15000;2;1;1;25;2;1250;35;20;10;100250;mq;mq;mq;280.650000;mq;288.350000;mq;276.150000;mq;mq;mq;4.100000;-10;1;0.000000;0.000000;-60;0.000000;0.000000;mq;0.000000;0.000000;710.000000;1104.000000;3100.000000;mq;2;6;1260;mq;mq;mq;mq;mq;mq;mq;mq;mq;
07110;20110914060000;102240;0;5;220;1.500000;281.750000;281.350000;97;25000;2;1;1;25;0;8000;30;20;11;101080;mq;mq;mq;280.650000;mq;287.450000;mq;277.150000;mq;mq;mq;2.600000;-10;0;0.000000;mq;mq;0.000000;0.000000;mq;0.000000;0.000000;710.000000;1103.000000;mq;mq;2;0;6900;mq;mq;mq;mq;mq;mq;mq;mq;mq;
07117;20110914060000;102180;10;2;240;5.100000;284.350000;283.050000;92;15000;2;1;1;75;6;800;35;20;10;101470;mq;mq;mq;284.150000;mq;287.750000;mq;mq;mq;mq;mq;7.200000;-10;mq;mq;mq;mq;0.000000;0.000000;mq;0.000000;mq;710.000000;1107.000000;2427.000000;mq;mq;mq;mq;mq;mq;mq;mq;mq;mq;mq;mq;mq;
07130;20110914060000;102280;40;3;270;1.000000;280.150000;279.750000;97;10000;0;mq;mq;mq;mq;mq;mq;mq;mq;101750;mq;mq;mq;279.950000;mq;289.650000;mq;275.150000;mq;mq;mq;2.100000;-10;0;0.000000;mq;mq;0.000000;0.000000;mq;0.000000;0.200000;710.000000;1102.000000;mq;mq;mq;mq;mq;mq;mq;mq;mq;mq;mq;mq;mq;mq;
07139;20110914060000;102250;70;1;260;1.500000;280.250000;279.150000;93;25000;2;1;1;10;1;800;35;20;10;100480;mq;mq;mq;279.650000;mq;289.550000;mq;276.150000;mq;mq;mq;2.600000;-10;1;0.000000;0.000000;-60;0.000000;0.000000;mq;0.000000;0.000000;710.000000;1103.000000;3100.000000;mq;1;6;600;mq;mq;mq;mq;mq;mq;mq;mq;mq;
07149;20110914060000;102180;110;3;260;2.600000;282.050000;281.150000;94;15000;2;1;1;0;mq;mq;mq;mq;mq;101080;mq;mq;mq;281.450000;mq;290.650000;mq;279.150000;mq;mq;mq;3.600000;-10;0;0.000000;0.000000;-60;0.000000;0.000000;mq;0.000000;0.000000;710.000000;1104.000000;3100.000000;mq;mq;mq;mq;mq;mq;mq;mq;mq;mq;mq;mq;mq;
07168;20110914060000;102190;110;3;290;1.000000;283.450000;281.550000;88;25000;2;1;1;10;1;1250;35;20;10;100760;mq;mq;mq;282.250000;mq;289.350000;mq;279.150000;mq;mq;mq;4.100000;-10;1;0.000000;0.000000;-60;0.000000;0.000000;mq;0.000000;0.600000;710.000000;1104.000000;3100.000000;mq;1;6;1380;mq;mq;mq;mq;mq;mq;mq;mq;mq;
07181;20110914060000;102130;110;3;230;2.100000;282.950000;282.050000;94;mq;0;mq;mq;mq;mq;mq;mq;mq;mq;98020;mq;mq;mq;282.650000;mq;289.350000;mq;279.150000;mq;mq;mq;3.100000;-10;1;0.000000;0.000000;-60;0.000000;0.000000;mq;0.600000;2.200000;710.000000;1103.000000;3100.000000;mq;mq;mq;mq;mq;mq;mq;mq;mq;mq;mq;mq;mq;
07190;20110914060000;102030;150;1;310;2.600000;285.950000;283.150000;83;60000;0;mq;mq;mq;mq;mq;mq;mq;mq;100220;mq;mq;mq;285.450000;mq;294.650000;mq;284.150000;mq;mq;mq;6.700000;-10;0;0.000000;mq;mq;0.000000;0.000000;mq;0.000000;0.000000;710.000000;1107.000000;mq;mq;mq;mq;mq;mq;mq;mq;mq;mq;mq;mq;mq;mq;
07207;20110914060000;mq;mq;mq;340;3.600000;283.450000;281.050000;85;20000;2;1;1;40;3;800;31;20;10;mq;mq;mq;mq;283.150000;mq;289.750000;mq;mq;mq;mq;mq;4.600000;-10;mq;mq;mq;mq;0.000000;0.000000;mq;0.000000;mq;710.000000;1105.000000;2435.000000;mq;mq;mq;mq;mq;mq;mq;mq;mq;mq;mq;mq;mq;
07222;20110914060000;102290;30;3;290;0.500000;280.550000;279.950000;96;15000;11;0;0;0;mq;mq;mq;mq;mq;101970;mq;mq;mq;280.450000;mq;290.450000;mq;275.150000;mq;mq;mq;1.000000;-10;0;0.000000;mq;mq;0.000000;0.000000;mq;0.000000;2.200000;710.000000;1101.000000;mq;mq;mq;mq;mq;mq;mq;mq;mq;mq;mq;mq;mq;mq;
07240;20110914060000;102280;80;3;330;2.600000;282.250000;281.450000;95;15000;2;mq;mq;10;1;1250;35;20;10;100910;mq;mq;mq;281.950000;mq;290.750000;mq;280.150000;mq;mq;mq;3.100000;-10;1;0.000000;0.000000;-60;0.200000;0.200000;mq;0.200000;0.400000;710.000000;1103.000000;3100.000000;mq;1;6;1380;mq;mq;mq;mq;mq;mq;mq;mq;mq;
07255;20110914060000;102250;80;3;340;2.600000;284.150000;283.350000;95;12000;2;1;1;60;5;1250;35;20;10;100240;mq;mq;mq;284.050000;mq;289.550000;mq;281.150000;mq;mq;mq;4.100000;-10;1;0.000000;0.000000;-60;0.000000;0.000000;mq;0.400000;1.800000;710.000000;1104.000000;3100.000000;mq;5;6;990;mq;mq;mq;mq;mq;mq;mq;mq;mq;
07280;20110914060000;102150;100;1;360;1.500000;285.350000;283.750000;90;55000;0;mq;mq;mq;mq;mq;mq;mq;mq;99430;mq;mq;mq;284.050000;mq;292.950000;mq;280.150000;mq;mq;mq;3.100000;-10;0;0.000000;mq;mq;0.000000;0.000000;mq;0.400000;1.400000;710.000000;1103.000000;mq;mq;mq;mq;mq;mq;mq;mq;mq;mq;mq;mq;mq;mq;
07299;20110914060000;102020;230;1;240;2.100000;287.750000;287.150000;96;8000;1;6;5;100;7;450;35;61;60;98800;mq;mq;mq;287.750000;mq;294.250000;mq;287.150000;mq;mq;mq;3.600000;-10;2;0.000000;0.000000;-60;0.000000;3.000000;mq;9.000000;9.300000;710.000000;1104.000000;3100.000000;mq;2;6;450;7;6;780;mq;mq;mq;mq;mq;mq;
07314;20110914060000;102280;50;3;40;5.700000;288.050000;283.250000;73;mq;mq;mq;mq;mq;mq;mq;mq;mq;mq;102000;mq;mq;mq;287.850000;mq;291.750000;mq;mq;mq;mq;mq;8.700000;-10;mq;mq;mq;mq;0.000000;0.000000;mq;0.000000;1.400000;710.000000;1109.000000;mq;mq;mq;mq;mq;mq;mq;mq;mq;mq;mq;mq;mq;mq;
07335;20110914060000;102290;60;3;350;2.100000;282.650000;282.050000;96;30000;2;1;1;40;3;1250;35;20;12;100830;mq;mq;mq;282.250000;mq;289.950000;mq;280.150000;mq;mq;mq;3.100000;-10;1;0.000000;0.000000;-60;0.000000;0.000000;mq;0.200000;8.400000;710.000000;1103.000000;3100.000000;mq;3;6;1290;mq;mq;mq;mq;mq;mq;mq;mq;mq;
07434;20110914060000;102160;70;3;10;2.100000;285.150000;284.350000;95;8000;2;1;1;10;1;250;36;20;10;97390;mq;mq;mq;285.150000;mq;291.750000;mq;283.150000;mq;mq;mq;5.700000;-10;1;0.000000;0.000000;-60;0.000000;0.000000;mq;0.600000;1.000000;710.000000;1106.000000;3100.000000;mq;1;7;240;mq;mq;mq;mq;mq;mq;mq;mq;mq;
07460;20110914060000;102120;110;3;10;2.100000;287.350000;286.250000;93;7000;50;mq;mq;100;8;450;35;61;60;98280;mq;mq;mq;286.950000;mq;294.950000;mq;287.150000;mq;mq;mq;3.100000;-10;1;0.000000;0.000000;-60;0.000000;0.200000;mq;0.600000;0.600000;710.000000;1103.000000;3100.000000;mq;1;7;300;7;6;480;7;6;780;mq;mq;mq;
07471;20110914060000;mq;30;3;340;2.100000;287.650000;287.050000;96;9000;2;1;1;90;7;450;35;61;60;92450;85000;17930;mq;286.850000;mq;293.150000;mq;285.150000;mq;mq;mq;3.100000;-10;1;0.000000;0.000000;-60;0.000000;0.000000;mq;0.000000;0.000000;710.000000;1103.000000;3100.000000;mq;7;6;330;mq;mq;mq;mq;mq;mq;mq;mq;mq;
07481;20110914060000;101950;70;3;360;5.700000;290.050000;288.250000;89;20000;3;6;5;100;8;250;35;61;60;99140;mq;mq;mq;290.050000;mq;296.650000;mq;290.150000;mq;mq;mq;8.200000;-10;0;0.000000;0.000000;-60;0.000000;0.000000;mq;0.400000;0.400000;710.000000;1108.000000;3100.000000;mq;5;7;210;8;6;780;mq;mq;mq;mq;mq;mq;
07510;20110914060000;102130;20;3;340;0.500000;285.150000;284.950000;99;30000;11;1;1;10;1;800;35;20;10;101480;mq;mq;mq;285.050000;mq;294.450000;mq;282.150000;mq;mq;mq;2.100000;-10;0;0.000000;0.000000;-60;0.000000;0.000000;mq;0.000000;0.000000;710.000000;1102.000000;3100.000000;mq;1;6;630;mq;mq;mq;mq;mq;mq;mq;mq;mq;
07535;20110914060000;102000;70;3;310;1.500000;288.850000;287.250000;90;15000;2;1;1;90;7;800;35;61;60;98930;mq;mq;mq;288.850000;mq;297.550000;mq;289.150000;mq;mq;mq;3.600000;-10;0;0.000000;0.000000;-60;0.000000;0.000000;mq;0.000000;0.000000;710.000000;1104.000000;3100.000000;mq;7;6;750;mq;mq;mq;mq;mq;mq;mq;mq;mq;
07558;20110914060000;101850;30;2;30;1.500000;287.850000;287.550000;98;30000;2;1;1;10;1;250;35;20;10;93670;mq;mq;mq;287.650000;mq;295.050000;mq;286.150000;mq;mq;mq;2.600000;-10;0;0.000000;0.000000;-60;0.000000;0.000000;mq;0.000000;0.000000;710.000000;1103.000000;3100.000000;mq;1;6;180;mq;mq;mq;mq;mq;mq;mq;mq;mq;
07577;20110914060000;101650;-10;6;10;5.100000;295.050000;289.750000;72;60000;2;1;1;25;2;800;38;20;10;100790;mq;mq;mq;294.450000;mq;299.950000;mq;294.150000;mq;mq;mq;12.300000;-10;0;0.000000;0.000000;-60;0.000000;0.000000;mq;0.000000;0.000000;710.000000;1112.000000;3100.000000;mq;2;8;600;mq;mq;mq;mq;mq;mq;mq;mq;mq;
07591;20110914060000;mq;20;3;280;1.000000;286.350000;282.750000;79;mq;0;mq;mq;mq;mq;mq;mq;mq;mq;91800;mq;mq;mq;286.250000;mq;296.050000;mq;282.150000;mq;mq;mq;2.100000;-10;mq;mq;mq;mq;0.000000;0.000000;mq;0.000000;0.000000;710.000000;1102.000000;mq;mq;mq;mq;mq;mq;mq;mq;mq;mq;mq;mq;mq;mq;
07607;20110914060000;102060;-10;5;20;2.600000;289.350000;286.850000;85;55000;0;mq;mq;100;mq;800;mq;mq;mq;101360;mq;mq;mq;289.350000;mq;295.950000;mq;289.150000;mq;mq;mq;4.100000;-10;mq;mq;mq;mq;0.000000;0.000000;mq;0.000000;0.000000;710.000000;1104.000000;mq;mq;mq;mq;mq;mq;mq;mq;mq;mq;mq;mq;mq;mq;
07621;20110914060000;101980;-30;6;350;0.500000;290.050000;289.550000;97;4000;20;mq;mq;100;8;80;35;61;60;97750;mq;mq;mq;290.050000;mq;295.350000;mq;290.150000;mq;mq;mq;1.000000;-10;2;0.000000;0.000000;-60;0.000000;0.000000;mq;1.000000;1.400000;710.000000;1101.000000;3100.000000;mq;2;7;90;5;7;180;8;6;450;mq;mq;mq;
07627;20110914060000;101950;-10;5;310;0.500000;290.450000;289.350000;93;6000;50;5;2;100;8;250;36;61;60;97200;mq;mq;mq;290.350000;mq;295.350000;mq;290.150000;mq;mq;mq;2.100000;-10;2;0.000000;0.000000;-60;0.000000;0.000000;mq;0.000000;0.000000;710.000000;1102.000000;3100.000000;mq;8;7;180;mq;mq;mq;mq;mq;mq;mq;mq;mq;
07630;20110914060000;101940;0;5;310;2.100000;292.450000;288.950000;80;30000;2;1;1;90;7;450;35;61;60;100190;mq;mq;mq;292.450000;mq;301.850000;mq;292.150000;mq;mq;mq;4.600000;-10;0;0.000000;0.000000;-60;0.000000;0.000000;mq;0.000000;0.000000;710.000000;1105.000000;3100.000000;mq;1;6;480;6;6;1500;5;6;2100;mq;mq;mq;
07643;20110914060000;101610;60;3;60;1.500000;293.850000;288.850000;73;75000;2;mq;mq;0;mq;mq;mq;mq;mq;101520;mq;mq;mq;293.250000;mq;298.550000;mq;292.150000;mq;mq;mq;2.600000;-10;0;0.000000;0.000000;-60;0.000000;0.000000;mq;0.000000;0.000000;710.000000;1103.000000;3100.000000;mq;mq;mq;mq;mq;mq;mq;mq;mq;mq;mq;mq;mq;
07650;20110914060000;101460;50;3;210;1.000000;290.650000;286.950000;79;30000;2;1;1;0;mq;mq;mq;mq;mq;101080;mq;mq;mq;289.150000;mq;299.450000;mq;285.150000;mq;mq;mq;1.500000;-10;0;0.000000;mq;mq;0.000000;0.000000;mq;0.000000;0.000000;710.000000;1102.000000;mq;mq;mq;mq;mq;mq;mq;mq;mq;mq;mq;mq;mq;mq;
07661;20110914060000;101370;40;3;100;5.100000;293.250000;287.850000;71;25000;2;1;1;0;mq;mq;mq;mq;mq;99810;mq;mq;mq;292.150000;mq;297.250000;mq;mq;mq;mq;mq;8.700000;-10;mq;mq;mq;mq;0.000000;0.000000;mq;0.000000;0.000000;710.000000;1109.000000;mq;mq;mq;mq;mq;mq;mq;mq;mq;mq;mq;mq;mq;mq;
07690;20110914060000;101460;50;3;330;3.100000;295.050000;287.150000;61;25000;2;1;1;10;1;450;35;20;10;101130;mq;mq;mq;294.550000;mq;297.850000;mq;294.150000;mq;mq;mq;4.600000;-10;0;0.000000;0.000000;-60;0.000000;0.000000;mq;0.000000;0.000000;710.000000;1105.000000;3100.000000;mq;1;6;330;mq;mq;mq;mq;mq;mq;mq;mq;mq;
07747;20110914060000;101700;80;3;230;1.500000;295.850000;289.850000;69;30000;2;1;1;0;mq;mq;mq;mq;mq;101190;mq;mq;mq;295.550000;mq;300.950000;mq;293.150000;mq;mq;mq;5.700000;-10;0;0.000000;0.000000;-60;0.000000;0.000000;mq;0.000000;0.000000;710.000000;1106.000000;3100.000000;mq;mq;mq;mq;mq;mq;mq;mq;mq;mq;mq;mq;mq;
07761;20110914060000;101450;30;3;50;3.600000;291.750000;286.850000;73;25000;2;1;1;10;1;800;31;20;10;101340;mq;mq;mq;290.050000;mq;298.250000;mq;289.150000;mq;mq;mq;5.100000;-10;0;0.000000;0.000000;-60;0.000000;0.000000;mq;0.000000;0.000000;710.000000;1105.000000;3100.000000;mq;1;8;900;mq;mq;mq;mq;mq;mq;mq;mq;mq;
07790;20110914060000;101440;40;3;210;1.500000;292.350000;289.350000;83;18000;2;1;1;0;mq;mq;mq;mq;mq;101300;mq;mq;mq;290.850000;mq;296.350000;mq;288.150000;mq;mq;mq;3.100000;-10;0;0.000000;0.000000;-60;0.000000;0.200000;mq;0.200000;0.200000;710.000000;1103.000000;3100.000000;mq;mq;mq;mq;mq;mq;mq;mq;mq;mq;mq;mq;mq;
61970;20110914060000;101900;mq;mq;mq;mq;300.350000;292.450000;62;mq;mq;mq;mq;mq;mq;mq;mq;mq;mq;mq;mq;mq;mq;294.350000;mq;mq;mq;mq;mq;mq;mq;mq;mq;mq;mq;mq;mq;0.000000;mq;mq;mq;0.000000;mq;mq;mq;mq;mq;mq;mq;mq;mq;mq;mq;mq;mq;mq;mq;mq;
61972;20110914060000;101900;mq;mq;80;3.100000;298.850000;294.950000;79;mq;mq;mq;mq;mq;mq;mq;mq;mq;mq;mq;mq;mq;mq;292.050000;mq;mq;mq;mq;mq;mq;mq;5.100000;-10;mq;mq;mq;mq;0.000000;mq;mq;mq;0.000000;710.000000;1105.000000;mq;mq;mq;mq;mq;mq;mq;mq;mq;mq;mq;mq;mq;mq;
61976;20110914060000;102020;mq;mq;110;10.300000;297.750000;293.050000;75;mq;mq;mq;mq;mq;mq;mq;mq;mq;mq;101870;mq;mq;mq;mq;mq;mq;mq;mq;mq;mq;mq;mq;mq;mq;mq;mq;mq;mq;mq;mq;mq;mq;mq;mq;mq;mq;mq;mq;mq;mq;mq;mq;mq;mq;mq;mq;mq;mq;
61980;20110914060000;102470;mq;mq;100;10.300000;297.950000;286.550000;49;12000;2;1;1;50;4;800;38;20;10;mq;mq;mq;mq;293.150000;mq;mq;mq;292.150000;mq;mq;mq;16.500000;-10;mq;mq;mq;mq;0.000000;mq;mq;mq;0.600000;710.000000;1116.000000;2447.000000;mq;1;8;690;4;6;1800;mq;mq;mq;mq;mq;mq;
61996;20110914060000;mq;mq;mq;mq;mq;287.650000;mq;mq;mq;mq;mq;mq;mq;mq;mq;mq;mq;mq;mq;mq;mq;mq;285.450000;mq;mq;mq;284.150000;mq;mq;mq;mq;mq;mq;mq;mq;mq;0.000000;mq;mq;mq;0.400000;mq;mq;mq;mq;mq;mq;mq;mq;mq;mq;mq;mq;mq;mq;mq;mq;
61997;20110914060000;100680;mq;mq;300;8.700000;282.750000;282.250000;97;mq;mq;mq;mq;mq;mq;mq;mq;mq;mq;mq;mq;mq;mq;275.650000;mq;mq;mq;275.150000;mq;mq;mq;mq;mq;mq;mq;mq;mq;mq;mq;mq;mq;0.600000;mq;mq;mq;mq;mq;mq;mq;mq;mq;mq;mq;mq;mq;mq;mq;mq;
61998;20110914060000;100470;mq;mq;260;12.300000;277.950000;272.150000;66;25000;2;1;1;50;4;800;34;20;12;mq;mq;mq;mq;274.650000;mq;mq;mq;274.150000;mq;mq;mq;16.500000;-10;mq;mq;mq;mq;0.000000;mq;mq;mq;0.400000;710.000000;1116.000000;mq;mq;4;6;780;mq;mq;mq;mq;mq;mq;mq;mq;mq;
67005;20110914060000;101750;mq;mq;60;3.100000;299.850000;294.150000;71;20000;2;1;1;60;5;800;38;20;10;mq;mq;mq;mq;294.250000;mq;mq;mq;292.150000;mq;mq;mq;5.700000;-10;mq;mq;mq;mq;0.000000;mq;mq;mq;0.000000;710.000000;1106.000000;mq;mq;5;8;600;mq;mq;mq;mq;mq;mq;mq;mq;mq;
71805;20110914060000;101530;-110;8;180;5.100000;288.650000;288.450000;99;300;45;mq;mq;101;mq;mq;62;61;60;101450;mq;mq;mq;mq;288.150000;mq;291.450000;287.150000;mq;mq;mq;7.200000;-10;mq;mq;mq;mq;0.000000;0.000000;mq;0.000000;0.000000;710.000000;1107.000000;mq;mq;mq;mq;mq;mq;mq;mq;mq;mq;mq;mq;mq;mq;
78897;20110914060000;101390;-120;6;120;2.100000;299.550000;297.050000;86;mq;0;mq;mq;mq;mq;800;mq;mq;mq;mq;mq;mq;mq;mq;297.450000;mq;304.650000;mq;mq;mq;mq;mq;mq;mq;mq;mq;mq;mq;mq;0.000000;mq;1.600000;mq;mq;mq;mq;mq;mq;mq;mq;mq;mq;mq;mq;mq;mq;mq;mq;
78922;20110914060000;101340;-170;8;130;5.700000;301.150000;296.350000;75;mq;mq;mq;mq;mq;mq;mq;mq;mq;mq;100900;mq;mq;mq;mq;mq;mq;mq;mq;mq;mq;mq;mq;mq;mq;mq;mq;mq;mq;mq;mq;mq;mq;mq;mq;mq;mq;mq;mq;mq;mq;mq;mq;mq;mq;mq;mq;mq;mq;
78925;20110914060000;101350;-150;8;30;1.500000;299.350000;297.350000;89;60000;0;mq;mq;mq;mq;mq;mq;mq;mq;mq;mq;mq;mq;mq;297.250000;mq;305.350000;mq;mq;mq;mq;mq;mq;mq;mq;mq;mq;mq;mq;0.000000;mq;0.400000;mq;mq;mq;mq;mq;mq;mq;mq;mq;mq;mq;mq;mq;mq;mq;mq;
81401;20110914060000;101300;mq;mq;200;1.000000;297.550000;296.650000;95;mq;mq;mq;mq;mq;mq;mq;mq;mq;mq;101240;mq;mq;mq;mq;mq;mq;mq;mq;mq;mq;mq;mq;mq;mq;mq;mq;mq;mq;0.000000;0.000000;mq;mq;mq;mq;mq;mq;mq;mq;mq;mq;mq;mq;mq;mq;mq;mq;mq;mq;
81405;20110914060000;101320;mq;mq;180;0.500000;297.550000;297.050000;97;27000;0;mq;mq;mq;mq;800;mq;mq;mq;101230;mq;mq;mq;mq;mq;mq;mq;296.150000;mq;mq;mq;mq;mq;mq;mq;mq;mq;mq;0.000000;0.000000;mq;mq;mq;mq;mq;mq;mq;mq;mq;mq;mq;mq;mq;mq;mq;mq;mq;mq;
81408;20110914060000;101290;mq;mq;0;0.000000;296.350000;296.050000;98;mq;mq;mq;mq;mq;mq;mq;mq;mq;mq;101210;mq;mq;mq;mq;mq;mq;mq;mq;mq;mq;mq;mq;mq;mq;mq;mq;mq;mq;0.200000;0.200000;mq;mq;mq;mq;mq;mq;mq;mq;mq;mq;mq;mq;mq;mq;mq;mq;mq;mq;
81415;20110914060000;101410;mq;mq;40;0.500000;295.350000;294.850000;97;mq;mq;mq;mq;mq;mq;mq;mq;mq;mq;100190;mq;mq;mq;mq;mq;mq;mq;mq;mq;mq;mq;mq;mq;mq;mq;mq;mq;mq;0.000000;0.000000;mq;mq;mq;mq;mq;mq;mq;mq;mq;mq;mq;mq;mq;mq;mq;mq;mq;mq;
89642;20110914060000;98130;430;1;120;21.100000;266.050000;264.550000;88;300;71;7;7;101;mq;mq;62;61;60;97590;mq;mq;mq;mq;mq;mq;mq;274.150000;mq;mq;28.300000;47.300000;-60;mq;mq;mq;mq;mq;mq;mq;mq;mq;1028.000000;1147.000000;mq;mq;mq;mq;mq;mq;mq;mq;mq;mq;mq;mq;mq;mq;
07005;20110914090000;102020;110;1;220;4.100000;288.550000;285.350000;81;30000;1;8;6;60;5;800;38;20;10;101140;mq;mq;mq;mq;mq;mq;mq;mq;mq;mq;mq;8.200000;-10;mq;mq;0.000000;-30;0.000000;0.400000;mq;mq;mq;710.000000;1108.000000;3100.000000;mq;5;8;600;mq;mq;mq;mq;mq;mq;mq;mq;mq;
07015;20110914090000;101950;110;3;240;5.100000;288.450000;283.050000;70;20000;2;1;1;25;2;800;38;20;10;101390;mq;mq;mq;mq;mq;mq;mq;mq;mq;mq;mq;8.700000;-10;mq;mq;0.000000;-30;0.000000;0.000000;mq;mq;mq;710.000000;1109.000000;3100.000000;mq;2;8;630;mq;mq;mq;mq;mq;mq;mq;mq;mq;
07020;20110914090000;102170;100;3;250;8.700000;289.250000;285.250000;77;16000;2;1;1;90;6;1250;38;27;10;101910;mq;mq;mq;mq;mq;mq;mq;mq;mq;mq;mq;10.800000;-10;mq;mq;mq;mq;0.000000;0.000000;mq;mq;mq;710.000000;1111.000000;mq;mq;1;8;990;5;6;1500;mq;mq;mq;mq;mq;mq;
07027;20110914090000;102200;100;2;260;5.700000;288.850000;284.450000;75;40000;2;1;1;10;1;800;38;20;10;101400;mq;mq;mq;mq;mq;mq;mq;mq;mq;mq;mq;8.700000;-10;mq;mq;0.000000;-30;0.000000;0.000000;mq;mq;mq;710.000000;1109.000000;3100.000000;mq;1;8;630;mq;mq;mq;mq;mq;mq;mq;mq;mq;
07037;20110914090000;102170;110;2;240;3.600000;288.450000;284.050000;75;20000;2;1;1;50;4;800;38;20;10;100360;mq;mq;mq;mq;mq;mq;mq;mq;mq;mq;mq;7.200000;-10;mq;mq;0.000000;-30;0.000000;0.000000;mq;mq;mq;710.000000;1107.000000;3100.000000;mq;2;8;600;3;6;1380;mq;mq;mq;mq;mq;mq;
07110;20110914090000;102280;70;1;250;3.600000;289.350000;285.150000;76;25000;2;1;1;50;4;800;32;20;10;101150;mq;mq;mq;mq;mq;mq;mq;mq;mq;mq;mq;5.700000;-10;mq;mq;mq;mq;0.000000;0.000000;mq;mq;mq;710.000000;1106.000000;mq;mq;4;8;690;mq;mq;mq;mq;mq;mq;mq;mq;mq;
07117;20110914090000;102250;80;3;250;5.700000;288.650000;284.450000;76;15000;2;1;1;25;2;800;35;20;10;101550;mq;mq;mq;mq;mq;mq;mq;mq;mq;mq;mq;8.700000;-10;mq;mq;mq;mq;0.000000;0.000000;mq;mq;mq;710.000000;1109.000000;2427.000000;mq;mq;mq;mq;mq;mq;mq;mq;mq;mq;mq;mq;mq;
07130;20110914090000;102360;90;2;300;1.500000;287.950000;283.150000;73;28000;0;mq;mq;mq;mq;mq;mq;mq;mq;101840;mq;mq;mq;mq;mq;mq;mq;mq;mq;mq;mq;3.100000;-10;mq;mq;mq;mq;0.000000;0.000000;mq;mq;mq;710.000000;1103.000000;mq;mq;mq;mq;mq;mq;mq;mq;mq;mq;mq;mq;mq;mq;
07139;20110914090000;102300;90;1;230;2.600000;287.050000;281.850000;71;25000;2;1;1;10;1;800;31;20;10;100570;mq;mq;mq;mq;mq;mq;mq;mq;mq;mq;mq;4.100000;-10;mq;mq;0.000000;-30;0.000000;0.000000;mq;mq;mq;710.000000;1104.000000;3100.000000;mq;1;8;600;mq;mq;mq;mq;mq;mq;mq;mq;mq;
07149;20110914090000;102260;100;1;290;3.100000;288.850000;282.250000;65;17000;2;1;1;10;1;800;31;20;10;101180;mq;mq;mq;mq;mq;mq;mq;mq;mq;mq;mq;5.100000;-10;mq;mq;0.000000;-30;0.000000;0.000000;mq;mq;mq;710.000000;1105.000000;3100.000000;mq;1;8;690;mq;mq;mq;mq;mq;mq;mq;mq;mq;
07168;20110914090000;102280;110;2;310;3.100000;288.050000;282.450000;69;25000;2;1;1;25;2;800;38;20;10;100870;mq;mq;mq;mq;mq;mq;mq;mq;mq;mq;mq;5.100000;-10;mq;mq;0.000000;-30;0.000000;0.200000;mq;mq;mq;710.000000;1105.000000;3100.000000;mq;2;8;690;mq;mq;mq;mq;mq;mq;mq;mq;mq;
07181;20110914090000;102210;130;1;270;3.100000;286.750000;282.550000;76;40000;0;mq;mq;mq;mq;800;mq;mq;mq;98150;mq;mq;mq;mq;mq;mq;mq;mq;mq;mq;mq;6.200000;-10;mq;mq;mq;mq;0.000000;0.000000;mq;mq;mq;710.000000;1106.000000;mq;mq;mq;mq;mq;mq;mq;mq;mq;mq;mq;mq;mq;mq;
07190;20110914090000;102120;120;1;340;1.500000;290.650000;282.250000;58;55000;0;mq;mq;mq;mq;800;mq;mq;mq;100340;mq;mq;mq;mq;mq;mq;mq;mq;mq;mq;mq;4.100000;-10;mq;mq;mq;mq;0.000000;0.000000;mq;mq;mq;710.000000;1104.000000;mq;mq;mq;mq;mq;mq;mq;mq;mq;mq;mq;mq;mq;mq;
07207;20110914090000;mq;mq;mq;10;2.100000;289.850000;283.050000;64;20000;2;1;1;25;2;800;31;20;10;mq;mq;mq;mq;mq;mq;mq;mq;mq;mq;mq;mq;4.100000;-10;mq;mq;mq;mq;0.000000;0.000000;mq;mq;mq;710.000000;1104.000000;2435.000000;mq;mq;mq;mq;mq;mq;mq;mq;mq;mq;mq;mq;mq;
07222;20110914090000;102350;70;2;40;2.600000;288.250000;282.650000;69;25000;2;1;1;0;mq;mq;mq;mq;mq;102040;mq;mq;mq;mq;mq;mq;mq;mq;mq;mq;mq;4.600000;-10;mq;mq;mq;mq;0.000000;0.000000;mq;mq;mq;710.000000;1105.000000;mq;mq;mq;mq;mq;mq;mq;mq;mq;mq;mq;mq;mq;mq;
07240;20110914090000;102340;90;2;340;2.600000;288.250000;282.650000;69;19000;0;mq;mq;mq;mq;mq;mq;mq;mq;101000;mq;mq;mq;mq;mq;mq;mq;mq;mq;mq;mq;4.100000;-10;mq;mq;mq;mq;0.000000;0.000000;mq;mq;mq;710.000000;1104.000000;mq;mq;mq;mq;mq;mq;mq;mq;mq;mq;mq;mq;mq;mq;
07255;20110914090000;102310;90;3;30;2.100000;288.150000;282.250000;68;25000;2;1;1;50;4;1250;35;20;10;100330;mq;mq;mq;mq;mq;mq;mq;mq;mq;mq;mq;4.100000;-10;mq;mq;0.000000;-30;0.000000;0.000000;mq;mq;mq;710.000000;1104.000000;3100.000000;mq;4;6;1080;mq;mq;mq;mq;mq;mq;mq;mq;mq;
07280;20110914090000;102190;80;1;30;2.100000;289.350000;282.750000;65;60000;0;mq;mq;mq;mq;mq;mq;mq;mq;99510;mq;mq;mq;mq;mq;mq;mq;mq;mq;mq;mq;5.100000;-10;mq;mq;mq;mq;0.000000;0.000000;mq;mq;mq;710.000000;1105.000000;mq;mq;mq;mq;mq;mq;mq;mq;mq;mq;mq;mq;mq;mq;
07299;20110914090000;102110;100;3;330;1.000000;289.350000;285.550000;78;20000;2;1;1;50;4;800;38;20;10;98900;mq;mq;mq;mq;mq;mq;mq;mq;mq;mq;mq;3.600000;-10;mq;mq;0.000000;-30;0.000000;0.000000;mq;mq;mq;710.000000;1104.000000;3100.000000;mq;4;8;780;mq;mq;mq;mq;mq;mq;mq;mq;mq;
07314;20110914090000;102330;50;2;50;5.700000;289.150000;283.850000;71;18000;2;1;1;40;3;2250;30;27;10;102050;mq;mq;mq;mq;mq;mq;mq;mq;mq;mq;mq;8.700000;-10;mq;mq;mq;mq;0.000000;0.000000;mq;mq;mq;710.000000;1109.000000;2437.000000;mq;3;3;1800;mq;mq;mq;mq;mq;mq;mq;mq;mq;
07335;20110914090000;102330;60;2;50;3.600000;288.150000;283.550000;74;30000;2;1;1;10;1;800;31;20;10;100890;mq;mq;mq;mq;mq;mq;mq;mq;mq;mq;mq;5.700000;-10;mq;mq;0.000000;-30;0.000000;0.000000;mq;mq;mq;710.000000;1106.000000;3100.000000;mq;1;8;600;mq;mq;mq;mq;mq;mq;mq;mq;mq;
07434;20110914090000;102130;40;3;60;3.600000;289.150000;284.550000;74;25000;2;1;1;25;2;450;31;20;10;97430;mq;mq;mq;mq;mq;mq;mq;mq;mq;mq;mq;7.200000;-10;mq;mq;0.000000;-30;0.000000;0.000000;mq;mq;mq;710.000000;1107.000000;3100.000000;mq;2;8;510;mq;mq;mq;mq;mq;mq;mq;mq;mq;
07460;20110914090000;102190;80;2;20;2.100000;288.450000;285.550000;83;15000;2;5;2;100;8;450;38;61;60;98360;mq;mq;mq;mq;mq;mq;mq;mq;mq;mq;mq;4.100000;-10;mq;mq;0.000000;-30;0.000000;0.000000;mq;mq;mq;710.000000;1104.000000;3100.000000;mq;3;8;450;7;6;690;mq;mq;mq;mq;mq;mq;
07471;20110914090000;mq;70;3;260;2.600000;288.050000;286.250000;89;9000;2;1;1;90;7;450;35;61;60;92520;85000;18000;mq;mq;mq;mq;mq;mq;mq;mq;mq;5.100000;-10;mq;mq;0.000000;-30;0.000000;0.000000;mq;mq;mq;710.000000;1105.000000;3100.000000;mq;7;6;330;mq;mq;mq;mq;mq;mq;mq;mq;mq;
07481;20110914090000;102060;110;2;350;5.100000;291.350000;286.850000;75;30000;2;1;1;60;5;450;38;20;10;99250;mq;mq;mq;mq;mq;mq;mq;mq;mq;mq;mq;8.700000;-10;mq;mq;0.000000;-30;0.000000;0.000000;mq;mq;mq;710.000000;1109.000000;3100.000000;mq;3;8;390;3;6;1080;mq;mq;mq;mq;mq;mq;
07510;20110914090000;102160;40;2;30;2.600000;291.050000;287.350000;79;20000;2;1;1;10;1;450;31;20;11;101520;mq;mq;mq;mq;mq;mq;mq;mq;mq;mq;mq;4.600000;-10;mq;mq;0.000000;-30;0.000000;0.000000;mq;mq;mq;710.000000;1105.000000;3100.000000;mq;1;8;390;mq;mq;mq;mq;mq;mq;mq;mq;mq;
07535;20110914090000;102090;90;3;330;1.500000;289.350000;287.150000;87;18000;2;1;1;90;7;450;35;61;60;99020;mq;mq;mq;mq;mq;mq;mq;mq;mq;mq;mq;3.100000;-10;mq;mq;0.000000;-30;0.000000;0.000000;mq;mq;mq;710.000000;1103.000000;3100.000000;mq;7;6;480;mq;mq;mq;mq;mq;mq;mq;mq;mq;
07558;20110914090000;101710;40;1;350;3.600000;294.050000;287.250000;65;30000;2;1;1;10;1;450;31;20;10;93710;mq;mq;mq;mq;mq;mq;mq;mq;mq;mq;mq;7.700000;-10;mq;mq;0.000000;-30;0.000000;0.000000;mq;mq;mq;710.000000;1108.000000;3100.000000;mq;1;8;480;mq;mq;mq;mq;mq;mq;mq;mq;mq;
07577;20110914090000;101790;140;3;30;8.700000;295.550000;287.950000;62;60000;2;1;1;25;2;800;38;20;10;100930;mq;mq;mq;mq;mq;mq;mq;mq;mq;mq;14.400000;14.400000;-10;mq;mq;0.000000;-30;0.000000;0.000000;mq;mq;mq;1014.000000;710.000000;1114.000000;3100.000000;1;8;600;mq;mq;mq;mq;mq;mq;mq;mq;mq;
07591;20110914090000;mq;10;3;170;2.100000;294.350000;283.850000;51;mq;0;mq;mq;mq;mq;mq;mq;mq;mq;91810;mq;mq;mq;mq;mq;mq;mq;mq;mq;mq;mq;4.100000;-10;mq;mq;mq;mq;0.000000;0.000000;mq;mq;mq;710.000000;1104.000000;mq;mq;mq;mq;mq;mq;mq;mq;mq;mq;mq;mq;mq;mq;
07607;20110914090000;102130;70;2;50;2.600000;291.250000;287.350000;78;60000;0;mq;mq;100;mq;800;mq;mq;mq;101430;mq;mq;mq;mq;mq;mq;mq;mq;mq;mq;mq;4.100000;-10;mq;mq;mq;mq;0.000000;0.000000;mq;mq;mq;710.000000;1104.000000;mq;mq;mq;mq;mq;mq;mq;mq;mq;mq;mq;mq;mq;mq;
07621;20110914090000;102050;70;2;20;1.500000;290.250000;289.950000;98;1500;20;5;2;100;8;80;37;61;60;97820;mq;mq;mq;mq;mq;mq;mq;mq;mq;mq;mq;3.100000;-10;mq;mq;0.000000;-30;0.000000;0.000000;mq;mq;mq;710.000000;1103.000000;3100.000000;mq;8;7;60;mq;mq;mq;mq;mq;mq;mq;mq;mq;
07627;20110914090000;101990;60;3;290;1.500000;291.750000;289.550000;87;9000;2;5;2;100;8;250;38;61;60;97260;mq;mq;mq;mq;mq;mq;mq;mq;mq;mq;mq;2.600000;-10;mq;mq;0.000000;-30;0.000000;0.200000;mq;mq;mq;710.000000;1103.000000;3100.000000;mq;6;8;240;8;6;390;mq;mq;mq;mq;mq;mq;
07630;20110914090000;102040;100;3;330;3.600000;293.750000;288.050000;70;30000;2;1;1;90;7;450;35;61;60;100290;mq;mq;mq;mq;mq;mq;mq;mq;mq;mq;mq;5.700000;-10;mq;mq;0.000000;-30;0.000000;0.000000;mq;mq;mq;710.000000;1106.000000;3100.000000;mq;7;6;540;mq;mq;mq;mq;mq;mq;mq;mq;mq;
07643;20110914090000;101670;60;3;350;6.200000;300.050000;288.150000;48;75000;2;1;1;0;mq;mq;mq;mq;mq;101580;mq;mq;mq;mq;mq;mq;mq;mq;mq;mq;mq;8.200000;-10;mq;mq;mq;mq;0.000000;0.000000;mq;mq;mq;710.000000;1108.000000;mq;mq;mq;mq;mq;mq;mq;mq;mq;mq;mq;mq;mq;mq;
07650;20110914090000;101510;60;3;290;2.100000;298.950000;288.950000;54;30000;2;1;1;0;mq;mq;mq;mq;mq;101140;mq;mq;mq;mq;mq;mq;mq;mq;mq;mq;mq;3.600000;-10;mq;mq;mq;mq;0.000000;0.000000;mq;mq;mq;710.000000;1104.000000;mq;mq;mq;mq;mq;mq;mq;mq;mq;mq;mq;mq;mq;mq;
07661;20110914090000;101480;140;3;130;3.600000;298.450000;292.350000;69;30000;2;1;1;0;mq;mq;mq;mq;mq;99950;mq;mq;mq;mq;mq;mq;mq;mq;mq;mq;mq;5.700000;-10;mq;mq;mq;mq;0.000000;0.000000;mq;mq;mq;710.000000;1106.000000;mq;mq;mq;mq;mq;mq;mq;mq;mq;mq;mq;mq;mq;mq;
07690;20110914090000;101530;80;3;120;2.600000;298.950000;293.550000;72;25000;2;1;1;10;1;450;38;20;10;101210;mq;mq;mq;mq;mq;mq;mq;mq;mq;mq;mq;3.100000;-10;mq;mq;0.000000;-30;0.000000;0.000000;mq;mq;mq;710.000000;1103.000000;3100.000000;mq;1;6;390;mq;mq;mq;mq;mq;mq;mq;mq;mq;
07747;20110914090000;101750;60;1;320;4.100000;300.450000;287.850000;46;45000;2;1;1;10;1;1750;31;20;10;101250;mq;mq;mq;mq;mq;mq;mq;mq;mq;mq;mq;8.700000;-10;mq;mq;0.000000;-30;0.000000;0.000000;mq;mq;mq;710.000000;1109.000000;3100.000000;mq;1;8;1800;mq;mq;mq;mq;mq;mq;mq;mq;mq;
07761;20110914090000;101460;20;2;230;1.500000;301.250000;287.150000;42;25000;2;1;1;0;mq;mq;mq;mq;mq;101360;mq;mq;mq;mq;mq;mq;mq;mq;mq;mq;mq;3.100000;-10;mq;mq;0.000000;-30;0.000000;0.000000;mq;mq;mq;710.000000;1103.000000;3100.000000;mq;mq;mq;mq;mq;mq;mq;mq;mq;mq;mq;mq;mq;
07790;20110914090000;101470;30;3;120;2.600000;300.650000;292.150000;60;18000;2;1;1;0;mq;mq;mq;mq;mq;101330;mq;mq;mq;mq;mq;mq;mq;mq;mq;mq;mq;5.100000;-10;mq;mq;0.000000;-30;0.000000;0.000000;mq;mq;mq;710.000000;1105.000000;3100.000000;mq;mq;mq;mq;mq;mq;mq;mq;mq;mq;mq;mq;mq;
61970;20110914090000;101850;mq;mq;mq;mq;301.750000;290.950000;52;mq;mq;mq;mq;mq;mq;mq;mq;mq;mq;mq;mq;mq;mq;mq;mq;mq;mq;mq;mq;mq;mq;mq;mq;mq;mq;mq;mq;0.000000;0.000000;mq;mq;mq;mq;mq;mq;mq;mq;mq;mq;mq;mq;mq;mq;mq;mq;mq;mq;mq;
61972;20110914090000;101860;mq;mq;70;3.600000;300.350000;295.550000;75;mq;mq;mq;mq;mq;mq;mq;mq;mq;mq;mq;mq;mq;mq;mq;mq;mq;mq;mq;mq;mq;mq;5.700000;-10;mq;mq;mq;mq;0.000000;0.200000;mq;mq;mq;710.000000;1106.000000;mq;mq;mq;mq;mq;mq;mq;mq;mq;mq;mq;mq;mq;mq;
61976;20110914090000;101900;mq;mq;130;9.300000;298.950000;293.050000;70;mq;mq;mq;mq;mq;mq;mq;mq;mq;mq;101750;mq;mq;mq;mq;mq;mq;mq;mq;mq;mq;mq;mq;mq;mq;mq;mq;mq;mq;0.000000;mq;mq;mq;mq;mq;mq;mq;mq;mq;mq;mq;mq;mq;mq;mq;mq;mq;mq;mq;
61980;20110914090000;102270;mq;mq;120;11.800000;298.650000;287.450000;50;12000;2;1;1;25;2;800;38;20;10;mq;mq;mq;mq;mq;mq;mq;mq;mq;mq;mq;mq;17.500000;-10;mq;mq;mq;mq;0.000000;0.000000;mq;mq;mq;710.000000;1117.000000;2447.000000;mq;2;8;900;mq;mq;mq;mq;mq;mq;mq;mq;mq;
61996;20110914090000;mq;mq;mq;mq;mq;286.850000;mq;mq;mq;mq;mq;mq;mq;mq;mq;mq;mq;mq;mq;mq;mq;mq;mq;mq;mq;mq;mq;mq;mq;mq;mq;mq;mq;mq;mq;mq;0.000000;0.000000;mq;mq;mq;mq;mq;mq;mq;mq;mq;mq;mq;mq;mq;mq;mq;mq;mq;mq;mq;
61997;20110914090000;100340;mq;mq;350;7.700000;281.650000;280.850000;95;mq;mq;mq;mq;mq;mq;mq;mq;mq;mq;mq;mq;mq;mq;mq;mq;mq;mq;mq;mq;mq;mq;mq;mq;mq;mq;mq;mq;mq;0.000000;mq;mq;mq;mq;mq;mq;mq;mq;mq;mq;mq;mq;mq;mq;mq;mq;mq;mq;mq;
61998;20110914090000;100390;mq;mq;260;13.400000;277.950000;272.150000;66;20000;2;1;1;50;4;800;34;23;11;mq;mq;mq;90;mq;mq;mq;mq;mq;mq;mq;mq;18.500000;-10;mq;mq;mq;mq;0.000000;0.000000;mq;mq;mq;710.000000;1119.000000;mq;mq;4;6;780;mq;mq;mq;mq;mq;mq;mq;mq;mq;
67005;20110914090000;101700;mq;mq;60;5.100000;302.350000;294.050000;61;20000;2;1;1;40;3;800;38;20;10;mq;mq;mq;mq;mq;mq;mq;mq;mq;mq;mq;mq;6.700000;-10;mq;mq;mq;mq;0.000000;0.000000;mq;mq;mq;710.000000;1107.000000;mq;mq;3;8;600;mq;mq;mq;mq;mq;mq;mq;mq;mq;
71805;20110914090000;101490;-40;6;210;5.700000;289.350000;289.350000;100;400;45;mq;mq;101;mq;mq;62;61;60;101410;mq;mq;mq;mq;mq;mq;mq;mq;mq;mq;mq;7.700000;-10;mq;mq;mq;mq;0.000000;0.000000;mq;mq;mq;710.000000;1108.000000;mq;mq;mq;mq;mq;mq;mq;mq;mq;mq;mq;mq;mq;mq;
78897;20110914090000;101420;30;3;90;1.500000;299.450000;296.950000;86;15000;2;1;1;50;2;800;38;20;19;mq;mq;mq;20;mq;mq;mq;mq;mq;mq;mq;mq;mq;mq;mq;mq;mq;mq;mq;mq;mq;mq;mq;mq;mq;mq;mq;1;8;600;mq;mq;mq;mq;mq;mq;mq;mq;mq;
78922;20110914090000;101390;50;3;130;6.200000;301.150000;296.750000;77;mq;mq;mq;mq;mq;mq;mq;mq;mq;mq;100950;mq;mq;mq;mq;mq;mq;mq;mq;mq;mq;mq;mq;mq;mq;mq;mq;mq;mq;mq;mq;mq;mq;mq;mq;mq;mq;mq;mq;mq;mq;mq;mq;mq;mq;mq;mq;mq;mq;
78925;20110914090000;101390;40;3;90;2.100000;298.750000;297.150000;91;60000;0;mq;mq;mq;mq;mq;mq;mq;mq;mq;mq;mq;mq;mq;mq;mq;mq;mq;mq;mq;mq;mq;mq;mq;mq;mq;mq;mq;mq;mq;mq;mq;mq;mq;mq;mq;mq;mq;mq;mq;mq;mq;mq;mq;mq;mq;mq;mq;
81401;20110914090000;101370;mq;mq;200;1.500000;296.450000;295.450000;94;mq;mq;mq;mq;mq;mq;mq;mq;mq;mq;101310;mq;mq;mq;mq;mq;mq;mq;mq;mq;mq;mq;mq;mq;mq;mq;mq;mq;mq;8.000000;mq;mq;mq;mq;mq;mq;mq;mq;mq;mq;mq;mq;mq;mq;mq;mq;mq;mq;mq;
81405;20110914090000;101390;mq;mq;330;0.500000;296.350000;295.650000;96;55000;0;mq;mq;mq;mq;2250;mq;mq;mq;101300;mq;mq;mq;mq;mq;mq;mq;mq;mq;mq;mq;mq;mq;mq;mq;mq;mq;mq;4.000000;mq;mq;mq;mq;mq;mq;mq;mq;mq;mq;mq;mq;mq;mq;mq;mq;mq;mq;mq;
81408;20110914090000;101390;mq;mq;0;0.000000;295.450000;295.150000;98;mq;mq;mq;mq;mq;mq;mq;mq;mq;mq;101310;mq;mq;mq;mq;mq;mq;mq;mq;mq;mq;mq;mq;mq;mq;mq;mq;mq;mq;0.000000;mq;mq;mq;mq;mq;mq;mq;mq;mq;mq;mq;mq;mq;mq;mq;mq;mq;mq;mq;
81415;20110914090000;101470;mq;mq;0;0.000000;295.350000;295.050000;98;mq;mq;mq;mq;mq;mq;mq;mq;mq;mq;100250;mq;mq;mq;mq;mq;mq;mq;mq;mq;mq;mq;mq;mq;mq;mq;mq;mq;mq;0.000000;mq;mq;mq;mq;mq;mq;mq;mq;mq;mq;mq;mq;mq;mq;mq;mq;mq;mq;mq;
89642;20110914090000;98360;230;2;130;21.600000;265.350000;263.850000;88;1500;38;7;3;100;8;450;35;61;60;97820;mq;mq;mq;mq;mq;mq;mq;mq;mq;mq;30.400000;31.400000;-30;mq;mq;mq;mq;mq;mq;mq;mq;mq;1030.000000;1131.000000;mq;mq;5;7;300;8;6;690;mq;mq;mq;mq;mq;mq;
07005;20110914120000;102080;60;1;250;7.200000;290.450000;283.350000;63;35000;1;8;6;60;5;800;38;20;11;101200;mq;mq;mq;mq;mq;mq;mq;mq;mq;mq;mq;11.300000;-10;mq;mq;0.000000;-60;0.000000;0.200000;0.600000;mq;mq;710.000000;1111.000000;3100.000000;mq;5;8;690;mq;mq;mq;mq;mq;mq;mq;mq;mq;
07015;20110914120000;101960;10;2;270;5.700000;291.750000;281.950000;53;50000;2;1;1;50;4;1250;32;20;10;101400;mq;mq;mq;mq;mq;mq;mq;mq;mq;mq;mq;9.300000;-10;mq;mq;0.000000;-60;0.000000;0.000000;0.000000;mq;mq;710.000000;1109.000000;3100.000000;mq;4;8;1350;mq;mq;mq;mq;mq;mq;mq;mq;mq;
07020;20110914120000;102190;20;0;260;8.700000;290.350000;285.650000;74;20000;2;1;1;75;4;800;32;27;10;101930;mq;mq;mq;mq;mq;mq;mq;mq;mq;mq;mq;11.300000;-10;mq;mq;mq;mq;0.000000;0.000000;0.000000;mq;mq;710.000000;1111.000000;mq;mq;4;8;780;mq;mq;mq;mq;mq;mq;mq;mq;mq;
07027;20110914120000;102190;-10;8;240;5.100000;290.450000;284.050000;66;40000;2;1;1;75;6;1250;38;20;10;101390;mq;mq;mq;mq;mq;mq;mq;mq;mq;mq;mq;7.200000;-10;mq;mq;0.000000;-60;0.000000;0.000000;0.000000;mq;mq;710.000000;1107.000000;3100.000000;mq;2;8;1080;5;6;1800;mq;mq;mq;mq;mq;mq;
07037;20110914120000;102140;-10;8;280;3.600000;291.250000;282.850000;58;20000;2;1;1;60;5;1250;38;20;10;100350;mq;mq;mq;mq;mq;mq;mq;mq;mq;mq;mq;7.700000;-10;mq;mq;0.000000;-60;0.000000;0.000000;0.000000;mq;mq;710.000000;1108.000000;3100.000000;mq;3;8;1470;5;6;1800;mq;mq;mq;mq;mq;mq;
07110;20110914120000;102290;10;1;260;3.600000;290.950000;284.250000;65;25000;2;1;1;75;6;800;38;20;10;101160;mq;mq;mq;mq;mq;mq;mq;mq;mq;mq;mq;6.700000;-10;mq;mq;mq;mq;0.000000;0.000000;0.000000;mq;mq;710.000000;1107.000000;mq;mq;2;8;780;5;6;1200;mq;mq;mq;mq;mq;mq;
07117;20110914120000;102250;10;0;280;6.700000;290.550000;284.150000;66;25000;2;1;1;50;4;800;32;20;10;101560;mq;mq;mq;mq;mq;mq;mq;mq;mq;mq;mq;10.800000;-10;mq;mq;mq;mq;0.000000;0.000000;0.000000;mq;mq;710.000000;1111.000000;2428.000000;mq;mq;mq;mq;mq;mq;mq;mq;mq;mq;mq;mq;mq;
07130;20110914120000;102300;-50;8;300;2.100000;291.750000;282.250000;54;45000;0;mq;mq;100;mq;1250;mq;mq;mq;101790;mq;mq;mq;mq;mq;mq;mq;mq;mq;mq;mq;3.600000;-10;mq;mq;mq;mq;0.000000;0.000000;0.000000;mq;mq;710.000000;1104.000000;mq;mq;mq;mq;mq;mq;mq;mq;mq;mq;mq;mq;mq;mq;
07139;20110914120000;102240;-30;8;280;3.600000;290.850000;281.450000;54;35000;2;1;1;40;3;1250;32;20;10;100540;mq;mq;mq;mq;mq;mq;mq;mq;mq;mq;mq;6.200000;-10;mq;mq;0.000000;-60;0.000000;0.000000;0.000000;mq;mq;710.000000;1106.000000;3100.000000;mq;3;8;990;mq;mq;mq;mq;mq;mq;mq;mq;mq;
07149;20110914120000;102210;-40;8;270;2.100000;290.650000;280.950000;53;25000;2;1;1;25;2;1750;31;20;10;101140;mq;mq;mq;mq;mq;mq;mq;mq;mq;mq;mq;6.200000;-10;mq;mq;0.000000;-60;0.000000;0.000000;0.000000;mq;mq;710.000000;1106.000000;3100.000000;mq;2;8;1500;mq;mq;mq;mq;mq;mq;mq;mq;mq;
07168;20110914120000;102240;-30;8;310;1.500000;290.650000;280.350000;51;25000;2;1;1;40;3;1250;31;20;10;100840;mq;mq;mq;mq;mq;mq;mq;mq;mq;mq;mq;7.200000;-10;mq;mq;0.000000;-60;0.000000;0.000000;0.200000;mq;mq;710.000000;1107.000000;3100.000000;mq;3;8;1230;mq;mq;mq;mq;mq;mq;mq;mq;mq;
07181;20110914120000;102180;-10;8;260;3.600000;288.150000;281.150000;63;55000;0;mq;mq;90;mq;1250;mq;mq;mq;98140;mq;mq;mq;mq;mq;mq;mq;mq;mq;mq;mq;6.200000;-10;mq;mq;mq;mq;0.000000;0.000000;0.000000;mq;mq;710.000000;1106.000000;mq;mq;mq;mq;mq;mq;mq;mq;mq;mq;mq;mq;mq;mq;
07190;20110914120000;102070;-40;8;350;2.600000;293.250000;281.850000;48;50000;0;mq;mq;75;mq;1250;mq;mq;mq;100300;mq;mq;mq;mq;mq;mq;mq;mq;mq;mq;mq;8.200000;-10;mq;mq;mq;mq;0.000000;0.000000;0.000000;mq;mq;710.000000;1108.000000;mq;mq;mq;mq;mq;mq;mq;mq;mq;mq;mq;mq;mq;mq;
07207;20110914120000;mq;mq;mq;270;2.100000;290.650000;282.750000;60;22000;2;1;1;40;3;800;32;20;10;mq;mq;mq;mq;mq;mq;mq;mq;mq;mq;mq;mq;4.100000;-10;mq;mq;mq;mq;0.000000;0.000000;0.000000;mq;mq;710.000000;1104.000000;2438.000000;mq;mq;mq;mq;mq;mq;mq;mq;mq;mq;mq;mq;mq;
07222;20110914120000;102280;-70;8;40;2.600000;291.250000;282.350000;56;30000;2;1;1;10;1;1250;31;20;10;101970;mq;mq;mq;mq;mq;mq;mq;mq;mq;mq;mq;6.200000;-10;mq;mq;mq;mq;0.000000;0.000000;0.000000;mq;mq;710.000000;1106.000000;mq;mq;1;8;990;mq;mq;mq;mq;mq;mq;mq;mq;mq;
07240;20110914120000;102270;-60;8;30;2.100000;290.850000;281.150000;53;19000;0;mq;mq;mq;mq;mq;mq;mq;mq;100940;mq;mq;mq;mq;mq;mq;mq;mq;mq;mq;mq;4.600000;-10;mq;mq;mq;mq;0.000000;0.000000;0.000000;mq;mq;710.000000;1105.000000;mq;mq;mq;mq;mq;mq;mq;mq;mq;mq;mq;mq;mq;mq;
07255;20110914120000;102210;-70;8;330;1.500000;291.750000;282.250000;54;30000;2;1;1;25;2;1250;31;20;10;100260;mq;mq;mq;mq;mq;mq;mq;mq;mq;mq;mq;4.600000;-10;mq;mq;0.000000;-60;0.000000;0.000000;0.000000;mq;mq;710.000000;1105.000000;3100.000000;mq;2;8;990;mq;mq;mq;mq;mq;mq;mq;mq;mq;
07280;20110914120000;102140;-30;8;10;3.600000;291.550000;282.850000;57;60000;0;mq;mq;100;mq;1250;mq;mq;mq;99480;mq;mq;mq;mq;mq;mq;mq;mq;mq;mq;mq;5.700000;-10;mq;mq;mq;mq;0.000000;0.000000;0.000000;mq;mq;710.000000;1106.000000;mq;mq;mq;mq;mq;mq;mq;mq;mq;mq;mq;mq;mq;mq;
07299;20110914120000;102010;-70;8;310;3.600000;292.350000;282.250000;52;40000;2;1;1;40;3;1250;31;20;10;98830;mq;mq;mq;mq;mq;mq;mq;mq;mq;mq;mq;5.700000;-10;mq;mq;0.000000;-60;0.000000;0.000000;0.000000;mq;mq;710.000000;1106.000000;3100.000000;mq;3;8;1290;mq;mq;mq;mq;mq;mq;mq;mq;mq;
07314;20110914120000;102250;-70;8;40;3.600000;291.750000;284.850000;64;mq;mq;mq;mq;mq;mq;mq;mq;mq;mq;101980;mq;mq;mq;mq;mq;mq;mq;mq;mq;mq;mq;6.200000;-10;mq;mq;mq;mq;0.000000;0.000000;0.000000;mq;mq;710.000000;1106.000000;mq;mq;mq;mq;mq;mq;mq;mq;mq;mq;mq;mq;mq;mq;
07335;20110914120000;102250;-60;8;90;2.600000;291.150000;283.950000;63;30000;2;1;1;25;2;800;31;20;10;100830;mq;mq;mq;mq;mq;mq;mq;mq;mq;mq;mq;5.700000;-10;mq;mq;0.000000;-60;0.000000;0.000000;0.000000;mq;mq;710.000000;1106.000000;3100.000000;mq;2;8;930;mq;mq;mq;mq;mq;mq;mq;mq;mq;
07434;20110914120000;102040;-50;8;30;3.100000;291.650000;283.950000;61;50000;2;1;1;25;2;800;32;20;11;97380;mq;mq;mq;mq;mq;mq;mq;mq;mq;mq;mq;6.200000;-10;mq;mq;0.000000;-60;0.000000;0.000000;0.000000;mq;mq;710.000000;1106.000000;3100.000000;mq;2;8;900;mq;mq;mq;mq;mq;mq;mq;mq;mq;
07460;20110914120000;102120;-40;8;100;0.500000;290.950000;284.550000;66;30000;1;5;2;75;6;800;35;20;10;98320;mq;mq;mq;mq;mq;mq;mq;mq;mq;mq;mq;3.100000;-10;mq;mq;0.000000;-60;0.000000;0.000000;0.000000;mq;mq;710.000000;1103.000000;3100.000000;mq;6;6;900;mq;mq;mq;mq;mq;mq;mq;mq;mq;
07471;20110914120000;mq;-30;8;300;2.600000;292.050000;285.750000;67;28000;2;1;1;60;5;800;32;20;10;92490;85000;17970;mq;mq;mq;mq;mq;mq;mq;mq;mq;6.200000;-10;mq;mq;0.000000;-60;0.000000;0.000000;0.000000;mq;mq;710.000000;1106.000000;3100.000000;mq;5;8;630;mq;mq;mq;mq;mq;mq;mq;mq;mq;
07481;20110914120000;102040;0;0;330;5.700000;292.950000;284.450000;58;30000;2;1;1;60;5;800;38;20;10;99250;mq;mq;mq;mq;mq;mq;mq;mq;mq;mq;mq;9.800000;-10;mq;mq;0.000000;-60;0.000000;0.000000;0.000000;mq;mq;710.000000;1110.000000;3100.000000;mq;1;8;900;5;6;990;mq;mq;mq;mq;mq;mq;
07510;20110914120000;102050;-100;8;40;3.100000;294.450000;282.950000;48;35000;2;1;1;10;1;1750;31;20;11;101420;mq;mq;mq;mq;mq;mq;mq;mq;mq;mq;mq;5.700000;-10;mq;mq;0.000000;-60;0.000000;0.000000;0.000000;mq;mq;710.000000;1106.000000;3100.000000;mq;1;8;1500;mq;mq;mq;mq;mq;mq;mq;mq;mq;
07535;20110914120000;101950;-80;8;340;2.600000;295.250000;284.950000;52;25000;2;1;1;40;2;800;31;20;11;98940;mq;mq;mq;mq;mq;mq;mq;mq;mq;mq;mq;4.600000;-10;mq;mq;0.000000;-60;0.000000;0.000000;0.000000;mq;mq;710.000000;1105.000000;3100.000000;mq;2;8;690;mq;mq;mq;mq;mq;mq;mq;mq;mq;
07558;20110914120000;101640;-20;8;330;7.200000;296.250000;284.650000;48;40000;2;1;1;10;1;1250;31;20;10;93690;mq;mq;mq;mq;mq;mq;mq;mq;mq;mq;mq;11.800000;-10;mq;mq;0.000000;-60;0.000000;0.000000;0.000000;mq;mq;710.000000;1112.000000;3100.000000;mq;1;8;1200;mq;mq;mq;mq;mq;mq;mq;mq;mq;
07577;20110914120000;101730;-50;8;30;8.700000;298.250000;286.750000;49;60000;2;1;1;10;1;800;38;20;10;100880;mq;mq;mq;mq;mq;mq;mq;mq;mq;mq;14.900000;14.900000;-10;mq;mq;0.000000;-60;0.000000;0.000000;0.000000;mq;mq;1015.000000;710.000000;1115.000000;3100.000000;1;8;600;mq;mq;mq;mq;mq;mq;mq;mq;mq;
07591;20110914120000;mq;-110;7;210;5.100000;299.150000;284.850000;41;mq;0;mq;mq;mq;mq;mq;mq;mq;mq;91700;mq;mq;mq;mq;mq;mq;mq;mq;mq;mq;mq;9.800000;-10;mq;mq;mq;mq;0.000000;0.000000;0.000000;mq;mq;710.000000;1110.000000;mq;mq;mq;mq;mq;mq;mq;mq;mq;mq;mq;mq;mq;mq;
07607;20110914120000;101990;-130;8;180;1.500000;296.450000;288.550000;61;40000;0;mq;mq;mq;mq;mq;mq;mq;mq;101300;mq;mq;mq;mq;mq;mq;mq;mq;mq;mq;mq;3.600000;-10;mq;mq;mq;mq;0.000000;0.000000;0.000000;mq;mq;710.000000;1104.000000;mq;mq;mq;mq;mq;mq;mq;mq;mq;mq;mq;mq;mq;mq;
07621;20110914120000;101950;-70;8;30;2.600000;292.250000;290.250000;88;26000;1;5;2;90;7;450;31;61;60;97750;mq;mq;mq;mq;mq;mq;mq;mq;mq;mq;mq;4.600000;-10;mq;mq;0.000000;-60;0.000000;0.000000;0.000000;mq;mq;710.000000;1105.000000;3100.000000;mq;7;8;300;mq;mq;mq;mq;mq;mq;mq;mq;mq;
07627;20110914120000;101870;-80;8;330;2.600000;294.550000;289.050000;71;15000;1;5;2;90;7;450;32;61;60;97180;mq;mq;mq;mq;mq;mq;mq;mq;mq;mq;mq;4.100000;-10;mq;mq;0.000000;-60;0.000000;0.000000;0.200000;mq;mq;710.000000;1104.000000;3100.000000;mq;7;8;390;mq;mq;mq;mq;mq;mq;mq;mq;mq;
07630;20110914120000;101890;-120;8;330;2.100000;297.950000;288.250000;55;40000;2;1;1;40;2;1250;31;20;11;100170;mq;mq;mq;mq;mq;mq;mq;mq;mq;mq;mq;5.100000;-10;mq;mq;0.000000;-60;0.000000;0.000000;0.000000;mq;mq;710.000000;1105.000000;3100.000000;mq;2;8;990;mq;mq;mq;mq;mq;mq;mq;mq;mq;
07643;20110914120000;101580;-90;8;200;4.100000;302.650000;289.150000;44;75000;2;1;1;10;1;1750;31;20;10;101490;mq;mq;mq;mq;mq;mq;mq;mq;mq;mq;mq;7.700000;-10;mq;mq;mq;mq;0.000000;0.000000;0.000000;mq;mq;710.000000;1108.000000;mq;mq;1;8;1500;mq;mq;mq;mq;mq;mq;mq;mq;mq;
07650;20110914120000;101460;-40;8;290;5.100000;302.350000;290.550000;49;30000;2;1;1;10;1;1750;31;20;11;101100;mq;mq;mq;mq;mq;mq;mq;mq;mq;mq;mq;8.200000;-10;mq;mq;0.000000;-60;0.000000;0.000000;0.000000;mq;mq;710.000000;1108.000000;3100.000000;mq;1;8;1500;mq;mq;mq;mq;mq;mq;mq;mq;mq;
07661;20110914120000;101480;10;0;230;3.600000;299.650000;293.950000;71;mq;mq;mq;mq;mq;mq;mq;mq;mq;mq;99960;mq;mq;mq;mq;mq;mq;mq;mq;mq;mq;mq;6.200000;-10;mq;mq;mq;mq;0.000000;0.000000;0.000000;mq;mq;710.000000;1106.000000;mq;mq;mq;mq;mq;mq;mq;mq;mq;mq;mq;mq;mq;mq;
07690;20110914120000;101520;-10;8;170;3.100000;298.550000;294.050000;76;20000;2;1;1;10;1;450;38;20;10;101200;mq;mq;mq;mq;mq;mq;mq;mq;mq;mq;mq;4.100000;-10;mq;mq;0.000000;-60;0.000000;0.000000;0.000000;mq;mq;710.000000;1104.000000;3100.000000;mq;1;6;450;mq;mq;mq;mq;mq;mq;mq;mq;mq;
07747;20110914120000;101630;-120;8;320;4.100000;303.350000;287.450000;38;30000;2;1;1;25;2;1750;31;20;10;101130;mq;mq;mq;mq;mq;mq;mq;mq;mq;mq;mq;8.700000;-10;mq;mq;0.000000;-60;0.000000;0.000000;0.000000;mq;mq;710.000000;1109.000000;3100.000000;mq;2;8;1800;mq;mq;mq;mq;mq;mq;mq;mq;mq;
07761;20110914120000;101440;-20;8;230;5.100000;301.050000;290.850000;54;25000;2;1;1;25;2;800;32;20;10;101340;mq;mq;mq;mq;mq;mq;mq;mq;mq;mq;mq;6.700000;-10;mq;mq;0.000000;-60;0.000000;0.000000;0.000000;mq;mq;710.000000;1107.000000;3100.000000;mq;2;8;900;mq;mq;mq;mq;mq;mq;mq;mq;mq;
07790;20110914120000;101450;-20;8;70;2.600000;301.550000;291.950000;56;20000;2;1;1;10;1;800;31;20;10;101310;mq;mq;mq;mq;mq;mq;mq;mq;mq;mq;mq;6.200000;-10;mq;mq;0.000000;-60;0.000000;0.000000;0.000000;mq;mq;710.000000;1106.000000;3100.000000;mq;1;8;690;mq;mq;mq;mq;mq;mq;mq;mq;mq;
61968;20110914120000;101500;mq;mq;100;3.100000;301.350000;290.850000;53;mq;mq;mq;mq;mq;mq;mq;mq;mq;mq;mq;mq;mq;mq;mq;mq;mq;mq;mq;mq;mq;mq;7.200000;-10;mq;mq;mq;mq;0.000000;mq;0.000000;mq;mq;710.000000;1107.000000;mq;mq;mq;mq;mq;mq;mq;mq;mq;mq;mq;mq;mq;mq;
61970;20110914120000;101640;mq;mq;mq;mq;301.150000;290.950000;54;mq;mq;mq;mq;mq;mq;mq;mq;mq;mq;mq;mq;mq;mq;mq;mq;mq;mq;mq;mq;mq;mq;mq;mq;mq;mq;mq;mq;0.000000;mq;0.000000;mq;mq;mq;mq;mq;mq;mq;mq;mq;mq;mq;mq;mq;mq;mq;mq;mq;mq;
61972;20110914120000;101660;mq;mq;80;4.100000;300.550000;294.550000;70;mq;mq;mq;mq;mq;mq;mq;mq;mq;mq;mq;mq;mq;mq;mq;mq;mq;mq;mq;mq;mq;mq;6.200000;-10;mq;mq;mq;mq;0.000000;mq;0.200000;mq;mq;710.000000;1106.000000;mq;mq;mq;mq;mq;mq;mq;mq;mq;mq;mq;mq;mq;mq;
61976;20110914120000;101780;mq;mq;110;8.200000;298.650000;293.050000;71;mq;mq;mq;mq;mq;mq;mq;mq;mq;mq;101630;mq;mq;mq;mq;mq;mq;mq;mq;mq;mq;mq;mq;mq;mq;mq;mq;mq;mq;mq;mq;mq;mq;mq;mq;mq;mq;mq;mq;mq;mq;mq;mq;mq;mq;mq;mq;mq;mq;
61980;20110914120000;102170;mq;mq;110;9.300000;298.450000;285.650000;45;12000;2;1;1;10;1;800;38;20;10;mq;mq;mq;mq;mq;mq;mq;mq;mq;mq;mq;mq;14.900000;-10;mq;mq;mq;mq;0.000000;mq;0.000000;mq;mq;710.000000;1115.000000;2447.000000;mq;1;8;900;mq;mq;mq;mq;mq;mq;mq;mq;mq;
61996;20110914120000;mq;mq;mq;mq;mq;284.950000;mq;mq;mq;mq;mq;mq;mq;mq;mq;mq;mq;mq;mq;mq;mq;mq;mq;mq;mq;mq;mq;mq;mq;mq;mq;mq;mq;mq;mq;mq;0.000000;mq;0.000000;mq;mq;mq;mq;mq;mq;mq;mq;mq;mq;mq;mq;mq;mq;mq;mq;mq;mq;
61997;20110914120000;100000;mq;mq;330;4.600000;279.950000;279.550000;97;mq;mq;mq;mq;mq;mq;mq;mq;mq;mq;mq;mq;mq;mq;mq;mq;mq;mq;mq;mq;mq;mq;mq;mq;mq;mq;mq;mq;mq;mq;0.200000;mq;mq;mq;mq;mq;mq;mq;mq;mq;mq;mq;mq;mq;mq;mq;mq;mq;mq;
61998;20110914120000;100590;mq;mq;250;8.700000;275.850000;272.350000;78;22000;2;1;1;75;5;800;35;23;10;mq;mq;mq;650;mq;mq;mq;mq;mq;mq;mq;mq;13.400000;-10;mq;mq;mq;mq;0.000000;mq;0.000000;mq;mq;710.000000;1113.000000;mq;mq;5;6;750;mq;mq;mq;mq;mq;mq;mq;mq;mq;
67005;20110914120000;101540;mq;mq;60;5.700000;301.650000;293.350000;61;10000;15;0;0;25;2;800;38;20;10;mq;mq;mq;mq;mq;mq;mq;mq;mq;mq;mq;mq;8.700000;-10;mq;mq;mq;mq;0.000000;mq;0.000000;mq;mq;710.000000;1109.000000;mq;mq;2;8;600;mq;mq;mq;mq;mq;mq;mq;mq;mq;
71805;20110914120000;101550;60;1;220;7.700000;289.650000;289.650000;100;400;47;4;2;101;mq;mq;62;61;60;101470;mq;mq;mq;mq;mq;mq;mq;mq;mq;mq;mq;10.300000;-10;mq;mq;0.000000;-60;0.000000;0.000000;0.000000;mq;mq;710.000000;1110.000000;3100.000000;mq;mq;mq;mq;mq;mq;mq;mq;mq;mq;mq;mq;mq;
78897;20110914120000;101580;160;3;130;3.100000;301.250000;297.650000;81;12000;80;8;6;75;4;800;32;20;19;mq;mq;mq;110;298.750000;mq;mq;304.650000;mq;mq;mq;mq;mq;mq;mq;mq;mq;mq;mq;mq;0.000000;mq;0.800000;mq;mq;mq;mq;4;8;600;5;0;7800;mq;mq;mq;mq;mq;mq;
78922;20110914120000;101560;170;3;140;6.200000;302.450000;296.650000;71;mq;mq;mq;mq;mq;mq;mq;mq;mq;mq;101120;mq;mq;mq;mq;mq;mq;mq;mq;mq;mq;mq;mq;mq;mq;mq;mq;mq;mq;mq;mq;mq;mq;mq;mq;mq;mq;mq;mq;mq;mq;mq;mq;mq;mq;mq;mq;mq;mq;
78925;20110914120000;101580;190;3;90;3.100000;303.350000;298.150000;74;30000;2;1;1;60;2;800;32;20;11;mq;mq;mq;80;298.450000;mq;mq;305.350000;mq;mq;mq;mq;mq;mq;mq;mq;mq;mq;mq;mq;0.000000;mq;0.000000;mq;mq;mq;mq;2;8;690;5;0;9000;mq;mq;mq;mq;mq;mq;
81401;20110914120000;101510;mq;mq;180;0.500000;300.550000;296.350000;78;mq;mq;mq;mq;mq;mq;mq;mq;mq;mq;101450;mq;mq;mq;296.450000;mq;mq;mq;mq;mq;mq;mq;mq;mq;mq;mq;mq;mq;mq;0.800000;mq;mq;44.000000;mq;mq;mq;mq;mq;mq;mq;mq;mq;mq;mq;mq;mq;mq;mq;mq;
81405;20110914120000;101510;mq;mq;190;1.000000;300.850000;296.450000;77;15000;2;1;1;40;1;450;31;23;12;101420;mq;mq;mq;296.150000;mq;mq;mq;mq;mq;mq;mq;mq;mq;mq;mq;mq;mq;mq;0.000000;mq;mq;4.000000;mq;mq;mq;mq;mq;mq;mq;mq;mq;mq;mq;mq;mq;mq;mq;mq;
81408;20110914120000;101500;mq;mq;200;1.000000;300.850000;297.050000;80;mq;mq;mq;mq;mq;mq;mq;mq;mq;mq;101420;mq;mq;mq;295.350000;mq;mq;mq;mq;mq;mq;mq;mq;mq;mq;mq;mq;mq;mq;0.000000;mq;mq;2.000000;mq;mq;mq;mq;mq;mq;mq;mq;mq;mq;mq;mq;mq;mq;mq;mq;
81415;20110914120000;101610;mq;mq;130;1.000000;297.950000;295.650000;87;mq;mq;mq;mq;mq;mq;mq;mq;mq;mq;100400;mq;mq;mq;294.950000;mq;mq;mq;mq;mq;mq;mq;mq;mq;mq;mq;mq;mq;mq;0.000000;mq;mq;0.600000;mq;mq;mq;mq;mq;mq;mq;mq;mq;mq;mq;mq;mq;mq;mq;mq;
89642;20110914120000;98550;190;1;130;21.100000;265.950000;264.450000;88;1200;38;7;3;100;8;450;35;61;60;98010;mq;mq;mq;263.550000;mq;266.250000;mq;mq;mq;mq;28.800000;31.400000;-60;mq;mq;mq;mq;mq;mq;mq;mq;mq;1029.000000;1131.000000;mq;mq;3;7;330;8;6;900;mq;mq;mq;mq;mq;mq;
07005;20110914150000;102070;-20;6;280;6.700000;287.350000;285.050000;86;3000;81;8;6;90;7;800;38;61;60;101180;mq;mq;mq;mq;mq;mq;mq;mq;mq;mq;mq;11.800000;-10;mq;mq;0.000000;-30;0.800000;0.800000;mq;mq;mq;710.000000;1112.000000;3100.000000;mq;4;8;600;6;6;1500;mq;mq;mq;mq;mq;mq;
07015;20110914150000;101930;-30;7;260;7.200000;291.850000;281.250000;50;50000;2;1;1;60;5;1250;34;20;10;101370;mq;mq;mq;mq;mq;mq;mq;mq;mq;mq;mq;11.300000;-10;mq;mq;0.000000;-30;0.000000;0.000000;mq;mq;mq;710.000000;1111.000000;3100.000000;mq;2;8;1350;4;6;1800;mq;mq;mq;mq;mq;mq;
07020;20110914150000;102120;-70;8;260;7.700000;290.550000;285.850000;74;20000;2;1;1;75;5;800;38;27;11;101860;mq;mq;mq;mq;mq;mq;mq;mq;mq;mq;mq;11.300000;-10;mq;mq;mq;mq;0.000000;0.000000;mq;mq;mq;710.000000;1111.000000;mq;mq;3;8;780;mq;mq;mq;mq;mq;mq;mq;mq;mq;
07027;20110914150000;102120;-70;6;260;5.100000;290.850000;283.950000;64;40000;2;1;1;60;5;1250;38;20;10;101320;mq;mq;mq;mq;mq;mq;mq;mq;mq;mq;mq;8.200000;-10;mq;mq;0.000000;-30;0.000000;0.000000;mq;mq;mq;710.000000;1108.000000;3100.000000;mq;3;8;1200;3;6;1800;mq;mq;mq;mq;mq;mq;
07037;20110914150000;102060;-80;8;290;4.100000;291.950000;282.150000;53;20000;2;1;1;60;5;1250;38;20;10;100270;mq;mq;mq;mq;mq;mq;mq;mq;mq;mq;mq;7.700000;-10;mq;mq;0.000000;-30;0.000000;0.000000;mq;mq;mq;710.000000;1108.000000;3100.000000;mq;3;8;1350;4;6;1800;mq;mq;mq;mq;mq;mq;
07110;20110914150000;102170;-110;7;240;5.100000;291.450000;284.950000;66;25000;2;1;1;75;6;800;38;20;10;101050;mq;mq;mq;mq;mq;mq;mq;mq;mq;mq;mq;6.700000;-10;mq;mq;mq;mq;0.000000;0.000000;mq;mq;mq;710.000000;1107.000000;mq;mq;2;8;750;5;6;1380;mq;mq;mq;mq;mq;mq;
07117;20110914150000;102180;-70;7;290;4.600000;290.850000;284.150000;65;25000;2;1;1;50;4;800;32;20;11;101490;mq;mq;mq;mq;mq;mq;mq;mq;mq;mq;mq;9.300000;-10;mq;mq;mq;mq;0.000000;0.000000;mq;mq;mq;710.000000;1109.000000;2428.000000;mq;mq;mq;mq;mq;mq;mq;mq;mq;mq;mq;mq;mq;
07130;20110914150000;102160;-140;7;240;1.500000;293.750000;281.050000;44;45000;0;mq;mq;90;mq;1750;mq;mq;mq;101650;mq;mq;mq;mq;mq;mq;mq;mq;mq;mq;mq;3.600000;-10;mq;mq;mq;mq;0.000000;0.000000;mq;mq;mq;710.000000;1104.000000;mq;mq;mq;mq;mq;mq;mq;mq;mq;mq;mq;mq;mq;mq;
07139;20110914150000;102100;-130;6;270;3.100000;293.250000;280.650000;44;35000;2;1;1;60;5;1250;38;20;10;100410;mq;mq;mq;mq;mq;mq;mq;mq;mq;mq;mq;8.200000;-10;mq;mq;0.000000;-30;0.000000;0.000000;mq;mq;mq;710.000000;1108.000000;3100.000000;mq;1;8;1080;5;6;1500;mq;mq;mq;mq;mq;mq;
07149;20110914150000;102080;-120;8;320;3.100000;292.550000;279.250000;42;25000;2;1;1;40;3;1750;38;20;10;101020;mq;mq;mq;mq;mq;mq;mq;mq;mq;mq;mq;6.200000;-10;mq;mq;0.000000;-30;0.000000;0.000000;mq;mq;mq;710.000000;1106.000000;3100.000000;mq;2;8;1500;mq;mq;mq;mq;mq;mq;mq;mq;mq;
07168;20110914150000;102110;-120;6;320;3.100000;291.750000;279.550000;45;25000;2;1;1;10;1;1750;31;20;10;100720;mq;mq;mq;mq;mq;mq;mq;mq;mq;mq;mq;6.700000;-10;mq;mq;0.000000;-30;0.000000;0.000000;mq;mq;mq;710.000000;1107.000000;3100.000000;mq;1;8;1500;mq;mq;mq;mq;mq;mq;mq;mq;mq;
07181;20110914150000;102040;-100;8;290;2.600000;290.450000;281.050000;54;50000;0;mq;mq;mq;mq;mq;mq;mq;mq;98040;mq;mq;mq;mq;mq;mq;mq;mq;mq;mq;mq;6.200000;-10;mq;mq;mq;mq;0.000000;0.000000;mq;mq;mq;710.000000;1106.000000;mq;mq;mq;mq;mq;mq;mq;mq;mq;mq;mq;mq;mq;mq;
07190;20110914150000;101950;-110;7;360;2.100000;294.150000;281.050000;43;60000;0;mq;mq;75;mq;1750;mq;mq;mq;100190;mq;mq;mq;mq;mq;mq;mq;mq;mq;mq;mq;5.100000;-10;mq;mq;mq;mq;0.000000;0.000000;mq;mq;mq;710.000000;1105.000000;mq;mq;mq;mq;mq;mq;mq;mq;mq;mq;mq;mq;mq;mq;
07207;20110914150000;mq;mq;mq;280;2.600000;291.250000;282.550000;57;mq;mq;mq;mq;mq;mq;mq;mq;mq;mq;mq;mq;mq;mq;mq;mq;mq;mq;mq;mq;mq;mq;4.600000;-10;mq;mq;mq;mq;0.000000;0.000000;mq;mq;mq;710.000000;1105.000000;mq;mq;mq;mq;mq;mq;mq;mq;mq;mq;mq;mq;mq;mq;
07222;20110914150000;102120;-160;7;30;2.100000;292.650000;283.050000;54;30000;2;1;1;10;1;1250;34;20;10;101810;mq;mq;mq;mq;mq;mq;mq;mq;mq;mq;mq;5.700000;-10;mq;mq;mq;mq;0.000000;0.000000;mq;mq;mq;710.000000;1106.000000;mq;mq;1;6;1290;mq;mq;mq;mq;mq;mq;mq;mq;mq;
07240;20110914150000;102130;-130;6;20;2.100000;292.350000;281.350000;49;55000;0;mq;mq;mq;mq;mq;mq;mq;mq;100810;mq;mq;mq;mq;mq;mq;mq;mq;mq;mq;mq;5.100000;-10;mq;mq;mq;mq;0.000000;0.000000;mq;mq;mq;710.000000;1105.000000;mq;mq;mq;mq;mq;mq;mq;mq;mq;mq;mq;mq;mq;mq;
07255;20110914150000;102060;-140;8;300;1.000000;293.850000;281.450000;45;40000;2;1;1;10;1;1250;31;20;10;100120;mq;mq;mq;mq;mq;mq;mq;mq;mq;mq;mq;4.100000;-10;mq;mq;0.000000;-30;0.000000;0.000000;mq;mq;mq;710.000000;1104.000000;3100.000000;mq;1;8;1290;mq;mq;mq;mq;mq;mq;mq;mq;mq;
07280;20110914150000;101970;-150;7;20;2.600000;293.250000;281.550000;47;60000;0;mq;mq;75;mq;1250;mq;mq;mq;99330;mq;mq;mq;mq;mq;mq;mq;mq;mq;mq;mq;5.100000;-10;mq;mq;mq;mq;0.000000;0.000000;mq;mq;mq;710.000000;1105.000000;mq;mq;mq;mq;mq;mq;mq;mq;mq;mq;mq;mq;mq;mq;
07299;20110914150000;101880;-100;6;270;2.600000;294.350000;281.950000;45;50000;2;1;1;10;1;1750;31;20;10;98730;mq;mq;mq;mq;mq;mq;mq;mq;mq;mq;mq;6.700000;-10;mq;mq;0.000000;-30;0.000000;0.000000;mq;mq;mq;710.000000;1107.000000;3100.000000;mq;1;8;1500;mq;mq;mq;mq;mq;mq;mq;mq;mq;
07314;20110914150000;102080;-170;7;30;4.600000;293.550000;285.050000;58;mq;mq;mq;mq;mq;mq;mq;mq;mq;mq;101810;mq;mq;mq;mq;mq;mq;mq;mq;mq;mq;mq;5.700000;-10;mq;mq;mq;mq;0.000000;0.000000;mq;mq;mq;710.000000;1106.000000;mq;mq;mq;mq;mq;mq;mq;mq;mq;mq;mq;mq;mq;mq;
07335;20110914150000;102090;-150;6;50;3.100000;292.650000;282.250000;51;30000;2;1;1;0;mq;mq;mq;mq;mq;100680;mq;mq;mq;mq;mq;mq;mq;mq;mq;mq;mq;7.200000;-10;mq;mq;0.000000;-30;0.000000;0.000000;mq;mq;mq;710.000000;1107.000000;3100.000000;mq;mq;mq;mq;mq;mq;mq;mq;mq;mq;mq;mq;mq;
07434;20110914150000;101880;-130;7;10;4.100000;292.950000;284.950000;60;60000;2;1;1;10;0;8000;30;20;11;97250;mq;mq;mq;mq;mq;mq;mq;mq;mq;mq;mq;7.700000;-10;mq;mq;0.000000;-30;0.000000;0.000000;mq;mq;mq;710.000000;1108.000000;3100.000000;mq;1;0;9000;mq;mq;mq;mq;mq;mq;mq;mq;mq;
07460;20110914150000;101890;-180;6;140;1.000000;293.950000;284.050000;53;40000;2;1;1;10;1;1250;31;20;10;98140;mq;mq;mq;mq;mq;mq;mq;mq;mq;mq;mq;4.100000;-10;mq;mq;0.000000;-30;0.000000;0.000000;mq;mq;mq;710.000000;1104.000000;3100.000000;mq;1;8;1200;mq;mq;mq;mq;mq;mq;mq;mq;mq;
07471;20110914150000;mq;-90;6;60;4.100000;292.550000;286.050000;66;35000;2;1;1;40;3;800;32;20;10;92400;85000;17890;mq;mq;mq;mq;mq;mq;mq;mq;mq;6.700000;-10;mq;mq;0.000000;-30;0.000000;0.000000;mq;mq;mq;710.000000;1107.000000;3100.000000;mq;3;8;900;mq;mq;mq;mq;mq;mq;mq;mq;mq;
07481;20110914150000;101870;-150;6;350;4.600000;294.850000;282.750000;46;30000;2;1;1;10;1;1250;31;20;10;99100;mq;mq;mq;mq;mq;mq;mq;mq;mq;mq;mq;8.700000;-10;mq;mq;0.000000;-30;0.000000;0.000000;mq;mq;mq;710.000000;1109.000000;3100.000000;mq;1;8;1200;mq;mq;mq;mq;mq;mq;mq;mq;mq;
07510;20110914150000;101830;-220;7;30;2.600000;297.050000;282.650000;40;50000;0;mq;mq;mq;mq;mq;mq;mq;mq;101200;mq;mq;mq;mq;mq;mq;mq;mq;mq;mq;mq;5.700000;-10;mq;mq;mq;mq;0.000000;0.000000;mq;mq;mq;710.000000;1106.000000;mq;mq;mq;mq;mq;mq;mq;mq;mq;mq;mq;mq;mq;mq;
07535;20110914150000;101710;-200;6;340;2.600000;298.750000;280.350000;31;35000;2;1;1;10;1;1250;31;20;11;98740;mq;mq;mq;mq;mq;mq;mq;mq;mq;mq;mq;6.200000;-10;mq;mq;0.000000;-30;0.000000;0.000000;mq;mq;mq;710.000000;1106.000000;3100.000000;mq;1;8;990;mq;mq;mq;mq;mq;mq;mq;mq;mq;
07558;20110914150000;101480;-120;6;340;4.600000;297.450000;282.950000;40;60000;2;1;1;10;1;1750;31;20;10;93570;mq;mq;mq;mq;mq;mq;mq;mq;mq;mq;mq;9.800000;-10;mq;mq;0.000000;-30;0.000000;0.000000;mq;mq;mq;710.000000;1110.000000;3100.000000;mq;1;8;1500;mq;mq;mq;mq;mq;mq;mq;mq;mq;
07577;20110914150000;101640;-90;6;30;9.300000;297.250000;286.150000;50;60000;2;1;1;10;1;800;35;20;10;100790;mq;mq;mq;mq;mq;mq;mq;mq;mq;mq;14.400000;16.500000;-10;mq;mq;0.000000;-30;0.000000;0.000000;mq;mq;mq;1014.000000;710.000000;1116.000000;3100.000000;1;6;690;mq;mq;mq;mq;mq;mq;mq;mq;mq;
07591;20110914150000;mq;-130;6;230;4.100000;301.250000;282.050000;30;mq;0;mq;mq;mq;mq;mq;mq;mq;mq;91570;mq;mq;mq;mq;mq;mq;mq;mq;mq;mq;mq;9.300000;-10;mq;mq;mq;mq;0.000000;0.000000;mq;mq;mq;710.000000;1109.000000;mq;mq;mq;mq;mq;mq;mq;mq;mq;mq;mq;mq;mq;mq;
07607;20110914150000;101750;-230;6;90;2.100000;299.250000;289.250000;54;60000;0;mq;mq;90;mq;1250;mq;mq;mq;101070;mq;mq;mq;mq;mq;mq;mq;mq;mq;mq;mq;5.100000;-10;mq;mq;mq;mq;0.000000;0.000000;mq;mq;mq;710.000000;1105.000000;mq;mq;mq;mq;mq;mq;mq;mq;mq;mq;mq;mq;mq;mq;
07621;20110914150000;101760;-160;7;30;2.100000;293.550000;290.150000;81;35000;2;1;1;100;8;450;38;61;60;97590;mq;mq;mq;mq;mq;mq;mq;mq;mq;mq;mq;2.600000;-10;mq;mq;0.000000;-30;0.000000;0.000000;mq;mq;mq;710.000000;1103.000000;3100.000000;mq;5;8;450;8;6;750;mq;mq;mq;mq;mq;mq;
07627;20110914150000;101680;-160;6;340;1.500000;295.750000;289.750000;69;18000;2;1;1;75;6;450;38;20;10;97020;mq;mq;mq;mq;mq;mq;mq;mq;mq;mq;mq;4.100000;-10;mq;mq;0.000000;-30;0.000000;0.000000;mq;mq;mq;710.000000;1104.000000;3100.000000;mq;5;8;480;5;6;1200;mq;mq;mq;mq;mq;mq;
07630;20110914150000;101680;-200;6;30;2.600000;299.750000;286.150000;43;40000;2;1;1;50;2;1750;31;20;11;99970;mq;mq;mq;mq;mq;mq;mq;mq;mq;mq;mq;5.700000;-10;mq;mq;0.000000;-30;0.000000;0.000000;mq;mq;mq;710.000000;1106.000000;3100.000000;mq;2;8;1500;mq;mq;mq;mq;mq;mq;mq;mq;mq;
07643;20110914150000;101410;-170;7;210;4.100000;302.450000;287.850000;41;70000;2;1;1;10;1;1750;31;20;11;101320;mq;mq;mq;mq;mq;mq;mq;mq;mq;mq;mq;6.200000;-10;mq;mq;mq;mq;0.000000;0.000000;mq;mq;mq;710.000000;1106.000000;mq;mq;1;8;1500;mq;mq;mq;mq;mq;mq;mq;mq;mq;
07650;20110914150000;101340;-120;8;300;4.600000;302.750000;289.550000;45;30000;2;1;1;10;1;1750;31;20;11;100980;mq;mq;mq;mq;mq;mq;mq;mq;mq;mq;mq;7.700000;-10;mq;mq;0.000000;-30;0.000000;0.000000;mq;mq;mq;710.000000;1108.000000;3100.000000;mq;1;8;1500;mq;mq;mq;mq;mq;mq;mq;mq;mq;
07661;20110914150000;101370;-110;7;240;3.600000;299.050000;293.350000;71;25000;2;1;1;10;1;800;31;20;11;99850;mq;mq;mq;mq;mq;mq;mq;mq;mq;mq;mq;5.700000;-10;mq;mq;mq;mq;0.000000;0.000000;mq;mq;mq;710.000000;1106.000000;mq;mq;1;8;780;mq;mq;mq;mq;mq;mq;mq;mq;mq;
07690;20110914150000;101430;-90;8;160;2.600000;298.250000;293.950000;77;20000;2;1;1;10;1;450;38;20;10;101110;mq;mq;mq;mq;mq;mq;mq;mq;mq;mq;mq;4.100000;-10;mq;mq;0.000000;-30;0.000000;0.000000;mq;mq;mq;710.000000;1104.000000;3100.000000;mq;1;6;450;mq;mq;mq;mq;mq;mq;mq;mq;mq;
07747;20110914150000;101480;-150;6;320;5.100000;303.350000;287.450000;38;30000;2;1;1;25;1;1750;31;20;12;100980;mq;mq;mq;mq;mq;mq;mq;mq;mq;mq;mq;9.800000;-10;mq;mq;0.000000;-30;0.000000;0.000000;mq;mq;mq;710.000000;1110.000000;3100.000000;mq;1;8;1800;mq;mq;mq;mq;mq;mq;mq;mq;mq;
07761;20110914150000;101360;-80;8;200;4.100000;301.350000;292.850000;60;25000;2;1;1;40;3;800;35;20;10;101260;mq;mq;mq;mq;mq;mq;mq;mq;mq;mq;mq;5.700000;-10;mq;mq;0.000000;-30;0.000000;0.000000;mq;mq;mq;710.000000;1106.000000;3100.000000;mq;2;8;900;mq;mq;mq;mq;mq;mq;mq;mq;mq;
07790;20110914150000;101390;-60;8;100;2.600000;300.650000;292.450000;61;20000;2;1;1;10;1;1250;31;20;10;101250;mq;mq;mq;mq;mq;mq;mq;mq;mq;mq;mq;4.600000;-10;mq;mq;0.000000;-30;0.000000;0.000000;mq;mq;mq;710.000000;1105.000000;3100.000000;mq;1;8;990;mq;mq;mq;mq;mq;mq;mq;mq;mq;
61968;20110914150000;101550;mq;mq;80;3.100000;298.250000;292.150000;69;mq;mq;mq;mq;mq;mq;mq;mq;mq;mq;mq;mq;mq;mq;mq;mq;mq;mq;mq;mq;mq;mq;7.200000;-10;mq;mq;mq;mq;0.000000;0.000000;mq;mq;mq;710.000000;1107.000000;mq;mq;mq;mq;mq;mq;mq;mq;mq;mq;mq;mq;mq;mq;
61970;20110914150000;101640;mq;mq;mq;mq;298.350000;292.250000;69;mq;mq;mq;mq;mq;mq;mq;mq;mq;mq;mq;mq;mq;mq;mq;mq;mq;mq;mq;mq;mq;mq;mq;mq;mq;mq;mq;mq;0.000000;0.000000;mq;mq;mq;mq;mq;mq;mq;mq;mq;mq;mq;mq;mq;mq;mq;mq;mq;mq;mq;
61972;20110914150000;101680;mq;mq;80;3.100000;297.650000;294.950000;85;mq;mq;mq;mq;mq;mq;mq;mq;mq;mq;mq;mq;mq;mq;mq;mq;mq;mq;mq;mq;mq;mq;5.100000;-10;mq;mq;mq;mq;0.000000;0.000000;mq;mq;mq;710.000000;1105.000000;mq;mq;mq;mq;mq;mq;mq;mq;mq;mq;mq;mq;mq;mq;
61976;20110914150000;101880;mq;mq;120;9.300000;296.750000;293.250000;81;mq;mq;mq;mq;mq;mq;mq;mq;mq;mq;101730;mq;mq;mq;mq;mq;mq;mq;mq;mq;mq;mq;mq;mq;mq;mq;mq;mq;mq;mq;mq;mq;mq;mq;mq;mq;mq;mq;mq;mq;mq;mq;mq;mq;mq;mq;mq;mq;mq;
61980;20110914150000;102270;mq;mq;120;7.700000;294.650000;289.350000;72;12000;2;1;1;10;1;800;31;20;10;mq;mq;mq;mq;mq;mq;mq;mq;mq;mq;mq;mq;11.800000;-10;mq;mq;mq;mq;0.000000;0.000000;mq;mq;mq;710.000000;1112.000000;mq;mq;1;8;780;mq;mq;mq;mq;mq;mq;mq;mq;mq;
61996;20110914150000;101990;mq;mq;mq;mq;285.250000;285.050000;99;mq;mq;mq;mq;mq;mq;mq;mq;mq;mq;mq;mq;mq;mq;mq;mq;mq;mq;mq;mq;mq;mq;mq;mq;mq;mq;mq;mq;0.000000;0.000000;mq;mq;mq;mq;mq;mq;mq;mq;mq;mq;mq;mq;mq;mq;mq;mq;mq;mq;mq;
61997;20110914150000;99850;mq;mq;290;11.300000;284.050000;281.950000;87;mq;mq;mq;mq;mq;mq;mq;mq;mq;mq;mq;mq;mq;mq;mq;mq;mq;mq;mq;mq;mq;mq;18.500000;-30;mq;mq;mq;mq;mq;0.200000;mq;mq;mq;1119.000000;mq;mq;mq;mq;mq;mq;mq;mq;mq;mq;mq;mq;mq;mq;mq;
61998;20110914150000;100650;mq;mq;230;6.200000;274.550000;270.250000;73;mq;mq;mq;mq;mq;mq;mq;mq;mq;mq;mq;mq;mq;760;mq;mq;mq;mq;mq;mq;mq;mq;8.700000;-10;mq;mq;mq;mq;0.000000;0.000000;mq;mq;mq;710.000000;1109.000000;mq;mq;mq;mq;mq;mq;mq;mq;mq;mq;mq;mq;mq;mq;
67005;20110914150000;101600;mq;mq;20;2.600000;298.450000;293.050000;72;mq;0;mq;mq;mq;mq;mq;mq;mq;mq;mq;mq;mq;mq;mq;mq;mq;mq;mq;mq;mq;mq;6.200000;-10;mq;mq;mq;mq;0.000000;0.000000;mq;mq;mq;710.000000;1106.000000;mq;mq;mq;mq;mq;mq;mq;mq;mq;mq;mq;mq;mq;mq;
71805;20110914150000;101580;30;3;230;7.700000;291.150000;290.150000;94;10000;1;4;2;90;7;150;36;61;60;101500;mq;mq;mq;mq;mq;mq;mq;mq;mq;mq;mq;12.900000;-10;mq;mq;0.000000;-30;0.000000;0.000000;mq;mq;mq;710.000000;1113.000000;3100.000000;mq;7;7;120;mq;mq;mq;mq;mq;mq;mq;mq;mq;
78897;20110914150000;101640;60;1;130;6.700000;303.750000;298.350000;73;55000;0;mq;mq;mq;mq;800;mq;mq;mq;mq;mq;mq;150;mq;mq;mq;mq;mq;mq;mq;mq;mq;mq;mq;mq;mq;mq;mq;mq;mq;mq;mq;mq;mq;mq;mq;mq;mq;mq;mq;mq;mq;mq;mq;mq;mq;mq;mq;
78922;20110914150000;101640;80;0;160;7.200000;303.250000;296.650000;68;mq;mq;mq;mq;mq;mq;mq;mq;mq;mq;101200;mq;mq;mq;mq;mq;mq;mq;mq;mq;mq;mq;mq;mq;mq;mq;mq;mq;mq;mq;mq;mq;mq;mq;mq;mq;mq;mq;mq;mq;mq;mq;mq;mq;mq;mq;mq;mq;mq;
78925;20110914150000;101600;20;1;100;5.700000;305.050000;297.650000;65;30000;2;1;1;75;5;800;32;20;11;mq;mq;mq;100;mq;mq;mq;mq;mq;mq;mq;mq;mq;mq;mq;mq;mq;mq;mq;mq;mq;mq;mq;mq;mq;mq;mq;5;8;960;mq;mq;mq;mq;mq;mq;mq;mq;mq;
81401;20110914150000;101480;mq;mq;360;1.500000;305.150000;296.450000;60;mq;mq;mq;mq;mq;mq;mq;mq;mq;mq;101420;mq;mq;mq;mq;mq;mq;mq;mq;mq;mq;mq;mq;mq;mq;mq;mq;mq;mq;0.000000;mq;mq;mq;mq;mq;mq;mq;mq;mq;mq;mq;mq;mq;mq;mq;mq;mq;mq;mq;
81405;20110914150000;101490;mq;mq;70;3.100000;304.550000;295.850000;60;20000;2;1;1;60;4;800;38;23;11;101400;mq;mq;mq;mq;mq;mq;mq;mq;mq;mq;mq;mq;mq;mq;mq;mq;mq;mq;mq;mq;mq;mq;mq;mq;mq;mq;mq;mq;mq;mq;mq;mq;mq;mq;mq;mq;mq;mq;
81408;20110914150000;101450;mq;mq;160;1.000000;305.450000;295.850000;57;mq;mq;mq;mq;mq;mq;mq;mq;mq;mq;101370;mq;mq;mq;mq;mq;mq;mq;mq;mq;mq;mq;mq;mq;mq;mq;mq;mq;mq;0.000000;mq;mq;mq;mq;mq;mq;mq;mq;mq;mq;mq;mq;mq;mq;mq;mq;mq;mq;mq;
81415;20110914150000;101560;mq;mq;30;2.100000;303.450000;295.850000;64;mq;mq;mq;mq;mq;mq;mq;mq;mq;mq;100370;mq;mq;mq;mq;mq;mq;mq;mq;mq;mq;mq;mq;mq;mq;mq;mq;mq;mq;0.000000;mq;mq;mq;mq;mq;mq;mq;mq;mq;mq;mq;mq;mq;mq;mq;mq;mq;mq;mq;
89642;20110914150000;98630;80;1;130;19.000000;265.350000;263.850000;88;mq;mq;mq;mq;mq;mq;mq;mq;mq;mq;98090;mq;mq;mq;mq;mq;mq;mq;mq;mq;mq;26.800000;31.900000;-30;mq;mq;mq;mq;mq;mq;mq;mq;mq;1027.000000;1132.000000;mq;mq;mq;mq;mq;mq;mq;mq;mq;mq;mq;mq;mq;mq;
07005;20110914180000;102030;-30;6;260;3.600000;288.350000;284.750000;79;mq;mq;mq;mq;mq;mq;mq;mq;mq;mq;101150;mq;mq;mq;283.750000;mq;290.950000;mq;mq;mq;mq;mq;9.300000;-10;mq;mq;mq;mq;0.000000;0.600000;mq;2.000000;mq;710.000000;1109.000000;mq;mq;mq;mq;mq;mq;mq;mq;mq;mq;mq;mq;mq;mq;
07015;20110914180000;101940;10;0;240;2.100000;288.350000;284.550000;78;30000;2;1;1;75;6;800;35;20;10;101380;mq;mq;mq;282.550000;mq;292.550000;mq;mq;mq;mq;mq;7.700000;-10;mq;mq;0.000000;-60;0.000000;0.000000;mq;0.000000;mq;710.000000;1108.000000;3100.000000;mq;2;6;720;5;6;2100;mq;mq;mq;mq;mq;mq;
07020;20110914180000;102120;0;5;270;5.700000;288.550000;284.350000;76;20000;2;1;1;50;3;1250;35;27;11;101860;mq;mq;mq;288.250000;mq;291.050000;mq;mq;mq;mq;mq;9.300000;-10;mq;mq;mq;mq;0.000000;0.000000;mq;0.000000;mq;710.000000;1109.000000;mq;mq;3;6;1200;mq;mq;mq;mq;mq;mq;mq;mq;mq;
07027;20110914180000;102100;-20;5;240;4.100000;288.250000;282.850000;70;60000;0;mq;mq;mq;mq;mq;mq;mq;mq;101300;mq;mq;mq;283.850000;mq;292.050000;mq;mq;mq;mq;mq;7.700000;-10;mq;mq;mq;mq;0.000000;0.000000;mq;0.000000;mq;710.000000;1108.000000;mq;mq;mq;mq;mq;mq;mq;mq;mq;mq;mq;mq;mq;mq;
07037;20110914180000;102080;0;5;290;3.100000;288.050000;283.650000;75;55000;0;mq;mq;mq;mq;1250;mq;mq;mq;100270;mq;mq;mq;281.350000;mq;292.450000;mq;mq;mq;mq;mq;5.100000;-10;mq;mq;mq;mq;0.000000;0.000000;mq;0.000000;mq;710.000000;1105.000000;mq;mq;mq;mq;mq;mq;mq;mq;mq;mq;mq;mq;mq;mq;
07110;20110914180000;102130;-60;6;330;2.600000;288.450000;283.250000;71;25000;2;1;1;10;1;1250;35;20;11;100990;mq;mq;mq;281.650000;mq;291.950000;mq;mq;mq;mq;mq;4.600000;-10;mq;mq;mq;mq;0.000000;0.000000;mq;0.000000;mq;710.000000;1105.000000;mq;mq;1;6;1380;mq;mq;mq;mq;mq;mq;mq;mq;mq;
07117;20110914180000;102140;-50;7;300;2.600000;288.150000;284.750000;80;25000;2;1;1;50;3;800;32;20;14;101440;mq;mq;mq;284.350000;mq;291.350000;mq;mq;mq;mq;mq;6.200000;-10;mq;mq;mq;mq;0.000000;0.000000;mq;0.000000;mq;710.000000;1106.000000;2438.000000;mq;mq;mq;mq;mq;mq;mq;mq;mq;mq;mq;mq;mq;
07130;20110914180000;102070;-90;6;350;2.100000;290.350000;282.050000;58;50000;0;mq;mq;mq;mq;1250;mq;mq;mq;101560;mq;mq;mq;280.150000;mq;294.050000;mq;mq;mq;mq;mq;3.100000;-10;mq;mq;mq;mq;0.000000;0.000000;mq;0.000000;mq;710.000000;1103.000000;mq;mq;mq;mq;mq;mq;mq;mq;mq;mq;mq;mq;mq;mq;
07139;20110914180000;102080;-40;6;360;2.100000;289.450000;283.350000;67;mq;mq;mq;mq;mq;mq;mq;mq;mq;mq;100370;mq;mq;mq;280.150000;mq;293.350000;mq;mq;mq;mq;mq;4.600000;-10;mq;mq;mq;mq;0.000000;0.000000;mq;0.000000;mq;710.000000;1105.000000;mq;mq;mq;mq;mq;mq;mq;mq;mq;mq;mq;mq;mq;mq;
07149;20110914180000;102070;-20;6;300;1.500000;288.850000;282.250000;65;25000;2;1;1;40;3;1750;35;23;11;101000;mq;mq;mq;282.050000;mq;293.850000;mq;mq;mq;mq;mq;3.100000;-10;mq;mq;0.000000;-60;0.000000;0.000000;mq;0.000000;mq;710.000000;1103.000000;3100.000000;mq;2;6;1800;mq;mq;mq;mq;mq;mq;mq;mq;mq;
07168;20110914180000;102100;-30;6;0;0.000000;288.050000;283.250000;73;20000;0;mq;mq;mq;mq;mq;mq;mq;mq;100690;mq;mq;mq;283.250000;mq;292.450000;mq;mq;mq;mq;mq;3.100000;-10;mq;mq;mq;mq;0.000000;0.000000;mq;0.200000;mq;710.000000;1103.000000;mq;mq;mq;mq;mq;mq;mq;mq;mq;mq;mq;mq;mq;mq;
07181;20110914180000;102100;0;5;310;1.500000;286.450000;281.250000;71;60000;0;mq;mq;mq;mq;mq;mq;mq;mq;98040;mq;mq;mq;282.950000;mq;290.650000;mq;mq;mq;mq;mq;3.600000;-10;mq;mq;mq;mq;0.000000;0.000000;mq;0.000000;mq;710.000000;1104.000000;mq;mq;mq;mq;mq;mq;mq;mq;mq;mq;mq;mq;mq;mq;
07190;20110914180000;102010;30;3;360;1.500000;289.750000;281.150000;57;12000;63;mq;mq;mq;mq;1750;mq;mq;mq;100220;mq;mq;mq;285.950000;mq;294.550000;mq;mq;mq;mq;mq;6.200000;-10;mq;mq;mq;mq;0.000000;0.000000;mq;0.000000;mq;710.000000;1106.000000;mq;mq;mq;mq;mq;mq;mq;mq;mq;mq;mq;mq;mq;mq;
07207;20110914180000;mq;mq;mq;10;2.600000;289.350000;282.750000;65;25000;2;1;1;10;1;800;31;20;10;mq;mq;mq;mq;283.450000;mq;291.850000;mq;mq;mq;mq;mq;4.600000;-10;mq;mq;mq;mq;0.000000;0.000000;mq;0.000000;mq;710.000000;1105.000000;2438.000000;mq;mq;mq;mq;mq;mq;mq;mq;mq;mq;mq;mq;mq;
07222;20110914180000;102040;-80;6;50;2.100000;291.150000;282.250000;56;30000;2;1;1;0;mq;mq;mq;mq;mq;101730;mq;mq;mq;280.550000;mq;292.950000;mq;mq;mq;mq;mq;5.100000;-10;mq;mq;mq;mq;0.000000;0.000000;mq;0.000000;mq;710.000000;1105.000000;mq;mq;mq;mq;mq;mq;mq;mq;mq;mq;mq;mq;mq;mq;
07240;20110914180000;102060;-70;6;350;1.500000;291.050000;281.850000;55;35000;2;1;1;0;mq;mq;mq;mq;mq;100740;mq;mq;mq;282.250000;mq;292.850000;mq;mq;mq;mq;mq;3.600000;-10;mq;mq;0.000000;-60;0.000000;0.000000;mq;0.000000;mq;710.000000;1104.000000;3100.000000;mq;mq;mq;mq;mq;mq;mq;mq;mq;mq;mq;mq;mq;
07255;20110914180000;102050;-30;5;360;2.100000;290.350000;281.750000;57;20000;0;mq;mq;mq;mq;mq;mq;mq;mq;100090;mq;mq;mq;284.050000;mq;294.050000;mq;mq;mq;mq;mq;4.600000;-10;mq;mq;mq;mq;0.000000;0.000000;mq;0.000000;mq;710.000000;1105.000000;mq;mq;mq;mq;mq;mq;mq;mq;mq;mq;mq;mq;mq;mq;
07280;20110914180000;102000;10;3;350;2.600000;290.850000;281.450000;54;60000;0;mq;mq;mq;mq;1250;mq;mq;mq;99340;mq;mq;mq;285.450000;mq;294.250000;mq;mq;mq;mq;mq;5.100000;-10;mq;mq;mq;mq;0.000000;0.000000;mq;0.000000;mq;710.000000;1105.000000;mq;mq;mq;mq;mq;mq;mq;mq;mq;mq;mq;mq;mq;mq;
07299;20110914180000;101970;30;3;260;2.600000;288.950000;283.450000;70;50000;2;1;1;10;1;1750;34;20;10;98760;mq;mq;mq;287.850000;mq;294.850000;mq;mq;mq;mq;mq;4.100000;-10;mq;mq;0.000000;-60;0.000000;0.000000;mq;0.000000;mq;710.000000;1104.000000;3100.000000;mq;1;6;1500;mq;mq;mq;mq;mq;mq;mq;mq;mq;
07314;20110914180000;101960;-120;6;50;5.100000;292.850000;284.650000;59;mq;mq;mq;mq;mq;mq;mq;mq;mq;mq;101690;mq;mq;mq;287.750000;mq;293.750000;mq;mq;mq;mq;mq;8.200000;-10;mq;mq;mq;mq;0.000000;0.000000;mq;0.000000;mq;710.000000;1108.000000;mq;mq;mq;mq;mq;mq;mq;mq;mq;mq;mq;mq;mq;mq;
07335;20110914180000;102030;-70;6;40;3.100000;290.350000;282.050000;58;60000;0;mq;mq;mq;mq;mq;mq;mq;mq;100610;mq;mq;mq;282.650000;mq;292.750000;mq;mq;mq;mq;mq;6.200000;-10;mq;mq;mq;mq;0.000000;0.000000;mq;0.000000;mq;710.000000;1106.000000;mq;mq;mq;mq;mq;mq;mq;mq;mq;mq;mq;mq;mq;mq;
07434;20110914180000;101870;-60;6;10;3.100000;289.650000;284.350000;71;55000;0;mq;mq;mq;mq;mq;mq;mq;mq;97190;mq;mq;mq;285.150000;mq;293.250000;mq;mq;mq;mq;mq;6.700000;-10;mq;mq;mq;mq;0.000000;0.000000;mq;0.000000;mq;710.000000;1107.000000;mq;mq;mq;mq;mq;mq;mq;mq;mq;mq;mq;mq;mq;mq;
07460;20110914180000;101910;-30;5;30;2.100000;290.050000;284.350000;69;40000;2;1;1;10;1;2250;35;20;11;98110;mq;mq;mq;287.150000;mq;294.550000;mq;mq;mq;mq;mq;3.600000;-10;mq;mq;0.000000;-60;0.000000;0.000000;mq;0.000000;mq;710.000000;1104.000000;3100.000000;mq;1;6;1800;mq;mq;mq;mq;mq;mq;mq;mq;mq;
07471;20110914180000;mq;20;3;40;2.100000;287.850000;284.650000;81;20000;0;mq;mq;90;mq;800;mq;mq;mq;92420;85000;17910;mq;287.750000;mq;293.850000;mq;mq;mq;mq;mq;4.100000;-10;mq;mq;mq;mq;0.000000;0.000000;mq;0.000000;mq;710.000000;1104.000000;mq;mq;mq;mq;mq;mq;mq;mq;mq;mq;mq;mq;mq;mq;
07481;20110914180000;101900;0;5;360;3.600000;292.050000;283.050000;56;45000;2;1;1;0;mq;mq;mq;mq;mq;99100;mq;mq;mq;289.250000;mq;295.050000;mq;mq;mq;mq;mq;6.700000;-10;mq;mq;0.000000;-60;0.000000;0.000000;mq;0.000000;mq;710.000000;1107.000000;3100.000000;mq;mq;mq;mq;mq;mq;mq;mq;mq;mq;mq;mq;mq;
07510;20110914180000;101760;-70;6;360;3.600000;295.350000;284.150000;49;35000;2;1;1;10;0;mq;30;20;11;101130;mq;mq;mq;285.250000;mq;297.350000;mq;mq;mq;mq;mq;5.100000;-10;mq;mq;0.000000;-60;0.000000;0.000000;mq;0.000000;mq;710.000000;1105.000000;3100.000000;mq;1;0;7500;mq;mq;mq;mq;mq;mq;mq;mq;mq;
07535;20110914180000;101690;-50;6;340;1.500000;295.550000;282.050000;42;mq;mq;mq;mq;mq;mq;mq;mq;mq;mq;98690;mq;mq;mq;288.450000;mq;299.150000;mq;mq;mq;mq;mq;3.100000;-10;mq;mq;mq;mq;0.000000;0.000000;mq;0.000000;mq;710.000000;1103.000000;mq;mq;mq;mq;mq;mq;mq;mq;mq;mq;mq;mq;mq;mq;
07558;20110914180000;101550;-40;6;330;5.700000;293.250000;283.650000;54;mq;mq;mq;mq;mq;mq;mq;mq;mq;mq;93530;mq;mq;mq;287.850000;mq;297.750000;mq;mq;mq;mq;mq;8.700000;-10;mq;mq;mq;mq;0.000000;0.000000;mq;0.000000;mq;710.000000;1109.000000;mq;mq;mq;mq;mq;mq;mq;mq;mq;mq;mq;mq;mq;mq;
07577;20110914180000;101650;0;5;10;7.200000;294.850000;284.850000;53;20000;0;mq;mq;mq;mq;mq;mq;mq;mq;100790;mq;mq;mq;294.850000;mq;298.650000;mq;mq;mq;mq;mq;13.900000;-10;mq;mq;mq;mq;0.000000;0.000000;mq;0.000000;mq;710.000000;1114.000000;mq;mq;mq;mq;mq;mq;mq;mq;mq;mq;mq;mq;mq;mq;
07591;20110914180000;mq;50;3;210;2.600000;296.450000;284.550000;47;mq;0;mq;mq;mq;mq;mq;mq;mq;mq;91620;mq;mq;mq;286.150000;mq;301.450000;mq;mq;mq;mq;mq;4.600000;-10;mq;mq;mq;mq;0.000000;0.000000;mq;0.000000;mq;710.000000;1105.000000;mq;mq;mq;mq;mq;mq;mq;mq;mq;mq;mq;mq;mq;mq;
07607;20110914180000;101680;-70;6;190;2.100000;297.050000;289.850000;64;60000;0;mq;mq;mq;mq;mq;mq;mq;mq;101000;mq;mq;mq;289.350000;mq;299.350000;mq;mq;mq;mq;mq;3.100000;-10;mq;mq;mq;mq;0.000000;0.000000;mq;0.000000;mq;710.000000;1103.000000;mq;mq;mq;mq;mq;mq;mq;mq;mq;mq;mq;mq;mq;mq;
07621;20110914180000;101690;-70;6;50;1.500000;293.650000;290.050000;80;40000;2;1;1;75;6;800;35;20;10;97520;mq;mq;mq;290.050000;mq;294.350000;mq;mq;mq;mq;mq;2.600000;-10;mq;mq;0.000000;-60;0.000000;0.000000;mq;0.000000;mq;710.000000;1103.000000;3100.000000;mq;6;6;780;mq;mq;mq;mq;mq;mq;mq;mq;mq;
07627;20110914180000;101660;-40;5;270;1.500000;294.250000;290.250000;78;mq;mq;mq;mq;mq;mq;mq;mq;mq;mq;96980;mq;mq;mq;290.450000;mq;297.750000;mq;mq;mq;mq;mq;2.600000;-10;mq;mq;mq;mq;0.000000;0.000000;mq;0.200000;mq;710.000000;1103.000000;mq;mq;mq;mq;mq;mq;mq;mq;mq;mq;mq;mq;mq;mq;
07630;20110914180000;101640;-50;5;360;2.600000;298.650000;284.450000;41;40000;2;1;1;10;1;1750;35;20;11;99920;mq;mq;mq;292.450000;mq;300.850000;mq;mq;mq;mq;mq;5.700000;-10;mq;mq;0.000000;-60;0.000000;0.000000;mq;0.000000;mq;710.000000;1106.000000;3100.000000;mq;1;6;1500;mq;mq;mq;mq;mq;mq;mq;mq;mq;
07643;20110914180000;101470;60;3;110;3.100000;298.250000;290.950000;64;70000;2;1;1;10;0;8000;30;20;11;101380;mq;mq;mq;293.850000;mq;304.150000;mq;mq;mq;mq;mq;4.100000;-10;mq;mq;mq;mq;0.000000;0.000000;mq;0.000000;mq;710.000000;1104.000000;mq;mq;1;0;7800;mq;mq;mq;mq;mq;mq;mq;mq;mq;
07650;20110914180000;101350;0;5;300;5.100000;298.350000;288.050000;53;30000;2;1;1;0;mq;mq;mq;mq;mq;100980;mq;mq;mq;290.750000;mq;303.450000;mq;mq;mq;mq;mq;6.200000;-10;mq;mq;0.000000;-60;0.000000;0.000000;mq;0.000000;mq;710.000000;1106.000000;3100.000000;mq;mq;mq;mq;mq;mq;mq;mq;mq;mq;mq;mq;mq;
07661;20110914180000;101380;-10;5;260;2.600000;296.250000;293.550000;85;30000;2;1;1;25;0;8000;30;20;12;99840;mq;mq;mq;293.350000;mq;299.950000;mq;mq;mq;mq;mq;4.100000;-10;mq;mq;mq;mq;0.000000;0.000000;mq;0.000000;mq;710.000000;1104.000000;mq;mq;2;0;4800;mq;mq;mq;mq;mq;mq;mq;mq;mq;
07690;20110914180000;101430;0;5;180;1.000000;296.950000;292.650000;77;20000;2;1;1;10;1;800;35;20;10;101110;mq;mq;mq;295.050000;mq;299.050000;mq;mq;mq;mq;mq;2.100000;-10;mq;mq;0.000000;-60;0.000000;0.000000;mq;0.000000;mq;710.000000;1102.000000;3100.000000;mq;1;6;780;mq;mq;mq;mq;mq;mq;mq;mq;mq;
07747;20110914180000;101510;30;3;320;5.100000;300.350000;287.750000;46;60000;0;mq;mq;mq;mq;mq;mq;mq;mq;101010;mq;mq;mq;295.850000;mq;304.250000;mq;mq;mq;mq;mq;8.700000;-10;mq;mq;mq;mq;0.000000;0.000000;mq;0.000000;mq;710.000000;1109.000000;mq;mq;mq;mq;mq;mq;mq;mq;mq;mq;mq;mq;mq;mq;
07761;20110914180000;101380;20;3;280;0.500000;298.450000;291.150000;64;25000;2;1;1;10;1;1250;35;20;10;101280;mq;mq;mq;291.750000;mq;302.050000;mq;mq;mq;mq;mq;3.600000;-10;mq;mq;0.000000;-60;0.000000;0.000000;mq;0.000000;mq;710.000000;1104.000000;3100.000000;mq;1;6;1380;mq;mq;mq;mq;mq;mq;mq;mq;mq;
07790;20110914180000;101420;30;3;140;0.500000;296.150000;293.250000;84;20000;2;1;1;10;1;1250;31;20;10;101280;mq;mq;mq;292.450000;mq;301.950000;mq;mq;mq;mq;mq;1.500000;-10;mq;mq;0.000000;-60;0.000000;0.000000;mq;0.000000;mq;710.000000;1102.000000;3100.000000;mq;1;8;990;mq;mq;mq;mq;mq;mq;mq;mq;mq;
61968;20110914180000;101660;mq;mq;90;6.700000;298.550000;292.950000;71;mq;mq;mq;mq;mq;mq;mq;mq;mq;mq;mq;mq;mq;mq;mq;mq;302.550000;mq;mq;mq;mq;mq;12.300000;-10;mq;mq;mq;mq;0.000000;mq;mq;0.000000;mq;710.000000;1112.000000;mq;mq;mq;mq;mq;mq;mq;mq;mq;mq;mq;mq;mq;mq;
61970;20110914180000;101790;mq;mq;mq;mq;297.350000;292.650000;75;mq;mq;mq;mq;mq;mq;mq;mq;mq;mq;mq;mq;mq;mq;mq;mq;302.050000;mq;mq;mq;mq;mq;mq;mq;mq;mq;mq;mq;0.000000;mq;mq;0.000000;mq;mq;mq;mq;mq;mq;mq;mq;mq;mq;mq;mq;mq;mq;mq;mq;mq;
61972;20110914180000;101820;mq;mq;110;1.000000;295.650000;294.250000;92;mq;mq;mq;mq;mq;mq;mq;mq;mq;mq;mq;mq;mq;mq;mq;mq;302.850000;mq;mq;mq;mq;mq;4.100000;-10;mq;mq;mq;mq;0.000000;mq;mq;0.200000;mq;710.000000;1104.000000;mq;mq;mq;mq;mq;mq;mq;mq;mq;mq;mq;mq;mq;mq;
61976;20110914180000;102010;mq;mq;110;10.300000;296.950000;292.850000;78;mq;mq;mq;mq;mq;mq;mq;mq;mq;mq;101860;mq;mq;mq;mq;mq;mq;mq;mq;mq;mq;mq;mq;mq;mq;mq;mq;mq;mq;mq;mq;mq;mq;mq;mq;mq;mq;mq;mq;mq;mq;mq;mq;mq;mq;mq;mq;mq;mq;
61980;20110914180000;102360;mq;mq;110;8.700000;294.750000;287.650000;64;12000;2;1;1;75;6;800;38;20;10;mq;mq;mq;mq;mq;mq;298.950000;mq;mq;mq;mq;mq;12.900000;-10;mq;mq;mq;mq;0.000000;mq;mq;0.000000;mq;710.000000;1113.000000;mq;mq;2;8;780;6;6;2100;mq;mq;mq;mq;mq;mq;
61996;20110914180000;mq;mq;mq;mq;mq;284.650000;mq;mq;mq;mq;mq;mq;mq;mq;mq;mq;mq;mq;mq;mq;mq;mq;mq;mq;288.450000;mq;mq;mq;mq;mq;mq;mq;mq;mq;mq;mq;0.000000;mq;mq;0.000000;mq;mq;mq;mq;mq;mq;mq;mq;mq;mq;mq;mq;mq;mq;mq;mq;mq;
61997;20110914180000;99870;mq;mq;250;18.000000;281.850000;278.050000;77;mq;mq;mq;mq;mq;mq;mq;mq;mq;mq;mq;mq;mq;mq;mq;mq;287.450000;mq;mq;mq;mq;mq;27.300000;-60;mq;mq;mq;mq;mq;mq;mq;0.400000;mq;1127.000000;mq;mq;mq;mq;mq;mq;mq;mq;mq;mq;mq;mq;mq;mq;mq;
61998;20110914180000;100550;mq;mq;280;4.100000;272.950000;269.450000;75;mq;mq;mq;mq;mq;mq;mq;mq;mq;mq;mq;mq;mq;670;mq;mq;278.350000;mq;mq;mq;mq;mq;6.200000;-10;mq;mq;mq;mq;0.000000;mq;mq;0.000000;mq;710.000000;1106.000000;mq;mq;mq;mq;mq;mq;mq;mq;mq;mq;mq;mq;mq;mq;
67005;20110914180000;101720;mq;mq;0;1.000000;296.750000;292.450000;77;mq;0;mq;mq;mq;mq;mq;mq;mq;mq;mq;mq;mq;mq;mq;mq;302.950000;mq;mq;mq;mq;mq;2.600000;-10;mq;mq;mq;mq;0.000000;mq;mq;0.000000;mq;710.000000;1103.000000;mq;mq;mq;mq;mq;mq;mq;mq;mq;mq;mq;mq;mq;mq;
71805;20110914180000;101560;-20;6;230;10.300000;291.350000;289.850000;91;9000;1;4;2;100;8;150;36;61;60;101480;mq;mq;mq;mq;288.550000;291.850000;mq;mq;mq;mq;15.400000;15.400000;-10;mq;mq;0.000000;-60;0.000000;0.000000;mq;0.000000;mq;1015.000000;710.000000;1115.000000;3100.000000;7;7;150;mq;mq;mq;mq;mq;mq;mq;mq;mq;
78897;20110914180000;101470;-170;8;120;7.200000;304.050000;297.650000;69;60000;0;mq;mq;mq;mq;800;mq;mq;mq;mq;mq;mq;80;mq;298.750000;304.550000;mq;mq;mq;mq;mq;mq;mq;mq;mq;mq;mq;mq;mq;0.400000;mq;1.200000;mq;mq;mq;mq;mq;mq;mq;mq;mq;mq;mq;mq;mq;mq;mq;mq;
78922;20110914180000;101430;-210;8;140;6.200000;303.250000;296.950000;69;mq;mq;mq;mq;mq;mq;mq;mq;mq;mq;100990;mq;mq;mq;mq;mq;mq;mq;mq;mq;mq;mq;mq;mq;mq;mq;mq;mq;mq;mq;mq;mq;mq;mq;mq;mq;mq;mq;mq;mq;mq;mq;mq;mq;mq;mq;mq;mq;mq;
78925;20110914180000;101430;-170;8;100;6.700000;304.650000;298.550000;70;25000;15;2;2;60;5;800;32;20;10;mq;mq;mq;mq;mq;298.450000;305.850000;mq;mq;mq;mq;mq;mq;mq;mq;mq;mq;mq;mq;mq;0.000000;mq;mq;mq;mq;mq;mq;5;8;810;mq;mq;mq;mq;mq;mq;mq;mq;mq;
81401;20110914180000;101220;mq;mq;70;3.100000;304.550000;296.350000;62;mq;mq;mq;mq;mq;mq;mq;mq;mq;mq;101160;mq;mq;mq;mq;mq;mq;mq;mq;mq;mq;mq;mq;mq;mq;mq;mq;mq;mq;0.000000;0.000000;mq;mq;mq;mq;mq;mq;mq;mq;mq;mq;mq;mq;mq;mq;mq;mq;mq;mq;
81405;20110914180000;101230;mq;mq;60;3.600000;304.550000;295.550000;59;20000;2;1;1;50;3;1250;38;23;11;101140;mq;mq;mq;mq;mq;mq;mq;mq;mq;mq;mq;mq;mq;mq;mq;mq;mq;mq;0.000000;mq;mq;mq;mq;mq;mq;mq;mq;mq;mq;mq;mq;mq;mq;mq;mq;mq;mq;mq;
81408;20110914180000;101160;mq;mq;110;1.000000;307.150000;294.250000;47;mq;mq;mq;mq;mq;mq;mq;mq;mq;mq;101080;mq;mq;mq;mq;mq;mq;mq;mq;mq;mq;mq;mq;mq;mq;mq;mq;mq;mq;0.000000;0.000000;mq;mq;mq;mq;mq;mq;mq;mq;mq;mq;mq;mq;mq;mq;mq;mq;mq;mq;
81415;20110914180000;101230;mq;mq;140;1.500000;305.250000;294.450000;53;mq;mq;mq;mq;mq;mq;mq;mq;mq;mq;100050;mq;mq;mq;mq;mq;mq;mq;mq;mq;mq;mq;mq;mq;mq;mq;mq;mq;mq;0.000000;0.000000;mq;mq;mq;mq;mq;mq;mq;mq;mq;mq;mq;mq;mq;mq;mq;mq;mq;mq;
89642;20110914180000;98580;-50;7;140;20.600000;265.050000;263.450000;87;mq;mq;mq;mq;mq;mq;mq;mq;mq;mq;98040;mq;mq;mq;mq;mq;mq;mq;mq;mq;mq;29.800000;32.900000;-60;mq;mq;mq;mq;mq;mq;mq;mq;mq;1030.000000;1133.000000;mq;mq;mq;mq;mq;mq;mq;mq;mq;mq;mq;mq;mq;mq;
07005;20110914210000;102130;80;1;220;2.100000;285.050000;283.650000;91;mq;mq;mq;mq;mq;mq;mq;mq;mq;mq;101230;mq;mq;mq;mq;mq;mq;mq;mq;mq;mq;mq;3.600000;-10;mq;mq;mq;mq;0.000000;0.000000;mq;mq;mq;710.000000;1104.000000;mq;mq;mq;mq;mq;mq;mq;mq;mq;mq;mq;mq;mq;mq;
07015;20110914210000;102060;110;1;250;3.100000;287.050000;284.550000;85;20000;2;1;1;40;3;1750;35;20;10;101490;mq;mq;mq;mq;mq;mq;mq;mq;mq;mq;mq;4.600000;-10;mq;mq;0.000000;-30;0.000000;0.000000;mq;mq;mq;710.000000;1105.000000;3100.000000;mq;3;6;1500;mq;mq;mq;mq;mq;mq;mq;mq;mq;
07020;20110914210000;102190;70;1;290;5.700000;288.250000;283.850000;75;20000;2;1;1;10;0;8000;30;20;11;101930;mq;mq;mq;mq;mq;mq;mq;mq;mq;mq;mq;7.700000;-10;mq;mq;mq;mq;0.000000;0.000000;mq;mq;mq;710.000000;1108.000000;mq;mq;1;0;6000;mq;mq;mq;mq;mq;mq;mq;mq;mq;
07027;20110914210000;102210;90;1;240;2.600000;283.750000;282.350000;91;60000;0;mq;mq;mq;mq;mq;mq;mq;mq;101390;mq;mq;mq;mq;mq;mq;mq;mq;mq;mq;mq;4.100000;-10;mq;mq;mq;mq;0.000000;0.000000;mq;mq;mq;710.000000;1104.000000;mq;mq;mq;mq;mq;mq;mq;mq;mq;mq;mq;mq;mq;mq;
07037;20110914210000;102190;80;1;250;0.500000;283.950000;283.350000;96;28000;0;mq;mq;mq;mq;mq;mq;mq;mq;100350;mq;mq;mq;mq;mq;mq;mq;mq;mq;mq;mq;1.500000;-10;mq;mq;mq;mq;0.000000;0.000000;mq;mq;mq;710.000000;1102.000000;mq;mq;mq;mq;mq;mq;mq;mq;mq;mq;mq;mq;mq;mq;
07110;20110914210000;102220;70;1;70;2.100000;283.650000;282.450000;92;25000;2;1;1;0;mq;mq;mq;mq;mq;101060;mq;mq;mq;mq;mq;mq;mq;mq;mq;mq;mq;2.100000;-10;mq;mq;mq;mq;0.000000;0.000000;mq;mq;mq;710.000000;1102.000000;mq;mq;mq;mq;mq;mq;mq;mq;mq;mq;mq;mq;mq;mq;
07117;20110914210000;102210;70;1;280;0.500000;286.450000;285.050000;91;35000;2;1;1;40;3;800;38;20;10;101510;mq;mq;mq;mq;mq;mq;mq;mq;mq;mq;mq;1.500000;-10;mq;mq;mq;mq;0.000000;0.000000;mq;mq;mq;710.000000;1102.000000;2428.000000;mq;mq;mq;mq;mq;mq;mq;mq;mq;mq;mq;mq;mq;
07130;20110914210000;102190;110;1;20;1.500000;286.350000;283.850000;85;40000;0;mq;mq;mq;mq;mq;mq;mq;mq;101670;mq;mq;mq;mq;mq;mq;mq;mq;mq;mq;mq;4.100000;-10;mq;mq;mq;mq;0.000000;0.000000;mq;mq;mq;710.000000;1104.000000;mq;mq;mq;mq;mq;mq;mq;mq;mq;mq;mq;mq;mq;mq;
07139;20110914210000;102210;100;1;0;0.000000;284.250000;282.150000;87;mq;mq;mq;mq;mq;mq;mq;mq;mq;mq;100470;mq;mq;mq;mq;mq;mq;mq;mq;mq;mq;mq;1.500000;-10;mq;mq;mq;mq;0.000000;0.000000;mq;mq;mq;710.000000;1102.000000;mq;mq;mq;mq;mq;mq;mq;mq;mq;mq;mq;mq;mq;mq;
07149;20110914210000;102170;80;1;230;1.000000;283.850000;281.450000;85;25000;2;1;1;10;1;1750;35;20;10;101080;mq;mq;mq;mq;mq;mq;mq;mq;mq;mq;mq;2.100000;-10;mq;mq;0.000000;-30;0.000000;0.000000;mq;mq;mq;710.000000;1102.000000;3100.000000;mq;1;6;1800;mq;mq;mq;mq;mq;mq;mq;mq;mq;
07168;20110914210000;102210;80;1;170;2.100000;282.350000;280.250000;87;20000;0;mq;mq;mq;mq;mq;mq;mq;mq;100770;mq;mq;mq;mq;mq;mq;mq;mq;mq;mq;mq;2.600000;-10;mq;mq;mq;mq;0.000000;0.000000;mq;mq;mq;710.000000;1103.000000;mq;mq;mq;mq;mq;mq;mq;mq;mq;mq;mq;mq;mq;mq;
07181;20110914210000;102260;100;1;240;0.500000;282.350000;280.250000;87;60000;0;mq;mq;mq;mq;mq;mq;mq;mq;98140;mq;mq;mq;mq;mq;mq;mq;mq;mq;mq;mq;1.500000;-10;mq;mq;mq;mq;0.000000;0.000000;mq;mq;mq;710.000000;1102.000000;mq;mq;mq;mq;mq;mq;mq;mq;mq;mq;mq;mq;mq;mq;
07190;20110914210000;102180;140;1;350;1.500000;285.150000;282.350000;83;50000;0;mq;mq;mq;mq;1250;mq;mq;mq;100360;mq;mq;mq;mq;mq;mq;mq;mq;mq;mq;mq;2.100000;-10;mq;mq;mq;mq;0.000000;0.000000;mq;mq;mq;710.000000;1102.000000;mq;mq;mq;mq;mq;mq;mq;mq;mq;mq;mq;mq;mq;mq;
07207;20110914210000;mq;mq;mq;20;4.600000;286.250000;283.650000;84;25000;2;1;1;10;1;800;31;20;10;mq;mq;mq;mq;mq;mq;mq;mq;mq;mq;mq;mq;5.100000;-10;mq;mq;mq;mq;0.000000;0.000000;mq;mq;mq;710.000000;1105.000000;2438.000000;mq;mq;mq;mq;mq;mq;mq;mq;mq;mq;mq;mq;mq;
07222;20110914210000;102100;60;1;50;1.000000;288.750000;282.850000;68;30000;2;1;1;0;mq;mq;mq;mq;mq;101790;mq;mq;mq;mq;mq;mq;mq;mq;mq;mq;mq;2.600000;-10;mq;mq;mq;mq;0.000000;0.000000;mq;mq;mq;710.000000;1103.000000;mq;mq;mq;mq;mq;mq;mq;mq;mq;mq;mq;mq;mq;mq;
07240;20110914210000;102130;40;0;360;1.500000;286.850000;281.450000;70;25000;2;1;1;0;mq;mq;mq;mq;mq;100780;mq;mq;mq;mq;mq;mq;mq;mq;mq;mq;mq;3.100000;-10;mq;mq;0.000000;-30;0.000000;0.000000;mq;mq;mq;710.000000;1103.000000;3100.000000;mq;mq;mq;mq;mq;mq;mq;mq;mq;mq;mq;mq;mq;
07255;20110914210000;102160;80;1;40;1.500000;286.950000;281.750000;71;20000;0;mq;mq;mq;mq;mq;mq;mq;mq;100170;mq;mq;mq;mq;mq;mq;mq;mq;mq;mq;mq;3.100000;-10;mq;mq;mq;mq;0.000000;0.000000;mq;mq;mq;710.000000;1103.000000;mq;mq;mq;mq;mq;mq;mq;mq;mq;mq;mq;mq;mq;mq;
07280;20110914210000;102160;110;1;350;3.100000;286.150000;280.550000;69;60000;0;mq;mq;mq;mq;mq;mq;mq;mq;99450;mq;mq;mq;mq;mq;mq;mq;mq;mq;mq;mq;3.600000;-10;mq;mq;mq;mq;0.000000;0.000000;mq;mq;mq;710.000000;1104.000000;mq;mq;mq;mq;mq;mq;mq;mq;mq;mq;mq;mq;mq;mq;
07299;20110914210000;102130;100;1;180;1.000000;284.450000;283.550000;94;20000;2;1;1;25;2;1250;35;20;10;98860;mq;mq;mq;mq;mq;mq;mq;mq;mq;mq;mq;2.600000;-10;mq;mq;0.000000;-30;0.000000;0.000000;mq;mq;mq;710.000000;1103.000000;3100.000000;mq;2;6;1380;mq;mq;mq;mq;mq;mq;mq;mq;mq;
07314;20110914210000;102020;60;0;50;6.200000;291.250000;284.750000;66;mq;mq;mq;mq;mq;mq;mq;mq;mq;mq;101750;mq;mq;mq;mq;mq;mq;mq;mq;mq;mq;mq;9.300000;-10;mq;mq;mq;mq;0.000000;0.000000;mq;mq;mq;710.000000;1109.000000;mq;mq;mq;mq;mq;mq;mq;mq;mq;mq;mq;mq;mq;mq;
07335;20110914210000;102110;60;1;40;2.600000;286.250000;282.450000;78;45000;0;mq;mq;mq;mq;mq;mq;mq;mq;100670;mq;mq;mq;mq;mq;mq;mq;mq;mq;mq;mq;3.600000;-10;mq;mq;mq;mq;0.000000;0.000000;mq;mq;mq;710.000000;1104.000000;mq;mq;mq;mq;mq;mq;mq;mq;mq;mq;mq;mq;mq;mq;
07434;20110914210000;101980;60;1;40;4.100000;286.750000;283.150000;79;55000;0;mq;mq;mq;mq;mq;mq;mq;mq;97250;mq;mq;mq;mq;mq;mq;mq;mq;mq;mq;mq;5.700000;-10;mq;mq;mq;mq;0.000000;0.000000;mq;mq;mq;710.000000;1106.000000;mq;mq;mq;mq;mq;mq;mq;mq;mq;mq;mq;mq;mq;mq;
07460;20110914210000;102060;110;1;300;1.500000;287.950000;283.550000;75;20000;2;1;1;0;mq;mq;mq;mq;mq;98220;mq;mq;mq;mq;mq;mq;mq;mq;mq;mq;mq;3.100000;-10;mq;mq;0.000000;-30;0.000000;0.000000;mq;mq;mq;710.000000;1103.000000;3100.000000;mq;mq;mq;mq;mq;mq;mq;mq;mq;mq;mq;mq;mq;
07471;20110914210000;mq;90;1;0;0.000000;285.950000;284.550000;91;20000;0;mq;mq;100;mq;450;mq;mq;mq;92510;85000;17990;mq;mq;mq;mq;mq;mq;mq;mq;mq;1.500000;-10;mq;mq;mq;mq;0.000000;0.000000;mq;mq;mq;710.000000;1102.000000;mq;mq;mq;mq;mq;mq;mq;mq;mq;mq;mq;mq;mq;mq;
07481;20110914210000;102000;60;1;350;1.500000;288.250000;283.450000;73;50000;2;1;1;0;mq;mq;mq;mq;mq;99160;mq;mq;mq;mq;mq;mq;mq;mq;mq;mq;mq;4.100000;-10;mq;mq;0.000000;-30;0.000000;0.000000;mq;mq;mq;710.000000;1104.000000;3100.000000;mq;mq;mq;mq;mq;mq;mq;mq;mq;mq;mq;mq;mq;
07510;20110914210000;101830;60;0;30;4.100000;291.150000;285.150000;68;50000;2;1;1;10;0;mq;30;20;11;101190;mq;mq;mq;mq;mq;mq;mq;mq;mq;mq;mq;6.700000;-10;mq;mq;0.000000;-30;0.000000;0.000000;mq;mq;mq;710.000000;1107.000000;3100.000000;mq;1;0;7500;mq;mq;mq;mq;mq;mq;mq;mq;mq;
07535;20110914210000;101840;60;1;130;1.500000;286.950000;282.350000;74;mq;mq;mq;mq;mq;mq;mq;mq;mq;mq;98750;mq;mq;mq;mq;mq;mq;mq;mq;mq;mq;mq;2.600000;-10;mq;mq;mq;mq;0.000000;0.000000;mq;mq;mq;710.000000;1103.000000;mq;mq;mq;mq;mq;mq;mq;mq;mq;mq;mq;mq;mq;mq;
07558;20110914210000;101750;80;1;350;4.100000;289.450000;281.450000;59;mq;mq;mq;mq;mq;mq;mq;mq;mq;mq;93610;mq;mq;mq;mq;mq;mq;mq;mq;mq;mq;mq;7.200000;-10;mq;mq;mq;mq;0.000000;0.000000;mq;mq;mq;710.000000;1107.000000;mq;mq;mq;mq;mq;mq;mq;mq;mq;mq;mq;mq;mq;mq;
07577;20110914210000;101780;120;1;20;6.200000;293.050000;283.450000;54;20000;0;mq;mq;mq;mq;mq;mq;mq;mq;100910;mq;mq;mq;mq;mq;mq;mq;mq;mq;mq;mq;10.800000;-10;mq;mq;mq;mq;0.000000;0.000000;mq;mq;mq;710.000000;1111.000000;mq;mq;mq;mq;mq;mq;mq;mq;mq;mq;mq;mq;mq;mq;
07591;20110914210000;mq;210;1;0;0.000000;290.850000;285.550000;71;mq;0;mq;mq;mq;mq;mq;mq;mq;mq;91830;mq;mq;mq;mq;mq;mq;mq;mq;mq;mq;mq;2.600000;-10;mq;mq;mq;mq;0.000000;0.000000;mq;mq;mq;710.000000;1103.000000;mq;mq;mq;mq;mq;mq;mq;mq;mq;mq;mq;mq;mq;mq;
07607;20110914210000;101730;30;0;50;2.600000;290.850000;284.450000;66;60000;0;mq;mq;100;mq;mq;mq;mq;mq;101030;mq;mq;mq;mq;mq;mq;mq;mq;mq;mq;mq;3.600000;-10;mq;mq;mq;mq;0.000000;0.000000;mq;mq;mq;710.000000;1104.000000;mq;mq;mq;mq;mq;mq;mq;mq;mq;mq;mq;mq;mq;mq;
07621;20110914210000;101720;0;0;120;1.000000;291.350000;290.150000;93;20000;2;1;1;10;0;8000;30;20;11;97520;mq;mq;mq;mq;mq;mq;mq;mq;mq;mq;mq;1.500000;-10;mq;mq;0.000000;-30;0.000000;0.000000;mq;mq;mq;710.000000;1102.000000;3100.000000;mq;1;0;7800;mq;mq;mq;mq;mq;mq;mq;mq;mq;
07627;20110914210000;101780;50;0;0;0.000000;290.150000;288.450000;90;mq;mq;mq;mq;mq;mq;mq;mq;mq;mq;97030;mq;mq;mq;mq;mq;mq;mq;mq;mq;mq;mq;1.000000;-10;mq;mq;mq;mq;0.000000;0.000000;mq;mq;mq;710.000000;1101.000000;mq;mq;mq;mq;mq;mq;mq;mq;mq;mq;mq;mq;mq;mq;
07630;20110914210000;101710;50;1;320;2.100000;294.950000;284.050000;50;40000;2;1;1;10;0;8000;30;20;11;99970;mq;mq;mq;mq;mq;mq;mq;mq;mq;mq;mq;3.100000;-10;mq;mq;0.000000;-30;0.000000;0.000000;mq;mq;mq;710.000000;1103.000000;3100.000000;mq;1;0;7800;mq;mq;mq;mq;mq;mq;mq;mq;mq;
07643;20110914210000;101660;190;1;10;2.100000;294.450000;285.550000;57;70000;2;1;1;0;mq;mq;mq;mq;mq;101570;mq;mq;mq;mq;mq;mq;mq;mq;mq;mq;mq;4.100000;-10;mq;mq;mq;mq;0.000000;0.000000;mq;mq;mq;710.000000;1104.000000;mq;mq;mq;mq;mq;mq;mq;mq;mq;mq;mq;mq;mq;mq;
07650;20110914210000;101490;140;1;340;4.100000;294.450000;287.150000;63;30000;2;1;1;0;mq;mq;mq;mq;mq;101120;mq;mq;mq;mq;mq;mq;mq;mq;mq;mq;mq;6.700000;-10;mq;mq;0.000000;-30;0.000000;0.000000;mq;mq;mq;710.000000;1107.000000;3100.000000;mq;mq;mq;mq;mq;mq;mq;mq;mq;mq;mq;mq;mq;
07661;20110914210000;101490;110;1;150;1.000000;295.150000;293.450000;90;mq;mq;mq;mq;mq;mq;mq;mq;mq;mq;99950;mq;mq;mq;mq;mq;mq;mq;mq;mq;mq;mq;2.600000;-10;mq;mq;mq;mq;0.000000;0.000000;mq;mq;mq;710.000000;1103.000000;mq;mq;mq;mq;mq;mq;mq;mq;mq;mq;mq;mq;mq;mq;
07690;20110914210000;101520;90;1;320;2.100000;295.850000;292.250000;80;20000;2;1;1;0;mq;mq;mq;mq;mq;101200;mq;mq;mq;mq;mq;mq;mq;mq;mq;mq;mq;3.100000;-10;mq;mq;0.000000;-30;0.000000;0.000000;mq;mq;mq;710.000000;1103.000000;3100.000000;mq;mq;mq;mq;mq;mq;mq;mq;mq;mq;mq;mq;mq;
07747;20110914210000;101640;120;1;220;0.500000;296.550000;288.350000;60;60000;0;mq;mq;mq;mq;mq;mq;mq;mq;101130;mq;mq;mq;mq;mq;mq;mq;mq;mq;mq;mq;6.200000;-10;mq;mq;mq;mq;0.000000;0.000000;mq;mq;mq;710.000000;1106.000000;mq;mq;mq;mq;mq;mq;mq;mq;mq;mq;mq;mq;mq;mq;
07761;20110914210000;101490;110;1;50;2.600000;294.850000;289.150000;70;25000;2;1;1;0;mq;mq;mq;mq;mq;101390;mq;mq;mq;mq;mq;mq;mq;mq;mq;mq;mq;3.100000;-10;mq;mq;0.000000;-30;0.000000;0.000000;mq;mq;mq;710.000000;1103.000000;3100.000000;mq;mq;mq;mq;mq;mq;mq;mq;mq;mq;mq;mq;mq;
07790;20110914210000;101510;90;1;200;1.500000;293.150000;291.150000;88;12000;2;1;1;0;mq;mq;mq;mq;mq;101370;mq;mq;mq;mq;mq;mq;mq;mq;mq;mq;mq;3.100000;-10;mq;mq;0.000000;-30;0.000000;0.000000;mq;mq;mq;710.000000;1103.000000;3100.000000;mq;mq;mq;mq;mq;mq;mq;mq;mq;mq;mq;mq;mq;
61968;20110914210000;101670;mq;mq;90;5.100000;297.650000;291.850000;70;mq;mq;mq;mq;mq;mq;mq;mq;mq;mq;mq;mq;mq;20;mq;mq;mq;mq;mq;mq;mq;mq;11.300000;-10;mq;mq;mq;mq;0.000000;0.000000;mq;mq;mq;710.000000;1111.000000;mq;mq;mq;mq;mq;mq;mq;mq;mq;mq;mq;mq;mq;mq;
61970;20110914210000;101780;mq;mq;mq;mq;294.450000;292.350000;88;mq;mq;mq;mq;mq;mq;mq;mq;mq;mq;mq;mq;mq;0;mq;mq;mq;mq;mq;mq;mq;mq;mq;mq;mq;mq;mq;mq;0.000000;0.000000;mq;mq;mq;mq;mq;mq;mq;mq;mq;mq;mq;mq;mq;mq;mq;mq;mq;mq;mq;
61972;20110914210000;101820;mq;mq;210;1.500000;293.750000;293.050000;96;mq;mq;mq;mq;mq;mq;mq;mq;mq;mq;mq;mq;mq;60;mq;mq;mq;mq;mq;mq;mq;mq;2.100000;-10;mq;mq;mq;mq;0.000000;0.000000;mq;mq;mq;710.000000;1102.000000;mq;mq;mq;mq;mq;mq;mq;mq;mq;mq;mq;mq;mq;mq;
61980;20110914210000;102320;mq;mq;120;7.200000;294.450000;290.250000;77;50000;0;mq;mq;mq;mq;1750;mq;mq;mq;mq;mq;mq;mq;mq;mq;mq;mq;mq;mq;mq;mq;10.800000;-10;mq;mq;mq;mq;0.000000;0.200000;mq;mq;mq;710.000000;1111.000000;mq;mq;mq;mq;mq;mq;mq;mq;mq;mq;mq;mq;mq;mq;
61996;20110914210000;mq;mq;mq;mq;mq;286.350000;mq;mq;mq;mq;mq;mq;mq;mq;mq;mq;mq;mq;mq;mq;mq;mq;mq;mq;mq;mq;mq;mq;mq;mq;mq;mq;mq;mq;mq;mq;0.000000;0.800000;mq;mq;mq;mq;mq;mq;mq;mq;mq;mq;mq;mq;mq;mq;mq;mq;mq;mq;mq;
61997;20110914210000;100090;mq;mq;260;13.900000;278.550000;273.550000;70;mq;mq;mq;mq;mq;mq;mq;mq;mq;mq;mq;mq;mq;mq;mq;mq;mq;mq;mq;mq;mq;mq;24.200000;-30;mq;mq;mq;mq;mq;0.000000;mq;mq;mq;1124.000000;mq;mq;mq;mq;mq;mq;mq;mq;mq;mq;mq;mq;mq;mq;mq;
61998;20110914210000;100380;mq;mq;310;4.100000;271.850000;269.150000;80;mq;mq;mq;mq;mq;mq;mq;mq;mq;mq;mq;mq;mq;320;mq;mq;mq;mq;mq;mq;mq;mq;5.700000;-10;mq;mq;mq;mq;0.000000;0.000000;mq;mq;mq;710.000000;1106.000000;mq;mq;mq;mq;mq;mq;mq;mq;mq;mq;mq;mq;mq;mq;
67005;20110914210000;101680;mq;mq;20;2.100000;296.250000;293.350000;84;mq;0;mq;mq;mq;mq;mq;mq;mq;mq;mq;mq;mq;40;mq;mq;mq;mq;mq;mq;mq;mq;2.600000;-10;mq;mq;mq;mq;0.000000;0.000000;mq;mq;mq;710.000000;1103.000000;mq;mq;mq;mq;mq;mq;mq;mq;mq;mq;mq;mq;mq;mq;
71805;20110914210000;101580;20;3;220;10.300000;289.950000;289.450000;97;6000;2;1;1;100;8;80;36;61;60;101500;mq;mq;mq;mq;mq;mq;mq;mq;mq;mq;mq;13.400000;-10;mq;mq;0.000000;-30;0.000000;0.000000;mq;mq;mq;710.000000;1113.000000;3100.000000;mq;8;7;60;mq;mq;mq;mq;mq;mq;mq;mq;mq;
78897;20110914210000;101390;-80;6;110;6.200000;302.950000;297.350000;72;35000;2;1;1;75;3;800;32;20;12;mq;mq;mq;30;mq;mq;mq;mq;mq;mq;mq;mq;mq;mq;mq;mq;mq;mq;mq;mq;mq;mq;mq;mq;mq;mq;mq;3;8;690;5;0;7800;mq;mq;mq;mq;mq;mq;
78922;20110914210000;101350;-80;6;120;7.200000;302.150000;296.850000;73;mq;mq;mq;mq;mq;mq;mq;mq;mq;mq;100910;mq;mq;mq;mq;mq;mq;mq;mq;mq;mq;mq;mq;mq;mq;mq;mq;mq;mq;mq;mq;mq;mq;mq;mq;mq;mq;mq;mq;mq;mq;mq;mq;mq;mq;mq;mq;mq;mq;
78925;20110914210000;101400;-30;6;80;4.600000;302.850000;298.650000;78;25000;25;8;6;75;3;800;32;20;11;mq;mq;mq;30;mq;mq;mq;mq;mq;mq;mq;mq;mq;mq;mq;mq;mq;mq;mq;mq;mq;mq;mq;mq;mq;mq;mq;3;8;660;5;0;9000;mq;mq;mq;mq;mq;mq;
81401;20110914210000;101130;mq;mq;10;2.100000;301.550000;296.650000;75;mq;mq;mq;mq;mq;mq;mq;mq;mq;mq;101070;mq;mq;mq;mq;mq;mq;mq;mq;mq;mq;mq;mq;mq;mq;mq;mq;mq;mq;0.000000;mq;mq;mq;mq;mq;mq;mq;mq;mq;mq;mq;mq;mq;mq;mq;mq;mq;mq;mq;
81405;20110914210000;101090;mq;mq;90;2.100000;302.050000;296.950000;74;15000;1;9;1;75;2;800;32;26;12;101000;mq;mq;mq;mq;mq;mq;mq;mq;mq;mq;mq;mq;mq;mq;mq;mq;mq;mq;0.000000;mq;mq;mq;mq;mq;mq;mq;mq;mq;mq;mq;mq;mq;mq;mq;mq;mq;mq;mq;
81408;20110914210000;101100;mq;mq;30;2.600000;302.750000;296.450000;69;mq;mq;mq;mq;mq;mq;mq;mq;mq;mq;101020;mq;mq;mq;mq;mq;mq;mq;mq;mq;mq;mq;mq;mq;mq;mq;mq;mq;mq;0.000000;mq;mq;mq;mq;mq;mq;mq;mq;mq;mq;mq;mq;mq;mq;mq;mq;mq;mq;mq;
81415;20110914210000;101050;mq;mq;330;1.000000;305.050000;294.550000;54;mq;mq;mq;mq;mq;mq;mq;mq;mq;mq;99870;mq;mq;mq;mq;mq;mq;mq;mq;mq;mq;mq;mq;mq;mq;mq;mq;mq;mq;0.000000;mq;mq;mq;mq;mq;mq;mq;mq;mq;mq;mq;mq;mq;mq;mq;mq;mq;mq;mq;
89642;20110914210000;98560;-30;8;140;22.600000;264.150000;262.550000;87;mq;mq;mq;mq;mq;mq;mq;mq;mq;mq;98010;mq;mq;mq;mq;mq;mq;mq;mq;mq;mq;32.900000;39.600000;-30;mq;mq;mq;mq;mq;mq;mq;mq;mq;1033.000000;1140.000000;mq;mq;mq;mq;mq;mq;mq;mq;mq;mq;mq;mq;mq;mq;
07005;20110915000000;102120;-10;5;190;2.100000;284.950000;284.050000;94;mq;mq;mq;mq;mq;mq;mq;mq;mq;mq;101220;mq;mq;mq;mq;mq;mq;mq;mq;mq;mq;mq;3.100000;-10;mq;mq;mq;mq;0.000000;0.000000;0.000000;mq;mq;710.000000;1103.000000;mq;mq;mq;mq;mq;mq;mq;mq;mq;mq;mq;mq;mq;mq;
07015;20110915000000;102050;-10;8;240;2.100000;285.050000;283.650000;91;12000;2;1;1;0;mq;mq;mq;mq;mq;101480;mq;mq;mq;mq;mq;mq;mq;mq;mq;mq;mq;3.100000;-10;mq;mq;0.000000;-60;0.000000;0.000000;0.000000;mq;mq;710.000000;1103.000000;3100.000000;mq;mq;mq;mq;mq;mq;mq;mq;mq;mq;mq;mq;mq;
07020;20110915000000;102150;-40;8;10;3.600000;288.250000;283.850000;75;20000;2;1;1;10;1;800;32;20;10;101890;mq;mq;mq;mq;mq;mq;mq;mq;mq;mq;mq;6.700000;-10;mq;mq;mq;mq;0.000000;0.000000;0.000000;mq;mq;710.000000;1107.000000;mq;mq;1;8;780;mq;mq;mq;mq;mq;mq;mq;mq;mq;
07027;20110915000000;102170;-40;8;210;2.600000;282.250000;281.650000;96;50000;0;mq;mq;mq;mq;mq;mq;mq;mq;101350;mq;mq;mq;mq;mq;mq;mq;mq;mq;mq;mq;3.600000;-10;mq;mq;mq;mq;0.000000;0.000000;0.000000;mq;mq;710.000000;1104.000000;mq;mq;mq;mq;mq;mq;mq;mq;mq;mq;mq;mq;mq;mq;
07037;20110915000000;102170;-30;8;160;1.000000;282.150000;282.050000;99;6000;10;mq;mq;mq;mq;mq;mq;mq;mq;100320;mq;mq;mq;mq;mq;mq;mq;mq;mq;mq;mq;1.500000;-10;mq;mq;mq;mq;0.000000;0.000000;0.000000;mq;mq;710.000000;1102.000000;mq;mq;mq;mq;mq;mq;mq;mq;mq;mq;mq;mq;mq;mq;
07110;20110915000000;102130;-90;6;80;2.100000;282.250000;281.650000;96;25000;2;1;1;10;1;1250;35;20;10;100970;mq;mq;mq;mq;mq;mq;mq;mq;mq;mq;mq;3.100000;-10;mq;mq;mq;mq;0.000000;0.000000;0.000000;mq;mq;710.000000;1103.000000;mq;mq;1;6;1200;mq;mq;mq;mq;mq;mq;mq;mq;mq;
07117;20110915000000;102140;-70;7;170;2.100000;285.750000;284.450000;92;35000;2;1;1;40;3;800;38;20;10;101440;mq;mq;mq;mq;mq;mq;mq;mq;mq;mq;mq;2.600000;-10;mq;mq;mq;mq;0.000000;0.000000;0.000000;mq;mq;710.000000;1103.000000;2428.000000;mq;mq;mq;mq;mq;mq;mq;mq;mq;mq;mq;mq;mq;
07130;20110915000000;102140;-60;7;340;1.000000;283.350000;282.550000;95;15000;0;mq;mq;mq;mq;mq;mq;mq;mq;101610;mq;mq;mq;mq;mq;mq;mq;mq;mq;mq;mq;2.100000;-10;mq;mq;mq;mq;0.000000;0.000000;0.000000;mq;mq;710.000000;1102.000000;mq;mq;mq;mq;mq;mq;mq;mq;mq;mq;mq;mq;mq;mq;
07139;20110915000000;102190;-40;8;0;0.000000;281.650000;280.450000;92;mq;mq;mq;mq;mq;mq;mq;mq;mq;mq;100430;mq;mq;mq;mq;mq;mq;mq;mq;mq;mq;mq;1.500000;-10;mq;mq;mq;mq;0.000000;0.000000;0.000000;mq;mq;710.000000;1102.000000;mq;mq;mq;mq;mq;mq;mq;mq;mq;mq;mq;mq;mq;mq;
07149;20110915000000;102180;0;0;0;0.000000;281.850000;280.950000;94;25000;2;1;1;0;mq;mq;mq;mq;mq;101080;mq;mq;mq;mq;mq;mq;mq;mq;mq;mq;mq;1.500000;-10;mq;mq;0.000000;-60;0.000000;0.000000;0.000000;mq;mq;710.000000;1102.000000;3100.000000;mq;mq;mq;mq;mq;mq;mq;mq;mq;mq;mq;mq;mq;
07168;20110915000000;102210;-10;8;0;0.000000;280.550000;279.050000;90;20000;0;mq;mq;mq;mq;mq;mq;mq;mq;100760;mq;mq;mq;mq;mq;mq;mq;mq;mq;mq;mq;1.000000;-10;mq;mq;mq;mq;0.000000;0.000000;0.000000;mq;mq;710.000000;1101.000000;mq;mq;mq;mq;mq;mq;mq;mq;mq;mq;mq;mq;mq;mq;
07181;20110915000000;102250;-30;7;210;1.000000;281.150000;279.450000;89;60000;0;mq;mq;mq;mq;mq;mq;mq;mq;98110;mq;mq;mq;mq;mq;mq;mq;mq;mq;mq;mq;1.500000;-10;mq;mq;mq;mq;0.000000;0.000000;0.000000;mq;mq;710.000000;1102.000000;mq;mq;mq;mq;mq;mq;mq;mq;mq;mq;mq;mq;mq;mq;
07190;20110915000000;102180;0;0;290;1.000000;284.450000;282.750000;89;50000;0;mq;mq;90;mq;1750;mq;mq;mq;100360;mq;mq;mq;mq;mq;mq;mq;mq;mq;mq;mq;1.500000;-10;mq;mq;mq;mq;0.000000;0.000000;0.000000;mq;mq;710.000000;1102.000000;mq;mq;mq;mq;mq;mq;mq;mq;mq;mq;mq;mq;mq;mq;
07207;20110915000000;mq;mq;mq;50;5.700000;286.650000;285.050000;90;20000;2;1;1;25;1;800;31;20;11;mq;mq;mq;mq;mq;mq;mq;mq;mq;mq;mq;mq;6.700000;-10;mq;mq;mq;mq;0.000000;0.000000;0.000000;mq;mq;710.000000;1107.000000;2438.000000;mq;mq;mq;mq;mq;mq;mq;mq;mq;mq;mq;mq;mq;
07222;20110915000000;102020;-80;6;50;1.500000;286.750000;282.550000;76;50000;0;mq;mq;mq;mq;mq;mq;mq;mq;101710;mq;mq;mq;mq;mq;mq;mq;mq;mq;mq;mq;3.100000;-10;mq;mq;mq;mq;0.000000;0.000000;0.000000;mq;mq;710.000000;1103.000000;mq;mq;mq;mq;mq;mq;mq;mq;mq;mq;mq;mq;mq;mq;
07240;20110915000000;102110;-30;8;70;1.000000;284.150000;281.150000;82;25000;2;1;1;0;mq;mq;mq;mq;mq;100750;mq;mq;mq;mq;mq;mq;mq;mq;mq;mq;mq;2.100000;-10;mq;mq;0.000000;-60;0.000000;0.000000;0.000000;mq;mq;710.000000;1102.000000;3100.000000;mq;mq;mq;mq;mq;mq;mq;mq;mq;mq;mq;mq;mq;
07255;20110915000000;102120;-50;6;80;2.100000;284.450000;280.950000;79;20000;0;mq;mq;mq;mq;mq;mq;mq;mq;100120;mq;mq;mq;mq;mq;mq;mq;mq;mq;mq;mq;2.600000;-10;mq;mq;mq;mq;0.000000;0.000000;0.000000;mq;mq;710.000000;1103.000000;mq;mq;mq;mq;mq;mq;mq;mq;mq;mq;mq;mq;mq;mq;
07280;20110915000000;102180;-10;7;350;1.500000;283.450000;279.950000;79;55000;0;mq;mq;mq;mq;mq;mq;mq;mq;99440;mq;mq;mq;mq;mq;mq;mq;mq;mq;mq;mq;3.100000;-10;mq;mq;mq;mq;0.000000;0.000000;0.000000;mq;mq;710.000000;1103.000000;mq;mq;mq;mq;mq;mq;mq;mq;mq;mq;mq;mq;mq;mq;
07299;20110915000000;102190;30;1;270;1.000000;282.050000;281.450000;96;30000;0;mq;mq;mq;mq;mq;mq;mq;mq;98890;mq;mq;mq;mq;mq;mq;mq;mq;mq;mq;mq;1.500000;-10;mq;mq;mq;mq;0.000000;0.000000;0.000000;mq;mq;710.000000;1102.000000;mq;mq;mq;mq;mq;mq;mq;mq;mq;mq;mq;mq;mq;mq;
07314;20110915000000;101930;-90;7;70;5.100000;289.750000;284.250000;70;mq;mq;mq;mq;mq;mq;mq;mq;mq;mq;101660;mq;mq;mq;mq;mq;mq;mq;mq;mq;mq;mq;9.800000;-10;mq;mq;mq;mq;0.000000;0.000000;0.000000;mq;mq;710.000000;1110.000000;mq;mq;mq;mq;mq;mq;mq;mq;mq;mq;mq;mq;mq;mq;
07335;20110915000000;102060;-60;6;50;1.000000;283.950000;281.350000;84;50000;0;mq;mq;mq;mq;mq;mq;mq;mq;100610;mq;mq;mq;mq;mq;mq;mq;mq;mq;mq;mq;3.600000;-10;mq;mq;mq;mq;0.000000;0.000000;0.000000;mq;mq;710.000000;1104.000000;mq;mq;mq;mq;mq;mq;mq;mq;mq;mq;mq;mq;mq;mq;
07434;20110915000000;101920;-70;6;70;5.700000;286.250000;282.650000;79;60000;0;mq;mq;mq;mq;mq;mq;mq;mq;97180;mq;mq;mq;mq;mq;mq;mq;mq;mq;mq;mq;8.200000;-10;mq;mq;mq;mq;0.000000;0.000000;0.000000;mq;mq;710.000000;1108.000000;mq;mq;mq;mq;mq;mq;mq;mq;mq;mq;mq;mq;mq;mq;
07460;20110915000000;102080;-30;8;0;0.000000;283.850000;282.250000;90;20000;2;1;1;0;mq;mq;mq;mq;mq;98190;mq;mq;mq;mq;mq;mq;mq;mq;mq;mq;mq;1.500000;-10;mq;mq;0.000000;-60;0.000000;0.000000;0.000000;mq;mq;710.000000;1102.000000;3100.000000;mq;mq;mq;mq;mq;mq;mq;mq;mq;mq;mq;mq;mq;
07471;20110915000000;mq;-20;5;260;1.500000;281.250000;280.350000;94;20000;0;mq;mq;mq;mq;mq;mq;mq;mq;92490;85000;17970;mq;mq;mq;mq;mq;mq;mq;mq;mq;2.100000;-10;mq;mq;mq;mq;0.000000;0.000000;0.000000;mq;mq;710.000000;1102.000000;mq;mq;mq;mq;mq;mq;mq;mq;mq;mq;mq;mq;mq;mq;
07481;20110915000000;102000;-10;7;310;3.100000;286.750000;283.350000;80;50000;2;1;1;0;mq;mq;mq;mq;mq;99150;mq;mq;mq;mq;mq;mq;mq;mq;mq;mq;mq;3.600000;-10;mq;mq;0.000000;-60;0.000000;0.000000;0.000000;mq;mq;710.000000;1104.000000;3100.000000;mq;mq;mq;mq;mq;mq;mq;mq;mq;mq;mq;mq;mq;
07510;20110915000000;101740;-90;7;40;3.100000;289.050000;285.450000;79;50000;2;1;1;10;0;mq;30;20;11;101100;mq;mq;mq;mq;mq;mq;mq;mq;mq;mq;mq;4.600000;-10;mq;mq;0.000000;-60;0.000000;0.000000;0.000000;mq;mq;710.000000;1105.000000;3100.000000;mq;1;0;7500;mq;mq;mq;mq;mq;mq;mq;mq;mq;
07535;20110915000000;101810;-50;8;0;0.000000;284.650000;283.350000;92;mq;mq;mq;mq;mq;mq;mq;mq;mq;mq;98700;mq;mq;mq;mq;mq;mq;mq;mq;mq;mq;mq;1.500000;-10;mq;mq;mq;mq;0.000000;0.000000;0.000000;mq;mq;710.000000;1102.000000;mq;mq;mq;mq;mq;mq;mq;mq;mq;mq;mq;mq;mq;mq;
07558;20110915000000;101790;-20;8;30;3.600000;287.450000;281.450000;67;mq;mq;mq;mq;mq;mq;mq;mq;mq;mq;93590;mq;mq;mq;mq;mq;mq;mq;mq;mq;mq;mq;4.600000;-10;mq;mq;mq;mq;0.000000;0.000000;0.000000;mq;mq;710.000000;1105.000000;mq;mq;mq;mq;mq;mq;mq;mq;mq;mq;mq;mq;mq;mq;
07577;20110915000000;101780;0;5;20;5.100000;291.450000;283.050000;58;20000;0;mq;mq;mq;mq;mq;mq;mq;mq;100910;mq;mq;mq;mq;mq;mq;mq;mq;mq;mq;mq;12.900000;-10;mq;mq;mq;mq;0.000000;0.000000;0.000000;mq;mq;710.000000;1113.000000;mq;mq;mq;mq;mq;mq;mq;mq;mq;mq;mq;mq;mq;mq;
07591;20110915000000;mq;40;1;30;1.000000;287.550000;284.550000;82;mq;0;mq;mq;mq;mq;mq;mq;mq;mq;91870;mq;mq;mq;mq;mq;mq;mq;mq;mq;mq;mq;2.100000;-10;mq;mq;mq;mq;0.000000;0.000000;0.000000;mq;mq;710.000000;1102.000000;mq;mq;mq;mq;mq;mq;mq;mq;mq;mq;mq;mq;mq;mq;
07607;20110915000000;101670;-70;8;20;1.000000;287.450000;284.250000;81;60000;0;mq;mq;mq;mq;mq;mq;mq;mq;100960;mq;mq;mq;mq;mq;mq;mq;mq;mq;mq;mq;1.500000;-10;mq;mq;mq;mq;0.000000;0.000000;0.000000;mq;mq;710.000000;1102.000000;mq;mq;mq;mq;mq;mq;mq;mq;mq;mq;mq;mq;mq;mq;
07621;20110915000000;101660;-110;7;190;1.000000;287.950000;287.350000;96;20000;11;1;1;25;0;8000;30;20;11;97410;mq;mq;mq;mq;mq;mq;mq;mq;mq;mq;mq;1.000000;-10;mq;mq;0.000000;-60;0.000000;0.000000;0.000000;mq;mq;710.000000;1101.000000;3100.000000;mq;2;0;5700;mq;mq;mq;mq;mq;mq;mq;mq;mq;
07627;20110915000000;101620;-140;8;150;3.600000;290.950000;288.050000;83;mq;mq;mq;mq;mq;mq;mq;mq;mq;mq;96890;mq;mq;mq;mq;mq;mq;mq;mq;mq;mq;mq;5.100000;-10;mq;mq;mq;mq;0.000000;0.000000;0.000000;mq;mq;710.000000;1105.000000;mq;mq;mq;mq;mq;mq;mq;mq;mq;mq;mq;mq;mq;mq;
07630;20110915000000;101650;-80;7;190;0.500000;291.050000;285.950000;72;55000;0;mq;mq;mq;mq;mq;mq;mq;mq;99890;mq;mq;mq;mq;mq;mq;mq;mq;mq;mq;mq;1.500000;-10;mq;mq;mq;mq;0.000000;0.000000;0.000000;mq;mq;710.000000;1102.000000;mq;mq;mq;mq;mq;mq;mq;mq;mq;mq;mq;mq;mq;mq;
07643;20110915000000;101630;-30;8;10;5.700000;292.950000;283.950000;56;60000;0;mq;mq;mq;mq;mq;mq;mq;mq;101540;mq;mq;mq;mq;mq;mq;mq;mq;mq;mq;mq;8.200000;-10;mq;mq;mq;mq;0.000000;0.000000;0.000000;mq;mq;710.000000;1108.000000;mq;mq;mq;mq;mq;mq;mq;mq;mq;mq;mq;mq;mq;mq;
07650;20110915000000;101510;10;0;140;1.500000;289.750000;285.850000;78;60000;0;mq;mq;mq;mq;mq;mq;mq;mq;101130;mq;mq;mq;mq;mq;mq;mq;mq;mq;mq;mq;2.100000;-10;mq;mq;mq;mq;0.000000;0.000000;0.000000;mq;mq;710.000000;1102.000000;mq;mq;mq;mq;mq;mq;mq;mq;mq;mq;mq;mq;mq;mq;
07661;20110915000000;101470;-30;7;130;3.100000;293.650000;291.750000;89;mq;mq;mq;mq;mq;mq;mq;mq;mq;mq;99920;mq;mq;mq;mq;mq;mq;mq;mq;mq;mq;mq;4.100000;-10;mq;mq;mq;mq;0.000000;0.000000;0.000000;mq;mq;710.000000;1104.000000;mq;mq;mq;mq;mq;mq;mq;mq;mq;mq;mq;mq;mq;mq;
07690;20110915000000;101520;-10;8;320;3.600000;294.550000;290.950000;80;20000;2;1;1;0;mq;mq;mq;mq;mq;101190;mq;mq;mq;mq;mq;mq;mq;mq;mq;mq;mq;5.100000;-10;mq;mq;0.000000;-60;0.000000;0.000000;0.000000;mq;mq;710.000000;1105.000000;3100.000000;mq;mq;mq;mq;mq;mq;mq;mq;mq;mq;mq;mq;mq;
07747;20110915000000;101620;-30;7;220;1.500000;293.350000;288.550000;74;60000;0;mq;mq;mq;mq;mq;mq;mq;mq;101100;mq;mq;mq;mq;mq;mq;mq;mq;mq;mq;mq;3.100000;-10;mq;mq;mq;mq;0.000000;0.000000;0.000000;mq;mq;710.000000;1103.000000;mq;mq;mq;mq;mq;mq;mq;mq;mq;mq;mq;mq;mq;mq;
07761;20110915000000;101540;40;1;40;3.600000;292.350000;288.250000;77;25000;2;1;1;0;mq;mq;mq;mq;mq;101430;mq;mq;mq;mq;mq;mq;mq;mq;mq;mq;mq;4.600000;-10;mq;mq;0.000000;-60;0.000000;0.000000;0.000000;mq;mq;710.000000;1105.000000;3100.000000;mq;mq;mq;mq;mq;mq;mq;mq;mq;mq;mq;mq;mq;
07790;20110915000000;101510;0;0;230;2.100000;292.350000;290.150000;87;28000;0;mq;mq;mq;mq;mq;mq;mq;mq;101370;mq;mq;mq;mq;mq;mq;mq;mq;mq;mq;mq;3.100000;-10;mq;mq;mq;mq;0.000000;0.000000;0.000000;mq;mq;710.000000;1103.000000;mq;mq;mq;mq;mq;mq;mq;mq;mq;mq;mq;mq;mq;mq;
61968;20110915000000;101560;mq;mq;100;5.100000;297.350000;291.950000;72;mq;mq;mq;mq;mq;mq;mq;mq;mq;mq;mq;mq;mq;110;mq;mq;mq;mq;mq;mq;mq;mq;10.800000;-10;mq;mq;mq;mq;0.000000;mq;0.000000;mq;mq;710.000000;1111.000000;mq;mq;mq;mq;mq;mq;mq;mq;mq;mq;mq;mq;mq;mq;
61970;20110915000000;101630;mq;mq;mq;mq;295.250000;293.350000;89;mq;mq;mq;mq;mq;mq;mq;mq;mq;mq;mq;mq;mq;mq;mq;mq;mq;mq;mq;mq;mq;mq;mq;mq;mq;mq;mq;mq;0.000000;mq;0.000000;mq;mq;mq;mq;mq;mq;mq;mq;mq;mq;mq;mq;mq;mq;mq;mq;mq;mq;
61972;20110915000000;101670;mq;mq;180;2.100000;293.750000;293.550000;99;mq;mq;mq;mq;mq;mq;mq;mq;mq;mq;mq;mq;mq;50;mq;mq;mq;mq;mq;mq;mq;mq;2.100000;-10;mq;mq;mq;mq;0.000000;mq;0.000000;mq;mq;710.000000;1102.000000;mq;mq;mq;mq;mq;mq;mq;mq;mq;mq;mq;mq;mq;mq;
61980;20110915000000;102160;mq;mq;120;8.200000;294.450000;289.850000;75;10000;2;8;1;75;6;800;38;20;10;mq;mq;mq;mq;mq;mq;mq;mq;mq;mq;mq;mq;12.300000;-10;mq;mq;mq;mq;0.000000;mq;0.200000;mq;mq;710.000000;1112.000000;mq;mq;2;8;750;5;6;2100;mq;mq;mq;mq;mq;mq;
61996;20110915000000;mq;mq;mq;mq;mq;286.250000;mq;mq;mq;mq;mq;mq;mq;mq;mq;mq;mq;mq;mq;mq;mq;0;mq;mq;mq;mq;mq;mq;mq;mq;mq;mq;mq;mq;mq;mq;0.000000;mq;0.800000;mq;mq;mq;mq;mq;mq;mq;mq;mq;mq;mq;mq;mq;mq;mq;mq;mq;mq;
61997;20110915000000;100190;mq;mq;270;14.900000;277.650000;273.950000;77;mq;mq;mq;mq;mq;mq;mq;mq;mq;mq;mq;mq;mq;mq;mq;mq;mq;mq;mq;mq;mq;mq;24.200000;-60;mq;mq;mq;mq;mq;mq;0.000000;mq;mq;1124.000000;mq;mq;mq;mq;mq;mq;mq;mq;mq;mq;mq;mq;mq;mq;mq;
61998;20110915000000;99940;mq;mq;360;6.200000;273.650000;271.050000;83;20000;0;mq;mq;75;6;800;35;20;10;mq;mq;mq;mq;mq;mq;mq;mq;mq;mq;mq;mq;7.200000;-10;mq;mq;mq;mq;0.000000;mq;0.000000;mq;mq;710.000000;1107.000000;mq;mq;6;6;780;mq;mq;mq;mq;mq;mq;mq;mq;mq;
67005;20110915000000;101540;mq;mq;20;1.500000;295.850000;292.050000;79;mq;0;mq;mq;mq;mq;mq;mq;mq;mq;mq;mq;mq;10;mq;mq;mq;mq;mq;mq;mq;mq;3.100000;-10;mq;mq;mq;mq;0.000000;mq;0.000000;mq;mq;710.000000;1103.000000;mq;mq;mq;mq;mq;mq;mq;mq;mq;mq;mq;mq;mq;mq;
71805;20110915000000;101740;160;3;240;9.300000;289.450000;289.250000;99;2600;10;mq;mq;100;mq;80;mq;mq;mq;101660;mq;mq;mq;mq;mq;mq;mq;mq;mq;mq;mq;12.300000;-10;mq;mq;mq;mq;0.000000;0.000000;0.000000;mq;mq;710.000000;1112.000000;mq;mq;mq;mq;mq;mq;mq;mq;mq;mq;mq;mq;mq;mq;
78897;20110915000000;101560;170;2;80;2.600000;300.950000;296.950000;79;26000;0;mq;mq;mq;mq;800;mq;mq;mq;mq;mq;mq;70;299.350000;mq;304.650000;mq;mq;mq;mq;mq;mq;mq;mq;mq;mq;mq;mq;mq;0.000000;mq;0.400000;mq;mq;mq;mq;mq;mq;mq;mq;mq;mq;mq;mq;mq;mq;mq;mq;
78922;20110915000000;101480;130;1;110;7.200000;301.850000;296.950000;75;mq;mq;mq;mq;mq;mq;mq;mq;mq;mq;101040;mq;mq;mq;mq;mq;mq;mq;mq;mq;mq;mq;mq;mq;mq;mq;mq;mq;mq;mq;mq;mq;mq;mq;mq;mq;mq;mq;mq;mq;mq;mq;mq;mq;mq;mq;mq;mq;mq;
78925;20110915000000;101460;60;3;60;3.600000;300.450000;298.450000;89;12000;25;8;6;75;5;800;38;20;11;mq;mq;mq;mq;298.550000;mq;305.850000;mq;mq;mq;mq;mq;mq;mq;mq;mq;mq;mq;mq;mq;2.000000;mq;2.200000;mq;mq;mq;mq;4;8;630;3;6;1200;mq;mq;mq;mq;mq;mq;
81401;20110915000000;101270;mq;mq;80;0.500000;299.050000;297.050000;89;mq;mq;mq;mq;mq;mq;mq;mq;mq;mq;101210;mq;mq;mq;mq;mq;305.850000;mq;mq;mq;mq;mq;mq;mq;mq;mq;mq;mq;mq;0.000000;0.000000;mq;mq;mq;mq;mq;mq;mq;mq;mq;mq;mq;mq;mq;mq;mq;mq;mq;mq;
81405;20110915000000;101320;mq;mq;120;0.500000;298.450000;296.850000;91;40000;0;mq;mq;mq;mq;mq;mq;mq;mq;101230;mq;mq;mq;mq;mq;305.650000;mq;mq;mq;mq;mq;mq;mq;mq;mq;mq;mq;mq;0.000000;0.000000;mq;mq;mq;mq;mq;mq;mq;mq;mq;mq;mq;mq;mq;mq;mq;mq;mq;mq;
81408;20110915000000;101320;mq;mq;180;1.000000;299.550000;297.250000;87;mq;mq;mq;mq;mq;mq;mq;mq;mq;mq;101240;mq;mq;mq;mq;mq;307.450000;mq;mq;mq;mq;mq;mq;mq;mq;mq;mq;mq;mq;0.000000;0.000000;mq;mq;mq;mq;mq;mq;mq;mq;mq;mq;mq;mq;mq;mq;mq;mq;mq;mq;
89642;20110915000000;98440;-110;6;140;24.200000;264.350000;262.750000;87;mq;mq;mq;mq;mq;mq;mq;mq;mq;mq;97900;mq;mq;mq;263.650000;mq;266.350000;mq;mq;mq;mq;37.000000;39.600000;-60;mq;mq;mq;mq;mq;mq;mq;mq;mq;1037.000000;1140.000000;mq;mq;mq;mq;mq;mq;mq;mq;mq;mq;mq;mq;mq;mq;
07005;20110915030000;102080;-40;6;150;2.600000;284.250000;283.650000;96;mq;mq;mq;mq;mq;mq;mq;mq;mq;mq;101180;mq;mq;mq;mq;mq;mq;mq;mq;mq;mq;mq;3.100000;-10;mq;mq;mq;mq;0.000000;0.200000;mq;mq;mq;710.000000;1103.000000;mq;mq;mq;mq;mq;mq;mq;mq;mq;mq;mq;mq;mq;mq;
07015;20110915030000;102060;0;0;210;0.500000;281.950000;281.150000;95;8000;0;mq;mq;0;mq;mq;mq;mq;mq;101480;mq;mq;mq;mq;mq;mq;mq;mq;mq;mq;mq;1.500000;-10;mq;mq;0.000000;-30;0.000000;0.200000;mq;mq;mq;710.000000;1102.000000;3100.000000;mq;mq;mq;mq;mq;mq;mq;mq;mq;mq;mq;mq;mq;
07020;20110915030000;102130;-30;6;90;1.500000;284.950000;282.350000;84;20000;2;1;1;60;5;1750;35;20;10;101860;mq;mq;mq;mq;mq;mq;mq;mq;mq;mq;mq;4.100000;-10;mq;mq;mq;mq;0.000000;0.000000;mq;mq;mq;710.000000;1104.000000;mq;mq;5;6;1500;mq;mq;mq;mq;mq;mq;mq;mq;mq;
07027;20110915030000;102120;-50;6;200;3.100000;280.950000;280.650000;98;15000;0;mq;mq;mq;mq;mq;mq;mq;mq;101300;mq;mq;mq;mq;mq;mq;mq;mq;mq;mq;mq;3.600000;-10;mq;mq;mq;mq;0.000000;0.200000;mq;mq;mq;710.000000;1104.000000;mq;mq;mq;mq;mq;mq;mq;mq;mq;mq;mq;mq;mq;mq;
07037;20110915030000;102140;-40;6;150;1.000000;281.150000;281.050000;99;200;45;mq;mq;101;mq;mq;62;61;60;100280;mq;mq;mq;mq;mq;mq;mq;mq;mq;mq;mq;2.100000;-10;mq;mq;mq;mq;0.200000;0.200000;mq;mq;mq;710.000000;1102.000000;mq;mq;mq;mq;mq;mq;mq;mq;mq;mq;mq;mq;mq;mq;
07110;20110915030000;102010;-120;7;70;2.100000;281.350000;280.950000;97;20000;2;1;1;25;1;3500;30;23;11;100850;mq;mq;mq;mq;mq;mq;mq;mq;mq;mq;mq;3.600000;-10;mq;mq;mq;mq;0.000000;0.000000;mq;mq;mq;710.000000;1104.000000;mq;mq;1;3;3300;mq;mq;mq;mq;mq;mq;mq;mq;mq;
07117;20110915030000;102050;-90;6;130;2.100000;285.250000;282.650000;84;35000;2;1;1;40;3;800;38;20;10;101350;mq;mq;mq;mq;mq;mq;mq;mq;mq;mq;mq;3.100000;-10;mq;mq;mq;mq;0.000000;0.000000;mq;mq;mq;710.000000;1103.000000;2428.000000;mq;mq;mq;mq;mq;mq;mq;mq;mq;mq;mq;mq;mq;
07130;20110915030000;102060;-80;7;0;0.000000;281.350000;281.050000;98;100;45;mq;mq;mq;mq;mq;mq;mq;mq;101530;mq;mq;mq;mq;mq;mq;mq;mq;mq;mq;mq;1.500000;-10;mq;mq;mq;mq;0.000000;0.000000;mq;mq;mq;710.000000;1102.000000;mq;mq;mq;mq;mq;mq;mq;mq;mq;mq;mq;mq;mq;mq;
07139;20110915030000;102130;-70;6;10;1.000000;279.550000;278.450000;93;mq;mq;mq;mq;mq;mq;mq;mq;mq;mq;100360;mq;mq;mq;mq;mq;mq;mq;mq;mq;mq;mq;1.500000;-10;mq;mq;mq;mq;0.200000;0.200000;mq;mq;mq;710.000000;1102.000000;mq;mq;mq;mq;mq;mq;mq;mq;mq;mq;mq;mq;mq;mq;
07149;20110915030000;102140;-50;6;0;0.000000;280.950000;280.550000;97;18000;2;1;1;0;mq;mq;mq;mq;mq;101030;mq;mq;mq;mq;mq;mq;mq;mq;mq;mq;mq;1.000000;-10;mq;mq;0.000000;-30;0.000000;0.000000;mq;mq;mq;710.000000;1101.000000;3100.000000;mq;mq;mq;mq;mq;mq;mq;mq;mq;mq;mq;mq;mq;
07168;20110915030000;102170;-50;8;200;0.500000;278.750000;277.750000;93;20000;0;mq;mq;mq;mq;mq;mq;mq;mq;100710;mq;mq;mq;mq;mq;mq;mq;mq;mq;mq;mq;1.500000;-10;mq;mq;mq;mq;0.000000;0.000000;mq;mq;mq;710.000000;1102.000000;mq;mq;mq;mq;mq;mq;mq;mq;mq;mq;mq;mq;mq;mq;
07181;20110915030000;102230;-40;6;0;0.000000;279.850000;278.950000;94;55000;0;mq;mq;mq;mq;mq;mq;mq;mq;98070;mq;mq;mq;mq;mq;mq;mq;mq;mq;mq;mq;1.500000;-10;mq;mq;mq;mq;0.000000;0.200000;mq;mq;mq;710.000000;1102.000000;mq;mq;mq;mq;mq;mq;mq;mq;mq;mq;mq;mq;mq;mq;
07190;20110915030000;102170;-30;8;270;1.500000;281.450000;280.250000;92;50000;0;mq;mq;mq;mq;mq;mq;mq;mq;100330;mq;mq;mq;mq;mq;mq;mq;mq;mq;mq;mq;1.500000;-10;mq;mq;mq;mq;0.000000;0.000000;mq;mq;mq;710.000000;1102.000000;mq;mq;mq;mq;mq;mq;mq;mq;mq;mq;mq;mq;mq;mq;
07207;20110915030000;mq;mq;mq;80;6.700000;287.150000;284.850000;86;18000;2;1;1;25;1;800;31;20;11;mq;mq;mq;mq;mq;mq;mq;mq;mq;mq;mq;mq;10.300000;-10;mq;mq;mq;mq;0.000000;0.000000;mq;mq;mq;710.000000;1110.000000;2437.000000;mq;mq;mq;mq;mq;mq;mq;mq;mq;mq;mq;mq;mq;
07222;20110915030000;101910;-110;6;40;1.500000;285.750000;282.550000;81;30000;2;1;1;10;0;8000;30;20;11;101600;mq;mq;mq;mq;mq;mq;mq;mq;mq;mq;mq;3.600000;-10;mq;mq;mq;mq;0.000000;0.000000;mq;mq;mq;710.000000;1104.000000;mq;mq;1;0;7800;mq;mq;mq;mq;mq;mq;mq;mq;mq;
07240;20110915030000;102020;-90;6;40;2.600000;283.150000;280.950000;86;25000;2;mq;mq;0;mq;mq;mq;mq;mq;100660;mq;mq;mq;mq;mq;mq;mq;mq;mq;mq;mq;3.600000;-10;mq;mq;0.000000;-30;0.000000;0.000000;mq;mq;mq;710.000000;1104.000000;3100.000000;mq;mq;mq;mq;mq;mq;mq;mq;mq;mq;mq;mq;mq;
07255;20110915030000;102020;-110;7;70;2.600000;283.350000;280.250000;81;20000;0;mq;mq;mq;mq;mq;mq;mq;mq;100010;mq;mq;mq;mq;mq;mq;mq;mq;mq;mq;mq;4.100000;-10;mq;mq;mq;mq;0.000000;0.000000;mq;mq;mq;710.000000;1104.000000;mq;mq;mq;mq;mq;mq;mq;mq;mq;mq;mq;mq;mq;mq;
07280;20110915030000;102100;-90;8;340;2.100000;282.350000;279.750000;84;55000;0;mq;mq;mq;mq;mq;mq;mq;mq;99350;mq;mq;mq;mq;mq;mq;mq;mq;mq;mq;mq;3.100000;-10;mq;mq;mq;mq;0.000000;0.000000;mq;mq;mq;710.000000;1103.000000;mq;mq;mq;mq;mq;mq;mq;mq;mq;mq;mq;mq;mq;mq;
07299;20110915030000;102170;-20;6;250;1.000000;281.650000;281.350000;98;10000;2;1;1;40;3;150;38;20;10;98870;mq;mq;mq;mq;mq;mq;mq;mq;mq;mq;mq;1.500000;-10;mq;mq;0.000000;-30;0.000000;0.200000;mq;mq;mq;710.000000;1102.000000;3100.000000;mq;1;7;120;3;6;1350;mq;mq;mq;mq;mq;mq;
07314;20110915030000;101750;-180;8;70;5.700000;289.150000;284.350000;73;mq;mq;mq;mq;mq;mq;mq;mq;mq;mq;101480;mq;mq;mq;mq;mq;mq;mq;mq;mq;mq;mq;9.800000;-10;mq;mq;mq;mq;0.000000;0.000000;mq;mq;mq;710.000000;1110.000000;mq;mq;mq;mq;mq;mq;mq;mq;mq;mq;mq;mq;mq;mq;
07335;20110915030000;101930;-140;6;40;2.100000;282.450000;280.550000;88;55000;0;mq;mq;mq;mq;mq;mq;mq;mq;100470;mq;mq;mq;mq;mq;mq;mq;mq;mq;mq;mq;2.600000;-10;mq;mq;mq;mq;0.000000;0.000000;mq;mq;mq;710.000000;1103.000000;mq;mq;mq;mq;mq;mq;mq;mq;mq;mq;mq;mq;mq;mq;
07434;20110915030000;101770;-160;6;60;3.600000;285.450000;282.450000;82;55000;0;mq;mq;mq;mq;mq;mq;mq;mq;97020;mq;mq;mq;mq;mq;mq;mq;mq;mq;mq;mq;6.700000;-10;mq;mq;mq;mq;0.000000;0.000000;mq;mq;mq;710.000000;1107.000000;mq;mq;mq;mq;mq;mq;mq;mq;mq;mq;mq;mq;mq;mq;
07460;20110915030000;101990;-110;6;20;1.000000;282.150000;281.050000;93;20000;0;mq;mq;0;mq;mq;mq;mq;mq;98080;mq;mq;mq;mq;mq;mq;mq;mq;mq;mq;mq;1.500000;-10;mq;mq;0.000000;-30;0.000000;0.000000;mq;mq;mq;710.000000;1102.000000;3100.000000;mq;mq;mq;mq;mq;mq;mq;mq;mq;mq;mq;mq;mq;
07471;20110915030000;mq;-100;7;0;0.000000;279.950000;279.650000;98;13000;0;mq;mq;100;mq;150;mq;mq;mq;92390;85000;17880;mq;mq;mq;mq;mq;mq;mq;mq;mq;2.600000;-10;mq;mq;mq;mq;0.000000;0.000000;mq;mq;mq;710.000000;1103.000000;mq;mq;mq;mq;mq;mq;mq;mq;mq;mq;mq;mq;mq;mq;
07481;20110915030000;101970;-50;8;350;2.100000;285.250000;282.850000;85;30000;2;1;1;50;4;1250;35;20;10;99100;mq;mq;mq;mq;mq;mq;mq;mq;mq;mq;mq;3.600000;-10;mq;mq;0.000000;-30;0.000000;0.000000;mq;mq;mq;710.000000;1104.000000;3100.000000;mq;4;6;1020;mq;mq;mq;mq;mq;mq;mq;mq;mq;
07510;20110915030000;101610;-140;8;50;2.600000;287.650000;285.350000;86;50000;2;1;1;10;0;mq;30;20;11;100960;mq;mq;mq;mq;mq;mq;mq;mq;mq;mq;mq;3.600000;-10;mq;mq;0.000000;-30;0.000000;0.000000;mq;mq;mq;710.000000;1104.000000;3100.000000;mq;1;0;7500;mq;mq;mq;mq;mq;mq;mq;mq;mq;
07535;20110915030000;101710;-100;6;90;0.500000;284.350000;283.250000;93;mq;mq;mq;mq;mq;mq;mq;mq;mq;mq;98600;mq;mq;mq;mq;mq;mq;mq;mq;mq;mq;mq;3.100000;-10;mq;mq;mq;mq;0.000000;0.000000;mq;mq;mq;710.000000;1103.000000;mq;mq;mq;mq;mq;mq;mq;mq;mq;mq;mq;mq;mq;mq;
07558;20110915030000;101760;-80;7;20;3.100000;285.450000;282.050000;80;mq;mq;mq;mq;mq;mq;mq;mq;mq;mq;93510;mq;mq;mq;mq;mq;mq;mq;mq;mq;mq;mq;5.100000;-10;mq;mq;mq;mq;0.000000;0.000000;mq;mq;mq;710.000000;1105.000000;mq;mq;mq;mq;mq;mq;mq;mq;mq;mq;mq;mq;mq;mq;
07577;20110915030000;101730;-60;7;30;6.700000;288.950000;283.050000;68;20000;0;mq;mq;mq;mq;mq;mq;mq;mq;100850;mq;mq;mq;mq;mq;mq;mq;mq;mq;mq;mq;9.800000;-10;mq;mq;mq;mq;0.000000;0.000000;mq;mq;mq;710.000000;1110.000000;mq;mq;mq;mq;mq;mq;mq;mq;mq;mq;mq;mq;mq;mq;
07591;20110915030000;mq;-40;6;30;3.600000;287.450000;282.650000;73;mq;0;mq;mq;mq;mq;mq;mq;mq;mq;91830;mq;mq;mq;mq;mq;mq;mq;mq;mq;mq;mq;6.200000;-10;mq;mq;mq;mq;0.000000;0.000000;mq;mq;mq;710.000000;1106.000000;mq;mq;mq;mq;mq;mq;mq;mq;mq;mq;mq;mq;mq;mq;
07607;20110915030000;101540;-130;7;60;1.500000;285.050000;283.150000;88;60000;0;mq;mq;mq;mq;mq;mq;mq;mq;100830;mq;mq;mq;mq;mq;mq;mq;mq;mq;mq;mq;2.600000;-10;mq;mq;mq;mq;0.000000;0.000000;mq;mq;mq;710.000000;1103.000000;mq;mq;mq;mq;mq;mq;mq;mq;mq;mq;mq;mq;mq;mq;
07621;20110915030000;101530;-120;7;140;1.000000;288.050000;287.550000;97;15000;3;mq;mq;50;0;8000;30;20;12;97290;mq;mq;mq;mq;mq;mq;mq;mq;mq;mq;mq;2.100000;-10;mq;mq;0.000000;-30;0.000000;0.000000;mq;mq;mq;710.000000;1102.000000;3100.000000;mq;4;0;7200;mq;mq;mq;mq;mq;mq;mq;mq;mq;
07627;20110915030000;101600;-80;6;0;0.000000;287.550000;285.950000;90;mq;mq;mq;mq;mq;mq;mq;mq;mq;mq;96810;mq;mq;mq;mq;mq;mq;mq;mq;mq;mq;mq;4.600000;-10;mq;mq;mq;mq;0.000000;0.000000;mq;mq;mq;710.000000;1105.000000;mq;mq;mq;mq;mq;mq;mq;mq;mq;mq;mq;mq;mq;mq;
07630;20110915030000;101610;-50;5;320;1.500000;289.150000;284.350000;73;40000;2;1;1;10;0;8000;30;20;11;99840;mq;mq;mq;mq;mq;mq;mq;mq;mq;mq;mq;2.100000;-10;mq;mq;0.000000;-30;0.000000;0.000000;mq;mq;mq;710.000000;1102.000000;3100.000000;mq;1;0;7500;mq;mq;mq;mq;mq;mq;mq;mq;mq;
07643;20110915030000;101570;-60;7;10;5.700000;290.650000;284.650000;68;50000;2;1;1;0;mq;mq;mq;mq;mq;101480;mq;mq;mq;mq;mq;mq;mq;mq;mq;mq;mq;8.200000;-10;mq;mq;mq;mq;0.000000;0.000000;mq;mq;mq;710.000000;1108.000000;mq;mq;mq;mq;mq;mq;mq;mq;mq;mq;mq;mq;mq;mq;
07650;20110915030000;101490;-20;6;140;2.600000;288.650000;285.750000;83;30000;2;1;1;0;mq;mq;mq;mq;mq;101110;mq;mq;mq;mq;mq;mq;mq;mq;mq;mq;mq;3.600000;-10;mq;mq;0.000000;-30;0.000000;0.000000;mq;mq;mq;710.000000;1104.000000;3100.000000;mq;mq;mq;mq;mq;mq;mq;mq;mq;mq;mq;mq;mq;
07661;20110915030000;101460;-20;6;130;3.600000;292.450000;290.250000;87;20000;2;1;1;40;2;800;36;20;11;99900;mq;mq;mq;mq;mq;mq;mq;mq;mq;mq;mq;5.100000;-10;mq;mq;mq;mq;0.000000;0.000000;mq;mq;mq;710.000000;1105.000000;mq;mq;2;7;780;mq;mq;mq;mq;mq;mq;mq;mq;mq;
07690;20110915030000;101520;0;5;330;2.600000;294.450000;290.450000;78;20000;2;1;1;0;mq;mq;mq;mq;mq;101190;mq;mq;mq;mq;mq;mq;mq;mq;mq;mq;mq;3.600000;-10;mq;mq;0.000000;-30;0.000000;0.000000;mq;mq;mq;710.000000;1104.000000;3100.000000;mq;mq;mq;mq;mq;mq;mq;mq;mq;mq;mq;mq;mq;
07747;20110915030000;101590;-30;6;360;1.500000;292.250000;288.350000;78;60000;0;mq;mq;mq;mq;mq;mq;mq;mq;101070;mq;mq;mq;mq;mq;mq;mq;mq;mq;mq;mq;3.100000;-10;mq;mq;mq;mq;0.000000;0.000000;mq;mq;mq;710.000000;1103.000000;mq;mq;mq;mq;mq;mq;mq;mq;mq;mq;mq;mq;mq;mq;
07761;20110915030000;101500;-40;6;40;3.100000;291.250000;287.750000;80;25000;2;1;1;0;mq;mq;mq;mq;mq;101390;mq;mq;mq;mq;mq;mq;mq;mq;mq;mq;mq;4.100000;-10;mq;mq;0.000000;-30;0.000000;0.000000;mq;mq;mq;710.000000;1104.000000;3100.000000;mq;mq;mq;mq;mq;mq;mq;mq;mq;mq;mq;mq;mq;
07790;20110915030000;101510;0;5;230;1.500000;291.250000;288.350000;83;12000;2;1;1;0;mq;mq;mq;mq;mq;101370;mq;mq;mq;mq;mq;mq;mq;mq;mq;mq;mq;2.600000;-10;mq;mq;0.000000;-30;0.000000;0.000000;mq;mq;mq;710.000000;1103.000000;3100.000000;mq;mq;mq;mq;mq;mq;mq;mq;mq;mq;mq;mq;mq;
61968;20110915030000;101610;mq;mq;110;4.100000;297.450000;291.350000;69;mq;mq;mq;mq;mq;mq;mq;mq;mq;mq;mq;mq;mq;100;mq;mq;mq;mq;mq;mq;mq;mq;10.300000;-10;mq;mq;mq;mq;0.000000;0.000000;mq;mq;mq;710.000000;1110.000000;mq;mq;mq;mq;mq;mq;mq;mq;mq;mq;mq;mq;mq;mq;
61970;20110915030000;101690;mq;mq;mq;mq;297.650000;293.950000;80;mq;mq;mq;mq;mq;mq;mq;mq;mq;mq;mq;mq;mq;mq;mq;mq;mq;mq;mq;mq;mq;mq;mq;mq;mq;mq;mq;mq;0.000000;0.000000;mq;mq;mq;mq;mq;mq;mq;mq;mq;mq;mq;mq;mq;mq;mq;mq;mq;mq;mq;
61972;20110915030000;101690;mq;mq;130;2.600000;293.950000;293.750000;99;mq;mq;mq;mq;mq;mq;mq;mq;mq;mq;mq;mq;mq;mq;mq;mq;mq;mq;mq;mq;mq;mq;3.600000;-10;mq;mq;mq;mq;0.000000;0.200000;mq;mq;mq;710.000000;1104.000000;mq;mq;mq;mq;mq;mq;mq;mq;mq;mq;mq;mq;mq;mq;
61976;20110915030000;101860;mq;mq;120;9.300000;296.750000;293.050000;80;mq;mq;mq;mq;mq;mq;mq;mq;mq;mq;101710;mq;mq;mq;mq;mq;mq;mq;mq;mq;mq;mq;mq;mq;mq;mq;mq;mq;mq;mq;mq;mq;mq;mq;mq;mq;mq;mq;mq;mq;mq;mq;mq;mq;mq;mq;mq;mq;mq;
61980;20110915030000;102240;mq;mq;120;5.700000;294.850000;287.450000;63;10000;15;0;0;25;2;800;38;20;10;mq;mq;mq;mq;mq;mq;mq;mq;mq;mq;mq;mq;11.800000;-10;mq;mq;mq;mq;0.000000;0.000000;mq;mq;mq;710.000000;1112.000000;2437.000000;mq;2;8;690;mq;mq;mq;mq;mq;mq;mq;mq;mq;
61996;20110915030000;mq;mq;mq;mq;mq;286.350000;mq;mq;mq;mq;mq;mq;mq;mq;mq;mq;mq;mq;mq;mq;mq;mq;mq;mq;mq;mq;mq;mq;mq;mq;mq;mq;mq;mq;mq;mq;0.000000;0.200000;mq;mq;mq;mq;mq;mq;mq;mq;mq;mq;mq;mq;mq;mq;mq;mq;mq;mq;mq;
61997;20110915030000;100220;mq;mq;270;17.000000;276.850000;273.050000;76;mq;mq;mq;mq;mq;mq;mq;mq;mq;mq;mq;mq;mq;mq;mq;mq;mq;mq;mq;mq;mq;mq;24.700000;-30;mq;mq;mq;mq;mq;0.000000;mq;mq;mq;1125.000000;mq;mq;mq;mq;mq;mq;mq;mq;mq;mq;mq;mq;mq;mq;mq;
61998;20110915030000;99220;mq;mq;20;6.700000;274.350000;273.350000;93;1500;60;6;2;100;8;450;37;61;60;mq;mq;mq;mq;mq;mq;mq;mq;mq;mq;mq;mq;14.400000;-10;mq;mq;mq;mq;0.000000;0.000000;mq;mq;mq;710.000000;1114.000000;mq;mq;8;7;300;mq;mq;mq;mq;mq;mq;mq;mq;mq;
67005;20110915030000;101660;mq;mq;0;0.000000;293.950000;292.250000;90;20000;2;1;1;10;1;800;31;20;10;mq;mq;mq;90;mq;mq;mq;mq;mq;mq;mq;mq;1.500000;-10;mq;mq;mq;mq;0.000000;0.000000;mq;mq;mq;710.000000;1102.000000;mq;mq;1;8;600;mq;mq;mq;mq;mq;mq;mq;mq;mq;
71805;20110915030000;101780;40;3;240;7.200000;289.150000;288.950000;99;1300;10;mq;mq;101;mq;mq;62;61;60;101700;mq;mq;mq;mq;mq;mq;mq;mq;mq;mq;mq;9.300000;-10;mq;mq;mq;mq;0.000000;0.000000;mq;mq;mq;710.000000;1109.000000;mq;mq;mq;mq;mq;mq;mq;mq;mq;mq;mq;mq;mq;mq;
78897;20110915030000;101640;80;1;110;1.500000;300.050000;296.950000;83;25000;2;1;1;75;3;800;32;20;12;mq;mq;mq;130;mq;mq;mq;mq;mq;mq;mq;mq;mq;mq;mq;mq;mq;mq;mq;mq;mq;mq;mq;mq;mq;mq;mq;3;8;600;5;0;7800;mq;mq;mq;mq;mq;mq;
78922;20110915030000;101570;90;1;110;6.200000;301.750000;296.850000;75;mq;mq;mq;mq;mq;mq;mq;mq;mq;mq;101130;mq;mq;mq;mq;mq;mq;mq;mq;mq;mq;mq;mq;mq;mq;mq;mq;mq;mq;mq;mq;mq;mq;mq;mq;mq;mq;mq;mq;mq;mq;mq;mq;mq;mq;mq;mq;mq;mq;
78925;20110915030000;101620;160;3;60;3.600000;299.950000;297.950000;89;15000;1;8;6;60;3;800;32;20;11;mq;mq;mq;120;mq;mq;mq;mq;mq;mq;mq;mq;mq;mq;mq;mq;mq;mq;mq;mq;mq;mq;mq;mq;mq;mq;mq;3;8;630;4;0;9000;mq;mq;mq;mq;mq;mq;
81401;20110915030000;101390;mq;mq;0;0.000000;297.750000;296.550000;93;mq;mq;mq;mq;mq;mq;mq;mq;mq;mq;101330;mq;mq;mq;mq;mq;mq;mq;mq;mq;mq;mq;mq;mq;mq;mq;mq;mq;mq;0.000000;mq;mq;mq;mq;mq;mq;mq;mq;mq;mq;mq;mq;mq;mq;mq;mq;mq;mq;mq;
81405;20110915030000;101440;mq;mq;0;0.000000;297.750000;296.750000;94;55000;0;mq;mq;mq;mq;mq;mq;mq;mq;101350;mq;mq;mq;mq;mq;mq;mq;mq;mq;mq;mq;mq;mq;mq;mq;mq;mq;mq;0.000000;mq;mq;mq;mq;mq;mq;mq;mq;mq;mq;mq;mq;mq;mq;mq;mq;mq;mq;mq;
81408;20110915030000;101420;mq;mq;0;0.000000;298.050000;297.050000;94;mq;mq;mq;mq;mq;mq;mq;mq;mq;mq;101340;mq;mq;mq;mq;mq;mq;mq;mq;mq;mq;mq;mq;mq;mq;mq;mq;mq;mq;0.000000;mq;mq;mq;mq;mq;mq;mq;mq;mq;mq;mq;mq;mq;mq;mq;mq;mq;mq;mq;
89642;20110915030000;98590;150;3;130;21.100000;265.950000;264.450000;88;600;71;7;3;101;mq;mq;62;61;60;98050;mq;mq;mq;mq;mq;mq;mq;mq;mq;mq;29.800000;38.600000;-30;mq;mq;mq;mq;mq;mq;mq;mq;mq;1030.000000;1139.000000;mq;mq;mq;mq;mq;mq;mq;mq;mq;mq;mq;mq;mq;mq;
07005;20110915060000;102110;30;3;150;2.100000;282.950000;282.450000;97;25000;2;1;1;10;1;800;38;20;11;101210;mq;mq;mq;282.850000;mq;288.350000;mq;282.150000;mq;mq;mq;3.100000;-10;1;0.000000;0.000000;-60;0.000000;0.000000;mq;0.200000;2.200000;710.000000;1103.000000;3100.000000;mq;1;8;900;mq;mq;mq;mq;mq;mq;mq;mq;mq;
07015;20110915060000;102100;40;3;180;1.000000;282.450000;281.950000;97;9000;11;mq;mq;0;mq;mq;mq;mq;mq;101520;mq;mq;mq;281.250000;mq;288.350000;mq;278.150000;mq;mq;mq;2.100000;-10;1;0.000000;0.000000;-60;0.000000;0.000000;mq;0.200000;0.200000;710.000000;1102.000000;3100.000000;mq;mq;mq;mq;mq;mq;mq;mq;mq;mq;mq;mq;mq;
07020;20110915060000;102100;-30;6;130;2.100000;283.350000;281.650000;89;20000;2;1;1;50;2;1250;32;27;11;101830;mq;mq;mq;283.250000;mq;288.550000;mq;mq;mq;mq;mq;2.600000;-10;mq;mq;mq;mq;0.000000;0.000000;mq;0.000000;0.000000;710.000000;1103.000000;mq;mq;2;8;990;mq;mq;mq;mq;mq;mq;mq;mq;mq;
07027;20110915060000;102110;-20;5;140;2.100000;278.850000;278.550000;98;10000;2;1;1;10;0;8000;30;20;11;101280;mq;mq;mq;278.650000;mq;288.150000;mq;276.150000;mq;mq;mq;3.600000;-10;0;0.000000;mq;mq;0.000000;0.000000;mq;0.200000;0.200000;710.000000;1104.000000;mq;mq;1;0;7500;mq;mq;mq;mq;mq;mq;mq;mq;mq;
07037;20110915060000;102170;20;3;130;0.500000;279.850000;279.850000;100;200;46;4;4;40;3;30;36;20;10;100300;mq;mq;mq;279.750000;mq;288.050000;mq;276.150000;mq;mq;mq;1.500000;-10;1;0.000000;0.000000;-60;0.000000;0.000000;mq;0.200000;0.200000;710.000000;1102.000000;3100.000000;mq;3;7;30;mq;mq;mq;mq;mq;mq;mq;mq;mq;
07110;20110915060000;101930;-80;6;100;3.100000;282.050000;281.750000;98;20000;2;1;1;10;0;8000;30;20;11;100770;mq;mq;mq;280.850000;mq;288.350000;mq;277.150000;mq;mq;mq;4.600000;-10;0;0.000000;mq;mq;0.000000;0.000000;mq;0.000000;0.000000;710.000000;1105.000000;mq;mq;1;0;7500;mq;mq;mq;mq;mq;mq;mq;mq;mq;
07117;20110915060000;101980;-70;6;120;2.600000;285.350000;283.450000;88;25000;2;1;1;40;1;800;31;27;10;101280;mq;mq;mq;284.750000;mq;288.050000;mq;mq;mq;mq;mq;3.600000;-10;mq;mq;mq;mq;0.200000;0.200000;mq;0.200000;mq;710.000000;1104.000000;2428.000000;mq;mq;mq;mq;mq;mq;mq;mq;mq;mq;mq;mq;mq;
07130;20110915060000;102000;-60;5;0;0.000000;280.550000;280.450000;99;200;45;mq;mq;mq;mq;mq;mq;mq;mq;101470;mq;mq;mq;280.550000;mq;290.350000;mq;276.150000;mq;mq;mq;0.500000;-10;0;0.000000;mq;mq;0.000000;0.200000;mq;0.200000;0.200000;710.000000;1101.000000;mq;mq;mq;mq;mq;mq;mq;mq;mq;mq;mq;mq;mq;mq;
07139;20110915060000;102130;-10;5;30;1.000000;278.950000;278.050000;94;30000;2;1;1;40;0;8000;30;20;11;100350;mq;mq;mq;278.350000;mq;289.350000;mq;275.150000;mq;mq;mq;1.500000;-10;1;0.000000;0.000000;-60;0.000000;0.000000;mq;0.200000;0.200000;710.000000;1102.000000;3100.000000;mq;3;0;6900;mq;mq;mq;mq;mq;mq;mq;mq;mq;
07149;20110915060000;102130;0;5;10;0.500000;281.150000;280.850000;98;15000;11;0;0;40;0;8000;30;20;11;101030;mq;mq;mq;280.150000;mq;288.750000;mq;277.150000;mq;mq;mq;1.500000;-10;0;0.000000;0.000000;-60;0.000000;0.000000;mq;0.000000;0.000000;710.000000;1102.000000;3100.000000;mq;3;0;7500;mq;mq;mq;mq;mq;mq;mq;mq;mq;
07168;20110915060000;102190;20;3;310;1.000000;278.350000;277.450000;94;8000;11;0;0;10;1;80;36;20;10;100730;mq;mq;mq;277.450000;mq;287.850000;mq;275.150000;mq;mq;mq;1.500000;-10;0;0.000000;0.000000;-60;0.000000;0.000000;mq;0.000000;0.200000;710.000000;1102.000000;3100.000000;mq;1;7;60;mq;mq;mq;mq;mq;mq;mq;mq;mq;
07181;20110915060000;102250;10;3;0;0.000000;278.950000;278.250000;95;50000;2;1;1;0;mq;mq;mq;mq;mq;98080;mq;mq;mq;278.250000;mq;286.450000;mq;274.150000;mq;mq;mq;1.000000;-10;1;0.000000;0.000000;-60;0.000000;0.000000;mq;0.200000;0.200000;710.000000;1101.000000;3100.000000;mq;mq;mq;mq;mq;mq;mq;mq;mq;mq;mq;mq;mq;
07190;20110915060000;102200;20;3;0;0.000000;280.950000;280.150000;95;35000;0;mq;mq;mq;mq;mq;mq;mq;mq;100350;mq;mq;mq;280.050000;mq;289.750000;mq;277.150000;mq;mq;mq;2.100000;-10;0;0.000000;mq;mq;0.000000;0.000000;mq;0.000000;0.000000;710.000000;1102.000000;mq;mq;mq;mq;mq;mq;mq;mq;mq;mq;mq;mq;mq;mq;
07207;20110915060000;mq;mq;mq;90;5.700000;286.950000;284.250000;84;22000;2;1;1;40;2;450;31;24;14;mq;mq;mq;mq;285.450000;mq;289.350000;mq;mq;mq;mq;mq;10.300000;-10;mq;mq;mq;mq;0.000000;0.000000;mq;0.000000;mq;710.000000;1110.000000;2438.000000;mq;mq;mq;mq;mq;mq;mq;mq;mq;mq;mq;mq;mq;
07222;20110915060000;101860;-60;5;60;3.100000;284.350000;282.050000;86;30000;2;1;1;40;0;8000;30;20;11;101540;mq;mq;mq;284.550000;mq;291.050000;mq;283.150000;mq;mq;mq;mq;mq;0;0.000000;mq;mq;mq;mq;mq;mq;mq;mq;mq;mq;mq;3;0;7800;mq;mq;mq;mq;mq;mq;mq;mq;mq;
07240;20110915060000;101980;-40;5;50;3.100000;282.650000;280.450000;86;25000;2;mq;mq;0;mq;mq;mq;mq;mq;100620;mq;mq;mq;282.250000;mq;290.950000;mq;280.150000;mq;mq;mq;4.100000;-10;0;0.000000;0.000000;-60;0.000000;0.000000;mq;0.000000;0.000000;710.000000;1104.000000;3100.000000;mq;mq;mq;mq;mq;mq;mq;mq;mq;mq;mq;mq;mq;
07255;20110915060000;102010;-20;5;80;2.100000;282.150000;280.250000;88;35000;2;1;1;40;0;8000;30;20;12;99990;mq;mq;mq;281.550000;mq;290.350000;mq;280.150000;mq;mq;mq;3.100000;-10;0;0.000000;0.000000;-60;0.000000;0.000000;mq;0.000000;0.000000;710.000000;1103.000000;3100.000000;mq;3;0;7200;mq;mq;mq;mq;mq;mq;mq;mq;mq;
07280;20110915060000;102070;-20;5;350;3.100000;282.650000;280.250000;85;55000;0;mq;mq;mq;mq;mq;mq;mq;mq;99330;mq;mq;mq;282.050000;mq;290.850000;mq;278.150000;mq;mq;mq;4.100000;-10;0;0.000000;mq;mq;0.000000;0.000000;mq;0.000000;0.000000;710.000000;1104.000000;mq;mq;mq;mq;mq;mq;mq;mq;mq;mq;mq;mq;mq;mq;
07299;20110915060000;102140;-20;5;320;1.000000;282.550000;282.250000;98;10000;2;1;1;75;6;1250;35;20;10;98850;mq;mq;mq;280.450000;mq;288.850000;mq;279.150000;mq;mq;mq;2.100000;-10;0;0.000000;0.000000;-60;0.000000;0.000000;mq;0.200000;0.200000;710.000000;1102.000000;3100.000000;mq;6;6;1380;mq;mq;mq;mq;mq;mq;mq;mq;mq;
07314;20110915060000;101650;-100;6;70;5.700000;288.750000;284.750000;77;mq;mq;mq;mq;mq;mq;mq;mq;mq;mq;101380;mq;mq;mq;288.650000;mq;292.750000;mq;mq;mq;mq;mq;10.300000;-10;mq;mq;mq;mq;0.000000;0.000000;mq;0.000000;0.000000;710.000000;1110.000000;mq;mq;mq;mq;mq;mq;mq;mq;mq;mq;mq;mq;mq;mq;
07335;20110915060000;101890;-50;6;10;2.600000;281.250000;280.350000;94;30000;2;1;1;25;0;8000;30;20;11;100420;mq;mq;mq;280.850000;mq;290.450000;mq;279.150000;mq;mq;mq;3.600000;-10;0;0.000000;0.000000;-60;0.000000;0.000000;mq;0.000000;0.000000;710.000000;1104.000000;3100.000000;mq;2;0;8400;mq;mq;mq;mq;mq;mq;mq;mq;mq;
07434;20110915060000;101740;-40;5;60;3.100000;284.350000;281.750000;84;60000;2;1;1;25;0;8000;30;20;11;96980;mq;mq;mq;284.350000;mq;289.650000;mq;283.150000;mq;mq;mq;4.600000;-10;0;0.000000;0.000000;-60;0.000000;0.000000;mq;0.000000;0.000000;710.000000;1105.000000;3100.000000;mq;2;0;9000;mq;mq;mq;mq;mq;mq;mq;mq;mq;
07460;20110915060000;102010;-10;5;30;0.500000;280.450000;279.850000;96;600;41;mq;mq;40;3;250;36;20;11;98070;mq;mq;mq;279.950000;mq;290.050000;mq;277.150000;mq;mq;mq;1.500000;-10;0;0.000000;0.000000;-60;0.000000;0.000000;mq;0.000000;0.000000;710.000000;1102.000000;3100.000000;mq;3;7;240;mq;mq;mq;mq;mq;mq;mq;mq;mq;
07471;20110915060000;mq;-30;5;0;0.000000;281.950000;281.850000;99;5000;2;1;1;100;7;150;36;61;60;92360;85000;17850;mq;279.750000;mq;287.750000;mq;278.150000;mq;mq;mq;1.500000;-10;1;0.000000;0.000000;-60;0.000000;0.000000;mq;0.000000;0.000000;710.000000;1102.000000;3100.000000;mq;7;7;120;mq;mq;mq;mq;mq;mq;mq;mq;mq;
07481;20110915060000;101950;-30;5;350;2.100000;283.950000;282.350000;90;20000;2;1;1;10;1;250;36;20;11;99070;mq;mq;mq;283.850000;mq;292.050000;mq;282.150000;mq;mq;mq;3.100000;-10;0;0.000000;0.000000;-60;0.000000;0.000000;mq;0.000000;0.000000;710.000000;1103.000000;3100.000000;mq;1;7;270;mq;mq;mq;mq;mq;mq;mq;mq;mq;
07510;20110915060000;101530;-80;7;80;2.600000;287.250000;285.850000;91;50000;2;1;1;50;1;3500;30;23;11;100880;mq;mq;mq;287.050000;mq;295.350000;mq;285.150000;mq;mq;mq;4.100000;-10;0;0.000000;0.000000;-60;0.000000;0.000000;mq;0.000000;0.000000;710.000000;1104.000000;3100.000000;mq;1;3;3600;4;0;7800;mq;mq;mq;mq;mq;mq;
07535;20110915060000;101670;-60;6;350;1.500000;282.950000;282.350000;96;30000;2;1;1;25;0;8000;30;20;11;98540;mq;mq;mq;282.350000;mq;295.450000;mq;279.150000;mq;mq;mq;2.100000;-10;1;0.000000;0.000000;-60;0.000000;0.000000;mq;0.000000;0.000000;710.000000;1102.000000;3100.000000;mq;2;0;7500;mq;mq;mq;mq;mq;mq;mq;mq;mq;
07558;20110915060000;101780;-20;5;10;2.600000;284.250000;280.950000;80;60000;2;1;1;25;0;8000;30;20;12;93490;mq;mq;mq;284.050000;mq;293.150000;mq;282.150000;mq;mq;mq;4.600000;-10;0;0.000000;0.000000;-60;0.000000;0.000000;mq;0.000000;0.000000;710.000000;1105.000000;3100.000000;mq;2;0;7500;mq;mq;mq;mq;mq;mq;mq;mq;mq;
07577;20110915060000;101760;30;3;20;5.100000;288.550000;283.550000;72;15000;2;1;1;25;0;8000;30;20;11;100880;mq;mq;mq;288.150000;mq;294.850000;mq;288.150000;mq;mq;mq;9.800000;-10;0;0.000000;0.000000;-60;0.000000;0.000000;mq;0.000000;0.000000;710.000000;1110.000000;3100.000000;mq;2;0;6900;mq;mq;mq;mq;mq;mq;mq;mq;mq;
07591;20110915060000;mq;30;3;40;3.600000;286.850000;281.250000;69;mq;0;mq;mq;mq;mq;mq;mq;mq;mq;91860;mq;mq;mq;286.050000;mq;296.350000;mq;283.150000;mq;mq;mq;7.200000;-10;mq;mq;mq;mq;0.000000;0.000000;mq;0.000000;0.000000;710.000000;1107.000000;mq;mq;mq;mq;mq;mq;mq;mq;mq;mq;mq;mq;mq;mq;
07607;20110915060000;101490;-50;5;50;1.500000;285.150000;283.250000;88;60000;0;mq;mq;100;mq;mq;mq;mq;mq;100780;mq;mq;mq;284.550000;mq;297.050000;mq;283.150000;mq;mq;mq;2.100000;-10;mq;mq;mq;mq;0.000000;0.000000;mq;0.000000;0.000000;710.000000;1102.000000;mq;mq;mq;mq;mq;mq;mq;mq;mq;mq;mq;mq;mq;mq;
07621;20110915060000;101510;-40;6;160;1.000000;287.150000;286.850000;98;15000;11;mq;mq;60;3;3500;30;23;12;97250;mq;mq;mq;286.350000;mq;293.650000;mq;283.150000;mq;mq;mq;1.500000;-10;0;0.000000;0.000000;-60;0.000000;0.000000;mq;0.000000;0.000000;710.000000;1102.000000;3100.000000;mq;3;3;3900;3;0;5400;mq;mq;mq;mq;mq;mq;
07627;20110915060000;101580;-10;5;160;2.600000;288.150000;286.350000;89;40000;2;1;1;40;0;8000;30;20;11;96800;mq;mq;mq;286.650000;mq;294.250000;mq;283.150000;mq;mq;mq;4.600000;-10;0;0.000000;0.000000;-60;0.000000;0.000000;mq;0.000000;0.200000;710.000000;1105.000000;3100.000000;mq;3;0;6900;mq;mq;mq;mq;mq;mq;mq;mq;mq;
07630;20110915060000;101580;-30;5;130;0.500000;288.550000;285.450000;82;40000;2;1;1;25;0;8000;30;20;11;99810;mq;mq;mq;288.250000;mq;298.650000;mq;285.150000;mq;mq;mq;1.500000;-10;0;0.000000;0.000000;-60;0.000000;0.000000;mq;0.000000;0.000000;710.000000;1102.000000;3100.000000;mq;2;0;7800;mq;mq;mq;mq;mq;mq;mq;mq;mq;
07643;20110915060000;101590;10;3;10;3.100000;289.950000;283.050000;64;75000;2;1;1;10;0;8000;30;20;11;101490;mq;mq;mq;289.550000;mq;298.250000;mq;289.150000;mq;mq;mq;5.700000;-10;0;0.000000;mq;mq;0.000000;0.000000;mq;0.000000;0.000000;710.000000;1106.000000;mq;mq;1;0;7800;mq;mq;mq;mq;mq;mq;mq;mq;mq;
07650;20110915060000;101480;-10;5;180;1.500000;290.750000;286.850000;78;60000;2;1;1;50;0;8000;30;20;12;101100;mq;mq;mq;287.950000;mq;298.350000;mq;285.150000;mq;mq;mq;2.600000;-10;0;0.000000;0.000000;-60;0.000000;0.000000;mq;0.000000;0.000000;710.000000;1103.000000;3100.000000;mq;4;0;7500;mq;mq;mq;mq;mq;mq;mq;mq;mq;
07661;20110915060000;101480;20;3;110;4.600000;292.150000;290.450000;90;mq;mq;mq;mq;mq;mq;mq;mq;mq;mq;99920;mq;mq;mq;291.550000;mq;296.250000;mq;mq;mq;mq;mq;6.200000;-10;mq;mq;mq;mq;0.000000;0.000000;mq;0.000000;0.000000;710.000000;1106.000000;mq;mq;mq;mq;mq;mq;mq;mq;mq;mq;mq;mq;mq;mq;
07690;20110915060000;101580;60;3;330;3.100000;294.050000;289.450000;75;20000;2;1;1;50;4;450;35;20;10;101250;mq;mq;mq;293.750000;mq;296.950000;mq;293.150000;mq;mq;mq;5.100000;-10;0;0.000000;0.000000;-60;0.000000;0.000000;mq;0.000000;0.000000;710.000000;1105.000000;3100.000000;mq;4;6;480;mq;mq;mq;mq;mq;mq;mq;mq;mq;
07747;20110915060000;101620;30;3;350;1.000000;292.050000;288.550000;80;30000;2;1;1;60;0;8000;30;20;11;101100;mq;mq;mq;291.750000;mq;300.350000;mq;289.150000;mq;mq;mq;2.100000;-10;0;0.000000;mq;mq;0.000000;0.000000;mq;0.000000;0.000000;710.000000;1102.000000;mq;mq;5;0;7500;mq;mq;mq;mq;mq;mq;mq;mq;mq;
07761;20110915060000;101550;50;3;50;3.600000;291.150000;287.450000;79;25000;2;1;1;0;mq;mq;mq;mq;mq;101440;mq;mq;mq;289.950000;mq;298.450000;mq;289.150000;mq;mq;mq;4.100000;-10;0;0.000000;0.000000;-60;0.000000;0.000000;mq;0.000000;0.000000;710.000000;1104.000000;3100.000000;mq;mq;mq;mq;mq;mq;mq;mq;mq;mq;mq;mq;mq;
07790;20110915060000;101550;40;3;210;2.100000;292.450000;288.950000;80;12000;2;1;1;10;1;1250;35;20;10;101410;mq;mq;mq;290.650000;mq;296.050000;mq;289.150000;mq;mq;mq;2.600000;-10;0;0.000000;0.000000;-60;0.000000;0.000000;mq;0.000000;0.000000;710.000000;1103.000000;3100.000000;mq;1;6;990;mq;mq;mq;mq;mq;mq;mq;mq;mq;
61968;20110915060000;101710;mq;mq;120;6.700000;300.750000;291.750000;58;mq;mq;mq;mq;mq;mq;mq;mq;mq;mq;mq;mq;mq;mq;297.150000;mq;mq;mq;mq;mq;mq;mq;12.900000;-10;mq;mq;mq;mq;0.000000;mq;mq;mq;0.000000;710.000000;1113.000000;mq;mq;mq;mq;mq;mq;mq;mq;mq;mq;mq;mq;mq;mq;
61970;20110915060000;101840;mq;mq;mq;mq;300.250000;294.550000;71;mq;mq;mq;mq;mq;mq;mq;mq;mq;mq;mq;mq;mq;mq;294.450000;mq;mq;mq;mq;mq;mq;mq;mq;mq;mq;mq;mq;mq;0.000000;mq;mq;mq;0.000000;mq;mq;mq;mq;mq;mq;mq;mq;mq;mq;mq;mq;mq;mq;mq;mq;
61972;20110915060000;101800;mq;mq;120;4.600000;298.550000;293.150000;72;mq;mq;mq;mq;mq;mq;mq;mq;mq;mq;mq;mq;mq;mq;292.450000;mq;mq;mq;mq;mq;mq;mq;8.200000;-10;mq;mq;mq;mq;0.000000;mq;mq;mq;0.400000;710.000000;1108.000000;mq;mq;mq;mq;mq;mq;mq;mq;mq;mq;mq;mq;mq;mq;
61976;20110915060000;101920;mq;mq;110;9.300000;299.550000;293.650000;70;mq;mq;mq;mq;mq;mq;mq;mq;mq;mq;101770;mq;mq;mq;mq;mq;mq;mq;mq;mq;mq;mq;mq;mq;mq;mq;mq;mq;mq;mq;mq;mq;mq;mq;mq;mq;mq;mq;mq;mq;mq;mq;mq;mq;mq;mq;mq;mq;mq;
61980;20110915060000;102320;mq;mq;100;10.300000;297.450000;288.950000;59;10000;2;1;1;40;3;800;38;20;10;mq;mq;mq;mq;294.150000;mq;mq;mq;292.150000;mq;mq;mq;14.400000;-10;mq;mq;mq;mq;0.000000;mq;mq;mq;0.200000;710.000000;1114.000000;2437.000000;mq;3;8;900;mq;mq;mq;mq;mq;mq;mq;mq;mq;
61996;20110915060000;mq;mq;mq;mq;mq;286.750000;mq;mq;mq;mq;mq;mq;mq;mq;mq;mq;mq;mq;mq;mq;mq;mq;284.550000;mq;mq;mq;284.150000;mq;mq;mq;mq;mq;mq;mq;mq;mq;0.000000;mq;mq;mq;1.000000;mq;mq;mq;mq;mq;mq;mq;mq;mq;mq;mq;mq;mq;mq;mq;mq;
61997;20110915060000;100330;mq;mq;260;15.900000;278.050000;271.850000;64;mq;mq;mq;mq;mq;mq;mq;mq;mq;mq;mq;mq;mq;mq;276.850000;mq;mq;mq;276.150000;mq;mq;mq;26.800000;-60;mq;mq;mq;mq;mq;mq;mq;mq;0.400000;1127.000000;mq;mq;mq;mq;mq;mq;mq;mq;mq;mq;mq;mq;mq;mq;mq;
61998;20110915060000;98300;mq;mq;310;10.300000;279.350000;277.550000;88;17000;21;2;2;90;4;800;34;20;14;mq;mq;mq;mq;271.750000;mq;mq;mq;270.150000;mq;mq;mq;17.000000;-10;mq;mq;mq;mq;0.000000;mq;mq;mq;1.000000;710.000000;1117.000000;mq;mq;4;6;600;4;0;6300;mq;mq;mq;mq;mq;mq;
67005;20110915060000;101790;mq;mq;100;1.500000;300.450000;293.550000;66;30000;2;1;1;40;3;800;38;23;10;mq;mq;mq;mq;293.850000;mq;mq;mq;291.150000;mq;mq;mq;3.100000;-10;mq;mq;mq;mq;0.000000;mq;mq;mq;0.000000;710.000000;1103.000000;mq;mq;2;8;690;mq;mq;mq;mq;mq;mq;mq;mq;mq;
71805;20110915060000;101820;40;1;240;5.700000;289.250000;289.250000;100;1700;10;mq;mq;101;mq;mq;62;61;60;101740;mq;mq;mq;mq;288.950000;mq;292.650000;289.150000;mq;mq;mq;7.700000;-10;mq;mq;mq;mq;0.000000;0.000000;mq;0.000000;0.000000;710.000000;1108.000000;mq;mq;mq;mq;mq;mq;mq;mq;mq;mq;mq;mq;mq;mq;
78897;20110915060000;101490;-150;8;110;2.600000;299.850000;297.350000;86;25000;2;1;1;75;3;800;32;20;12;mq;mq;mq;100;mq;299.150000;mq;304.650000;275.150000;mq;mq;mq;mq;mq;mq;mq;mq;mq;mq;mq;0.000000;mq;0.400000;mq;mq;mq;mq;3;8;600;5;0;7800;mq;mq;mq;mq;mq;mq;
78922;20110915060000;101420;-150;8;110;7.200000;301.450000;297.050000;77;mq;mq;mq;mq;mq;mq;mq;mq;mq;mq;100980;mq;mq;mq;mq;mq;mq;mq;mq;mq;mq;mq;mq;mq;mq;mq;mq;mq;mq;mq;mq;mq;mq;mq;mq;mq;mq;mq;mq;mq;mq;mq;mq;mq;mq;mq;mq;mq;mq;
78925;20110915060000;101430;-190;8;40;2.100000;300.350000;298.350000;89;29000;0;mq;mq;mq;mq;800;mq;mq;mq;mq;mq;mq;80;mq;298.550000;mq;305.850000;mq;mq;mq;mq;mq;mq;mq;mq;mq;mq;mq;mq;2.000000;mq;4.600000;mq;mq;mq;mq;mq;mq;mq;mq;mq;mq;mq;mq;mq;mq;mq;mq;
81401;20110915060000;101250;mq;mq;0;0.000000;297.050000;296.050000;94;mq;mq;mq;mq;mq;mq;mq;mq;mq;mq;101190;mq;mq;mq;mq;mq;mq;mq;mq;mq;mq;mq;mq;mq;mq;mq;mq;mq;mq;0.000000;0.000000;mq;mq;mq;mq;mq;mq;mq;mq;mq;mq;mq;mq;mq;mq;mq;mq;mq;mq;
81405;20110915060000;101290;mq;mq;0;0.000000;297.450000;296.450000;94;60000;0;mq;mq;mq;mq;1250;mq;mq;mq;101200;mq;mq;mq;mq;mq;mq;mq;296.150000;mq;mq;mq;mq;mq;mq;mq;mq;mq;mq;0.000000;0.000000;mq;mq;mq;mq;mq;mq;mq;mq;mq;mq;mq;mq;mq;mq;mq;mq;mq;mq;
81408;20110915060000;101260;mq;mq;0;0.000000;296.850000;296.150000;96;mq;mq;mq;mq;mq;mq;mq;mq;mq;mq;101180;mq;mq;mq;mq;mq;mq;mq;mq;mq;mq;mq;mq;mq;mq;mq;mq;mq;mq;0.000000;0.000000;mq;mq;mq;mq;mq;mq;mq;mq;mq;mq;mq;mq;mq;mq;mq;mq;mq;mq;
89642;20110915060000;98820;230;3;130;20.100000;265.850000;264.350000;88;50;73;7;3;101;mq;mq;62;61;60;98280;mq;mq;mq;mq;mq;mq;mq;274.150000;mq;mq;29.800000;38.600000;-60;mq;mq;mq;mq;mq;mq;mq;mq;mq;1030.000000;1139.000000;mq;mq;mq;mq;mq;mq;mq;mq;mq;mq;mq;mq;mq;mq;
07005;20110915090000;102170;80;3;180;2.100000;289.250000;284.850000;75;30000;2;1;1;75;5;800;32;23;11;101290;mq;mq;mq;mq;mq;mq;mq;mq;mq;mq;mq;3.100000;-10;mq;mq;0.000000;-30;0.000000;0.200000;mq;mq;mq;710.000000;1103.000000;3100.000000;mq;5;8;900;mq;mq;mq;mq;mq;mq;mq;mq;mq;
07015;20110915090000;102170;90;2;280;2.600000;289.450000;284.150000;71;20000;2;1;1;10;1;800;31;20;10;101610;mq;mq;mq;mq;mq;mq;mq;mq;mq;mq;mq;4.100000;-10;mq;mq;0.000000;-30;0.000000;0.000000;mq;mq;mq;710.000000;1104.000000;3100.000000;mq;1;8;600;mq;mq;mq;mq;mq;mq;mq;mq;mq;
07020;20110915090000;102140;50;2;70;2.100000;289.150000;284.150000;72;20000;2;1;1;60;4;1250;32;20;11;101880;mq;mq;mq;mq;mq;mq;mq;mq;mq;mq;mq;3.600000;-10;mq;mq;mq;mq;0.000000;0.000000;mq;mq;mq;710.000000;1104.000000;mq;mq;4;8;990;mq;mq;mq;mq;mq;mq;mq;mq;mq;
07027;20110915090000;102120;40;1;120;2.600000;288.150000;284.950000;81;30000;2;1;1;10;0;8000;30;20;11;101320;mq;mq;mq;mq;mq;mq;mq;mq;mq;mq;mq;4.100000;-10;mq;mq;mq;mq;0.000000;0.000000;mq;mq;mq;710.000000;1104.000000;mq;mq;1;0;7500;mq;mq;mq;mq;mq;mq;mq;mq;mq;
07037;20110915090000;102160;50;2;150;2.100000;288.550000;285.850000;84;10000;1;4;0;25;2;3500;30;23;10;100350;mq;mq;mq;mq;mq;mq;mq;mq;mq;mq;mq;3.600000;-10;mq;mq;0.000000;-30;0.000000;0.000000;mq;mq;mq;710.000000;1104.000000;3100.000000;mq;2;3;3300;mq;mq;mq;mq;mq;mq;mq;mq;mq;
07110;20110915090000;101910;10;2;110;4.600000;289.350000;284.550000;73;30000;2;1;1;10;1;3500;30;23;11;100780;mq;mq;mq;mq;mq;mq;mq;mq;mq;mq;mq;6.700000;-10;mq;mq;mq;mq;0.000000;0.000000;mq;mq;mq;710.000000;1107.000000;mq;mq;1;3;3300;mq;mq;mq;mq;mq;mq;mq;mq;mq;
07117;20110915090000;101990;20;3;100;3.600000;289.850000;285.150000;74;25000;2;1;1;10;1;800;32;20;11;101300;mq;mq;mq;mq;mq;mq;mq;mq;mq;mq;mq;5.700000;-10;mq;mq;mq;mq;0.000000;0.000000;mq;mq;mq;710.000000;1106.000000;2428.000000;mq;mq;mq;mq;mq;mq;mq;mq;mq;mq;mq;mq;mq;
07130;20110915090000;101970;-10;8;90;3.600000;289.350000;283.850000;70;35000;0;mq;mq;mq;mq;mq;mq;mq;mq;101460;mq;mq;mq;mq;mq;mq;mq;mq;mq;mq;mq;6.200000;-10;mq;mq;mq;mq;0.000000;0.000000;mq;mq;mq;710.000000;1106.000000;mq;mq;mq;mq;mq;mq;mq;mq;mq;mq;mq;mq;mq;mq;
07139;20110915090000;102090;20;2;70;2.600000;288.150000;283.950000;76;40000;2;1;1;50;0;8000;30;20;12;100370;mq;mq;mq;mq;mq;mq;mq;mq;mq;mq;mq;5.100000;-10;mq;mq;0.000000;-30;0.000000;0.000000;mq;mq;mq;710.000000;1105.000000;3100.000000;mq;4;0;6900;mq;mq;mq;mq;mq;mq;mq;mq;mq;
07149;20110915090000;102160;60;1;90;2.600000;289.550000;283.450000;67;18000;2;1;1;75;0;8000;30;20;14;101090;mq;mq;mq;mq;mq;mq;mq;mq;mq;mq;mq;4.100000;-10;mq;mq;0.000000;-30;0.000000;0.000000;mq;mq;mq;710.000000;1104.000000;3100.000000;mq;6;0;7500;mq;mq;mq;mq;mq;mq;mq;mq;mq;
07168;20110915090000;102190;50;1;80;1.500000;288.550000;282.250000;66;20000;2;1;1;40;0;8000;30;20;14;100780;mq;mq;mq;mq;mq;mq;mq;mq;mq;mq;mq;3.600000;-10;mq;mq;0.000000;-30;0.000000;0.000000;mq;mq;mq;710.000000;1104.000000;3100.000000;mq;3;0;7500;mq;mq;mq;mq;mq;mq;mq;mq;mq;
07181;20110915090000;102160;60;2;60;3.600000;288.850000;283.150000;69;60000;2;1;1;25;0;8000;30;20;11;98140;mq;mq;mq;mq;mq;mq;mq;mq;mq;mq;mq;5.100000;-10;mq;mq;0.000000;-30;0.000000;0.000000;mq;mq;mq;710.000000;1105.000000;3100.000000;mq;2;0;9000;mq;mq;mq;mq;mq;mq;mq;mq;mq;
07190;20110915090000;102200;60;1;30;1.500000;289.450000;281.450000;59;50000;0;mq;mq;mq;mq;mq;mq;mq;mq;100410;mq;mq;mq;mq;mq;mq;mq;mq;mq;mq;mq;3.100000;-10;mq;mq;mq;mq;0.000000;0.000000;mq;mq;mq;710.000000;1103.000000;mq;mq;mq;mq;mq;mq;mq;mq;mq;mq;mq;mq;mq;mq;
07207;20110915090000;mq;mq;mq;100;5.700000;288.450000;284.450000;77;25000;15;1;1;50;2;450;33;24;10;mq;mq;mq;mq;mq;mq;mq;mq;mq;mq;mq;mq;11.800000;-10;mq;mq;mq;mq;0.200000;0.200000;mq;mq;mq;710.000000;1112.000000;2438.000000;mq;mq;mq;mq;mq;mq;mq;mq;mq;mq;mq;mq;mq;
07222;20110915090000;101840;-10;6;70;4.600000;289.750000;282.650000;63;30000;2;1;1;60;1;800;32;28;11;101530;mq;mq;mq;mq;mq;mq;mq;mq;mq;mq;mq;7.700000;-10;mq;mq;mq;mq;0.000000;0.000000;mq;mq;mq;710.000000;1108.000000;mq;mq;1;8;690;4;0;6300;mq;mq;mq;mq;mq;mq;
07240;20110915090000;101970;20;0;70;5.700000;289.450000;282.350000;63;40000;0;mq;mq;mq;mq;mq;mq;mq;mq;100640;mq;mq;mq;mq;mq;mq;mq;mq;mq;mq;mq;8.700000;-10;mq;mq;mq;mq;0.000000;0.000000;mq;mq;mq;710.000000;1109.000000;mq;mq;mq;mq;mq;mq;mq;mq;mq;mq;mq;mq;mq;mq;
07255;20110915090000;101990;40;3;90;3.600000;289.750000;282.650000;63;35000;2;1;1;75;0;8000;30;20;14;100030;mq;mq;mq;mq;mq;mq;mq;mq;mq;mq;mq;6.700000;-10;mq;mq;0.000000;-30;0.000000;0.000000;mq;mq;mq;710.000000;1107.000000;3100.000000;mq;6;0;7200;mq;mq;mq;mq;mq;mq;mq;mq;mq;
07280;20110915090000;102060;50;2;30;4.600000;289.650000;282.050000;61;55000;0;mq;mq;mq;mq;mq;mq;mq;mq;99380;mq;mq;mq;mq;mq;mq;mq;mq;mq;mq;mq;7.200000;-10;mq;mq;mq;mq;0.000000;0.000000;mq;mq;mq;710.000000;1107.000000;mq;mq;mq;mq;mq;mq;mq;mq;mq;mq;mq;mq;mq;mq;
07299;20110915090000;102150;70;1;340;2.600000;288.050000;283.850000;76;10000;2;1;1;60;4;150;38;20;11;98920;mq;mq;mq;mq;mq;mq;mq;mq;mq;mq;mq;5.100000;-10;mq;mq;0.000000;-30;0.000000;0.000000;mq;mq;mq;710.000000;1105.000000;3100.000000;mq;1;8;180;3;6;1290;mq;mq;mq;mq;mq;mq;
07314;20110915090000;101700;50;3;80;6.700000;291.450000;285.650000;69;20000;2;1;1;50;3;2250;30;23;11;101430;mq;mq;mq;mq;mq;mq;mq;mq;mq;mq;mq;12.300000;-10;mq;mq;mq;mq;0.000000;0.000000;mq;mq;mq;710.000000;1112.000000;2438.000000;mq;3;3;1800;mq;mq;mq;mq;mq;mq;mq;mq;mq;
07335;20110915090000;101830;-10;8;50;4.100000;289.950000;284.450000;70;30000;2;1;1;40;0;8000;30;20;12;100410;mq;mq;mq;mq;mq;mq;mq;mq;mq;mq;mq;6.700000;-10;mq;mq;0.000000;-30;0.000000;0.000000;mq;mq;mq;710.000000;1107.000000;3100.000000;mq;3;0;7500;mq;mq;mq;mq;mq;mq;mq;mq;mq;
07434;20110915090000;101690;50;3;70;2.600000;290.450000;283.550000;64;60000;2;1;1;50;0;8000;30;20;11;97030;mq;mq;mq;mq;mq;mq;mq;mq;mq;mq;mq;4.100000;-10;mq;mq;0.000000;-30;0.000000;0.000000;mq;mq;mq;710.000000;1104.000000;3100.000000;mq;4;0;9000;mq;mq;mq;mq;mq;mq;mq;mq;mq;
07460;20110915090000;101900;20;2;90;1.500000;289.450000;285.250000;76;30000;1;4;0;40;0;8000;30;20;11;98090;mq;mq;mq;mq;mq;mq;mq;mq;mq;mq;mq;3.100000;-10;mq;mq;0.000000;-30;0.000000;0.000000;mq;mq;mq;710.000000;1103.000000;3100.000000;mq;3;0;6900;mq;mq;mq;mq;mq;mq;mq;mq;mq;
07471;20110915090000;mq;70;3;60;0.500000;284.750000;282.950000;89;8000;2;1;1;90;7;150;36;61;60;92430;85000;17920;mq;mq;mq;mq;mq;mq;mq;mq;mq;2.600000;-10;mq;mq;0.000000;-30;0.000000;0.000000;mq;mq;mq;710.000000;1103.000000;3100.000000;mq;7;7;180;mq;mq;mq;mq;mq;mq;mq;mq;mq;
07481;20110915090000;102000;90;1;10;1.500000;288.150000;283.550000;74;35000;2;1;1;40;1;450;31;20;11;99160;mq;mq;mq;mq;mq;mq;mq;mq;mq;mq;mq;4.100000;-10;mq;mq;0.000000;-30;0.000000;0.000000;mq;mq;mq;710.000000;1104.000000;3100.000000;mq;1;8;300;3;0;7800;mq;mq;mq;mq;mq;mq;
07510;20110915090000;101540;30;0;100;3.600000;294.550000;285.950000;58;55000;0;mq;mq;mq;mq;mq;mq;mq;mq;100910;mq;mq;mq;mq;mq;mq;mq;mq;mq;mq;mq;4.600000;-10;mq;mq;mq;mq;0.000000;0.000000;mq;mq;mq;710.000000;1105.000000;mq;mq;mq;mq;mq;mq;mq;mq;mq;mq;mq;mq;mq;mq;
07535;20110915090000;101640;70;2;270;1.500000;291.950000;284.950000;64;30000;2;1;1;60;0;8000;30;20;11;98610;mq;mq;mq;mq;mq;mq;mq;mq;mq;mq;mq;2.600000;-10;mq;mq;0.000000;-30;0.000000;0.000000;mq;mq;mq;710.000000;1103.000000;3100.000000;mq;5;0;7500;mq;mq;mq;mq;mq;mq;mq;mq;mq;
07558;20110915090000;101640;90;3;10;1.000000;292.050000;282.250000;53;60000;2;1;1;40;0;8000;30;20;12;93580;mq;mq;mq;mq;mq;mq;mq;mq;mq;mq;mq;2.600000;-10;mq;mq;0.000000;-30;0.000000;0.000000;mq;mq;mq;710.000000;1103.000000;3100.000000;mq;3;0;7500;mq;mq;mq;mq;mq;mq;mq;mq;mq;
07577;20110915090000;101810;60;2;30;6.700000;293.050000;284.250000;57;20000;2;1;1;25;0;8000;30;20;11;100940;mq;mq;mq;mq;mq;mq;mq;mq;mq;mq;mq;10.800000;-10;mq;mq;0.000000;-30;0.000000;0.000000;mq;mq;mq;710.000000;1111.000000;3100.000000;mq;2;0;6900;mq;mq;mq;mq;mq;mq;mq;mq;mq;
07591;20110915090000;mq;40;2;70;3.100000;294.750000;279.450000;37;mq;0;mq;mq;mq;mq;mq;mq;mq;mq;91900;mq;mq;mq;mq;mq;mq;mq;mq;mq;mq;mq;6.200000;-10;mq;mq;mq;mq;0.000000;0.000000;mq;mq;mq;710.000000;1106.000000;mq;mq;mq;mq;mq;mq;mq;mq;mq;mq;mq;mq;mq;mq;
07607;20110915090000;101500;30;0;130;3.100000;294.750000;287.450000;63;60000;0;mq;mq;mq;mq;2250;mq;mq;mq;100810;mq;mq;mq;mq;mq;mq;mq;mq;mq;mq;mq;5.700000;-10;mq;mq;mq;mq;0.000000;0.000000;mq;mq;mq;710.000000;1106.000000;mq;mq;mq;mq;mq;mq;mq;mq;mq;mq;mq;mq;mq;mq;
07621;20110915090000;101450;40;3;210;0.500000;293.650000;290.050000;80;30000;2;1;1;60;1;2250;32;23;12;97290;mq;mq;mq;mq;mq;mq;mq;mq;mq;mq;mq;1.500000;-10;mq;mq;0.000000;-30;0.000000;0.000000;mq;mq;mq;710.000000;1102.000000;3100.000000;mq;1;8;2100;3;3;4500;mq;mq;mq;mq;mq;mq;
07627;20110915090000;101470;10;3;140;2.100000;295.350000;286.950000;59;40000;2;1;1;40;0;8000;30;20;11;96810;mq;mq;mq;mq;mq;mq;mq;mq;mq;mq;mq;5.100000;-10;mq;mq;0.000000;-30;0.000000;0.000000;mq;mq;mq;710.000000;1105.000000;3100.000000;mq;3;0;6900;mq;mq;mq;mq;mq;mq;mq;mq;mq;
07630;20110915090000;101560;20;0;120;4.600000;295.950000;286.750000;56;40000;2;1;1;60;1;3500;30;28;11;99830;mq;mq;mq;mq;mq;mq;mq;mq;mq;mq;mq;5.700000;-10;mq;mq;0.000000;-30;0.000000;0.000000;mq;mq;mq;710.000000;1106.000000;3100.000000;mq;1;3;4800;5;0;7500;mq;mq;mq;mq;mq;mq;
07643;20110915090000;101670;90;3;20;4.600000;296.250000;283.950000;46;60000;2;1;1;10;0;8000;30;20;11;101580;mq;mq;mq;mq;mq;mq;mq;mq;mq;mq;mq;8.700000;-10;mq;mq;mq;mq;0.000000;0.000000;mq;mq;mq;710.000000;1109.000000;mq;mq;1;0;7800;mq;mq;mq;mq;mq;mq;mq;mq;mq;
07650;20110915090000;101600;130;3;300;1.500000;296.750000;289.250000;63;40000;2;1;1;60;1;800;31;20;12;101230;mq;mq;mq;mq;mq;mq;mq;mq;mq;mq;mq;2.600000;-10;mq;mq;0.000000;-30;0.000000;0.000000;mq;mq;mq;710.000000;1103.000000;3100.000000;mq;1;8;900;5;0;7500;mq;mq;mq;mq;mq;mq;
07661;20110915090000;101620;160;3;140;5.100000;297.350000;292.850000;76;25000;2;1;1;75;3;800;32;20;11;100080;mq;mq;mq;mq;mq;mq;mq;mq;mq;mq;mq;8.200000;-10;mq;mq;mq;mq;0.000000;0.400000;mq;mq;mq;710.000000;1108.000000;mq;mq;3;8;780;3;0;4800;mq;mq;mq;mq;mq;mq;
07690;20110915090000;101690;120;3;110;1.500000;298.750000;292.850000;70;20000;2;1;1;50;1;800;31;20;11;101370;mq;mq;mq;mq;mq;mq;mq;mq;mq;mq;mq;2.100000;-10;mq;mq;0.000000;-30;0.000000;0.000000;mq;mq;mq;710.000000;1102.000000;3100.000000;mq;1;8;600;4;0;7500;mq;mq;mq;mq;mq;mq;
07747;20110915090000;101680;70;1;140;1.500000;297.950000;288.050000;54;40000;2;1;1;75;0;8000;30;20;11;101170;mq;mq;mq;mq;mq;mq;mq;mq;mq;mq;mq;4.600000;-10;mq;mq;mq;mq;0.000000;0.000000;mq;mq;mq;710.000000;1105.000000;mq;mq;6;0;7500;mq;mq;mq;mq;mq;mq;mq;mq;mq;
07761;20110915090000;101620;80;1;230;2.100000;299.850000;287.950000;48;30000;2;1;1;10;0;mq;30;20;11;101520;mq;mq;mq;mq;mq;mq;mq;mq;mq;mq;mq;3.100000;-10;mq;mq;0.000000;-30;0.000000;0.000000;mq;mq;mq;710.000000;1103.000000;3100.000000;mq;1;0;7800;mq;mq;mq;mq;mq;mq;mq;mq;mq;
07790;20110915090000;101650;100;3;70;2.100000;300.050000;293.850000;69;12000;2;1;1;10;1;800;31;20;10;101510;mq;mq;mq;mq;mq;mq;mq;mq;mq;mq;mq;3.600000;-10;mq;mq;0.000000;-30;0.000000;0.000000;mq;mq;mq;710.000000;1104.000000;3100.000000;mq;1;8;600;mq;mq;mq;mq;mq;mq;mq;mq;mq;
61968;20110915090000;101550;mq;mq;120;5.100000;301.850000;291.650000;54;mq;mq;mq;mq;mq;mq;mq;mq;mq;mq;mq;mq;mq;mq;mq;mq;mq;mq;mq;mq;mq;mq;10.800000;-10;mq;mq;mq;mq;0.000000;0.000000;mq;mq;mq;710.000000;1111.000000;mq;mq;mq;mq;mq;mq;mq;mq;mq;mq;mq;mq;mq;mq;
61970;20110915090000;101740;mq;mq;mq;mq;301.650000;294.150000;64;mq;mq;mq;mq;mq;mq;mq;mq;mq;mq;mq;mq;mq;mq;mq;mq;mq;mq;mq;mq;mq;mq;mq;mq;mq;mq;mq;mq;0.000000;0.000000;mq;mq;mq;mq;mq;mq;mq;mq;mq;mq;mq;mq;mq;mq;mq;mq;mq;mq;mq;
61972;20110915090000;101740;mq;mq;20;1.500000;300.450000;294.050000;68;mq;mq;mq;mq;mq;mq;mq;mq;mq;mq;mq;mq;mq;mq;mq;mq;mq;mq;mq;mq;mq;mq;5.100000;-10;mq;mq;mq;mq;0.000000;0.000000;mq;mq;mq;710.000000;1105.000000;mq;mq;mq;mq;mq;mq;mq;mq;mq;mq;mq;mq;mq;mq;
61976;20110915090000;101780;mq;mq;100;8.200000;299.750000;293.350000;68;mq;mq;mq;mq;mq;mq;mq;mq;mq;mq;101630;mq;mq;mq;mq;mq;mq;mq;mq;mq;mq;mq;mq;mq;mq;mq;mq;mq;mq;0.000000;mq;mq;mq;mq;mq;mq;mq;mq;mq;mq;mq;mq;mq;mq;mq;mq;mq;mq;mq;
61980;20110915090000;102110;mq;mq;100;11.300000;298.650000;289.550000;57;10000;2;1;1;25;2;800;38;20;10;mq;mq;mq;mq;mq;mq;mq;mq;mq;mq;mq;mq;15.900000;-10;mq;mq;mq;mq;0.000000;0.000000;mq;mq;mq;710.000000;1116.000000;2437.000000;mq;2;8;900;mq;mq;mq;mq;mq;mq;mq;mq;mq;
61996;20110915090000;mq;mq;mq;mq;mq;286.750000;mq;mq;mq;mq;mq;mq;mq;mq;mq;mq;mq;mq;mq;mq;mq;mq;mq;mq;mq;mq;mq;mq;mq;mq;mq;mq;mq;mq;mq;mq;0.000000;0.000000;mq;mq;mq;mq;mq;mq;mq;mq;mq;mq;mq;mq;mq;mq;mq;mq;mq;mq;mq;
61997;20110915090000;100430;mq;mq;280;14.900000;278.150000;272.350000;66;mq;mq;mq;mq;mq;mq;mq;mq;mq;mq;mq;mq;mq;60;mq;mq;mq;mq;mq;mq;mq;mq;27.300000;-30;mq;mq;mq;mq;mq;0.000000;mq;mq;mq;1127.000000;mq;mq;mq;mq;mq;mq;mq;mq;mq;mq;mq;mq;mq;mq;mq;
61998;20110915090000;98190;mq;mq;260;20.600000;280.250000;274.750000;68;35000;2;1;1;25;1;800;31;23;14;mq;mq;mq;mq;mq;mq;mq;mq;mq;mq;mq;mq;28.300000;-10;mq;mq;mq;mq;0.000000;0.000000;mq;mq;mq;710.000000;1128.000000;mq;mq;1;8;900;mq;mq;mq;mq;mq;mq;mq;mq;mq;
67005;20110915090000;101640;mq;mq;100;2.600000;300.650000;292.150000;60;mq;0;mq;mq;mq;mq;mq;mq;mq;mq;mq;mq;mq;mq;mq;mq;mq;mq;mq;mq;mq;mq;5.100000;-10;mq;mq;mq;mq;0.000000;0.000000;mq;mq;mq;710.000000;1105.000000;mq;mq;mq;mq;mq;mq;mq;mq;mq;mq;mq;mq;mq;mq;
71805;20110915090000;101880;60;3;230;4.100000;289.050000;289.050000;100;300;45;4;4;101;mq;mq;62;61;60;101800;mq;mq;mq;mq;mq;mq;mq;mq;mq;mq;mq;7.200000;-10;mq;mq;0.000000;-30;0.000000;0.200000;mq;mq;mq;710.000000;1107.000000;3100.000000;mq;mq;mq;mq;mq;mq;mq;mq;mq;mq;mq;mq;mq;
78897;20110915090000;101470;-20;5;80;2.100000;299.850000;296.950000;84;17000;0;mq;mq;mq;mq;mq;mq;mq;mq;mq;mq;mq;50;mq;mq;mq;mq;mq;mq;mq;mq;mq;mq;mq;mq;mq;mq;mq;mq;mq;mq;mq;mq;mq;mq;mq;mq;mq;mq;mq;mq;mq;mq;mq;mq;mq;mq;mq;
78925;20110915090000;101380;-50;5;70;3.100000;300.450000;297.850000;86;25000;0;mq;mq;mq;mq;800;mq;mq;mq;mq;mq;mq;mq;mq;mq;mq;mq;mq;mq;mq;mq;mq;mq;mq;mq;mq;mq;mq;mq;mq;mq;mq;mq;mq;mq;mq;mq;mq;mq;mq;mq;mq;mq;mq;mq;mq;mq;mq;
81401;20110915090000;101230;mq;mq;0;0.000000;295.950000;295.250000;96;mq;mq;mq;mq;mq;mq;mq;mq;mq;mq;101170;mq;mq;mq;mq;mq;mq;mq;mq;mq;mq;mq;mq;mq;mq;mq;mq;mq;mq;0.000000;mq;mq;mq;mq;mq;mq;mq;mq;mq;mq;mq;mq;mq;mq;mq;mq;mq;mq;mq;
81405;20110915090000;101250;mq;mq;0;0.000000;296.350000;295.850000;97;45000;0;mq;mq;mq;mq;mq;mq;mq;mq;101160;mq;mq;mq;mq;mq;mq;mq;mq;mq;mq;mq;mq;mq;mq;mq;mq;mq;mq;0.200000;mq;mq;mq;mq;mq;mq;mq;mq;mq;mq;mq;mq;mq;mq;mq;mq;mq;mq;mq;
81408;20110915090000;101240;mq;mq;0;0.000000;296.350000;295.850000;97;mq;mq;mq;mq;mq;mq;mq;mq;mq;mq;101160;mq;mq;mq;mq;mq;mq;mq;mq;mq;mq;mq;mq;mq;mq;mq;mq;mq;mq;0.000000;mq;mq;mq;mq;mq;mq;mq;mq;mq;mq;mq;mq;mq;mq;mq;mq;mq;mq;mq;
89642;20110915090000;99030;210;3;120;19.000000;266.950000;262.050000;65;3000;37;7;3;90;7;1250;35;61;60;98490;mq;mq;mq;mq;mq;mq;mq;mq;mq;mq;28.300000;34.500000;-30;mq;mq;mq;mq;mq;mq;mq;mq;mq;1028.000000;1134.000000;mq;mq;7;6;1290;mq;mq;mq;mq;mq;mq;mq;mq;mq;
07005;20110915120000;102110;-60;8;140;1.000000;290.850000;283.450000;62;30000;2;1;1;75;6;1250;38;20;10;101230;mq;mq;mq;mq;mq;mq;mq;mq;mq;mq;mq;3.100000;-10;mq;mq;0.000000;-60;0.000000;0.000000;0.200000;mq;mq;710.000000;1103.000000;3100.000000;mq;5;8;990;mq;mq;mq;mq;mq;mq;mq;mq;mq;
07015;20110915120000;102150;-20;8;160;1.500000;290.750000;283.650000;63;30000;2;1;1;60;5;1250;31;20;10;101590;mq;mq;mq;mq;mq;mq;mq;mq;mq;mq;mq;5.100000;-10;mq;mq;0.000000;-60;0.000000;0.000000;0.000000;mq;mq;710.000000;1105.000000;3100.000000;mq;5;8;1200;mq;mq;mq;mq;mq;mq;mq;mq;mq;
07020;20110915120000;102100;-40;8;70;4.600000;290.650000;285.550000;72;mq;mq;mq;mq;mq;mq;mq;mq;mq;mq;101840;mq;mq;mq;mq;mq;mq;mq;mq;mq;mq;mq;5.700000;-10;mq;mq;mq;mq;0.000000;0.000000;0.000000;mq;mq;710.000000;1106.000000;mq;mq;mq;mq;mq;mq;mq;mq;mq;mq;mq;mq;mq;mq;
07027;20110915120000;102000;-110;8;80;4.100000;292.550000;281.550000;49;40000;2;1;1;10;1;800;31;20;11;101210;mq;mq;mq;mq;mq;mq;mq;mq;mq;mq;mq;7.200000;-10;mq;mq;mq;mq;0.000000;0.000000;0.000000;mq;mq;710.000000;1107.000000;mq;mq;1;8;900;mq;mq;mq;mq;mq;mq;mq;mq;mq;
07037;20110915120000;102070;-70;8;140;2.100000;291.850000;283.150000;57;20000;1;4;0;50;4;800;32;20;10;100280;mq;mq;mq;mq;mq;mq;mq;mq;mq;mq;mq;4.600000;-10;mq;mq;0.000000;-60;0.000000;0.000000;0.000000;mq;mq;710.000000;1105.000000;3100.000000;mq;4;8;960;mq;mq;mq;mq;mq;mq;mq;mq;mq;
07110;20110915120000;101780;-110;8;110;4.600000;293.050000;284.050000;56;60000;0;mq;mq;mq;mq;mq;mq;mq;mq;100670;mq;mq;mq;mq;mq;mq;mq;mq;mq;mq;mq;7.700000;-10;mq;mq;mq;mq;0.000000;0.000000;0.000000;mq;mq;710.000000;1108.000000;mq;mq;mq;mq;mq;mq;mq;mq;mq;mq;mq;mq;mq;mq;
07117;20110915120000;101870;-110;8;80;4.600000;292.750000;286.250000;66;25000;2;1;1;40;3;800;32;20;11;101190;mq;mq;mq;mq;mq;mq;mq;mq;mq;mq;mq;7.700000;-10;mq;mq;mq;mq;0.000000;0.000000;0.000000;mq;mq;710.000000;1108.000000;2428.000000;mq;mq;mq;mq;mq;mq;mq;mq;mq;mq;mq;mq;mq;
07130;20110915120000;101880;-90;7;100;4.600000;292.850000;283.850000;56;45000;0;mq;mq;90;mq;mq;mq;mq;mq;101370;mq;mq;mq;mq;mq;mq;mq;mq;mq;mq;mq;8.700000;-10;mq;mq;mq;mq;0.000000;0.000000;0.000000;mq;mq;710.000000;1109.000000;mq;mq;mq;mq;mq;mq;mq;mq;mq;mq;mq;mq;mq;mq;
07139;20110915120000;101950;-110;7;100;3.100000;292.650000;280.750000;46;40000;2;1;1;75;1;1250;31;20;12;100260;mq;mq;mq;mq;mq;mq;mq;mq;mq;mq;mq;6.200000;-10;mq;mq;0.000000;-60;0.000000;0.000000;0.000000;mq;mq;710.000000;1106.000000;3100.000000;mq;1;8;990;6;0;6900;mq;mq;mq;mq;mq;mq;
07149;20110915120000;102060;-90;8;100;3.600000;293.150000;281.150000;46;25000;2;1;1;60;1;1250;31;20;11;101000;mq;mq;mq;mq;mq;mq;mq;mq;mq;mq;mq;10.800000;-10;mq;mq;0.000000;-60;0.000000;0.000000;0.000000;mq;mq;710.000000;1111.000000;3100.000000;mq;1;8;1350;5;0;7500;mq;mq;mq;mq;mq;mq;
07168;20110915120000;102070;-100;8;100;3.600000;292.750000;281.450000;48;25000;2;1;1;40;1;1250;31;20;11;100680;mq;mq;mq;mq;mq;mq;mq;mq;mq;mq;mq;7.700000;-10;mq;mq;0.000000;-60;0.000000;0.000000;0.000000;mq;mq;710.000000;1108.000000;3100.000000;mq;1;8;1290;3;0;7500;mq;mq;mq;mq;mq;mq;
07181;20110915120000;102060;-70;8;60;3.600000;291.050000;282.150000;56;60000;2;1;1;75;1;1250;31;20;11;98070;mq;mq;mq;mq;mq;mq;mq;mq;mq;mq;mq;8.700000;-10;mq;mq;0.000000;-60;0.000000;0.000000;0.000000;mq;mq;710.000000;1109.000000;3100.000000;mq;1;8;1200;6;0;5400;mq;mq;mq;mq;mq;mq;
07190;20110915120000;102090;-90;7;50;2.600000;293.350000;280.050000;42;45000;0;mq;mq;mq;mq;mq;mq;mq;mq;100320;mq;mq;mq;mq;mq;mq;mq;mq;mq;mq;mq;7.200000;-10;mq;mq;mq;mq;0.000000;0.000000;0.000000;mq;mq;710.000000;1107.000000;mq;mq;mq;mq;mq;mq;mq;mq;mq;mq;mq;mq;mq;mq;
07207;20110915120000;mq;mq;mq;100;10.300000;292.550000;282.150000;51;mq;mq;mq;mq;mq;mq;mq;mq;mq;mq;mq;mq;mq;mq;mq;mq;mq;mq;mq;mq;mq;mq;14.900000;-10;mq;mq;mq;mq;0.000000;0.000000;0.200000;mq;mq;710.000000;1115.000000;mq;mq;mq;mq;mq;mq;mq;mq;mq;mq;mq;mq;mq;mq;
07222;20110915120000;101700;-140;8;70;7.200000;293.550000;283.650000;53;30000;2;1;1;25;2;3500;30;28;10;101390;mq;mq;mq;mq;mq;mq;mq;mq;mq;mq;mq;10.300000;-10;mq;mq;mq;mq;0.000000;0.000000;0.000000;mq;mq;710.000000;1110.000000;mq;mq;2;3;4200;mq;mq;mq;mq;mq;mq;mq;mq;mq;
07240;20110915120000;101870;-80;8;80;5.100000;292.850000;283.250000;54;45000;0;mq;mq;mq;mq;mq;mq;mq;mq;100560;mq;mq;mq;mq;mq;mq;mq;mq;mq;mq;mq;8.200000;-10;mq;mq;mq;mq;0.000000;0.000000;0.000000;mq;mq;710.000000;1108.000000;mq;mq;mq;mq;mq;mq;mq;mq;mq;mq;mq;mq;mq;mq;
07255;20110915120000;101870;-90;8;90;4.600000;294.150000;283.350000;50;40000;2;1;1;75;0;8000;30;20;14;99940;mq;mq;mq;mq;mq;mq;mq;mq;mq;mq;mq;8.700000;-10;mq;mq;0.000000;-60;0.000000;0.000000;0.000000;mq;mq;710.000000;1109.000000;3100.000000;mq;6;0;7200;mq;mq;mq;mq;mq;mq;mq;mq;mq;
07280;20110915120000;101940;-80;8;50;4.100000;293.050000;280.450000;44;50000;0;mq;mq;mq;mq;mq;mq;mq;mq;99300;mq;mq;mq;mq;mq;mq;mq;mq;mq;mq;mq;6.700000;-10;mq;mq;mq;mq;0.000000;0.000000;0.000000;mq;mq;710.000000;1107.000000;mq;mq;mq;mq;mq;mq;mq;mq;mq;mq;mq;mq;mq;mq;
07299;20110915120000;101990;-110;7;350;2.600000;292.350000;283.650000;57;20000;2;1;1;75;2;1250;31;20;14;98810;mq;mq;mq;mq;mq;mq;mq;mq;mq;mq;mq;5.700000;-10;mq;mq;0.000000;-60;0.000000;0.000000;0.000000;mq;mq;710.000000;1106.000000;3100.000000;mq;2;8;1050;5;0;7800;mq;mq;mq;mq;mq;mq;
07314;20110915120000;101610;-90;8;80;4.100000;295.550000;287.950000;62;mq;mq;mq;mq;mq;mq;mq;mq;mq;mq;101340;mq;mq;mq;mq;mq;mq;mq;mq;mq;mq;mq;7.700000;-10;mq;mq;mq;mq;0.000000;0.000000;0.000000;mq;mq;710.000000;1108.000000;mq;mq;mq;mq;mq;mq;mq;mq;mq;mq;mq;mq;mq;mq;
07335;20110915120000;101710;-100;8;80;4.100000;294.350000;284.950000;55;30000;2;1;1;50;2;3500;30;28;12;100310;mq;mq;mq;mq;mq;mq;mq;mq;mq;mq;mq;7.200000;-10;mq;mq;0.000000;-60;0.000000;0.000000;0.000000;mq;mq;710.000000;1107.000000;3100.000000;mq;2;3;3000;3;0;7500;mq;mq;mq;mq;mq;mq;
07434;20110915120000;101550;-50;8;70;1.500000;296.550000;280.250000;35;60000;2;1;1;50;2;3500;30;23;11;96980;mq;mq;mq;mq;mq;mq;mq;mq;mq;mq;mq;3.100000;-10;mq;mq;0.000000;-60;0.000000;0.000000;0.000000;mq;mq;710.000000;1103.000000;3100.000000;mq;2;3;4800;4;0;9000;mq;mq;mq;mq;mq;mq;
07460;20110915120000;101720;-110;8;60;1.000000;294.350000;284.950000;55;50000;2;4;0;50;0;8000;30;20;11;97980;mq;mq;mq;mq;mq;mq;mq;mq;mq;mq;mq;2.600000;-10;mq;mq;0.000000;-60;0.000000;0.000000;0.000000;mq;mq;710.000000;1103.000000;3100.000000;mq;4;0;7500;mq;mq;mq;mq;mq;mq;mq;mq;mq;
07471;20110915120000;mq;-100;8;320;1.000000;293.250000;283.950000;55;30000;2;1;1;60;0;8000;30;20;11;92330;85000;17820;mq;mq;mq;mq;mq;mq;mq;mq;mq;3.100000;-10;mq;mq;0.000000;-60;0.000000;0.000000;0.000000;mq;mq;710.000000;1103.000000;3100.000000;mq;5;0;7500;mq;mq;mq;mq;mq;mq;mq;mq;mq;
07481;20110915120000;101860;-90;8;350;1.500000;293.150000;285.350000;61;40000;2;1;1;75;0;8000;30;20;12;99070;mq;mq;mq;mq;mq;mq;mq;mq;mq;mq;mq;4.600000;-10;mq;mq;0.000000;-60;0.000000;0.000000;0.000000;mq;mq;710.000000;1105.000000;3100.000000;mq;6;0;7800;mq;mq;mq;mq;mq;mq;mq;mq;mq;
07510;20110915120000;101520;-20;8;20;3.100000;295.850000;287.950000;61;50000;2;1;1;75;4;3500;30;28;11;100890;mq;mq;mq;mq;mq;mq;mq;mq;mq;mq;mq;4.600000;-10;mq;mq;0.000000;-60;0.000000;0.000000;0.000000;mq;mq;710.000000;1105.000000;3100.000000;mq;1;3;3600;5;3;4800;6;0;7800;mq;mq;mq;
07535;20110915120000;101460;-90;8;20;1.000000;301.450000;279.550000;25;35000;2;1;1;60;0;8000;30;20;11;98520;mq;mq;mq;mq;mq;mq;mq;mq;mq;mq;mq;3.600000;-10;mq;mq;0.000000;-60;0.000000;0.000000;0.000000;mq;mq;710.000000;1104.000000;3100.000000;mq;5;0;7500;mq;mq;mq;mq;mq;mq;mq;mq;mq;
07558;20110915120000;101350;-60;8;180;2.100000;300.650000;279.950000;27;60000;2;1;1;60;0;8000;30;20;12;93520;mq;mq;mq;mq;mq;mq;mq;mq;mq;mq;mq;5.700000;-10;mq;mq;0.000000;-60;0.000000;0.000000;0.000000;mq;mq;710.000000;1106.000000;3100.000000;mq;5;0;7500;mq;mq;mq;mq;mq;mq;mq;mq;mq;
07577;20110915120000;101680;-110;8;30;5.700000;298.350000;286.250000;47;30000;2;1;1;50;0;8000;30;20;11;100830;mq;mq;mq;mq;mq;mq;mq;mq;mq;mq;mq;10.300000;-10;mq;mq;0.000000;-60;0.000000;0.000000;0.000000;mq;mq;710.000000;1110.000000;3100.000000;mq;4;0;6900;mq;mq;mq;mq;mq;mq;mq;mq;mq;
07591;20110915120000;mq;-110;8;200;3.600000;300.650000;279.950000;27;mq;0;mq;mq;mq;mq;mq;mq;mq;mq;91790;mq;mq;mq;mq;mq;mq;mq;mq;mq;mq;mq;8.700000;-10;mq;mq;mq;mq;0.000000;0.000000;0.000000;mq;mq;710.000000;1109.000000;mq;mq;mq;mq;mq;mq;mq;mq;mq;mq;mq;mq;mq;mq;
07607;20110915120000;101430;-50;8;120;2.600000;301.750000;289.350000;47;19000;0;mq;mq;mq;mq;mq;mq;mq;mq;100760;mq;mq;mq;mq;mq;mq;mq;mq;mq;mq;mq;7.700000;-10;mq;mq;mq;mq;0.000000;0.000000;0.000000;mq;mq;710.000000;1108.000000;mq;mq;mq;mq;mq;mq;mq;mq;mq;mq;mq;mq;mq;mq;
07621;20110915120000;101370;20;0;90;1.000000;300.750000;290.850000;55;30000;2;1;1;50;1;2250;32;23;12;97310;mq;mq;mq;mq;mq;mq;mq;mq;mq;mq;mq;3.100000;-10;mq;mq;0.000000;-60;0.000000;0.000000;0.000000;mq;mq;710.000000;1103.000000;3100.000000;mq;1;8;2100;mq;mq;mq;mq;mq;mq;mq;mq;mq;
07627;20110915120000;101300;-50;8;80;0.500000;302.350000;288.450000;43;50000;2;1;1;40;1;2250;32;20;11;96760;mq;mq;mq;mq;mq;mq;mq;mq;mq;mq;mq;3.100000;-10;mq;mq;0.000000;-60;0.000000;0.000000;0.000000;mq;mq;710.000000;1103.000000;3100.000000;mq;1;8;2100;3;0;6900;mq;mq;mq;mq;mq;mq;
07630;20110915120000;101460;-60;8;100;2.600000;302.150000;285.950000;37;50000;2;1;1;50;1;3500;30;23;11;99770;mq;mq;mq;mq;mq;mq;mq;mq;mq;mq;mq;5.100000;-10;mq;mq;0.000000;-60;0.000000;0.000000;0.000000;mq;mq;710.000000;1105.000000;3100.000000;mq;1;3;4500;4;0;7500;mq;mq;mq;mq;mq;mq;
07643;20110915120000;101620;-50;8;110;3.100000;301.350000;286.850000;41;60000;2;1;1;50;0;8000;30;20;11;101530;mq;mq;mq;mq;mq;mq;mq;mq;mq;mq;mq;5.100000;-10;mq;mq;mq;mq;0.000000;0.000000;0.000000;mq;mq;710.000000;1105.000000;mq;mq;4;0;7800;mq;mq;mq;mq;mq;mq;mq;mq;mq;
07650;20110915120000;101580;-20;8;270;3.100000;300.850000;292.150000;59;40000;2;1;1;50;1;1250;31;20;12;101210;mq;mq;mq;mq;mq;mq;mq;mq;mq;mq;mq;4.100000;-10;mq;mq;0.000000;-60;0.000000;0.000000;0.000000;mq;mq;710.000000;1104.000000;3100.000000;mq;1;8;1080;4;0;7500;mq;mq;mq;mq;mq;mq;
07661;20110915120000;101650;40;1;180;5.700000;297.950000;292.550000;72;mq;mq;mq;mq;mq;mq;mq;mq;mq;mq;100120;mq;mq;mq;mq;mq;mq;mq;mq;mq;mq;mq;8.200000;-10;mq;mq;mq;mq;0.000000;0.000000;0.400000;mq;mq;710.000000;1108.000000;mq;mq;mq;mq;mq;mq;mq;mq;mq;mq;mq;mq;mq;mq;
07690;20110915120000;101700;10;0;150;3.100000;298.750000;293.550000;73;20000;2;1;1;25;2;800;31;20;11;101380;mq;mq;mq;mq;mq;mq;mq;mq;mq;mq;mq;5.100000;-10;mq;mq;0.000000;-60;0.000000;0.000000;0.000000;mq;mq;710.000000;1105.000000;3100.000000;mq;2;8;690;mq;mq;mq;mq;mq;mq;mq;mq;mq;
07747;20110915120000;101650;-30;8;110;3.600000;299.450000;285.550000;42;40000;2;1;1;50;1;1750;32;20;11;101140;mq;mq;mq;mq;mq;mq;mq;mq;mq;mq;mq;6.200000;-10;mq;mq;mq;mq;0.000000;0.000000;0.000000;mq;mq;710.000000;1106.000000;mq;mq;1;8;1800;4;0;7500;mq;mq;mq;mq;mq;mq;
07761;20110915120000;101610;-10;8;210;4.100000;300.450000;293.750000;67;30000;2;1;1;10;1;1750;31;20;11;101510;mq;mq;mq;mq;mq;mq;mq;mq;mq;mq;mq;5.700000;-10;mq;mq;0.000000;-60;0.000000;0.000000;0.000000;mq;mq;710.000000;1106.000000;3100.000000;mq;1;8;1500;mq;mq;mq;mq;mq;mq;mq;mq;mq;
07790;20110915120000;101650;0;0;90;3.100000;301.150000;290.950000;54;12000;2;1;1;10;1;1250;31;20;10;101510;mq;mq;mq;mq;mq;mq;mq;mq;mq;mq;mq;5.100000;-10;mq;mq;0.000000;-60;0.000000;0.000000;0.000000;mq;mq;710.000000;1105.000000;3100.000000;mq;1;8;1080;mq;mq;mq;mq;mq;mq;mq;mq;mq;
61968;20110915120000;101380;mq;mq;110;4.600000;301.150000;292.650000;60;mq;mq;mq;mq;mq;mq;mq;mq;mq;mq;mq;mq;mq;mq;mq;mq;mq;mq;mq;mq;mq;mq;9.800000;-10;mq;mq;mq;mq;0.000000;mq;0.000000;mq;mq;710.000000;1110.000000;mq;mq;mq;mq;mq;mq;mq;mq;mq;mq;mq;mq;mq;mq;
61970;20110915120000;101500;mq;mq;mq;mq;301.650000;293.650000;62;mq;mq;mq;mq;mq;mq;mq;mq;mq;mq;mq;mq;mq;mq;mq;mq;mq;mq;mq;mq;mq;mq;mq;mq;mq;mq;mq;mq;0.000000;mq;0.000000;mq;mq;mq;mq;mq;mq;mq;mq;mq;mq;mq;mq;mq;mq;mq;mq;mq;mq;
61972;20110915120000;101530;mq;mq;330;2.600000;300.050000;295.450000;76;mq;mq;mq;mq;mq;mq;mq;mq;mq;mq;mq;mq;mq;mq;mq;mq;mq;mq;mq;mq;mq;mq;5.100000;-10;mq;mq;mq;mq;0.000000;mq;0.000000;mq;mq;710.000000;1105.000000;mq;mq;mq;mq;mq;mq;mq;mq;mq;mq;mq;mq;mq;mq;
61976;20110915120000;101640;mq;mq;130;7.200000;299.150000;294.150000;74;mq;mq;mq;mq;mq;mq;mq;mq;mq;mq;101490;mq;mq;mq;mq;mq;mq;mq;mq;mq;mq;mq;mq;mq;mq;mq;mq;mq;mq;mq;mq;mq;mq;mq;mq;mq;mq;mq;mq;mq;mq;mq;mq;mq;mq;mq;mq;mq;mq;
61980;20110915120000;101960;mq;mq;110;11.300000;298.050000;289.750000;60;10000;2;1;1;10;1;1250;38;20;10;mq;mq;mq;mq;mq;mq;mq;mq;mq;mq;mq;mq;16.500000;-10;mq;mq;mq;mq;0.000000;mq;0.000000;mq;mq;710.000000;1116.000000;2437.000000;mq;1;8;990;mq;mq;mq;mq;mq;mq;mq;mq;mq;
61996;20110915120000;mq;mq;mq;mq;mq;286.550000;mq;mq;mq;mq;mq;mq;mq;mq;mq;mq;mq;mq;mq;mq;mq;mq;mq;mq;mq;mq;mq;mq;mq;mq;mq;mq;mq;mq;mq;mq;0.000000;mq;0.000000;mq;mq;mq;mq;mq;mq;mq;mq;mq;mq;mq;mq;mq;mq;mq;mq;mq;mq;
61997;20110915120000;100490;mq;mq;270;17.000000;278.050000;272.650000;68;mq;mq;mq;mq;mq;mq;mq;mq;mq;mq;mq;mq;mq;470;mq;mq;mq;mq;mq;mq;mq;mq;27.300000;-60;mq;mq;mq;mq;mq;mq;0.000000;mq;mq;1127.000000;mq;mq;mq;mq;mq;mq;mq;mq;mq;mq;mq;mq;mq;mq;mq;
61998;20110915120000;98460;mq;mq;270;20.100000;277.450000;271.850000;67;35000;2;1;1;25;1;800;31;23;14;mq;mq;mq;mq;mq;mq;mq;mq;mq;mq;mq;mq;27.300000;-10;mq;mq;mq;mq;0.000000;mq;0.000000;mq;mq;710.000000;1127.000000;mq;mq;1;8;900;mq;mq;mq;mq;mq;mq;mq;mq;mq;
67005;20110915120000;101440;mq;mq;90;3.100000;300.850000;292.650000;61;30000;2;1;1;25;2;800;32;20;10;mq;mq;mq;mq;mq;mq;mq;mq;mq;mq;mq;mq;5.700000;-10;mq;mq;mq;mq;0.000000;mq;0.000000;mq;mq;710.000000;1106.000000;mq;mq;2;8;690;mq;mq;mq;mq;mq;mq;mq;mq;mq;
71805;20110915120000;101980;100;1;230;4.100000;289.750000;289.750000;100;200;45;4;4;101;mq;mq;62;61;60;101900;mq;mq;mq;mq;mq;mq;mq;mq;mq;mq;mq;5.700000;-10;mq;mq;0.000000;-60;0.000000;0.000000;0.200000;mq;mq;710.000000;1106.000000;3100.000000;mq;mq;mq;mq;mq;mq;mq;mq;mq;mq;mq;mq;mq;
78897;20110915120000;101590;120;2;100;5.100000;302.550000;297.250000;73;20000;2;1;1;75;3;800;32;20;12;mq;mq;mq;10;299.150000;mq;mq;304.650000;mq;mq;mq;mq;mq;mq;mq;mq;mq;mq;mq;mq;0.000000;mq;0.400000;mq;mq;mq;mq;2;8;600;5;0;7800;mq;mq;mq;mq;mq;mq;
78922;20110915120000;101520;110;3;110;8.200000;302.450000;297.150000;73;mq;mq;mq;mq;mq;mq;mq;mq;mq;mq;101080;mq;mq;mq;mq;mq;mq;mq;mq;mq;mq;mq;mq;mq;mq;mq;mq;mq;mq;mq;mq;mq;mq;mq;mq;mq;mq;mq;mq;mq;mq;mq;mq;mq;mq;mq;mq;mq;mq;
78925;20110915120000;101400;20;0;70;5.700000;302.450000;298.250000;78;20000;2;1;1;40;3;800;32;20;10;mq;mq;mq;mq;299.650000;mq;mq;305.850000;mq;mq;mq;mq;mq;mq;mq;mq;mq;mq;mq;mq;0.000000;mq;4.600000;mq;mq;mq;mq;3;8;750;mq;mq;mq;mq;mq;mq;mq;mq;mq;
81401;20110915120000;101430;mq;mq;120;2.100000;300.850000;296.050000;75;mq;mq;mq;mq;mq;mq;mq;mq;mq;mq;101370;mq;mq;mq;295.750000;mq;mq;mq;mq;mq;mq;mq;mq;mq;mq;mq;mq;mq;mq;0.000000;mq;mq;0.000000;mq;mq;mq;mq;mq;mq;mq;mq;mq;mq;mq;mq;mq;mq;mq;mq;
81405;20110915120000;101420;mq;mq;110;2.100000;301.650000;297.850000;80;10000;2;1;1;60;4;450;32;23;12;101330;mq;mq;mq;296.250000;mq;mq;mq;mq;mq;mq;mq;mq;mq;mq;mq;mq;mq;mq;0.000000;mq;mq;0.200000;mq;mq;mq;mq;mq;mq;mq;mq;mq;mq;mq;mq;mq;mq;mq;mq;
81408;20110915120000;101390;mq;mq;150;1.000000;301.250000;297.050000;78;mq;mq;mq;mq;mq;mq;mq;mq;mq;mq;101310;mq;mq;mq;296.250000;mq;mq;mq;mq;mq;mq;mq;mq;mq;mq;mq;mq;mq;mq;0.000000;mq;mq;0.000000;mq;mq;mq;mq;mq;mq;mq;mq;mq;mq;mq;mq;mq;mq;mq;mq;
89642;20110915120000;99110;80;0;120;22.600000;267.550000;262.250000;63;4000;37;7;3;90;7;1250;35;61;60;98570;mq;mq;mq;264.250000;mq;267.850000;mq;mq;mq;mq;32.400000;34.500000;-60;mq;mq;mq;mq;mq;mq;mq;mq;mq;1032.000000;1134.000000;mq;mq;7;6;1290;mq;mq;mq;mq;mq;mq;mq;mq;mq;
07005;20110915150000;101990;-110;8;70;1.000000;292.150000;284.250000;60;30000;2;1;1;75;6;1250;38;20;10;101120;mq;mq;mq;mq;mq;mq;mq;mq;mq;mq;mq;3.600000;-10;mq;mq;0.000000;-30;0.000000;0.000000;mq;mq;mq;710.000000;1104.000000;3100.000000;mq;4;8;1080;4;6;1500;mq;mq;mq;mq;mq;mq;
07015;20110915150000;102070;-80;8;150;1.500000;291.950000;282.950000;56;30000;2;1;1;75;6;1250;38;20;10;101510;mq;mq;mq;mq;mq;mq;mq;mq;mq;mq;mq;3.600000;-10;mq;mq;0.000000;-30;0.000000;0.000000;mq;mq;mq;710.000000;1104.000000;3100.000000;mq;2;8;1290;5;6;1500;mq;mq;mq;mq;mq;mq;
07020;20110915150000;101950;-150;8;70;5.700000;290.650000;285.150000;70;20000;2;1;1;40;0;8000;30;20;16;101690;mq;mq;mq;mq;mq;mq;mq;mq;mq;mq;mq;8.200000;-10;mq;mq;mq;mq;0.000000;0.000000;mq;mq;mq;710.000000;1108.000000;mq;mq;3;2;4800;mq;mq;mq;mq;mq;mq;mq;mq;mq;
07027;20110915150000;101870;-130;6;30;4.100000;292.650000;284.650000;60;40000;2;1;1;10;1;1250;31;20;11;101080;mq;mq;mq;mq;mq;mq;mq;mq;mq;mq;mq;7.200000;-10;mq;mq;mq;mq;0.000000;0.000000;mq;mq;mq;710.000000;1107.000000;mq;mq;1;8;1380;mq;mq;mq;mq;mq;mq;mq;mq;mq;
07037;20110915150000;101930;-130;6;100;2.600000;292.850000;283.550000;55;20000;2;1;1;40;3;1250;34;20;10;100150;mq;mq;mq;mq;mq;mq;mq;mq;mq;mq;mq;6.700000;-10;mq;mq;0.000000;-30;0.000000;0.000000;mq;mq;mq;710.000000;1107.000000;3100.000000;mq;3;8;1350;mq;mq;mq;mq;mq;mq;mq;mq;mq;
07110;20110915150000;101630;-150;8;120;3.100000;294.550000;283.350000;49;35000;2;1;1;25;1;800;31;28;11;100520;mq;mq;mq;mq;mq;mq;mq;mq;mq;mq;mq;7.700000;-10;mq;mq;mq;mq;0.000000;0.000000;mq;mq;mq;710.000000;1108.000000;mq;mq;1;8;900;mq;mq;mq;mq;mq;mq;mq;mq;mq;
07117;20110915150000;101710;-170;8;70;8.200000;290.550000;285.650000;73;25000;2;1;1;40;3;800;32;20;11;101020;mq;mq;mq;mq;mq;mq;mq;mq;mq;mq;mq;11.800000;-10;mq;mq;mq;mq;0.000000;0.000000;mq;mq;mq;710.000000;1112.000000;2428.000000;mq;mq;mq;mq;mq;mq;mq;mq;mq;mq;mq;mq;mq;
07130;20110915150000;101690;-180;8;100;5.100000;294.550000;283.050000;48;40000;0;mq;mq;mq;mq;mq;mq;mq;mq;101190;mq;mq;mq;mq;mq;mq;mq;mq;mq;mq;mq;8.700000;-10;mq;mq;mq;mq;0.000000;0.000000;mq;mq;mq;710.000000;1109.000000;mq;mq;mq;mq;mq;mq;mq;mq;mq;mq;mq;mq;mq;mq;
07139;20110915150000;101820;-120;6;80;3.600000;293.550000;281.850000;47;40000;2;1;1;60;1;3500;30;28;12;100140;mq;mq;mq;mq;mq;mq;mq;mq;mq;mq;mq;8.700000;-10;mq;mq;0.000000;-30;0.000000;0.000000;mq;mq;mq;710.000000;1109.000000;3100.000000;mq;1;3;3300;5;0;6900;mq;mq;mq;mq;mq;mq;
07149;20110915150000;101950;-110;6;110;4.600000;293.750000;282.350000;48;25000;2;1;1;75;1;1750;34;20;12;100890;mq;mq;mq;mq;mq;mq;mq;mq;mq;mq;mq;8.200000;-10;mq;mq;0.000000;-30;0.000000;0.000000;mq;mq;mq;710.000000;1108.000000;3100.000000;mq;1;8;1500;6;0;7500;mq;mq;mq;mq;mq;mq;
07168;20110915150000;101930;-130;6;50;3.600000;292.950000;281.350000;47;25000;2;1;1;75;0;8000;30;20;12;100550;mq;mq;mq;mq;mq;mq;mq;mq;mq;mq;mq;5.700000;-10;mq;mq;0.000000;-30;0.000000;0.000000;mq;mq;mq;710.000000;1106.000000;3100.000000;mq;6;0;7500;mq;mq;mq;mq;mq;mq;mq;mq;mq;
07181;20110915150000;101960;-90;6;60;3.100000;291.850000;280.350000;47;60000;0;mq;mq;mq;mq;mq;mq;mq;mq;97980;mq;mq;mq;mq;mq;mq;mq;mq;mq;mq;mq;7.200000;-10;mq;mq;mq;mq;0.000000;0.000000;mq;mq;mq;710.000000;1107.000000;mq;mq;mq;mq;mq;mq;mq;mq;mq;mq;mq;mq;mq;mq;
07190;20110915150000;101950;-130;6;10;3.100000;294.350000;280.250000;40;55000;0;mq;mq;mq;mq;mq;mq;mq;mq;100190;mq;mq;mq;mq;mq;mq;mq;mq;mq;mq;mq;5.700000;-10;mq;mq;mq;mq;0.000000;0.000000;mq;mq;mq;710.000000;1106.000000;mq;mq;mq;mq;mq;mq;mq;mq;mq;mq;mq;mq;mq;mq;
07207;20110915150000;mq;mq;mq;100;6.700000;293.950000;283.450000;51;25000;2;1;1;25;2;800;31;20;10;mq;mq;mq;mq;mq;mq;mq;mq;mq;mq;mq;mq;11.300000;-10;mq;mq;mq;mq;0.000000;0.000000;mq;mq;mq;710.000000;1111.000000;2438.000000;mq;mq;mq;mq;mq;mq;mq;mq;mq;mq;mq;mq;mq;
07222;20110915150000;101570;-120;8;90;5.700000;295.550000;283.650000;47;30000;2;1;1;0;mq;mq;mq;mq;mq;101270;mq;mq;mq;mq;mq;mq;mq;mq;mq;mq;mq;8.700000;-10;mq;mq;mq;mq;0.000000;0.000000;mq;mq;mq;710.000000;1109.000000;mq;mq;mq;mq;mq;mq;mq;mq;mq;mq;mq;mq;mq;mq;
07240;20110915150000;101730;-140;6;60;4.600000;294.150000;284.250000;53;60000;0;mq;mq;75;mq;mq;mq;mq;mq;100420;mq;mq;mq;mq;mq;mq;mq;mq;mq;mq;mq;8.700000;-10;mq;mq;mq;mq;0.000000;0.000000;mq;mq;mq;710.000000;1109.000000;mq;mq;mq;mq;mq;mq;mq;mq;mq;mq;mq;mq;mq;mq;
07255;20110915150000;101690;-170;6;70;4.600000;295.950000;283.350000;45;40000;2;1;1;40;0;8000;30;20;12;99770;mq;mq;mq;mq;mq;mq;mq;mq;mq;mq;mq;8.200000;-10;mq;mq;0.000000;-30;0.000000;0.000000;mq;mq;mq;710.000000;1108.000000;3100.000000;mq;3;0;7200;mq;mq;mq;mq;mq;mq;mq;mq;mq;
07280;20110915150000;101800;-120;7;50;3.100000;295.450000;280.850000;39;60000;0;mq;mq;mq;mq;250;mq;mq;mq;99180;mq;mq;mq;mq;mq;mq;mq;mq;mq;mq;mq;5.100000;-10;mq;mq;mq;mq;0.000000;0.000000;mq;mq;mq;710.000000;1105.000000;mq;mq;mq;mq;mq;mq;mq;mq;mq;mq;mq;mq;mq;mq;
07299;20110915150000;101830;-130;6;10;3.100000;294.150000;284.250000;53;30000;2;1;1;60;1;1250;31;20;14;98680;mq;mq;mq;mq;mq;mq;mq;mq;mq;mq;mq;6.200000;-10;mq;mq;0.000000;-30;0.000000;0.000000;mq;mq;mq;710.000000;1106.000000;3100.000000;mq;1;8;1200;5;0;7800;mq;mq;mq;mq;mq;mq;
07314;20110915150000;101470;-140;8;50;2.100000;296.550000;290.350000;68;25000;2;1;1;10;1;2250;30;28;10;101200;mq;mq;mq;mq;mq;mq;mq;mq;mq;mq;mq;4.100000;-10;mq;mq;mq;mq;0.000000;0.000000;mq;mq;mq;710.000000;1104.000000;2428.000000;mq;1;3;1800;mq;mq;mq;mq;mq;mq;mq;mq;mq;
07335;20110915150000;101560;-130;8;70;3.600000;296.650000;285.950000;51;30000;2;1;1;10;1;3500;30;28;11;100180;mq;mq;mq;mq;mq;mq;mq;mq;mq;mq;mq;7.200000;-10;mq;mq;0.000000;-30;0.000000;0.000000;mq;mq;mq;710.000000;1107.000000;3100.000000;mq;1;3;3900;mq;mq;mq;mq;mq;mq;mq;mq;mq;
07434;20110915150000;101420;-90;6;20;1.000000;298.750000;279.850000;30;60000;2;1;1;40;2;3500;30;28;11;96890;mq;mq;mq;mq;mq;mq;mq;mq;mq;mq;mq;3.100000;-10;mq;mq;0.000000;-30;0.000000;0.000000;mq;mq;mq;710.000000;1103.000000;3100.000000;mq;2;3;4800;3;0;9000;mq;mq;mq;mq;mq;mq;
07460;20110915150000;101490;-180;6;10;1.000000;298.250000;284.050000;41;50000;2;1;1;50;0;8000;30;20;11;97800;mq;mq;mq;mq;mq;mq;mq;mq;mq;mq;mq;3.600000;-10;mq;mq;0.000000;-30;0.000000;0.000000;mq;mq;mq;710.000000;1104.000000;3100.000000;mq;4;0;7500;mq;mq;mq;mq;mq;mq;mq;mq;mq;
07471;20110915150000;mq;-120;6;10;1.000000;298.450000;281.050000;33;40000;2;1;1;60;0;8000;30;20;11;92210;85000;17700;mq;mq;mq;mq;mq;mq;mq;mq;mq;3.600000;-10;mq;mq;0.000000;-30;0.000000;0.000000;mq;mq;mq;710.000000;1104.000000;3100.000000;mq;5;0;7500;mq;mq;mq;mq;mq;mq;mq;mq;mq;
07481;20110915150000;101680;-140;6;330;2.100000;296.250000;286.450000;54;40000;2;1;1;75;0;8000;30;20;12;98930;mq;mq;mq;mq;mq;mq;mq;mq;mq;mq;mq;4.600000;-10;mq;mq;0.000000;-30;0.000000;0.000000;mq;mq;mq;710.000000;1105.000000;3100.000000;mq;6;0;7800;mq;mq;mq;mq;mq;mq;mq;mq;mq;
07510;20110915150000;101340;-160;6;90;3.100000;300.950000;286.850000;42;35000;2;1;1;50;1;3500;30;28;11;100730;mq;mq;mq;mq;mq;mq;mq;mq;mq;mq;mq;7.200000;-10;mq;mq;0.000000;-30;0.000000;0.000000;mq;mq;mq;710.000000;1107.000000;3100.000000;mq;1;3;4500;4;0;6300;mq;mq;mq;mq;mq;mq;
07535;20110915150000;101300;-120;6;110;1.000000;304.650000;277.450000;18;35000;2;1;1;75;4;3500;30;28;11;98400;mq;mq;mq;mq;mq;mq;mq;mq;mq;mq;mq;3.600000;-10;mq;mq;0.000000;-30;0.000000;0.000000;mq;mq;mq;710.000000;1104.000000;3100.000000;mq;4;3;2400;5;0;7500;mq;mq;mq;mq;mq;mq;
07558;20110915150000;101190;-90;6;150;1.500000;303.250000;274.650000;16;60000;2;1;1;40;0;8000;30;20;12;93430;mq;mq;mq;mq;mq;mq;mq;mq;mq;mq;mq;6.200000;-10;mq;mq;0.000000;-30;0.000000;0.000000;mq;mq;mq;710.000000;1106.000000;3100.000000;mq;3;0;7500;mq;mq;mq;mq;mq;mq;mq;mq;mq;
07577;20110915150000;101530;-140;6;30;4.600000;300.550000;285.350000;39;30000;2;1;1;50;0;8000;30;20;11;100690;mq;mq;mq;mq;mq;mq;mq;mq;mq;mq;mq;7.200000;-10;mq;mq;0.000000;-30;0.000000;0.000000;mq;mq;mq;710.000000;1107.000000;3100.000000;mq;4;0;6900;mq;mq;mq;mq;mq;mq;mq;mq;mq;
07591;20110915150000;mq;-100;6;220;4.100000;302.150000;278.950000;23;mq;0;mq;mq;mq;mq;mq;mq;mq;mq;91690;mq;mq;mq;mq;mq;mq;mq;mq;mq;mq;mq;9.300000;-10;mq;mq;mq;mq;0.000000;0.000000;mq;mq;mq;710.000000;1109.000000;mq;mq;mq;mq;mq;mq;mq;mq;mq;mq;mq;mq;mq;mq;
07607;20110915150000;101270;-150;6;130;2.600000;304.550000;290.050000;42;60000;0;mq;mq;100;mq;mq;mq;mq;mq;100610;mq;mq;mq;mq;mq;mq;mq;mq;mq;mq;mq;6.200000;-10;mq;mq;mq;mq;0.000000;0.000000;mq;mq;mq;710.000000;1106.000000;mq;mq;mq;mq;mq;mq;mq;mq;mq;mq;mq;mq;mq;mq;
07621;20110915150000;101280;-80;6;110;1.500000;300.550000;291.850000;59;30000;2;1;1;75;1;2250;39;28;13;97230;mq;mq;mq;mq;mq;mq;mq;mq;mq;mq;mq;4.100000;-10;mq;mq;0.000000;-30;0.000000;0.000000;mq;mq;mq;710.000000;1104.000000;3100.000000;mq;1;9;2100;4;3;3600;5;0;6000;mq;mq;mq;
07627;20110915150000;101270;-50;6;260;1.500000;300.450000;292.750000;63;50000;2;1;1;75;1;2250;32;28;13;96710;mq;mq;mq;mq;mq;mq;mq;mq;mq;mq;mq;3.100000;-10;mq;mq;0.000000;-30;0.000000;0.000000;mq;mq;mq;710.000000;1103.000000;3100.000000;mq;1;8;2100;5;3;2700;5;0;6900;mq;mq;mq;
07630;20110915150000;101290;-150;6;120;2.100000;305.550000;284.150000;27;50000;2;1;1;40;0;8000;30;20;13;99620;mq;mq;mq;mq;mq;mq;mq;mq;mq;mq;mq;5.700000;-10;mq;mq;0.000000;-30;0.000000;0.000000;mq;mq;mq;710.000000;1106.000000;3100.000000;mq;1;0;6900;3;0;7800;mq;mq;mq;mq;mq;mq;
07643;20110915150000;101560;-60;6;190;4.600000;298.350000;292.450000;70;60000;2;1;1;50;0;8000;30;20;11;101470;mq;mq;mq;mq;mq;mq;mq;mq;mq;mq;mq;6.700000;-10;mq;mq;mq;mq;0.000000;0.000000;mq;mq;mq;710.000000;1107.000000;mq;mq;4;0;7800;mq;mq;mq;mq;mq;mq;mq;mq;mq;
07650;20110915150000;101560;-20;5;180;6.700000;300.350000;290.850000;56;40000;2;1;1;40;1;1250;31;20;12;101190;mq;mq;mq;mq;mq;mq;mq;mq;mq;mq;mq;10.300000;-10;mq;mq;0.000000;-30;0.000000;0.000000;mq;mq;mq;710.000000;1110.000000;3100.000000;mq;1;8;1080;3;0;7500;mq;mq;mq;mq;mq;mq;
07661;20110915150000;101620;-40;6;210;3.100000;297.350000;292.650000;75;25000;2;1;1;60;2;800;32;20;18;100080;mq;mq;mq;mq;mq;mq;mq;mq;mq;mq;mq;6.700000;-10;mq;mq;mq;mq;0.000000;0.000000;mq;mq;mq;710.000000;1107.000000;mq;mq;2;8;780;3;2;4800;mq;mq;mq;mq;mq;mq;
07690;20110915150000;101650;-50;7;160;2.100000;298.750000;293.050000;71;40000;2;1;1;60;1;800;31;20;11;101330;mq;mq;mq;mq;mq;mq;mq;mq;mq;mq;mq;3.600000;-10;mq;mq;0.000000;-30;0.000000;0.000000;mq;mq;mq;710.000000;1104.000000;3100.000000;mq;1;8;600;5;0;7500;mq;mq;mq;mq;mq;mq;
07747;20110915150000;101560;-80;6;90;3.600000;299.850000;283.950000;37;40000;2;1;1;50;1;2250;32;20;11;101060;mq;mq;mq;mq;mq;mq;mq;mq;mq;mq;mq;6.700000;-10;mq;mq;mq;mq;0.000000;0.000000;mq;mq;mq;710.000000;1107.000000;mq;mq;1;8;1800;3;0;7500;mq;mq;mq;mq;mq;mq;
07761;20110915150000;101590;-20;7;180;5.100000;300.850000;292.150000;59;30000;2;1;1;10;1;1750;32;20;10;101490;mq;mq;mq;mq;mq;mq;mq;mq;mq;mq;mq;6.700000;-10;mq;mq;0.000000;-30;0.000000;0.000000;mq;mq;mq;710.000000;1107.000000;3100.000000;mq;1;8;1500;mq;mq;mq;mq;mq;mq;mq;mq;mq;
07790;20110915150000;101600;-50;6;90;2.600000;300.950000;289.550000;50;12000;2;1;1;10;1;1250;31;20;10;101460;mq;mq;mq;mq;mq;mq;mq;mq;mq;mq;mq;4.100000;-10;mq;mq;0.000000;-30;0.000000;0.000000;mq;mq;mq;710.000000;1104.000000;3100.000000;mq;1;8;1080;mq;mq;mq;mq;mq;mq;mq;mq;mq;
61968;20110915150000;101470;mq;mq;90;6.200000;298.350000;293.350000;74;mq;mq;mq;mq;mq;mq;mq;mq;mq;mq;mq;mq;mq;mq;mq;mq;mq;mq;mq;mq;mq;mq;12.900000;-10;mq;mq;mq;mq;0.000000;0.000000;mq;mq;mq;710.000000;1113.000000;mq;mq;mq;mq;mq;mq;mq;mq;mq;mq;mq;mq;mq;mq;
61970;20110915150000;101530;mq;mq;mq;mq;298.650000;293.850000;75;mq;mq;mq;mq;mq;mq;mq;mq;mq;mq;mq;mq;mq;mq;mq;mq;mq;mq;mq;mq;mq;mq;mq;mq;mq;mq;mq;mq;0.000000;0.000000;mq;mq;mq;mq;mq;mq;mq;mq;mq;mq;mq;mq;mq;mq;mq;mq;mq;mq;mq;
61972;20110915150000;101560;mq;mq;320;1.000000;297.750000;295.450000;87;mq;mq;mq;mq;mq;mq;mq;mq;mq;mq;mq;mq;mq;mq;mq;mq;mq;mq;mq;mq;mq;mq;2.600000;-10;mq;mq;mq;mq;0.000000;0.000000;mq;mq;mq;710.000000;1103.000000;mq;mq;mq;mq;mq;mq;mq;mq;mq;mq;mq;mq;mq;mq;
61976;20110915150000;101790;mq;mq;110;11.300000;295.150000;292.550000;85;mq;mq;mq;mq;mq;mq;mq;mq;mq;mq;101640;mq;mq;mq;mq;mq;mq;mq;mq;mq;mq;mq;mq;mq;mq;mq;mq;mq;mq;mq;mq;mq;mq;mq;mq;mq;mq;mq;mq;mq;mq;mq;mq;mq;mq;mq;mq;mq;mq;
61980;20110915150000;102070;mq;mq;120;8.200000;294.950000;289.250000;70;10000;2;1;1;10;1;800;31;20;10;mq;mq;mq;mq;mq;mq;mq;mq;mq;mq;mq;mq;12.300000;-10;mq;mq;mq;mq;0.000000;0.000000;mq;mq;mq;710.000000;1112.000000;mq;mq;1;8;780;mq;mq;mq;mq;mq;mq;mq;mq;mq;
61996;20110915150000;mq;mq;mq;mq;mq;286.350000;mq;mq;mq;mq;mq;mq;mq;mq;mq;mq;mq;mq;mq;mq;mq;mq;mq;mq;mq;mq;mq;mq;mq;mq;mq;mq;mq;mq;mq;mq;0.000000;0.000000;mq;mq;mq;mq;mq;mq;mq;mq;mq;mq;mq;mq;mq;mq;mq;mq;mq;mq;mq;
61997;20110915150000;100550;mq;mq;260;12.300000;277.050000;271.850000;69;mq;mq;mq;mq;mq;mq;mq;mq;mq;mq;mq;mq;mq;640;mq;mq;mq;mq;mq;mq;mq;mq;24.700000;-30;mq;mq;mq;mq;mq;0.400000;mq;mq;mq;1125.000000;mq;mq;mq;mq;mq;mq;mq;mq;mq;mq;mq;mq;mq;mq;mq;
61998;20110915150000;98620;mq;mq;270;13.400000;275.850000;271.650000;74;mq;mq;mq;mq;mq;mq;mq;mq;mq;mq;mq;mq;mq;mq;mq;mq;mq;mq;mq;mq;mq;mq;21.600000;-10;mq;mq;mq;mq;0.000000;0.000000;mq;mq;mq;710.000000;1122.000000;mq;mq;mq;mq;mq;mq;mq;mq;mq;mq;mq;mq;mq;mq;
67005;20110915150000;101520;mq;mq;90;1.500000;298.550000;292.450000;69;30000;2;1;1;10;1;800;31;20;10;mq;mq;mq;mq;mq;mq;mq;mq;mq;mq;mq;mq;3.100000;-10;mq;mq;mq;mq;0.000000;0.000000;mq;mq;mq;710.000000;1103.000000;mq;mq;1;8;660;mq;mq;mq;mq;mq;mq;mq;mq;mq;
71805;20110915150000;102020;40;1;230;4.100000;290.550000;290.550000;100;200;42;4;4;100;8;30;36;61;60;101940;mq;mq;mq;mq;mq;mq;mq;mq;mq;mq;mq;5.100000;-10;mq;mq;0.000000;-30;0.000000;0.000000;mq;mq;mq;710.000000;1105.000000;3100.000000;mq;8;7;30;mq;mq;mq;mq;mq;mq;mq;mq;mq;
78897;20110915150000;101620;30;2;90;6.200000;304.150000;296.550000;64;25000;2;1;1;75;3;800;38;20;12;mq;mq;mq;mq;mq;mq;mq;mq;mq;mq;mq;mq;mq;mq;mq;mq;mq;mq;mq;mq;mq;mq;mq;mq;mq;mq;mq;3;8;780;5;0;7800;mq;mq;mq;mq;mq;mq;
78922;20110915150000;101570;50;0;110;8.200000;303.550000;296.750000;67;mq;mq;mq;mq;mq;mq;mq;mq;mq;mq;101130;mq;mq;mq;mq;mq;mq;mq;mq;mq;mq;mq;mq;mq;mq;mq;mq;mq;mq;mq;mq;mq;mq;mq;mq;mq;mq;mq;mq;mq;mq;mq;mq;mq;mq;mq;mq;mq;mq;
78925;20110915150000;101560;160;1;70;7.700000;303.750000;297.850000;71;20000;2;1;1;60;5;800;32;20;10;mq;mq;mq;mq;mq;mq;mq;mq;mq;mq;mq;mq;mq;mq;mq;mq;mq;mq;mq;mq;mq;mq;mq;mq;mq;mq;mq;5;8;780;mq;mq;mq;mq;mq;mq;mq;mq;mq;
81401;20110915150000;101360;mq;mq;50;2.100000;304.950000;295.650000;58;mq;mq;mq;mq;mq;mq;mq;mq;mq;mq;101300;mq;mq;mq;mq;mq;mq;mq;mq;mq;mq;mq;mq;mq;mq;mq;mq;mq;mq;0.000000;mq;mq;mq;mq;mq;mq;mq;mq;mq;mq;mq;mq;mq;mq;mq;mq;mq;mq;mq;
81405;20110915150000;101380;mq;mq;120;3.100000;305.750000;295.850000;56;10000;2;1;1;75;5;1250;32;23;12;101290;mq;mq;mq;mq;mq;mq;mq;mq;mq;mq;mq;mq;mq;mq;mq;mq;mq;mq;0.000000;mq;mq;mq;mq;mq;mq;mq;mq;mq;mq;mq;mq;mq;mq;mq;mq;mq;mq;mq;
81408;20110915150000;101340;mq;mq;140;2.600000;305.450000;296.150000;58;mq;mq;mq;mq;mq;mq;mq;mq;mq;mq;101260;mq;mq;mq;mq;mq;mq;mq;mq;mq;mq;mq;mq;mq;mq;mq;mq;mq;mq;0.000000;mq;mq;mq;mq;mq;mq;mq;mq;mq;mq;mq;mq;mq;mq;mq;mq;mq;mq;mq;
81415;20110915150000;101430;mq;mq;170;1.000000;303.550000;296.750000;67;mq;mq;mq;mq;mq;mq;mq;mq;mq;mq;100240;mq;mq;mq;mq;mq;mq;mq;mq;mq;mq;mq;mq;mq;mq;mq;mq;mq;0.000000;0.000000;mq;mq;mq;mq;mq;mq;mq;mq;mq;mq;mq;mq;mq;mq;mq;mq;mq;mq;mq;
89642;20110915150000;99370;250;3;130;22.100000;265.650000;261.250000;68;mq;mq;mq;mq;mq;mq;mq;mq;mq;mq;98820;mq;mq;mq;mq;mq;mq;mq;mq;mq;mq;33.400000;38.100000;-30;mq;mq;mq;mq;mq;mq;mq;mq;mq;1033.000000;1138.000000;mq;mq;mq;mq;mq;mq;mq;mq;mq;mq;mq;mq;mq;mq;
07005;20110915180000;101930;-70;6;80;2.600000;289.250000;283.550000;69;mq;mq;mq;mq;mq;mq;mq;mq;mq;mq;101050;mq;mq;mq;282.950000;mq;292.950000;mq;mq;mq;mq;mq;4.100000;-10;mq;mq;mq;mq;0.000000;0.000000;mq;0.200000;mq;710.000000;1104.000000;mq;mq;mq;mq;mq;mq;mq;mq;mq;mq;mq;mq;mq;mq;
07015;20110915180000;102000;-70;6;110;1.500000;288.750000;283.550000;71;35000;2;1;1;40;2;1750;35;20;11;101440;mq;mq;mq;282.450000;mq;292.750000;mq;mq;mq;mq;mq;1.500000;-10;mq;mq;0.000000;-60;0.000000;0.000000;mq;0.000000;mq;710.000000;1102.000000;3100.000000;mq;2;6;1500;mq;mq;mq;mq;mq;mq;mq;mq;mq;
07020;20110915180000;101830;-120;6;90;6.700000;288.850000;284.850000;77;20000;2;1;1;60;4;1250;32;27;16;101570;mq;mq;mq;283.350000;mq;291.050000;mq;mq;mq;mq;mq;9.300000;-10;mq;mq;mq;mq;0.000000;0.000000;mq;0.000000;mq;710.000000;1109.000000;mq;mq;2;8;990;4;4;3000;mq;mq;mq;mq;mq;mq;
07027;20110915180000;101760;-120;6;20;2.600000;289.550000;286.250000;81;40000;0;mq;mq;75;mq;mq;mq;mq;mq;100960;mq;mq;mq;278.950000;mq;294.050000;mq;mq;mq;mq;mq;7.700000;-10;mq;mq;mq;mq;0.000000;0.000000;mq;0.000000;mq;710.000000;1108.000000;mq;mq;mq;mq;mq;mq;mq;mq;mq;mq;mq;mq;mq;mq;
07037;20110915180000;101860;-100;6;90;2.600000;288.350000;283.150000;71;55000;0;mq;mq;mq;mq;450;mq;mq;mq;100050;mq;mq;mq;279.950000;mq;293.350000;mq;mq;mq;mq;mq;5.100000;-10;mq;mq;mq;mq;0.000000;0.000000;mq;0.000000;mq;710.000000;1105.000000;mq;mq;mq;mq;mq;mq;mq;mq;mq;mq;mq;mq;mq;mq;
07110;20110915180000;101510;-130;6;50;4.100000;290.050000;285.550000;75;35000;2;1;1;60;2;3500;30;28;11;100390;mq;mq;mq;282.050000;mq;294.650000;mq;mq;mq;mq;mq;5.100000;-10;mq;mq;mq;mq;0.000000;0.000000;mq;0.000000;mq;710.000000;1105.000000;mq;mq;2;3;3300;5;0;7500;mq;mq;mq;mq;mq;mq;
07117;20110915180000;101640;-70;7;80;5.100000;289.250000;285.450000;78;25000;2;1;1;75;6;3500;30;27;19;100950;mq;mq;mq;285.350000;mq;292.850000;mq;mq;mq;mq;mq;9.800000;-10;mq;mq;mq;mq;0.000000;0.000000;mq;0.000000;mq;710.000000;1110.000000;2448.000000;mq;mq;mq;mq;mq;mq;mq;mq;mq;mq;mq;mq;mq;
07130;20110915180000;101600;-100;6;90;3.100000;291.850000;283.450000;58;40000;0;mq;mq;mq;mq;mq;mq;mq;mq;101090;mq;mq;mq;280.450000;mq;294.950000;mq;mq;mq;mq;mq;7.200000;-10;mq;mq;mq;mq;0.000000;0.000000;mq;0.000000;mq;710.000000;1107.000000;mq;mq;mq;mq;mq;mq;mq;mq;mq;mq;mq;mq;mq;mq;
07139;20110915180000;101720;-110;6;70;2.600000;290.950000;281.550000;54;mq;mq;mq;mq;mq;mq;mq;mq;mq;mq;100030;mq;mq;mq;278.950000;mq;293.750000;mq;mq;mq;mq;mq;6.200000;-10;mq;mq;mq;mq;0.000000;0.000000;mq;0.000000;mq;710.000000;1106.000000;mq;mq;mq;mq;mq;mq;mq;mq;mq;mq;mq;mq;mq;mq;
07149;20110915180000;101830;-120;6;90;3.600000;291.150000;281.650000;54;25000;2;1;1;10;1;3500;30;27;10;100770;mq;mq;mq;281.150000;mq;294.150000;mq;mq;mq;mq;mq;6.200000;-10;mq;mq;0.000000;-60;0.000000;0.000000;mq;0.000000;mq;710.000000;1106.000000;3100.000000;mq;1;3;3000;mq;mq;mq;mq;mq;mq;mq;mq;mq;
07168;20110915180000;101870;-70;6;40;2.100000;290.550000;282.450000;59;20000;0;mq;mq;mq;mq;mq;mq;mq;mq;100480;mq;mq;mq;278.350000;mq;293.750000;mq;mq;mq;mq;mq;5.100000;-10;mq;mq;mq;mq;0.000000;0.000000;mq;0.000000;mq;710.000000;1105.000000;mq;mq;mq;mq;mq;mq;mq;mq;mq;mq;mq;mq;mq;mq;
07181;20110915180000;101970;-40;5;40;1.500000;288.150000;282.250000;68;60000;0;mq;mq;mq;mq;mq;mq;mq;mq;97940;mq;mq;mq;278.950000;mq;292.450000;mq;mq;mq;mq;mq;3.100000;-10;mq;mq;mq;mq;0.000000;0.000000;mq;0.000000;mq;710.000000;1103.000000;mq;mq;mq;mq;mq;mq;mq;mq;mq;mq;mq;mq;mq;mq;
07190;20110915180000;101950;-20;6;10;2.600000;290.150000;282.050000;59;5000;0;mq;mq;mq;mq;mq;mq;mq;mq;100170;mq;mq;mq;280.950000;mq;294.650000;mq;mq;mq;mq;mq;6.200000;-10;mq;mq;mq;mq;0.000000;0.000000;mq;0.000000;mq;710.000000;1106.000000;mq;mq;mq;mq;mq;mq;mq;mq;mq;mq;mq;mq;mq;mq;
07207;20110915180000;mq;mq;mq;90;5.700000;291.850000;286.050000;69;25000;2;1;1;40;2;450;32;27;11;mq;mq;mq;mq;286.850000;mq;294.450000;mq;mq;mq;mq;mq;8.200000;-10;mq;mq;mq;mq;0.000000;0.000000;mq;0.200000;mq;710.000000;1108.000000;2438.000000;mq;mq;mq;mq;mq;mq;mq;mq;mq;mq;mq;mq;mq;
07222;20110915180000;101490;-90;6;80;3.600000;293.250000;284.450000;57;30000;2;1;1;10;0;8000;30;20;12;101180;mq;mq;mq;284.350000;mq;295.650000;mq;mq;mq;mq;mq;8.200000;-10;mq;mq;mq;mq;0.000000;0.000000;mq;0.000000;mq;710.000000;1108.000000;mq;mq;1;0;6600;mq;mq;mq;mq;mq;mq;mq;mq;mq;
07240;20110915180000;101640;-100;6;60;3.600000;291.350000;283.950000;62;30000;2;1;1;0;mq;mq;mq;mq;mq;100320;mq;mq;mq;282.750000;mq;294.850000;mq;mq;mq;mq;mq;6.700000;-10;mq;mq;0.000000;-60;0.000000;0.000000;mq;0.000000;mq;710.000000;1107.000000;3100.000000;mq;mq;mq;mq;mq;mq;mq;mq;mq;mq;mq;mq;mq;
07255;20110915180000;101670;-30;5;60;2.600000;293.650000;284.550000;56;20000;0;mq;mq;mq;mq;mq;mq;mq;mq;99740;mq;mq;mq;282.150000;mq;296.650000;mq;mq;mq;mq;mq;6.200000;-10;mq;mq;mq;mq;0.000000;0.000000;mq;0.000000;mq;710.000000;1106.000000;mq;mq;mq;mq;mq;mq;mq;mq;mq;mq;mq;mq;mq;mq;
07280;20110915180000;101760;-70;6;80;2.100000;291.050000;283.150000;60;60000;0;mq;mq;mq;mq;mq;mq;mq;mq;99110;mq;mq;mq;282.650000;mq;295.450000;mq;mq;mq;mq;mq;4.100000;-10;mq;mq;mq;mq;0.000000;0.000000;mq;0.000000;mq;710.000000;1104.000000;mq;mq;mq;mq;mq;mq;mq;mq;mq;mq;mq;mq;mq;mq;
07299;20110915180000;101900;mq;mq;320;2.100000;288.750000;285.150000;79;30000;2;1;1;60;0;8000;30;20;14;98690;mq;mq;mq;mq;mq;mq;mq;mq;mq;mq;mq;mq;mq;mq;mq;0.000000;-60;mq;mq;mq;mq;mq;3100.000000;mq;mq;mq;5;0;7800;mq;mq;mq;mq;mq;mq;mq;mq;mq;
07314;20110915180000;101370;-100;6;70;2.600000;295.450000;290.350000;73;mq;mq;mq;mq;mq;mq;mq;mq;mq;mq;101100;mq;mq;mq;288.750000;mq;296.750000;mq;mq;mq;mq;mq;5.100000;-10;mq;mq;mq;mq;0.000000;0.000000;mq;0.000000;mq;710.000000;1105.000000;mq;mq;mq;mq;mq;mq;mq;mq;mq;mq;mq;mq;mq;mq;
07335;20110915180000;101500;-70;6;50;3.100000;294.250000;285.950000;59;60000;0;mq;mq;mq;mq;mq;mq;mq;mq;100110;mq;mq;mq;281.250000;mq;296.950000;mq;mq;mq;mq;mq;5.700000;-10;mq;mq;mq;mq;0.000000;0.000000;mq;0.000000;mq;710.000000;1106.000000;mq;mq;mq;mq;mq;mq;mq;mq;mq;mq;mq;mq;mq;mq;
07434;20110915180000;101420;-40;6;360;1.500000;295.150000;287.750000;63;60000;0;mq;mq;mq;mq;250;mq;mq;mq;96850;mq;mq;mq;284.250000;mq;299.650000;mq;mq;mq;mq;mq;3.600000;-10;mq;mq;mq;mq;0.000000;0.000000;mq;0.000000;mq;710.000000;1104.000000;mq;mq;mq;mq;mq;mq;mq;mq;mq;mq;mq;mq;mq;mq;
07460;20110915180000;101530;-10;5;360;2.600000;294.150000;286.050000;60;40000;2;1;1;40;1;3500;30;23;11;97790;mq;mq;mq;280.450000;mq;298.650000;mq;mq;mq;mq;mq;4.100000;-10;mq;mq;0.000000;-60;0.000000;0.000000;mq;0.000000;mq;710.000000;1104.000000;3100.000000;mq;1;3;4800;3;0;7500;mq;mq;mq;mq;mq;mq;
07471;20110915180000;mq;20;3;0;0.000000;291.950000;286.750000;72;20000;0;mq;mq;mq;mq;mq;mq;mq;mq;92230;85000;17730;mq;281.950000;mq;298.750000;mq;mq;mq;mq;mq;3.100000;-10;mq;mq;mq;mq;0.000000;0.000000;mq;0.000000;mq;710.000000;1103.000000;mq;mq;mq;mq;mq;mq;mq;mq;mq;mq;mq;mq;mq;mq;
07481;20110915180000;101670;-40;6;360;2.100000;293.550000;286.550000;64;50000;2;1;1;40;0;8000;30;20;12;98890;mq;mq;mq;283.950000;mq;296.450000;mq;mq;mq;mq;mq;4.100000;-10;mq;mq;0.000000;-60;0.000000;0.000000;mq;0.000000;mq;710.000000;1104.000000;3100.000000;mq;3;0;7800;mq;mq;mq;mq;mq;mq;mq;mq;mq;
07510;20110915180000;101280;-70;6;90;3.600000;299.150000;287.950000;50;50000;2;1;1;40;1;3500;30;28;11;100660;mq;mq;mq;287.350000;mq;301.250000;mq;mq;mq;mq;mq;5.100000;-10;mq;mq;0.000000;-60;0.000000;0.000000;mq;0.000000;mq;710.000000;1105.000000;3100.000000;mq;1;3;4500;3;0;7800;mq;mq;mq;mq;mq;mq;
07535;20110915180000;101340;-10;6;30;1.500000;299.550000;281.050000;31;mq;mq;mq;mq;mq;mq;mq;mq;mq;mq;98390;mq;mq;mq;282.950000;mq;305.250000;mq;mq;mq;mq;mq;2.600000;-10;mq;mq;mq;mq;0.000000;0.000000;mq;0.000000;mq;710.000000;1103.000000;mq;mq;mq;mq;mq;mq;mq;mq;mq;mq;mq;mq;mq;mq;
07558;20110915180000;101440;60;3;160;4.100000;295.850000;281.550000;40;mq;mq;mq;mq;mq;mq;mq;mq;mq;mq;93490;mq;mq;mq;284.250000;mq;303.850000;mq;mq;mq;mq;mq;7.200000;-10;mq;mq;mq;mq;0.000000;0.000000;mq;0.000000;mq;710.000000;1107.000000;mq;mq;mq;mq;mq;mq;mq;mq;mq;mq;mq;mq;mq;mq;
07577;20110915180000;101570;20;3;10;2.100000;296.750000;286.050000;51;20000;0;mq;mq;mq;mq;mq;mq;mq;mq;100710;mq;mq;mq;288.650000;mq;300.550000;mq;mq;mq;mq;mq;4.600000;-10;mq;mq;mq;mq;0.000000;0.000000;mq;0.000000;mq;710.000000;1105.000000;mq;mq;mq;mq;mq;mq;mq;mq;mq;mq;mq;mq;mq;mq;
07591;20110915180000;mq;90;3;190;3.600000;296.150000;280.250000;36;mq;0;mq;mq;mq;mq;mq;mq;mq;mq;91780;mq;mq;mq;286.750000;mq;302.850000;mq;mq;mq;mq;mq;5.100000;-10;mq;mq;mq;mq;0.000000;0.000000;mq;0.000000;mq;710.000000;1105.000000;mq;mq;mq;mq;mq;mq;mq;mq;mq;mq;mq;mq;mq;mq;
07607;20110915180000;101230;-50;7;70;2.100000;300.850000;291.550000;57;60000;0;mq;mq;mq;mq;mq;mq;mq;mq;100560;mq;mq;mq;285.150000;mq;304.650000;mq;mq;mq;mq;mq;3.600000;-10;mq;mq;mq;mq;0.000000;0.000000;mq;0.000000;mq;710.000000;1104.000000;mq;mq;mq;mq;mq;mq;mq;mq;mq;mq;mq;mq;mq;mq;
07621;20110915180000;101240;-80;8;190;9.300000;298.350000;285.550000;45;30000;2;1;1;75;2;2250;32;28;12;97150;mq;mq;mq;287.150000;mq;302.150000;mq;mq;mq;mq;mq;13.900000;-10;mq;mq;0.000000;-60;0.000000;0.000000;mq;0.000000;mq;710.000000;1114.000000;3100.000000;mq;2;8;2100;5;3;3600;5;0;6000;mq;mq;mq;
07627;20110915180000;101380;40;2;160;2.600000;296.450000;291.550000;74;mq;mq;mq;mq;mq;mq;mq;mq;mq;mq;96750;mq;mq;mq;288.250000;mq;303.750000;mq;mq;mq;mq;mq;4.100000;-10;mq;mq;mq;mq;0.000000;0.000000;mq;0.000000;mq;710.000000;1104.000000;mq;mq;mq;mq;mq;mq;mq;mq;mq;mq;mq;mq;mq;mq;
07630;20110915180000;101330;20;3;140;4.600000;302.150000;284.250000;33;50000;2;1;1;90;5;3500;30;28;13;99640;mq;mq;mq;288.550000;mq;305.750000;mq;mq;mq;mq;mq;6.700000;-10;mq;mq;0.000000;-60;0.000000;0.000000;mq;0.000000;mq;710.000000;1107.000000;3100.000000;mq;5;3;4800;6;0;7800;mq;mq;mq;mq;mq;mq;
07643;20110915180000;101590;30;3;210;2.600000;294.850000;290.050000;74;60000;2;1;1;60;0;8000;30;20;11;101500;mq;mq;mq;290.050000;mq;301.850000;mq;mq;mq;mq;mq;4.100000;-10;mq;mq;mq;mq;0.000000;0.000000;mq;0.000000;mq;710.000000;1104.000000;mq;mq;5;0;7800;mq;mq;mq;mq;mq;mq;mq;mq;mq;
07650;20110915180000;101610;50;3;160;2.100000;295.950000;289.950000;69;40000;2;1;1;50;1;800;31;20;12;101240;mq;mq;mq;290.850000;mq;302.350000;mq;mq;mq;mq;mq;6.200000;-10;mq;mq;0.000000;-60;0.000000;0.000000;mq;0.000000;mq;710.000000;1106.000000;3100.000000;mq;1;8;780;4;0;7500;mq;mq;mq;mq;mq;mq;
07661;20110915180000;101620;10;4;260;1.500000;295.350000;292.550000;84;mq;mq;mq;mq;mq;mq;mq;mq;mq;mq;100070;mq;mq;mq;292.050000;mq;298.250000;mq;mq;mq;mq;mq;3.100000;-10;mq;mq;mq;mq;0.000000;0.000000;mq;0.400000;mq;710.000000;1103.000000;mq;mq;mq;mq;mq;mq;mq;mq;mq;mq;mq;mq;mq;mq;
07690;20110915180000;101660;10;3;210;2.100000;297.550000;291.450000;69;50000;2;1;1;60;0;8000;30;20;11;101340;mq;mq;mq;294.050000;mq;299.450000;mq;mq;mq;mq;mq;3.100000;-10;mq;mq;0.000000;-60;0.000000;0.000000;mq;0.000000;mq;710.000000;1103.000000;3100.000000;mq;5;0;7500;mq;mq;mq;mq;mq;mq;mq;mq;mq;
07747;20110915180000;101570;0;5;120;2.100000;296.350000;286.850000;55;60000;0;mq;mq;mq;mq;mq;mq;mq;mq;101060;mq;mq;mq;292.050000;mq;300.450000;mq;mq;mq;mq;mq;3.100000;-10;mq;mq;mq;mq;0.000000;0.000000;mq;0.000000;mq;710.000000;1103.000000;mq;mq;mq;mq;mq;mq;mq;mq;mq;mq;mq;mq;mq;mq;
07761;20110915180000;101620;30;3;260;0.500000;297.750000;292.150000;71;25000;2;1;1;25;1;2250;34;20;11;101520;mq;mq;mq;291.150000;mq;301.050000;mq;mq;mq;mq;mq;3.600000;-10;mq;mq;0.000000;-60;0.000000;0.000000;mq;0.000000;mq;710.000000;1104.000000;3100.000000;mq;1;6;1800;mq;mq;mq;mq;mq;mq;mq;mq;mq;
07790;20110915180000;101630;30;3;170;0.500000;296.050000;292.250000;79;12000;2;1;1;10;0;8000;30;20;11;101490;mq;mq;mq;292.450000;mq;302.050000;mq;mq;mq;mq;mq;1.500000;-10;mq;mq;0.000000;-60;0.000000;0.000000;mq;0.000000;mq;710.000000;1102.000000;3100.000000;mq;1;0;7500;mq;mq;mq;mq;mq;mq;mq;mq;mq;
61968;20110915180000;101620;mq;mq;100;5.100000;298.550000;292.650000;70;mq;mq;mq;mq;mq;mq;mq;mq;mq;mq;mq;mq;mq;mq;mq;mq;302.250000;mq;mq;mq;mq;mq;10.300000;-10;mq;mq;mq;mq;0.000000;mq;mq;0.000000;mq;710.000000;1110.000000;mq;mq;mq;mq;mq;mq;mq;mq;mq;mq;mq;mq;mq;mq;
61970;20110915180000;101670;mq;mq;mq;mq;297.550000;293.450000;78;mq;mq;mq;mq;mq;mq;mq;mq;mq;mq;mq;mq;mq;mq;mq;mq;302.050000;mq;mq;mq;mq;mq;mq;mq;mq;mq;mq;mq;0.000000;mq;mq;0.000000;mq;mq;mq;mq;mq;mq;mq;mq;mq;mq;mq;mq;mq;mq;mq;mq;mq;
61972;20110915180000;101680;mq;mq;0;0.000000;296.550000;295.150000;92;mq;mq;mq;mq;mq;mq;mq;mq;mq;mq;mq;mq;mq;mq;mq;mq;301.650000;mq;mq;mq;mq;mq;2.100000;-10;mq;mq;mq;mq;0.000000;mq;mq;0.000000;mq;710.000000;1102.000000;mq;mq;mq;mq;mq;mq;mq;mq;mq;mq;mq;mq;mq;mq;
61976;20110915180000;101920;mq;mq;120;7.200000;294.450000;293.050000;92;mq;mq;mq;mq;mq;mq;mq;mq;mq;mq;101770;mq;mq;mq;mq;mq;mq;mq;mq;mq;mq;mq;mq;mq;mq;mq;mq;mq;mq;mq;mq;mq;mq;mq;mq;mq;mq;mq;mq;mq;mq;mq;mq;mq;mq;mq;mq;mq;mq;
61980;20110915180000;102220;mq;mq;120;7.200000;294.650000;288.050000;66;10000;2;1;1;25;2;800;38;20;10;mq;mq;mq;mq;mq;mq;299.350000;mq;mq;mq;mq;mq;10.300000;-10;mq;mq;mq;mq;0.000000;mq;mq;0.000000;mq;710.000000;1110.000000;mq;mq;2;8;690;mq;mq;mq;mq;mq;mq;mq;mq;mq;
61996;20110915180000;mq;mq;mq;mq;mq;286.550000;mq;mq;mq;mq;mq;mq;mq;mq;mq;mq;mq;mq;mq;mq;mq;mq;mq;mq;287.150000;mq;mq;mq;mq;mq;mq;mq;mq;mq;mq;mq;0.000000;mq;mq;0.000000;mq;mq;mq;mq;mq;mq;mq;mq;mq;mq;mq;mq;mq;mq;mq;mq;mq;
61997;20110915180000;100710;mq;mq;280;9.800000;276.850000;272.450000;73;mq;mq;mq;mq;mq;mq;mq;mq;mq;mq;mq;mq;mq;790;mq;mq;279.450000;mq;mq;mq;mq;mq;24.700000;-60;mq;mq;mq;mq;mq;mq;mq;0.400000;mq;1125.000000;mq;mq;mq;mq;mq;mq;mq;mq;mq;mq;mq;mq;mq;mq;mq;
61998;20110915180000;98500;mq;mq;270;18.000000;275.950000;272.350000;77;mq;mq;mq;mq;mq;mq;mq;mq;mq;mq;mq;mq;mq;mq;mq;mq;281.950000;mq;mq;mq;mq;mq;22.600000;-10;mq;mq;mq;mq;0.000000;mq;mq;0.000000;mq;710.000000;1123.000000;mq;mq;mq;mq;mq;mq;mq;mq;mq;mq;mq;mq;mq;mq;
67005;20110915180000;101670;mq;mq;250;3.600000;297.750000;294.250000;81;mq;0;mq;mq;mq;mq;mq;mq;mq;mq;mq;mq;mq;mq;mq;mq;301.750000;mq;mq;mq;mq;mq;4.100000;-10;mq;mq;mq;mq;0.000000;mq;mq;0.000000;mq;710.000000;1104.000000;mq;mq;mq;mq;mq;mq;mq;mq;mq;mq;mq;mq;mq;mq;
71805;20110915180000;101960;-60;6;200;2.600000;290.150000;289.950000;99;100;47;4;4;101;mq;mq;62;61;60;101880;mq;mq;mq;mq;289.050000;291.050000;mq;mq;mq;mq;mq;4.100000;-10;mq;mq;0.000000;-60;0.000000;0.000000;mq;0.200000;mq;710.000000;1104.000000;3100.000000;mq;mq;mq;mq;mq;mq;mq;mq;mq;mq;mq;mq;mq;
78897;20110915180000;101470;-150;6;80;6.200000;304.050000;297.250000;67;25000;2;1;1;75;4;800;38;20;12;mq;mq;mq;0;mq;299.150000;304.850000;mq;mq;mq;mq;mq;mq;mq;mq;mq;mq;mq;mq;mq;0.000000;mq;0.000000;mq;mq;mq;mq;4;8;900;5;0;7800;mq;mq;mq;mq;mq;mq;
78922;20110915180000;101390;-180;8;90;8.200000;302.950000;296.450000;68;mq;mq;mq;mq;mq;mq;mq;mq;mq;mq;100950;mq;mq;mq;mq;mq;mq;mq;mq;mq;mq;mq;mq;mq;mq;mq;mq;mq;mq;mq;mq;mq;mq;mq;mq;mq;mq;mq;mq;mq;mq;mq;mq;mq;mq;mq;mq;mq;mq;
78925;20110915180000;101390;-170;8;80;8.200000;304.350000;297.250000;66;20000;2;1;1;60;5;800;32;20;10;mq;mq;mq;mq;mq;299.650000;305.350000;mq;mq;mq;mq;mq;mq;mq;mq;mq;mq;mq;mq;mq;0.000000;mq;mq;mq;mq;mq;mq;5;8;780;mq;mq;mq;mq;mq;mq;mq;mq;mq;
81401;20110915180000;101060;mq;mq;70;1.000000;306.950000;294.750000;49;mq;mq;mq;mq;mq;mq;mq;mq;mq;mq;101000;mq;mq;mq;mq;mq;mq;mq;mq;mq;mq;mq;mq;mq;mq;mq;mq;mq;mq;0.000000;0.000000;mq;mq;mq;mq;mq;mq;mq;mq;mq;mq;mq;mq;mq;mq;mq;mq;mq;mq;
81405;20110915180000;101140;mq;mq;60;5.700000;305.050000;298.150000;67;10000;2;1;1;60;4;1250;32;20;11;101050;mq;mq;mq;mq;mq;mq;mq;mq;mq;mq;mq;mq;mq;mq;mq;mq;mq;mq;0.000000;0.000000;mq;mq;mq;mq;mq;mq;mq;mq;mq;mq;mq;mq;mq;mq;mq;mq;mq;mq;
81408;20110915180000;101100;mq;mq;90;3.100000;306.350000;294.150000;49;mq;mq;mq;mq;mq;mq;mq;mq;mq;mq;101020;mq;mq;mq;mq;mq;mq;mq;mq;mq;mq;mq;mq;mq;mq;mq;mq;mq;mq;0.000000;0.000000;mq;mq;mq;mq;mq;mq;mq;mq;mq;mq;mq;mq;mq;mq;mq;mq;mq;mq;
81415;20110915180000;101100;mq;mq;80;1.500000;306.250000;295.650000;54;mq;mq;mq;mq;mq;mq;mq;mq;mq;mq;99930;mq;mq;mq;mq;mq;mq;mq;mq;mq;mq;mq;mq;mq;mq;mq;mq;mq;0.000000;0.000000;0.000000;mq;mq;mq;mq;mq;mq;mq;mq;mq;mq;mq;mq;mq;mq;mq;mq;mq;mq;
89642;20110915180000;99510;140;1;130;20.600000;263.450000;260.150000;74;mq;mq;mq;mq;mq;mq;mq;mq;mq;mq;98960;mq;mq;mq;mq;mq;mq;mq;mq;mq;mq;30.900000;38.100000;-60;mq;mq;mq;mq;mq;mq;mq;mq;mq;1031.000000;1138.000000;mq;mq;mq;mq;mq;mq;mq;mq;mq;mq;mq;mq;mq;mq;
07005;20110915210000;101940;0;5;80;3.100000;285.550000;282.750000;83;mq;mq;mq;mq;mq;mq;mq;mq;mq;mq;101050;mq;mq;mq;mq;mq;mq;mq;mq;mq;mq;mq;4.600000;-10;mq;mq;mq;mq;0.000000;0.000000;mq;mq;mq;710.000000;1105.000000;mq;mq;mq;mq;mq;mq;mq;mq;mq;mq;mq;mq;mq;mq;
07015;20110915210000;102020;10;1;70;2.100000;285.850000;282.250000;79;20000;2;1;1;25;0;8000;30;20;11;101450;mq;mq;mq;mq;mq;mq;mq;mq;mq;mq;mq;3.100000;-10;mq;mq;0.000000;-30;0.000000;0.000000;mq;mq;mq;710.000000;1103.000000;3100.000000;mq;2;0;6900;mq;mq;mq;mq;mq;mq;mq;mq;mq;
07020;20110915210000;101780;-50;8;100;4.600000;287.650000;286.050000;90;20000;2;1;1;50;2;1750;32;20;11;101520;mq;mq;mq;mq;mq;mq;mq;mq;mq;mq;mq;6.200000;-10;mq;mq;mq;mq;0.000000;0.000000;mq;mq;mq;710.000000;1106.000000;mq;mq;2;8;1500;3;0;6000;mq;mq;mq;mq;mq;mq;
07027;20110915210000;101740;-30;8;100;2.600000;285.550000;283.950000;90;40000;0;mq;mq;mq;mq;mq;mq;mq;mq;100930;mq;mq;mq;mq;mq;mq;mq;mq;mq;mq;mq;3.600000;-10;mq;mq;mq;mq;0.000000;0.000000;mq;mq;mq;710.000000;1104.000000;mq;mq;mq;mq;mq;mq;mq;mq;mq;mq;mq;mq;mq;mq;
07037;20110915210000;101850;-20;8;80;4.600000;286.250000;283.050000;81;50000;0;mq;mq;mq;mq;mq;mq;mq;mq;100030;mq;mq;mq;mq;mq;mq;mq;mq;mq;mq;mq;5.700000;-10;mq;mq;mq;mq;0.000000;0.000000;mq;mq;mq;710.000000;1106.000000;mq;mq;mq;mq;mq;mq;mq;mq;mq;mq;mq;mq;mq;mq;
07110;20110915210000;101560;40;3;80;2.600000;287.750000;284.550000;81;35000;2;1;1;60;2;3500;30;28;11;100430;mq;mq;mq;mq;mq;mq;mq;mq;mq;mq;mq;4.600000;-10;mq;mq;mq;mq;0.000000;0.000000;mq;mq;mq;710.000000;1105.000000;mq;mq;2;3;3300;5;0;7500;mq;mq;mq;mq;mq;mq;
07117;20110915210000;101560;-80;8;110;4.100000;288.450000;286.150000;86;25000;2;1;1;75;6;3500;30;28;10;100870;mq;mq;mq;mq;mq;mq;mq;mq;mq;mq;mq;6.200000;-10;mq;mq;mq;mq;0.000000;0.000000;mq;mq;mq;710.000000;1106.000000;2428.000000;mq;mq;mq;mq;mq;mq;mq;mq;mq;mq;mq;mq;mq;
07130;20110915210000;101590;-10;8;100;1.500000;287.950000;283.150000;73;40000;0;mq;mq;mq;mq;mq;mq;mq;mq;101080;mq;mq;mq;mq;mq;mq;mq;mq;mq;mq;mq;2.600000;-10;mq;mq;mq;mq;0.000000;0.000000;mq;mq;mq;710.000000;1103.000000;mq;mq;mq;mq;mq;mq;mq;mq;mq;mq;mq;mq;mq;mq;
07139;20110915210000;101750;10;0;30;2.600000;285.450000;281.550000;77;mq;mq;mq;mq;mq;mq;mq;mq;mq;mq;100020;mq;mq;mq;mq;mq;mq;mq;mq;mq;mq;mq;4.100000;-10;mq;mq;mq;mq;0.000000;0.000000;mq;mq;mq;710.000000;1104.000000;mq;mq;mq;mq;mq;mq;mq;mq;mq;mq;mq;mq;mq;mq;
07149;20110915210000;101850;10;0;80;2.600000;288.450000;282.150000;66;25000;2;1;1;10;1;3500;30;27;10;100780;mq;mq;mq;mq;mq;mq;mq;mq;mq;mq;mq;3.600000;-10;mq;mq;0.000000;-30;0.000000;0.000000;mq;mq;mq;710.000000;1104.000000;3100.000000;mq;1;3;2400;mq;mq;mq;mq;mq;mq;mq;mq;mq;
07168;20110915210000;101900;0;0;100;0.500000;285.850000;281.750000;76;20000;0;mq;mq;mq;mq;mq;mq;mq;mq;100480;mq;mq;mq;mq;mq;mq;mq;mq;mq;mq;mq;3.100000;-10;mq;mq;mq;mq;0.000000;0.000000;mq;mq;mq;710.000000;1103.000000;mq;mq;mq;mq;mq;mq;mq;mq;mq;mq;mq;mq;mq;mq;
07181;20110915210000;101970;-50;6;100;2.100000;284.150000;281.550000;84;60000;0;mq;mq;mq;mq;mq;mq;mq;mq;97890;mq;mq;mq;mq;mq;mq;mq;mq;mq;mq;mq;3.100000;-10;mq;mq;mq;mq;0.000000;0.000000;mq;mq;mq;710.000000;1103.000000;mq;mq;mq;mq;mq;mq;mq;mq;mq;mq;mq;mq;mq;mq;
07190;20110915210000;102000;10;1;330;3.100000;284.950000;281.650000;80;50000;0;mq;mq;mq;mq;mq;mq;mq;mq;100180;mq;mq;mq;mq;mq;mq;mq;mq;mq;mq;mq;3.600000;-10;mq;mq;mq;mq;0.000000;0.000000;mq;mq;mq;710.000000;1104.000000;mq;mq;mq;mq;mq;mq;mq;mq;mq;mq;mq;mq;mq;mq;
07207;20110915210000;mq;mq;mq;100;6.700000;291.650000;284.750000;64;25000;2;1;1;40;1;450;32;27;10;mq;mq;mq;mq;mq;mq;mq;mq;mq;mq;mq;mq;9.800000;-10;mq;mq;mq;mq;0.000000;0.000000;mq;mq;mq;710.000000;1110.000000;2438.000000;mq;mq;mq;mq;mq;mq;mq;mq;mq;mq;mq;mq;mq;
07222;20110915210000;101490;0;0;90;5.100000;290.750000;285.450000;71;25000;25;8;6;50;4;3500;30;27;10;101180;mq;mq;mq;mq;mq;mq;mq;mq;mq;mq;mq;6.700000;-10;mq;mq;mq;mq;0.000000;0.000000;mq;mq;mq;710.000000;1107.000000;mq;mq;2;3;3300;3;3;5100;mq;mq;mq;mq;mq;mq;
07240;20110915210000;101630;-20;8;70;4.600000;288.450000;283.450000;72;30000;2;1;1;0;mq;mq;mq;mq;mq;100300;mq;mq;mq;mq;mq;mq;mq;mq;mq;mq;mq;6.700000;-10;mq;mq;0.000000;-30;0.000000;0.000000;mq;mq;mq;710.000000;1107.000000;3100.000000;mq;mq;mq;mq;mq;mq;mq;mq;mq;mq;mq;mq;mq;
07255;20110915210000;101680;-20;8;110;2.600000;288.950000;284.150000;73;20000;0;mq;mq;mq;mq;mq;mq;mq;mq;99720;mq;mq;mq;mq;mq;mq;mq;mq;mq;mq;mq;4.600000;-10;mq;mq;mq;mq;0.000000;0.000000;mq;mq;mq;710.000000;1105.000000;mq;mq;mq;mq;mq;mq;mq;mq;mq;mq;mq;mq;mq;mq;
07280;20110915210000;101820;20;0;350;3.100000;287.750000;282.750000;72;60000;0;mq;mq;mq;mq;mq;mq;mq;mq;99130;mq;mq;mq;mq;mq;mq;mq;mq;mq;mq;mq;4.100000;-10;mq;mq;mq;mq;0.000000;0.000000;mq;mq;mq;710.000000;1104.000000;mq;mq;mq;mq;mq;mq;mq;mq;mq;mq;mq;mq;mq;mq;
07299;20110915210000;101980;30;2;320;1.500000;284.750000;283.150000;90;30000;2;1;1;10;0;8000;30;20;12;98720;mq;mq;mq;mq;mq;mq;mq;mq;mq;mq;mq;3.100000;-10;mq;mq;0.000000;-30;0.000000;0.000000;mq;mq;mq;710.000000;1103.000000;3100.000000;mq;1;0;6300;mq;mq;mq;mq;mq;mq;mq;mq;mq;
07314;20110915210000;101540;170;1;50;4.100000;293.850000;290.450000;81;20000;61;6;1;60;5;2250;30;28;10;101270;mq;mq;mq;mq;mq;mq;mq;mq;mq;mq;mq;9.300000;-10;mq;mq;mq;mq;1.000000;1.000000;mq;mq;mq;710.000000;1109.000000;mq;mq;5;3;1800;mq;mq;mq;mq;mq;mq;mq;mq;mq;
07335;20110915210000;101530;10;0;70;2.100000;290.150000;285.850000;76;60000;0;mq;mq;mq;mq;mq;mq;mq;mq;100120;mq;mq;mq;mq;mq;mq;mq;mq;mq;mq;mq;3.600000;-10;mq;mq;mq;mq;0.000000;0.000000;mq;mq;mq;710.000000;1104.000000;mq;mq;mq;mq;mq;mq;mq;mq;mq;mq;mq;mq;mq;mq;
07434;20110915210000;101500;20;3;60;2.600000;291.750000;287.250000;75;60000;0;mq;mq;mq;mq;mq;mq;mq;mq;96870;mq;mq;mq;mq;mq;mq;mq;mq;mq;mq;mq;5.100000;-10;mq;mq;mq;mq;0.000000;0.000000;mq;mq;mq;710.000000;1105.000000;mq;mq;mq;mq;mq;mq;mq;mq;mq;mq;mq;mq;mq;mq;
07460;20110915210000;101700;90;1;240;0.500000;288.450000;285.050000;80;40000;2;1;1;10;1;3500;30;23;10;97880;mq;mq;mq;mq;mq;mq;mq;mq;mq;mq;mq;1.000000;-10;mq;mq;0.000000;-30;0.000000;0.000000;mq;mq;mq;710.000000;1101.000000;3100.000000;mq;1;3;4500;mq;mq;mq;mq;mq;mq;mq;mq;mq;
07471;20110915210000;mq;110;1;230;1.500000;285.850000;284.250000;90;20000;0;mq;mq;mq;mq;mq;mq;mq;mq;92340;85000;17830;mq;mq;mq;mq;mq;mq;mq;mq;mq;3.100000;-10;mq;mq;mq;mq;0.000000;0.000000;mq;mq;mq;710.000000;1103.000000;mq;mq;mq;mq;mq;mq;mq;mq;mq;mq;mq;mq;mq;mq;
07481;20110915210000;101770;70;1;80;1.000000;290.250000;286.150000;77;50000;2;1;1;40;0;8000;30;20;12;98960;mq;mq;mq;mq;mq;mq;mq;mq;mq;mq;mq;3.100000;-10;mq;mq;0.000000;-30;0.000000;0.000000;mq;mq;mq;710.000000;1103.000000;3100.000000;mq;3;0;7800;mq;mq;mq;mq;mq;mq;mq;mq;mq;
07510;20110915210000;101320;30;0;90;1.500000;293.150000;288.950000;77;50000;2;1;1;40;1;3500;30;28;11;100690;mq;mq;mq;mq;mq;mq;mq;mq;mq;mq;mq;1.500000;-10;mq;mq;0.000000;-30;0.000000;0.000000;mq;mq;mq;710.000000;1102.000000;3100.000000;mq;1;3;4500;3;0;7800;mq;mq;mq;mq;mq;mq;
07535;20110915210000;101460;40;0;130;2.100000;291.950000;282.450000;54;mq;mq;mq;mq;mq;mq;mq;mq;mq;mq;98430;mq;mq;mq;mq;mq;mq;mq;mq;mq;mq;mq;3.100000;-10;mq;mq;mq;mq;0.000000;0.000000;mq;mq;mq;710.000000;1103.000000;mq;mq;mq;mq;mq;mq;mq;mq;mq;mq;mq;mq;mq;mq;
07558;20110915210000;101660;120;1;100;2.600000;292.350000;285.350000;64;mq;mq;mq;mq;mq;mq;mq;mq;mq;mq;93610;mq;mq;mq;mq;mq;mq;mq;mq;mq;mq;mq;3.600000;-10;mq;mq;mq;mq;0.000000;0.000000;mq;mq;mq;710.000000;1104.000000;mq;mq;mq;mq;mq;mq;mq;mq;mq;mq;mq;mq;mq;mq;
07577;20110915210000;101730;150;1;80;1.500000;292.050000;286.250000;69;20000;0;mq;mq;mq;mq;mq;mq;mq;mq;100860;mq;mq;mq;mq;mq;mq;mq;mq;mq;mq;mq;3.100000;-10;mq;mq;mq;mq;0.000000;0.000000;mq;mq;mq;710.000000;1103.000000;mq;mq;mq;mq;mq;mq;mq;mq;mq;mq;mq;mq;mq;mq;
07591;20110915210000;mq;180;1;350;1.500000;291.450000;281.450000;52;mq;0;mq;mq;mq;mq;mq;mq;mq;mq;91960;mq;mq;mq;mq;mq;mq;mq;mq;mq;mq;mq;2.600000;-10;mq;mq;mq;mq;0.000000;0.000000;mq;mq;mq;710.000000;1103.000000;mq;mq;mq;mq;mq;mq;mq;mq;mq;mq;mq;mq;mq;mq;
07607;20110915210000;101280;30;0;90;1.500000;294.250000;290.250000;78;60000;0;mq;mq;100;mq;mq;mq;mq;mq;100590;mq;mq;mq;mq;mq;mq;mq;mq;mq;mq;mq;3.100000;-10;mq;mq;mq;mq;0.000000;0.000000;mq;mq;mq;710.000000;1103.000000;mq;mq;mq;mq;mq;mq;mq;mq;mq;mq;mq;mq;mq;mq;
07621;20110915210000;101290;30;2;150;4.100000;297.450000;285.450000;47;30000;2;1;1;25;1;3500;30;23;11;97180;mq;mq;mq;mq;mq;mq;mq;mq;mq;mq;mq;9.800000;-10;mq;mq;0.000000;-30;0.000000;0.000000;mq;mq;mq;710.000000;1110.000000;3100.000000;mq;1;3;3900;mq;mq;mq;mq;mq;mq;mq;mq;mq;
07627;20110915210000;101400;0;0;150;5.100000;295.450000;288.050000;63;mq;mq;mq;mq;mq;mq;mq;mq;mq;mq;96750;mq;mq;mq;mq;mq;mq;mq;mq;mq;mq;mq;7.700000;-10;mq;mq;mq;mq;0.000000;0.000000;mq;mq;mq;710.000000;1108.000000;mq;mq;mq;mq;mq;mq;mq;mq;mq;mq;mq;mq;mq;mq;
07630;20110915210000;101430;70;0;140;5.100000;298.250000;282.950000;38;50000;2;1;1;90;0;8000;30;20;12;99710;mq;mq;mq;mq;mq;mq;mq;mq;mq;mq;mq;7.700000;-10;mq;mq;0.000000;-30;0.000000;0.000000;mq;mq;mq;710.000000;1108.000000;3100.000000;mq;7;0;5400;mq;mq;mq;mq;mq;mq;mq;mq;mq;
07643;20110915210000;101700;110;1;130;1.500000;292.150000;289.750000;86;20000;2;1;1;0;mq;mq;mq;mq;mq;101610;mq;mq;mq;mq;mq;mq;mq;mq;mq;mq;mq;2.100000;-10;mq;mq;mq;mq;0.000000;0.000000;mq;mq;mq;710.000000;1102.000000;mq;mq;mq;mq;mq;mq;mq;mq;mq;mq;mq;mq;mq;mq;
07650;20110915210000;101720;100;1;150;1.500000;292.850000;287.650000;72;40000;2;1;1;40;1;800;31;20;12;101340;mq;mq;mq;mq;mq;mq;mq;mq;mq;mq;mq;2.100000;-10;mq;mq;0.000000;-30;0.000000;0.000000;mq;mq;mq;710.000000;1102.000000;3100.000000;mq;1;8;780;3;0;7500;mq;mq;mq;mq;mq;mq;
07661;20110915210000;101720;90;1;340;2.100000;294.050000;291.450000;85;mq;mq;mq;mq;mq;mq;mq;mq;mq;mq;100160;mq;mq;mq;mq;mq;mq;mq;mq;mq;mq;mq;2.600000;-10;mq;mq;mq;mq;0.000000;0.000000;mq;mq;mq;710.000000;1103.000000;mq;mq;mq;mq;mq;mq;mq;mq;mq;mq;mq;mq;mq;mq;
07690;20110915210000;101770;100;1;320;2.600000;295.550000;291.350000;77;20000;2;1;1;40;0;8000;30;20;11;101440;mq;mq;mq;mq;mq;mq;mq;mq;mq;mq;mq;3.100000;-10;mq;mq;0.000000;-30;0.000000;0.000000;mq;mq;mq;710.000000;1103.000000;3100.000000;mq;3;0;8100;mq;mq;mq;mq;mq;mq;mq;mq;mq;
07747;20110915210000;101640;60;1;260;1.000000;292.450000;286.650000;69;60000;0;mq;mq;mq;mq;mq;mq;mq;mq;101120;mq;mq;mq;mq;mq;mq;mq;mq;mq;mq;mq;1.000000;-10;mq;mq;mq;mq;0.000000;0.000000;mq;mq;mq;710.000000;1101.000000;mq;mq;mq;mq;mq;mq;mq;mq;mq;mq;mq;mq;mq;mq;
07761;20110915210000;101700;70;0;60;3.100000;293.750000;289.950000;79;25000;2;1;1;0;mq;mq;mq;mq;mq;101590;mq;mq;mq;mq;mq;mq;mq;mq;mq;mq;mq;4.600000;-10;mq;mq;0.000000;-30;0.000000;0.000000;mq;mq;mq;710.000000;1105.000000;3100.000000;mq;mq;mq;mq;mq;mq;mq;mq;mq;mq;mq;mq;mq;
07790;20110915210000;101720;90;1;260;1.000000;293.250000;289.850000;81;12000;2;1;1;10;0;8000;30;20;11;101580;mq;mq;mq;mq;mq;mq;mq;mq;mq;mq;mq;2.100000;-10;mq;mq;0.000000;-30;0.000000;0.000000;mq;mq;mq;710.000000;1102.000000;3100.000000;mq;1;0;7500;mq;mq;mq;mq;mq;mq;mq;mq;mq;
61968;20110915210000;101620;mq;mq;100;4.600000;298.050000;293.350000;75;mq;mq;mq;mq;mq;mq;mq;mq;mq;mq;mq;mq;mq;mq;mq;mq;mq;mq;mq;mq;mq;mq;9.300000;-10;mq;mq;mq;mq;0.000000;0.000000;mq;mq;mq;710.000000;1109.000000;mq;mq;mq;mq;mq;mq;mq;mq;mq;mq;mq;mq;mq;mq;
61972;20110915210000;101710;mq;mq;350;2.100000;296.550000;295.550000;94;mq;mq;mq;mq;mq;mq;mq;mq;mq;mq;mq;mq;mq;mq;mq;mq;mq;mq;mq;mq;mq;mq;3.100000;-10;mq;mq;mq;mq;0.000000;0.000000;mq;mq;mq;710.000000;1103.000000;mq;mq;mq;mq;mq;mq;mq;mq;mq;mq;mq;mq;mq;mq;
61980;20110915210000;102180;mq;mq;130;5.700000;294.450000;288.550000;69;60000;0;mq;mq;mq;mq;1750;mq;mq;mq;mq;mq;mq;mq;mq;mq;mq;mq;mq;mq;mq;mq;8.700000;-10;mq;mq;mq;mq;0.000000;0.000000;mq;mq;mq;710.000000;1109.000000;mq;mq;mq;mq;mq;mq;mq;mq;mq;mq;mq;mq;mq;mq;
61996;20110915210000;mq;mq;mq;mq;mq;286.450000;mq;mq;mq;mq;mq;mq;mq;mq;mq;mq;mq;mq;mq;mq;mq;mq;mq;mq;mq;mq;mq;mq;mq;mq;mq;mq;mq;mq;mq;mq;0.000000;0.000000;mq;mq;mq;mq;mq;mq;mq;mq;mq;mq;mq;mq;mq;mq;mq;mq;mq;mq;mq;
61997;20110915210000;100870;mq;mq;260;3.100000;276.550000;272.850000;77;mq;mq;mq;mq;mq;mq;mq;mq;mq;mq;mq;mq;mq;760;mq;mq;mq;mq;mq;mq;mq;mq;20.100000;-30;mq;mq;mq;mq;mq;0.000000;mq;mq;mq;1120.000000;mq;mq;mq;mq;mq;mq;mq;mq;mq;mq;mq;mq;mq;mq;mq;
61998;20110915210000;98810;mq;mq;260;14.900000;275.650000;272.850000;82;mq;mq;mq;mq;mq;mq;mq;mq;mq;mq;mq;mq;mq;mq;mq;mq;mq;mq;mq;mq;mq;mq;19.500000;-10;mq;mq;mq;mq;0.000000;0.000000;mq;mq;mq;710.000000;1120.000000;mq;mq;mq;mq;mq;mq;mq;mq;mq;mq;mq;mq;mq;mq;
67005;20110915210000;101660;mq;mq;340;1.500000;295.650000;293.550000;88;mq;0;mq;mq;mq;mq;mq;mq;mq;mq;mq;mq;mq;mq;mq;mq;mq;mq;mq;mq;mq;mq;1.500000;-10;mq;mq;mq;mq;0.000000;0.000000;mq;mq;mq;710.000000;1102.000000;mq;mq;mq;mq;mq;mq;mq;mq;mq;mq;mq;mq;mq;mq;
71805;20110915210000;101840;-120;6;170;3.600000;289.450000;289.450000;100;100;47;4;4;101;mq;mq;62;61;60;101760;mq;mq;mq;mq;mq;mq;mq;mq;mq;mq;mq;6.200000;-10;mq;mq;0.000000;-30;0.000000;0.000000;mq;mq;mq;710.000000;1106.000000;3100.000000;mq;mq;mq;mq;mq;mq;mq;mq;mq;mq;mq;mq;mq;
78897;20110915210000;101450;-20;5;70;7.200000;302.950000;296.850000;70;25000;2;8;6;75;3;800;38;20;12;mq;mq;mq;60;mq;mq;mq;mq;mq;mq;mq;mq;mq;mq;mq;mq;mq;mq;mq;mq;mq;mq;mq;mq;mq;mq;mq;3;8;780;5;0;7800;mq;mq;mq;mq;mq;mq;
78922;20110915210000;101350;-40;6;100;7.700000;301.550000;295.050000;68;mq;mq;mq;mq;mq;mq;mq;mq;mq;mq;100910;mq;mq;mq;mq;mq;mq;mq;mq;mq;mq;mq;mq;mq;mq;mq;mq;mq;mq;mq;mq;mq;mq;mq;mq;mq;mq;mq;mq;mq;mq;mq;mq;mq;mq;mq;mq;mq;mq;
78925;20110915210000;101300;-90;6;60;4.100000;302.750000;297.850000;75;18000;3;8;6;75;6;800;39;20;10;mq;mq;mq;mq;mq;mq;mq;mq;mq;mq;mq;mq;mq;mq;mq;mq;mq;mq;mq;mq;mq;mq;mq;mq;mq;mq;mq;2;9;600;5;8;750;mq;mq;mq;mq;mq;mq;
81401;20110915210000;101020;mq;mq;90;1.000000;297.850000;296.050000;90;mq;mq;mq;mq;mq;mq;mq;mq;mq;mq;100960;mq;mq;mq;mq;mq;mq;mq;mq;mq;mq;mq;mq;mq;mq;mq;mq;mq;mq;5.000000;mq;mq;mq;mq;mq;mq;mq;mq;mq;mq;mq;mq;mq;mq;mq;mq;mq;mq;mq;
81405;20110915210000;101100;mq;mq;90;3.600000;302.250000;297.150000;74;10000;2;1;1;60;2;800;32;23;12;101010;mq;mq;mq;mq;mq;mq;mq;mq;mq;mq;mq;mq;mq;mq;mq;mq;mq;mq;0.000000;mq;mq;mq;mq;mq;mq;mq;mq;mq;mq;mq;mq;mq;mq;mq;mq;mq;mq;mq;
81408;20110915210000;101030;mq;mq;90;2.100000;303.450000;295.850000;64;mq;mq;mq;mq;mq;mq;mq;mq;mq;mq;100950;mq;mq;mq;mq;mq;mq;mq;mq;mq;mq;mq;mq;mq;mq;mq;mq;mq;mq;0.000000;mq;mq;mq;mq;mq;mq;mq;mq;mq;mq;mq;mq;mq;mq;mq;mq;mq;mq;mq;
81415;20110915210000;101050;mq;mq;30;3.600000;301.450000;295.950000;72;mq;mq;mq;mq;mq;mq;mq;mq;mq;mq;99860;mq;mq;mq;mq;mq;mq;mq;mq;mq;mq;mq;mq;mq;mq;mq;mq;mq;0.000000;0.000000;mq;mq;mq;mq;mq;mq;mq;mq;mq;mq;mq;mq;mq;mq;mq;mq;mq;mq;mq;
89642;20110915210000;99660;150;3;130;13.900000;264.150000;257.750000;56;mq;mq;mq;mq;mq;mq;mq;mq;mq;mq;99110;mq;mq;mq;mq;mq;mq;mq;mq;mq;mq;22.100000;29.300000;-30;mq;mq;mq;mq;mq;mq;mq;mq;mq;1022.000000;1129.000000;mq;mq;mq;mq;mq;mq;mq;mq;mq;mq;mq;mq;mq;mq;
07005;20110916000000;101880;-70;6;90;2.100000;284.450000;282.150000;86;mq;mq;mq;mq;mq;mq;mq;mq;mq;mq;100980;mq;mq;mq;mq;mq;mq;mq;mq;mq;mq;mq;3.600000;-10;mq;mq;mq;mq;0.000000;0.000000;0.000000;mq;mq;710.000000;1104.000000;mq;mq;mq;mq;mq;mq;mq;mq;mq;mq;mq;mq;mq;mq;
07015;20110916000000;101950;-70;8;60;2.600000;285.050000;282.950000;87;18000;2;1;1;25;0;8000;30;20;11;101380;mq;mq;mq;mq;mq;mq;mq;mq;mq;mq;mq;3.600000;-10;mq;mq;0.000000;-60;0.000000;0.000000;0.000000;mq;mq;710.000000;1104.000000;3100.000000;mq;2;0;6900;mq;mq;mq;mq;mq;mq;mq;mq;mq;
07020;20110916000000;101680;-100;8;100;4.100000;287.650000;286.350000;92;20000;2;1;1;75;2;1250;32;23;11;101420;mq;mq;mq;mq;mq;mq;mq;mq;mq;mq;mq;5.100000;-10;mq;mq;mq;mq;0.000000;0.000000;0.000000;mq;mq;710.000000;1105.000000;mq;mq;2;8;990;3;3;2400;mq;mq;mq;mq;mq;mq;
07027;20110916000000;101690;-50;7;90;2.100000;284.650000;282.750000;88;30000;0;mq;mq;mq;mq;mq;mq;mq;mq;100880;mq;mq;mq;mq;mq;mq;mq;mq;mq;mq;mq;3.600000;-10;mq;mq;mq;mq;0.000000;0.000000;0.000000;mq;mq;710.000000;1104.000000;mq;mq;mq;mq;mq;mq;mq;mq;mq;mq;mq;mq;mq;mq;
07037;20110916000000;101770;-80;8;80;3.600000;285.150000;282.550000;84;55000;0;mq;mq;mq;mq;mq;mq;mq;mq;99950;mq;mq;mq;mq;mq;mq;mq;mq;mq;mq;mq;5.700000;-10;mq;mq;mq;mq;0.000000;0.000000;0.000000;mq;mq;710.000000;1106.000000;mq;mq;mq;mq;mq;mq;mq;mq;mq;mq;mq;mq;mq;mq;
07110;20110916000000;101430;-130;6;120;0.500000;288.550000;284.550000;77;60000;0;mq;mq;100;mq;1750;mq;mq;mq;100300;mq;mq;mq;mq;mq;mq;mq;mq;mq;mq;mq;2.600000;-10;mq;mq;mq;mq;0.000000;0.000000;0.000000;mq;mq;710.000000;1103.000000;mq;mq;mq;mq;mq;mq;mq;mq;mq;mq;mq;mq;mq;mq;
07117;20110916000000;101470;-90;8;110;2.600000;287.550000;286.250000;92;25000;2;1;1;75;6;3500;30;28;10;100780;mq;mq;mq;mq;mq;mq;mq;mq;mq;mq;mq;4.600000;-10;mq;mq;mq;mq;0.000000;0.000000;0.000000;mq;mq;710.000000;1105.000000;2428.000000;mq;mq;mq;mq;mq;mq;mq;mq;mq;mq;mq;mq;mq;
07130;20110916000000;101490;-110;8;70;1.500000;286.750000;282.950000;78;40000;0;mq;mq;75;mq;mq;mq;mq;mq;100970;mq;mq;mq;mq;mq;mq;mq;mq;mq;mq;mq;2.600000;-10;mq;mq;mq;mq;0.000000;0.000000;0.000000;mq;mq;710.000000;1103.000000;mq;mq;mq;mq;mq;mq;mq;mq;mq;mq;mq;mq;mq;mq;
07139;20110916000000;101680;-80;6;30;1.500000;283.750000;281.150000;84;mq;mq;mq;mq;mq;mq;mq;mq;mq;mq;99940;mq;mq;mq;mq;mq;mq;mq;mq;mq;mq;mq;3.100000;-10;mq;mq;mq;mq;0.000000;0.000000;0.000000;mq;mq;710.000000;1103.000000;mq;mq;mq;mq;mq;mq;mq;mq;mq;mq;mq;mq;mq;mq;
07149;20110916000000;101740;-120;8;70;1.500000;286.350000;282.050000;75;20000;2;1;1;40;0;8000;30;20;11;100660;mq;mq;mq;mq;mq;mq;mq;mq;mq;mq;mq;4.100000;-10;mq;mq;0.000000;-60;0.000000;0.000000;0.000000;mq;mq;710.000000;1104.000000;3100.000000;mq;3;0;7500;mq;mq;mq;mq;mq;mq;mq;mq;mq;
07168;20110916000000;101840;-80;7;150;1.000000;281.650000;280.250000;91;20000;0;mq;mq;mq;mq;mq;mq;mq;mq;100400;mq;mq;mq;mq;mq;mq;mq;mq;mq;mq;mq;1.500000;-10;mq;mq;mq;mq;0.000000;0.000000;0.000000;mq;mq;710.000000;1102.000000;mq;mq;mq;mq;mq;mq;mq;mq;mq;mq;mq;mq;mq;mq;
07181;20110916000000;101930;-60;6;0;0.000000;282.950000;280.750000;86;50000;0;mq;mq;mq;mq;mq;mq;mq;mq;97830;mq;mq;mq;mq;mq;mq;mq;mq;mq;mq;mq;1.500000;-10;mq;mq;mq;mq;0.000000;0.000000;0.000000;mq;mq;710.000000;1102.000000;mq;mq;mq;mq;mq;mq;mq;mq;mq;mq;mq;mq;mq;mq;
07190;20110916000000;101940;-70;6;300;2.100000;282.250000;280.650000;90;40000;0;mq;mq;mq;mq;mq;mq;mq;mq;100110;mq;mq;mq;mq;mq;mq;mq;mq;mq;mq;mq;3.600000;-10;mq;mq;mq;mq;0.000000;0.000000;0.000000;mq;mq;710.000000;1104.000000;mq;mq;mq;mq;mq;mq;mq;mq;mq;mq;mq;mq;mq;mq;
07207;20110916000000;mq;mq;mq;110;5.700000;291.050000;285.950000;72;25000;2;1;1;40;1;450;32;27;10;mq;mq;mq;mq;mq;mq;mq;mq;mq;mq;mq;mq;8.200000;-10;mq;mq;mq;mq;0.000000;0.000000;0.000000;mq;mq;710.000000;1108.000000;2438.000000;mq;mq;mq;mq;mq;mq;mq;mq;mq;mq;mq;mq;mq;
07222;20110916000000;101360;-130;8;80;3.100000;289.350000;285.550000;78;55000;0;mq;mq;mq;mq;mq;mq;mq;mq;101050;mq;mq;mq;mq;mq;mq;mq;mq;mq;mq;mq;5.100000;-10;mq;mq;mq;mq;0.000000;0.000000;0.000000;mq;mq;710.000000;1105.000000;mq;mq;mq;mq;mq;mq;mq;mq;mq;mq;mq;mq;mq;mq;
07240;20110916000000;101560;-70;8;70;3.600000;287.350000;283.150000;76;30000;2;1;1;75;0;8000;30;20;12;100230;mq;mq;mq;mq;mq;mq;mq;mq;mq;mq;mq;5.700000;-10;mq;mq;0.000000;-60;0.000000;0.000000;0.000000;mq;mq;710.000000;1106.000000;3100.000000;mq;6;0;5400;mq;mq;mq;mq;mq;mq;mq;mq;mq;
07255;20110916000000;101610;-90;8;90;3.600000;286.450000;283.650000;83;20000;0;mq;mq;mq;mq;mq;mq;mq;mq;99630;mq;mq;mq;mq;mq;mq;mq;mq;mq;mq;mq;4.600000;-10;mq;mq;mq;mq;0.000000;0.000000;0.000000;mq;mq;710.000000;1105.000000;mq;mq;mq;mq;mq;mq;mq;mq;mq;mq;mq;mq;mq;mq;
07280;20110916000000;101800;-40;6;330;1.500000;285.550000;282.550000;82;60000;0;mq;mq;mq;mq;mq;mq;mq;mq;99090;mq;mq;mq;mq;mq;mq;mq;mq;mq;mq;mq;3.600000;-10;mq;mq;mq;mq;0.000000;0.000000;0.000000;mq;mq;710.000000;1104.000000;mq;mq;mq;mq;mq;mq;mq;mq;mq;mq;mq;mq;mq;mq;
07299;20110916000000;101950;-60;7;230;1.500000;281.850000;281.250000;96;20000;0;mq;mq;mq;mq;mq;mq;mq;mq;98660;mq;mq;mq;mq;mq;mq;mq;mq;mq;mq;mq;1.500000;-10;mq;mq;mq;mq;0.000000;0.000000;0.000000;mq;mq;710.000000;1102.000000;mq;mq;mq;mq;mq;mq;mq;mq;mq;mq;mq;mq;mq;mq;
07314;20110916000000;101390;-150;8;100;4.100000;292.750000;289.350000;81;mq;mq;mq;mq;mq;mq;mq;mq;mq;mq;101120;mq;mq;mq;mq;mq;mq;mq;mq;mq;mq;mq;7.200000;-10;mq;mq;mq;mq;0.000000;0.400000;1.000000;mq;mq;710.000000;1107.000000;mq;mq;mq;mq;mq;mq;mq;mq;mq;mq;mq;mq;mq;mq;
07335;20110916000000;101500;-40;8;120;1.000000;289.150000;286.050000;82;60000;0;mq;mq;100;mq;mq;mq;mq;mq;100080;mq;mq;mq;mq;mq;mq;mq;mq;mq;mq;mq;3.100000;-10;mq;mq;mq;mq;0.000000;0.000000;0.000000;mq;mq;710.000000;1103.000000;mq;mq;mq;mq;mq;mq;mq;mq;mq;mq;mq;mq;mq;mq;
07434;20110916000000;101550;40;3;40;2.100000;291.250000;286.350000;73;60000;0;mq;mq;mq;mq;mq;mq;mq;mq;96910;mq;mq;mq;mq;mq;mq;mq;mq;mq;mq;mq;3.100000;-10;mq;mq;mq;mq;0.000000;0.000000;0.000000;mq;mq;710.000000;1103.000000;mq;mq;mq;mq;mq;mq;mq;mq;mq;mq;mq;mq;mq;mq;
07460;20110916000000;101680;-40;8;40;1.000000;286.750000;284.050000;84;40000;2;1;1;25;0;8000;30;20;11;97840;mq;mq;mq;mq;mq;mq;mq;mq;mq;mq;mq;1.500000;-10;mq;mq;0.000000;-60;0.000000;0.000000;0.000000;mq;mq;710.000000;1102.000000;3100.000000;mq;2;0;7500;mq;mq;mq;mq;mq;mq;mq;mq;mq;
07471;20110916000000;mq;-20;7;220;1.000000;283.950000;283.150000;95;16000;0;mq;mq;mq;mq;mq;mq;mq;mq;92320;85000;17820;mq;mq;mq;mq;mq;mq;mq;mq;mq;1.500000;-10;mq;mq;mq;mq;0.000000;0.000000;0.000000;mq;mq;710.000000;1102.000000;mq;mq;mq;mq;mq;mq;mq;mq;mq;mq;mq;mq;mq;mq;
07481;20110916000000;101760;-30;7;160;1.000000;288.450000;285.750000;84;35000;2;1;1;40;0;8000;30;20;12;98930;mq;mq;mq;mq;mq;mq;mq;mq;mq;mq;mq;2.100000;-10;mq;mq;0.000000;-60;0.000000;0.000000;0.000000;mq;mq;710.000000;1102.000000;3100.000000;mq;3;0;7800;mq;mq;mq;mq;mq;mq;mq;mq;mq;
07510;20110916000000;101390;70;1;320;2.100000;292.050000;288.350000;79;50000;2;1;1;40;1;3500;30;28;11;100760;mq;mq;mq;mq;mq;mq;mq;mq;mq;mq;mq;7.200000;-10;mq;mq;0.000000;-60;0.000000;0.000000;0.000000;mq;mq;710.000000;1107.000000;3100.000000;mq;1;3;3900;3;0;7800;mq;mq;mq;mq;mq;mq;
07535;20110916000000;101470;20;0;100;2.100000;292.450000;282.050000;51;mq;mq;mq;mq;mq;mq;mq;mq;mq;mq;98450;mq;mq;mq;mq;mq;mq;mq;mq;mq;mq;mq;3.100000;-10;mq;mq;mq;mq;0.000000;0.000000;0.000000;mq;mq;710.000000;1103.000000;mq;mq;mq;mq;mq;mq;mq;mq;mq;mq;mq;mq;mq;mq;
07558;20110916000000;101680;-30;8;20;2.100000;290.650000;284.850000;69;mq;mq;mq;mq;mq;mq;mq;mq;mq;mq;93580;mq;mq;mq;mq;mq;mq;mq;mq;mq;mq;mq;3.100000;-10;mq;mq;mq;mq;0.000000;0.000000;0.000000;mq;mq;710.000000;1103.000000;mq;mq;mq;mq;mq;mq;mq;mq;mq;mq;mq;mq;mq;mq;
07577;20110916000000;101780;40;2;0;0.000000;288.750000;285.650000;82;20000;0;mq;mq;mq;mq;mq;mq;mq;mq;100900;mq;mq;mq;mq;mq;mq;mq;mq;mq;mq;mq;1.500000;-10;mq;mq;mq;mq;0.000000;0.000000;0.000000;mq;mq;710.000000;1102.000000;mq;mq;mq;mq;mq;mq;mq;mq;mq;mq;mq;mq;mq;mq;
07591;20110916000000;mq;30;1;20;3.100000;289.250000;280.150000;55;mq;0;mq;mq;mq;mq;mq;mq;mq;mq;91990;mq;mq;mq;mq;mq;mq;mq;mq;mq;mq;mq;4.600000;-10;mq;mq;mq;mq;0.000000;0.000000;0.000000;mq;mq;710.000000;1105.000000;mq;mq;mq;mq;mq;mq;mq;mq;mq;mq;mq;mq;mq;mq;
07607;20110916000000;101420;140;3;310;1.500000;293.650000;290.450000;82;50000;0;mq;mq;100;mq;mq;mq;mq;mq;100730;mq;mq;mq;mq;mq;mq;mq;mq;mq;mq;mq;3.600000;-10;mq;mq;mq;mq;0.000000;0.000000;0.000000;mq;mq;710.000000;1104.000000;mq;mq;mq;mq;mq;mq;mq;mq;mq;mq;mq;mq;mq;mq;
07621;20110916000000;101460;140;3;250;4.100000;295.250000;289.550000;70;30000;2;1;1;10;1;3500;30;28;11;97320;mq;mq;mq;mq;mq;mq;mq;mq;mq;mq;mq;8.700000;-10;mq;mq;0.000000;-60;0.000000;0.000000;0.000000;mq;mq;710.000000;1109.000000;3100.000000;mq;1;3;3600;mq;mq;mq;mq;mq;mq;mq;mq;mq;
07627;20110916000000;101420;-30;7;160;3.600000;292.750000;285.750000;64;mq;mq;mq;mq;mq;mq;mq;mq;mq;mq;96720;mq;mq;mq;mq;mq;mq;mq;mq;mq;mq;mq;6.700000;-10;mq;mq;mq;mq;0.000000;0.000000;0.000000;mq;mq;710.000000;1107.000000;mq;mq;mq;mq;mq;mq;mq;mq;mq;mq;mq;mq;mq;mq;
07630;20110916000000;101430;-10;8;140;5.100000;295.750000;284.450000;49;60000;0;mq;mq;90;mq;mq;mq;mq;mq;99700;mq;mq;mq;mq;mq;mq;mq;mq;mq;mq;mq;8.200000;-10;mq;mq;mq;mq;0.000000;0.000000;0.000000;mq;mq;710.000000;1108.000000;mq;mq;mq;mq;mq;mq;mq;mq;mq;mq;mq;mq;mq;mq;
07643;20110916000000;101730;30;2;10;1.500000;290.450000;289.350000;93;8000;2;1;1;0;mq;mq;mq;mq;mq;101640;mq;mq;mq;mq;mq;mq;mq;mq;mq;mq;mq;2.600000;-10;mq;mq;mq;mq;0.000000;0.000000;0.000000;mq;mq;710.000000;1103.000000;mq;mq;mq;mq;mq;mq;mq;mq;mq;mq;mq;mq;mq;mq;
07650;20110916000000;101720;0;4;150;1.500000;290.250000;286.950000;81;40000;0;mq;mq;mq;mq;mq;mq;mq;mq;101340;mq;mq;mq;mq;mq;mq;mq;mq;mq;mq;mq;2.600000;-10;mq;mq;mq;mq;0.000000;0.000000;0.000000;mq;mq;710.000000;1103.000000;mq;mq;mq;mq;mq;mq;mq;mq;mq;mq;mq;mq;mq;mq;
07661;20110916000000;101710;-10;8;300;0.500000;292.850000;290.250000;85;mq;mq;mq;mq;mq;mq;mq;mq;mq;mq;100150;mq;mq;mq;mq;mq;mq;mq;mq;mq;mq;mq;1.500000;-10;mq;mq;mq;mq;0.000000;0.000000;0.000000;mq;mq;710.000000;1102.000000;mq;mq;mq;mq;mq;mq;mq;mq;mq;mq;mq;mq;mq;mq;
07690;20110916000000;101750;-20;7;320;3.600000;294.450000;290.650000;79;40000;2;1;1;40;1;800;35;20;11;101420;mq;mq;mq;mq;mq;mq;mq;mq;mq;mq;mq;4.600000;-10;mq;mq;0.000000;-60;0.000000;0.000000;0.000000;mq;mq;710.000000;1105.000000;3100.000000;mq;1;6;600;3;0;8100;mq;mq;mq;mq;mq;mq;
07747;20110916000000;101640;0;4;340;2.100000;292.450000;285.750000;65;60000;0;mq;mq;mq;mq;mq;mq;mq;mq;101120;mq;mq;mq;mq;mq;mq;mq;mq;mq;mq;mq;3.100000;-10;mq;mq;mq;mq;0.000000;0.000000;0.000000;mq;mq;710.000000;1103.000000;mq;mq;mq;mq;mq;mq;mq;mq;mq;mq;mq;mq;mq;mq;
07761;20110916000000;101740;40;3;60;2.600000;291.450000;288.350000;82;25000;2;1;1;0;mq;mq;mq;mq;mq;101630;mq;mq;mq;mq;mq;mq;mq;mq;mq;mq;mq;3.600000;-10;mq;mq;0.000000;-60;0.000000;0.000000;0.000000;mq;mq;710.000000;1104.000000;3100.000000;mq;mq;mq;mq;mq;mq;mq;mq;mq;mq;mq;mq;mq;
07790;20110916000000;101710;10;0;220;2.100000;292.450000;289.450000;83;45000;0;mq;mq;mq;mq;mq;mq;mq;mq;101570;mq;mq;mq;mq;mq;mq;mq;mq;mq;mq;mq;3.100000;-10;mq;mq;mq;mq;0.000000;0.000000;0.000000;mq;mq;710.000000;1103.000000;mq;mq;mq;mq;mq;mq;mq;mq;mq;mq;mq;mq;mq;mq;
61968;20110916000000;101430;mq;mq;100;5.700000;297.750000;293.050000;75;mq;mq;mq;mq;mq;mq;mq;mq;mq;mq;mq;mq;mq;mq;mq;mq;mq;mq;mq;mq;mq;mq;10.800000;-10;mq;mq;mq;mq;0.000000;mq;0.000000;mq;mq;710.000000;1111.000000;mq;mq;mq;mq;mq;mq;mq;mq;mq;mq;mq;mq;mq;mq;
61970;20110916000000;101560;mq;mq;mq;mq;295.450000;293.750000;90;mq;mq;mq;mq;mq;mq;mq;mq;mq;mq;mq;mq;mq;mq;mq;mq;mq;mq;mq;mq;mq;mq;mq;mq;mq;mq;mq;mq;0.000000;mq;0.000000;mq;mq;mq;mq;mq;mq;mq;mq;mq;mq;mq;mq;mq;mq;mq;mq;mq;mq;
61972;20110916000000;101540;mq;mq;180;1.500000;293.250000;292.550000;96;mq;mq;mq;mq;mq;mq;mq;mq;mq;mq;mq;mq;mq;mq;mq;mq;mq;mq;mq;mq;mq;mq;2.600000;-10;mq;mq;mq;mq;0.000000;mq;0.000000;mq;mq;710.000000;1103.000000;mq;mq;mq;mq;mq;mq;mq;mq;mq;mq;mq;mq;mq;mq;
61980;20110916000000;102070;mq;mq;130;5.100000;293.550000;286.750000;65;10000;2;1;1;40;3;800;38;20;10;mq;mq;mq;mq;mq;mq;mq;mq;mq;mq;mq;mq;9.300000;-10;mq;mq;mq;mq;0.000000;mq;0.000000;mq;mq;710.000000;1109.000000;mq;mq;2;8;690;mq;mq;mq;mq;mq;mq;mq;mq;mq;
61996;20110916000000;mq;mq;mq;mq;mq;286.550000;mq;mq;mq;mq;mq;mq;mq;mq;mq;mq;mq;mq;mq;mq;mq;mq;mq;mq;mq;mq;mq;mq;mq;mq;mq;mq;mq;mq;mq;mq;0.000000;mq;0.000000;mq;mq;mq;mq;mq;mq;mq;mq;mq;mq;mq;mq;mq;mq;mq;mq;mq;mq;
61997;20110916000000;100880;mq;mq;260;7.200000;275.750000;270.850000;70;mq;mq;mq;mq;mq;mq;mq;mq;mq;mq;mq;mq;mq;670;mq;mq;mq;mq;mq;mq;mq;mq;20.100000;-60;mq;mq;mq;mq;mq;mq;0.000000;mq;mq;1120.000000;mq;mq;mq;mq;mq;mq;mq;mq;mq;mq;mq;mq;mq;mq;mq;
61998;20110916000000;99210;mq;mq;250;8.700000;274.450000;273.250000;92;8000;60;mq;mq;100;7;450;35;61;60;mq;mq;mq;mq;mq;mq;mq;mq;mq;mq;mq;mq;15.900000;-10;mq;mq;mq;mq;2.000000;mq;3.000000;mq;mq;710.000000;1116.000000;mq;mq;7;6;480;mq;mq;mq;mq;mq;mq;mq;mq;mq;
67005;20110916000000;101470;mq;mq;350;1.000000;294.750000;293.250000;91;mq;0;mq;mq;mq;mq;mq;mq;mq;mq;mq;mq;mq;mq;mq;mq;mq;mq;mq;mq;mq;mq;2.100000;-10;mq;mq;mq;mq;0.000000;mq;0.000000;mq;mq;710.000000;1102.000000;mq;mq;mq;mq;mq;mq;mq;mq;mq;mq;mq;mq;mq;mq;
71805;20110916000000;101730;-110;8;150;5.100000;289.050000;289.050000;100;200;45;mq;mq;101;mq;mq;62;61;60;101650;mq;mq;mq;mq;mq;mq;mq;mq;mq;mq;mq;6.700000;-10;mq;mq;mq;mq;0.200000;0.200000;0.200000;mq;mq;710.000000;1107.000000;mq;mq;mq;mq;mq;mq;mq;mq;mq;mq;mq;mq;mq;mq;
78897;20110916000000;101520;70;3;80;3.100000;300.850000;296.250000;76;20000;3;8;6;75;2;800;32;20;12;mq;mq;mq;mq;299.650000;mq;304.850000;mq;mq;mq;mq;mq;mq;mq;mq;mq;mq;mq;mq;mq;0.200000;mq;0.200000;mq;mq;mq;mq;2;8;690;5;0;7800;mq;mq;mq;mq;mq;mq;
78922;20110916000000;101460;110;3;100;7.200000;299.850000;295.950000;79;mq;mq;mq;mq;mq;mq;mq;mq;mq;mq;101020;mq;mq;mq;mq;mq;mq;mq;mq;mq;mq;mq;mq;mq;mq;mq;mq;mq;mq;mq;mq;mq;mq;mq;mq;mq;mq;mq;mq;mq;mq;mq;mq;mq;mq;mq;mq;mq;mq;
78925;20110916000000;101470;170;0;120;1.000000;296.950000;296.050000;95;12000;91;9;8;90;7;800;39;23;60;mq;mq;mq;10;296.250000;mq;305.350000;mq;mq;mq;mq;mq;mq;mq;mq;mq;mq;mq;mq;mq;2.000000;mq;4.800000;mq;mq;mq;mq;2;9;780;5;6;1200;mq;mq;mq;mq;mq;mq;
81401;20110916000000;101270;mq;mq;0;0.000000;298.350000;297.350000;94;mq;mq;mq;mq;mq;mq;mq;mq;mq;mq;101210;mq;mq;mq;mq;mq;307.150000;mq;mq;mq;mq;mq;mq;mq;mq;mq;mq;mq;mq;0.000000;5.000000;mq;mq;mq;mq;mq;mq;mq;mq;mq;mq;mq;mq;mq;mq;mq;mq;mq;mq;
81405;20110916000000;101300;mq;mq;90;3.100000;299.950000;296.850000;83;45000;0;mq;mq;mq;mq;mq;mq;mq;mq;101210;mq;mq;mq;mq;mq;306.250000;mq;mq;mq;mq;mq;mq;mq;mq;mq;mq;mq;mq;0.000000;0.000000;mq;mq;mq;mq;mq;mq;mq;mq;mq;mq;mq;mq;mq;mq;mq;mq;mq;mq;
81408;20110916000000;101300;mq;mq;0;0.000000;298.650000;296.350000;87;mq;mq;mq;mq;mq;mq;mq;mq;mq;mq;101220;mq;mq;mq;mq;mq;307.150000;mq;mq;mq;mq;mq;mq;mq;mq;mq;mq;mq;mq;0.000000;0.000000;mq;mq;mq;mq;mq;mq;mq;mq;mq;mq;mq;mq;mq;mq;mq;mq;mq;mq;
81415;20110916000000;101280;mq;mq;360;0.500000;298.750000;296.850000;89;mq;mq;mq;mq;mq;mq;mq;mq;mq;mq;100080;mq;mq;mq;mq;mq;307.350000;mq;mq;mq;mq;mq;mq;mq;mq;mq;mq;mq;0.200000;0.200000;0.200000;mq;mq;mq;mq;mq;mq;mq;mq;mq;mq;mq;mq;mq;mq;mq;mq;mq;mq;
89642;20110916000000;99590;-70;8;130;14.900000;262.950000;256.050000;53;40000;2;1;1;60;0;8000;30;20;12;99040;mq;mq;mq;262.550000;mq;267.450000;mq;mq;mq;mq;20.100000;29.300000;-60;mq;mq;mq;mq;mq;mq;mq;mq;mq;1020.000000;1129.000000;mq;mq;5;0;6000;mq;mq;mq;mq;mq;mq;mq;mq;mq;
07005;20110916030000;101760;-120;8;90;2.600000;284.150000;282.250000;88;mq;mq;mq;mq;mq;mq;mq;mq;mq;mq;100860;mq;mq;mq;mq;mq;mq;mq;mq;mq;mq;mq;3.600000;-10;mq;mq;mq;mq;0.000000;0.000000;mq;mq;mq;710.000000;1104.000000;mq;mq;mq;mq;mq;mq;mq;mq;mq;mq;mq;mq;mq;mq;
07015;20110916030000;101830;-120;7;70;2.600000;284.050000;281.950000;87;10000;0;mq;mq;10;0;8000;30;20;11;101260;mq;mq;mq;mq;mq;mq;mq;mq;mq;mq;mq;4.100000;-10;mq;mq;0.000000;-30;0.000000;0.000000;mq;mq;mq;710.000000;1104.000000;3100.000000;mq;1;0;6900;mq;mq;mq;mq;mq;mq;mq;mq;mq;
07020;20110916030000;101470;-210;6;110;4.600000;287.250000;285.150000;87;20000;2;1;1;75;2;1250;32;23;11;101210;mq;mq;mq;mq;mq;mq;mq;mq;mq;mq;mq;6.200000;-10;mq;mq;mq;mq;0.000000;0.000000;mq;mq;mq;710.000000;1106.000000;mq;mq;1;8;990;5;3;2400;mq;mq;mq;mq;mq;mq;
07027;20110916030000;101490;-200;8;100;1.500000;282.650000;281.550000;93;17000;0;mq;mq;mq;mq;mq;mq;mq;mq;100680;mq;mq;mq;mq;mq;mq;mq;mq;mq;mq;mq;3.100000;-10;mq;mq;mq;mq;0.000000;0.000000;mq;mq;mq;710.000000;1103.000000;mq;mq;mq;mq;mq;mq;mq;mq;mq;mq;mq;mq;mq;mq;
07037;20110916030000;101640;-140;8;70;4.100000;284.050000;281.750000;86;55000;0;mq;mq;mq;mq;mq;mq;mq;mq;99810;mq;mq;mq;mq;mq;mq;mq;mq;mq;mq;mq;5.100000;-10;mq;mq;mq;mq;0.000000;0.000000;mq;mq;mq;710.000000;1105.000000;mq;mq;mq;mq;mq;mq;mq;mq;mq;mq;mq;mq;mq;mq;
07110;20110916030000;101300;-130;6;0;0.000000;287.550000;285.250000;86;mq;2;1;1;90;7;1750;35;61;60;100170;mq;mq;mq;mq;mq;mq;mq;mq;mq;mq;mq;1.000000;-10;mq;mq;mq;mq;0.000000;0.000000;mq;mq;mq;710.000000;1101.000000;mq;mq;7;6;1500;mq;mq;mq;mq;mq;mq;mq;mq;mq;
07117;20110916030000;101300;-170;6;120;2.100000;288.050000;285.050000;82;25000;2;1;1;100;8;3500;30;28;10;100610;mq;mq;mq;mq;mq;mq;mq;mq;mq;mq;mq;2.600000;-10;mq;mq;mq;mq;0.000000;0.000000;mq;mq;mq;710.000000;1103.000000;2428.000000;mq;mq;mq;mq;mq;mq;mq;mq;mq;mq;mq;mq;mq;
07130;20110916030000;101380;-110;6;110;1.500000;286.550000;282.950000;79;35000;0;mq;mq;mq;mq;mq;mq;mq;mq;100860;mq;mq;mq;mq;mq;mq;mq;mq;mq;mq;mq;3.100000;-10;mq;mq;mq;mq;0.000000;0.000000;mq;mq;mq;710.000000;1103.000000;mq;mq;mq;mq;mq;mq;mq;mq;mq;mq;mq;mq;mq;mq;
07139;20110916030000;101480;-180;8;50;3.100000;285.250000;282.050000;81;mq;mq;mq;mq;mq;mq;mq;mq;mq;mq;99760;mq;mq;mq;mq;mq;mq;mq;mq;mq;mq;mq;4.600000;-10;mq;mq;mq;mq;0.000000;0.000000;mq;mq;mq;710.000000;1105.000000;mq;mq;mq;mq;mq;mq;mq;mq;mq;mq;mq;mq;mq;mq;
07149;20110916030000;101640;-100;8;80;1.500000;285.350000;281.850000;79;20000;2;1;1;60;2;3500;30;23;11;100560;mq;mq;mq;mq;mq;mq;mq;mq;mq;mq;mq;3.100000;-10;mq;mq;0.000000;-30;0.000000;0.000000;mq;mq;mq;710.000000;1103.000000;3100.000000;mq;2;3;3300;4;0;7500;mq;mq;mq;mq;mq;mq;
07168;20110916030000;101730;-110;6;150;1.500000;280.550000;279.150000;91;20000;0;mq;mq;mq;mq;mq;mq;mq;mq;100290;mq;mq;mq;mq;mq;mq;mq;mq;mq;mq;mq;2.100000;-10;mq;mq;mq;mq;0.200000;0.200000;mq;mq;mq;710.000000;1102.000000;mq;mq;mq;mq;mq;mq;mq;mq;mq;mq;mq;mq;mq;mq;
07181;20110916030000;101860;-90;8;80;1.500000;281.350000;280.550000;95;18000;0;mq;mq;mq;mq;mq;mq;mq;mq;97740;mq;mq;mq;mq;mq;mq;mq;mq;mq;mq;mq;2.100000;-10;mq;mq;mq;mq;0.000000;0.000000;mq;mq;mq;710.000000;1102.000000;mq;mq;mq;mq;mq;mq;mq;mq;mq;mq;mq;mq;mq;mq;
07190;20110916030000;101910;-40;6;330;1.500000;281.050000;279.950000;93;16000;0;mq;mq;mq;mq;mq;mq;mq;mq;100070;mq;mq;mq;mq;mq;mq;mq;mq;mq;mq;mq;2.100000;-10;mq;mq;mq;mq;0.000000;0.000000;mq;mq;mq;710.000000;1102.000000;mq;mq;mq;mq;mq;mq;mq;mq;mq;mq;mq;mq;mq;mq;
07207;20110916030000;mq;mq;mq;120;2.600000;290.950000;288.350000;85;20000;2;1;1;75;6;3500;30;27;10;mq;mq;mq;mq;mq;mq;mq;mq;mq;mq;mq;mq;5.100000;-10;mq;mq;mq;mq;0.000000;0.000000;mq;mq;mq;710.000000;1105.000000;2438.000000;mq;mq;mq;mq;mq;mq;mq;mq;mq;mq;mq;mq;mq;
07222;20110916030000;101320;-40;7;60;0.500000;287.350000;285.350000;88;30000;2;1;1;75;3;3500;30;28;11;101010;mq;mq;mq;mq;mq;mq;mq;mq;mq;mq;mq;3.600000;-10;mq;mq;mq;mq;0.000000;0.000000;mq;mq;mq;710.000000;1104.000000;mq;mq;3;3;3300;4;0;7500;mq;mq;mq;mq;mq;mq;
07240;20110916030000;101410;-160;7;70;3.100000;286.550000;283.550000;82;30000;2;mq;mq;75;6;3500;30;28;10;100070;mq;mq;mq;mq;mq;mq;mq;mq;mq;mq;mq;5.700000;-10;mq;mq;0.000000;-30;0.000000;0.000000;mq;mq;mq;710.000000;1106.000000;3100.000000;mq;6;3;4200;mq;mq;mq;mq;mq;mq;mq;mq;mq;
07255;20110916030000;101530;-80;8;90;3.600000;286.550000;283.750000;83;20000;0;mq;mq;mq;mq;mq;mq;mq;mq;99550;mq;mq;mq;mq;mq;mq;mq;mq;mq;mq;mq;4.600000;-10;mq;mq;mq;mq;0.000000;0.000000;mq;mq;mq;710.000000;1105.000000;mq;mq;mq;mq;mq;mq;mq;mq;mq;mq;mq;mq;mq;mq;
07280;20110916030000;101760;-50;8;330;2.100000;283.950000;281.850000;87;60000;0;mq;mq;mq;mq;mq;mq;mq;mq;99040;mq;mq;mq;mq;mq;mq;mq;mq;mq;mq;mq;3.100000;-10;mq;mq;mq;mq;0.000000;0.000000;mq;mq;mq;710.000000;1103.000000;mq;mq;mq;mq;mq;mq;mq;mq;mq;mq;mq;mq;mq;mq;
07299;20110916030000;101920;-40;6;250;1.000000;280.850000;280.450000;97;15000;2;1;1;10;0;8000;30;20;12;98620;mq;mq;mq;mq;mq;mq;mq;mq;mq;mq;mq;1.000000;-10;mq;mq;0.000000;-30;0.200000;0.200000;mq;mq;mq;710.000000;1101.000000;3100.000000;mq;1;0;6900;mq;mq;mq;mq;mq;mq;mq;mq;mq;
07314;20110916030000;101310;-80;5;160;5.700000;293.750000;288.350000;71;20000;3;6;2;100;8;2250;30;25;10;101040;mq;mq;mq;mq;mq;mq;mq;mq;mq;mq;mq;8.700000;-10;mq;mq;mq;mq;0.000000;0.000000;mq;mq;mq;710.000000;1109.000000;2428.000000;mq;8;3;1800;mq;mq;mq;mq;mq;mq;mq;mq;mq;
07335;20110916030000;101370;-130;7;130;1.500000;289.050000;286.750000;86;60000;0;mq;mq;90;mq;mq;mq;mq;mq;99950;mq;mq;mq;mq;mq;mq;mq;mq;mq;mq;mq;3.600000;-10;mq;mq;mq;mq;0.000000;0.000000;mq;mq;mq;710.000000;1104.000000;mq;mq;mq;mq;mq;mq;mq;mq;mq;mq;mq;mq;mq;mq;
07434;20110916030000;101510;-50;7;60;1.500000;290.650000;285.150000;70;60000;0;mq;mq;mq;mq;mq;mq;mq;mq;96860;mq;mq;mq;mq;mq;mq;mq;mq;mq;mq;mq;2.600000;-10;mq;mq;mq;mq;0.000000;0.000000;mq;mq;mq;710.000000;1103.000000;mq;mq;mq;mq;mq;mq;mq;mq;mq;mq;mq;mq;mq;mq;
07460;20110916030000;101620;-50;8;160;1.500000;286.950000;283.950000;82;30000;2;mq;mq;25;0;8000;30;20;11;97790;mq;mq;mq;mq;mq;mq;mq;mq;mq;mq;mq;4.100000;-10;mq;mq;0.000000;-30;0.000000;0.000000;mq;mq;mq;710.000000;1104.000000;3100.000000;mq;2;0;7500;mq;mq;mq;mq;mq;mq;mq;mq;mq;
07471;20110916030000;mq;-40;8;0;0.000000;283.050000;281.450000;90;18000;0;mq;mq;mq;mq;mq;mq;mq;mq;92280;85000;17780;mq;mq;mq;mq;mq;mq;mq;mq;mq;1.500000;-10;mq;mq;mq;mq;0.000000;0.000000;mq;mq;mq;710.000000;1102.000000;mq;mq;mq;mq;mq;mq;mq;mq;mq;mq;mq;mq;mq;mq;
07481;20110916030000;101730;-30;8;150;1.000000;288.450000;285.950000;85;15000;2;1;1;25;0;8000;30;20;14;98900;mq;mq;mq;mq;mq;mq;mq;mq;mq;mq;mq;3.600000;-10;mq;mq;0.000000;-30;0.000000;0.000000;mq;mq;mq;710.000000;1104.000000;3100.000000;mq;2;0;7800;mq;mq;mq;mq;mq;mq;mq;mq;mq;
07510;20110916030000;101420;30;3;350;1.000000;292.050000;288.750000;81;50000;2;1;1;90;7;3500;30;28;60;100790;mq;mq;mq;mq;mq;mq;mq;mq;mq;mq;mq;4.600000;-10;mq;mq;0.000000;-30;0.000000;0.000000;mq;mq;mq;710.000000;1105.000000;3100.000000;mq;7;3;3900;mq;mq;mq;mq;mq;mq;mq;mq;mq;
07535;20110916030000;101530;30;3;300;1.000000;289.550000;282.750000;64;mq;mq;mq;mq;mq;mq;mq;mq;mq;mq;98480;mq;mq;mq;mq;mq;mq;mq;mq;mq;mq;mq;3.100000;-10;mq;mq;mq;mq;0.000000;0.000000;mq;mq;mq;710.000000;1103.000000;mq;mq;mq;mq;mq;mq;mq;mq;mq;mq;mq;mq;mq;mq;
07558;20110916030000;101650;-40;7;30;1.500000;290.250000;284.550000;69;mq;mq;mq;mq;mq;mq;mq;mq;mq;mq;93540;mq;mq;mq;mq;mq;mq;mq;mq;mq;mq;mq;2.600000;-10;mq;mq;mq;mq;0.000000;0.000000;mq;mq;mq;710.000000;1103.000000;mq;mq;mq;mq;mq;mq;mq;mq;mq;mq;mq;mq;mq;mq;
07577;20110916030000;101760;-20;8;0;0.000000;287.450000;285.950000;91;20000;0;mq;mq;mq;mq;mq;mq;mq;mq;100880;mq;mq;mq;mq;mq;mq;mq;mq;mq;mq;mq;0.500000;-10;mq;mq;mq;mq;0.000000;0.000000;mq;mq;mq;710.000000;1101.000000;mq;mq;mq;mq;mq;mq;mq;mq;mq;mq;mq;mq;mq;mq;
07591;20110916030000;mq;20;3;70;2.100000;286.850000;279.950000;63;mq;0;mq;mq;mq;mq;mq;mq;mq;mq;92010;mq;mq;mq;mq;mq;mq;mq;mq;mq;mq;mq;4.600000;-10;mq;mq;mq;mq;0.000000;0.000000;mq;mq;mq;710.000000;1105.000000;mq;mq;mq;mq;mq;mq;mq;mq;mq;mq;mq;mq;mq;mq;
07607;20110916030000;101440;20;3;0;0.000000;294.250000;291.250000;83;19000;0;mq;mq;100;mq;mq;mq;mq;mq;100750;mq;mq;mq;mq;mq;mq;mq;mq;mq;mq;mq;5.700000;-10;mq;mq;mq;mq;0.000000;0.000000;mq;mq;mq;710.000000;1106.000000;mq;mq;mq;mq;mq;mq;mq;mq;mq;mq;mq;mq;mq;mq;
07621;20110916030000;101510;0;0;180;3.100000;291.850000;287.150000;74;30000;2;mq;mq;10;0;8000;30;20;11;97320;mq;mq;mq;mq;mq;mq;mq;mq;mq;mq;mq;5.100000;-10;mq;mq;0.000000;-30;0.000000;0.000000;mq;mq;mq;710.000000;1105.000000;3100.000000;mq;1;0;7800;mq;mq;mq;mq;mq;mq;mq;mq;mq;
07627;20110916030000;101570;90;0;140;0.500000;289.350000;285.350000;77;mq;mq;mq;mq;mq;mq;mq;mq;mq;mq;96810;mq;mq;mq;mq;mq;mq;mq;mq;mq;mq;mq;4.100000;-10;mq;mq;mq;mq;0.000000;0.000000;mq;mq;mq;710.000000;1104.000000;mq;mq;mq;mq;mq;mq;mq;mq;mq;mq;mq;mq;mq;mq;
07630;20110916030000;101500;70;3;180;3.600000;294.950000;285.550000;55;30000;2;1;1;90;2;1750;35;28;60;99770;mq;mq;mq;mq;mq;mq;mq;mq;mq;mq;mq;8.200000;-10;mq;mq;0.000000;-30;0.000000;0.000000;mq;mq;mq;710.000000;1108.000000;3100.000000;mq;2;6;1500;7;3;3000;mq;mq;mq;mq;mq;mq;
07643;20110916030000;101700;-30;8;20;2.600000;291.050000;290.450000;96;5000;3;mq;mq;75;6;2250;30;23;10;101610;mq;mq;mq;mq;mq;mq;mq;mq;mq;mq;mq;3.600000;-10;mq;mq;mq;mq;0.000000;0.000000;mq;mq;mq;710.000000;1104.000000;mq;mq;6;3;2400;mq;mq;mq;mq;mq;mq;mq;mq;mq;
07650;20110916030000;101700;-20;8;140;1.000000;289.650000;286.150000;80;60000;2;1;1;25;0;8000;30;20;12;101320;mq;mq;mq;mq;mq;mq;mq;mq;mq;mq;mq;2.600000;-10;mq;mq;0.000000;-30;0.000000;0.000000;mq;mq;mq;710.000000;1103.000000;3100.000000;mq;2;0;7500;mq;mq;mq;mq;mq;mq;mq;mq;mq;
07661;20110916030000;101700;-20;8;20;1.000000;292.150000;289.050000;82;mq;mq;mq;mq;mq;mq;mq;mq;mq;mq;100130;mq;mq;mq;mq;mq;mq;mq;mq;mq;mq;mq;1.500000;-10;mq;mq;mq;mq;0.000000;0.000000;mq;mq;mq;710.000000;1102.000000;mq;mq;mq;mq;mq;mq;mq;mq;mq;mq;mq;mq;mq;mq;
07690;20110916030000;101720;-30;5;330;3.600000;293.350000;290.150000;82;30000;2;1;1;25;0;8000;30;20;11;101390;mq;mq;mq;mq;mq;mq;mq;mq;mq;mq;mq;4.600000;-10;mq;mq;0.000000;-30;0.000000;0.000000;mq;mq;mq;710.000000;1105.000000;3100.000000;mq;2;0;7800;mq;mq;mq;mq;mq;mq;mq;mq;mq;
07747;20110916030000;101590;-40;8;350;2.600000;293.450000;289.650000;79;60000;0;mq;mq;mq;mq;250;mq;mq;mq;101080;mq;mq;mq;mq;mq;mq;mq;mq;mq;mq;mq;3.100000;-10;mq;mq;mq;mq;0.000000;0.000000;mq;mq;mq;710.000000;1103.000000;mq;mq;mq;mq;mq;mq;mq;mq;mq;mq;mq;mq;mq;mq;
07761;20110916030000;101700;-40;8;60;4.100000;290.850000;287.550000;81;25000;2;1;1;40;0;mq;30;20;12;101590;mq;mq;mq;mq;mq;mq;mq;mq;mq;mq;mq;4.600000;-10;mq;mq;0.000000;-30;0.000000;0.000000;mq;mq;mq;710.000000;1105.000000;3100.000000;mq;3;0;7500;mq;mq;mq;mq;mq;mq;mq;mq;mq;
07790;20110916030000;101700;-10;7;220;2.100000;291.850000;289.450000;86;15000;2;1;1;0;mq;mq;mq;mq;mq;101560;mq;mq;mq;mq;mq;mq;mq;mq;mq;mq;mq;2.600000;-10;mq;mq;0.000000;-30;0.000000;0.000000;mq;mq;mq;710.000000;1103.000000;3100.000000;mq;mq;mq;mq;mq;mq;mq;mq;mq;mq;mq;mq;mq;
61968;20110916030000;101480;mq;mq;100;4.600000;297.650000;292.450000;73;mq;mq;mq;mq;mq;mq;mq;mq;mq;mq;mq;mq;mq;mq;mq;mq;mq;mq;mq;mq;mq;mq;9.800000;-10;mq;mq;mq;mq;0.000000;0.000000;mq;mq;mq;710.000000;1110.000000;mq;mq;mq;mq;mq;mq;mq;mq;mq;mq;mq;mq;mq;mq;
61970;20110916030000;101630;mq;mq;mq;mq;295.550000;294.150000;92;mq;mq;mq;mq;mq;mq;mq;mq;mq;mq;mq;mq;mq;mq;mq;mq;mq;mq;mq;mq;mq;mq;mq;mq;mq;mq;mq;mq;0.000000;0.000000;mq;mq;mq;mq;mq;mq;mq;mq;mq;mq;mq;mq;mq;mq;mq;mq;mq;mq;mq;
61972;20110916030000;101520;mq;mq;160;1.000000;294.250000;294.050000;99;mq;mq;mq;mq;mq;mq;mq;mq;mq;mq;mq;mq;mq;mq;mq;mq;mq;mq;mq;mq;mq;mq;1.500000;-10;mq;mq;mq;mq;0.000000;0.000000;mq;mq;mq;710.000000;1102.000000;mq;mq;mq;mq;mq;mq;mq;mq;mq;mq;mq;mq;mq;mq;
61976;20110916030000;101720;mq;mq;90;8.200000;296.250000;293.350000;84;mq;mq;mq;mq;mq;mq;mq;mq;mq;mq;101570;mq;mq;mq;mq;mq;mq;mq;mq;mq;mq;mq;mq;mq;mq;mq;mq;mq;mq;mq;mq;mq;mq;mq;mq;mq;mq;mq;mq;mq;mq;mq;mq;mq;mq;mq;mq;mq;mq;
61980;20110916030000;102070;mq;mq;140;6.700000;294.750000;288.550000;68;10000;15;1;1;40;3;800;38;20;10;mq;mq;mq;mq;mq;mq;mq;mq;mq;mq;mq;mq;9.800000;-10;mq;mq;mq;mq;0.000000;0.000000;mq;mq;mq;710.000000;1110.000000;2427.000000;mq;2;8;690;mq;mq;mq;mq;mq;mq;mq;mq;mq;
61996;20110916030000;mq;mq;mq;mq;mq;286.950000;mq;mq;mq;mq;mq;mq;mq;mq;mq;mq;mq;mq;mq;mq;mq;mq;mq;mq;mq;mq;mq;mq;mq;mq;mq;mq;mq;mq;mq;mq;0.000000;0.000000;mq;mq;mq;mq;mq;mq;mq;mq;mq;mq;mq;mq;mq;mq;mq;mq;mq;mq;mq;
61997;20110916030000;100850;mq;mq;300;3.600000;275.550000;271.750000;76;mq;mq;mq;mq;mq;mq;mq;mq;mq;mq;mq;mq;mq;610;mq;mq;mq;mq;mq;mq;mq;mq;mq;mq;mq;mq;mq;mq;mq;0.000000;mq;mq;mq;mq;mq;mq;mq;mq;mq;mq;mq;mq;mq;mq;mq;mq;mq;mq;mq;
61998;20110916030000;99430;mq;mq;260;5.700000;275.350000;272.550000;82;15000;21;6;2;90;1;450;37;22;12;mq;mq;mq;210;mq;mq;mq;mq;mq;mq;mq;mq;12.300000;-10;mq;mq;mq;mq;0.000000;0.200000;mq;mq;mq;710.000000;1112.000000;mq;mq;1;7;300;4;4;2700;6;0;6900;mq;mq;mq;
67005;20110916030000;101550;mq;mq;250;2.100000;294.350000;293.150000;93;30000;2;1;1;10;1;800;38;20;10;mq;mq;mq;mq;mq;mq;mq;mq;mq;mq;mq;mq;3.100000;-10;mq;mq;mq;mq;0.000000;0.000000;mq;mq;mq;710.000000;1103.000000;mq;mq;1;8;600;mq;mq;mq;mq;mq;mq;mq;mq;mq;
71805;20110916030000;101400;-330;8;140;7.200000;289.250000;289.250000;100;300;45;mq;mq;101;mq;mq;62;61;60;101320;mq;mq;mq;mq;mq;mq;mq;mq;mq;mq;mq;9.300000;-10;mq;mq;mq;mq;0.200000;0.400000;mq;mq;mq;710.000000;1109.000000;mq;mq;mq;mq;mq;mq;mq;mq;mq;mq;mq;mq;mq;mq;
78897;20110916030000;101600;80;0;100;2.100000;299.550000;296.450000;83;20000;2;1;1;60;2;800;32;20;12;mq;mq;mq;mq;mq;mq;mq;mq;mq;mq;mq;mq;mq;mq;mq;mq;mq;mq;mq;mq;mq;mq;mq;mq;mq;mq;mq;2;8;690;4;0;7800;mq;mq;mq;mq;mq;mq;
78922;20110916030000;101550;90;0;120;9.300000;300.650000;295.850000;75;mq;mq;mq;mq;mq;mq;mq;mq;mq;mq;101110;mq;mq;mq;mq;mq;mq;mq;mq;mq;mq;mq;mq;mq;mq;mq;mq;mq;mq;mq;mq;mq;mq;mq;mq;mq;mq;mq;mq;mq;mq;mq;mq;mq;mq;mq;mq;mq;mq;
78925;20110916030000;101560;90;0;350;1.500000;296.550000;295.150000;92;15000;1;9;8;60;3;800;38;23;10;mq;mq;mq;mq;mq;mq;mq;mq;mq;mq;mq;mq;mq;mq;mq;mq;mq;mq;mq;mq;mq;mq;mq;mq;mq;mq;mq;2;8;600;3;3;6000;mq;mq;mq;mq;mq;mq;
81401;20110916030000;101370;mq;mq;0;0.000000;297.750000;296.750000;94;mq;mq;mq;mq;mq;mq;mq;mq;mq;mq;101310;mq;mq;mq;mq;mq;mq;mq;mq;mq;mq;mq;mq;mq;mq;mq;mq;mq;mq;0.000000;mq;mq;mq;mq;mq;mq;mq;mq;mq;mq;mq;mq;mq;mq;mq;mq;mq;mq;mq;
81405;20110916030000;101450;mq;mq;0;0.000000;298.650000;296.850000;90;40000;0;mq;mq;mq;mq;mq;mq;mq;mq;101360;mq;mq;mq;mq;mq;mq;mq;mq;mq;mq;mq;mq;mq;mq;mq;mq;mq;mq;0.000000;mq;mq;mq;mq;mq;mq;mq;mq;mq;mq;mq;mq;mq;mq;mq;mq;mq;mq;mq;
81408;20110916030000;101440;mq;mq;0;0.000000;296.450000;295.750000;96;mq;mq;mq;mq;mq;mq;mq;mq;mq;mq;101360;mq;mq;mq;mq;mq;mq;mq;mq;mq;mq;mq;mq;mq;mq;mq;mq;mq;mq;0.000000;mq;mq;mq;mq;mq;mq;mq;mq;mq;mq;mq;mq;mq;mq;mq;mq;mq;mq;mq;
81415;20110916030000;101420;mq;mq;70;2.600000;297.850000;296.250000;91;mq;mq;mq;mq;mq;mq;mq;mq;mq;mq;100210;mq;mq;mq;mq;mq;mq;mq;mq;mq;mq;mq;mq;mq;mq;mq;mq;mq;0.000000;0.000000;mq;mq;mq;mq;mq;mq;mq;mq;mq;mq;mq;mq;mq;mq;mq;mq;mq;mq;mq;
89642;20110916030000;99530;-60;6;130;7.700000;264.150000;256.950000;52;40000;2;1;1;75;0;8000;30;20;11;98980;mq;mq;mq;mq;mq;mq;mq;mq;mq;mq;mq;20.100000;-30;mq;mq;mq;mq;mq;mq;mq;mq;mq;1120.000000;mq;mq;mq;6;0;6000;mq;mq;mq;mq;mq;mq;mq;mq;mq;
07005;20110916060000;101560;-200;6;70;3.600000;283.650000;282.050000;90;25000;2;1;1;40;2;3500;30;23;11;100660;mq;mq;mq;283.450000;mq;289.150000;mq;282.150000;mq;mq;mq;5.100000;-10;1;0.000000;mq;mq;0.000000;0.000000;mq;0.000000;0.200000;710.000000;1105.000000;mq;mq;2;3;3000;3;0;7500;mq;mq;mq;mq;mq;mq;
07015;20110916060000;101680;-150;8;90;2.100000;283.050000;281.850000;92;6000;3;mq;mq;60;1;3500;30;23;11;101110;mq;mq;mq;283.050000;mq;288.750000;mq;280.150000;mq;mq;mq;3.100000;-10;1;0.000000;0.000000;-60;0.000000;0.200000;mq;0.200000;0.200000;710.000000;1103.000000;3100.000000;mq;1;3;3600;5;0;6000;mq;mq;mq;mq;mq;mq;
07020;20110916060000;101300;-170;6;100;4.100000;286.950000;283.750000;81;20000;2;1;1;75;6;3500;30;28;15;101040;mq;mq;mq;286.450000;mq;288.850000;mq;mq;mq;mq;mq;5.700000;-10;mq;mq;mq;mq;0.000000;0.000000;mq;0.000000;0.000000;710.000000;1106.000000;mq;mq;6;3;2400;mq;mq;mq;mq;mq;mq;mq;mq;mq;
07027;20110916060000;101400;-90;5;140;3.600000;283.550000;282.450000;93;25000;15;8;6;90;2;1250;32;28;12;100590;mq;mq;mq;282.250000;mq;289.550000;mq;280.150000;mq;mq;mq;5.100000;-10;0;0.000000;0.000000;-60;0.000000;0.200000;mq;0.200000;0.200000;710.000000;1105.000000;3100.000000;mq;2;8;1230;5;3;3000;6;0;6300;mq;mq;mq;
07037;20110916060000;101500;-130;6;110;3.600000;285.350000;282.550000;83;30000;2;1;1;90;7;3500;30;27;60;99680;mq;mq;mq;283.050000;mq;288.350000;mq;279.150000;mq;mq;mq;7.200000;-10;0;0.000000;0.000000;-60;0.000000;0.000000;mq;0.000000;0.000000;710.000000;1107.000000;3100.000000;mq;4;3;2700;7;3;4500;mq;mq;mq;mq;mq;mq;
07110;20110916060000;101290;-10;5;240;2.100000;286.750000;284.450000;86;25000;2;1;1;90;7;1750;35;61;60;100160;mq;mq;mq;286.550000;mq;289.950000;mq;284.150000;mq;mq;mq;2.600000;-10;0;0.000000;mq;mq;0.000000;0.000000;mq;0.000000;0.000000;710.000000;1103.000000;mq;mq;7;6;1500;mq;mq;mq;mq;mq;mq;mq;mq;mq;
07117;20110916060000;101240;-60;6;220;1.500000;287.750000;284.350000;80;25000;2;1;1;75;6;800;34;20;10;100550;mq;mq;mq;287.050000;mq;289.250000;mq;mq;mq;mq;mq;2.600000;-10;mq;mq;mq;mq;0.000000;0.000000;mq;0.000000;mq;710.000000;1103.000000;2428.000000;mq;mq;mq;mq;mq;mq;mq;mq;mq;mq;mq;mq;mq;
07130;20110916060000;101300;-80;6;90;1.500000;285.650000;283.050000;84;45000;0;mq;mq;100;mq;mq;mq;mq;mq;100780;mq;mq;mq;285.550000;mq;291.850000;mq;282.150000;mq;mq;mq;3.100000;-10;0;0.000000;mq;mq;0.000000;0.000000;mq;0.000000;0.000000;710.000000;1103.000000;mq;mq;mq;mq;mq;mq;mq;mq;mq;mq;mq;mq;mq;mq;
07139;20110916060000;101460;-30;6;30;1.000000;284.650000;281.850000;83;20000;2;1;1;100;4;2250;30;28;12;99730;mq;mq;mq;283.450000;mq;290.850000;mq;280.150000;mq;mq;mq;2.100000;-10;1;0.000000;0.000000;-60;0.000000;0.000000;mq;0.000000;0.000000;710.000000;1102.000000;3100.000000;mq;4;3;2400;7;0;6900;mq;mq;mq;mq;mq;mq;
07149;20110916060000;101550;-90;6;110;1.500000;284.550000;281.950000;84;20000;2;1;1;75;1;1750;35;23;12;100470;mq;mq;mq;284.250000;mq;291.150000;mq;281.150000;mq;mq;mq;3.100000;-10;0;0.000000;0.000000;-60;0.000000;0.000000;mq;0.000000;0.000000;710.000000;1103.000000;3100.000000;mq;1;6;1800;4;3;3000;5;0;7500;mq;mq;mq;
07168;20110916060000;101630;-90;8;100;2.100000;282.750000;281.150000;90;15000;2;1;1;75;6;3500;30;28;10;100200;mq;mq;mq;279.850000;mq;290.450000;mq;278.150000;mq;mq;mq;3.100000;-10;0;0.000000;0.000000;-60;0.000000;0.000000;mq;0.200000;0.200000;710.000000;1103.000000;3100.000000;mq;6;3;3000;mq;mq;mq;mq;mq;mq;mq;mq;mq;
07181;20110916060000;101800;-60;8;110;1.000000;281.050000;280.650000;97;9000;0;mq;mq;mq;mq;mq;mq;mq;mq;97680;mq;mq;mq;279.850000;mq;288.150000;mq;275.150000;mq;mq;mq;1.500000;-10;mq;mq;mq;mq;0.000000;0.000000;mq;0.000000;0.000000;710.000000;1102.000000;mq;mq;mq;mq;mq;mq;mq;mq;mq;mq;mq;mq;mq;mq;
07190;20110916060000;101890;-20;5;260;0.500000;281.650000;280.850000;95;18000;0;mq;mq;mq;mq;mq;mq;mq;mq;100050;mq;mq;mq;280.850000;mq;290.050000;mq;279.150000;mq;mq;mq;1.500000;-10;0;0.000000;mq;mq;0.000000;0.200000;mq;0.200000;0.200000;710.000000;1102.000000;mq;mq;mq;mq;mq;mq;mq;mq;mq;mq;mq;mq;mq;mq;
07207;20110916060000;mq;mq;mq;290;5.100000;290.550000;288.850000;90;20000;2;1;1;90;7;2250;35;20;10;mq;mq;mq;mq;290.550000;mq;291.850000;mq;mq;mq;mq;mq;8.200000;-10;mq;mq;mq;mq;0.000000;0.000000;mq;0.000000;mq;710.000000;1108.000000;2428.000000;mq;mq;mq;mq;mq;mq;mq;mq;mq;mq;mq;mq;mq;
07222;20110916060000;101250;-70;6;150;1.500000;286.950000;285.650000;92;30000;2;1;1;75;3;3500;30;28;12;100940;mq;mq;mq;286.850000;mq;293.150000;mq;284.150000;mq;mq;mq;3.100000;-10;0;0.000000;mq;mq;0.000000;0.000000;mq;0.000000;0.000000;710.000000;1103.000000;mq;mq;3;3;4200;5;0;7500;mq;mq;mq;mq;mq;mq;
07240;20110916060000;101370;-30;8;70;4.600000;286.750000;285.650000;93;30000;91;mq;mq;90;7;1250;39;28;60;100040;mq;mq;mq;286.450000;mq;291.350000;mq;285.150000;mq;mq;mq;6.700000;-10;0;0.000000;0.000000;-60;1.000000;3.000000;mq;3.000000;2.800000;710.000000;1107.000000;3100.000000;mq;2;9;1380;6;3;3000;mq;mq;mq;mq;mq;mq;
07255;20110916060000;101530;10;3;80;1.500000;287.050000;284.950000;87;22000;60;6;2;90;1;1750;35;27;60;99560;mq;mq;mq;285.950000;mq;293.650000;mq;285.150000;mq;mq;mq;4.600000;-10;1;0.000000;0.000000;-60;0.000000;0.000000;mq;0.000000;0.000000;710.000000;1105.000000;3100.000000;mq;1;6;1500;7;3;3000;mq;mq;mq;mq;mq;mq;
07280;20110916060000;101740;-30;5;350;0.500000;282.550000;281.350000;92;55000;0;mq;mq;mq;mq;mq;mq;mq;mq;99010;mq;mq;mq;281.950000;mq;291.150000;mq;280.150000;mq;mq;mq;1.500000;-10;0;0.000000;mq;mq;0.000000;0.000000;mq;0.000000;0.000000;710.000000;1102.000000;mq;mq;mq;mq;mq;mq;mq;mq;mq;mq;mq;mq;mq;mq;
07299;20110916060000;101890;-20;5;280;0.500000;281.650000;281.350000;98;500;41;4;0;25;1;30;36;23;12;98600;mq;mq;mq;280.250000;mq;288.650000;mq;278.150000;mq;mq;mq;1.500000;-10;0;0.000000;0.000000;-60;0.000000;0.000000;mq;0.200000;0.200000;710.000000;1102.000000;3100.000000;mq;1;7;30;mq;mq;mq;mq;mq;mq;mq;mq;mq;
07314;20110916060000;101350;40;3;230;5.100000;293.550000;292.250000;92;mq;mq;mq;mq;mq;mq;mq;mq;mq;mq;101080;mq;mq;mq;292.550000;mq;295.450000;mq;mq;mq;mq;mq;9.300000;-10;mq;mq;mq;mq;0.800000;0.800000;mq;2.000000;2.200000;710.000000;1109.000000;mq;mq;mq;mq;mq;mq;mq;mq;mq;mq;mq;mq;mq;mq;
07335;20110916060000;101440;70;1;180;2.100000;289.350000;287.750000;90;30000;60;6;6;100;2;2250;35;27;60;100020;mq;mq;mq;287.950000;mq;294.150000;mq;287.150000;mq;mq;mq;3.100000;-10;1;0.000000;mq;mq;0.200000;0.400000;mq;0.400000;0.400000;710.000000;1103.000000;mq;mq;1;6;1800;8;4;3300;mq;mq;mq;mq;mq;mq;
07434;20110916060000;101540;30;3;110;1.000000;290.650000;283.950000;65;50000;2;1;1;90;7;3500;30;28;60;96890;mq;mq;mq;290.350000;mq;295.150000;mq;289.150000;mq;mq;mq;2.100000;-10;0;0.000000;0.000000;-60;0.000000;0.000000;mq;0.000000;0.000000;710.000000;1102.000000;3100.000000;mq;5;3;3000;5;3;4200;mq;mq;mq;mq;mq;mq;
07460;20110916060000;101580;-30;7;340;1.000000;287.850000;284.050000;78;30000;3;mq;mq;50;3;3500;30;23;11;97760;mq;mq;mq;285.250000;mq;294.150000;mq;282.150000;mq;mq;mq;4.100000;-10;0;0.000000;0.000000;-60;0.000000;0.000000;mq;0.000000;0.000000;710.000000;1104.000000;3100.000000;mq;3;3;4800;mq;mq;mq;mq;mq;mq;mq;mq;mq;
07471;20110916060000;mq;-10;5;200;1.000000;282.750000;281.650000;93;45000;2;1;1;25;1;3500;30;23;11;92270;85000;17770;mq;281.750000;mq;291.850000;mq;279.150000;mq;mq;mq;1.500000;-10;1;0.000000;0.000000;-60;0.000000;0.000000;mq;0.000000;0.000000;710.000000;1102.000000;3100.000000;mq;1;3;3300;mq;mq;mq;mq;mq;mq;mq;mq;mq;
07481;20110916060000;101670;-50;6;150;3.100000;288.650000;286.150000;85;20000;2;1;1;10;0;8000;30;20;14;98850;mq;mq;mq;286.950000;mq;293.450000;mq;284.150000;mq;mq;mq;4.100000;-10;0;0.000000;0.000000;-60;0.000000;0.000000;mq;0.000000;0.000000;710.000000;1104.000000;3100.000000;mq;1;0;7800;mq;mq;mq;mq;mq;mq;mq;mq;mq;
07510;20110916060000;101410;-10;8;120;2.100000;291.850000;289.050000;84;50000;2;1;1;75;6;3500;30;28;10;100780;mq;mq;mq;291.150000;mq;299.050000;mq;289.150000;mq;mq;mq;3.600000;-10;0;0.000000;0.000000;-60;0.000000;0.000000;mq;0.000000;0.000000;710.000000;1104.000000;3100.000000;mq;6;3;3000;mq;mq;mq;mq;mq;mq;mq;mq;mq;
07535;20110916060000;101640;90;3;0;0.000000;288.450000;283.650000;73;10000;2;1;1;60;3;800;35;24;11;98570;mq;mq;mq;287.750000;mq;299.550000;mq;286.150000;mq;mq;mq;3.100000;-10;0;0.000000;0.000000;-60;0.000000;0.000000;mq;0.000000;0.000000;710.000000;1103.000000;3100.000000;mq;3;6;780;mq;mq;mq;mq;mq;mq;mq;mq;mq;
07558;20110916060000;101670;20;3;100;2.100000;290.450000;283.050000;62;60000;2;1;1;75;6;3500;30;27;10;93560;mq;mq;mq;289.650000;mq;296.050000;mq;288.150000;mq;mq;mq;4.600000;-10;0;0.000000;0.000000;-60;0.000000;0.000000;mq;0.000000;0.000000;710.000000;1105.000000;3100.000000;mq;6;3;3600;mq;mq;mq;mq;mq;mq;mq;mq;mq;
07577;20110916060000;101770;0;5;0;0.000000;286.650000;285.850000;95;20000;11;0;0;40;2;3500;30;28;11;100880;mq;mq;mq;285.650000;mq;296.650000;mq;283.150000;mq;mq;mq;0.500000;-10;0;0.000000;0.000000;-60;0.000000;0.000000;mq;0.000000;0.000000;710.000000;1101.000000;3100.000000;mq;2;3;3000;mq;mq;mq;mq;mq;mq;mq;mq;mq;
07591;20110916060000;mq;-40;6;20;5.100000;287.850000;278.850000;55;mq;0;mq;mq;mq;mq;mq;mq;mq;mq;91970;mq;mq;mq;285.950000;mq;296.150000;mq;282.150000;mq;mq;mq;8.700000;-10;mq;mq;mq;mq;0.000000;0.000000;mq;0.000000;0.000000;710.000000;1109.000000;mq;mq;mq;mq;mq;mq;mq;mq;mq;mq;mq;mq;mq;mq;
07607;20110916060000;101490;50;3;0;0.000000;290.950000;289.950000;94;9000;0;mq;mq;90;mq;mq;mq;mq;mq;100800;mq;mq;mq;290.950000;mq;300.750000;mq;287.150000;mq;mq;mq;2.100000;-10;mq;mq;mq;mq;0.000000;0.000000;mq;0.000000;0.000000;710.000000;1102.000000;mq;mq;mq;mq;mq;mq;mq;mq;mq;mq;mq;mq;mq;mq;
07621;20110916060000;101550;30;3;180;3.600000;291.450000;286.750000;74;40000;1;mq;mq;25;1;3500;30;23;11;97350;mq;mq;mq;290.050000;mq;298.650000;mq;287.150000;mq;mq;mq;4.600000;-10;0;0.000000;0.000000;-60;0.000000;0.000000;mq;0.000000;0.000000;710.000000;1105.000000;3100.000000;mq;1;3;5100;mq;mq;mq;mq;mq;mq;mq;mq;mq;
07627;20110916060000;101550;-30;6;250;1.000000;288.550000;284.950000;79;30000;2;1;1;10;1;800;32;23;10;96780;mq;mq;mq;287.450000;mq;296.650000;mq;285.150000;mq;mq;mq;5.700000;-10;0;0.000000;0.000000;-60;0.000000;0.000000;mq;0.000000;0.000000;710.000000;1106.000000;3100.000000;mq;1;8;780;mq;mq;mq;mq;mq;mq;mq;mq;mq;
07630;20110916060000;101540;30;3;140;5.100000;293.550000;287.450000;68;40000;2;1;1;50;4;3500;30;23;10;99800;mq;mq;mq;293.550000;mq;302.150000;mq;292.150000;mq;mq;mq;9.800000;-10;0;0.000000;0.000000;-60;0.000000;0.000000;mq;0.000000;0.000000;710.000000;1110.000000;3100.000000;mq;3;3;3900;3;3;4800;mq;mq;mq;mq;mq;mq;
07643;20110916060000;101730;30;3;10;2.600000;290.850000;290.550000;98;1200;10;mq;mq;90;7;30;36;61;60;101640;mq;mq;mq;290.150000;mq;294.850000;mq;290.150000;mq;mq;mq;4.600000;-10;2;0.000000;0.000000;-60;0.000000;0.000000;mq;0.000000;0.000000;710.000000;1105.000000;3100.000000;mq;7;7;30;mq;mq;mq;mq;mq;mq;mq;mq;mq;
07650;20110916060000;101710;10;3;140;3.100000;290.650000;286.150000;75;60000;2;1;1;25;1;3500;30;23;12;101330;mq;mq;mq;288.750000;mq;295.950000;mq;287.150000;mq;mq;mq;3.100000;-10;0;0.000000;0.000000;-60;0.000000;0.000000;mq;0.000000;0.000000;710.000000;1103.000000;3100.000000;mq;1;3;3000;mq;mq;mq;mq;mq;mq;mq;mq;mq;
07661;20110916060000;101710;20;3;120;2.600000;293.050000;286.750000;67;20000;2;1;1;25;1;450;31;20;11;100150;mq;mq;mq;291.850000;mq;295.350000;mq;mq;mq;mq;mq;3.100000;-10;mq;mq;mq;mq;0.000000;0.000000;mq;0.000000;0.400000;710.000000;1103.000000;mq;mq;1;8;480;mq;mq;mq;mq;mq;mq;mq;mq;mq;
07690;20110916060000;101740;20;3;340;3.600000;294.050000;289.450000;75;30000;2;1;1;25;1;800;35;20;11;101410;mq;mq;mq;293.150000;mq;297.550000;mq;292.150000;mq;mq;mq;5.100000;-10;0;0.000000;0.000000;-60;0.000000;0.000000;mq;0.000000;0.000000;710.000000;1105.000000;3100.000000;mq;1;6;600;mq;mq;mq;mq;mq;mq;mq;mq;mq;
07747;20110916060000;101650;50;3;320;2.100000;293.350000;289.950000;81;6000;2;1;1;100;8;250;36;61;60;101130;mq;mq;mq;291.450000;mq;296.350000;mq;289.150000;mq;mq;mq;4.600000;-10;0;0.000000;0.000000;-60;0.000000;0.000000;mq;0.000000;0.000000;710.000000;1105.000000;3100.000000;mq;8;7;240;mq;mq;mq;mq;mq;mq;mq;mq;mq;
07761;20110916060000;101720;20;3;50;2.100000;291.050000;287.350000;79;25000;2;1;1;40;0;mq;30;20;12;101610;mq;mq;mq;289.750000;mq;297.650000;mq;289.150000;mq;mq;mq;4.600000;-10;0;0.000000;0.000000;-60;0.000000;0.000000;mq;0.000000;0.000000;710.000000;1105.000000;3100.000000;mq;3;0;7500;mq;mq;mq;mq;mq;mq;mq;mq;mq;
07790;20110916060000;101720;20;3;200;2.100000;292.750000;289.750000;83;15000;2;1;1;40;1;250;36;20;11;101580;mq;mq;mq;291.350000;mq;296.050000;mq;290.150000;mq;mq;mq;2.600000;-10;0;0.000000;0.000000;-60;0.000000;0.000000;mq;0.000000;0.000000;710.000000;1103.000000;3100.000000;mq;1;7;270;3;0;7800;mq;mq;mq;mq;mq;mq;
61968;20110916060000;101670;mq;mq;110;5.100000;301.450000;292.150000;57;mq;mq;mq;mq;mq;mq;mq;mq;mq;mq;mq;mq;mq;mq;297.550000;mq;mq;mq;mq;mq;mq;mq;9.800000;-10;mq;mq;mq;mq;0.000000;mq;mq;mq;0.000000;710.000000;1110.000000;mq;mq;mq;mq;mq;mq;mq;mq;mq;mq;mq;mq;mq;mq;
61970;20110916060000;101790;mq;mq;mq;mq;299.850000;295.050000;75;mq;mq;mq;mq;mq;mq;mq;mq;mq;mq;mq;mq;mq;mq;294.950000;mq;mq;mq;mq;mq;mq;mq;mq;mq;mq;mq;mq;mq;0.000000;mq;mq;mq;0.000000;mq;mq;mq;mq;mq;mq;mq;mq;mq;mq;mq;mq;mq;mq;mq;mq;
61972;20110916060000;101690;mq;mq;70;2.600000;298.850000;295.750000;83;mq;mq;mq;mq;mq;mq;mq;mq;mq;mq;mq;mq;mq;mq;292.850000;mq;mq;mq;mq;mq;mq;mq;4.600000;-10;mq;mq;mq;mq;0.000000;mq;mq;mq;0.200000;710.000000;1105.000000;mq;mq;mq;mq;mq;mq;mq;mq;mq;mq;mq;mq;mq;mq;
61976;20110916060000;101790;mq;mq;110;10.300000;297.850000;293.550000;77;mq;mq;mq;mq;mq;mq;mq;mq;mq;mq;101640;mq;mq;mq;mq;mq;mq;mq;mq;mq;mq;mq;mq;mq;mq;mq;mq;mq;mq;mq;mq;mq;mq;mq;mq;mq;mq;mq;mq;mq;mq;mq;mq;mq;mq;mq;mq;mq;mq;
61980;20110916060000;102100;mq;mq;80;8.200000;297.750000;290.450000;64;10000;2;1;1;40;3;800;38;20;10;mq;mq;mq;mq;293.250000;mq;mq;mq;291.150000;mq;mq;mq;10.800000;-10;mq;mq;mq;mq;0.000000;mq;mq;mq;0.000000;710.000000;1111.000000;2437.000000;mq;2;8;780;mq;mq;mq;mq;mq;mq;mq;mq;mq;
61996;20110916060000;mq;mq;mq;mq;mq;286.850000;mq;mq;mq;mq;mq;mq;mq;mq;mq;mq;mq;mq;mq;mq;mq;mq;286.350000;mq;mq;mq;286.150000;mq;mq;mq;mq;mq;mq;mq;mq;mq;0.000000;mq;mq;mq;0.000000;mq;mq;mq;mq;mq;mq;mq;mq;mq;mq;mq;mq;mq;mq;mq;mq;
61997;20110916060000;100640;mq;mq;350;7.200000;276.950000;275.150000;88;mq;mq;mq;mq;mq;mq;mq;mq;mq;mq;mq;mq;mq;mq;275.050000;mq;mq;mq;274.150000;mq;mq;mq;mq;mq;mq;mq;mq;mq;mq;mq;mq;mq;0.400000;mq;mq;mq;mq;mq;mq;mq;mq;mq;mq;mq;mq;mq;mq;mq;mq;
61998;20110916060000;99860;mq;mq;160;7.700000;273.850000;272.850000;93;6000;20;6;5;100;5;450;35;22;60;mq;mq;mq;mq;273.450000;mq;mq;mq;273.150000;mq;mq;mq;9.800000;-10;mq;mq;mq;mq;0.200000;mq;mq;mq;3.000000;710.000000;1110.000000;mq;mq;2;7;300;5;6;690;7;4;2700;mq;mq;mq;
67005;20110916060000;101730;mq;mq;200;1.500000;300.450000;294.050000;68;mq;0;mq;mq;mq;mq;mq;mq;mq;mq;mq;mq;mq;mq;293.850000;mq;mq;mq;291.150000;mq;mq;mq;4.100000;-10;mq;mq;mq;mq;0.000000;mq;mq;mq;0.000000;710.000000;1104.000000;mq;mq;mq;mq;mq;mq;mq;mq;mq;mq;mq;mq;mq;mq;
71805;20110916060000;100900;-500;8;160;8.700000;289.850000;289.850000;100;3800;61;mq;mq;101;mq;mq;62;61;60;100820;mq;mq;mq;mq;288.850000;mq;290.350000;289.150000;mq;mq;mq;11.800000;-10;mq;mq;mq;mq;2.000000;5.000000;mq;6.000000;6.000000;710.000000;1112.000000;mq;mq;mq;mq;mq;mq;mq;mq;mq;mq;mq;mq;mq;mq;
78897;20110916060000;101430;-170;8;280;0.500000;298.250000;296.150000;88;20000;2;1;1;60;2;800;32;20;12;mq;mq;mq;mq;mq;298.250000;mq;304.850000;275.150000;mq;mq;mq;mq;mq;mq;mq;mq;mq;mq;mq;0.000000;mq;0.200000;mq;mq;mq;mq;2;8;690;4;0;8400;mq;mq;mq;mq;mq;mq;
78922;20110916060000;101340;-210;7;110;8.700000;300.750000;295.450000;73;mq;mq;mq;mq;mq;mq;mq;mq;mq;mq;100900;mq;mq;mq;mq;mq;mq;mq;mq;mq;mq;mq;mq;mq;mq;mq;mq;mq;mq;mq;mq;mq;mq;mq;mq;mq;mq;mq;mq;mq;mq;mq;mq;mq;mq;mq;mq;mq;mq;
78925;20110916060000;101340;-220;7;60;1.000000;298.350000;295.650000;85;50000;0;mq;mq;mq;mq;mq;mq;mq;mq;mq;mq;mq;mq;mq;295.650000;mq;305.350000;mq;mq;mq;mq;mq;mq;mq;mq;mq;mq;mq;mq;3.000000;mq;5.400000;mq;mq;mq;mq;mq;mq;mq;mq;mq;mq;mq;mq;mq;mq;mq;mq;
81401;20110916060000;101230;mq;mq;220;1.000000;297.150000;296.450000;96;mq;mq;mq;mq;mq;mq;mq;mq;mq;mq;101170;mq;mq;mq;mq;mq;mq;mq;mq;mq;mq;mq;mq;mq;mq;mq;mq;mq;mq;0.000000;0.000000;mq;mq;mq;mq;mq;mq;mq;mq;mq;mq;mq;mq;mq;mq;mq;mq;mq;mq;
81405;20110916060000;101250;mq;mq;130;1.000000;297.750000;296.750000;94;20000;0;mq;mq;mq;mq;80;mq;mq;mq;101160;mq;mq;mq;mq;mq;mq;mq;296.150000;mq;mq;mq;mq;mq;mq;mq;mq;mq;mq;0.000000;0.000000;mq;mq;mq;mq;mq;mq;mq;mq;mq;mq;mq;mq;mq;mq;mq;mq;mq;mq;
81408;20110916060000;101250;mq;mq;0;0.000000;295.550000;295.050000;97;mq;mq;mq;mq;mq;mq;mq;mq;mq;mq;101170;mq;mq;mq;mq;mq;mq;mq;mq;mq;mq;mq;mq;mq;mq;mq;mq;mq;mq;0.000000;0.000000;mq;mq;mq;mq;mq;mq;mq;mq;mq;mq;mq;mq;mq;mq;mq;mq;mq;mq;
81415;20110916060000;101260;mq;mq;60;1.000000;296.650000;295.950000;96;mq;mq;mq;mq;mq;mq;mq;mq;mq;mq;100050;mq;mq;mq;mq;mq;mq;mq;mq;mq;mq;mq;mq;mq;mq;mq;mq;mq;0.200000;0.200000;0.200000;mq;mq;mq;mq;mq;mq;mq;mq;mq;mq;mq;mq;mq;mq;mq;mq;mq;mq;
89642;20110916060000;99390;-140;8;130;4.100000;263.650000;256.750000;53;40000;2;1;1;75;0;8000;30;20;11;98840;mq;mq;mq;mq;mq;mq;mq;274.150000;mq;mq;mq;20.100000;-60;mq;mq;mq;mq;mq;mq;mq;mq;mq;1120.000000;mq;mq;mq;6;0;6000;mq;mq;mq;mq;mq;mq;mq;mq;mq;
07005;20110916090000;101510;-40;8;110;4.100000;286.750000;283.950000;83;30000;2;1;1;60;2;800;38;28;11;100620;mq;mq;mq;mq;mq;mq;mq;mq;mq;mq;mq;7.200000;-10;mq;mq;0.000000;-30;0.000000;0.000000;mq;mq;mq;710.000000;1107.000000;3100.000000;mq;1;8;900;5;0;7500;mq;mq;mq;mq;mq;mq;
07015;20110916090000;101630;-40;5;160;2.600000;287.150000;283.350000;78;15000;2;1;1;90;6;3500;30;28;11;101070;mq;mq;mq;mq;mq;mq;mq;mq;mq;mq;mq;4.600000;-10;mq;mq;0.000000;-30;0.000000;0.000000;mq;mq;mq;710.000000;1105.000000;3100.000000;mq;6;3;2700;5;0;5100;mq;mq;mq;mq;mq;mq;
07020;20110916090000;101270;-30;7;200;5.700000;290.650000;284.650000;68;20000;2;1;1;60;4;1250;32;23;10;101010;mq;mq;mq;mq;mq;mq;mq;mq;mq;mq;mq;8.200000;-10;mq;mq;mq;mq;0.000000;0.000000;mq;mq;mq;710.000000;1108.000000;mq;mq;4;8;1200;mq;mq;mq;mq;mq;mq;mq;mq;mq;
07027;20110916090000;101250;-130;6;120;3.600000;290.150000;285.850000;76;30000;2;1;1;60;1;1750;35;23;12;100460;mq;mq;mq;mq;mq;mq;mq;mq;mq;mq;mq;5.700000;-10;mq;mq;0.000000;-30;0.000000;0.000000;mq;mq;mq;710.000000;1106.000000;3100.000000;mq;1;6;1500;5;0;7500;mq;mq;mq;mq;mq;mq;
07037;20110916090000;101420;-60;8;120;3.100000;287.550000;285.050000;85;30000;1;9;8;90;4;2250;35;20;11;99620;mq;mq;mq;mq;mq;mq;mq;mq;mq;mq;mq;5.700000;-10;mq;mq;0.000000;-30;0.000000;0.800000;mq;mq;mq;710.000000;1106.000000;3100.000000;mq;4;6;2100;4;0;6000;mq;mq;mq;mq;mq;mq;
07110;20110916090000;101420;140;3;270;4.600000;290.250000;286.950000;81;25000;2;1;1;75;6;450;38;20;11;100300;mq;mq;mq;mq;mq;mq;mq;mq;mq;mq;mq;7.200000;-10;mq;mq;mq;mq;0.000000;0.000000;mq;mq;mq;710.000000;1107.000000;mq;mq;5;8;360;5;6;1500;mq;mq;mq;mq;mq;mq;
07117;20110916090000;101310;80;3;260;6.200000;290.150000;285.850000;76;18000;2;1;1;50;4;3500;30;26;10;100630;mq;mq;mq;mq;mq;mq;mq;mq;mq;mq;mq;10.800000;-10;mq;mq;mq;mq;0.000000;0.000000;mq;mq;mq;710.000000;1111.000000;2427.000000;mq;mq;mq;mq;mq;mq;mq;mq;mq;mq;mq;mq;mq;
07130;20110916090000;101330;40;3;200;1.500000;290.950000;286.450000;75;30000;0;mq;mq;mq;mq;mq;mq;mq;mq;100820;mq;mq;mq;mq;mq;mq;mq;mq;mq;mq;mq;3.600000;-10;mq;mq;mq;mq;0.000000;0.000000;mq;mq;mq;710.000000;1104.000000;mq;mq;mq;mq;mq;mq;mq;mq;mq;mq;mq;mq;mq;mq;
07139;20110916090000;101370;-60;6;0;0.000000;289.350000;284.750000;74;30000;1;9;6;75;2;2250;30;23;12;99670;mq;mq;mq;mq;mq;mq;mq;mq;mq;mq;mq;1.500000;-10;mq;mq;0.000000;-30;0.000000;0.000000;mq;mq;mq;710.000000;1102.000000;3100.000000;mq;2;3;2400;6;0;6900;mq;mq;mq;mq;mq;mq;
07149;20110916090000;101550;10;1;80;1.500000;287.150000;283.550000;79;20000;2;1;1;90;4;1250;38;28;60;100480;mq;mq;mq;mq;mq;mq;mq;mq;mq;mq;mq;3.100000;-10;mq;mq;0.000000;-30;0.000000;0.000000;mq;mq;mq;710.000000;1103.000000;3100.000000;mq;2;8;990;3;6;1800;7;3;3000;mq;mq;mq;
07168;20110916090000;101620;10;1;130;2.100000;287.450000;283.450000;77;20000;2;1;1;90;2;1250;32;27;10;100210;mq;mq;mq;mq;mq;mq;mq;mq;mq;mq;mq;5.100000;-10;mq;mq;0.000000;-30;0.000000;0.000000;mq;mq;mq;710.000000;1105.000000;3100.000000;mq;2;8;1290;7;3;3000;mq;mq;mq;mq;mq;mq;
07181;20110916090000;101690;10;0;120;1.500000;287.750000;283.950000;78;40000;0;mq;mq;100;mq;mq;mq;mq;mq;97670;mq;mq;mq;mq;mq;mq;mq;mq;mq;mq;mq;2.600000;-10;mq;mq;mq;mq;0.000000;0.000000;mq;mq;mq;710.000000;1103.000000;mq;mq;mq;mq;mq;mq;mq;mq;mq;mq;mq;mq;mq;mq;
07190;20110916090000;101810;-30;8;150;1.500000;289.050000;283.550000;70;25000;0;mq;mq;mq;mq;mq;mq;mq;mq;100020;mq;mq;mq;mq;mq;mq;mq;mq;mq;mq;mq;3.600000;-10;mq;mq;mq;mq;0.000000;0.000000;mq;mq;mq;710.000000;1104.000000;mq;mq;mq;mq;mq;mq;mq;mq;mq;mq;mq;mq;mq;mq;
07207;20110916090000;mq;mq;mq;300;6.700000;291.350000;287.650000;79;20000;2;1;1;60;3;800;31;27;10;mq;mq;mq;mq;mq;mq;mq;mq;mq;mq;mq;mq;14.400000;-10;mq;mq;mq;mq;0.000000;0.000000;mq;mq;mq;710.000000;1114.000000;2428.000000;mq;mq;mq;mq;mq;mq;mq;mq;mq;mq;mq;mq;mq;
07222;20110916090000;101390;150;3;260;4.100000;293.350000;290.150000;82;30000;2;1;1;60;1;450;31;23;11;101090;mq;mq;mq;mq;mq;mq;mq;mq;mq;mq;mq;6.700000;-10;mq;mq;mq;mq;0.000000;0.000000;mq;mq;mq;710.000000;1107.000000;mq;mq;1;8;480;4;0;7500;mq;mq;mq;mq;mq;mq;
07240;20110916090000;101420;60;1;130;3.100000;290.450000;288.450000;88;50000;0;mq;mq;90;mq;2250;mq;mq;mq;100100;mq;mq;mq;mq;mq;mq;mq;mq;mq;mq;mq;6.200000;-10;mq;mq;mq;mq;0.000000;0.400000;mq;mq;mq;710.000000;1106.000000;mq;mq;mq;mq;mq;mq;mq;mq;mq;mq;mq;mq;mq;mq;
07255;20110916090000;101620;110;2;100;1.500000;289.550000;286.650000;83;22000;21;6;2;90;1;1750;35;27;60;99670;mq;mq;mq;mq;mq;mq;mq;mq;mq;mq;mq;3.600000;-10;mq;mq;0.000000;-30;0.000000;0.000000;mq;mq;mq;710.000000;1104.000000;3100.000000;mq;1;6;1500;7;3;3000;mq;mq;mq;mq;mq;mq;
07280;20110916090000;101700;20;2;50;0.500000;288.650000;284.250000;75;60000;0;mq;mq;mq;mq;mq;mq;mq;mq;99030;mq;mq;mq;mq;mq;mq;mq;mq;mq;mq;mq;2.100000;-10;mq;mq;mq;mq;0.000000;0.000000;mq;mq;mq;710.000000;1102.000000;mq;mq;mq;mq;mq;mq;mq;mq;mq;mq;mq;mq;mq;mq;
07299;20110916090000;101730;-50;8;100;2.100000;291.350000;285.750000;70;15000;2;4;0;25;1;3500;30;23;11;98550;mq;mq;mq;mq;mq;mq;mq;mq;mq;mq;mq;4.100000;-10;mq;mq;0.000000;-30;0.000000;0.000000;mq;mq;mq;710.000000;1104.000000;3100.000000;mq;1;3;3300;mq;mq;mq;mq;mq;mq;mq;mq;mq;
07314;20110916090000;101590;240;1;290;5.700000;292.750000;291.550000;93;7000;21;2;2;100;8;1750;38;61;60;101320;mq;mq;mq;mq;mq;mq;mq;mq;mq;mq;mq;10.800000;-10;mq;mq;mq;mq;0.200000;0.200000;mq;mq;mq;710.000000;1111.000000;2436.000000;mq;3;8;1500;5;6;1800;mq;mq;mq;mq;mq;mq;
07335;20110916090000;101510;100;3;180;3.600000;293.750000;289.150000;75;30000;1;6;2;90;7;3500;30;23;60;100120;mq;mq;mq;mq;mq;mq;mq;mq;mq;mq;mq;5.700000;-10;mq;mq;mq;mq;0.000000;0.000000;mq;mq;mq;710.000000;1106.000000;mq;mq;6;3;3300;5;4;4800;mq;mq;mq;mq;mq;mq;
07434;20110916090000;101640;110;1;80;2.100000;291.450000;286.350000;72;12000;25;8;6;90;4;1750;39;28;60;97000;mq;mq;mq;mq;mq;mq;mq;mq;mq;mq;mq;3.600000;-10;mq;mq;0.000000;-30;0.000000;0.000000;mq;mq;mq;710.000000;1104.000000;3100.000000;mq;1;9;1500;3;6;1800;6;3;3600;mq;mq;mq;
07460;20110916090000;101560;80;0;170;5.100000;295.350000;285.850000;55;30000;2;1;1;50;3;3500;30;28;12;97840;mq;mq;mq;mq;mq;mq;mq;mq;mq;mq;mq;7.700000;-10;mq;mq;0.000000;-30;0.000000;0.000000;mq;mq;mq;710.000000;1108.000000;3100.000000;mq;3;3;4500;mq;mq;mq;mq;mq;mq;mq;mq;mq;
07471;20110916090000;mq;60;2;100;1.000000;294.650000;283.150000;48;45000;2;1;1;25;2;3500;30;23;10;92330;85000;17820;mq;mq;mq;mq;mq;mq;mq;mq;mq;3.100000;-10;mq;mq;0.000000;-30;0.000000;0.000000;mq;mq;mq;710.000000;1103.000000;3100.000000;mq;2;3;3300;mq;mq;mq;mq;mq;mq;mq;mq;mq;
07481;20110916090000;101660;50;3;160;2.600000;294.850000;287.750000;64;30000;2;1;1;10;0;8000;30;20;14;98900;mq;mq;mq;mq;mq;mq;mq;mq;mq;mq;mq;4.600000;-10;mq;mq;0.000000;-30;0.000000;0.000000;mq;mq;mq;710.000000;1105.000000;3100.000000;mq;1;0;7800;mq;mq;mq;mq;mq;mq;mq;mq;mq;
07510;20110916090000;101660;250;1;240;3.100000;295.950000;291.250000;75;50000;2;1;1;75;6;3500;30;28;10;101030;mq;mq;mq;mq;mq;mq;mq;mq;mq;mq;mq;5.100000;-10;mq;mq;0.000000;-30;0.000000;0.000000;mq;mq;mq;710.000000;1105.000000;3100.000000;mq;6;3;2700;mq;mq;mq;mq;mq;mq;mq;mq;mq;
07535;20110916090000;101750;140;3;320;1.000000;291.350000;286.450000;73;20000;21;6;2;75;4;800;35;24;11;98710;mq;mq;mq;mq;mq;mq;mq;mq;mq;mq;mq;5.100000;-10;mq;mq;0.000000;-30;0.000000;0.000000;mq;mq;mq;710.000000;1105.000000;3100.000000;mq;4;6;690;3;3;2400;mq;mq;mq;mq;mq;mq;
07558;20110916090000;101630;70;1;100;1.500000;293.950000;285.850000;60;60000;14;1;1;50;4;3500;30;27;10;93630;mq;mq;mq;mq;mq;mq;mq;mq;mq;mq;mq;3.100000;-10;mq;mq;0.000000;-30;0.000000;0.000000;mq;mq;mq;710.000000;1103.000000;3100.000000;mq;4;3;3900;mq;mq;mq;mq;mq;mq;mq;mq;mq;
07577;20110916090000;101770;30;2;190;2.100000;295.850000;288.650000;64;18000;2;1;1;50;4;3500;30;28;11;100910;mq;mq;mq;mq;mq;mq;mq;mq;mq;mq;mq;3.600000;-10;mq;mq;0.000000;-30;0.000000;0.000000;mq;mq;mq;710.000000;1104.000000;3100.000000;mq;1;3;2700;3;3;3600;mq;mq;mq;mq;mq;mq;
07591;20110916090000;mq;-10;8;30;3.600000;294.250000;279.350000;38;mq;0;mq;mq;mq;mq;mq;mq;mq;mq;91960;mq;mq;mq;mq;mq;mq;mq;mq;mq;mq;mq;8.200000;-10;mq;mq;mq;mq;0.000000;0.000000;mq;mq;mq;710.000000;1108.000000;mq;mq;mq;mq;mq;mq;mq;mq;mq;mq;mq;mq;mq;mq;
07607;20110916090000;101670;190;3;300;4.600000;298.150000;290.350000;62;19000;0;mq;mq;mq;mq;mq;mq;mq;mq;100990;mq;mq;mq;mq;mq;mq;mq;mq;mq;mq;mq;7.700000;-10;mq;mq;mq;mq;0.000000;0.000000;mq;mq;mq;710.000000;1108.000000;mq;mq;mq;mq;mq;mq;mq;mq;mq;mq;mq;mq;mq;mq;
07621;20110916090000;101580;120;3;280;3.100000;297.650000;290.150000;63;50000;2;1;1;50;1;3500;30;23;12;97470;mq;mq;mq;mq;mq;mq;mq;mq;mq;mq;mq;6.200000;-10;mq;mq;0.000000;-30;0.000000;0.000000;mq;mq;mq;710.000000;1106.000000;3100.000000;mq;1;3;4800;4;0;7800;mq;mq;mq;mq;mq;mq;
07627;20110916090000;101550;150;1;0;0.000000;298.350000;287.450000;51;30000;2;1;1;10;0;mq;30;20;11;96930;mq;mq;mq;mq;mq;mq;mq;mq;mq;mq;mq;3.100000;-10;mq;mq;0.000000;-30;0.000000;0.000000;mq;mq;mq;710.000000;1103.000000;3100.000000;mq;1;0;7500;mq;mq;mq;mq;mq;mq;mq;mq;mq;
07630;20110916090000;101620;100;2;140;4.100000;297.450000;290.250000;64;40000;2;1;1;25;2;3500;30;23;11;99900;mq;mq;mq;mq;mq;mq;mq;mq;mq;mq;mq;6.200000;-10;mq;mq;0.000000;-30;0.000000;0.000000;mq;mq;mq;710.000000;1106.000000;3100.000000;mq;1;3;4800;mq;mq;mq;mq;mq;mq;mq;mq;mq;
07643;20110916090000;101790;60;1;70;2.600000;296.850000;291.050000;70;20000;2;1;1;75;2;450;38;27;60;101700;mq;mq;mq;mq;mq;mq;mq;mq;mq;mq;mq;4.100000;-10;mq;mq;mq;mq;0.000000;0.000000;mq;mq;mq;710.000000;1104.000000;mq;mq;1;8;540;4;3;3000;mq;mq;mq;mq;mq;mq;
07650;20110916090000;101760;60;1;10;1.500000;298.450000;286.350000;47;60000;2;1;1;10;1;3500;30;23;10;101390;mq;mq;mq;mq;mq;mq;mq;mq;mq;mq;mq;2.600000;-10;mq;mq;0.000000;-30;0.000000;0.000000;mq;mq;mq;710.000000;1103.000000;3100.000000;mq;1;3;3000;mq;mq;mq;mq;mq;mq;mq;mq;mq;
07661;20110916090000;101760;80;2;250;1.500000;299.350000;290.150000;57;mq;mq;mq;mq;mq;mq;mq;mq;mq;mq;100230;mq;mq;mq;mq;mq;mq;mq;mq;mq;mq;mq;3.100000;-10;mq;mq;mq;mq;0.000000;0.000000;mq;mq;mq;710.000000;1103.000000;mq;mq;mq;mq;mq;mq;mq;mq;mq;mq;mq;mq;mq;mq;
07690;20110916090000;101790;60;2;140;2.100000;298.150000;291.850000;68;30000;2;1;1;60;1;450;35;20;11;101470;mq;mq;mq;mq;mq;mq;mq;mq;mq;mq;mq;2.600000;-10;mq;mq;0.000000;-30;0.000000;0.000000;mq;mq;mq;710.000000;1103.000000;3100.000000;mq;1;6;510;5;0;7800;mq;mq;mq;mq;mq;mq;
07747;20110916090000;101750;110;3;180;1.000000;295.250000;291.050000;77;8000;20;5;2;100;8;250;36;61;60;101240;mq;mq;mq;mq;mq;mq;mq;mq;mq;mq;mq;2.100000;-10;mq;mq;0.000000;-30;0.000000;0.000000;mq;mq;mq;710.000000;1102.000000;3100.000000;mq;8;7;270;mq;mq;mq;mq;mq;mq;mq;mq;mq;
07761;20110916090000;101760;50;2;230;2.100000;298.750000;289.550000;57;25000;2;1;1;40;0;mq;30;20;12;101660;mq;mq;mq;mq;mq;mq;mq;mq;mq;mq;mq;3.100000;-10;mq;mq;0.000000;-30;0.000000;0.000000;mq;mq;mq;710.000000;1103.000000;3100.000000;mq;3;0;7500;mq;mq;mq;mq;mq;mq;mq;mq;mq;
07790;20110916090000;101760;40;1;90;1.500000;300.250000;293.550000;67;30000;2;1;1;50;1;800;31;20;11;101620;mq;mq;mq;mq;mq;mq;mq;mq;mq;mq;mq;4.600000;-10;mq;mq;0.000000;-30;0.000000;0.000000;mq;mq;mq;710.000000;1105.000000;3100.000000;mq;1;8;690;4;0;7800;mq;mq;mq;mq;mq;mq;
61968;20110916090000;101550;mq;mq;120;4.100000;301.950000;292.250000;56;mq;mq;mq;mq;mq;mq;mq;mq;mq;mq;mq;mq;mq;0;mq;mq;mq;mq;mq;mq;mq;mq;7.700000;-10;mq;mq;mq;mq;0.000000;0.000000;mq;mq;mq;710.000000;1108.000000;mq;mq;mq;mq;mq;mq;mq;mq;mq;mq;mq;mq;mq;mq;
61970;20110916090000;101740;mq;mq;mq;mq;301.550000;294.850000;67;mq;mq;mq;mq;mq;mq;mq;mq;mq;mq;mq;mq;mq;0;mq;mq;mq;mq;mq;mq;mq;mq;mq;mq;mq;mq;mq;mq;0.000000;0.000000;mq;mq;mq;mq;mq;mq;mq;mq;mq;mq;mq;mq;mq;mq;mq;mq;mq;mq;mq;
61972;20110916090000;101750;mq;mq;60;4.100000;300.150000;295.350000;75;mq;mq;mq;mq;mq;mq;mq;mq;mq;mq;mq;mq;mq;10;mq;mq;mq;mq;mq;mq;mq;mq;6.700000;-10;mq;mq;mq;mq;0.000000;0.000000;mq;mq;mq;710.000000;1107.000000;mq;mq;mq;mq;mq;mq;mq;mq;mq;mq;mq;mq;mq;mq;
61976;20110916090000;101640;mq;mq;100;8.200000;299.650000;294.450000;73;mq;mq;mq;mq;mq;mq;mq;mq;mq;mq;101490;mq;mq;mq;mq;mq;mq;mq;mq;mq;mq;mq;mq;mq;mq;mq;mq;mq;mq;0.000000;mq;mq;mq;mq;mq;mq;mq;mq;mq;mq;mq;mq;mq;mq;mq;mq;mq;mq;mq;
61980;20110916090000;101870;mq;mq;80;9.300000;298.950000;291.150000;62;10000;2;1;1;25;2;800;38;20;10;mq;mq;mq;mq;mq;mq;mq;mq;mq;mq;mq;mq;12.300000;-10;mq;mq;mq;mq;0.000000;0.000000;mq;mq;mq;710.000000;1112.000000;2437.000000;mq;1;8;780;mq;mq;mq;mq;mq;mq;mq;mq;mq;
61996;20110916090000;mq;mq;mq;mq;mq;286.650000;mq;mq;mq;mq;mq;mq;mq;mq;mq;mq;mq;mq;mq;mq;mq;mq;mq;mq;mq;mq;mq;mq;mq;mq;mq;mq;mq;mq;mq;mq;0.200000;1.000000;mq;mq;mq;mq;mq;mq;mq;mq;mq;mq;mq;mq;mq;mq;mq;mq;mq;mq;mq;
61997;20110916090000;100290;mq;mq;10;7.700000;275.850000;274.950000;94;mq;mq;mq;mq;mq;mq;mq;mq;mq;mq;mq;mq;mq;mq;mq;mq;mq;mq;mq;mq;mq;mq;mq;mq;mq;mq;mq;mq;mq;0.000000;mq;mq;mq;mq;mq;mq;mq;mq;mq;mq;mq;mq;mq;mq;mq;mq;mq;mq;mq;
61998;20110916090000;100360;mq;mq;220;9.300000;274.950000;272.050000;81;20000;2;1;1;75;6;800;35;20;10;mq;mq;mq;2160;mq;mq;mq;mq;mq;mq;mq;mq;12.300000;-10;mq;mq;mq;mq;0.000000;0.000000;mq;mq;mq;710.000000;1112.000000;mq;mq;6;6;690;mq;mq;mq;mq;mq;mq;mq;mq;mq;
67005;20110916090000;101650;mq;mq;210;2.600000;301.350000;292.550000;59;30000;2;1;1;40;3;800;32;20;10;mq;mq;mq;10;mq;mq;mq;mq;mq;mq;mq;mq;5.100000;-10;mq;mq;mq;mq;0.000000;0.000000;mq;mq;mq;710.000000;1105.000000;mq;mq;3;8;690;mq;mq;mq;mq;mq;mq;mq;mq;mq;
71805;20110916090000;100210;-690;6;180;15.400000;290.950000;290.950000;100;1500;62;6;6;100;8;80;37;61;60;100130;mq;mq;mq;mq;mq;mq;mq;mq;mq;mq;21.100000;22.600000;-10;mq;mq;0.000000;-30;5.000000;18.000000;mq;mq;mq;1021.000000;710.000000;1123.000000;3100.000000;8;7;90;mq;mq;mq;mq;mq;mq;mq;mq;mq;
78897;20110916090000;101470;40;3;80;3.100000;298.550000;295.250000;82;16000;0;mq;mq;mq;mq;800;mq;mq;mq;mq;mq;mq;0;mq;mq;mq;mq;mq;mq;mq;mq;mq;mq;mq;mq;mq;mq;mq;mq;mq;mq;mq;mq;mq;mq;mq;mq;mq;mq;mq;mq;mq;mq;mq;mq;mq;mq;mq;
78922;20110916090000;101360;20;3;70;7.200000;300.750000;296.550000;78;mq;mq;mq;mq;mq;mq;mq;mq;mq;mq;100920;mq;mq;mq;mq;mq;mq;mq;mq;mq;mq;mq;mq;mq;mq;mq;mq;mq;mq;mq;mq;mq;mq;mq;mq;mq;mq;mq;mq;mq;mq;mq;mq;mq;mq;mq;mq;mq;mq;
81401;20110916090000;101180;mq;mq;210;1.000000;296.350000;295.650000;96;mq;mq;mq;mq;mq;mq;mq;mq;mq;mq;101120;mq;mq;mq;mq;mq;mq;mq;mq;mq;mq;mq;mq;mq;mq;mq;mq;mq;mq;0.000000;mq;mq;mq;mq;mq;mq;mq;mq;mq;mq;mq;mq;mq;mq;mq;mq;mq;mq;mq;
81405;20110916090000;101240;mq;mq;270;0.500000;296.250000;295.950000;98;21000;0;mq;mq;mq;mq;800;mq;mq;mq;101150;mq;mq;mq;mq;mq;mq;mq;mq;mq;mq;mq;mq;mq;mq;mq;mq;mq;mq;0.000000;mq;mq;mq;mq;mq;mq;mq;mq;mq;mq;mq;mq;mq;mq;mq;mq;mq;mq;mq;
81408;20110916090000;101240;mq;mq;0;0.000000;295.150000;294.850000;98;mq;mq;mq;mq;mq;mq;mq;mq;mq;mq;101160;mq;mq;mq;mq;mq;mq;mq;mq;mq;mq;mq;mq;mq;mq;mq;mq;mq;mq;0.000000;mq;mq;mq;mq;mq;mq;mq;mq;mq;mq;mq;mq;mq;mq;mq;mq;mq;mq;mq;
81415;20110916090000;101280;mq;mq;130;0.500000;295.950000;295.450000;97;mq;mq;mq;mq;mq;mq;mq;mq;mq;mq;100060;mq;mq;mq;mq;mq;mq;mq;mq;mq;mq;mq;mq;mq;mq;mq;mq;mq;0.000000;0.000000;mq;mq;mq;mq;mq;mq;mq;mq;mq;mq;mq;mq;mq;mq;mq;mq;mq;mq;mq;
89642;20110916090000;99350;-40;6;130;6.200000;262.150000;255.250000;53;40000;2;1;1;90;0;8000;30;20;11;98800;mq;mq;mq;mq;mq;mq;mq;mq;mq;mq;mq;mq;mq;mq;mq;mq;mq;mq;mq;mq;mq;mq;mq;mq;mq;mq;7;0;6000;mq;mq;mq;mq;mq;mq;mq;mq;mq;
07005;20110916120000;101240;-250;6;130;6.200000;292.150000;285.650000;66;30000;2;1;1;50;1;1250;32;20;11;100370;mq;mq;mq;mq;mq;mq;mq;mq;mq;mq;mq;9.800000;-10;mq;mq;0.000000;-60;0.000000;0.000000;0.000000;mq;mq;710.000000;1110.000000;3100.000000;mq;1;8;1290;4;0;7500;mq;mq;mq;mq;mq;mq;
07015;20110916120000;101330;-290;8;120;5.100000;291.150000;285.150000;68;16000;0;mq;mq;mq;mq;mq;mq;mq;mq;100780;mq;mq;mq;mq;mq;mq;mq;mq;mq;mq;mq;6.700000;-10;mq;mq;mq;mq;0.000000;0.000000;0.000000;mq;mq;710.000000;1107.000000;mq;mq;mq;mq;mq;mq;mq;mq;mq;mq;mq;mq;mq;mq;
07020;20110916120000;101300;30;1;220;5.100000;291.550000;288.250000;81;18000;2;1;1;75;4;1250;32;23;10;101040;mq;mq;mq;mq;mq;mq;mq;mq;mq;mq;mq;8.200000;-10;mq;mq;mq;mq;0.000000;0.000000;0.000000;mq;mq;710.000000;1108.000000;mq;mq;6;8;1200;mq;mq;mq;mq;mq;mq;mq;mq;mq;
07027;20110916120000;101180;-50;8;200;6.200000;295.450000;287.850000;62;40000;2;1;1;75;6;1250;38;20;10;100410;mq;mq;mq;mq;mq;mq;mq;mq;mq;mq;mq;8.700000;-10;mq;mq;0.000000;-60;0.000000;0.000000;0.000000;mq;mq;710.000000;1109.000000;3100.000000;mq;1;8;1080;6;6;1500;mq;mq;mq;mq;mq;mq;
07037;20110916120000;101230;-160;6;160;4.600000;292.750000;286.950000;69;30000;1;9;8;40;0;8000;30;20;11;99460;mq;mq;mq;mq;mq;mq;mq;mq;mq;mq;mq;9.800000;-10;mq;mq;0.000000;-60;0.000000;0.000000;0.800000;mq;mq;710.000000;1110.000000;3100.000000;mq;3;0;6000;mq;mq;mq;mq;mq;mq;mq;mq;mq;
07110;20110916120000;101510;90;1;270;4.600000;291.550000;285.750000;69;50000;0;mq;mq;75;mq;800;mq;mq;mq;100390;mq;mq;mq;mq;mq;mq;mq;mq;mq;mq;mq;9.300000;-10;mq;mq;mq;mq;0.000000;0.000000;0.000000;mq;mq;710.000000;1109.000000;mq;mq;mq;mq;mq;mq;mq;mq;mq;mq;mq;mq;mq;mq;
07117;20110916120000;101430;120;1;260;7.200000;291.450000;287.350000;77;18000;2;1;1;50;4;3500;30;26;10;100750;mq;mq;mq;mq;mq;mq;mq;mq;mq;mq;mq;12.300000;-10;mq;mq;mq;mq;0.000000;0.000000;0.000000;mq;mq;710.000000;1112.000000;2437.000000;mq;mq;mq;mq;mq;mq;mq;mq;mq;mq;mq;mq;mq;
07130;20110916120000;101360;40;2;250;4.100000;295.550000;288.650000;65;35000;0;mq;mq;mq;mq;800;mq;mq;mq;100860;mq;mq;mq;mq;mq;mq;mq;mq;mq;mq;mq;8.700000;-10;mq;mq;mq;mq;0.000000;0.000000;0.000000;mq;mq;710.000000;1109.000000;mq;mq;mq;mq;mq;mq;mq;mq;mq;mq;mq;mq;mq;mq;
07139;20110916120000;101230;-100;7;200;4.600000;295.450000;287.850000;62;30000;3;9;6;60;1;1250;31;20;12;99570;mq;mq;mq;mq;mq;mq;mq;mq;mq;mq;mq;6.700000;-10;mq;mq;0.000000;-60;0.000000;0.000000;0.000000;mq;mq;710.000000;1107.000000;3100.000000;mq;1;8;990;5;0;6900;mq;mq;mq;mq;mq;mq;
07149;20110916120000;101370;-160;7;170;3.100000;291.850000;286.050000;69;25000;2;1;1;90;3;1750;32;28;12;100320;mq;mq;mq;mq;mq;mq;mq;mq;mq;mq;mq;4.600000;-10;mq;mq;0.000000;-60;0.000000;0.000000;0.000000;mq;mq;710.000000;1105.000000;3100.000000;mq;3;8;1800;3;3;3000;5;0;7500;mq;mq;mq;
07168;20110916120000;101600;0;5;180;2.600000;290.350000;286.650000;79;20000;2;6;2;90;2;800;37;27;60;100210;mq;mq;mq;mq;mq;mq;mq;mq;mq;mq;mq;6.200000;-10;mq;mq;0.000000;-60;0.000000;0.200000;0.200000;mq;mq;710.000000;1106.000000;3100.000000;mq;2;8;780;7;3;3000;mq;mq;mq;mq;mq;mq;
07181;20110916120000;101590;-60;8;130;2.100000;290.250000;286.950000;81;50000;61;mq;mq;90;mq;1250;mq;mq;mq;97610;mq;mq;mq;mq;mq;mq;mq;mq;mq;mq;mq;3.600000;-10;mq;mq;mq;mq;0.000000;0.000000;0.000000;mq;mq;710.000000;1104.000000;mq;mq;mq;mq;mq;mq;mq;mq;mq;mq;mq;mq;mq;mq;
07190;20110916120000;101630;-140;8;140;1.500000;295.350000;285.350000;53;40000;0;mq;mq;mq;mq;mq;mq;mq;mq;99880;mq;mq;mq;mq;mq;mq;mq;mq;mq;mq;mq;4.100000;-10;mq;mq;mq;mq;0.000000;0.000000;0.000000;mq;mq;710.000000;1104.000000;mq;mq;mq;mq;mq;mq;mq;mq;mq;mq;mq;mq;mq;mq;
07207;20110916120000;mq;mq;mq;290;7.700000;291.950000;287.450000;75;20000;2;1;1;75;3;800;31;20;10;mq;mq;mq;mq;mq;mq;mq;mq;mq;mq;mq;mq;12.300000;-10;mq;mq;mq;mq;0.000000;0.000000;0.000000;mq;mq;710.000000;1112.000000;2438.000000;mq;mq;mq;mq;mq;mq;mq;mq;mq;mq;mq;mq;mq;
07222;20110916120000;101500;110;2;270;5.700000;294.350000;289.350000;73;25000;2;1;1;60;2;800;31;20;11;101200;mq;mq;mq;mq;mq;mq;mq;mq;mq;mq;mq;9.800000;-10;mq;mq;mq;mq;0.000000;0.000000;0.000000;mq;mq;710.000000;1110.000000;mq;mq;2;8;630;5;0;7500;mq;mq;mq;mq;mq;mq;
07240;20110916120000;101370;-20;8;200;4.600000;296.450000;291.150000;72;60000;0;mq;mq;mq;mq;mq;mq;mq;mq;100080;mq;mq;mq;mq;mq;mq;mq;mq;mq;mq;mq;8.200000;-10;mq;mq;mq;mq;0.000000;0.200000;0.600000;mq;mq;710.000000;1108.000000;mq;mq;mq;mq;mq;mq;mq;mq;mq;mq;mq;mq;mq;mq;
07255;20110916120000;101540;-30;7;220;3.600000;297.850000;287.950000;54;28000;1;6;2;90;2;3500;30;28;11;99640;mq;mq;mq;mq;mq;mq;mq;mq;mq;mq;mq;5.100000;-10;mq;mq;0.000000;-60;0.000000;0.200000;0.200000;mq;mq;710.000000;1105.000000;3100.000000;mq;2;3;3300;7;0;7800;mq;mq;mq;mq;mq;mq;
07280;20110916120000;101550;-70;8;140;2.100000;297.350000;287.750000;55;50000;0;mq;mq;mq;mq;mq;mq;mq;mq;98960;mq;mq;mq;mq;mq;mq;mq;mq;mq;mq;mq;4.100000;-10;mq;mq;mq;mq;0.000000;0.000000;0.000000;mq;mq;710.000000;1104.000000;mq;mq;mq;mq;mq;mq;mq;mq;mq;mq;mq;mq;mq;mq;
07299;20110916120000;101560;-100;8;60;1.500000;297.450000;286.350000;50;20000;2;4;0;50;2;3500;30;23;11;98450;mq;mq;mq;mq;mq;mq;mq;mq;mq;mq;mq;4.100000;-10;mq;mq;0.000000;-60;0.000000;0.000000;0.000000;mq;mq;710.000000;1104.000000;3100.000000;mq;2;3;3300;4;0;6900;mq;mq;mq;mq;mq;mq;
07314;20110916120000;101700;110;1;300;6.200000;293.250000;290.450000;84;15000;2;1;1;75;3;1750;34;24;10;101430;mq;mq;mq;mq;mq;mq;mq;mq;mq;mq;mq;8.700000;-10;mq;mq;mq;mq;0.000000;0.000000;0.200000;mq;mq;710.000000;1109.000000;2436.000000;mq;2;8;1500;mq;mq;mq;mq;mq;mq;mq;mq;mq;
07335;20110916120000;101530;20;1;210;5.100000;294.850000;291.050000;79;30000;2;6;2;90;7;3500;30;27;60;100140;mq;mq;mq;mq;mq;mq;mq;mq;mq;mq;mq;9.300000;-10;mq;mq;mq;mq;0.000000;0.000000;0.000000;mq;mq;710.000000;1109.000000;mq;mq;5;3;3300;7;4;4500;mq;mq;mq;mq;mq;mq;
07434;20110916120000;101630;40;0;160;1.000000;294.150000;288.250000;69;30000;25;8;6;90;2;1250;32;28;12;97040;mq;mq;mq;mq;mq;mq;mq;mq;mq;mq;mq;4.600000;-10;mq;mq;0.000000;-60;0.000000;0.000000;0.000000;mq;mq;710.000000;1105.000000;3100.000000;mq;2;8;1200;5;3;3900;5;0;7800;mq;mq;mq;
07460;20110916120000;101540;20;0;130;1.000000;298.550000;285.050000;43;30000;15;1;1;90;3;2250;32;28;60;97860;mq;mq;mq;mq;mq;mq;mq;mq;mq;mq;mq;4.600000;-10;mq;mq;0.000000;-60;0.000000;0.000000;0.000000;mq;mq;710.000000;1105.000000;3100.000000;mq;3;8;1800;7;3;3000;mq;mq;mq;mq;mq;mq;
07471;20110916120000;mq;-30;8;340;2.100000;298.850000;283.450000;38;45000;2;1;1;60;1;1250;32;28;10;92300;85000;17790;mq;mq;mq;mq;mq;mq;mq;mq;mq;5.700000;-10;mq;mq;0.000000;-60;0.000000;0.000000;0.000000;mq;mq;710.000000;1106.000000;3100.000000;mq;1;8;1380;5;3;3300;mq;mq;mq;mq;mq;mq;
07481;20110916120000;101530;-70;8;190;4.600000;301.050000;286.550000;41;18000;0;mq;mq;mq;mq;mq;mq;mq;mq;98830;mq;mq;mq;mq;mq;mq;mq;mq;mq;mq;mq;7.200000;-10;mq;mq;mq;mq;0.000000;0.000000;0.000000;mq;mq;710.000000;1107.000000;mq;mq;mq;mq;mq;mq;mq;mq;mq;mq;mq;mq;mq;mq;
07510;20110916120000;101630;10;0;250;3.600000;301.650000;288.250000;44;25000;2;1;1;90;1;800;31;28;12;101020;mq;mq;mq;mq;mq;mq;mq;mq;mq;mq;mq;8.200000;-10;mq;mq;0.000000;-60;0.000000;0.000000;0.000000;mq;mq;710.000000;1108.000000;3100.000000;mq;1;8;690;6;0;6900;mq;mq;mq;mq;mq;mq;
07535;20110916120000;101640;-20;5;330;2.600000;300.050000;286.450000;43;20000;3;6;2;90;1;2250;30;23;19;98690;mq;mq;mq;mq;mq;mq;mq;mq;mq;mq;mq;5.100000;-10;mq;mq;0.000000;-60;0.000000;0.000000;0.000000;mq;mq;710.000000;1105.000000;3100.000000;mq;1;3;1800;7;2;6900;mq;mq;mq;mq;mq;mq;
07558;20110916120000;101420;-40;8;120;2.600000;300.450000;283.250000;34;50000;2;1;1;25;2;3500;30;27;10;93590;mq;mq;mq;mq;mq;mq;mq;mq;mq;mq;mq;6.200000;-10;mq;mq;0.000000;-60;0.000000;0.000000;0.000000;mq;mq;710.000000;1106.000000;3100.000000;mq;2;3;3900;mq;mq;mq;mq;mq;mq;mq;mq;mq;
07577;20110916120000;101650;-100;8;170;3.600000;301.650000;286.750000;40;25000;2;1;1;75;6;3500;30;28;11;100810;mq;mq;mq;mq;mq;mq;mq;mq;mq;mq;mq;7.200000;-10;mq;mq;0.000000;-60;0.000000;0.000000;0.000000;mq;mq;710.000000;1107.000000;3100.000000;mq;3;3;2700;4;3;3600;mq;mq;mq;mq;mq;mq;
07591;20110916120000;mq;-150;8;200;4.100000;300.350000;280.750000;29;mq;0;mq;mq;mq;mq;mq;mq;mq;mq;91810;mq;mq;mq;mq;mq;mq;mq;mq;mq;mq;mq;7.700000;-10;mq;mq;mq;mq;0.000000;0.000000;0.000000;mq;mq;710.000000;1108.000000;mq;mq;mq;mq;mq;mq;mq;mq;mq;mq;mq;mq;mq;mq;
07607;20110916120000;101640;-20;8;360;3.100000;302.350000;288.850000;44;24000;0;mq;mq;75;mq;mq;mq;mq;mq;100970;mq;mq;mq;mq;mq;mq;mq;mq;mq;mq;mq;8.200000;-10;mq;mq;mq;mq;0.000000;0.000000;0.000000;mq;mq;710.000000;1108.000000;mq;mq;mq;mq;mq;mq;mq;mq;mq;mq;mq;mq;mq;mq;
07621;20110916120000;101550;10;0;310;2.600000;300.450000;290.950000;56;40000;2;1;1;75;1;1250;32;23;12;97480;mq;mq;mq;mq;mq;mq;mq;mq;mq;mq;mq;6.200000;-10;mq;mq;0.000000;-60;0.000000;0.000000;0.000000;mq;mq;710.000000;1106.000000;3100.000000;mq;1;8;1380;6;0;7800;mq;mq;mq;mq;mq;mq;
07627;20110916120000;101460;-40;8;340;2.600000;300.850000;288.550000;47;30000;2;1;1;25;1;1250;39;20;11;96890;mq;mq;mq;mq;mq;mq;mq;mq;mq;mq;mq;5.100000;-10;mq;mq;0.000000;-60;0.000000;0.000000;0.000000;mq;mq;710.000000;1105.000000;3100.000000;mq;1;8;990;1;9;1200;mq;mq;mq;mq;mq;mq;
07630;20110916120000;101560;-40;8;90;1.500000;301.450000;289.750000;49;50000;0;mq;mq;mq;mq;mq;mq;mq;mq;99860;mq;mq;mq;mq;mq;mq;mq;mq;mq;mq;mq;4.600000;-10;mq;mq;mq;mq;0.000000;0.000000;0.000000;mq;mq;710.000000;1105.000000;mq;mq;mq;mq;mq;mq;mq;mq;mq;mq;mq;mq;mq;mq;
07643;20110916120000;101760;-30;8;160;3.600000;298.450000;292.850000;71;30000;2;1;1;40;2;1250;35;27;10;101670;mq;mq;mq;mq;mq;mq;mq;mq;mq;mq;mq;4.600000;-10;mq;mq;mq;mq;0.000000;0.000000;0.000000;mq;mq;710.000000;1105.000000;mq;mq;2;6;990;mq;mq;mq;mq;mq;mq;mq;mq;mq;
07650;20110916120000;101740;-20;8;230;3.100000;301.450000;287.350000;42;60000;2;1;1;10;1;1750;31;23;10;101370;mq;mq;mq;mq;mq;mq;mq;mq;mq;mq;mq;5.700000;-10;mq;mq;0.000000;-60;0.000000;0.000000;0.000000;mq;mq;710.000000;1106.000000;3100.000000;mq;1;8;1500;mq;mq;mq;mq;mq;mq;mq;mq;mq;
07661;20110916120000;101750;10;0;260;6.200000;299.350000;290.750000;59;30000;2;1;1;25;1;450;31;20;11;100220;mq;mq;mq;mq;mq;mq;mq;mq;mq;mq;mq;8.200000;-10;mq;mq;mq;mq;0.000000;0.000000;0.000000;mq;mq;710.000000;1108.000000;mq;mq;1;8;480;mq;mq;mq;mq;mq;mq;mq;mq;mq;
07690;20110916120000;101780;-10;8;140;2.600000;298.350000;293.150000;73;35000;2;1;1;75;1;450;38;20;11;101460;mq;mq;mq;mq;mq;mq;mq;mq;mq;mq;mq;4.100000;-10;mq;mq;0.000000;-60;0.000000;0.000000;0.000000;mq;mq;710.000000;1104.000000;3100.000000;mq;1;6;570;6;0;7800;mq;mq;mq;mq;mq;mq;
07747;20110916120000;101650;-90;8;60;4.100000;299.350000;292.250000;65;12000;2;5;1;40;3;450;35;20;10;101150;mq;mq;mq;mq;mq;mq;mq;mq;mq;mq;mq;6.200000;-10;mq;mq;0.000000;-60;0.000000;0.000000;0.000000;mq;mq;710.000000;1106.000000;3100.000000;mq;3;6;390;mq;mq;mq;mq;mq;mq;mq;mq;mq;
07761;20110916120000;101730;-30;8;220;4.600000;300.950000;293.250000;63;30000;2;1;1;40;1;1750;31;20;12;101630;mq;mq;mq;mq;mq;mq;mq;mq;mq;mq;mq;6.200000;-10;mq;mq;0.000000;-60;0.000000;0.000000;0.000000;mq;mq;710.000000;1106.000000;3100.000000;mq;1;8;1800;3;0;7500;mq;mq;mq;mq;mq;mq;
07790;20110916120000;101730;-30;8;30;2.600000;300.850000;292.650000;61;25000;2;1;1;50;1;800;31;20;11;101590;mq;mq;mq;mq;mq;mq;mq;mq;mq;mq;mq;7.200000;-10;mq;mq;0.000000;-60;0.000000;0.000000;0.000000;mq;mq;710.000000;1107.000000;3100.000000;mq;1;8;780;4;0;7800;mq;mq;mq;mq;mq;mq;
61968;20110916120000;101400;mq;mq;130;2.600000;301.650000;292.350000;57;mq;mq;mq;mq;mq;mq;mq;mq;mq;mq;mq;mq;mq;20;mq;mq;mq;mq;mq;mq;mq;mq;6.700000;-10;mq;mq;mq;mq;0.000000;mq;0.000000;mq;mq;710.000000;1107.000000;mq;mq;mq;mq;mq;mq;mq;mq;mq;mq;mq;mq;mq;mq;
61970;20110916120000;101570;mq;mq;mq;mq;301.550000;294.550000;66;mq;mq;mq;mq;mq;mq;mq;mq;mq;mq;mq;mq;mq;70;mq;mq;mq;mq;mq;mq;mq;mq;mq;mq;mq;mq;mq;mq;0.000000;mq;0.000000;mq;mq;mq;mq;mq;mq;mq;mq;mq;mq;mq;mq;mq;mq;mq;mq;mq;mq;
61972;20110916120000;101760;mq;mq;320;1.500000;298.950000;295.450000;81;mq;mq;mq;mq;mq;mq;mq;mq;mq;mq;mq;mq;mq;230;mq;mq;mq;mq;mq;mq;mq;mq;4.100000;-10;mq;mq;mq;mq;0.000000;mq;0.000000;mq;mq;710.000000;1104.000000;mq;mq;mq;mq;mq;mq;mq;mq;mq;mq;mq;mq;mq;mq;
61976;20110916120000;101530;mq;mq;110;6.200000;299.250000;293.850000;72;mq;mq;mq;mq;mq;mq;mq;mq;mq;mq;101380;mq;mq;mq;mq;mq;mq;mq;mq;mq;mq;mq;mq;mq;mq;mq;mq;mq;mq;mq;mq;mq;mq;mq;mq;mq;mq;mq;mq;mq;mq;mq;mq;mq;mq;mq;mq;mq;mq;
61980;20110916120000;101730;mq;mq;70;10.300000;298.050000;291.450000;67;10000;2;1;1;25;2;800;38;20;10;mq;mq;mq;mq;mq;mq;mq;mq;mq;mq;mq;mq;12.300000;-10;mq;mq;mq;mq;0.000000;mq;0.000000;mq;mq;710.000000;1112.000000;2437.000000;mq;1;8;780;mq;mq;mq;mq;mq;mq;mq;mq;mq;
61996;20110916120000;mq;mq;mq;mq;mq;285.650000;mq;mq;mq;mq;mq;mq;mq;mq;mq;mq;mq;mq;mq;mq;mq;120;mq;mq;mq;mq;mq;mq;mq;mq;mq;mq;mq;mq;mq;mq;0.000000;mq;1.000000;mq;mq;mq;mq;mq;mq;mq;mq;mq;mq;mq;mq;mq;mq;mq;mq;mq;mq;
61997;20110916120000;99800;mq;mq;50;9.300000;276.050000;275.450000;96;mq;mq;mq;mq;mq;mq;mq;mq;mq;mq;mq;mq;mq;mq;mq;mq;mq;mq;mq;mq;mq;mq;mq;mq;mq;mq;mq;mq;mq;mq;6.000000;mq;mq;mq;mq;mq;mq;mq;mq;mq;mq;mq;mq;mq;mq;mq;mq;mq;mq;
61998;20110916120000;100660;mq;mq;230;8.700000;274.050000;271.350000;82;25000;2;1;1;75;6;800;38;20;10;mq;mq;mq;2190;mq;mq;mq;mq;mq;mq;mq;mq;12.900000;-10;mq;mq;mq;mq;0.000000;mq;0.000000;mq;mq;710.000000;1113.000000;mq;mq;1;8;600;6;6;780;mq;mq;mq;mq;mq;mq;
67005;20110916120000;101460;mq;mq;170;2.600000;300.850000;291.850000;58;20000;2;1;1;40;2;800;38;23;10;mq;mq;mq;20;mq;mq;mq;mq;mq;mq;mq;mq;4.600000;-10;mq;mq;mq;mq;0.000000;mq;0.000000;mq;mq;710.000000;1105.000000;mq;mq;3;8;660;mq;mq;mq;mq;mq;mq;mq;mq;mq;
71805;20110916120000;100080;-130;8;200;9.800000;290.450000;290.450000;100;1500;63;6;6;100;8;80;37;61;60;100000;mq;mq;mq;mq;mq;mq;mq;mq;mq;mq;mq;15.400000;-10;mq;mq;0.000000;-60;2.000000;2.000000;20.000000;mq;mq;710.000000;1115.000000;3100.000000;mq;8;7;90;mq;mq;mq;mq;mq;mq;mq;mq;mq;
78897;20110916120000;101540;70;3;100;2.600000;301.050000;295.950000;74;40000;0;mq;mq;mq;mq;800;mq;mq;mq;mq;mq;mq;mq;297.150000;mq;mq;304.850000;mq;mq;mq;mq;mq;mq;mq;mq;mq;mq;mq;mq;4.000000;mq;4.600000;mq;mq;mq;mq;mq;mq;mq;mq;mq;mq;mq;mq;mq;mq;mq;mq;
78922;20110916120000;101540;170;3;60;11.300000;299.750000;295.550000;78;mq;mq;mq;mq;mq;mq;mq;mq;mq;mq;101090;mq;mq;mq;mq;mq;mq;mq;mq;mq;mq;mq;mq;mq;mq;mq;mq;mq;mq;mq;mq;mq;mq;mq;mq;mq;mq;mq;mq;mq;mq;mq;mq;mq;mq;mq;mq;mq;mq;
78925;20110916120000;101400;60;3;50;5.100000;301.750000;297.150000;76;20000;2;1;1;75;6;800;39;20;12;mq;mq;mq;0;295.650000;mq;mq;305.350000;mq;mq;mq;mq;mq;mq;mq;mq;mq;mq;mq;mq;1.000000;mq;6.800000;mq;mq;mq;mq;2;9;600;4;8;780;mq;mq;mq;mq;mq;mq;
81401;20110916120000;101290;mq;mq;130;2.600000;300.950000;297.150000;80;mq;mq;mq;mq;mq;mq;mq;mq;mq;mq;101230;mq;mq;mq;296.250000;mq;mq;mq;mq;mq;mq;mq;mq;mq;mq;mq;mq;mq;mq;0.000000;mq;mq;5.000000;mq;mq;mq;mq;mq;mq;mq;mq;mq;mq;mq;mq;mq;mq;mq;mq;
81405;20110916120000;101320;mq;mq;120;2.600000;302.150000;297.750000;77;10000;2;1;1;25;2;450;31;20;11;101230;mq;mq;mq;296.150000;mq;mq;mq;mq;mq;mq;mq;mq;mq;mq;mq;mq;mq;mq;0.000000;mq;mq;0.000000;mq;mq;mq;mq;mq;mq;mq;mq;mq;mq;mq;mq;mq;mq;mq;mq;
81408;20110916120000;101320;mq;mq;130;0.500000;301.950000;297.550000;77;mq;mq;mq;mq;mq;mq;mq;mq;mq;mq;101240;mq;mq;mq;294.950000;mq;mq;mq;mq;mq;mq;mq;mq;mq;mq;mq;mq;mq;mq;0.000000;mq;mq;0.000000;mq;mq;mq;mq;mq;mq;mq;mq;mq;mq;mq;mq;mq;mq;mq;mq;
81415;20110916120000;101400;mq;mq;30;1.500000;300.750000;296.350000;77;mq;mq;mq;mq;mq;mq;mq;mq;mq;mq;100200;mq;mq;mq;295.850000;mq;mq;mq;mq;mq;mq;mq;mq;mq;mq;mq;mq;mq;0.000000;0.000000;mq;mq;0.400000;mq;mq;mq;mq;mq;mq;mq;mq;mq;mq;mq;mq;mq;mq;mq;mq;
89642;20110916120000;99350;0;5;110;6.200000;262.050000;254.750000;51;40000;2;1;1;90;0;8000;30;20;11;98800;mq;mq;mq;261.550000;mq;264.550000;mq;mq;mq;mq;mq;mq;mq;mq;mq;mq;mq;mq;mq;mq;mq;mq;mq;mq;mq;mq;7;0;6000;mq;mq;mq;mq;mq;mq;mq;mq;mq;
07005;20110916150000;101070;-150;6;220;5.100000;296.450000;288.550000;61;30000;2;1;1;75;6;1250;38;20;10;100220;mq;mq;mq;mq;mq;mq;mq;mq;mq;mq;mq;7.700000;-10;mq;mq;0.000000;-30;0.000000;0.000000;mq;mq;mq;710.000000;1108.000000;3100.000000;mq;1;8;1200;6;6;1500;mq;mq;mq;mq;mq;mq;
07015;20110916150000;101120;-210;8;180;5.700000;294.250000;285.950000;59;40000;2;1;1;75;6;1750;38;20;10;100570;mq;mq;mq;mq;mq;mq;mq;mq;mq;mq;mq;8.200000;-10;mq;mq;0.000000;-30;0.000000;0.000000;mq;mq;mq;710.000000;1108.000000;3100.000000;mq;2;8;1800;4;6;2100;mq;mq;mq;mq;mq;mq;
07020;20110916150000;101360;60;2;260;8.200000;291.150000;287.050000;77;18000;2;1;1;50;3;1250;32;20;11;101100;mq;mq;mq;mq;mq;mq;mq;mq;mq;mq;mq;12.300000;-10;mq;mq;mq;mq;0.000000;0.000000;mq;mq;mq;710.000000;1112.000000;mq;mq;3;8;990;mq;mq;mq;mq;mq;mq;mq;mq;mq;
07027;20110916150000;101290;100;2;240;8.200000;293.150000;287.250000;69;35000;2;1;1;75;6;1250;38;20;10;100510;mq;mq;mq;mq;mq;mq;mq;mq;mq;mq;mq;11.800000;-10;mq;mq;0.000000;-30;0.000000;0.000000;mq;mq;mq;710.000000;1112.000000;3100.000000;mq;3;8;1200;6;6;1500;mq;mq;mq;mq;mq;mq;
07037;20110916150000;101130;-70;6;250;5.100000;297.150000;289.450000;62;30000;2;1;1;50;4;800;38;20;10;99390;mq;mq;mq;mq;mq;mq;mq;mq;mq;mq;mq;10.300000;-10;mq;mq;0.000000;-30;0.000000;0.000000;mq;mq;mq;710.000000;1110.000000;3100.000000;mq;3;8;930;mq;mq;mq;mq;mq;mq;mq;mq;mq;
07110;20110916150000;101540;30;1;280;5.100000;290.050000;283.450000;65;25000;2;1;1;75;6;800;38;20;10;100420;mq;mq;mq;mq;mq;mq;mq;mq;mq;mq;mq;10.800000;-10;mq;mq;0.000000;-30;0.000000;0.000000;mq;mq;mq;710.000000;1111.000000;3100.000000;mq;5;8;900;3;6;1110;mq;mq;mq;mq;mq;mq;
07117;20110916150000;101460;20;3;280;7.200000;289.650000;285.750000;78;18000;2;1;1;60;5;3500;30;26;10;100770;mq;mq;mq;mq;mq;mq;mq;mq;mq;mq;mq;12.900000;-10;mq;mq;mq;mq;0.000000;0.000000;mq;mq;mq;710.000000;1113.000000;2437.000000;mq;mq;mq;mq;mq;mq;mq;mq;mq;mq;mq;mq;mq;
07130;20110916150000;101380;20;1;280;6.200000;295.950000;285.550000;52;45000;0;mq;mq;90;mq;1750;mq;mq;mq;100880;mq;mq;mq;mq;mq;mq;mq;mq;mq;mq;mq;8.700000;-10;mq;mq;mq;mq;0.000000;0.000000;mq;mq;mq;710.000000;1109.000000;mq;mq;mq;mq;mq;mq;mq;mq;mq;mq;mq;mq;mq;mq;
07139;20110916150000;101270;40;3;280;6.200000;295.550000;287.950000;62;30000;2;1;1;50;2;1250;31;20;11;99610;mq;mq;mq;mq;mq;mq;mq;mq;mq;mq;mq;11.300000;-10;mq;mq;0.000000;-30;0.000000;0.000000;mq;mq;mq;710.000000;1111.000000;3100.000000;mq;2;8;990;3;0;6900;mq;mq;mq;mq;mq;mq;
07149;20110916150000;101150;-200;6;220;4.600000;298.550000;289.150000;56;25000;2;1;1;90;2;800;38;23;12;100120;mq;mq;mq;mq;mq;mq;mq;mq;mq;mq;mq;7.700000;-10;mq;mq;0.000000;-30;0.000000;0.000000;mq;mq;mq;710.000000;1108.000000;3100.000000;mq;1;8;900;3;3;3000;7;0;7500;mq;mq;mq;
07168;20110916150000;101360;-220;6;170;6.200000;293.850000;288.650000;72;25000;2;1;1;90;2;800;32;27;60;99990;mq;mq;mq;mq;mq;mq;mq;mq;mq;mq;mq;9.300000;-10;mq;mq;0.000000;-30;0.000000;0.000000;mq;mq;mq;710.000000;1109.000000;3100.000000;mq;2;8;780;7;3;2400;mq;mq;mq;mq;mq;mq;
07181;20110916150000;101510;-60;8;140;3.600000;290.750000;289.050000;90;35000;0;mq;mq;90;mq;mq;mq;mq;mq;97550;mq;mq;mq;mq;mq;mq;mq;mq;mq;mq;mq;5.700000;-10;mq;mq;mq;mq;0.000000;0.800000;mq;mq;mq;710.000000;1106.000000;mq;mq;mq;mq;mq;mq;mq;mq;mq;mq;mq;mq;mq;mq;
07190;20110916150000;101570;-60;6;340;2.600000;294.350000;286.750000;62;55000;0;mq;mq;100;mq;mq;mq;mq;mq;99820;mq;mq;mq;mq;mq;mq;mq;mq;mq;mq;mq;4.600000;-10;mq;mq;mq;mq;0.000000;0.000000;mq;mq;mq;710.000000;1105.000000;mq;mq;mq;mq;mq;mq;mq;mq;mq;mq;mq;mq;mq;mq;
07207;20110916150000;mq;mq;mq;290;7.200000;291.450000;286.950000;75;20000;2;1;1;50;4;800;31;20;10;mq;mq;mq;mq;mq;mq;mq;mq;mq;mq;mq;mq;12.900000;-10;mq;mq;mq;mq;0.000000;0.000000;mq;mq;mq;710.000000;1113.000000;2438.000000;mq;mq;mq;mq;mq;mq;mq;mq;mq;mq;mq;mq;mq;
07222;20110916150000;101540;40;1;290;5.700000;294.450000;288.750000;70;30000;2;1;1;25;1;800;31;23;11;101240;mq;mq;mq;mq;mq;mq;mq;mq;mq;mq;mq;10.300000;-10;mq;mq;mq;mq;0.000000;0.000000;mq;mq;mq;710.000000;1110.000000;mq;mq;1;8;900;mq;mq;mq;mq;mq;mq;mq;mq;mq;
07240;20110916150000;101340;-20;5;240;5.700000;297.450000;291.350000;69;45000;0;mq;mq;mq;mq;800;mq;mq;mq;100060;mq;mq;mq;mq;mq;mq;mq;mq;mq;mq;mq;12.300000;-10;mq;mq;mq;mq;0.000000;0.000000;mq;mq;mq;710.000000;1112.000000;mq;mq;mq;mq;mq;mq;mq;mq;mq;mq;mq;mq;mq;mq;
07255;20110916150000;101390;-140;6;230;4.600000;298.850000;288.250000;52;28000;2;1;1;100;1;1750;35;28;12;99500;mq;mq;mq;mq;mq;mq;mq;mq;mq;mq;mq;8.200000;-10;mq;mq;0.000000;-30;0.000000;0.000000;mq;mq;mq;710.000000;1108.000000;3100.000000;mq;1;6;1500;3;3;3000;8;0;7800;mq;mq;mq;
07280;20110916150000;101530;-30;8;180;1.500000;296.150000;289.250000;65;55000;0;mq;mq;100;mq;1750;mq;mq;mq;98930;mq;mq;mq;mq;mq;mq;mq;mq;mq;mq;mq;4.600000;-10;mq;mq;mq;mq;0.000000;0.000000;mq;mq;mq;710.000000;1105.000000;mq;mq;mq;mq;mq;mq;mq;mq;mq;mq;mq;mq;mq;mq;
07299;20110916150000;101430;-110;7;280;2.100000;298.850000;287.950000;51;20000;2;1;1;90;5;3500;30;23;11;98340;mq;mq;mq;mq;mq;mq;mq;mq;mq;mq;mq;3.600000;-10;mq;mq;0.000000;-30;0.000000;0.000000;mq;mq;mq;710.000000;1104.000000;3100.000000;mq;2;3;4500;4;3;5400;5;0;6900;mq;mq;mq;
07314;20110916150000;101700;0;0;300;6.700000;293.050000;290.050000;83;mq;mq;mq;mq;mq;mq;mq;mq;mq;mq;101430;mq;mq;mq;mq;mq;mq;mq;mq;mq;mq;mq;10.300000;-10;mq;mq;mq;mq;0.000000;0.000000;mq;mq;mq;710.000000;1110.000000;mq;mq;mq;mq;mq;mq;mq;mq;mq;mq;mq;mq;mq;mq;
07335;20110916150000;101460;-60;8;250;6.700000;297.550000;290.550000;65;30000;2;1;1;60;1;3500;30;23;12;100080;mq;mq;mq;mq;mq;mq;mq;mq;mq;mq;mq;9.800000;-10;mq;mq;mq;mq;0.000000;0.000000;mq;mq;mq;710.000000;1110.000000;mq;mq;1;3;2700;5;0;7800;mq;mq;mq;mq;mq;mq;
07434;20110916150000;101520;-80;6;220;5.100000;295.950000;288.550000;63;50000;1;8;6;60;3;3500;30;28;11;96960;mq;mq;mq;mq;mq;mq;mq;mq;mq;mq;mq;7.700000;-10;mq;mq;0.000000;-30;0.000000;0.000000;mq;mq;mq;710.000000;1108.000000;3100.000000;mq;3;3;4800;4;0;7800;mq;mq;mq;mq;mq;mq;
07460;20110916150000;101430;-90;8;120;1.500000;299.750000;285.750000;42;30000;15;8;6;90;2;1250;39;28;12;97770;mq;mq;mq;mq;mq;mq;mq;mq;mq;mq;mq;3.100000;-10;mq;mq;0.000000;-30;0.000000;0.000000;mq;mq;mq;710.000000;1103.000000;3100.000000;mq;1;9;1290;5;3;3000;7;0;7500;mq;mq;mq;
07471;20110916150000;mq;-40;5;310;3.100000;297.950000;285.850000;47;40000;2;1;1;90;5;1250;39;28;12;92260;85000;17750;mq;mq;mq;mq;mq;mq;mq;mq;mq;6.200000;-10;mq;mq;0.000000;-30;0.000000;0.000000;mq;mq;mq;710.000000;1106.000000;3100.000000;mq;3;9;1380;mq;mq;mq;mq;mq;mq;mq;mq;mq;
07481;20110916150000;101430;-90;6;160;2.100000;301.950000;284.950000;35;30000;2;1;1;90;4;1250;38;25;14;98740;mq;mq;mq;mq;mq;mq;mq;mq;mq;mq;mq;3.600000;-10;mq;mq;0.000000;-30;0.000000;0.000000;mq;mq;mq;710.000000;1104.000000;3100.000000;mq;2;6;990;3;8;1800;5;3;3300;mq;mq;mq;
07510;20110916150000;101610;-30;8;290;6.200000;297.550000;290.250000;64;40000;0;mq;mq;mq;mq;800;mq;mq;mq;100990;mq;mq;mq;mq;mq;mq;mq;mq;mq;mq;mq;10.800000;-10;mq;mq;mq;mq;0.000000;0.000000;mq;mq;mq;710.000000;1111.000000;mq;mq;mq;mq;mq;mq;mq;mq;mq;mq;mq;mq;mq;mq;
07535;20110916150000;101450;-170;6;360;2.600000;302.150000;284.250000;33;20000;2;1;1;90;3;3500;30;28;12;98520;mq;mq;mq;mq;mq;mq;mq;mq;mq;mq;mq;6.200000;-10;mq;mq;0.000000;-30;0.000000;0.000000;mq;mq;mq;710.000000;1106.000000;3100.000000;mq;3;3;2400;7;0;6900;mq;mq;mq;mq;mq;mq;
07558;20110916150000;101270;-100;7;190;3.600000;301.450000;287.650000;43;50000;2;1;1;25;1;1250;31;28;11;93490;mq;mq;mq;mq;mq;mq;mq;mq;mq;mq;mq;7.200000;-10;mq;mq;0.000000;-30;0.000000;0.000000;mq;mq;mq;710.000000;1107.000000;3100.000000;mq;1;8;1200;mq;mq;mq;mq;mq;mq;mq;mq;mq;
07577;20110916150000;101540;-110;6;190;3.100000;302.650000;287.250000;39;25000;2;1;1;90;7;3500;30;28;11;100700;mq;mq;mq;mq;mq;mq;mq;mq;mq;mq;mq;6.700000;-10;mq;mq;0.000000;-30;0.000000;0.000000;mq;mq;mq;710.000000;1107.000000;3100.000000;mq;6;3;2700;mq;mq;mq;mq;mq;mq;mq;mq;mq;
07591;20110916150000;mq;-120;6;230;4.100000;301.850000;279.250000;24;mq;0;mq;mq;mq;mq;mq;mq;mq;mq;91690;mq;mq;mq;mq;mq;mq;mq;mq;mq;mq;mq;10.300000;-10;mq;mq;mq;mq;0.000000;0.000000;mq;mq;mq;710.000000;1110.000000;mq;mq;mq;mq;mq;mq;mq;mq;mq;mq;mq;mq;mq;mq;
07607;20110916150000;101530;-110;7;320;1.500000;303.050000;289.450000;44;55000;0;mq;mq;mq;mq;1750;mq;mq;mq;100860;mq;mq;mq;mq;mq;mq;mq;mq;mq;mq;mq;5.700000;-10;mq;mq;mq;mq;0.000000;0.000000;mq;mq;mq;710.000000;1106.000000;mq;mq;mq;mq;mq;mq;mq;mq;mq;mq;mq;mq;mq;mq;
07621;20110916150000;101500;-60;8;280;2.100000;299.050000;290.650000;60;20000;2;1;1;90;3;1250;38;25;12;97420;mq;mq;mq;mq;mq;mq;mq;mq;mq;mq;mq;6.700000;-10;mq;mq;0.000000;-30;0.000000;0.000000;mq;mq;mq;710.000000;1107.000000;3100.000000;mq;2;8;1200;3;3;4200;6;0;7800;mq;mq;mq;
07627;20110916150000;101430;-30;5;250;0.500000;300.450000;291.450000;58;20000;17;9;1;75;3;1750;39;26;13;96860;mq;mq;mq;mq;mq;mq;mq;mq;mq;mq;mq;2.600000;-10;mq;mq;0.000000;-30;0.000000;0.000000;mq;mq;mq;710.000000;1103.000000;3100.000000;mq;2;8;1500;2;9;2100;3;3;3300;mq;mq;mq;
07630;20110916150000;101400;-140;7;190;1.500000;303.650000;288.950000;41;40000;2;1;1;75;0;8000;30;20;11;99720;mq;mq;mq;mq;mq;mq;mq;mq;mq;mq;mq;4.600000;-10;mq;mq;0.000000;-30;0.000000;0.000000;mq;mq;mq;710.000000;1105.000000;3100.000000;mq;6;0;7800;mq;mq;mq;mq;mq;mq;mq;mq;mq;
07643;20110916150000;101650;-110;8;150;4.600000;298.550000;294.250000;77;30000;2;1;1;25;2;800;35;20;11;101560;mq;mq;mq;mq;mq;mq;mq;mq;mq;mq;mq;6.200000;-10;mq;mq;mq;mq;0.000000;0.000000;mq;mq;mq;710.000000;1106.000000;mq;mq;2;6;600;mq;mq;mq;mq;mq;mq;mq;mq;mq;
07650;20110916150000;101640;-100;7;190;4.100000;301.050000;287.350000;43;60000;2;1;1;10;1;1750;31;20;11;101270;mq;mq;mq;mq;mq;mq;mq;mq;mq;mq;mq;7.200000;-10;mq;mq;0.000000;-30;0.000000;0.000000;mq;mq;mq;710.000000;1107.000000;3100.000000;mq;1;8;1500;mq;mq;mq;mq;mq;mq;mq;mq;mq;
07661;20110916150000;101640;-100;7;270;4.600000;300.150000;289.150000;51;35000;2;1;1;25;0;8000;30;20;11;100120;mq;mq;mq;mq;mq;mq;mq;mq;mq;mq;mq;8.700000;-10;mq;mq;mq;mq;0.000000;0.000000;mq;mq;mq;710.000000;1109.000000;mq;mq;2;0;4800;mq;mq;mq;mq;mq;mq;mq;mq;mq;
07690;20110916150000;101670;-110;8;180;3.100000;298.250000;293.050000;73;35000;2;1;1;25;1;450;38;20;11;101350;mq;mq;mq;mq;mq;mq;mq;mq;mq;mq;mq;4.100000;-10;mq;mq;0.000000;-30;0.000000;0.000000;mq;mq;mq;710.000000;1104.000000;3100.000000;mq;1;6;510;mq;mq;mq;mq;mq;mq;mq;mq;mq;
07747;20110916150000;101580;-70;6;80;4.600000;299.550000;292.450000;65;12000;2;1;1;75;1;800;31;20;12;101080;mq;mq;mq;mq;mq;mq;mq;mq;mq;mq;mq;7.700000;-10;mq;mq;0.000000;-30;0.000000;0.000000;mq;mq;mq;710.000000;1108.000000;3100.000000;mq;1;8;600;6;0;7500;mq;mq;mq;mq;mq;mq;
07761;20110916150000;101620;-110;8;200;4.100000;300.250000;292.850000;64;30000;2;1;1;10;1;1750;31;20;12;101520;mq;mq;mq;mq;mq;mq;mq;mq;mq;mq;mq;6.200000;-10;mq;mq;0.000000;-30;0.000000;0.000000;mq;mq;mq;710.000000;1106.000000;3100.000000;mq;1;8;1500;mq;mq;mq;mq;mq;mq;mq;mq;mq;
07790;20110916150000;101630;-100;6;30;2.600000;300.450000;292.550000;62;30000;2;1;1;25;1;800;32;20;11;101490;mq;mq;mq;mq;mq;mq;mq;mq;mq;mq;mq;5.100000;-10;mq;mq;0.000000;-30;0.000000;0.000000;mq;mq;mq;710.000000;1105.000000;3100.000000;mq;1;8;780;mq;mq;mq;mq;mq;mq;mq;mq;mq;
61968;20110916150000;101490;mq;mq;110;1.500000;298.050000;291.550000;67;mq;mq;mq;mq;mq;mq;mq;mq;mq;mq;mq;mq;mq;20;mq;mq;mq;mq;mq;mq;mq;mq;4.100000;-10;mq;mq;mq;mq;0.000000;0.000000;mq;mq;mq;710.000000;1104.000000;mq;mq;mq;mq;mq;mq;mq;mq;mq;mq;mq;mq;mq;mq;
61970;20110916150000;101570;mq;mq;mq;mq;299.450000;294.450000;74;mq;mq;mq;mq;mq;mq;mq;mq;mq;mq;mq;mq;mq;40;mq;mq;mq;mq;mq;mq;mq;mq;mq;mq;mq;mq;mq;mq;0.000000;0.000000;mq;mq;mq;mq;mq;mq;mq;mq;mq;mq;mq;mq;mq;mq;mq;mq;mq;mq;mq;
61972;20110916150000;101820;mq;mq;170;2.100000;296.250000;294.150000;88;mq;mq;mq;mq;mq;mq;mq;mq;mq;mq;mq;mq;mq;260;mq;mq;mq;mq;mq;mq;mq;mq;6.700000;-10;mq;mq;mq;mq;0.000000;0.800000;mq;mq;mq;710.000000;1107.000000;mq;mq;mq;mq;mq;mq;mq;mq;mq;mq;mq;mq;mq;mq;
61976;20110916150000;101660;mq;mq;110;6.200000;297.250000;293.550000;80;mq;mq;mq;mq;mq;mq;mq;mq;mq;mq;101510;mq;mq;mq;mq;mq;mq;mq;mq;mq;mq;mq;mq;mq;mq;mq;mq;mq;mq;mq;mq;mq;mq;mq;mq;mq;mq;mq;mq;mq;mq;mq;mq;mq;mq;mq;mq;mq;mq;
61980;20110916150000;101850;mq;mq;110;5.700000;294.950000;290.350000;75;10000;2;1;1;10;1;1250;31;20;10;mq;mq;mq;mq;mq;mq;mq;mq;mq;mq;mq;mq;8.700000;-10;mq;mq;mq;mq;0.000000;0.000000;mq;mq;mq;710.000000;1109.000000;mq;mq;1;8;990;mq;mq;mq;mq;mq;mq;mq;mq;mq;
61996;20110916150000;mq;mq;mq;mq;mq;284.550000;mq;mq;mq;mq;mq;mq;mq;mq;mq;mq;mq;mq;mq;mq;mq;290;mq;mq;mq;mq;mq;mq;mq;mq;mq;mq;mq;mq;mq;mq;0.000000;0.000000;mq;mq;mq;mq;mq;mq;mq;mq;mq;mq;mq;mq;mq;mq;mq;mq;mq;mq;mq;
61997;20110916150000;98980;mq;mq;70;9.300000;278.350000;276.050000;85;mq;mq;mq;mq;mq;mq;mq;mq;mq;mq;mq;mq;mq;mq;mq;mq;mq;mq;mq;mq;mq;mq;19.000000;-30;mq;mq;mq;mq;mq;0.800000;mq;mq;mq;1119.000000;mq;mq;mq;mq;mq;mq;mq;mq;mq;mq;mq;mq;mq;mq;mq;
61998;20110916150000;100870;mq;mq;250;4.100000;273.850000;270.250000;77;mq;mq;mq;mq;mq;mq;mq;mq;mq;mq;mq;mq;mq;2230;mq;mq;mq;mq;mq;mq;mq;mq;9.300000;-10;mq;mq;mq;mq;0.000000;0.000000;mq;mq;mq;710.000000;1109.000000;mq;mq;mq;mq;mq;mq;mq;mq;mq;mq;mq;mq;mq;mq;
67005;20110916150000;101530;mq;mq;170;2.600000;299.050000;292.450000;67;20000;2;1;1;25;2;800;38;20;10;mq;mq;mq;10;mq;mq;mq;mq;mq;mq;mq;mq;3.600000;-10;mq;mq;mq;mq;0.000000;0.000000;mq;mq;mq;710.000000;1104.000000;mq;mq;2;8;660;mq;mq;mq;mq;mq;mq;mq;mq;mq;
71805;20110916150000;99520;-560;8;150;4.100000;290.850000;290.850000;100;1000;65;6;6;100;8;150;37;61;60;99440;mq;mq;mq;mq;mq;mq;mq;mq;mq;mq;mq;9.300000;-10;mq;mq;0.000000;-30;5.000000;14.000000;mq;mq;mq;710.000000;1109.000000;3100.000000;mq;8;7;90;mq;mq;mq;mq;mq;mq;mq;mq;mq;
78897;20110916150000;101550;10;0;50;6.700000;303.650000;291.750000;49;30000;2;1;1;40;1;800;32;20;12;mq;mq;mq;mq;mq;mq;mq;mq;mq;mq;mq;mq;mq;mq;mq;mq;mq;mq;mq;mq;mq;mq;mq;mq;mq;mq;mq;1;8;900;3;0;8400;mq;mq;mq;mq;mq;mq;
78922;20110916150000;101500;-30;6;80;8.200000;301.850000;295.350000;68;mq;mq;mq;mq;mq;mq;mq;mq;mq;mq;101060;mq;mq;mq;mq;mq;mq;mq;mq;mq;mq;mq;mq;mq;mq;mq;mq;mq;mq;mq;mq;mq;mq;mq;mq;mq;mq;mq;mq;mq;mq;mq;mq;mq;mq;mq;mq;mq;mq;
78925;20110916150000;101470;70;0;60;6.700000;303.450000;297.850000;72;20000;1;8;6;50;3;800;32;20;12;mq;mq;mq;mq;mq;mq;mq;mq;mq;mq;mq;mq;mq;mq;mq;mq;mq;mq;mq;mq;mq;mq;mq;mq;mq;mq;mq;3;8;840;3;0;7800;mq;mq;mq;mq;mq;mq;
81401;20110916150000;101270;mq;mq;120;3.100000;304.750000;296.350000;61;mq;mq;mq;mq;mq;mq;mq;mq;mq;mq;101210;mq;mq;mq;mq;mq;mq;mq;mq;mq;mq;mq;mq;mq;mq;mq;mq;mq;mq;0.000000;mq;mq;mq;mq;mq;mq;mq;mq;mq;mq;mq;mq;mq;mq;mq;mq;mq;mq;mq;
81405;20110916150000;101320;mq;mq;90;4.600000;304.550000;296.150000;61;20000;2;1;1;50;3;1250;32;20;11;101230;mq;mq;mq;mq;mq;mq;mq;mq;mq;mq;mq;mq;mq;mq;mq;mq;mq;mq;0.000000;mq;mq;mq;mq;mq;mq;mq;mq;mq;mq;mq;mq;mq;mq;mq;mq;mq;mq;mq;
81408;20110916150000;101280;mq;mq;100;4.100000;305.950000;295.750000;55;mq;mq;mq;mq;mq;mq;mq;mq;mq;mq;101200;mq;mq;mq;mq;mq;mq;mq;mq;mq;mq;mq;mq;mq;mq;mq;mq;mq;mq;0.000000;mq;mq;mq;mq;mq;mq;mq;mq;mq;mq;mq;mq;mq;mq;mq;mq;mq;mq;mq;
81415;20110916150000;101330;mq;mq;100;2.600000;305.050000;294.850000;55;mq;mq;mq;mq;mq;mq;mq;mq;mq;mq;100150;mq;mq;mq;mq;mq;mq;mq;mq;mq;mq;mq;mq;mq;mq;mq;mq;mq;mq;0.000000;mq;mq;mq;mq;mq;mq;mq;mq;mq;mq;mq;mq;mq;mq;mq;mq;mq;mq;mq;
89642;20110916150000;99300;-60;6;130;5.700000;260.750000;254.550000;56;mq;mq;mq;mq;mq;mq;mq;mq;mq;mq;98740;mq;mq;mq;mq;mq;mq;mq;mq;mq;mq;mq;mq;mq;mq;mq;mq;mq;mq;mq;mq;mq;mq;mq;mq;mq;mq;mq;mq;mq;mq;mq;mq;mq;mq;mq;mq;mq;mq;
07005;20110916180000;101220;130;1;240;4.100000;289.750000;286.050000;79;mq;mq;mq;mq;mq;mq;mq;mq;mq;mq;100350;mq;mq;mq;283.650000;mq;296.550000;mq;mq;mq;mq;mq;10.300000;-10;mq;mq;mq;mq;0.000000;0.000000;mq;0.000000;mq;710.000000;1110.000000;mq;mq;mq;mq;mq;mq;mq;mq;mq;mq;mq;mq;mq;mq;
07015;20110916180000;101080;-40;5;210;3.100000;293.250000;287.850000;71;30000;2;1;1;90;7;1250;35;61;60;100530;mq;mq;mq;282.950000;mq;294.350000;mq;mq;mq;mq;mq;5.100000;-10;mq;mq;0.000000;-60;0.000000;0.000000;mq;0.000000;mq;710.000000;1105.000000;3100.000000;mq;7;6;1080;mq;mq;mq;mq;mq;mq;mq;mq;mq;
07020;20110916180000;101380;20;1;260;9.300000;289.250000;286.150000;82;18000;2;1;1;50;3;1250;32;23;11;101120;mq;mq;mq;286.950000;mq;292.450000;mq;mq;mq;mq;mq;12.300000;-10;mq;mq;mq;mq;0.000000;0.000000;mq;0.000000;mq;710.000000;1112.000000;mq;mq;3;8;990;mq;mq;mq;mq;mq;mq;mq;mq;mq;
07027;20110916180000;101400;100;1;270;4.100000;289.250000;285.950000;81;55000;0;mq;mq;mq;mq;800;mq;mq;mq;100610;mq;mq;mq;283.450000;mq;296.950000;mq;mq;mq;mq;mq;10.300000;-10;mq;mq;mq;mq;0.000000;0.000000;mq;0.000000;mq;710.000000;1110.000000;mq;mq;mq;mq;mq;mq;mq;mq;mq;mq;mq;mq;mq;mq;
07037;20110916180000;101300;130;2;270;4.600000;290.750000;286.650000;77;35000;0;mq;mq;mq;mq;mq;mq;mq;mq;99520;mq;mq;mq;284.750000;mq;297.250000;mq;mq;mq;mq;mq;10.300000;-10;mq;mq;mq;mq;0.000000;0.000000;mq;0.800000;mq;710.000000;1110.000000;mq;mq;mq;mq;mq;mq;mq;mq;mq;mq;mq;mq;mq;mq;
07110;20110916180000;101570;20;1;260;4.600000;288.750000;284.950000;78;25000;2;1;1;75;6;450;38;20;10;100440;mq;mq;mq;286.750000;mq;293.250000;mq;mq;mq;mq;mq;9.300000;-10;mq;mq;0.000000;-60;0.000000;0.000000;mq;0.000000;mq;710.000000;1109.000000;3100.000000;mq;3;8;510;6;6;1020;mq;mq;mq;mq;mq;mq;
07117;20110916180000;101460;0;0;260;7.200000;288.850000;285.250000;79;25000;2;1;1;60;5;3500;30;26;10;100770;mq;mq;mq;287.650000;mq;292.250000;mq;mq;mq;mq;mq;12.900000;-10;mq;mq;mq;mq;0.000000;0.000000;mq;0.000000;mq;710.000000;1113.000000;2438.000000;mq;mq;mq;mq;mq;mq;mq;mq;mq;mq;mq;mq;mq;
07130;20110916180000;101480;90;2;270;3.100000;292.350000;284.150000;59;35000;0;mq;mq;75;mq;1750;mq;mq;mq;100970;mq;mq;mq;285.550000;mq;297.150000;mq;mq;mq;mq;mq;8.200000;-10;mq;mq;mq;mq;0.000000;0.000000;mq;0.000000;mq;710.000000;1108.000000;mq;mq;mq;mq;mq;mq;mq;mq;mq;mq;mq;mq;mq;mq;
07139;20110916180000;101390;100;3;290;3.600000;291.850000;286.050000;69;mq;mq;mq;mq;mq;mq;mq;mq;mq;mq;99710;mq;mq;mq;284.550000;mq;297.150000;mq;mq;mq;mq;mq;6.200000;-10;mq;mq;mq;mq;0.000000;0.000000;mq;0.000000;mq;710.000000;1106.000000;mq;mq;mq;mq;mq;mq;mq;mq;mq;mq;mq;mq;mq;mq;
07149;20110916180000;101250;90;2;250;3.100000;294.850000;287.950000;65;25000;2;1;1;40;2;1250;34;20;11;100210;mq;mq;mq;284.550000;mq;298.850000;mq;mq;mq;mq;mq;9.300000;-10;mq;mq;0.000000;-60;0.000000;0.000000;mq;0.000000;mq;710.000000;1109.000000;3100.000000;mq;2;6;1380;mq;mq;mq;mq;mq;mq;mq;mq;mq;
07168;20110916180000;101350;-10;5;160;2.600000;293.250000;289.650000;80;20000;0;mq;mq;mq;mq;mq;mq;mq;mq;99980;mq;mq;mq;282.850000;mq;293.850000;mq;mq;mq;mq;mq;7.200000;-10;mq;mq;mq;mq;0.000000;0.400000;mq;0.600000;mq;710.000000;1107.000000;mq;mq;mq;mq;mq;mq;mq;mq;mq;mq;mq;mq;mq;mq;
07181;20110916180000;101490;-30;5;180;2.100000;290.450000;288.650000;89;50000;0;mq;mq;90;mq;mq;mq;mq;mq;97520;mq;mq;mq;281.050000;mq;291.750000;mq;mq;mq;mq;mq;4.100000;-10;mq;mq;mq;mq;0.000000;0.000000;mq;0.800000;mq;710.000000;1104.000000;mq;mq;mq;mq;mq;mq;mq;mq;mq;mq;mq;mq;mq;mq;
07190;20110916180000;101530;-60;8;110;1.000000;291.150000;287.050000;77;2000;10;mq;mq;90;mq;mq;mq;mq;mq;99760;mq;mq;mq;281.650000;mq;296.350000;mq;mq;mq;mq;mq;3.600000;-10;mq;mq;mq;mq;0.000000;0.000000;mq;0.000000;mq;710.000000;1104.000000;mq;mq;mq;mq;mq;mq;mq;mq;mq;mq;mq;mq;mq;mq;
07207;20110916180000;mq;mq;mq;290;6.700000;289.850000;284.350000;70;20000;2;1;1;75;6;800;32;20;10;mq;mq;mq;mq;289.850000;mq;292.450000;mq;mq;mq;mq;mq;12.300000;-10;mq;mq;mq;mq;0.000000;0.000000;mq;0.000000;mq;710.000000;1112.000000;2438.000000;mq;mq;mq;mq;mq;mq;mq;mq;mq;mq;mq;mq;mq;
07222;20110916180000;101630;80;3;270;5.100000;290.850000;286.550000;76;30000;2;1;1;10;1;3500;30;28;10;101320;mq;mq;mq;286.850000;mq;295.050000;mq;mq;mq;mq;mq;8.200000;-10;mq;mq;mq;mq;0.000000;0.000000;mq;0.000000;mq;710.000000;1108.000000;mq;mq;1;3;3000;mq;mq;mq;mq;mq;mq;mq;mq;mq;
07240;20110916180000;101450;90;1;220;3.600000;293.750000;287.850000;69;30000;2;1;1;10;1;1250;35;20;10;100150;mq;mq;mq;286.750000;mq;297.750000;mq;mq;mq;mq;mq;6.700000;-10;mq;mq;0.000000;-60;0.000000;0.000000;mq;0.600000;mq;710.000000;1107.000000;3100.000000;mq;1;6;990;mq;mq;mq;mq;mq;mq;mq;mq;mq;
07255;20110916180000;101460;50;3;240;3.100000;296.150000;288.250000;61;20000;0;mq;mq;mq;mq;mq;mq;mq;mq;99550;mq;mq;mq;286.950000;mq;300.450000;mq;mq;mq;mq;mq;5.700000;-10;mq;mq;mq;mq;0.000000;0.000000;mq;0.200000;mq;710.000000;1106.000000;mq;mq;mq;mq;mq;mq;mq;mq;mq;mq;mq;mq;mq;mq;
07280;20110916180000;101520;-30;5;230;1.500000;293.950000;289.350000;75;1500;10;mq;mq;100;mq;mq;mq;mq;mq;98900;mq;mq;mq;282.650000;mq;297.650000;mq;mq;mq;mq;mq;2.600000;-10;mq;mq;mq;mq;0.000000;0.200000;mq;0.200000;mq;710.000000;1103.000000;mq;mq;mq;mq;mq;mq;mq;mq;mq;mq;mq;mq;mq;mq;
07299;20110916180000;101530;50;2;330;1.500000;293.850000;288.850000;73;20000;2;1;1;90;1;2250;35;23;60;98390;mq;mq;mq;281.650000;mq;299.750000;mq;mq;mq;mq;mq;4.600000;-10;mq;mq;0.000000;-60;0.000000;0.000000;mq;0.000000;mq;710.000000;1105.000000;3100.000000;mq;1;6;2100;5;3;2700;7;3;3600;mq;mq;mq;
07314;20110916180000;101760;60;1;300;5.700000;291.950000;289.150000;84;mq;mq;mq;mq;mq;mq;mq;mq;mq;mq;101490;mq;mq;mq;291.850000;mq;293.550000;mq;mq;mq;mq;mq;9.300000;-10;mq;mq;mq;mq;0.000000;0.000000;mq;0.200000;mq;710.000000;1109.000000;mq;mq;mq;mq;mq;mq;mq;mq;mq;mq;mq;mq;mq;mq;
07335;20110916180000;101600;120;2;250;2.600000;293.250000;287.650000;70;55000;0;mq;mq;90;mq;mq;mq;mq;mq;100200;mq;mq;mq;289.350000;mq;298.150000;mq;mq;mq;mq;mq;5.700000;-10;mq;mq;mq;mq;0.000000;0.000000;mq;0.000000;mq;710.000000;1106.000000;mq;mq;mq;mq;mq;mq;mq;mq;mq;mq;mq;mq;mq;mq;
07434;20110916180000;101610;40;2;290;1.000000;293.150000;289.350000;79;45000;0;mq;mq;mq;mq;mq;mq;mq;mq;97000;mq;mq;mq;290.450000;mq;296.050000;mq;mq;mq;mq;mq;4.600000;-10;mq;mq;mq;mq;0.000000;0.000000;mq;0.000000;mq;710.000000;1105.000000;mq;mq;mq;mq;mq;mq;mq;mq;mq;mq;mq;mq;mq;mq;
07460;20110916180000;101500;20;3;40;1.000000;295.550000;289.550000;69;20000;29;9;8;90;2;1250;39;28;12;97790;mq;mq;mq;287.850000;mq;300.750000;mq;mq;mq;mq;mq;2.100000;-10;mq;mq;0.000000;-60;0.000000;0.200000;mq;0.200000;mq;710.000000;1102.000000;3100.000000;mq;1;9;1290;4;3;2700;5;0;5400;mq;mq;mq;
07471;20110916180000;mq;30;3;320;1.000000;292.550000;286.250000;67;20000;0;mq;mq;mq;mq;mq;mq;mq;mq;92290;85000;17780;mq;282.850000;mq;301.050000;mq;mq;mq;mq;mq;3.600000;-10;mq;mq;mq;mq;0.000000;0.000000;mq;0.000000;mq;710.000000;1104.000000;mq;mq;mq;mq;mq;mq;mq;mq;mq;mq;mq;mq;mq;mq;
07481;20110916180000;101500;30;0;150;3.600000;298.350000;285.550000;45;30000;2;1;1;90;1;1250;35;25;12;98770;mq;mq;mq;288.150000;mq;303.050000;mq;mq;mq;mq;mq;5.100000;-10;mq;mq;0.000000;-60;0.000000;0.000000;mq;0.000000;mq;710.000000;1105.000000;3100.000000;mq;1;6;1200;5;3;3300;5;0;7500;mq;mq;mq;
07510;20110916180000;101740;120;3;310;4.100000;293.350000;289.550000;79;25000;2;1;1;50;2;800;38;20;12;101110;mq;mq;mq;291.950000;mq;302.250000;mq;mq;mq;mq;mq;8.200000;-10;mq;mq;0.000000;-60;0.000000;0.000000;mq;0.000000;mq;710.000000;1108.000000;3100.000000;mq;1;8;690;4;0;7800;mq;mq;mq;mq;mq;mq;
07535;20110916180000;101460;-10;5;40;0.500000;299.350000;286.150000;44;mq;mq;mq;mq;mq;mq;mq;mq;mq;mq;98510;mq;mq;mq;288.150000;mq;302.850000;mq;mq;mq;mq;mq;2.100000;-10;mq;mq;mq;mq;0.000000;0.000000;mq;0.000000;mq;710.000000;1102.000000;mq;mq;mq;mq;mq;mq;mq;mq;mq;mq;mq;mq;mq;mq;
07558;20110916180000;101460;20;3;150;5.100000;294.950000;289.250000;70;mq;mq;mq;mq;mq;mq;mq;mq;mq;mq;93510;mq;mq;mq;290.250000;mq;302.850000;mq;mq;mq;mq;mq;7.700000;-10;mq;mq;mq;mq;0.000000;0.000000;mq;0.000000;mq;710.000000;1108.000000;mq;mq;mq;mq;mq;mq;mq;mq;mq;mq;mq;mq;mq;mq;
07577;20110916180000;101530;-20;5;180;1.000000;299.350000;288.150000;50;20000;0;mq;mq;mq;mq;mq;mq;mq;mq;100680;mq;mq;mq;286.550000;mq;303.050000;mq;mq;mq;mq;mq;4.100000;-10;mq;mq;mq;mq;0.000000;0.000000;mq;0.000000;mq;710.000000;1104.000000;mq;mq;mq;mq;mq;mq;mq;mq;mq;mq;mq;mq;mq;mq;
07591;20110916180000;mq;110;3;220;3.600000;296.650000;283.650000;44;mq;60;mq;mq;mq;mq;mq;mq;mq;mq;91800;mq;mq;mq;287.850000;mq;302.350000;mq;mq;mq;mq;mq;10.800000;-10;mq;mq;mq;mq;0.000000;0.000000;mq;0.000000;mq;710.000000;1111.000000;mq;mq;mq;mq;mq;mq;mq;mq;mq;mq;mq;mq;mq;mq;
07607;20110916180000;101700;150;1;330;4.600000;295.150000;290.250000;74;50000;0;mq;mq;100;mq;800;mq;mq;mq;101010;mq;mq;mq;290.850000;mq;303.350000;mq;mq;mq;mq;mq;9.300000;-10;mq;mq;mq;mq;0.000000;0.000000;mq;0.000000;mq;710.000000;1109.000000;mq;mq;mq;mq;mq;mq;mq;mq;mq;mq;mq;mq;mq;mq;
07621;20110916180000;101630;70;3;230;2.100000;294.850000;292.250000;85;12000;29;9;8;90;5;1250;39;29;13;97490;mq;mq;mq;291.450000;mq;300.550000;mq;mq;mq;mq;mq;4.100000;-10;mq;mq;0.000000;-60;0.000000;0.400000;mq;0.400000;mq;710.000000;1104.000000;3100.000000;mq;5;6;1380;1;9;1500;5;3;3300;7;0;6600;
07627;20110916180000;101510;0;0;170;2.600000;295.750000;288.350000;63;mq;mq;mq;mq;mq;mq;mq;mq;mq;mq;96860;mq;mq;mq;287.950000;mq;301.950000;mq;mq;mq;mq;mq;4.600000;-10;mq;mq;mq;mq;0.000000;0.000000;mq;0.000000;mq;710.000000;1105.000000;mq;mq;mq;mq;mq;mq;mq;mq;mq;mq;mq;mq;mq;mq;
07630;20110916180000;101400;-10;8;110;2.600000;301.250000;289.850000;50;40000;2;1;1;75;3;3500;30;28;12;99710;mq;mq;mq;293.350000;mq;303.750000;mq;mq;mq;mq;mq;5.100000;-10;mq;mq;0.000000;-60;0.000000;0.000000;mq;0.000000;mq;710.000000;1105.000000;3100.000000;mq;3;3;4200;6;0;7500;mq;mq;mq;mq;mq;mq;
07643;20110916180000;101640;-10;7;150;3.100000;296.250000;294.550000;90;20000;2;1;1;10;1;450;35;20;11;101550;mq;mq;mq;290.850000;mq;299.450000;mq;mq;mq;mq;mq;4.600000;-10;mq;mq;mq;mq;0.000000;0.000000;mq;0.000000;mq;710.000000;1105.000000;mq;mq;1;6;480;mq;mq;mq;mq;mq;mq;mq;mq;mq;
07650;20110916180000;101640;0;5;190;3.100000;297.150000;289.950000;64;60000;2;1;1;10;1;450;31;20;13;101270;mq;mq;mq;290.650000;mq;302.050000;mq;mq;mq;mq;mq;4.600000;-10;mq;mq;0.000000;-60;0.000000;0.000000;mq;0.000000;mq;710.000000;1105.000000;3100.000000;mq;1;8;300;mq;mq;mq;mq;mq;mq;mq;mq;mq;
07661;20110916180000;101610;-50;7;330;4.600000;296.250000;288.550000;62;35000;2;1;1;25;0;8000;30;20;11;100070;mq;mq;mq;293.150000;mq;300.350000;mq;mq;mq;mq;mq;6.200000;-10;mq;mq;mq;mq;0.000000;0.000000;mq;0.000000;mq;710.000000;1106.000000;mq;mq;2;0;4800;mq;mq;mq;mq;mq;mq;mq;mq;mq;
07690;20110916180000;101640;-30;6;200;2.100000;297.550000;292.350000;73;35000;2;1;1;10;1;450;35;20;10;101320;mq;mq;mq;294.050000;mq;298.950000;mq;mq;mq;mq;mq;3.600000;-10;mq;mq;0.000000;-60;0.000000;0.000000;mq;0.000000;mq;710.000000;1104.000000;3100.000000;mq;1;6;450;mq;mq;mq;mq;mq;mq;mq;mq;mq;
07747;20110916180000;101620;30;0;110;0.500000;296.850000;292.550000;77;45000;0;mq;mq;mq;mq;mq;mq;mq;mq;101110;mq;mq;mq;293.250000;mq;300.650000;mq;mq;mq;mq;mq;3.100000;-10;mq;mq;mq;mq;0.000000;0.000000;mq;0.000000;mq;710.000000;1103.000000;mq;mq;mq;mq;mq;mq;mq;mq;mq;mq;mq;mq;mq;mq;
07761;20110916180000;101600;-20;8;30;1.000000;297.150000;290.150000;65;25000;2;1;1;10;1;mq;30;23;10;101500;mq;mq;mq;291.050000;mq;301.250000;mq;mq;mq;mq;mq;2.600000;-10;mq;mq;0.000000;-60;0.000000;0.000000;mq;0.000000;mq;710.000000;1103.000000;3100.000000;mq;1;3;3000;mq;mq;mq;mq;mq;mq;mq;mq;mq;
07790;20110916180000;101630;0;4;0;0.000000;296.450000;293.050000;81;19000;2;1;1;10;1;3500;30;26;11;101490;mq;mq;mq;292.850000;mq;301.550000;mq;mq;mq;mq;mq;2.100000;-10;mq;mq;0.000000;-60;0.000000;0.000000;mq;0.000000;mq;710.000000;1102.000000;3100.000000;mq;1;3;3900;mq;mq;mq;mq;mq;mq;mq;mq;mq;
61968;20110916180000;101620;mq;mq;70;1.000000;295.450000;291.850000;80;mq;mq;mq;mq;mq;mq;mq;mq;mq;mq;mq;mq;mq;0;mq;mq;302.850000;mq;mq;mq;mq;mq;2.100000;-10;mq;mq;mq;mq;0.000000;mq;mq;0.000000;mq;710.000000;1102.000000;mq;mq;mq;mq;mq;mq;mq;mq;mq;mq;mq;mq;mq;mq;
61970;20110916180000;101740;mq;mq;mq;mq;297.950000;295.050000;84;mq;mq;mq;mq;mq;mq;mq;mq;mq;mq;mq;mq;mq;70;mq;mq;302.450000;mq;mq;mq;mq;mq;mq;mq;mq;mq;mq;mq;0.000000;mq;mq;0.000000;mq;mq;mq;mq;mq;mq;mq;mq;mq;mq;mq;mq;mq;mq;mq;mq;mq;
61972;20110916180000;102010;mq;mq;180;5.100000;296.050000;294.350000;90;mq;mq;mq;mq;mq;mq;mq;mq;mq;mq;mq;mq;mq;330;mq;mq;300.950000;mq;mq;mq;mq;mq;9.800000;-10;mq;mq;mq;mq;0.000000;mq;mq;0.800000;mq;710.000000;1110.000000;mq;mq;mq;mq;mq;mq;mq;mq;mq;mq;mq;mq;mq;mq;
61976;20110916180000;101810;mq;mq;100;6.200000;296.750000;293.450000;82;mq;mq;mq;mq;mq;mq;mq;mq;mq;mq;101660;mq;mq;mq;mq;mq;mq;mq;mq;mq;mq;mq;mq;mq;mq;mq;mq;mq;mq;mq;mq;mq;mq;mq;mq;mq;mq;mq;mq;mq;mq;mq;mq;mq;mq;mq;mq;mq;mq;
61980;20110916180000;101980;mq;mq;140;4.100000;294.250000;289.050000;72;10000;2;1;1;10;1;3500;30;23;10;mq;mq;mq;mq;mq;mq;299.250000;mq;mq;mq;mq;mq;6.200000;-10;mq;mq;mq;mq;0.000000;mq;mq;0.000000;mq;710.000000;1106.000000;mq;mq;1;3;4500;mq;mq;mq;mq;mq;mq;mq;mq;mq;
61996;20110916180000;mq;mq;mq;mq;mq;284.250000;mq;mq;mq;mq;mq;mq;mq;mq;mq;mq;mq;mq;mq;mq;mq;380;mq;mq;287.250000;mq;mq;mq;mq;mq;mq;mq;mq;mq;mq;mq;0.000000;mq;mq;1.000000;mq;mq;mq;mq;mq;mq;mq;mq;mq;mq;mq;mq;mq;mq;mq;mq;mq;
61997;20110916180000;98320;mq;mq;120;11.300000;275.950000;275.250000;95;mq;mq;mq;mq;mq;mq;mq;mq;mq;mq;mq;mq;mq;mq;mq;mq;278.350000;mq;mq;mq;mq;mq;19.000000;-60;mq;mq;mq;mq;mq;mq;mq;7.000000;mq;1119.000000;mq;mq;mq;mq;mq;mq;mq;mq;mq;mq;mq;mq;mq;mq;mq;
61998;20110916180000;100870;mq;mq;20;2.100000;273.650000;270.750000;81;mq;mq;mq;mq;mq;mq;mq;mq;mq;mq;mq;mq;mq;2350;mq;mq;275.850000;mq;mq;mq;mq;mq;3.600000;-10;mq;mq;mq;mq;0.000000;mq;mq;0.000000;mq;710.000000;1104.000000;mq;mq;mq;mq;mq;mq;mq;mq;mq;mq;mq;mq;mq;mq;
67005;20110916180000;101620;mq;mq;210;3.100000;298.150000;293.150000;74;mq;0;mq;mq;mq;mq;mq;mq;mq;mq;mq;mq;mq;mq;mq;mq;302.050000;mq;mq;mq;mq;mq;4.600000;-10;mq;mq;mq;mq;0.000000;mq;mq;0.000000;mq;710.000000;1105.000000;mq;mq;mq;mq;mq;mq;mq;mq;mq;mq;mq;mq;mq;mq;
71805;20110916180000;99400;-120;5;280;15.900000;288.750000;288.750000;100;15000;21;6;4;90;7;150;36;61;60;99320;mq;mq;mq;mq;288.750000;292.950000;mq;mq;mq;mq;25.200000;25.200000;-10;mq;mq;0.000000;-60;1.000000;25.000000;mq;59.000000;mq;1025.000000;710.000000;1125.000000;3100.000000;7;7;180;mq;mq;mq;mq;mq;mq;mq;mq;mq;
78897;20110916180000;101390;-160;8;40;6.200000;303.250000;292.350000;52;35000;2;1;1;10;1;1250;32;20;12;mq;mq;mq;mq;mq;297.150000;304.750000;mq;mq;mq;mq;mq;mq;mq;mq;mq;mq;mq;mq;mq;0.000000;mq;4.600000;mq;mq;mq;mq;1;8;1080;mq;mq;mq;mq;mq;mq;mq;mq;mq;
78922;20110916180000;101310;-190;8;100;6.700000;301.950000;295.650000;69;mq;mq;mq;mq;mq;mq;mq;mq;mq;mq;100870;mq;mq;mq;mq;mq;mq;mq;mq;mq;mq;mq;mq;mq;mq;mq;mq;mq;mq;mq;mq;mq;mq;mq;mq;mq;mq;mq;mq;mq;mq;mq;mq;mq;mq;mq;mq;mq;mq;
78925;20110916180000;101320;-150;8;60;7.200000;303.650000;296.850000;67;20000;3;8;6;75;5;800;32;20;12;mq;mq;mq;mq;mq;295.650000;303.950000;mq;mq;mq;mq;mq;mq;mq;mq;mq;mq;mq;mq;mq;1.000000;mq;mq;mq;mq;mq;mq;5;8;840;3;0;7800;mq;mq;mq;mq;mq;mq;
81401;20110916180000;100990;mq;mq;100;2.100000;307.150000;293.850000;46;mq;mq;mq;mq;mq;mq;mq;mq;mq;mq;100930;mq;mq;mq;mq;mq;mq;mq;mq;mq;mq;mq;mq;mq;mq;mq;mq;mq;mq;0.000000;0.000000;mq;mq;mq;mq;mq;mq;mq;mq;mq;mq;mq;mq;mq;mq;mq;mq;mq;mq;
81405;20110916180000;101080;mq;mq;60;6.200000;304.950000;297.250000;64;20000;2;1;1;50;3;800;32;20;11;100990;mq;mq;mq;mq;mq;mq;mq;mq;mq;mq;mq;mq;mq;mq;mq;mq;mq;mq;0.000000;0.000000;mq;mq;mq;mq;mq;mq;mq;mq;mq;mq;mq;mq;mq;mq;mq;mq;mq;mq;
81408;20110916180000;101030;mq;mq;110;3.100000;306.450000;293.950000;48;mq;mq;mq;mq;mq;mq;mq;mq;mq;mq;100950;mq;mq;mq;mq;mq;mq;mq;mq;mq;mq;mq;mq;mq;mq;mq;mq;mq;mq;0.200000;0.200000;mq;mq;mq;mq;mq;mq;mq;mq;mq;mq;mq;mq;mq;mq;mq;mq;mq;mq;
81415;20110916180000;101020;mq;mq;130;2.100000;306.250000;294.750000;51;mq;mq;mq;mq;mq;mq;mq;mq;mq;mq;99850;mq;mq;mq;mq;mq;mq;mq;mq;mq;mq;mq;mq;mq;mq;mq;mq;mq;mq;0.000000;0.000000;mq;mq;mq;mq;mq;mq;mq;mq;mq;mq;mq;mq;mq;mq;mq;mq;mq;mq;
89642;20110916180000;99280;-10;6;120;6.700000;262.050000;254.350000;49;mq;mq;mq;mq;mq;mq;mq;mq;mq;mq;98730;mq;mq;mq;mq;mq;mq;mq;mq;mq;mq;mq;mq;mq;mq;mq;mq;mq;mq;mq;mq;mq;mq;mq;mq;mq;mq;mq;mq;mq;mq;mq;mq;mq;mq;mq;mq;mq;mq;
07005;20110916210000;101340;110;1;240;3.600000;287.650000;285.350000;86;mq;mq;mq;mq;mq;mq;mq;mq;mq;mq;100460;mq;mq;mq;mq;mq;mq;mq;mq;mq;mq;mq;7.200000;-10;mq;mq;mq;mq;0.000000;0.000000;mq;mq;mq;710.000000;1107.000000;mq;mq;mq;mq;mq;mq;mq;mq;mq;mq;mq;mq;mq;mq;
07015;20110916210000;101250;160;1;250;5.100000;289.350000;285.550000;78;50000;2;1;1;90;7;1750;35;61;60;100690;mq;mq;mq;mq;mq;mq;mq;mq;mq;mq;mq;9.300000;-10;mq;mq;0.000000;-30;0.000000;0.000000;mq;mq;mq;710.000000;1109.000000;3100.000000;mq;7;6;1500;mq;mq;mq;mq;mq;mq;mq;mq;mq;
07020;20110916210000;101440;60;2;250;10.800000;289.050000;286.350000;84;18000;2;1;1;50;3;1250;32;23;11;101180;mq;mq;mq;mq;mq;mq;mq;mq;mq;mq;mq;13.900000;-10;mq;mq;mq;mq;0.000000;0.000000;mq;mq;mq;710.000000;1114.000000;mq;mq;3;8;990;mq;mq;mq;mq;mq;mq;mq;mq;mq;
07027;20110916210000;101530;120;1;230;3.600000;286.350000;285.050000;92;35000;0;mq;mq;mq;mq;450;mq;mq;mq;100730;mq;mq;mq;mq;mq;mq;mq;mq;mq;mq;mq;5.700000;-10;mq;mq;mq;mq;0.000000;0.000000;mq;mq;mq;710.000000;1106.000000;mq;mq;mq;mq;mq;mq;mq;mq;mq;mq;mq;mq;mq;mq;
07037;20110916210000;101470;150;1;260;4.100000;287.350000;286.050000;92;19000;0;mq;mq;mq;mq;mq;mq;mq;mq;99670;mq;mq;mq;mq;mq;mq;mq;mq;mq;mq;mq;6.700000;-10;mq;mq;mq;mq;0.000000;0.000000;mq;mq;mq;710.000000;1107.000000;mq;mq;mq;mq;mq;mq;mq;mq;mq;mq;mq;mq;mq;mq;
07110;20110916210000;101630;60;1;240;4.100000;287.350000;285.750000;90;25000;2;1;1;75;6;800;35;20;10;100500;mq;mq;mq;mq;mq;mq;mq;mq;mq;mq;mq;6.200000;-10;mq;mq;0.000000;-30;0.000000;0.000000;mq;mq;mq;710.000000;1106.000000;3100.000000;mq;6;6;990;mq;mq;mq;mq;mq;mq;mq;mq;mq;
07117;20110916210000;101550;90;1;250;6.200000;288.250000;285.350000;83;25000;2;1;1;90;7;800;35;20;10;100860;mq;mq;mq;mq;mq;mq;mq;mq;mq;mq;mq;10.300000;-10;mq;mq;mq;mq;0.000000;0.000000;mq;mq;mq;710.000000;1110.000000;2438.000000;mq;mq;mq;mq;mq;mq;mq;mq;mq;mq;mq;mq;mq;
07130;20110916210000;101640;160;1;0;0.000000;288.750000;286.250000;85;30000;0;mq;mq;100;mq;800;mq;mq;mq;101130;mq;mq;mq;mq;mq;mq;mq;mq;mq;mq;mq;3.100000;-10;mq;mq;mq;mq;0.000000;0.000000;mq;mq;mq;710.000000;1103.000000;mq;mq;mq;mq;mq;mq;mq;mq;mq;mq;mq;mq;mq;mq;
07139;20110916210000;101580;160;2;290;3.100000;287.550000;284.550000;82;mq;mq;mq;mq;mq;mq;mq;mq;mq;mq;99870;mq;mq;mq;mq;mq;mq;mq;mq;mq;mq;mq;4.100000;-10;mq;mq;mq;mq;0.000000;0.000000;mq;mq;mq;710.000000;1104.000000;mq;mq;mq;mq;mq;mq;mq;mq;mq;mq;mq;mq;mq;mq;
07149;20110916210000;101450;180;1;300;3.100000;290.850000;286.750000;77;20000;2;1;1;40;3;1750;35;20;10;100390;mq;mq;mq;mq;mq;mq;mq;mq;mq;mq;mq;8.700000;-10;mq;mq;0.000000;-30;0.000000;0.000000;mq;mq;mq;710.000000;1109.000000;3100.000000;mq;3;6;1500;mq;mq;mq;mq;mq;mq;mq;mq;mq;
07168;20110916210000;101460;100;3;180;2.100000;291.250000;288.550000;84;20000;0;mq;mq;mq;mq;mq;mq;mq;mq;100080;mq;mq;mq;mq;mq;mq;mq;mq;mq;mq;mq;3.600000;-10;mq;mq;mq;mq;0.000000;0.000000;mq;mq;mq;710.000000;1104.000000;mq;mq;mq;mq;mq;mq;mq;mq;mq;mq;mq;mq;mq;mq;
07181;20110916210000;101440;-30;8;200;5.700000;291.450000;288.650000;84;60000;0;mq;mq;90;mq;mq;mq;mq;mq;97490;mq;mq;mq;mq;mq;mq;mq;mq;mq;mq;mq;9.800000;-10;mq;mq;mq;mq;0.000000;2.000000;mq;mq;mq;710.000000;1110.000000;mq;mq;mq;mq;mq;mq;mq;mq;mq;mq;mq;mq;mq;mq;
07190;20110916210000;101550;20;0;200;1.500000;290.250000;287.550000;84;29000;0;mq;mq;100;mq;mq;mq;mq;mq;99780;mq;mq;mq;mq;mq;mq;mq;mq;mq;mq;mq;3.100000;-10;mq;mq;mq;mq;0.000000;0.000000;mq;mq;mq;710.000000;1103.000000;mq;mq;mq;mq;mq;mq;mq;mq;mq;mq;mq;mq;mq;mq;
07207;20110916210000;mq;mq;mq;290;6.200000;289.550000;284.250000;71;20000;2;1;1;40;3;800;31;20;10;mq;mq;mq;mq;mq;mq;mq;mq;mq;mq;mq;mq;9.800000;-10;mq;mq;mq;mq;0.000000;0.000000;mq;mq;mq;710.000000;1110.000000;2438.000000;mq;mq;mq;mq;mq;mq;mq;mq;mq;mq;mq;mq;mq;
07222;20110916210000;101740;110;1;260;2.100000;286.750000;284.650000;87;30000;2;1;1;10;1;450;35;20;10;101430;mq;mq;mq;mq;mq;mq;mq;mq;mq;mq;mq;4.600000;-10;mq;mq;mq;mq;0.000000;0.000000;mq;mq;mq;710.000000;1105.000000;mq;mq;1;6;570;mq;mq;mq;mq;mq;mq;mq;mq;mq;
07240;20110916210000;101610;140;1;240;4.600000;290.750000;287.450000;81;30000;2;1;1;25;2;3500;30;23;10;100290;mq;mq;mq;mq;mq;mq;mq;mq;mq;mq;mq;7.700000;-10;mq;mq;0.000000;-30;0.000000;0.000000;mq;mq;mq;710.000000;1108.000000;3100.000000;mq;2;3;3000;mq;mq;mq;mq;mq;mq;mq;mq;mq;
07255;20110916210000;101620;140;1;260;2.100000;293.350000;289.350000;78;20000;0;mq;mq;mq;mq;800;mq;mq;mq;99690;mq;mq;mq;mq;mq;mq;mq;mq;mq;mq;mq;5.100000;-10;mq;mq;mq;mq;0.000000;0.000000;mq;mq;mq;710.000000;1105.000000;mq;mq;mq;mq;mq;mq;mq;mq;mq;mq;mq;mq;mq;mq;
07280;20110916210000;101580;40;2;230;1.500000;291.250000;288.650000;85;40000;0;mq;mq;100;mq;mq;mq;mq;mq;98940;mq;mq;mq;mq;mq;mq;mq;mq;mq;mq;mq;3.100000;-10;mq;mq;mq;mq;0.000000;0.000000;mq;mq;mq;710.000000;1103.000000;mq;mq;mq;mq;mq;mq;mq;mq;mq;mq;mq;mq;mq;mq;
07299;20110916210000;101660;90;1;150;1.500000;290.750000;289.050000;90;15000;17;9;6;90;1;1750;39;29;60;98480;mq;mq;mq;mq;mq;mq;mq;mq;mq;mq;mq;5.100000;-10;mq;mq;0.000000;-30;0.000000;0.800000;mq;mq;mq;710.000000;1105.000000;3100.000000;mq;1;9;1800;6;3;3900;mq;mq;mq;mq;mq;mq;
07314;20110916210000;101880;120;3;310;6.200000;291.450000;288.150000;81;25000;2;1;1;50;4;1750;32;20;10;101610;mq;mq;mq;mq;mq;mq;mq;mq;mq;mq;mq;8.700000;-10;mq;mq;mq;mq;0.000000;0.000000;mq;mq;mq;710.000000;1109.000000;mq;mq;4;8;1500;mq;mq;mq;mq;mq;mq;mq;mq;mq;
07335;20110916210000;101740;130;3;250;2.600000;290.350000;287.450000;83;55000;0;mq;mq;75;mq;mq;mq;mq;mq;100330;mq;mq;mq;mq;mq;mq;mq;mq;mq;mq;mq;5.100000;-10;mq;mq;mq;mq;0.000000;0.000000;mq;mq;mq;710.000000;1105.000000;mq;mq;mq;mq;mq;mq;mq;mq;mq;mq;mq;mq;mq;mq;
07434;20110916210000;101760;100;1;280;2.100000;290.350000;289.050000;92;16000;0;mq;mq;mq;mq;mq;mq;mq;mq;97100;mq;mq;mq;mq;mq;mq;mq;mq;mq;mq;mq;3.600000;-10;mq;mq;mq;mq;0.000000;0.000000;mq;mq;mq;710.000000;1104.000000;mq;mq;mq;mq;mq;mq;mq;mq;mq;mq;mq;mq;mq;mq;
07460;20110916210000;101670;120;3;350;1.000000;292.250000;287.950000;76;30000;2;1;1;90;3;1250;32;23;12;97910;mq;mq;mq;mq;mq;mq;mq;mq;mq;mq;mq;2.100000;-10;mq;mq;0.000000;-30;0.000000;0.000000;mq;mq;mq;710.000000;1102.000000;3100.000000;mq;3;8;1380;5;3;2400;mq;mq;mq;mq;mq;mq;
07471;20110916210000;mq;90;3;250;1.000000;288.250000;285.950000;86;20000;0;mq;mq;mq;mq;mq;mq;mq;mq;92380;85000;17870;mq;mq;mq;mq;mq;mq;mq;mq;mq;2.100000;-10;mq;mq;mq;mq;0.000000;0.000000;mq;mq;mq;710.000000;1102.000000;mq;mq;mq;mq;mq;mq;mq;mq;mq;mq;mq;mq;mq;mq;
07481;20110916210000;101630;100;3;0;0.000000;294.450000;288.350000;68;30000;1;9;6;50;3;3500;30;26;15;98870;mq;mq;mq;mq;mq;mq;mq;mq;mq;mq;mq;3.600000;-10;mq;mq;0.000000;-30;0.000000;0.000000;mq;mq;mq;710.000000;1104.000000;3100.000000;mq;3;3;3900;4;0;7500;mq;mq;mq;mq;mq;mq;
07510;20110916210000;101890;140;2;280;2.100000;291.150000;289.350000;89;30000;2;1;1;75;1;1250;35;28;11;101250;mq;mq;mq;mq;mq;mq;mq;mq;mq;mq;mq;3.600000;-10;mq;mq;0.000000;-30;0.000000;0.000000;mq;mq;mq;710.000000;1104.000000;3100.000000;mq;1;6;1290;5;3;4800;mq;mq;mq;mq;mq;mq;
07535;20110916210000;101700;170;1;310;1.500000;293.150000;288.950000;77;mq;mq;mq;mq;mq;mq;mq;mq;mq;mq;98680;mq;mq;mq;mq;mq;mq;mq;mq;mq;mq;mq;3.100000;-10;mq;mq;mq;mq;0.000000;0.000000;mq;mq;mq;710.000000;1103.000000;mq;mq;mq;mq;mq;mq;mq;mq;mq;mq;mq;mq;mq;mq;
07558;20110916210000;101690;130;1;130;2.100000;291.750000;290.050000;90;mq;mq;mq;mq;mq;mq;mq;mq;mq;mq;93640;mq;mq;mq;mq;mq;mq;mq;mq;mq;mq;mq;3.600000;-10;mq;mq;mq;mq;0.000000;0.000000;mq;mq;mq;710.000000;1104.000000;mq;mq;mq;mq;mq;mq;mq;mq;mq;mq;mq;mq;mq;mq;
07577;20110916210000;101680;140;1;240;0.500000;293.950000;289.150000;74;20000;0;mq;mq;mq;mq;mq;mq;mq;mq;100820;mq;mq;mq;mq;mq;mq;mq;mq;mq;mq;mq;1.500000;-10;mq;mq;mq;mq;0.000000;0.000000;mq;mq;mq;710.000000;1102.000000;mq;mq;mq;mq;mq;mq;mq;mq;mq;mq;mq;mq;mq;mq;
07591;20110916210000;mq;130;1;0;0.000000;290.550000;283.150000;62;mq;0;mq;mq;mq;mq;mq;mq;mq;mq;91930;mq;mq;mq;mq;mq;mq;mq;mq;mq;mq;mq;2.600000;-10;mq;mq;mq;mq;0.000000;0.000000;mq;mq;mq;710.000000;1103.000000;mq;mq;mq;mq;mq;mq;mq;mq;mq;mq;mq;mq;mq;mq;
07607;20110916210000;101880;180;1;290;2.100000;292.750000;289.550000;82;4000;65;mq;mq;100;mq;800;mq;mq;mq;101190;mq;mq;mq;mq;mq;mq;mq;mq;mq;mq;mq;4.600000;-10;mq;mq;mq;mq;2.000000;2.000000;mq;mq;mq;710.000000;1105.000000;mq;mq;mq;mq;mq;mq;mq;mq;mq;mq;mq;mq;mq;mq;
07621;20110916210000;101960;270;3;290;5.700000;292.050000;290.550000;91;10000;51;5;2;100;8;450;39;61;60;97760;mq;mq;mq;mq;mq;mq;mq;mq;mq;mq;mq;8.200000;-10;mq;mq;0.000000;-30;0.000000;0.000000;mq;mq;mq;710.000000;1108.000000;3100.000000;mq;4;7;300;7;7;480;1;9;1200;mq;mq;mq;
07627;20110916210000;101800;210;1;170;1.500000;291.850000;288.750000;82;mq;mq;mq;mq;mq;mq;mq;mq;mq;mq;97070;mq;mq;mq;mq;mq;mq;mq;mq;mq;mq;mq;2.100000;-10;mq;mq;mq;mq;0.000000;0.000000;mq;mq;mq;710.000000;1102.000000;mq;mq;mq;mq;mq;mq;mq;mq;mq;mq;mq;mq;mq;mq;
07630;20110916210000;101620;190;1;270;7.700000;296.850000;290.550000;68;30000;1;6;2;100;1;1750;35;27;60;99900;mq;mq;mq;mq;mq;mq;mq;mq;mq;mq;mq;11.300000;-10;mq;mq;0.000000;-30;0.000000;0.000000;mq;mq;mq;710.000000;1111.000000;3100.000000;mq;1;6;1800;6;3;4500;mq;mq;mq;mq;mq;mq;
07643;20110916210000;101670;30;0;50;1.000000;295.350000;294.150000;93;10000;2;1;1;25;2;150;36;20;10;101580;mq;mq;mq;mq;mq;mq;mq;mq;mq;mq;mq;2.100000;-10;mq;mq;mq;mq;0.000000;0.000000;mq;mq;mq;710.000000;1102.000000;mq;mq;2;7;150;mq;mq;mq;mq;mq;mq;mq;mq;mq;
07650;20110916210000;101680;40;2;130;2.100000;294.150000;290.350000;79;40000;2;1;1;40;1;450;38;23;12;101310;mq;mq;mq;mq;mq;mq;mq;mq;mq;mq;mq;3.100000;-10;mq;mq;0.000000;-30;0.000000;0.000000;mq;mq;mq;710.000000;1103.000000;3100.000000;mq;1;8;300;3;0;6900;mq;mq;mq;mq;mq;mq;
07661;20110916210000;101660;40;2;330;5.100000;294.950000;291.750000;82;mq;mq;mq;mq;mq;mq;mq;mq;mq;mq;100110;mq;mq;mq;mq;mq;mq;mq;mq;mq;mq;mq;7.200000;-10;mq;mq;mq;mq;0.000000;0.000000;mq;mq;mq;710.000000;1107.000000;mq;mq;mq;mq;mq;mq;mq;mq;mq;mq;mq;mq;mq;mq;
07690;20110916210000;101650;10;0;20;3.600000;296.450000;292.350000;78;35000;2;1;1;10;1;450;35;20;10;101330;mq;mq;mq;mq;mq;mq;mq;mq;mq;mq;mq;4.100000;-10;mq;mq;0.000000;-30;0.000000;0.000000;mq;mq;mq;710.000000;1104.000000;3100.000000;mq;1;6;450;mq;mq;mq;mq;mq;mq;mq;mq;mq;
07747;20110916210000;101680;60;3;360;1.000000;295.750000;292.750000;83;29000;0;mq;mq;mq;mq;mq;mq;mq;mq;101170;mq;mq;mq;mq;mq;mq;mq;mq;mq;mq;mq;2.100000;-10;mq;mq;mq;mq;0.000000;0.000000;mq;mq;mq;710.000000;1102.000000;mq;mq;mq;mq;mq;mq;mq;mq;mq;mq;mq;mq;mq;mq;
07761;20110916210000;101680;70;1;40;3.100000;292.550000;288.250000;76;20000;2;1;1;0;mq;mq;mq;mq;mq;101570;mq;mq;mq;mq;mq;mq;mq;mq;mq;mq;mq;3.600000;-10;mq;mq;0.000000;-30;0.000000;0.000000;mq;mq;mq;710.000000;1104.000000;3100.000000;mq;mq;mq;mq;mq;mq;mq;mq;mq;mq;mq;mq;mq;
07790;20110916210000;101680;50;0;210;1.500000;293.550000;291.850000;90;15000;2;1;1;0;mq;mq;mq;mq;mq;101540;mq;mq;mq;mq;mq;mq;mq;mq;mq;mq;mq;2.100000;-10;mq;mq;0.000000;-30;0.000000;0.000000;mq;mq;mq;710.000000;1102.000000;3100.000000;mq;mq;mq;mq;mq;mq;mq;mq;mq;mq;mq;mq;mq;
61968;20110916210000;101570;mq;mq;90;1.500000;296.650000;292.750000;79;mq;mq;mq;mq;mq;mq;mq;mq;mq;mq;mq;mq;mq;mq;mq;mq;mq;mq;mq;mq;mq;mq;3.600000;-10;mq;mq;mq;mq;0.000000;0.000000;mq;mq;mq;710.000000;1104.000000;mq;mq;mq;mq;mq;mq;mq;mq;mq;mq;mq;mq;mq;mq;
61970;20110916210000;101760;mq;mq;mq;mq;297.950000;295.850000;88;mq;mq;mq;mq;mq;mq;mq;mq;mq;mq;mq;mq;mq;70;mq;mq;mq;mq;mq;mq;mq;mq;mq;mq;mq;mq;mq;mq;0.000000;0.000000;mq;mq;mq;mq;mq;mq;mq;mq;mq;mq;mq;mq;mq;mq;mq;mq;mq;mq;mq;
61972;20110916210000;102120;mq;mq;180;7.700000;295.550000;290.650000;74;mq;mq;mq;mq;mq;mq;mq;mq;mq;mq;mq;mq;mq;410;mq;mq;mq;mq;mq;mq;mq;mq;13.900000;-10;mq;mq;mq;mq;0.000000;0.000000;mq;mq;mq;710.000000;1114.000000;mq;mq;mq;mq;mq;mq;mq;mq;mq;mq;mq;mq;mq;mq;
61980;20110916210000;101890;mq;mq;170;3.600000;294.450000;290.450000;78;55000;0;mq;mq;mq;mq;800;mq;mq;mq;mq;mq;mq;mq;mq;mq;mq;mq;mq;mq;mq;mq;4.600000;-10;mq;mq;mq;mq;0.000000;0.000000;mq;mq;mq;710.000000;1105.000000;mq;mq;mq;mq;mq;mq;mq;mq;mq;mq;mq;mq;mq;mq;
61996;20110916210000;mq;mq;mq;mq;mq;284.250000;mq;mq;mq;mq;mq;mq;mq;mq;mq;mq;mq;mq;mq;mq;mq;470;mq;mq;mq;mq;mq;mq;mq;mq;mq;mq;mq;mq;mq;mq;0.000000;0.000000;mq;mq;mq;mq;mq;mq;mq;mq;mq;mq;mq;mq;mq;mq;mq;mq;mq;mq;mq;
61997;20110916210000;97890;mq;mq;110;7.700000;276.150000;275.450000;95;mq;mq;mq;mq;mq;mq;mq;mq;mq;mq;mq;mq;mq;mq;mq;mq;mq;mq;mq;mq;mq;mq;21.100000;-30;mq;mq;mq;mq;mq;0.000000;mq;mq;mq;1121.000000;mq;mq;mq;mq;mq;mq;mq;mq;mq;mq;mq;mq;mq;mq;mq;
61998;20110916210000;100780;mq;mq;300;3.100000;273.950000;271.750000;85;mq;mq;mq;mq;mq;mq;mq;mq;mq;mq;mq;mq;mq;1960;mq;mq;mq;mq;mq;mq;mq;mq;4.600000;-10;mq;mq;mq;mq;0.000000;0.000000;mq;mq;mq;710.000000;1105.000000;mq;mq;mq;mq;mq;mq;mq;mq;mq;mq;mq;mq;mq;mq;
67005;20110916210000;101550;mq;mq;280;3.600000;297.350000;293.650000;80;mq;0;mq;mq;mq;mq;mq;mq;mq;mq;mq;mq;mq;mq;mq;mq;mq;mq;mq;mq;mq;mq;5.100000;-10;mq;mq;mq;mq;0.000000;0.000000;mq;mq;mq;710.000000;1105.000000;mq;mq;mq;mq;mq;mq;mq;mq;mq;mq;mq;mq;mq;mq;
71805;20110916210000;100320;920;1;280;16.500000;286.850000;282.050000;73;20000;2;1;1;60;5;800;35;20;10;100240;mq;mq;mq;mq;mq;mq;mq;mq;mq;mq;24.200000;26.800000;-10;mq;mq;0.000000;-30;0.000000;0.000000;mq;mq;mq;1024.000000;710.000000;1127.000000;3100.000000;5;6;600;mq;mq;mq;mq;mq;mq;mq;mq;mq;
78897;20110916210000;101300;-90;5;80;4.100000;302.150000;293.850000;61;35000;2;1;1;25;2;1250;32;20;12;mq;mq;mq;mq;mq;mq;mq;mq;mq;mq;mq;mq;mq;mq;mq;mq;mq;mq;mq;mq;mq;mq;mq;mq;mq;mq;mq;2;8;990;mq;mq;mq;mq;mq;mq;mq;mq;mq;
78922;20110916210000;101240;-70;6;150;3.600000;300.850000;295.550000;73;mq;mq;mq;mq;mq;mq;mq;mq;mq;mq;100800;mq;mq;mq;mq;mq;mq;mq;mq;mq;mq;mq;mq;mq;mq;mq;mq;mq;mq;mq;mq;mq;mq;mq;mq;mq;mq;mq;mq;mq;mq;mq;mq;mq;mq;mq;mq;mq;mq;
78925;20110916210000;101240;-80;6;100;5.100000;301.750000;296.250000;72;55000;0;mq;mq;mq;mq;800;mq;mq;mq;mq;mq;mq;mq;mq;mq;mq;mq;mq;mq;mq;mq;mq;mq;mq;mq;mq;mq;mq;mq;mq;mq;mq;mq;mq;mq;mq;mq;mq;mq;mq;mq;mq;mq;mq;mq;mq;mq;mq;
81401;20110916210000;100950;mq;mq;140;2.100000;302.450000;296.850000;72;mq;mq;mq;mq;mq;mq;mq;mq;mq;mq;100890;mq;mq;mq;mq;mq;mq;mq;mq;mq;mq;mq;mq;mq;mq;mq;mq;mq;mq;0.000000;mq;mq;mq;mq;mq;mq;mq;mq;mq;mq;mq;mq;mq;mq;mq;mq;mq;mq;mq;
81405;20110916210000;101000;mq;mq;90;3.600000;301.750000;297.150000;76;20000;2;1;1;25;1;800;32;20;12;100910;mq;mq;mq;mq;mq;mq;mq;mq;mq;mq;mq;mq;mq;mq;mq;mq;mq;mq;0.000000;mq;mq;mq;mq;mq;mq;mq;mq;mq;mq;mq;mq;mq;mq;mq;mq;mq;mq;mq;
81408;20110916210000;100990;mq;mq;90;2.600000;303.550000;295.450000;62;mq;mq;mq;mq;mq;mq;mq;mq;mq;mq;100910;mq;mq;mq;mq;mq;mq;mq;mq;mq;mq;mq;mq;mq;mq;mq;mq;mq;mq;0.000000;mq;mq;mq;mq;mq;mq;mq;mq;mq;mq;mq;mq;mq;mq;mq;mq;mq;mq;mq;
81415;20110916210000;100900;mq;mq;170;0.500000;304.350000;294.850000;57;mq;mq;mq;mq;mq;mq;mq;mq;mq;mq;99720;mq;mq;mq;mq;mq;mq;mq;mq;mq;mq;mq;mq;mq;mq;mq;mq;mq;mq;0.000000;mq;mq;mq;mq;mq;mq;mq;mq;mq;mq;mq;mq;mq;mq;mq;mq;mq;mq;mq;
89642;20110916210000;99250;-30;8;130;6.700000;262.150000;255.450000;54;mq;mq;mq;mq;mq;mq;mq;mq;mq;mq;98700;mq;mq;mq;mq;mq;mq;mq;mq;mq;mq;mq;mq;mq;mq;mq;mq;mq;mq;mq;mq;mq;mq;mq;mq;mq;mq;mq;mq;mq;mq;mq;mq;mq;mq;mq;mq;mq;mq;
07005;20110917000000;101330;-10;8;210;3.600000;286.450000;285.350000;93;mq;mq;mq;mq;mq;mq;mq;mq;mq;mq;100450;mq;mq;mq;mq;mq;mq;mq;mq;mq;mq;mq;5.100000;-10;mq;mq;mq;mq;0.000000;0.000000;0.000000;mq;mq;710.000000;1105.000000;mq;mq;mq;mq;mq;mq;mq;mq;mq;mq;mq;mq;mq;mq;
07015;20110917000000;101270;20;3;240;3.600000;286.850000;285.050000;89;30000;2;1;1;25;2;450;35;20;10;100710;mq;mq;mq;mq;mq;mq;mq;mq;mq;mq;mq;6.200000;-10;mq;mq;0.000000;-60;0.000000;0.000000;0.000000;mq;mq;710.000000;1106.000000;3100.000000;mq;2;6;480;mq;mq;mq;mq;mq;mq;mq;mq;mq;
07020;20110917000000;101400;-40;8;250;10.300000;289.250000;286.750000;85;18000;2;1;1;100;8;1250;35;61;60;101140;mq;mq;mq;mq;mq;mq;mq;mq;mq;mq;mq;15.400000;-10;mq;mq;mq;mq;0.000000;0.000000;0.000000;mq;mq;710.000000;1115.000000;mq;mq;8;6;1200;mq;mq;mq;mq;mq;mq;mq;mq;mq;
07027;20110917000000;101510;-30;6;190;2.600000;284.150000;283.350000;95;35000;0;mq;mq;mq;mq;800;mq;mq;mq;100700;mq;mq;mq;mq;mq;mq;mq;mq;mq;mq;mq;4.600000;-10;mq;mq;mq;mq;0.000000;0.000000;0.000000;mq;mq;710.000000;1105.000000;mq;mq;mq;mq;mq;mq;mq;mq;mq;mq;mq;mq;mq;mq;
07037;20110917000000;101500;10;3;240;3.600000;285.650000;284.250000;91;45000;0;mq;mq;mq;mq;mq;mq;mq;mq;99680;mq;mq;mq;mq;mq;mq;mq;mq;mq;mq;mq;7.200000;-10;mq;mq;mq;mq;0.000000;0.000000;0.000000;mq;mq;710.000000;1107.000000;mq;mq;mq;mq;mq;mq;mq;mq;mq;mq;mq;mq;mq;mq;
07110;20110917000000;101550;-80;8;220;4.600000;287.450000;285.950000;91;50000;0;mq;mq;100;mq;450;mq;mq;mq;100420;mq;mq;mq;mq;mq;mq;mq;mq;mq;mq;mq;7.200000;-10;mq;mq;mq;mq;0.000000;0.200000;0.200000;mq;mq;710.000000;1107.000000;mq;mq;mq;mq;mq;mq;mq;mq;mq;mq;mq;mq;mq;mq;
07117;20110917000000;101490;-60;6;240;6.200000;287.650000;285.850000;89;18000;2;1;1;90;7;800;35;20;10;100800;mq;mq;mq;mq;mq;mq;mq;mq;mq;mq;mq;10.300000;-10;mq;mq;mq;mq;0.000000;0.000000;0.000000;mq;mq;710.000000;1110.000000;2437.000000;mq;mq;mq;mq;mq;mq;mq;mq;mq;mq;mq;mq;mq;
07130;20110917000000;101680;30;1;210;1.500000;284.950000;282.850000;87;35000;0;mq;mq;mq;mq;1250;mq;mq;mq;101160;mq;mq;mq;mq;mq;mq;mq;mq;mq;mq;mq;3.600000;-10;mq;mq;mq;mq;0.000000;0.000000;0.000000;mq;mq;710.000000;1104.000000;mq;mq;mq;mq;mq;mq;mq;mq;mq;mq;mq;mq;mq;mq;
07139;20110917000000;101600;0;0;270;0.500000;285.050000;283.250000;89;mq;mq;mq;mq;mq;mq;mq;mq;mq;mq;99870;mq;mq;mq;mq;mq;mq;mq;mq;mq;mq;mq;3.100000;-10;mq;mq;mq;mq;0.000000;0.000000;0.000000;mq;mq;710.000000;1103.000000;mq;mq;mq;mq;mq;mq;mq;mq;mq;mq;mq;mq;mq;mq;
07149;20110917000000;101540;80;2;280;1.000000;288.350000;286.050000;86;20000;2;1;1;90;7;1250;35;61;60;100470;mq;mq;mq;mq;mq;mq;mq;mq;mq;mq;mq;2.600000;-10;mq;mq;0.000000;-60;0.000000;0.000000;0.000000;mq;mq;710.000000;1103.000000;3100.000000;mq;4;6;990;6;6;1200;mq;mq;mq;mq;mq;mq;
07168;20110917000000;101520;60;1;250;3.600000;291.450000;288.150000;81;20000;0;mq;mq;mq;mq;mq;mq;mq;mq;100140;mq;mq;mq;mq;mq;mq;mq;mq;mq;mq;mq;6.700000;-10;mq;mq;mq;mq;0.000000;0.000000;0.000000;mq;mq;710.000000;1107.000000;mq;mq;mq;mq;mq;mq;mq;mq;mq;mq;mq;mq;mq;mq;
07181;20110917000000;101460;0;0;220;5.100000;290.550000;288.550000;88;50000;0;mq;mq;75;mq;mq;mq;mq;mq;97490;mq;mq;mq;mq;mq;mq;mq;mq;mq;mq;mq;7.700000;-10;mq;mq;mq;mq;0.000000;0.000000;2.000000;mq;mq;710.000000;1108.000000;mq;mq;mq;mq;mq;mq;mq;mq;mq;mq;mq;mq;mq;mq;
07190;20110917000000;101520;-30;8;180;3.600000;290.450000;288.750000;90;17000;0;mq;mq;100;mq;mq;mq;mq;mq;99750;mq;mq;mq;mq;mq;mq;mq;mq;mq;mq;mq;5.700000;-10;mq;mq;mq;mq;0.000000;0.200000;0.200000;mq;mq;710.000000;1106.000000;mq;mq;mq;mq;mq;mq;mq;mq;mq;mq;mq;mq;mq;mq;
07207;20110917000000;mq;mq;mq;270;7.700000;289.350000;286.050000;81;20000;2;1;1;90;7;3500;30;25;10;mq;mq;mq;mq;mq;mq;mq;mq;mq;mq;mq;mq;12.300000;-10;mq;mq;mq;mq;0.000000;0.000000;0.000000;mq;mq;710.000000;1112.000000;2438.000000;mq;mq;mq;mq;mq;mq;mq;mq;mq;mq;mq;mq;mq;
07222;20110917000000;101740;0;0;260;0.500000;285.250000;284.150000;93;50000;0;mq;mq;mq;mq;800;mq;mq;mq;101430;mq;mq;mq;mq;mq;mq;mq;mq;mq;mq;mq;1.000000;-10;mq;mq;mq;mq;0.000000;0.000000;0.000000;mq;mq;710.000000;1101.000000;mq;mq;mq;mq;mq;mq;mq;mq;mq;mq;mq;mq;mq;mq;
07240;20110917000000;101680;60;1;250;4.600000;287.550000;284.550000;82;30000;2;1;1;40;3;1750;35;23;10;100350;mq;mq;mq;mq;mq;mq;mq;mq;mq;mq;mq;8.700000;-10;mq;mq;0.000000;-60;0.000000;0.000000;0.000000;mq;mq;710.000000;1109.000000;3100.000000;mq;1;6;1800;3;3;2700;mq;mq;mq;mq;mq;mq;
07255;20110917000000;101660;30;1;280;2.100000;291.450000;287.350000;77;20000;0;mq;mq;mq;mq;mq;mq;mq;mq;99720;mq;mq;mq;mq;mq;mq;mq;mq;mq;mq;mq;4.100000;-10;mq;mq;mq;mq;0.000000;0.000000;0.000000;mq;mq;710.000000;1104.000000;mq;mq;mq;mq;mq;mq;mq;mq;mq;mq;mq;mq;mq;mq;
07280;20110917000000;101590;0;5;350;1.000000;290.250000;288.750000;91;35000;0;mq;mq;100;mq;mq;mq;mq;mq;98940;mq;mq;mq;mq;mq;mq;mq;mq;mq;mq;mq;1.500000;-10;mq;mq;mq;mq;0.000000;0.000000;0.000000;mq;mq;710.000000;1102.000000;mq;mq;mq;mq;mq;mq;mq;mq;mq;mq;mq;mq;mq;mq;
07299;20110917000000;101630;-20;7;150;3.100000;290.850000;289.350000;91;40000;0;mq;mq;100;mq;mq;mq;mq;mq;98460;mq;mq;mq;mq;mq;mq;mq;mq;mq;mq;mq;5.100000;-10;mq;mq;mq;mq;0.000000;0.200000;1.000000;mq;mq;710.000000;1105.000000;mq;mq;mq;mq;mq;mq;mq;mq;mq;mq;mq;mq;mq;mq;
07314;20110917000000;101870;-10;6;290;5.700000;291.350000;288.750000;85;15000;2;1;1;75;6;1750;35;20;10;101600;mq;mq;mq;mq;mq;mq;mq;mq;mq;mq;mq;8.200000;-10;mq;mq;mq;mq;0.000000;0.000000;0.000000;mq;mq;710.000000;1108.000000;2437.000000;mq;6;6;1500;mq;mq;mq;mq;mq;mq;mq;mq;mq;
07335;20110917000000;101790;40;3;300;3.100000;288.950000;285.650000;81;60000;0;mq;mq;100;mq;1750;mq;mq;mq;100370;mq;mq;mq;mq;mq;mq;mq;mq;mq;mq;mq;7.700000;-10;mq;mq;mq;mq;0.000000;0.000000;0.000000;mq;mq;710.000000;1108.000000;mq;mq;mq;mq;mq;mq;mq;mq;mq;mq;mq;mq;mq;mq;
07434;20110917000000;101790;-10;5;290;4.100000;288.150000;287.050000;93;16000;0;mq;mq;100;mq;1250;mq;mq;mq;97090;mq;mq;mq;mq;mq;mq;mq;mq;mq;mq;mq;6.200000;-10;mq;mq;mq;mq;0.000000;0.000000;0.000000;mq;mq;710.000000;1106.000000;mq;mq;mq;mq;mq;mq;mq;mq;mq;mq;mq;mq;mq;mq;
07460;20110917000000;101660;-40;8;260;2.100000;289.850000;288.250000;90;20000;25;9;8;75;1;2250;35;28;10;97870;mq;mq;mq;mq;mq;mq;mq;mq;mq;mq;mq;2.600000;-10;mq;mq;0.000000;-60;0.200000;0.200000;0.200000;mq;mq;710.000000;1103.000000;3100.000000;mq;1;6;1800;6;3;3000;mq;mq;mq;mq;mq;mq;
07471;20110917000000;mq;-70;8;300;0.500000;285.650000;284.750000;94;20000;0;mq;mq;mq;mq;mq;mq;mq;mq;92310;85000;17810;mq;mq;mq;mq;mq;mq;mq;mq;mq;2.600000;-10;mq;mq;mq;mq;0.000000;0.000000;0.000000;mq;mq;710.000000;1103.000000;mq;mq;mq;mq;mq;mq;mq;mq;mq;mq;mq;mq;mq;mq;
07481;20110917000000;101650;-10;8;140;4.100000;291.950000;288.050000;78;30000;3;9;6;40;1;3500;30;23;12;98860;mq;mq;mq;mq;mq;mq;mq;mq;mq;mq;mq;4.600000;-10;mq;mq;0.000000;-60;0.000000;0.000000;0.000000;mq;mq;710.000000;1105.000000;3100.000000;mq;1;3;3000;3;0;7500;mq;mq;mq;mq;mq;mq;
07510;20110917000000;101900;10;2;320;1.000000;291.250000;289.250000;88;30000;2;1;1;90;7;800;35;61;60;101260;mq;mq;mq;mq;mq;mq;mq;mq;mq;mq;mq;2.100000;-10;mq;mq;0.000000;-60;0.000000;0.000000;0.000000;mq;mq;710.000000;1102.000000;3100.000000;mq;7;6;750;mq;mq;mq;mq;mq;mq;mq;mq;mq;
07535;20110917000000;101830;110;3;270;1.500000;291.150000;289.350000;89;mq;mq;mq;mq;mq;mq;mq;mq;mq;mq;98790;mq;mq;mq;mq;mq;mq;mq;mq;mq;mq;mq;4.100000;-10;mq;mq;mq;mq;0.000000;0.000000;0.000000;mq;mq;710.000000;1104.000000;mq;mq;mq;mq;mq;mq;mq;mq;mq;mq;mq;mq;mq;mq;
07558;20110917000000;101680;-40;6;240;0.500000;290.650000;289.550000;93;mq;mq;mq;mq;mq;mq;mq;mq;mq;mq;93600;mq;mq;mq;mq;mq;mq;mq;mq;mq;mq;mq;2.600000;-10;mq;mq;mq;mq;0.000000;0.000000;0.000000;mq;mq;710.000000;1103.000000;mq;mq;mq;mq;mq;mq;mq;mq;mq;mq;mq;mq;mq;mq;
07577;20110917000000;101680;-10;8;0;0.000000;291.250000;289.250000;88;20000;0;mq;mq;mq;mq;mq;mq;mq;mq;100810;mq;mq;mq;mq;mq;mq;mq;mq;mq;mq;mq;0.500000;-10;mq;mq;mq;mq;0.000000;0.000000;0.000000;mq;mq;710.000000;1101.000000;mq;mq;mq;mq;mq;mq;mq;mq;mq;mq;mq;mq;mq;mq;
07591;20110917000000;mq;10;0;40;4.100000;288.250000;282.850000;70;mq;0;mq;mq;mq;mq;mq;mq;mq;mq;91940;mq;mq;mq;mq;mq;mq;mq;mq;mq;mq;mq;6.200000;-10;mq;mq;mq;mq;0.000000;0.000000;0.000000;mq;mq;710.000000;1106.000000;mq;mq;mq;mq;mq;mq;mq;mq;mq;mq;mq;mq;mq;mq;
07607;20110917000000;101920;30;1;330;2.100000;291.350000;290.050000;92;19000;0;mq;mq;100;mq;800;mq;mq;mq;101220;mq;mq;mq;mq;mq;mq;mq;mq;mq;mq;mq;3.100000;-10;mq;mq;mq;mq;0.000000;1.000000;4.000000;mq;mq;710.000000;1103.000000;mq;mq;mq;mq;mq;mq;mq;mq;mq;mq;mq;mq;mq;mq;
07621;20110917000000;101880;-90;6;300;1.000000;291.250000;290.650000;96;10000;2;6;5;100;8;150;36;61;60;97670;mq;mq;mq;mq;mq;mq;mq;mq;mq;mq;mq;2.100000;-10;mq;mq;0.000000;-60;0.000000;3.000000;3.000000;mq;mq;710.000000;1102.000000;3100.000000;mq;5;7;150;8;7;330;mq;mq;mq;mq;mq;mq;
07627;20110917000000;101870;70;0;10;0.500000;291.850000;289.650000;87;mq;mq;mq;mq;mq;mq;mq;mq;mq;mq;97140;mq;mq;mq;mq;mq;mq;mq;mq;mq;mq;mq;5.700000;-10;mq;mq;mq;mq;0.000000;0.000000;0.000000;mq;mq;710.000000;1106.000000;mq;mq;mq;mq;mq;mq;mq;mq;mq;mq;mq;mq;mq;mq;
07630;20110917000000;101840;200;1;290;3.600000;294.150000;289.350000;74;40000;0;mq;mq;100;mq;1250;mq;mq;mq;100100;mq;mq;mq;mq;mq;mq;mq;mq;mq;mq;mq;7.700000;-10;mq;mq;mq;mq;0.000000;0.000000;0.000000;mq;mq;710.000000;1108.000000;mq;mq;mq;mq;mq;mq;mq;mq;mq;mq;mq;mq;mq;mq;
07643;20110917000000;101660;10;0;20;1.000000;294.850000;293.450000;92;9000;0;mq;mq;100;mq;800;mq;mq;mq;101570;mq;mq;mq;mq;mq;mq;mq;mq;mq;mq;mq;1.500000;-10;mq;mq;mq;mq;0.000000;0.000000;0.000000;mq;mq;710.000000;1102.000000;mq;mq;mq;mq;mq;mq;mq;mq;mq;mq;mq;mq;mq;mq;
07650;20110917000000;101660;-20;8;110;2.100000;294.150000;291.550000;85;40000;0;mq;mq;75;mq;450;mq;mq;mq;101290;mq;mq;mq;mq;mq;mq;mq;mq;mq;mq;mq;3.100000;-10;mq;mq;mq;mq;0.000000;0.000000;0.000000;mq;mq;710.000000;1103.000000;mq;mq;mq;mq;mq;mq;mq;mq;mq;mq;mq;mq;mq;mq;
07661;20110917000000;101640;-20;6;340;4.600000;294.650000;290.850000;79;mq;mq;mq;mq;mq;mq;mq;mq;mq;mq;100090;mq;mq;mq;mq;mq;mq;mq;mq;mq;mq;mq;6.200000;-10;mq;mq;mq;mq;0.000000;0.000000;0.000000;mq;mq;710.000000;1106.000000;mq;mq;mq;mq;mq;mq;mq;mq;mq;mq;mq;mq;mq;mq;
07690;20110917000000;101640;-20;8;20;2.100000;295.450000;291.850000;80;35000;2;1;1;10;1;450;35;20;10;101310;mq;mq;mq;mq;mq;mq;mq;mq;mq;mq;mq;3.600000;-10;mq;mq;0.000000;-60;0.000000;0.000000;0.000000;mq;mq;710.000000;1104.000000;3100.000000;mq;1;6;450;mq;mq;mq;mq;mq;mq;mq;mq;mq;
07747;20110917000000;101680;0;5;270;0.500000;293.850000;291.650000;87;29000;0;mq;mq;mq;mq;mq;mq;mq;mq;101170;mq;mq;mq;mq;mq;mq;mq;mq;mq;mq;mq;2.600000;-10;mq;mq;mq;mq;0.000000;0.000000;0.000000;mq;mq;710.000000;1103.000000;mq;mq;mq;mq;mq;mq;mq;mq;mq;mq;mq;mq;mq;mq;
07761;20110917000000;101700;20;3;50;2.600000;290.050000;286.550000;80;20000;2;1;1;0;mq;mq;mq;mq;mq;101590;mq;mq;mq;mq;mq;mq;mq;mq;mq;mq;mq;4.100000;-10;mq;mq;0.000000;-60;0.000000;0.000000;0.000000;mq;mq;710.000000;1104.000000;3100.000000;mq;mq;mq;mq;mq;mq;mq;mq;mq;mq;mq;mq;mq;
07790;20110917000000;101660;-20;5;200;2.100000;293.350000;290.750000;85;19000;0;mq;mq;mq;mq;mq;mq;mq;mq;101520;mq;mq;mq;mq;mq;mq;mq;mq;mq;mq;mq;3.100000;-10;mq;mq;mq;mq;0.000000;0.000000;0.000000;mq;mq;710.000000;1103.000000;mq;mq;mq;mq;mq;mq;mq;mq;mq;mq;mq;mq;mq;mq;
61968;20110917000000;101420;mq;mq;140;0.500000;296.650000;293.350000;82;mq;mq;mq;mq;mq;mq;mq;mq;mq;mq;mq;mq;mq;mq;mq;mq;mq;mq;mq;mq;mq;mq;2.100000;-10;mq;mq;mq;mq;0.000000;mq;0.000000;mq;mq;710.000000;1102.000000;mq;mq;mq;mq;mq;mq;mq;mq;mq;mq;mq;mq;mq;mq;
61970;20110917000000;101680;mq;mq;mq;mq;298.350000;295.050000;82;mq;mq;mq;mq;mq;mq;mq;mq;mq;mq;mq;mq;mq;120;mq;mq;mq;mq;mq;mq;mq;mq;mq;mq;mq;mq;mq;mq;0.000000;mq;0.000000;mq;mq;mq;mq;mq;mq;mq;mq;mq;mq;mq;mq;mq;mq;mq;mq;mq;mq;
61972;20110917000000;102070;mq;mq;180;8.700000;294.850000;288.950000;69;mq;mq;mq;mq;mq;mq;mq;mq;mq;mq;mq;mq;mq;530;mq;mq;mq;mq;mq;mq;mq;mq;16.500000;-10;mq;mq;mq;mq;0.000000;mq;0.000000;mq;mq;710.000000;1116.000000;mq;mq;mq;mq;mq;mq;mq;mq;mq;mq;mq;mq;mq;mq;
61980;20110917000000;101720;mq;mq;180;4.100000;292.650000;290.650000;88;10000;15;8;2;50;4;800;38;20;10;mq;mq;mq;mq;mq;mq;mq;mq;mq;mq;mq;mq;6.700000;-10;mq;mq;mq;mq;0.600000;mq;3.000000;mq;mq;710.000000;1107.000000;mq;mq;2;8;690;4;6;1290;mq;mq;mq;mq;mq;mq;
61996;20110917000000;mq;mq;mq;mq;mq;282.250000;mq;mq;mq;mq;mq;mq;mq;mq;mq;mq;mq;mq;mq;mq;mq;520;mq;mq;mq;mq;mq;mq;mq;mq;mq;mq;mq;mq;mq;mq;0.000000;mq;0.000000;mq;mq;mq;mq;mq;mq;mq;mq;mq;mq;mq;mq;mq;mq;mq;mq;mq;mq;
61997;20110917000000;97590;mq;mq;140;7.700000;275.850000;275.450000;97;mq;mq;mq;mq;mq;mq;mq;mq;mq;mq;mq;mq;mq;mq;mq;mq;mq;mq;mq;mq;mq;mq;21.100000;-60;mq;mq;mq;mq;mq;mq;2.000000;mq;mq;1121.000000;mq;mq;mq;mq;mq;mq;mq;mq;mq;mq;mq;mq;mq;mq;mq;
61998;20110917000000;100540;mq;mq;50;1.000000;273.550000;271.950000;89;20000;0;mq;mq;90;3;3500;30;22;16;mq;mq;mq;1330;mq;mq;mq;mq;mq;mq;mq;mq;3.600000;-10;mq;mq;mq;mq;0.000000;mq;0.000000;mq;mq;710.000000;1104.000000;mq;mq;3;4;3900;7;2;6900;mq;mq;mq;mq;mq;mq;
67005;20110917000000;101470;mq;mq;240;2.100000;296.950000;293.450000;81;mq;0;mq;mq;mq;mq;mq;mq;mq;mq;mq;mq;mq;0;mq;mq;mq;mq;mq;mq;mq;mq;3.600000;-10;mq;mq;mq;mq;0.000000;mq;0.000000;mq;mq;710.000000;1104.000000;mq;mq;mq;mq;mq;mq;mq;mq;mq;mq;mq;mq;mq;mq;
71805;20110917000000;100910;590;1;280;11.800000;285.550000;279.350000;66;30000;0;mq;mq;90;mq;1250;mq;mq;mq;100830;mq;mq;mq;mq;mq;mq;mq;mq;mq;mq;19.000000;21.100000;-10;mq;mq;mq;mq;0.000000;0.000000;0.000000;mq;mq;1019.000000;710.000000;1121.000000;mq;mq;mq;mq;mq;mq;mq;mq;mq;mq;mq;mq;mq;
78897;20110917000000;101400;100;3;90;1.000000;299.350000;294.950000;77;35000;0;mq;mq;mq;mq;mq;mq;mq;mq;mq;mq;mq;mq;297.150000;mq;304.750000;mq;mq;mq;mq;mq;mq;mq;mq;mq;mq;mq;mq;mq;0.000000;mq;4.400000;mq;mq;mq;mq;mq;mq;mq;mq;mq;mq;mq;mq;mq;mq;mq;mq;
78922;20110917000000;101350;100;1;130;5.100000;298.850000;295.350000;81;mq;mq;mq;mq;mq;mq;mq;mq;mq;mq;100900;mq;mq;mq;mq;mq;mq;mq;mq;mq;mq;mq;mq;mq;mq;mq;mq;mq;mq;mq;mq;mq;mq;mq;mq;mq;mq;mq;mq;mq;mq;mq;mq;mq;mq;mq;mq;mq;mq;
78925;20110917000000;101410;170;3;60;3.100000;297.350000;294.850000;86;8000;2;8;6;90;4;800;38;23;12;mq;mq;mq;mq;297.150000;mq;303.950000;mq;mq;mq;mq;mq;mq;mq;mq;mq;mq;mq;mq;mq;0.200000;mq;6.000000;mq;mq;mq;mq;2;8;690;6;0;7800;mq;mq;mq;mq;mq;mq;
81401;20110917000000;101140;mq;mq;60;1.500000;299.250000;296.750000;86;mq;mq;mq;mq;mq;mq;mq;mq;mq;mq;101080;mq;mq;mq;mq;mq;307.350000;mq;mq;mq;mq;mq;mq;mq;mq;mq;mq;mq;mq;0.000000;0.000000;mq;mq;mq;mq;mq;mq;mq;mq;mq;mq;mq;mq;mq;mq;mq;mq;mq;mq;
81405;20110917000000;101160;mq;mq;110;1.500000;299.750000;297.450000;87;35000;0;mq;mq;mq;mq;mq;mq;mq;mq;101070;mq;mq;mq;mq;mq;305.750000;mq;mq;mq;mq;mq;mq;mq;mq;mq;mq;mq;mq;0.000000;0.000000;mq;mq;mq;mq;mq;mq;mq;mq;mq;mq;mq;mq;mq;mq;mq;mq;mq;mq;
81408;20110917000000;101150;mq;mq;80;1.000000;299.150000;296.250000;84;mq;mq;mq;mq;mq;mq;mq;mq;mq;mq;101070;mq;mq;mq;mq;mq;307.150000;mq;mq;mq;mq;mq;mq;mq;mq;mq;mq;mq;mq;0.000000;0.000000;mq;mq;mq;mq;mq;mq;mq;mq;mq;mq;mq;mq;mq;mq;mq;mq;mq;mq;
89642;20110917000000;99240;-10;6;120;6.700000;264.350000;257.350000;53;40000;2;1;1;90;0;8000;30;20;12;98690;mq;mq;mq;260.550000;mq;264.550000;mq;mq;mq;mq;mq;mq;mq;mq;mq;mq;mq;mq;mq;mq;mq;mq;mq;mq;mq;mq;7;0;5400;mq;mq;mq;mq;mq;mq;mq;mq;mq;
07005;20110917030000;101240;-90;8;210;4.100000;286.450000;284.850000;90;mq;mq;mq;mq;mq;mq;mq;mq;mq;mq;100360;mq;mq;mq;mq;mq;mq;mq;mq;mq;mq;mq;8.200000;-10;mq;mq;mq;mq;0.000000;0.000000;mq;mq;mq;710.000000;1108.000000;mq;mq;mq;mq;mq;mq;mq;mq;mq;mq;mq;mq;mq;mq;
07015;20110917030000;101220;-50;7;210;3.100000;285.650000;284.550000;93;30000;0;mq;mq;75;2;800;35;20;11;100660;mq;mq;mq;mq;mq;mq;mq;mq;mq;mq;mq;5.100000;-10;mq;mq;0.000000;-30;0.000000;0.000000;mq;mq;mq;710.000000;1105.000000;3100.000000;mq;2;6;600;6;0;7800;mq;mq;mq;mq;mq;mq;
07020;20110917030000;101240;-160;6;240;10.300000;288.750000;286.050000;84;mq;mq;mq;mq;mq;mq;mq;mq;mq;mq;100980;mq;mq;mq;mq;mq;mq;mq;mq;mq;mq;mq;14.400000;-10;mq;mq;mq;mq;0.000000;0.000000;mq;mq;mq;710.000000;1114.000000;mq;mq;mq;mq;mq;mq;mq;mq;mq;mq;mq;mq;mq;mq;
07027;20110917030000;101390;-120;8;190;4.100000;284.450000;283.650000;95;50000;0;mq;mq;mq;mq;1250;mq;mq;mq;100580;mq;mq;mq;mq;mq;mq;mq;mq;mq;mq;mq;5.700000;-10;mq;mq;mq;mq;0.000000;0.000000;mq;mq;mq;710.000000;1106.000000;mq;mq;mq;mq;mq;mq;mq;mq;mq;mq;mq;mq;mq;mq;
07037;20110917030000;101420;-80;7;210;4.600000;285.350000;284.850000;97;35000;0;mq;mq;100;mq;1250;mq;mq;mq;99600;mq;mq;mq;mq;mq;mq;mq;mq;mq;mq;mq;6.200000;-10;mq;mq;mq;mq;0.000000;0.200000;mq;mq;mq;710.000000;1106.000000;mq;mq;mq;mq;mq;mq;mq;mq;mq;mq;mq;mq;mq;mq;
07110;20110917030000;101430;-120;8;240;6.200000;287.250000;285.450000;89;25000;2;1;1;100;7;450;35;61;60;100300;mq;mq;mq;mq;mq;mq;mq;mq;mq;mq;mq;10.300000;-10;mq;mq;mq;mq;0.000000;0.000000;mq;mq;mq;710.000000;1110.000000;mq;mq;1;6;360;7;6;990;mq;mq;mq;mq;mq;mq;
07117;20110917030000;101340;-150;8;250;7.200000;287.950000;285.250000;84;18000;2;1;1;90;7;800;35;20;10;100650;mq;mq;mq;mq;mq;mq;mq;mq;mq;mq;mq;11.300000;-10;mq;mq;mq;mq;0.000000;0.000000;mq;mq;mq;710.000000;1111.000000;2437.000000;mq;mq;mq;mq;mq;mq;mq;mq;mq;mq;mq;mq;mq;
07130;20110917030000;101560;-120;7;210;2.600000;286.750000;284.950000;89;35000;0;mq;mq;100;mq;1250;mq;mq;mq;101040;mq;mq;mq;mq;mq;mq;mq;mq;mq;mq;mq;4.600000;-10;mq;mq;mq;mq;0.000000;0.000000;mq;mq;mq;710.000000;1105.000000;mq;mq;mq;mq;mq;mq;mq;mq;mq;mq;mq;mq;mq;mq;
07139;20110917030000;101520;-60;8;230;3.600000;286.750000;284.250000;85;mq;mq;mq;mq;mq;mq;mq;mq;mq;mq;99810;mq;mq;mq;mq;mq;mq;mq;mq;mq;mq;mq;5.700000;-10;mq;mq;mq;mq;0.000000;0.000000;mq;mq;mq;710.000000;1106.000000;mq;mq;mq;mq;mq;mq;mq;mq;mq;mq;mq;mq;mq;mq;
07149;20110917030000;101510;-40;7;260;1.500000;286.250000;284.650000;90;18000;2;1;1;60;5;1250;35;20;10;100430;mq;mq;mq;mq;mq;mq;mq;mq;mq;mq;mq;2.600000;-10;mq;mq;0.000000;-30;0.000000;0.000000;mq;mq;mq;710.000000;1103.000000;3100.000000;mq;5;6;990;mq;mq;mq;mq;mq;mq;mq;mq;mq;
07168;20110917030000;101480;-50;8;180;1.500000;289.650000;287.650000;88;20000;0;mq;mq;mq;mq;mq;mq;mq;mq;100090;mq;mq;mq;mq;mq;mq;mq;mq;mq;mq;mq;2.600000;-10;mq;mq;mq;mq;0.000000;0.000000;mq;mq;mq;710.000000;1103.000000;mq;mq;mq;mq;mq;mq;mq;mq;mq;mq;mq;mq;mq;mq;
07181;20110917030000;101490;0;0;250;2.100000;288.350000;287.850000;97;19000;0;mq;mq;mq;mq;450;mq;mq;mq;97490;mq;mq;mq;mq;mq;mq;mq;mq;mq;mq;mq;4.100000;-10;mq;mq;mq;mq;0.000000;0.200000;mq;mq;mq;710.000000;1104.000000;mq;mq;mq;mq;mq;mq;mq;mq;mq;mq;mq;mq;mq;mq;
07190;20110917030000;101470;-50;6;150;1.500000;290.050000;288.750000;92;14000;0;mq;mq;100;mq;1250;mq;mq;mq;99700;mq;mq;mq;mq;mq;mq;mq;mq;mq;mq;mq;3.100000;-10;mq;mq;mq;mq;0.000000;0.000000;mq;mq;mq;710.000000;1103.000000;mq;mq;mq;mq;mq;mq;mq;mq;mq;mq;mq;mq;mq;mq;
07207;20110917030000;mq;mq;mq;280;9.300000;289.150000;284.950000;76;20000;2;1;1;100;8;3500;30;25;10;mq;mq;mq;mq;mq;mq;mq;mq;mq;mq;mq;15.400000;15.400000;-10;mq;mq;mq;mq;0.000000;0.000000;mq;mq;mq;1015.000000;710.000000;1115.000000;2438.000000;mq;mq;mq;mq;mq;mq;mq;mq;mq;mq;mq;mq;
07222;20110917030000;101680;-60;8;210;3.100000;286.050000;284.650000;91;20000;2;1;1;90;7;1250;35;61;60;101370;mq;mq;mq;mq;mq;mq;mq;mq;mq;mq;mq;4.100000;-10;mq;mq;mq;mq;0.000000;0.000000;mq;mq;mq;710.000000;1104.000000;mq;mq;7;6;1380;mq;mq;mq;mq;mq;mq;mq;mq;mq;
07240;20110917030000;101680;-20;7;240;2.600000;285.150000;283.350000;89;30000;2;mq;mq;0;mq;mq;mq;mq;mq;100330;mq;mq;mq;mq;mq;mq;mq;mq;mq;mq;mq;5.700000;-10;mq;mq;0.000000;-30;0.000000;0.000000;mq;mq;mq;710.000000;1106.000000;3100.000000;mq;mq;mq;mq;mq;mq;mq;mq;mq;mq;mq;mq;mq;
07255;20110917030000;101680;0;0;260;3.100000;289.550000;286.250000;81;20000;0;mq;mq;mq;mq;450;mq;mq;mq;99720;mq;mq;mq;mq;mq;mq;mq;mq;mq;mq;mq;6.200000;-10;mq;mq;mq;mq;0.000000;0.000000;mq;mq;mq;710.000000;1106.000000;mq;mq;mq;mq;mq;mq;mq;mq;mq;mq;mq;mq;mq;mq;
07280;20110917030000;101540;-60;8;360;1.500000;289.650000;288.650000;94;11000;0;mq;mq;mq;mq;mq;mq;mq;mq;98880;mq;mq;mq;mq;mq;mq;mq;mq;mq;mq;mq;2.100000;-10;mq;mq;mq;mq;0.000000;0.400000;mq;mq;mq;710.000000;1102.000000;mq;mq;mq;mq;mq;mq;mq;mq;mq;mq;mq;mq;mq;mq;
07299;20110917030000;101580;-70;8;180;2.600000;289.650000;288.350000;92;15000;2;1;1;50;1;2600;35;23;11;98390;mq;mq;mq;mq;mq;mq;mq;mq;mq;mq;mq;4.600000;-10;mq;mq;0.000000;-30;0.000000;0.000000;mq;mq;mq;710.000000;1105.000000;3100.000000;mq;1;6;2400;3;3;4200;mq;mq;mq;mq;mq;mq;
07314;20110917030000;101850;-20;8;310;6.200000;290.950000;286.650000;76;mq;mq;mq;mq;mq;mq;mq;mq;mq;mq;101580;mq;mq;mq;mq;mq;mq;mq;mq;mq;mq;mq;8.200000;-10;mq;mq;mq;mq;0.000000;0.000000;mq;mq;mq;710.000000;1108.000000;mq;mq;mq;mq;mq;mq;mq;mq;mq;mq;mq;mq;mq;mq;
07335;20110917030000;101820;0;0;220;2.600000;284.750000;283.950000;95;50000;0;mq;mq;mq;mq;800;mq;mq;mq;100370;mq;mq;mq;mq;mq;mq;mq;mq;mq;mq;mq;3.100000;-10;mq;mq;mq;mq;0.000000;0.000000;mq;mq;mq;710.000000;1103.000000;mq;mq;mq;mq;mq;mq;mq;mq;mq;mq;mq;mq;mq;mq;
07434;20110917030000;101820;20;0;290;2.100000;287.350000;286.350000;94;19000;0;mq;mq;100;mq;250;mq;mq;mq;97110;mq;mq;mq;mq;mq;mq;mq;mq;mq;mq;mq;5.700000;-10;mq;mq;mq;mq;0.000000;0.000000;mq;mq;mq;710.000000;1106.000000;mq;mq;mq;mq;mq;mq;mq;mq;mq;mq;mq;mq;mq;mq;
07460;20110917030000;101660;0;5;350;1.500000;290.050000;287.850000;87;15000;61;mq;mq;90;4;1750;33;28;60;97870;mq;mq;mq;mq;mq;mq;mq;mq;mq;mq;mq;2.100000;-10;mq;mq;0.000000;-30;0.000000;0.000000;mq;mq;mq;710.000000;1102.000000;3100.000000;mq;1;9;1800;3;6;1800;6;3;2400;mq;mq;mq;
07471;20110917030000;mq;-50;6;0;0.000000;285.550000;285.250000;98;15000;0;mq;mq;mq;mq;mq;mq;mq;mq;92260;85000;17760;mq;mq;mq;mq;mq;mq;mq;mq;mq;2.100000;-10;mq;mq;mq;mq;0.000000;0.000000;mq;mq;mq;710.000000;1102.000000;mq;mq;mq;mq;mq;mq;mq;mq;mq;mq;mq;mq;mq;mq;
07481;20110917030000;101550;-100;7;160;2.100000;290.950000;287.850000;82;20000;2;1;1;25;2;3500;30;28;10;98760;mq;mq;mq;mq;mq;mq;mq;mq;mq;mq;mq;5.100000;-10;mq;mq;0.000000;-30;0.000000;0.000000;mq;mq;mq;710.000000;1105.000000;3100.000000;mq;2;3;2400;mq;mq;mq;mq;mq;mq;mq;mq;mq;
07510;20110917030000;101880;-20;8;270;0.500000;290.050000;289.250000;95;15000;2;1;1;90;5;800;35;28;60;101240;mq;mq;mq;mq;mq;mq;mq;mq;mq;mq;mq;2.100000;-10;mq;mq;0.000000;-30;0.000000;0.000000;mq;mq;mq;710.000000;1102.000000;3100.000000;mq;5;6;780;5;3;3600;mq;mq;mq;mq;mq;mq;
07535;20110917030000;101810;-40;5;290;1.000000;289.450000;288.450000;94;mq;mq;mq;mq;mq;mq;mq;mq;mq;mq;98750;mq;mq;mq;mq;mq;mq;mq;mq;mq;mq;mq;3.600000;-10;mq;mq;mq;mq;0.000000;0.000000;mq;mq;mq;710.000000;1104.000000;mq;mq;mq;mq;mq;mq;mq;mq;mq;mq;mq;mq;mq;mq;
07558;20110917030000;101700;0;0;230;4.100000;289.950000;289.150000;95;mq;mq;mq;mq;mq;mq;mq;mq;mq;mq;93600;mq;mq;mq;mq;mq;mq;mq;mq;mq;mq;mq;5.700000;-10;mq;mq;mq;mq;0.000000;0.000000;mq;mq;mq;710.000000;1106.000000;mq;mq;mq;mq;mq;mq;mq;mq;mq;mq;mq;mq;mq;mq;
07577;20110917030000;101630;-60;7;230;0.500000;289.650000;288.550000;93;20000;0;mq;mq;mq;mq;mq;mq;mq;mq;100750;mq;mq;mq;mq;mq;mq;mq;mq;mq;mq;mq;1.000000;-10;mq;mq;mq;mq;0.000000;0.000000;mq;mq;mq;710.000000;1101.000000;mq;mq;mq;mq;mq;mq;mq;mq;mq;mq;mq;mq;mq;mq;
07591;20110917030000;mq;-90;6;40;3.600000;288.250000;281.250000;63;mq;0;mq;mq;mq;mq;mq;mq;mq;mq;91850;mq;mq;mq;mq;mq;mq;mq;mq;mq;mq;mq;8.200000;-10;mq;mq;mq;mq;0.000000;0.000000;mq;mq;mq;710.000000;1108.000000;mq;mq;mq;mq;mq;mq;mq;mq;mq;mq;mq;mq;mq;mq;
07607;20110917030000;101890;-30;8;360;0.500000;290.850000;289.550000;92;19000;0;mq;mq;100;mq;1250;mq;mq;mq;101190;mq;mq;mq;mq;mq;mq;mq;mq;mq;mq;mq;2.100000;-10;mq;mq;mq;mq;0.000000;0.000000;mq;mq;mq;710.000000;1102.000000;mq;mq;mq;mq;mq;mq;mq;mq;mq;mq;mq;mq;mq;mq;
07621;20110917030000;101850;-40;8;10;1.500000;290.350000;289.850000;97;3000;51;mq;mq;100;8;80;36;61;60;97630;mq;mq;mq;mq;mq;mq;mq;mq;mq;mq;mq;2.600000;-10;mq;mq;0.000000;-30;0.600000;1.000000;mq;mq;mq;710.000000;1103.000000;3100.000000;mq;3;7;90;5;7;150;8;7;300;mq;mq;mq;
07627;20110917030000;101800;-70;6;0;0.000000;291.550000;289.850000;90;mq;mq;mq;mq;mq;mq;mq;mq;mq;mq;97070;mq;mq;mq;mq;mq;mq;mq;mq;mq;mq;mq;1.500000;-10;mq;mq;mq;mq;0.000000;0.000000;mq;mq;mq;710.000000;1102.000000;mq;mq;mq;mq;mq;mq;mq;mq;mq;mq;mq;mq;mq;mq;
07630;20110917030000;101800;-50;6;290;3.100000;292.850000;288.750000;77;30000;3;6;2;90;2;1250;32;23;60;100050;mq;mq;mq;mq;mq;mq;mq;mq;mq;mq;mq;4.600000;-10;mq;mq;0.000000;-30;0.000000;0.000000;mq;mq;mq;710.000000;1105.000000;3100.000000;mq;2;6;1290;7;3;3900;mq;mq;mq;mq;mq;mq;
07643;20110917030000;101630;-30;8;350;1.500000;292.650000;291.450000;93;10000;2;1;1;25;2;450;37;20;10;101540;mq;mq;mq;mq;mq;mq;mq;mq;mq;mq;mq;2.100000;-10;mq;mq;mq;mq;0.000000;0.000000;mq;mq;mq;710.000000;1102.000000;mq;mq;2;7;300;mq;mq;mq;mq;mq;mq;mq;mq;mq;
07650;20110917030000;101600;-60;8;90;1.500000;295.050000;291.850000;82;15000;0;mq;mq;90;7;450;38;61;60;101230;mq;mq;mq;mq;mq;mq;mq;mq;mq;mq;mq;2.600000;-10;mq;mq;0.000000;-30;0.000000;0.000000;mq;mq;mq;710.000000;1103.000000;3100.000000;mq;3;8;390;7;6;1290;mq;mq;mq;mq;mq;mq;
07661;20110917030000;101600;-40;7;340;5.100000;294.150000;291.150000;83;15000;2;1;1;25;2;2250;30;21;10;100050;mq;mq;mq;mq;mq;mq;mq;mq;mq;mq;mq;7.700000;-10;mq;mq;mq;mq;0.000000;0.000000;mq;mq;mq;710.000000;1108.000000;mq;mq;2;4;1800;mq;mq;mq;mq;mq;mq;mq;mq;mq;
07690;20110917030000;101610;-30;5;330;4.100000;294.250000;290.050000;77;35000;2;1;1;10;1;450;35;20;10;101280;mq;mq;mq;mq;mq;mq;mq;mq;mq;mq;mq;5.700000;-10;mq;mq;0.000000;-30;0.000000;0.000000;mq;mq;mq;710.000000;1106.000000;3100.000000;mq;1;6;450;mq;mq;mq;mq;mq;mq;mq;mq;mq;
07747;20110917030000;101640;-50;8;240;1.500000;292.850000;290.850000;88;26000;0;mq;mq;mq;mq;mq;mq;mq;mq;101120;mq;mq;mq;mq;mq;mq;mq;mq;mq;mq;mq;1.500000;-10;mq;mq;mq;mq;0.000000;0.000000;mq;mq;mq;710.000000;1102.000000;mq;mq;mq;mq;mq;mq;mq;mq;mq;mq;mq;mq;mq;mq;
07761;20110917030000;101640;-60;6;40;3.100000;289.050000;285.250000;78;20000;2;1;1;0;mq;mq;mq;mq;mq;101530;mq;mq;mq;mq;mq;mq;mq;mq;mq;mq;mq;5.100000;-10;mq;mq;0.000000;-30;0.000000;0.000000;mq;mq;mq;710.000000;1105.000000;3100.000000;mq;mq;mq;mq;mq;mq;mq;mq;mq;mq;mq;mq;mq;
07790;20110917030000;101610;-50;7;210;2.600000;292.250000;289.250000;83;15000;0;mq;mq;0;mq;mq;mq;mq;mq;101470;mq;mq;mq;mq;mq;mq;mq;mq;mq;mq;mq;4.100000;-10;mq;mq;0.000000;-30;0.000000;0.000000;mq;mq;mq;710.000000;1104.000000;3100.000000;mq;mq;mq;mq;mq;mq;mq;mq;mq;mq;mq;mq;mq;
61968;20110917030000;101520;mq;mq;110;2.100000;295.250000;293.550000;90;mq;mq;mq;mq;mq;mq;mq;mq;mq;mq;mq;mq;mq;40;mq;mq;mq;mq;mq;mq;mq;mq;10.300000;-10;mq;mq;mq;mq;0.600000;0.600000;mq;mq;mq;710.000000;1110.000000;mq;mq;mq;mq;mq;mq;mq;mq;mq;mq;mq;mq;mq;mq;
61970;20110917030000;101730;mq;mq;mq;mq;298.250000;294.550000;80;mq;mq;mq;mq;mq;mq;mq;mq;mq;mq;mq;mq;mq;100;mq;mq;mq;mq;mq;mq;mq;mq;mq;mq;mq;mq;mq;mq;0.000000;0.000000;mq;mq;mq;mq;mq;mq;mq;mq;mq;mq;mq;mq;mq;mq;mq;mq;mq;mq;mq;
61972;20110917030000;102190;mq;mq;180;7.700000;294.350000;287.550000;65;mq;mq;mq;mq;mq;mq;mq;mq;mq;mq;mq;mq;mq;670;mq;mq;mq;mq;mq;mq;mq;mq;15.400000;-10;mq;mq;mq;mq;0.000000;0.000000;mq;mq;mq;710.000000;1115.000000;mq;mq;mq;mq;mq;mq;mq;mq;mq;mq;mq;mq;mq;mq;
61976;20110917030000;101570;mq;mq;110;4.100000;296.450000;293.350000;83;mq;mq;mq;mq;mq;mq;mq;mq;mq;mq;101420;mq;mq;mq;mq;mq;mq;mq;mq;mq;mq;mq;mq;mq;mq;mq;mq;mq;mq;mq;mq;mq;mq;mq;mq;mq;mq;mq;mq;mq;mq;mq;mq;mq;mq;mq;mq;mq;mq;
61980;20110917030000;101810;mq;mq;180;3.100000;293.050000;291.150000;89;10000;2;8;1;50;4;800;38;20;10;mq;mq;mq;mq;mq;mq;mq;mq;mq;mq;mq;mq;4.100000;-10;mq;mq;mq;mq;0.000000;0.000000;mq;mq;mq;710.000000;1104.000000;2437.000000;mq;3;8;690;mq;mq;mq;mq;mq;mq;mq;mq;mq;
61996;20110917030000;mq;mq;mq;mq;mq;286.350000;mq;mq;mq;mq;mq;mq;mq;mq;mq;mq;mq;mq;mq;mq;mq;440;mq;mq;mq;mq;mq;mq;mq;mq;mq;mq;mq;mq;mq;mq;0.000000;0.000000;mq;mq;mq;mq;mq;mq;mq;mq;mq;mq;mq;mq;mq;mq;mq;mq;mq;mq;mq;
61997;20110917030000;97800;mq;mq;170;23.100000;273.750000;273.450000;98;mq;mq;mq;mq;mq;mq;mq;mq;mq;mq;mq;mq;mq;mq;mq;mq;mq;mq;mq;mq;mq;mq;30.900000;-30;mq;mq;mq;mq;mq;2.000000;mq;mq;mq;1131.000000;mq;mq;mq;mq;mq;mq;mq;mq;mq;mq;mq;mq;mq;mq;mq;
61998;20110917030000;100160;mq;mq;60;4.100000;273.550000;272.850000;95;900;71;2;2;100;3;450;35;22;60;mq;mq;mq;730;mq;mq;mq;mq;mq;mq;mq;mq;5.700000;-10;mq;mq;mq;mq;0.200000;0.200000;mq;mq;mq;710.000000;1106.000000;mq;mq;3;6;480;8;4;3000;mq;mq;mq;mq;mq;mq;
67005;20110917030000;101570;mq;mq;240;2.600000;296.650000;294.350000;87;20000;2;1;1;25;2;800;38;20;10;mq;mq;mq;20;mq;mq;mq;mq;mq;mq;mq;mq;3.100000;-10;mq;mq;mq;mq;0.000000;0.000000;mq;mq;mq;710.000000;1103.000000;mq;mq;2;8;600;mq;mq;mq;mq;mq;mq;mq;mq;mq;
71805;20110917030000;101120;210;2;260;10.300000;285.950000;280.350000;69;20000;0;mq;mq;mq;mq;1250;mq;mq;mq;101040;mq;mq;mq;mq;mq;mq;mq;mq;mq;mq;mq;18.500000;-10;mq;mq;mq;mq;0.000000;0.000000;mq;mq;mq;710.000000;1119.000000;mq;mq;mq;mq;mq;mq;mq;mq;mq;mq;mq;mq;mq;mq;
78897;20110917030000;101440;40;0;110;5.700000;298.050000;294.550000;81;12000;80;8;6;90;5;450;32;20;12;mq;mq;mq;mq;mq;mq;mq;mq;mq;mq;mq;mq;mq;mq;mq;mq;mq;mq;mq;mq;mq;mq;mq;mq;mq;mq;mq;1;8;540;4;8;600;mq;mq;mq;mq;mq;mq;
78922;20110917030000;101320;-20;8;120;7.200000;300.650000;295.850000;75;mq;mq;mq;mq;mq;mq;mq;mq;mq;mq;100880;mq;mq;mq;mq;mq;mq;mq;mq;mq;mq;mq;mq;mq;mq;mq;mq;mq;mq;mq;mq;mq;mq;mq;mq;mq;mq;mq;mq;mq;mq;mq;mq;mq;mq;mq;mq;mq;mq;
78925;20110917030000;101350;-60;8;40;1.500000;297.750000;295.850000;89;8000;2;1;1;90;3;800;38;20;12;mq;mq;mq;mq;mq;mq;mq;mq;mq;mq;mq;mq;mq;mq;mq;mq;mq;mq;mq;mq;mq;mq;mq;mq;mq;mq;mq;2;8;690;6;0;7800;mq;mq;mq;mq;mq;mq;
81401;20110917030000;101270;mq;mq;0;0.000000;297.550000;296.350000;93;mq;mq;mq;mq;mq;mq;mq;mq;mq;mq;101210;mq;mq;mq;mq;mq;mq;mq;mq;mq;mq;mq;mq;mq;mq;mq;mq;mq;mq;0.000000;mq;mq;mq;mq;mq;mq;mq;mq;mq;mq;mq;mq;mq;mq;mq;mq;mq;mq;mq;
81405;20110917030000;101330;mq;mq;0;0.000000;297.150000;296.650000;97;17000;0;mq;mq;mq;mq;mq;mq;mq;mq;101240;mq;mq;mq;mq;mq;mq;mq;mq;mq;mq;mq;mq;mq;mq;mq;mq;mq;mq;0.000000;mq;mq;mq;mq;mq;mq;mq;mq;mq;mq;mq;mq;mq;mq;mq;mq;mq;mq;mq;
81408;20110917030000;101290;mq;mq;0;0.000000;296.750000;296.050000;96;mq;mq;mq;mq;mq;mq;mq;mq;mq;mq;101210;mq;mq;mq;mq;mq;mq;mq;mq;mq;mq;mq;mq;mq;mq;mq;mq;mq;mq;0.000000;mq;mq;mq;mq;mq;mq;mq;mq;mq;mq;mq;mq;mq;mq;mq;mq;mq;mq;mq;
89642;20110917030000;99220;-20;6;120;6.200000;265.150000;257.850000;52;40000;2;1;1;75;0;8000;30;20;12;98670;mq;mq;mq;mq;mq;mq;mq;mq;mq;mq;mq;mq;mq;mq;mq;mq;mq;mq;mq;mq;mq;mq;mq;mq;mq;mq;6;0;5400;mq;mq;mq;mq;mq;mq;mq;mq;mq;
07005;20110917060000;101180;-60;8;200;5.100000;286.350000;285.050000;92;30000;2;1;1;90;5;800;35;20;12;100300;mq;mq;mq;285.550000;mq;289.750000;mq;285.150000;mq;mq;mq;7.700000;-10;0;0.000000;mq;mq;0.000000;0.000000;mq;0.000000;0.000000;710.000000;1108.000000;mq;mq;5;6;600;7;0;6900;mq;mq;mq;mq;mq;mq;
07015;20110917060000;101170;-50;6;210;4.600000;286.550000;284.750000;89;20000;3;mq;mq;90;7;800;35;61;60;100610;mq;mq;mq;285.550000;mq;293.550000;mq;284.150000;mq;mq;mq;8.200000;-10;1;0.000000;0.000000;-60;0.000000;0.000000;mq;0.000000;0.000000;710.000000;1108.000000;3100.000000;mq;7;6;690;mq;mq;mq;mq;mq;mq;mq;mq;mq;
07020;20110917060000;101100;-140;6;240;10.800000;288.450000;286.650000;89;8000;60;6;2;100;8;800;37;61;60;100840;mq;mq;mq;287.650000;mq;289.450000;mq;mq;mq;mq;mq;17.000000;-10;mq;mq;mq;mq;0.000000;0.000000;mq;0.000000;0.000000;710.000000;1117.000000;mq;mq;3;7;780;5;8;990;mq;mq;mq;mq;mq;mq;
07027;20110917060000;101250;-130;8;190;5.100000;286.350000;284.250000;87;50000;2;1;1;90;6;1250;35;20;12;100450;mq;mq;mq;283.350000;mq;289.150000;mq;280.150000;mq;mq;mq;7.700000;-10;0;0.000000;0.000000;-60;0.000000;0.000000;mq;0.000000;0.000000;710.000000;1108.000000;3100.000000;mq;6;6;1440;7;0;6900;mq;mq;mq;mq;mq;mq;
07037;20110917060000;101320;-90;6;210;4.600000;285.850000;284.750000;93;15000;2;1;1;90;7;1250;35;61;60;99510;mq;mq;mq;284.450000;mq;290.750000;mq;282.150000;mq;mq;mq;6.700000;-10;0;0.000000;0.000000;-60;0.000000;0.000000;mq;0.200000;1.000000;710.000000;1107.000000;3100.000000;mq;7;6;1230;mq;mq;mq;mq;mq;mq;mq;mq;mq;
07110;20110917060000;101310;-120;6;230;6.200000;286.850000;285.750000;93;20000;21;6;2;100;7;250;35;61;60;100180;mq;mq;mq;286.750000;mq;288.750000;mq;286.150000;mq;mq;mq;11.800000;-10;1;0.000000;mq;mq;1.000000;1.000000;mq;1.000000;1.400000;710.000000;1112.000000;mq;mq;3;7;270;7;6;1380;mq;mq;mq;mq;mq;mq;
07117;20110917060000;101230;-110;6;240;6.700000;286.850000;285.550000;92;15000;2;1;1;100;8;800;35;20;10;100540;mq;mq;mq;286.850000;mq;289.050000;mq;mq;mq;mq;mq;13.400000;-10;mq;mq;mq;mq;0.200000;0.200000;mq;0.200000;mq;710.000000;1113.000000;2437.000000;mq;mq;mq;mq;mq;mq;mq;mq;mq;mq;mq;mq;mq;
07130;20110917060000;101460;-90;6;220;3.100000;287.350000;285.350000;88;45000;0;mq;mq;100;mq;800;mq;mq;mq;100950;mq;mq;mq;284.950000;mq;292.250000;mq;282.150000;mq;mq;mq;5.100000;-10;0;0.000000;mq;mq;0.000000;0.000000;mq;0.000000;0.000000;710.000000;1105.000000;mq;mq;mq;mq;mq;mq;mq;mq;mq;mq;mq;mq;mq;mq;
07139;20110917060000;101460;-70;6;200;3.100000;286.350000;283.350000;82;30000;2;1;1;90;7;450;38;61;60;99740;mq;mq;mq;284.850000;mq;291.850000;mq;281.150000;mq;mq;mq;5.700000;-10;1;0.000000;0.000000;-60;0.000000;0.000000;mq;0.000000;0.000000;710.000000;1106.000000;3100.000000;mq;1;8;390;7;6;1290;mq;mq;mq;mq;mq;mq;
07149;20110917060000;101480;-30;5;240;1.500000;286.550000;284.750000;89;20000;2;1;1;90;7;800;35;61;60;100400;mq;mq;mq;285.950000;mq;294.850000;mq;282.150000;mq;mq;mq;3.100000;-10;0;0.000000;0.000000;-60;0.000000;0.000000;mq;0.000000;0.000000;710.000000;1103.000000;3100.000000;mq;2;6;900;7;6;1200;mq;mq;mq;mq;mq;mq;
07168;20110917060000;101460;-20;5;250;2.100000;289.050000;287.450000;90;20000;2;1;1;90;7;800;35;61;60;100070;mq;mq;mq;288.850000;mq;293.250000;mq;288.150000;mq;mq;mq;3.600000;-10;1;0.000000;0.000000;-60;0.000000;0.000000;mq;0.000000;0.600000;710.000000;1104.000000;3100.000000;mq;6;6;600;5;6;900;mq;mq;mq;mq;mq;mq;
07181;20110917060000;101430;-40;5;220;3.100000;289.150000;288.650000;97;14000;0;mq;mq;100;mq;450;mq;mq;mq;97450;mq;mq;mq;288.350000;mq;291.550000;mq;287.150000;mq;mq;mq;3.600000;-10;mq;mq;mq;mq;0.000000;0.000000;mq;2.000000;3.000000;710.000000;1104.000000;mq;mq;mq;mq;mq;mq;mq;mq;mq;mq;mq;mq;mq;mq;
07190;20110917060000;101460;-10;5;220;2.100000;289.750000;288.650000;93;11000;0;mq;mq;100;mq;mq;mq;mq;mq;99690;mq;mq;mq;289.150000;mq;291.150000;mq;288.150000;mq;mq;mq;3.100000;-10;1;0.000000;mq;mq;0.000000;0.000000;mq;0.200000;0.200000;710.000000;1103.000000;mq;mq;mq;mq;mq;mq;mq;mq;mq;mq;mq;mq;mq;mq;
07207;20110917060000;mq;mq;mq;280;8.700000;290.250000;284.050000;67;20000;2;1;1;100;2;450;31;25;10;mq;mq;mq;mq;288.850000;mq;290.350000;mq;mq;mq;mq;mq;14.900000;-10;mq;mq;mq;mq;0.000000;0.000000;mq;0.000000;mq;710.000000;1115.000000;2438.000000;mq;mq;mq;mq;mq;mq;mq;mq;mq;mq;mq;mq;mq;
07222;20110917060000;101580;-100;6;230;2.600000;287.950000;286.150000;89;12000;1;6;2;90;7;1250;35;61;60;101270;mq;mq;mq;284.650000;mq;290.850000;mq;278.150000;mq;mq;mq;4.600000;-10;0;0.000000;mq;mq;0.000000;0.000000;mq;0.000000;0.000000;710.000000;1105.000000;mq;mq;4;6;990;7;6;1200;mq;mq;mq;mq;mq;mq;
07240;20110917060000;101640;-40;5;210;2.600000;284.550000;283.450000;93;20000;1;mq;mq;10;1;1250;35;20;11;100290;mq;mq;mq;284.150000;mq;293.750000;mq;283.150000;mq;mq;mq;4.100000;-10;0;0.000000;0.000000;-60;0.000000;0.000000;mq;0.000000;0.600000;710.000000;1104.000000;3100.000000;mq;1;6;1200;mq;mq;mq;mq;mq;mq;mq;mq;mq;
07255;20110917060000;101690;-10;7;250;2.600000;286.950000;283.750000;81;30000;2;1;1;40;3;1250;35;20;10;99710;mq;mq;mq;286.950000;mq;296.250000;mq;286.150000;mq;mq;mq;5.100000;-10;0;0.000000;0.000000;-60;0.000000;0.000000;mq;0.000000;0.200000;710.000000;1105.000000;3100.000000;mq;3;6;1080;mq;mq;mq;mq;mq;mq;mq;mq;mq;
07280;20110917060000;101530;-20;8;0;0.000000;288.650000;288.050000;96;5000;0;mq;mq;90;mq;2250;mq;mq;mq;98860;mq;mq;mq;288.550000;mq;293.950000;mq;287.150000;mq;mq;mq;2.100000;-10;1;0.000000;mq;mq;0.000000;0.000000;mq;0.400000;0.600000;710.000000;1102.000000;mq;mq;mq;mq;mq;mq;mq;mq;mq;mq;mq;mq;mq;mq;
07299;20110917060000;101500;-70;8;130;2.100000;289.650000;289.150000;97;7000;25;8;6;60;3;450;32;28;11;98320;mq;mq;mq;288.850000;mq;293.950000;mq;288.150000;mq;mq;mq;6.200000;-10;1;0.000000;0.000000;-60;0.600000;0.600000;mq;2.000000;1.600000;710.000000;1106.000000;3100.000000;mq;2;8;540;4;3;3000;mq;mq;mq;mq;mq;mq;
07314;20110917060000;101750;-100;6;270;5.700000;290.950000;286.850000;77;20000;2;1;1;90;7;1250;35;61;60;101480;mq;mq;mq;290.750000;mq;291.950000;mq;mq;mq;mq;mq;7.700000;-10;0;0.000000;mq;mq;0.000000;0.000000;mq;0.000000;0.200000;710.000000;1108.000000;2438.000000;mq;3;8;1200;4;6;1290;mq;mq;mq;mq;mq;mq;
07335;20110917060000;101750;-60;6;200;1.500000;285.350000;284.550000;95;30000;2;1;1;75;6;1250;35;20;10;100310;mq;mq;mq;284.450000;mq;293.250000;mq;283.150000;mq;mq;mq;2.600000;-10;0;0.000000;mq;mq;0.000000;0.000000;mq;0.000000;0.000000;710.000000;1103.000000;mq;mq;6;6;1260;mq;mq;mq;mq;mq;mq;mq;mq;mq;
07434;20110917060000;101780;-50;5;280;0.500000;286.550000;285.450000;93;25000;2;1;1;75;3;250;35;20;11;97060;mq;mq;mq;286.550000;mq;293.050000;mq;285.150000;mq;mq;mq;2.100000;-10;0;0.000000;0.000000;-60;0.000000;0.000000;mq;0.000000;0.000000;710.000000;1102.000000;3100.000000;mq;1;7;210;3;6;660;mq;mq;mq;mq;mq;mq;
07460;20110917060000;101630;-40;7;0;0.000000;288.750000;288.250000;97;15000;1;mq;mq;60;2;1750;35;28;12;97830;mq;mq;mq;288.250000;mq;295.350000;mq;287.150000;mq;mq;mq;1.500000;-10;1;0.000000;0.000000;-60;0.000000;0.000000;mq;0.200000;0.400000;710.000000;1102.000000;3100.000000;mq;2;6;1800;3;3;2400;5;0;6900;mq;mq;mq;
07471;20110917060000;mq;0;5;310;1.500000;286.850000;286.550000;98;15000;95;9;8;90;5;800;39;27;60;92260;85000;17760;mq;284.850000;mq;292.450000;mq;282.150000;mq;mq;mq;3.100000;-10;1;0.000000;0.000000;-60;0.000000;0.200000;mq;0.200000;0.200000;710.000000;1103.000000;3100.000000;mq;3;9;900;3;8;1200;5;3;2700;mq;mq;mq;
07481;20110917060000;101630;60;3;340;0.500000;289.850000;287.450000;86;15000;2;1;1;90;5;2250;30;28;12;98820;mq;mq;mq;289.350000;mq;298.350000;mq;286.150000;mq;mq;mq;3.100000;-10;0;0.000000;0.000000;-60;0.000000;0.000000;mq;0.000000;0.000000;710.000000;1103.000000;3100.000000;mq;5;3;2100;6;0;7500;mq;mq;mq;mq;mq;mq;
07510;20110917060000;101830;-50;6;180;1.000000;288.950000;288.750000;99;10000;11;2;2;90;6;1250;35;23;11;101190;mq;mq;mq;288.550000;mq;293.350000;mq;286.150000;mq;mq;mq;1.500000;-10;0;0.000000;0.000000;-60;0.000000;0.000000;mq;0.000000;0.000000;710.000000;1102.000000;3100.000000;mq;6;6;1200;3;0;7800;mq;mq;mq;mq;mq;mq;
07535;20110917060000;101830;10;3;280;0.500000;288.750000;287.950000;95;10000;3;6;2;100;8;800;35;61;60;98760;mq;mq;mq;288.750000;mq;299.250000;mq;288.150000;mq;mq;mq;2.100000;-10;1;0.000000;0.000000;-60;0.000000;0.400000;mq;0.400000;0.400000;710.000000;1102.000000;3100.000000;mq;8;6;630;mq;mq;mq;mq;mq;mq;mq;mq;mq;
07558;20110917060000;101660;-70;6;190;2.600000;288.850000;288.350000;97;4000;25;9;8;75;3;80;35;27;60;93530;mq;mq;mq;288.850000;mq;294.950000;mq;288.150000;mq;mq;mq;6.200000;-10;1;0.000000;0.000000;-60;0.200000;0.200000;mq;0.200000;0.200000;710.000000;1106.000000;3100.000000;mq;1;7;30;3;6;300;6;3;3300;mq;mq;mq;
07577;20110917060000;101620;0;5;0;0.000000;290.050000;289.250000;95;15000;2;1;1;90;6;800;35;27;60;100750;mq;mq;mq;288.650000;mq;299.250000;mq;287.150000;mq;mq;mq;2.100000;-10;1;0.000000;0.000000;-60;0.000000;0.000000;mq;0.000000;0.000000;710.000000;1102.000000;3100.000000;mq;6;6;900;6;3;2400;mq;mq;mq;mq;mq;mq;
07591;20110917060000;mq;-10;5;60;2.600000;287.350000;280.850000;65;mq;0;mq;mq;mq;mq;mq;mq;mq;mq;91840;mq;mq;mq;287.350000;mq;296.550000;mq;285.150000;mq;mq;mq;7.200000;-10;mq;mq;mq;mq;0.000000;0.000000;mq;0.000000;0.000000;710.000000;1107.000000;mq;mq;mq;mq;mq;mq;mq;mq;mq;mq;mq;mq;mq;mq;
07607;20110917060000;101870;-20;5;0;0.000000;290.450000;289.150000;92;19000;0;mq;mq;100;mq;1250;mq;mq;mq;101170;mq;mq;mq;290.450000;mq;295.150000;mq;290.150000;mq;mq;mq;1.500000;-10;mq;mq;mq;mq;0.000000;0.200000;mq;4.000000;3.900000;710.000000;1102.000000;mq;mq;mq;mq;mq;mq;mq;mq;mq;mq;mq;mq;mq;mq;
07621;20110917060000;101830;-20;5;180;1.000000;290.550000;290.050000;97;3000;50;mq;mq;100;8;80;36;61;60;97610;mq;mq;mq;290.050000;mq;294.850000;mq;290.150000;mq;mq;mq;1.500000;-10;2;0.000000;0.000000;-60;0.200000;0.600000;mq;4.000000;4.600000;710.000000;1102.000000;3100.000000;mq;2;7;60;8;7;150;mq;mq;mq;mq;mq;mq;
07627;20110917060000;101830;10;3;340;2.100000;290.150000;288.850000;92;3000;50;5;2;100;8;150;36;61;60;97080;mq;mq;mq;290.150000;mq;295.550000;mq;290.150000;mq;mq;mq;3.600000;-10;2;0.000000;0.000000;-60;0.000000;0.200000;mq;0.200000;0.200000;710.000000;1104.000000;3100.000000;mq;8;7;90;mq;mq;mq;mq;mq;mq;mq;mq;mq;
07630;20110917060000;101830;20;3;320;4.600000;291.750000;288.450000;81;30000;1;6;2;100;7;800;35;61;60;100070;mq;mq;mq;291.750000;mq;301.150000;mq;292.150000;mq;mq;mq;6.700000;-10;0;0.000000;0.000000;-60;0.000000;0.000000;mq;0.000000;0.000000;710.000000;1107.000000;3100.000000;mq;2;6;660;7;6;1290;mq;mq;mq;mq;mq;mq;
07643;20110917060000;101580;-50;5;360;2.100000;291.950000;291.450000;97;300;47;4;1;101;mq;mq;62;61;60;101490;mq;mq;mq;291.750000;mq;296.150000;mq;291.150000;mq;mq;mq;3.100000;-10;1;0.000000;mq;mq;0.000000;0.000000;mq;0.000000;0.000000;710.000000;1103.000000;mq;mq;mq;mq;mq;mq;mq;mq;mq;mq;mq;mq;mq;mq;
07650;20110917060000;101560;-40;5;50;1.000000;294.750000;291.350000;81;10000;1;mq;mq;90;7;450;38;61;60;101190;mq;mq;mq;292.850000;mq;297.150000;mq;291.150000;mq;mq;mq;3.600000;-10;0;0.000000;0.000000;-60;0.000000;0.000000;mq;0.000000;0.000000;710.000000;1104.000000;3100.000000;mq;2;8;480;7;6;1200;mq;mq;mq;mq;mq;mq;
07661;20110917060000;101560;-40;6;360;1.000000;293.950000;289.950000;78;17000;2;1;1;90;7;2250;30;27;10;100010;mq;mq;mq;293.650000;mq;296.250000;mq;mq;mq;mq;mq;3.600000;-10;mq;mq;mq;mq;0.000000;0.000000;mq;0.000000;0.000000;710.000000;1104.000000;mq;mq;7;3;1800;mq;mq;mq;mq;mq;mq;mq;mq;mq;
07690;20110917060000;101610;0;5;330;3.600000;294.050000;288.850000;72;40000;2;1;1;25;1;450;38;20;12;101280;mq;mq;mq;293.750000;mq;297.550000;mq;293.150000;mq;mq;mq;5.100000;-10;0;0.000000;0.000000;-60;0.000000;0.000000;mq;0.000000;0.000000;710.000000;1105.000000;3100.000000;mq;1;8;480;mq;mq;mq;mq;mq;mq;mq;mq;mq;
07747;20110917060000;101630;-10;5;240;2.600000;292.450000;289.250000;82;25000;2;1;1;50;4;3500;30;23;11;101110;mq;mq;mq;292.350000;mq;296.850000;mq;290.150000;mq;mq;mq;3.600000;-10;0;0.000000;0.000000;-60;0.000000;0.000000;mq;0.000000;0.000000;710.000000;1104.000000;3100.000000;mq;4;3;7500;mq;mq;mq;mq;mq;mq;mq;mq;mq;
07761;20110917060000;101630;-10;5;50;3.600000;290.550000;285.050000;70;30000;2;1;1;0;mq;mq;mq;mq;mq;101520;mq;mq;mq;288.450000;mq;297.250000;mq;288.150000;mq;mq;mq;4.600000;-10;0;0.000000;0.000000;-60;0.000000;0.000000;mq;0.000000;0.000000;710.000000;1105.000000;3100.000000;mq;mq;mq;mq;mq;mq;mq;mq;mq;mq;mq;mq;mq;
07790;20110917060000;101620;10;3;210;3.600000;293.950000;288.050000;69;15000;2;1;1;10;1;450;36;20;10;101480;mq;mq;mq;291.850000;mq;296.450000;mq;291.150000;mq;mq;mq;6.700000;-10;0;0.000000;0.000000;-60;0.000000;0.000000;mq;0.000000;0.000000;710.000000;1107.000000;3100.000000;mq;1;7;300;mq;mq;mq;mq;mq;mq;mq;mq;mq;
61968;20110917060000;101670;mq;mq;170;1.000000;299.750000;294.250000;72;mq;mq;mq;mq;mq;mq;mq;mq;mq;mq;mq;mq;mq;mq;294.950000;mq;mq;mq;mq;mq;mq;mq;2.100000;-10;mq;mq;mq;mq;0.000000;mq;mq;mq;0.600000;710.000000;1102.000000;mq;mq;mq;mq;mq;mq;mq;mq;mq;mq;mq;mq;mq;mq;
61970;20110917060000;101870;mq;mq;mq;mq;300.250000;293.850000;68;mq;mq;mq;mq;mq;mq;mq;mq;mq;mq;mq;mq;mq;mq;297.050000;mq;mq;mq;mq;mq;mq;mq;mq;mq;mq;mq;mq;mq;0.000000;mq;mq;mq;0.000000;mq;mq;mq;mq;mq;mq;mq;mq;mq;mq;mq;mq;mq;mq;mq;mq;
61972;20110917060000;102290;mq;mq;170;8.700000;297.050000;288.550000;59;mq;mq;mq;mq;mq;mq;mq;mq;mq;mq;mq;mq;mq;mq;294.150000;mq;mq;mq;mq;mq;mq;mq;14.400000;-10;mq;mq;mq;mq;0.000000;mq;mq;mq;0.800000;710.000000;1114.000000;mq;mq;mq;mq;mq;mq;mq;mq;mq;mq;mq;mq;mq;mq;
61976;20110917060000;101700;mq;mq;90;3.100000;299.150000;293.750000;72;mq;mq;mq;mq;mq;mq;mq;mq;mq;mq;101550;mq;mq;mq;mq;mq;mq;mq;mq;mq;mq;mq;mq;mq;mq;mq;mq;mq;mq;mq;mq;mq;mq;mq;mq;mq;mq;mq;mq;mq;mq;mq;mq;mq;mq;mq;mq;mq;mq;
61980;20110917060000;101830;mq;mq;60;2.100000;297.050000;291.250000;70;10000;1;8;1;50;1;800;38;23;10;mq;mq;mq;mq;292.550000;mq;mq;mq;291.150000;mq;mq;mq;5.100000;-10;mq;mq;mq;mq;0.000000;mq;mq;mq;3.000000;710.000000;1105.000000;2437.000000;mq;1;8;780;4;3;3000;mq;mq;mq;mq;mq;mq;
61996;20110917060000;mq;mq;mq;mq;mq;286.250000;mq;mq;mq;mq;mq;mq;mq;mq;mq;mq;mq;mq;mq;mq;mq;mq;281.150000;mq;mq;mq;279.150000;mq;mq;mq;mq;mq;mq;mq;mq;mq;0.000000;mq;mq;mq;1.000000;mq;mq;mq;mq;mq;mq;mq;mq;mq;mq;mq;mq;mq;mq;mq;mq;
61997;20110917060000;98060;mq;mq;180;26.200000;273.750000;273.350000;97;mq;mq;mq;mq;mq;mq;mq;mq;mq;mq;mq;mq;mq;mq;273.650000;mq;mq;mq;274.150000;mq;mq;mq;34.500000;-60;mq;mq;mq;mq;mq;mq;mq;mq;11.000000;1134.000000;mq;mq;mq;mq;mq;mq;mq;mq;mq;mq;mq;mq;mq;mq;mq;
61998;20110917060000;99480;mq;mq;70;6.700000;273.250000;272.850000;97;500;71;7;2;100;3;450;35;22;60;mq;mq;mq;mq;273.150000;mq;mq;mq;272.150000;mq;mq;mq;9.800000;-10;mq;mq;mq;mq;0.600000;mq;mq;mq;2.000000;710.000000;1110.000000;mq;mq;3;6;480;8;5;2700;mq;mq;mq;mq;mq;mq;
67005;20110917060000;101720;mq;mq;200;5.100000;301.150000;293.950000;65;20000;2;1;1;25;2;800;32;20;10;mq;mq;mq;mq;295.350000;mq;mq;mq;293.150000;mq;mq;mq;6.700000;-10;mq;mq;mq;mq;0.000000;mq;mq;mq;0.000000;710.000000;1107.000000;mq;mq;2;8;690;mq;mq;mq;mq;mq;mq;mq;mq;mq;
71805;20110917060000;101140;20;2;260;11.800000;286.050000;279.850000;66;29000;0;mq;mq;mq;mq;1250;mq;mq;mq;101060;mq;mq;mq;mq;285.350000;mq;288.750000;285.150000;mq;mq;17.000000;19.500000;-10;mq;mq;mq;mq;0.000000;0.000000;mq;0.000000;58.800000;1017.000000;710.000000;1120.000000;mq;mq;mq;mq;mq;mq;mq;mq;mq;mq;mq;mq;mq;
78897;20110917060000;101270;-170;6;100;2.100000;296.950000;295.550000;92;20000;25;8;6;60;3;800;38;20;12;mq;mq;mq;mq;mq;296.550000;mq;304.750000;275.150000;mq;mq;mq;mq;mq;mq;mq;mq;mq;mq;mq;0.600000;mq;5.000000;mq;mq;mq;mq;3;8;600;3;0;7800;mq;mq;mq;mq;mq;mq;
78922;20110917060000;101200;-120;8;130;6.700000;300.450000;295.450000;74;mq;mq;mq;mq;mq;mq;mq;mq;mq;mq;100760;mq;mq;mq;mq;mq;mq;mq;mq;mq;mq;mq;mq;mq;mq;mq;mq;mq;mq;mq;mq;mq;mq;mq;mq;mq;mq;mq;mq;mq;mq;mq;mq;mq;mq;mq;mq;mq;mq;
78925;20110917060000;101210;-140;8;150;1.000000;297.350000;296.450000;95;35000;0;mq;mq;mq;mq;1250;mq;mq;mq;mq;mq;mq;mq;mq;297.150000;mq;303.950000;mq;mq;mq;mq;mq;mq;mq;mq;mq;mq;mq;mq;0.000000;mq;3.000000;mq;mq;mq;mq;mq;mq;mq;mq;mq;mq;mq;mq;mq;mq;mq;mq;
81401;20110917060000;101110;mq;mq;150;0.500000;296.450000;295.650000;95;mq;mq;mq;mq;mq;mq;mq;mq;mq;mq;101050;mq;mq;mq;mq;mq;mq;mq;mq;mq;mq;mq;mq;mq;mq;mq;mq;mq;mq;0.000000;0.000000;mq;mq;mq;mq;mq;mq;mq;mq;mq;mq;mq;mq;mq;mq;mq;mq;mq;mq;
81405;20110917060000;101120;mq;mq;140;1.000000;296.550000;296.250000;98;18000;0;mq;mq;mq;mq;800;mq;mq;mq;101030;mq;mq;mq;mq;mq;mq;mq;295.150000;mq;mq;mq;mq;mq;mq;mq;mq;mq;mq;0.000000;0.000000;mq;mq;mq;mq;mq;mq;mq;mq;mq;mq;mq;mq;mq;mq;mq;mq;mq;mq;
81408;20110917060000;101130;mq;mq;0;0.000000;295.650000;295.150000;97;mq;mq;mq;mq;mq;mq;mq;mq;mq;mq;101050;mq;mq;mq;mq;mq;mq;mq;mq;mq;mq;mq;mq;mq;mq;mq;mq;mq;mq;0.000000;0.000000;mq;mq;mq;mq;mq;mq;mq;mq;mq;mq;mq;mq;mq;mq;mq;mq;mq;mq;
89642;20110917060000;99160;-60;5;130;10.300000;264.250000;256.150000;48;40000;2;1;1;90;0;8000;30;20;12;98610;mq;mq;mq;mq;mq;mq;mq;mq;mq;mq;17.000000;17.000000;-60;mq;mq;mq;mq;mq;mq;mq;mq;mq;1017.000000;1117.000000;mq;mq;7;0;4800;mq;mq;mq;mq;mq;mq;mq;mq;mq;
07005;20110917090000;101110;-70;8;200;5.700000;287.950000;284.350000;79;30000;2;1;1;90;3;800;38;23;60;100230;mq;mq;mq;mq;mq;mq;mq;mq;mq;mq;mq;8.700000;-10;mq;mq;0.000000;-30;0.000000;0.000000;mq;mq;mq;710.000000;1109.000000;3100.000000;mq;1;8;600;3;6;1500;6;3;3000;mq;mq;mq;
07015;20110917090000;101110;-60;6;220;6.200000;288.750000;284.950000;78;40000;2;1;1;100;7;450;38;61;60;100550;mq;mq;mq;mq;mq;mq;mq;mq;mq;mq;mq;9.300000;-10;mq;mq;0.000000;-30;0.000000;0.000000;mq;mq;mq;710.000000;1109.000000;3100.000000;mq;1;8;480;7;6;1500;mq;mq;mq;mq;mq;mq;
07020;20110917090000;101030;-70;7;240;12.300000;287.050000;285.650000;91;4000;60;6;6;100;8;800;36;61;60;100770;mq;mq;mq;mq;mq;mq;mq;mq;mq;mq;mq;17.500000;-10;mq;mq;mq;mq;0.000000;0.000000;mq;mq;mq;710.000000;1117.000000;mq;mq;5;7;600;mq;mq;mq;mq;mq;mq;mq;mq;mq;
07027;20110917090000;101220;-30;7;210;6.700000;287.950000;285.050000;83;40000;2;1;1;90;7;800;35;61;60;100420;mq;mq;mq;mq;mq;mq;mq;mq;mq;mq;mq;10.800000;-10;mq;mq;0.000000;-30;0.000000;0.200000;mq;mq;mq;710.000000;1111.000000;3100.000000;mq;2;6;660;5;6;1380;7;6;1800;mq;mq;mq;
07037;20110917090000;101250;-60;6;210;6.700000;287.650000;284.650000;82;15000;2;1;1;90;7;1250;35;61;60;99450;mq;mq;mq;mq;mq;mq;mq;mq;mq;mq;mq;9.800000;-10;mq;mq;0.000000;-30;0.000000;0.000000;mq;mq;mq;710.000000;1110.000000;3100.000000;mq;7;6;1410;mq;mq;mq;mq;mq;mq;mq;mq;mq;
07110;20110917090000;101250;-60;8;250;5.700000;287.750000;285.950000;89;12000;21;6;2;100;7;250;35;61;60;100120;mq;mq;mq;mq;mq;mq;mq;mq;mq;mq;mq;13.900000;-10;mq;mq;mq;mq;0.200000;0.400000;mq;mq;mq;710.000000;1114.000000;mq;mq;2;7;240;7;6;1290;mq;mq;mq;mq;mq;mq;
07117;20110917090000;101120;-110;7;250;8.700000;288.250000;286.650000;90;15000;25;6;2;100;8;450;38;20;10;100430;mq;mq;mq;mq;mq;mq;mq;mq;mq;mq;mq;15.900000;-10;mq;mq;mq;mq;0.000000;0.000000;mq;mq;mq;710.000000;1116.000000;2437.000000;mq;mq;mq;mq;mq;mq;mq;mq;mq;mq;mq;mq;mq;
07130;20110917090000;101390;-70;8;220;5.700000;289.850000;285.950000;78;45000;0;mq;mq;90;mq;1750;mq;mq;mq;100880;mq;mq;mq;mq;mq;mq;mq;mq;mq;mq;mq;9.300000;-10;mq;mq;mq;mq;0.000000;0.000000;mq;mq;mq;710.000000;1109.000000;mq;mq;mq;mq;mq;mq;mq;mq;mq;mq;mq;mq;mq;mq;
07139;20110917090000;101420;-30;6;240;6.200000;287.750000;284.550000;81;11000;50;5;2;100;7;250;37;61;60;99710;mq;mq;mq;mq;mq;mq;mq;mq;mq;mq;mq;10.300000;-10;mq;mq;0.000000;-30;0.000000;0.000000;mq;mq;mq;710.000000;1110.000000;3100.000000;mq;7;7;240;mq;mq;mq;mq;mq;mq;mq;mq;mq;
07149;20110917090000;101420;-40;8;230;5.700000;289.950000;284.050000;68;25000;2;1;1;100;7;1250;35;61;60;100360;mq;mq;mq;mq;mq;mq;mq;mq;mq;mq;mq;7.700000;-10;mq;mq;0.000000;-30;0.000000;0.000000;mq;mq;mq;710.000000;1108.000000;3100.000000;mq;1;6;990;7;6;1200;mq;mq;mq;mq;mq;mq;
07168;20110917090000;101530;70;3;260;7.200000;290.350000;286.650000;79;25000;2;1;1;90;7;450;38;61;60;100140;mq;mq;mq;mq;mq;mq;mq;mq;mq;mq;mq;9.300000;-10;mq;mq;0.000000;-30;0.000000;0.000000;mq;mq;mq;710.000000;1109.000000;3100.000000;mq;4;8;480;5;6;990;mq;mq;mq;mq;mq;mq;
07181;20110917090000;101410;0;5;220;5.100000;290.650000;289.150000;91;19000;0;mq;mq;100;mq;450;mq;mq;mq;97450;mq;mq;mq;mq;mq;mq;mq;mq;mq;mq;mq;7.700000;-10;mq;mq;mq;mq;0.000000;0.400000;mq;mq;mq;710.000000;1108.000000;mq;mq;mq;mq;mq;mq;mq;mq;mq;mq;mq;mq;mq;mq;
07190;20110917090000;101350;-80;6;190;5.100000;294.850000;289.550000;72;40000;0;mq;mq;90;mq;1750;mq;mq;mq;99610;mq;mq;mq;mq;mq;mq;mq;mq;mq;mq;mq;8.700000;-10;mq;mq;mq;mq;0.000000;0.000000;mq;mq;mq;710.000000;1109.000000;mq;mq;mq;mq;mq;mq;mq;mq;mq;mq;mq;mq;mq;mq;
07207;20110917090000;mq;mq;mq;270;10.800000;289.850000;285.750000;77;20000;2;1;1;100;2;450;31;25;10;mq;mq;mq;mq;mq;mq;mq;mq;mq;mq;mq;mq;15.400000;-10;mq;mq;mq;mq;0.000000;0.000000;mq;mq;mq;710.000000;1115.000000;2438.000000;mq;mq;mq;mq;mq;mq;mq;mq;mq;mq;mq;mq;mq;
07222;20110917090000;101590;10;3;250;4.600000;289.350000;287.050000;86;20000;80;8;6;90;7;450;38;61;60;101280;mq;mq;mq;mq;mq;mq;mq;mq;mq;mq;mq;8.200000;-10;mq;mq;mq;mq;0.000000;0.400000;mq;mq;mq;710.000000;1108.000000;mq;mq;3;8;480;3;6;900;6;6;1290;mq;mq;mq;
07240;20110917090000;101590;-20;8;210;4.100000;289.650000;284.950000;74;60000;0;mq;mq;100;mq;1250;mq;mq;mq;100270;mq;mq;mq;mq;mq;mq;mq;mq;mq;mq;mq;8.200000;-10;mq;mq;mq;mq;0.000000;0.000000;mq;mq;mq;710.000000;1108.000000;mq;mq;mq;mq;mq;mq;mq;mq;mq;mq;mq;mq;mq;mq;
07255;20110917090000;101720;60;1;270;3.100000;290.550000;282.750000;60;30000;2;1;1;60;4;800;32;20;12;99770;mq;mq;mq;mq;mq;mq;mq;mq;mq;mq;mq;7.700000;-10;mq;mq;0.000000;-30;0.000000;0.000000;mq;mq;mq;710.000000;1108.000000;3100.000000;mq;4;8;780;3;0;7500;mq;mq;mq;mq;mq;mq;
07280;20110917090000;101510;20;3;240;1.000000;292.250000;290.250000;88;19000;0;mq;mq;100;mq;250;mq;mq;mq;98880;mq;mq;mq;mq;mq;mq;mq;mq;mq;mq;mq;2.600000;-10;mq;mq;mq;mq;0.000000;0.000000;mq;mq;mq;710.000000;1103.000000;mq;mq;mq;mq;mq;mq;mq;mq;mq;mq;mq;mq;mq;mq;
07299;20110917090000;101490;30;1;160;3.100000;293.250000;289.850000;81;25000;15;2;2;90;2;450;32;28;12;98350;mq;mq;mq;mq;mq;mq;mq;mq;mq;mq;mq;5.700000;-10;mq;mq;0.000000;-30;0.000000;0.000000;mq;mq;mq;710.000000;1106.000000;3100.000000;mq;1;8;450;5;3;2700;mq;mq;mq;mq;mq;mq;
07314;20110917090000;101800;50;3;240;6.700000;291.750000;285.750000;68;20000;2;1;1;75;6;1250;38;20;10;101530;mq;mq;mq;mq;mq;mq;mq;mq;mq;mq;mq;9.300000;-10;mq;mq;mq;mq;0.000000;0.000000;mq;mq;mq;710.000000;1109.000000;2438.000000;mq;2;8;1200;4;6;1500;mq;mq;mq;mq;mq;mq;
07335;20110917090000;101740;10;0;210;5.100000;290.050000;284.950000;72;30000;2;1;1;90;6;1250;35;20;12;100320;mq;mq;mq;mq;mq;mq;mq;mq;mq;mq;mq;7.200000;-10;mq;mq;mq;mq;0.000000;0.000000;mq;mq;mq;710.000000;1107.000000;mq;mq;6;6;1230;5;0;7800;mq;mq;mq;mq;mq;mq;
07434;20110917090000;101790;40;0;180;1.500000;288.450000;285.950000;85;20000;2;1;1;90;7;450;38;61;60;97100;mq;mq;mq;mq;mq;mq;mq;mq;mq;mq;mq;3.100000;-10;mq;mq;0.000000;-30;0.000000;0.000000;mq;mq;mq;710.000000;1103.000000;3100.000000;mq;4;8;300;5;6;780;mq;mq;mq;mq;mq;mq;
07460;20110917090000;101650;40;3;40;2.100000;290.850000;289.550000;92;15000;2;1;1;90;7;250;35;61;60;97870;mq;mq;mq;mq;mq;mq;mq;mq;mq;mq;mq;3.600000;-10;mq;mq;0.000000;-30;0.000000;0.000000;mq;mq;mq;710.000000;1104.000000;3100.000000;mq;1;7;180;5;6;390;5;6;1290;mq;mq;mq;
07471;20110917090000;mq;-60;5;90;1.500000;291.050000;288.350000;84;25000;1;9;8;90;1;1250;32;27;60;92200;85000;17700;mq;mq;mq;mq;mq;mq;mq;mq;mq;3.100000;-10;mq;mq;0.000000;-30;0.000000;0.400000;mq;mq;mq;710.000000;1103.000000;3100.000000;mq;1;8;1200;7;3;2700;mq;mq;mq;mq;mq;mq;
07481;20110917090000;101580;-30;8;160;2.100000;291.450000;289.650000;89;12000;29;9;8;90;1;1750;35;28;12;98790;mq;mq;mq;mq;mq;mq;mq;mq;mq;mq;mq;3.600000;-10;mq;mq;0.000000;-30;0.000000;1.000000;mq;mq;mq;710.000000;1104.000000;3100.000000;mq;1;6;1500;5;3;3300;6;0;7500;mq;mq;mq;
07510;20110917090000;101840;10;0;210;2.600000;292.550000;289.250000;81;45000;0;mq;mq;90;mq;450;mq;mq;mq;101200;mq;mq;mq;mq;mq;mq;mq;mq;mq;mq;mq;4.100000;-10;mq;mq;mq;mq;0.000000;0.000000;mq;mq;mq;710.000000;1104.000000;mq;mq;mq;mq;mq;mq;mq;mq;mq;mq;mq;mq;mq;mq;
07535;20110917090000;101830;30;3;270;1.500000;291.250000;287.950000;81;15000;2;1;1;90;7;800;38;61;60;98790;mq;mq;mq;mq;mq;mq;mq;mq;mq;mq;mq;3.600000;-10;mq;mq;0.000000;-30;0.000000;0.000000;mq;mq;mq;710.000000;1104.000000;3100.000000;mq;4;8;630;7;6;690;mq;mq;mq;mq;mq;mq;
07558;20110917090000;101630;60;1;210;2.100000;292.250000;288.950000;81;mq;mq;mq;mq;mq;mq;mq;mq;mq;mq;93590;mq;mq;mq;mq;mq;mq;mq;mq;mq;mq;mq;4.100000;-10;mq;mq;mq;mq;0.000000;0.000000;mq;mq;mq;710.000000;1104.000000;mq;mq;mq;mq;mq;mq;mq;mq;mq;mq;mq;mq;mq;mq;
07577;20110917090000;101550;-50;8;210;2.100000;296.850000;291.750000;73;20000;2;1;1;75;4;800;32;27;60;100700;mq;mq;mq;mq;mq;mq;mq;mq;mq;mq;mq;3.600000;-10;mq;mq;0.000000;-30;0.000000;0.000000;mq;mq;mq;710.000000;1104.000000;3100.000000;mq;1;8;900;4;6;1200;5;3;2400;mq;mq;mq;
07591;20110917090000;mq;-70;8;60;2.600000;293.950000;281.550000;45;mq;0;mq;mq;mq;mq;mq;mq;mq;mq;91770;mq;mq;mq;mq;mq;mq;mq;mq;mq;mq;mq;5.100000;-10;mq;mq;mq;mq;0.000000;0.000000;mq;mq;mq;710.000000;1105.000000;mq;mq;mq;mq;mq;mq;mq;mq;mq;mq;mq;mq;mq;mq;
07607;20110917090000;101870;10;2;80;0.500000;292.350000;289.250000;82;40000;0;mq;mq;100;mq;1750;mq;mq;mq;101180;mq;mq;mq;mq;mq;mq;mq;mq;mq;mq;mq;1.500000;-10;mq;mq;mq;mq;0.000000;0.000000;mq;mq;mq;710.000000;1102.000000;mq;mq;mq;mq;mq;mq;mq;mq;mq;mq;mq;mq;mq;mq;
07621;20110917090000;101870;30;1;20;1.000000;289.550000;288.950000;96;4000;50;5;5;100;8;250;37;61;60;97640;mq;mq;mq;mq;mq;mq;mq;mq;mq;mq;mq;2.100000;-10;mq;mq;0.000000;-30;0.200000;1.000000;mq;mq;mq;710.000000;1102.000000;3100.000000;mq;8;7;240;mq;mq;mq;mq;mq;mq;mq;mq;mq;
07627;20110917090000;101830;0;4;310;0.500000;290.650000;288.950000;90;3500;20;5;2;100;7;150;37;61;60;97080;mq;mq;mq;mq;mq;mq;mq;mq;mq;mq;mq;3.100000;-10;mq;mq;0.000000;-30;0.000000;0.800000;mq;mq;mq;710.000000;1103.000000;3100.000000;mq;7;7;150;mq;mq;mq;mq;mq;mq;mq;mq;mq;
07630;20110917090000;101850;30;2;310;2.600000;292.650000;288.550000;77;40000;0;mq;mq;100;mq;450;mq;mq;mq;100100;mq;mq;mq;mq;mq;mq;mq;mq;mq;mq;mq;4.600000;-10;mq;mq;mq;mq;0.200000;0.400000;mq;mq;mq;710.000000;1105.000000;mq;mq;mq;mq;mq;mq;mq;mq;mq;mq;mq;mq;mq;mq;
07643;20110917090000;101600;20;0;130;2.100000;296.150000;293.850000;87;6000;1;4;1;50;1;250;36;23;12;101510;mq;mq;mq;mq;mq;mq;mq;mq;mq;mq;mq;3.100000;-10;mq;mq;mq;mq;0.000000;0.000000;mq;mq;mq;710.000000;1103.000000;mq;mq;1;7;240;mq;mq;mq;mq;mq;mq;mq;mq;mq;
07650;20110917090000;101560;0;5;300;2.100000;299.250000;291.950000;64;12000;2;1;1;50;2;1250;35;20;12;101190;mq;mq;mq;mq;mq;mq;mq;mq;mq;mq;mq;3.600000;-10;mq;mq;0.000000;-30;0.000000;0.000000;mq;mq;mq;710.000000;1104.000000;3100.000000;mq;2;6;990;3;0;7500;mq;mq;mq;mq;mq;mq;
07661;20110917090000;101580;40;3;250;2.100000;298.450000;293.250000;73;18000;2;1;1;90;3;1250;32;27;10;100050;mq;mq;mq;mq;mq;mq;mq;mq;mq;mq;mq;4.100000;-10;mq;mq;mq;mq;0.000000;0.000000;mq;mq;mq;710.000000;1104.000000;mq;mq;3;8;1200;4;3;1800;mq;mq;mq;mq;mq;mq;
07690;20110917090000;101610;10;3;90;2.100000;298.550000;292.250000;68;40000;2;1;1;25;2;450;32;20;12;101290;mq;mq;mq;mq;mq;mq;mq;mq;mq;mq;mq;2.600000;-10;mq;mq;0.000000;-30;0.000000;0.000000;mq;mq;mq;710.000000;1103.000000;3100.000000;mq;2;8;480;mq;mq;mq;mq;mq;mq;mq;mq;mq;
07747;20110917090000;101630;10;3;300;3.600000;299.250000;289.750000;56;25000;2;1;1;75;2;1250;38;28;12;101120;mq;mq;mq;mq;mq;mq;mq;mq;mq;mq;mq;7.200000;-10;mq;mq;0.000000;-30;0.000000;0.000000;mq;mq;mq;710.000000;1107.000000;3100.000000;mq;1;8;990;5;3;7500;mq;mq;mq;mq;mq;mq;
07761;20110917090000;101670;50;2;210;2.100000;298.750000;288.450000;53;20000;2;1;1;10;1;800;31;20;11;101570;mq;mq;mq;mq;mq;mq;mq;mq;mq;mq;mq;3.100000;-10;mq;mq;0.000000;-30;0.000000;0.000000;mq;mq;mq;710.000000;1103.000000;3100.000000;mq;1;8;600;mq;mq;mq;mq;mq;mq;mq;mq;mq;
07790;20110917090000;101670;50;2;90;2.100000;299.650000;293.050000;67;15000;2;1;1;10;1;800;31;20;10;101530;mq;mq;mq;mq;mq;mq;mq;mq;mq;mq;mq;4.100000;-10;mq;mq;0.000000;-30;0.000000;0.000000;mq;mq;mq;710.000000;1104.000000;3100.000000;mq;1;8;600;mq;mq;mq;mq;mq;mq;mq;mq;mq;
61968;20110917090000;101540;mq;mq;180;1.000000;300.750000;293.550000;65;mq;mq;mq;mq;mq;mq;mq;mq;mq;mq;mq;mq;mq;mq;mq;mq;mq;mq;mq;mq;mq;mq;3.100000;-10;mq;mq;mq;mq;0.000000;0.000000;mq;mq;mq;710.000000;1103.000000;mq;mq;mq;mq;mq;mq;mq;mq;mq;mq;mq;mq;mq;mq;
61970;20110917090000;101810;mq;mq;mq;mq;301.450000;294.450000;66;mq;mq;mq;mq;mq;mq;mq;mq;mq;mq;mq;mq;mq;70;mq;mq;mq;mq;mq;mq;mq;mq;mq;mq;mq;mq;mq;mq;0.000000;0.000000;mq;mq;mq;mq;mq;mq;mq;mq;mq;mq;mq;mq;mq;mq;mq;mq;mq;mq;mq;
61972;20110917090000;102310;mq;mq;170;7.700000;298.450000;286.650000;48;mq;mq;mq;mq;mq;mq;mq;mq;mq;mq;mq;mq;mq;560;mq;mq;mq;mq;mq;mq;mq;mq;13.400000;-10;mq;mq;mq;mq;0.000000;0.000000;mq;mq;mq;710.000000;1113.000000;mq;mq;mq;mq;mq;mq;mq;mq;mq;mq;mq;mq;mq;mq;
61976;20110917090000;101560;mq;mq;190;3.100000;298.950000;293.250000;71;mq;mq;mq;mq;mq;mq;mq;mq;mq;mq;101410;mq;mq;mq;mq;mq;mq;mq;mq;mq;mq;mq;mq;mq;mq;mq;mq;mq;mq;mq;mq;mq;mq;mq;mq;mq;mq;mq;mq;mq;mq;mq;mq;mq;mq;mq;mq;mq;mq;
61980;20110917090000;101700;mq;mq;330;2.100000;298.350000;292.050000;68;10000;2;1;1;40;1;800;32;23;10;mq;mq;mq;mq;mq;mq;mq;mq;mq;mq;mq;mq;3.600000;-10;mq;mq;mq;mq;0.000000;0.000000;mq;mq;mq;710.000000;1104.000000;2437.000000;mq;2;8;780;3;3;3000;mq;mq;mq;mq;mq;mq;
61996;20110917090000;mq;mq;mq;mq;mq;287.250000;mq;mq;mq;mq;mq;mq;mq;mq;mq;mq;mq;mq;mq;mq;mq;170;mq;mq;mq;mq;mq;mq;mq;mq;mq;mq;mq;mq;mq;mq;0.000000;0.000000;mq;mq;mq;mq;mq;mq;mq;mq;mq;mq;mq;mq;mq;mq;mq;mq;mq;mq;mq;
61997;20110917090000;98630;mq;mq;180;22.100000;273.850000;273.250000;96;mq;mq;mq;mq;mq;mq;mq;mq;mq;mq;mq;mq;mq;mq;mq;mq;mq;mq;mq;mq;mq;mq;32.400000;-30;mq;mq;mq;mq;mq;0.200000;mq;mq;mq;1132.000000;mq;mq;mq;mq;mq;mq;mq;mq;mq;mq;mq;mq;mq;mq;mq;
61998;20110917090000;98840;mq;mq;80;4.100000;273.450000;273.050000;97;500;71;7;2;100;4;450;35;22;60;mq;mq;mq;mq;mq;mq;mq;mq;mq;mq;mq;mq;5.700000;-10;mq;mq;mq;mq;0.400000;2.000000;mq;mq;mq;710.000000;1106.000000;mq;mq;4;6;480;8;5;2700;mq;mq;mq;mq;mq;mq;
67005;20110917090000;101550;mq;mq;200;7.700000;302.650000;294.350000;61;20000;2;1;1;40;2;800;38;23;10;mq;mq;mq;mq;mq;mq;mq;mq;mq;mq;mq;mq;9.800000;-10;mq;mq;mq;mq;0.000000;0.000000;mq;mq;mq;710.000000;1110.000000;mq;mq;2;8;690;mq;mq;mq;mq;mq;mq;mq;mq;mq;
71805;20110917090000;101250;110;3;260;13.400000;283.850000;281.650000;86;15000;80;8;6;60;5;800;32;20;10;101170;mq;mq;mq;mq;mq;mq;mq;mq;mq;mq;20.100000;21.100000;-10;mq;mq;0.000000;-30;0.200000;1.000000;mq;mq;mq;1020.000000;710.000000;1121.000000;3100.000000;5;8;900;mq;mq;mq;mq;mq;mq;mq;mq;mq;
78897;20110917090000;101240;-30;6;110;2.100000;296.250000;294.850000;92;35000;0;mq;mq;mq;mq;mq;mq;mq;mq;mq;mq;mq;mq;mq;mq;mq;mq;mq;mq;mq;mq;mq;mq;mq;mq;mq;mq;mq;mq;mq;mq;mq;mq;mq;mq;mq;mq;mq;mq;mq;mq;mq;mq;mq;mq;mq;mq;mq;
78922;20110917090000;101160;-40;5;150;4.600000;300.450000;294.450000;70;mq;mq;mq;mq;mq;mq;mq;mq;mq;mq;100720;mq;mq;mq;mq;mq;mq;mq;mq;mq;mq;mq;mq;mq;mq;mq;mq;mq;mq;mq;mq;mq;mq;mq;mq;mq;mq;mq;mq;mq;mq;mq;mq;mq;mq;mq;mq;mq;mq;
78925;20110917090000;101190;-20;5;120;1.000000;296.850000;296.350000;97;35000;0;mq;mq;mq;mq;800;mq;mq;mq;mq;mq;mq;mq;mq;mq;mq;mq;mq;mq;mq;mq;mq;mq;mq;mq;mq;mq;mq;mq;mq;mq;mq;mq;mq;mq;mq;mq;mq;mq;mq;mq;mq;mq;mq;mq;mq;mq;mq;
81401;20110917090000;101170;mq;mq;200;0.500000;295.950000;295.150000;95;mq;mq;mq;mq;mq;mq;mq;mq;mq;mq;101110;mq;mq;mq;mq;mq;mq;mq;mq;mq;mq;mq;mq;mq;mq;mq;mq;mq;mq;0.000000;mq;mq;mq;mq;mq;mq;mq;mq;mq;mq;mq;mq;mq;mq;mq;mq;mq;mq;mq;
81405;20110917090000;101180;mq;mq;0;0.000000;296.050000;295.750000;98;18000;0;mq;mq;mq;mq;800;mq;mq;mq;101090;mq;mq;mq;mq;mq;mq;mq;mq;mq;mq;mq;mq;mq;mq;mq;mq;mq;mq;0.000000;mq;mq;mq;mq;mq;mq;mq;mq;mq;mq;mq;mq;mq;mq;mq;mq;mq;mq;mq;
81408;20110917090000;101160;mq;mq;0;0.000000;295.150000;294.850000;98;mq;mq;mq;mq;mq;mq;mq;mq;mq;mq;101080;mq;mq;mq;mq;mq;mq;mq;mq;mq;mq;mq;mq;mq;mq;mq;mq;mq;mq;0.000000;mq;mq;mq;mq;mq;mq;mq;mq;mq;mq;mq;mq;mq;mq;mq;mq;mq;mq;mq;
89642;20110917090000;99210;50;3;130;9.300000;263.050000;255.750000;51;40000;2;1;1;90;0;8000;30;20;12;98660;mq;mq;mq;mq;mq;mq;mq;mq;mq;mq;mq;17.000000;-30;mq;mq;mq;mq;mq;mq;mq;mq;mq;1117.000000;mq;mq;mq;7;0;4800;mq;mq;mq;mq;mq;mq;mq;mq;mq;
07005;20110917120000;101030;-70;7;200;7.200000;289.050000;284.650000;75;30000;2;1;1;100;7;800;35;61;60;100160;mq;mq;mq;mq;mq;mq;mq;mq;mq;mq;mq;12.300000;-10;mq;mq;0.000000;-60;0.000000;0.000000;0.000000;mq;mq;710.000000;1112.000000;3100.000000;mq;7;6;600;mq;mq;mq;mq;mq;mq;mq;mq;mq;
07015;20110917120000;100980;-120;8;210;6.700000;289.750000;284.050000;69;40000;2;1;1;100;7;800;38;61;60;100430;mq;mq;mq;mq;mq;mq;mq;mq;mq;mq;mq;12.300000;-10;mq;mq;0.000000;-60;0.000000;0.000000;0.000000;mq;mq;710.000000;1112.000000;3100.000000;mq;4;8;690;7;6;1440;mq;mq;mq;mq;mq;mq;
07020;20110917120000;100940;-90;8;240;11.800000;289.150000;285.350000;78;14000;2;6;2;100;8;800;37;61;60;100680;mq;mq;mq;mq;mq;mq;mq;mq;mq;mq;mq;15.400000;-10;mq;mq;mq;mq;0.000000;0.000000;0.000000;mq;mq;710.000000;1115.000000;mq;mq;8;7;780;mq;mq;mq;mq;mq;mq;mq;mq;mq;
07027;20110917120000;101080;-130;7;210;7.200000;290.550000;286.050000;75;40000;2;1;1;90;7;800;35;61;60;100290;mq;mq;mq;mq;mq;mq;mq;mq;mq;mq;mq;11.800000;-10;mq;mq;0.000000;-60;0.000000;0.000000;0.200000;mq;mq;710.000000;1112.000000;3100.000000;mq;5;6;720;7;6;1800;mq;mq;mq;mq;mq;mq;
07037;20110917120000;101150;-90;8;220;7.700000;289.150000;285.350000;78;15000;2;1;1;90;7;800;38;61;60;99360;mq;mq;mq;mq;mq;mq;mq;mq;mq;mq;mq;10.800000;-10;mq;mq;0.000000;-60;0.000000;0.000000;0.000000;mq;mq;710.000000;1111.000000;3100.000000;mq;6;8;690;7;6;1230;mq;mq;mq;mq;mq;mq;
07110;20110917120000;101160;-80;8;250;7.200000;288.750000;284.950000;78;17000;61;mq;mq;100;mq;800;mq;mq;mq;100040;mq;mq;mq;mq;mq;mq;mq;mq;mq;mq;mq;13.400000;-10;mq;mq;mq;mq;0.000000;0.000000;0.400000;mq;mq;710.000000;1113.000000;mq;mq;mq;mq;mq;mq;mq;mq;mq;mq;mq;mq;mq;mq;
07117;20110917120000;101060;-60;8;260;8.200000;289.250000;283.750000;70;12000;2;6;2;100;8;450;38;20;10;100370;mq;mq;mq;mq;mq;mq;mq;mq;mq;mq;13.400000;14.900000;-10;mq;mq;mq;mq;0.000000;0.000000;0.000000;mq;mq;1013.000000;710.000000;1115.000000;2437.000000;mq;mq;mq;mq;mq;mq;mq;mq;mq;mq;mq;mq;
07130;20110917120000;101270;-120;8;220;5.700000;291.350000;286.650000;74;35000;0;mq;mq;90;mq;800;mq;mq;mq;100760;mq;mq;mq;mq;mq;mq;mq;mq;mq;mq;mq;10.300000;-10;mq;mq;mq;mq;0.000000;0.000000;0.000000;mq;mq;710.000000;1110.000000;mq;mq;mq;mq;mq;mq;mq;mq;mq;mq;mq;mq;mq;mq;
07139;20110917120000;101270;-130;8;230;6.200000;289.650000;284.150000;70;40000;15;6;5;100;7;450;38;61;60;99580;mq;mq;mq;mq;mq;mq;mq;mq;mq;mq;mq;10.300000;-10;mq;mq;0.000000;-60;0.000000;0.000000;0.000000;mq;mq;710.000000;1110.000000;3100.000000;mq;6;8;450;7;6;1200;mq;mq;mq;mq;mq;mq;
07149;20110917120000;101320;-100;8;230;5.100000;290.650000;284.250000;66;25000;2;1;1;90;7;800;38;61;60;100260;mq;mq;mq;mq;mq;mq;mq;mq;mq;mq;mq;11.300000;-10;mq;mq;0.000000;-60;0.000000;0.000000;0.000000;mq;mq;710.000000;1111.000000;3100.000000;mq;3;8;780;6;6;1290;mq;mq;mq;mq;mq;mq;
07168;20110917120000;101470;-60;7;230;7.200000;291.350000;282.950000;58;30000;2;1;1;90;5;1250;31;20;12;100080;mq;mq;mq;mq;mq;mq;mq;mq;mq;mq;mq;12.300000;-10;mq;mq;0.000000;-60;0.000000;0.000000;0.000000;mq;mq;710.000000;1112.000000;3100.000000;mq;6;8;1080;4;0;7500;mq;mq;mq;mq;mq;mq;
07181;20110917120000;101360;-70;8;240;3.600000;289.050000;287.950000;93;40000;0;mq;mq;100;mq;450;mq;mq;mq;97380;mq;mq;mq;mq;mq;mq;mq;mq;mq;mq;mq;7.700000;-10;mq;mq;mq;mq;0.000000;2.000000;2.000000;mq;mq;710.000000;1108.000000;mq;mq;mq;mq;mq;mq;mq;mq;mq;mq;mq;mq;mq;mq;
07190;20110917120000;101190;-140;8;180;3.600000;297.650000;289.150000;59;9000;0;mq;mq;90;mq;1250;mq;mq;mq;99470;mq;mq;mq;mq;mq;mq;mq;mq;mq;mq;mq;6.200000;-10;mq;mq;mq;mq;0.000000;0.000000;0.000000;mq;mq;710.000000;1106.000000;mq;mq;mq;mq;mq;mq;mq;mq;mq;mq;mq;mq;mq;mq;
07207;20110917120000;mq;mq;mq;260;9.300000;289.750000;287.350000;86;15000;2;1;1;100;2;800;33;27;60;mq;mq;mq;mq;mq;mq;mq;mq;mq;mq;mq;mq;15.900000;-10;mq;mq;mq;mq;0.000000;0.200000;0.200000;mq;mq;710.000000;1116.000000;2447.000000;mq;mq;mq;mq;mq;mq;mq;mq;mq;mq;mq;mq;mq;
07222;20110917120000;101490;-100;6;250;5.100000;290.650000;286.150000;75;10000;2;8;6;90;7;800;38;61;60;101180;mq;mq;mq;mq;mq;mq;mq;mq;mq;mq;mq;10.300000;-10;mq;mq;mq;mq;0.000000;0.000000;0.400000;mq;mq;710.000000;1110.000000;mq;mq;3;8;720;7;6;1260;mq;mq;mq;mq;mq;mq;
07240;20110917120000;101490;-100;8;220;5.100000;290.750000;286.650000;77;60000;0;mq;mq;100;mq;450;mq;mq;mq;100170;mq;mq;mq;mq;mq;mq;mq;mq;mq;mq;mq;10.800000;-10;mq;mq;mq;mq;0.200000;0.200000;0.200000;mq;mq;710.000000;1111.000000;mq;mq;mq;mq;mq;mq;mq;mq;mq;mq;mq;mq;mq;mq;
07255;20110917120000;101570;-130;8;240;5.100000;293.950000;281.950000;46;30000;2;1;1;75;5;1250;32;20;12;99640;mq;mq;mq;mq;mq;mq;mq;mq;mq;mq;mq;10.800000;-10;mq;mq;0.000000;-60;0.000000;0.000000;0.000000;mq;mq;710.000000;1111.000000;3100.000000;mq;5;8;1200;3;0;7500;mq;mq;mq;mq;mq;mq;
07280;20110917120000;101500;-20;8;250;3.100000;292.150000;286.150000;68;60000;0;mq;mq;100;mq;1750;mq;mq;mq;98860;mq;mq;mq;mq;mq;mq;mq;mq;mq;mq;mq;7.200000;-10;mq;mq;mq;mq;0.000000;0.000000;0.000000;mq;mq;710.000000;1107.000000;mq;mq;mq;mq;mq;mq;mq;mq;mq;mq;mq;mq;mq;mq;
07299;20110917120000;101300;-160;6;130;1.500000;296.450000;288.750000;62;45000;2;1;1;75;1;800;32;24;12;98190;mq;mq;mq;mq;mq;mq;mq;mq;mq;mq;mq;4.600000;-10;mq;mq;0.000000;-60;0.000000;0.200000;0.200000;mq;mq;710.000000;1105.000000;3100.000000;mq;1;8;900;3;3;4200;5;0;7800;mq;mq;mq;
07314;20110917120000;101700;-100;8;240;6.700000;291.850000;286.650000;72;25000;2;1;1;100;8;1250;35;20;10;101430;mq;mq;mq;mq;mq;mq;mq;mq;mq;mq;mq;9.800000;-10;mq;mq;mq;mq;0.000000;0.000000;0.000000;mq;mq;710.000000;1110.000000;2438.000000;mq;8;6;990;mq;mq;mq;mq;mq;mq;mq;mq;mq;
07335;20110917120000;101600;-130;8;220;5.700000;291.950000;285.650000;67;30000;2;1;1;90;7;800;38;61;60;100190;mq;mq;mq;mq;mq;mq;mq;mq;mq;mq;mq;9.800000;-10;mq;mq;mq;mq;0.000000;0.000000;0.000000;mq;mq;710.000000;1110.000000;mq;mq;2;8;930;6;6;1440;mq;mq;mq;mq;mq;mq;
07434;20110917120000;101700;-80;8;210;3.600000;288.850000;287.350000;91;30000;21;6;5;90;7;250;35;61;60;97020;mq;mq;mq;mq;mq;mq;mq;mq;mq;mq;mq;6.200000;-10;mq;mq;0.000000;-60;0.400000;0.400000;0.400000;mq;mq;710.000000;1106.000000;3100.000000;mq;3;7;210;3;6;690;5;6;1410;mq;mq;mq;
07460;20110917120000;101670;0;0;50;2.100000;289.150000;286.650000;85;10000;2;1;1;100;7;450;35;61;60;97870;mq;mq;mq;mq;mq;mq;mq;mq;mq;mq;mq;5.700000;-10;mq;mq;0.000000;-60;0.000000;0.000000;0.000000;mq;mq;710.000000;1106.000000;3100.000000;mq;5;6;420;5;6;1500;mq;mq;mq;mq;mq;mq;
07471;20110917120000;mq;-90;8;290;4.100000;296.350000;286.550000;54;25000;3;9;8;75;3;800;39;27;10;92110;85000;17610;mq;mq;mq;mq;mq;mq;mq;mq;mq;8.200000;-10;mq;mq;0.000000;-60;0.000000;0.000000;0.400000;mq;mq;710.000000;1108.000000;3100.000000;mq;1;9;780;3;3;3000;mq;mq;mq;mq;mq;mq;
07481;20110917120000;101470;-80;8;280;1.000000;294.550000;290.350000;77;17000;3;9;8;90;1;450;38;23;60;98710;mq;mq;mq;mq;mq;mq;mq;mq;mq;mq;mq;6.200000;-10;mq;mq;0.000000;-60;0.000000;0.000000;1.000000;mq;mq;710.000000;1106.000000;3100.000000;mq;1;8;450;4;6;1800;6;3;3900;mq;mq;mq;
07510;20110917120000;101810;-30;6;300;3.600000;290.950000;289.850000;93;10000;21;6;5;90;7;450;38;61;60;101170;mq;mq;mq;mq;mq;mq;mq;mq;mq;mq;mq;8.200000;-10;mq;mq;0.000000;-60;0.200000;0.200000;0.200000;mq;mq;710.000000;1108.000000;3100.000000;mq;3;8;450;7;6;1050;mq;mq;mq;mq;mq;mq;
07535;20110917120000;101680;-110;8;270;3.100000;295.050000;285.050000;53;mq;mq;mq;mq;mq;mq;mq;mq;mq;mq;98680;mq;mq;mq;mq;mq;mq;mq;mq;mq;mq;mq;6.700000;-10;mq;mq;mq;mq;0.000000;0.000000;0.000000;mq;mq;710.000000;1107.000000;mq;mq;mq;mq;mq;mq;mq;mq;mq;mq;mq;mq;mq;mq;
07558;20110917120000;101490;-70;8;310;4.100000;294.550000;287.250000;63;mq;mq;mq;mq;mq;mq;mq;mq;mq;mq;93520;mq;mq;mq;mq;mq;mq;mq;mq;mq;mq;mq;6.700000;-10;mq;mq;mq;mq;0.000000;0.000000;0.000000;mq;mq;710.000000;1107.000000;mq;mq;mq;mq;mq;mq;mq;mq;mq;mq;mq;mq;mq;mq;
07577;20110917120000;101400;-140;8;180;2.600000;300.750000;290.650000;54;30000;2;1;1;60;1;1250;35;23;11;100560;mq;mq;mq;mq;mq;mq;mq;mq;mq;mq;mq;4.100000;-10;mq;mq;0.000000;-60;0.000000;0.000000;0.000000;mq;mq;710.000000;1104.000000;3100.000000;mq;1;6;1200;4;3;3900;mq;mq;mq;mq;mq;mq;
07591;20110917120000;mq;-170;7;270;5.100000;297.350000;282.850000;40;mq;0;mq;mq;mq;mq;mq;mq;mq;mq;91600;mq;mq;mq;mq;mq;mq;mq;mq;mq;mq;mq;10.800000;-10;mq;mq;mq;mq;0.000000;0.000000;0.000000;mq;mq;710.000000;1111.000000;mq;mq;mq;mq;mq;mq;mq;mq;mq;mq;mq;mq;mq;mq;
07607;20110917120000;101780;-90;8;0;0.000000;294.550000;288.650000;69;60000;0;mq;mq;100;mq;800;mq;mq;mq;101090;mq;mq;mq;mq;mq;mq;mq;mq;mq;mq;mq;2.100000;-10;mq;mq;mq;mq;0.000000;0.000000;0.000000;mq;mq;710.000000;1102.000000;mq;mq;mq;mq;mq;mq;mq;mq;mq;mq;mq;mq;mq;mq;
07621;20110917120000;101760;-80;8;0;0.000000;291.550000;288.250000;81;15000;1;5;2;100;8;150;38;61;60;97560;mq;mq;mq;mq;mq;mq;mq;mq;mq;mq;mq;1.000000;-10;mq;mq;0.000000;-60;0.000000;0.000000;1.000000;mq;mq;710.000000;1101.000000;3100.000000;mq;3;8;120;8;6;660;mq;mq;mq;mq;mq;mq;
07627;20110917120000;101730;-80;6;340;1.500000;291.150000;289.150000;88;4000;10;5;2;100;7;250;37;61;60;97000;mq;mq;mq;mq;mq;mq;mq;mq;mq;mq;mq;3.600000;-10;mq;mq;0.000000;-60;0.000000;0.000000;0.800000;mq;mq;710.000000;1104.000000;3100.000000;mq;7;7;180;mq;mq;mq;mq;mq;mq;mq;mq;mq;
07630;20110917120000;101720;-120;7;320;1.500000;295.250000;287.150000;60;30000;1;8;6;90;7;1250;38;61;60;99980;mq;mq;mq;mq;mq;mq;mq;mq;mq;mq;mq;4.100000;-10;mq;mq;0.000000;-60;0.000000;0.000000;0.400000;mq;mq;710.000000;1104.000000;3100.000000;mq;1;8;1020;7;6;1440;mq;mq;mq;mq;mq;mq;
07643;20110917120000;101490;-110;8;160;3.600000;298.150000;293.850000;77;12000;3;4;1;50;1;150;36;20;12;101400;mq;mq;mq;mq;mq;mq;mq;mq;mq;mq;mq;5.100000;-10;mq;mq;mq;mq;0.000000;0.000000;0.000000;mq;mq;710.000000;1105.000000;mq;mq;1;7;150;4;0;7800;mq;mq;mq;mq;mq;mq;
07650;20110917120000;101450;-100;8;290;2.600000;300.850000;292.350000;60;12000;2;1;1;75;3;800;38;28;12;101090;mq;mq;mq;mq;mq;mq;mq;mq;mq;mq;mq;4.100000;-10;mq;mq;0.000000;-60;0.000000;0.000000;0.000000;mq;mq;710.000000;1104.000000;3100.000000;mq;3;8;900;4;0;7500;mq;mq;mq;mq;mq;mq;
07661;20110917120000;101500;-70;8;240;5.100000;300.150000;293.950000;69;mq;mq;mq;mq;mq;mq;mq;mq;mq;mq;99980;mq;mq;mq;mq;mq;mq;mq;mq;mq;mq;mq;7.700000;-10;mq;mq;mq;mq;0.000000;0.000000;0.000000;mq;mq;710.000000;1108.000000;mq;mq;mq;mq;mq;mq;mq;mq;mq;mq;mq;mq;mq;mq;
07690;20110917120000;101550;-60;8;170;3.100000;298.350000;293.150000;73;40000;2;1;1;40;2;450;32;20;12;101230;mq;mq;mq;mq;mq;mq;mq;mq;mq;mq;mq;4.100000;-10;mq;mq;0.000000;-60;0.000000;0.000000;0.000000;mq;mq;710.000000;1104.000000;3100.000000;mq;2;8;480;mq;mq;mq;mq;mq;mq;mq;mq;mq;
07747;20110917120000;101460;-160;8;120;2.600000;302.850000;290.350000;47;25000;2;1;1;100;4;1750;31;28;12;100960;mq;mq;mq;mq;mq;mq;mq;mq;mq;mq;mq;5.700000;-10;mq;mq;0.000000;-60;0.000000;0.000000;0.000000;mq;mq;710.000000;1106.000000;3100.000000;mq;1;8;1500;4;8;1800;mq;mq;mq;mq;mq;mq;
07761;20110917120000;101570;-100;6;200;5.700000;300.350000;292.150000;61;20000;2;1;1;10;1;2250;31;20;11;101470;mq;mq;mq;mq;mq;mq;mq;mq;mq;mq;mq;7.200000;-10;mq;mq;0.000000;-60;0.000000;0.000000;0.000000;mq;mq;710.000000;1107.000000;3100.000000;mq;1;8;1800;mq;mq;mq;mq;mq;mq;mq;mq;mq;
07790;20110917120000;101580;-90;7;60;3.100000;300.150000;293.050000;65;15000;2;1;1;25;2;800;32;20;10;101440;mq;mq;mq;mq;mq;mq;mq;mq;mq;mq;mq;6.200000;-10;mq;mq;0.000000;-60;0.000000;0.000000;0.000000;mq;mq;710.000000;1106.000000;3100.000000;mq;2;8;720;mq;mq;mq;mq;mq;mq;mq;mq;mq;
61968;20110917120000;101380;mq;mq;200;1.500000;300.850000;293.450000;64;mq;mq;mq;mq;mq;mq;mq;mq;mq;mq;mq;mq;mq;mq;mq;mq;mq;mq;mq;mq;mq;mq;3.600000;-10;mq;mq;mq;mq;0.000000;mq;0.000000;mq;mq;710.000000;1104.000000;mq;mq;mq;mq;mq;mq;mq;mq;mq;mq;mq;mq;mq;mq;
61970;20110917120000;101620;mq;mq;mq;mq;301.350000;295.150000;69;mq;mq;mq;mq;mq;mq;mq;mq;mq;mq;mq;mq;mq;50;mq;mq;mq;mq;mq;mq;mq;mq;mq;mq;mq;mq;mq;mq;0.000000;mq;0.000000;mq;mq;mq;mq;mq;mq;mq;mq;mq;mq;mq;mq;mq;mq;mq;mq;mq;mq;
61972;20110917120000;102130;mq;mq;180;8.200000;296.950000;287.650000;56;mq;mq;mq;mq;mq;mq;mq;mq;mq;mq;mq;mq;mq;370;mq;mq;mq;mq;mq;mq;mq;mq;14.400000;-10;mq;mq;mq;mq;0.000000;mq;0.000000;mq;mq;710.000000;1114.000000;mq;mq;mq;mq;mq;mq;mq;mq;mq;mq;mq;mq;mq;mq;
61976;20110917120000;101470;mq;mq;190;3.100000;299.150000;293.450000;71;mq;mq;mq;mq;mq;mq;mq;mq;mq;mq;101320;mq;mq;mq;mq;mq;mq;mq;mq;mq;mq;mq;mq;mq;mq;mq;mq;mq;mq;mq;mq;mq;mq;mq;mq;mq;mq;mq;mq;mq;mq;mq;mq;mq;mq;mq;mq;mq;mq;
61980;20110917120000;101680;mq;mq;10;2.600000;297.650000;290.350000;64;10000;2;1;1;60;3;800;38;23;10;mq;mq;mq;mq;mq;mq;mq;mq;mq;mq;mq;mq;6.200000;-10;mq;mq;mq;mq;0.000000;mq;0.000000;mq;mq;710.000000;1106.000000;2437.000000;mq;2;8;900;4;3;3300;mq;mq;mq;mq;mq;mq;
61996;20110917120000;mq;mq;mq;mq;mq;286.450000;mq;mq;mq;mq;mq;mq;mq;mq;mq;mq;mq;mq;mq;mq;mq;mq;mq;mq;mq;mq;mq;mq;mq;mq;mq;mq;mq;mq;mq;mq;0.000000;mq;0.000000;mq;mq;mq;mq;mq;mq;mq;mq;mq;mq;mq;mq;mq;mq;mq;mq;mq;mq;
61997;20110917120000;98960;mq;mq;180;17.500000;274.450000;273.450000;93;mq;mq;mq;mq;mq;mq;mq;mq;mq;mq;mq;mq;mq;mq;mq;mq;mq;mq;mq;mq;mq;mq;32.400000;-60;mq;mq;mq;mq;mq;mq;0.400000;mq;mq;1132.000000;mq;mq;mq;mq;mq;mq;mq;mq;mq;mq;mq;mq;mq;mq;mq;
61998;20110917120000;98420;mq;mq;90;8.700000;273.850000;273.450000;97;2000;68;7;6;100;5;30;37;22;60;mq;mq;mq;mq;mq;mq;mq;mq;mq;mq;mq;mq;13.900000;-10;mq;mq;mq;mq;0.900000;mq;4.000000;mq;mq;710.000000;1114.000000;mq;mq;5;7;30;8;5;2400;mq;mq;mq;mq;mq;mq;
67005;20110917120000;101390;mq;mq;190;5.100000;302.350000;293.550000;59;25000;2;1;1;25;1;800;32;23;10;mq;mq;mq;mq;mq;mq;mq;mq;mq;mq;mq;mq;8.700000;-10;mq;mq;mq;mq;0.000000;mq;0.000000;mq;mq;710.000000;1109.000000;mq;mq;1;8;690;mq;mq;mq;mq;mq;mq;mq;mq;mq;
71805;20110917120000;101440;190;2;260;13.900000;285.950000;280.150000;68;30000;3;8;6;40;3;800;32;20;10;101360;mq;mq;mq;mq;mq;mq;mq;mq;mq;mq;20.100000;22.600000;-10;mq;mq;0.000000;-60;0.000000;1.000000;2.000000;mq;mq;1020.000000;710.000000;1123.000000;3100.000000;3;8;930;mq;mq;mq;mq;mq;mq;mq;mq;mq;
78897;20110917120000;101340;100;3;80;1.500000;301.350000;296.450000;75;30000;2;1;1;25;1;800;32;20;12;mq;mq;mq;mq;296.050000;mq;mq;304.750000;mq;mq;mq;mq;mq;mq;mq;mq;mq;mq;mq;mq;0.000000;mq;0.600000;mq;mq;mq;mq;1;8;780;mq;mq;mq;mq;mq;mq;mq;mq;mq;
78922;20110917120000;101350;180;3;80;7.200000;298.250000;295.950000;87;mq;mq;mq;mq;mq;mq;mq;mq;mq;mq;100900;mq;mq;mq;mq;mq;mq;mq;mq;mq;mq;mq;mq;mq;mq;mq;mq;mq;mq;mq;mq;mq;mq;mq;mq;mq;mq;mq;mq;mq;mq;mq;mq;mq;mq;mq;mq;mq;mq;
78925;20110917120000;101350;160;3;50;1.500000;301.850000;297.650000;78;25000;2;1;1;90;3;800;32;27;12;mq;mq;mq;mq;296.750000;mq;mq;303.950000;mq;mq;mq;mq;mq;mq;mq;mq;mq;mq;mq;mq;0.000000;mq;1.600000;mq;mq;mq;mq;1;8;690;5;3;3900;mq;mq;mq;mq;mq;mq;
81401;20110917120000;101360;mq;mq;130;1.500000;301.250000;297.250000;79;mq;mq;mq;mq;mq;mq;mq;mq;mq;mq;101300;mq;mq;mq;295.450000;mq;mq;mq;mq;mq;mq;mq;mq;mq;mq;mq;mq;mq;mq;0.000000;mq;mq;0.000000;mq;mq;mq;mq;mq;mq;mq;mq;mq;mq;mq;mq;mq;mq;mq;mq;
81405;20110917120000;101390;mq;mq;140;1.500000;301.050000;297.650000;82;10000;2;1;1;60;3;800;32;20;11;101300;mq;mq;mq;295.750000;mq;mq;mq;mq;mq;mq;mq;mq;mq;mq;mq;mq;mq;mq;0.000000;mq;mq;0.000000;mq;mq;mq;mq;mq;mq;mq;mq;mq;mq;mq;mq;mq;mq;mq;mq;
81408;20110917120000;101340;mq;mq;110;1.000000;301.450000;297.050000;77;mq;mq;mq;mq;mq;mq;mq;mq;mq;mq;101260;mq;mq;mq;294.950000;mq;mq;mq;mq;mq;mq;mq;mq;mq;mq;mq;mq;mq;mq;0.000000;mq;mq;0.200000;mq;mq;mq;mq;mq;mq;mq;mq;mq;mq;mq;mq;mq;mq;mq;mq;
89642;20110917120000;99400;190;3;120;8.700000;262.150000;254.850000;51;40000;2;1;1;75;0;8000;30;20;11;98850;mq;mq;mq;262.050000;mq;265.550000;mq;mq;mq;mq;mq;18.000000;-60;mq;mq;mq;mq;mq;mq;mq;mq;mq;1118.000000;mq;mq;mq;6;0;4800;mq;mq;mq;mq;mq;mq;mq;mq;mq;
07005;20110917150000;100860;-170;6;210;6.700000;289.350000;284.950000;75;30000;2;1;1;100;6;800;38;22;60;99990;mq;mq;mq;mq;mq;mq;mq;mq;mq;mq;mq;12.300000;-10;mq;mq;0.000000;-30;0.000000;0.000000;mq;mq;mq;710.000000;1112.000000;3100.000000;mq;3;8;600;5;6;1200;7;4;3000;mq;mq;mq;
07015;20110917150000;100840;-140;8;220;6.200000;290.450000;284.050000;66;40000;2;1;1;100;7;800;38;61;60;100290;mq;mq;mq;mq;mq;mq;mq;mq;mq;mq;mq;12.300000;-10;mq;mq;0.000000;-30;0.000000;0.000000;mq;mq;mq;710.000000;1112.000000;3100.000000;mq;4;8;840;6;6;1200;mq;mq;mq;mq;mq;mq;
07020;20110917150000;100800;-140;8;260;10.300000;289.150000;284.550000;74;14000;1;6;2;75;6;800;37;20;10;100540;mq;mq;mq;mq;mq;mq;mq;mq;mq;mq;mq;15.900000;-10;mq;mq;mq;mq;0.000000;0.000000;mq;mq;mq;710.000000;1116.000000;mq;mq;6;7;780;mq;mq;mq;mq;mq;mq;mq;mq;mq;
07027;20110917150000;100920;-170;6;230;5.700000;287.050000;285.050000;88;20000;29;9;8;100;7;800;38;61;60;100120;mq;mq;mq;mq;mq;mq;mq;mq;mq;mq;mq;11.800000;-10;mq;mq;0.000000;-30;4.000000;4.000000;mq;mq;mq;710.000000;1112.000000;3100.000000;mq;3;8;600;7;6;1080;mq;mq;mq;mq;mq;mq;
07037;20110917150000;100920;-220;8;200;6.200000;289.750000;285.450000;76;15000;2;1;1;90;7;1250;32;23;60;99140;mq;mq;mq;mq;mq;mq;mq;mq;mq;mq;mq;12.900000;-10;mq;mq;0.000000;-30;0.000000;0.000000;mq;mq;mq;710.000000;1113.000000;3100.000000;mq;3;8;1410;7;3;5100;mq;mq;mq;mq;mq;mq;
07110;20110917150000;101110;-60;6;280;8.700000;286.050000;282.650000;80;4000;81;mq;8;100;8;450;39;61;60;99980;mq;mq;mq;mq;mq;mq;mq;mq;mq;mq;15.900000;15.900000;-10;mq;mq;mq;mq;0.600000;0.600000;mq;mq;mq;1016.000000;710.000000;1116.000000;mq;3;8;390;4;9;600;8;6;990;mq;mq;mq;
07117;20110917150000;100930;-130;8;270;9.300000;287.950000;283.350000;74;15000;1;6;2;100;8;450;38;20;10;100240;mq;mq;mq;mq;mq;mq;mq;mq;mq;mq;15.900000;15.900000;-10;mq;mq;mq;mq;0.000000;0.200000;mq;mq;mq;1016.000000;710.000000;1116.000000;2447.000000;mq;mq;mq;mq;mq;mq;mq;mq;mq;mq;mq;mq;
07130;20110917150000;101070;-200;6;230;4.100000;287.750000;285.750000;88;40000;0;mq;mq;100;mq;1750;mq;mq;mq;100560;mq;mq;mq;mq;mq;mq;mq;mq;mq;mq;mq;11.800000;-10;mq;mq;mq;mq;0.400000;6.000000;mq;mq;mq;710.000000;1112.000000;mq;mq;mq;mq;mq;mq;mq;mq;mq;mq;mq;mq;mq;mq;
07139;20110917150000;100980;-280;8;200;7.700000;290.750000;284.550000;67;40000;15;2;2;100;7;800;38;61;60;99300;mq;mq;mq;mq;mq;mq;mq;mq;mq;mq;mq;11.800000;-10;mq;mq;0.000000;-30;0.000000;0.000000;mq;mq;mq;710.000000;1112.000000;3100.000000;mq;6;8;600;6;6;1200;mq;mq;mq;mq;mq;mq;
07149;20110917150000;101130;-180;8;230;6.700000;291.350000;283.950000;62;25000;2;1;1;90;7;800;38;61;60;100080;mq;mq;mq;mq;mq;mq;mq;mq;mq;mq;mq;11.300000;-10;mq;mq;0.000000;-30;0.000000;0.000000;mq;mq;mq;710.000000;1111.000000;3100.000000;mq;2;8;900;7;6;1350;mq;mq;mq;mq;mq;mq;
07168;20110917150000;101310;-150;6;230;6.200000;291.750000;282.250000;54;30000;2;1;1;90;6;1250;38;20;12;99930;mq;mq;mq;mq;mq;mq;mq;mq;mq;mq;mq;10.300000;-10;mq;mq;0.000000;-30;0.000000;0.200000;mq;mq;mq;710.000000;1110.000000;3100.000000;mq;2;8;1290;5;6;1800;7;0;7500;mq;mq;mq;
07181;20110917150000;101230;-120;6;260;6.200000;290.350000;284.850000;70;55000;0;mq;mq;mq;mq;800;mq;mq;mq;97260;mq;mq;mq;mq;mq;mq;mq;mq;mq;mq;mq;10.300000;-10;mq;mq;mq;mq;0.000000;0.000000;mq;mq;mq;710.000000;1110.000000;mq;mq;mq;mq;mq;mq;mq;mq;mq;mq;mq;mq;mq;mq;
07190;20110917150000;101090;-110;6;310;3.600000;295.750000;288.550000;64;55000;0;mq;mq;90;mq;1250;mq;mq;mq;99360;mq;mq;mq;mq;mq;mq;mq;mq;mq;mq;mq;9.800000;-10;mq;mq;mq;mq;0.000000;0.000000;mq;mq;mq;710.000000;1110.000000;mq;mq;mq;mq;mq;mq;mq;mq;mq;mq;mq;mq;mq;mq;
07207;20110917150000;mq;mq;mq;260;8.200000;288.750000;285.850000;83;15000;2;1;1;100;2;800;38;27;60;mq;mq;mq;mq;mq;mq;mq;mq;mq;mq;mq;mq;16.500000;-10;mq;mq;mq;mq;0.200000;0.800000;mq;mq;mq;710.000000;1116.000000;2447.000000;mq;mq;mq;mq;mq;mq;mq;mq;mq;mq;mq;mq;mq;
07222;20110917150000;101280;-210;8;240;5.100000;289.050000;287.750000;92;12000;61;6;5;90;7;450;37;61;60;100970;mq;mq;mq;mq;mq;mq;mq;mq;mq;mq;mq;10.800000;-10;mq;mq;mq;mq;0.400000;0.800000;mq;mq;mq;710.000000;1111.000000;mq;mq;3;8;390;5;6;990;7;6;1290;mq;mq;mq;
07240;20110917150000;101240;-240;8;200;6.200000;292.050000;285.350000;65;60000;0;mq;mq;100;mq;2250;mq;mq;mq;99930;mq;mq;mq;mq;mq;mq;mq;mq;mq;mq;mq;9.800000;-10;mq;mq;mq;mq;0.000000;0.000000;mq;mq;mq;710.000000;1110.000000;mq;mq;mq;mq;mq;mq;mq;mq;mq;mq;mq;mq;mq;mq;
07255;20110917150000;101380;-190;8;220;6.700000;292.650000;284.150000;58;30000;2;1;1;100;3;1250;38;23;15;99450;mq;mq;mq;mq;mq;mq;mq;mq;mq;mq;mq;11.300000;-10;mq;mq;0.000000;-30;0.000000;0.000000;mq;mq;mq;710.000000;1111.000000;3100.000000;mq;2;8;1380;6;0;7500;mq;mq;mq;mq;mq;mq;
07280;20110917150000;101260;-200;8;250;4.600000;295.050000;285.350000;54;60000;0;mq;mq;mq;mq;1250;mq;mq;mq;98660;mq;mq;mq;mq;mq;mq;mq;mq;mq;mq;mq;7.700000;-10;mq;mq;mq;mq;0.000000;0.000000;mq;mq;mq;710.000000;1108.000000;mq;mq;mq;mq;mq;mq;mq;mq;mq;mq;mq;mq;mq;mq;
07299;20110917150000;101260;-70;5;270;2.600000;292.850000;289.850000;83;15000;95;9;8;90;5;800;39;29;60;98120;mq;mq;mq;mq;mq;mq;mq;mq;mq;mq;mq;8.700000;-10;mq;mq;0.000000;-30;0.000000;0.000000;mq;mq;mq;710.000000;1109.000000;3100.000000;mq;1;8;750;3;9;900;6;3;2700;mq;mq;mq;
07314;20110917150000;101540;-160;8;260;9.300000;291.650000;287.350000;76;20000;2;1;1;100;8;1250;38;20;10;101270;mq;mq;mq;mq;mq;mq;mq;mq;mq;mq;mq;12.300000;-10;mq;mq;mq;mq;0.000000;0.200000;mq;mq;mq;710.000000;1112.000000;2438.000000;mq;3;8;990;5;6;1800;mq;mq;mq;mq;mq;mq;
07335;20110917150000;101400;-190;8;230;6.700000;292.450000;284.450000;60;30000;2;1;1;90;2;1250;38;20;18;100000;mq;mq;mq;mq;mq;mq;mq;mq;mq;mq;mq;10.300000;-10;mq;mq;mq;mq;0.000000;0.000000;mq;mq;mq;710.000000;1110.000000;mq;mq;1;8;1080;7;2;6600;mq;mq;mq;mq;mq;mq;
07434;20110917150000;101550;-140;8;260;2.600000;289.050000;287.250000;89;25000;15;6;2;90;7;250;38;61;60;96880;mq;mq;mq;mq;mq;mq;mq;mq;mq;mq;mq;6.700000;-10;mq;mq;0.000000;-30;0.000000;0.200000;mq;mq;mq;710.000000;1107.000000;3100.000000;mq;1;7;240;5;8;360;mq;mq;mq;mq;mq;mq;
07460;20110917150000;101460;-190;8;130;1.500000;290.250000;287.150000;82;10000;2;1;1;75;5;450;38;23;60;97680;mq;mq;mq;mq;mq;mq;mq;mq;mq;mq;mq;2.600000;-10;mq;mq;0.000000;-30;0.000000;0.000000;mq;mq;mq;710.000000;1103.000000;3100.000000;mq;3;8;450;4;6;1290;5;3;2100;mq;mq;mq;
07471;20110917150000;mq;-120;5;270;5.100000;293.650000;285.850000;61;30000;2;1;1;75;3;800;39;23;10;91990;85000;17500;mq;mq;mq;mq;mq;mq;mq;mq;mq;10.300000;-10;mq;mq;0.000000;-30;0.000000;0.000000;mq;mq;mq;710.000000;1110.000000;3100.000000;mq;1;9;780;3;8;900;mq;mq;mq;mq;mq;mq;
07481;20110917150000;101280;-170;6;360;4.100000;295.250000;290.350000;74;20000;2;1;1;90;4;800;38;61;60;98540;mq;mq;mq;mq;mq;mq;mq;mq;mq;mq;mq;7.200000;-10;mq;mq;0.000000;-30;0.000000;0.000000;mq;mq;mq;710.000000;1107.000000;3100.000000;mq;4;8;720;7;6;990;mq;mq;mq;mq;mq;mq;
07510;20110917150000;101700;-110;6;270;3.100000;291.350000;288.450000;83;15000;2;6;5;90;7;800;38;61;60;101060;mq;mq;mq;mq;mq;mq;mq;mq;mq;mq;mq;7.200000;-10;mq;mq;0.000000;-30;0.000000;0.000000;mq;mq;mq;710.000000;1107.000000;3100.000000;mq;2;8;690;7;6;1290;mq;mq;mq;mq;mq;mq;
07535;20110917150000;101520;-150;7;290;1.500000;295.650000;285.250000;52;mq;mq;mq;mq;mq;mq;mq;mq;mq;mq;98530;mq;mq;mq;mq;mq;mq;mq;mq;mq;mq;mq;4.600000;-10;mq;mq;mq;mq;0.000000;0.000000;mq;mq;mq;710.000000;1105.000000;mq;mq;mq;mq;mq;mq;mq;mq;mq;mq;mq;mq;mq;mq;
07558;20110917150000;101360;-150;6;310;6.700000;293.550000;287.450000;68;mq;mq;mq;mq;mq;mq;mq;mq;mq;mq;93370;mq;mq;mq;mq;mq;mq;mq;mq;mq;mq;mq;9.300000;-10;mq;mq;mq;mq;0.000000;0.000000;mq;mq;mq;710.000000;1109.000000;mq;mq;mq;mq;mq;mq;mq;mq;mq;mq;mq;mq;mq;mq;
07577;20110917150000;101180;-220;6;200;2.100000;300.350000;289.650000;52;20000;2;1;1;90;6;800;39;27;60;100340;mq;mq;mq;mq;mq;mq;mq;mq;mq;mq;mq;5.100000;-10;mq;mq;0.000000;-30;0.000000;0.000000;mq;mq;mq;710.000000;1105.000000;3100.000000;mq;3;9;600;3;8;900;6;3;3900;mq;mq;mq;
07591;20110917150000;mq;-170;6;200;3.100000;297.150000;282.750000;40;mq;0;mq;mq;mq;mq;mq;mq;mq;mq;91430;mq;mq;mq;mq;mq;mq;mq;mq;mq;mq;mq;10.800000;-10;mq;mq;mq;mq;0.000000;0.000000;mq;mq;mq;710.000000;1111.000000;mq;mq;mq;mq;mq;mq;mq;mq;mq;mq;mq;mq;mq;mq;
07607;20110917150000;101720;-60;6;310;3.600000;292.050000;290.050000;88;8000;0;mq;mq;100;mq;450;mq;mq;mq;101030;mq;mq;mq;mq;mq;mq;mq;mq;mq;mq;mq;5.700000;-10;mq;mq;mq;mq;0.000000;0.000000;mq;mq;mq;710.000000;1106.000000;mq;mq;mq;mq;mq;mq;mq;mq;mq;mq;mq;mq;mq;mq;
07621;20110917150000;101700;-60;6;300;1.000000;291.250000;289.450000;89;10000;61;6;5;100;8;450;37;61;60;97500;mq;mq;mq;mq;mq;mq;mq;mq;mq;mq;mq;2.600000;-10;mq;mq;0.000000;-30;0.600000;0.600000;mq;mq;mq;710.000000;1103.000000;3100.000000;mq;7;7;390;mq;mq;mq;mq;mq;mq;mq;mq;mq;
07627;20110917150000;101620;-110;6;280;2.600000;290.950000;289.450000;91;3500;50;5;2;100;7;150;37;61;60;96890;mq;mq;mq;mq;mq;mq;mq;mq;mq;mq;mq;4.600000;-10;mq;mq;0.000000;-30;0.000000;0.000000;mq;mq;mq;710.000000;1105.000000;3100.000000;mq;7;7;150;mq;mq;mq;mq;mq;mq;mq;mq;mq;
07630;20110917150000;101590;-120;6;330;2.100000;295.450000;287.050000;59;35000;0;mq;mq;100;mq;1250;mq;mq;mq;99860;mq;mq;mq;mq;mq;mq;mq;mq;mq;mq;mq;5.700000;-10;mq;mq;mq;mq;0.000000;0.800000;mq;mq;mq;710.000000;1106.000000;mq;mq;mq;mq;mq;mq;mq;mq;mq;mq;mq;mq;mq;mq;
07643;20110917150000;101260;-230;8;170;5.100000;298.450000;293.250000;73;18000;2;1;1;40;1;800;32;28;13;101170;mq;mq;mq;mq;mq;mq;mq;mq;mq;mq;mq;7.700000;-10;mq;mq;mq;mq;0.000000;0.000000;mq;mq;mq;710.000000;1108.000000;mq;mq;1;8;690;mq;mq;mq;mq;mq;mq;mq;mq;mq;
07650;20110917150000;101270;-180;7;190;4.600000;300.650000;290.850000;55;12000;2;1;1;50;2;800;38;20;12;100910;mq;mq;mq;mq;mq;mq;mq;mq;mq;mq;mq;6.700000;-10;mq;mq;0.000000;-30;0.000000;0.000000;mq;mq;mq;710.000000;1107.000000;3100.000000;mq;2;8;900;3;0;7500;mq;mq;mq;mq;mq;mq;
07661;20110917150000;101320;-180;6;270;5.100000;298.950000;293.550000;72;20000;2;1;1;60;4;1250;32;20;11;99800;mq;mq;mq;mq;mq;mq;mq;mq;mq;mq;mq;9.800000;-10;mq;mq;mq;mq;0.000000;0.000000;mq;mq;mq;710.000000;1110.000000;mq;mq;4;8;1200;mq;mq;mq;mq;mq;mq;mq;mq;mq;
07690;20110917150000;101370;-180;7;190;4.100000;298.450000;294.350000;78;40000;2;1;1;75;6;450;39;20;12;101050;mq;mq;mq;mq;mq;mq;mq;mq;mq;mq;mq;5.100000;-10;mq;mq;0.000000;-30;0.000000;0.000000;mq;mq;mq;710.000000;1105.000000;3100.000000;mq;1;8;480;1;9;900;5;6;990;mq;mq;mq;
07747;20110917150000;101370;-100;5;110;3.600000;298.150000;291.550000;67;25000;80;8;6;90;5;1250;39;28;60;100860;mq;mq;mq;mq;mq;mq;mq;mq;mq;mq;mq;7.200000;-10;mq;mq;0.000000;-30;0.000000;0.000000;mq;mq;mq;710.000000;1107.000000;3100.000000;mq;1;8;1200;2;9;1500;4;8;1800;7;3;7500;
07761;20110917150000;101420;-150;7;200;5.100000;299.750000;291.350000;60;20000;2;1;1;10;1;1250;31;20;11;101320;mq;mq;mq;mq;mq;mq;mq;mq;mq;mq;mq;7.200000;-10;mq;mq;0.000000;-30;0.000000;0.000000;mq;mq;mq;710.000000;1107.000000;3100.000000;mq;1;8;1200;mq;mq;mq;mq;mq;mq;mq;mq;mq;
07790;20110917150000;101410;-170;6;70;2.100000;298.850000;292.450000;68;15000;2;1;1;50;4;800;38;20;10;101270;mq;mq;mq;mq;mq;mq;mq;mq;mq;mq;mq;4.600000;-10;mq;mq;0.000000;-30;0.000000;0.000000;mq;mq;mq;710.000000;1105.000000;3100.000000;mq;2;8;720;4;6;1500;mq;mq;mq;mq;mq;mq;
61968;20110917150000;101470;mq;mq;0;0.000000;298.650000;293.450000;73;mq;mq;mq;mq;mq;mq;mq;mq;mq;mq;mq;mq;mq;mq;mq;mq;mq;mq;mq;mq;mq;mq;1.000000;-10;mq;mq;mq;mq;0.000000;0.000000;mq;mq;mq;710.000000;1101.000000;mq;mq;mq;mq;mq;mq;mq;mq;mq;mq;mq;mq;mq;mq;
61970;20110917150000;101650;mq;mq;mq;mq;298.250000;294.550000;80;mq;mq;mq;mq;mq;mq;mq;mq;mq;mq;mq;mq;mq;70;mq;mq;mq;mq;mq;mq;mq;mq;mq;mq;mq;mq;mq;mq;0.000000;0.000000;mq;mq;mq;mq;mq;mq;mq;mq;mq;mq;mq;mq;mq;mq;mq;mq;mq;mq;mq;
61972;20110917150000;102150;mq;mq;170;5.700000;294.650000;287.050000;62;mq;mq;mq;mq;mq;mq;mq;mq;mq;mq;mq;mq;mq;330;mq;mq;mq;mq;mq;mq;mq;mq;13.400000;-10;mq;mq;mq;mq;0.000000;0.000000;mq;mq;mq;710.000000;1113.000000;mq;mq;mq;mq;mq;mq;mq;mq;mq;mq;mq;mq;mq;mq;
61976;20110917150000;101620;mq;mq;170;5.100000;297.250000;293.550000;80;mq;mq;mq;mq;mq;mq;mq;mq;mq;mq;101470;mq;mq;mq;mq;mq;mq;mq;mq;mq;mq;mq;mq;mq;mq;mq;mq;mq;mq;mq;mq;mq;mq;mq;mq;mq;mq;mq;mq;mq;mq;mq;mq;mq;mq;mq;mq;mq;mq;
61980;20110917150000;101810;mq;mq;190;2.100000;295.350000;290.950000;76;10000;2;1;1;50;3;800;38;23;10;mq;mq;mq;mq;mq;mq;mq;mq;mq;mq;mq;mq;4.100000;-10;mq;mq;mq;mq;0.000000;0.000000;mq;mq;mq;710.000000;1104.000000;mq;mq;2;8;780;3;6;2100;mq;mq;mq;mq;mq;mq;
61996;20110917150000;mq;mq;mq;mq;mq;286.450000;mq;mq;mq;mq;mq;mq;mq;mq;mq;mq;mq;mq;mq;mq;mq;mq;mq;mq;mq;mq;mq;mq;mq;mq;mq;mq;mq;mq;mq;mq;0.000000;0.000000;mq;mq;mq;mq;mq;mq;mq;mq;mq;mq;mq;mq;mq;mq;mq;mq;mq;mq;mq;
61997;20110917150000;99260;mq;mq;180;15.900000;273.950000;273.050000;94;mq;mq;mq;mq;mq;mq;mq;mq;mq;mq;mq;mq;mq;250;mq;mq;mq;mq;mq;mq;mq;mq;24.700000;-30;mq;mq;mq;mq;mq;0.000000;mq;mq;mq;1125.000000;mq;mq;mq;mq;mq;mq;mq;mq;mq;mq;mq;mq;mq;mq;mq;
61998;20110917150000;97730;mq;mq;80;11.800000;274.150000;273.850000;98;mq;mq;mq;mq;mq;mq;mq;mq;mq;mq;mq;mq;mq;mq;mq;mq;mq;mq;mq;mq;mq;mq;15.400000;-10;mq;mq;mq;mq;2.000000;4.000000;mq;mq;mq;710.000000;1115.000000;mq;mq;mq;mq;mq;mq;mq;mq;mq;mq;mq;mq;mq;mq;
67005;20110917150000;101430;mq;mq;230;6.200000;299.550000;294.350000;73;25000;2;1;1;25;2;800;32;20;10;mq;mq;mq;mq;mq;mq;mq;mq;mq;mq;mq;mq;9.300000;-10;mq;mq;mq;mq;0.000000;0.000000;mq;mq;mq;710.000000;1109.000000;mq;mq;2;8;630;mq;mq;mq;mq;mq;mq;mq;mq;mq;
71805;20110917150000;101670;230;1;270;15.400000;287.350000;279.450000;59;30000;1;8;6;25;2;800;32;20;10;101590;mq;mq;mq;mq;mq;mq;mq;mq;mq;mq;23.700000;23.700000;-10;mq;mq;0.000000;-30;0.000000;0.200000;mq;mq;mq;1024.000000;710.000000;1124.000000;3100.000000;2;8;930;mq;mq;mq;mq;mq;mq;mq;mq;mq;
78897;20110917150000;101380;40;0;120;4.600000;302.650000;295.850000;67;15000;29;9;8;90;6;450;39;20;12;mq;mq;mq;mq;mq;mq;mq;mq;mq;mq;mq;mq;mq;mq;mq;mq;mq;mq;mq;mq;mq;mq;mq;mq;mq;mq;mq;2;9;450;4;8;780;mq;mq;mq;mq;mq;mq;
78922;20110917150000;101350;10;0;180;5.100000;302.550000;296.950000;72;mq;mq;mq;mq;mq;mq;mq;mq;mq;mq;100910;mq;mq;mq;mq;mq;mq;mq;mq;mq;mq;mq;mq;mq;mq;mq;mq;mq;mq;mq;mq;mq;mq;mq;mq;mq;mq;mq;mq;mq;mq;mq;mq;mq;mq;mq;mq;mq;mq;
78925;20110917150000;101400;50;0;210;2.600000;303.950000;296.850000;66;25000;2;1;1;90;5;800;32;27;60;mq;mq;mq;mq;mq;mq;mq;mq;mq;mq;mq;mq;mq;mq;mq;mq;mq;mq;mq;mq;mq;mq;mq;mq;mq;mq;mq;5;8;900;3;3;3900;mq;mq;mq;mq;mq;mq;
81401;20110917150000;101290;mq;mq;130;1.500000;304.850000;295.250000;57;mq;mq;mq;mq;mq;mq;mq;mq;mq;mq;101230;mq;mq;mq;mq;mq;mq;mq;mq;mq;mq;mq;mq;mq;mq;mq;mq;mq;mq;0.000000;mq;mq;mq;mq;mq;mq;mq;mq;mq;mq;mq;mq;mq;mq;mq;mq;mq;mq;mq;
81405;20110917150000;101300;mq;mq;70;3.100000;304.550000;296.350000;62;10000;2;1;1;60;5;800;32;20;11;101210;mq;mq;mq;mq;mq;mq;mq;mq;mq;mq;mq;mq;mq;mq;mq;mq;mq;mq;0.000000;mq;mq;mq;mq;mq;mq;mq;mq;mq;mq;mq;mq;mq;mq;mq;mq;mq;mq;mq;
81408;20110917150000;101240;mq;mq;110;2.100000;305.350000;296.050000;58;mq;mq;mq;mq;mq;mq;mq;mq;mq;mq;101160;mq;mq;mq;mq;mq;mq;mq;mq;mq;mq;mq;mq;mq;mq;mq;mq;mq;mq;0.000000;mq;mq;mq;mq;mq;mq;mq;mq;mq;mq;mq;mq;mq;mq;mq;mq;mq;mq;mq;
89642;20110917150000;99540;140;3;110;5.100000;262.350000;256.050000;56;mq;mq;mq;mq;mq;mq;mq;mq;mq;mq;98990;mq;mq;mq;mq;mq;mq;mq;mq;mq;mq;mq;15.400000;-30;mq;mq;mq;mq;mq;mq;mq;mq;mq;1115.000000;mq;mq;mq;mq;mq;mq;mq;mq;mq;mq;mq;mq;mq;mq;mq;
07005;20110917180000;100720;-150;6;250;5.100000;285.950000;284.850000;93;mq;mq;mq;mq;mq;mq;mq;mq;mq;mq;99840;mq;mq;mq;285.950000;mq;290.350000;mq;mq;mq;mq;mq;7.200000;-10;mq;mq;mq;mq;3.000000;14.000000;mq;14.000000;mq;710.000000;1107.000000;mq;mq;mq;mq;mq;mq;mq;mq;mq;mq;mq;mq;mq;mq;
07015;20110917180000;100690;-160;8;210;4.100000;287.850000;285.750000;87;7000;80;8;6;100;7;1250;35;61;60;100130;mq;mq;mq;286.550000;mq;290.550000;mq;mq;mq;mq;mq;10.800000;-10;mq;mq;0.000000;-60;0.400000;0.600000;mq;0.600000;mq;710.000000;1111.000000;3100.000000;mq;5;6;1080;6;6;1500;mq;mq;mq;mq;mq;mq;
07020;20110917180000;100710;-90;8;260;8.200000;286.850000;283.650000;81;12000;62;6;2;90;6;450;37;27;11;100450;mq;mq;mq;285.950000;mq;289.550000;mq;mq;mq;mq;mq;15.900000;-10;mq;mq;mq;mq;0.000000;0.000000;mq;0.000000;mq;710.000000;1116.000000;mq;mq;6;7;300;mq;mq;mq;mq;mq;mq;mq;mq;mq;
07027;20110917180000;100800;-120;6;220;5.100000;286.550000;284.650000;88;11000;63;mq;mq;90;mq;1250;mq;mq;mq;100000;mq;mq;mq;286.350000;mq;290.550000;mq;mq;mq;mq;mq;8.700000;-10;mq;mq;mq;mq;0.000000;0.000000;mq;4.000000;mq;710.000000;1109.000000;mq;mq;mq;mq;mq;mq;mq;mq;mq;mq;mq;mq;mq;mq;
07037;20110917180000;100820;-130;8;250;1.500000;284.750000;283.950000;95;6000;63;mq;mq;100;mq;1250;mq;mq;mq;99010;mq;mq;mq;284.750000;mq;290.150000;mq;mq;mq;mq;mq;9.300000;-10;mq;mq;mq;mq;4.000000;8.000000;mq;8.000000;mq;710.000000;1109.000000;mq;mq;mq;mq;mq;mq;mq;mq;mq;mq;mq;mq;mq;mq;
07110;20110917180000;101080;-40;7;290;4.600000;285.650000;281.950000;78;15000;3;mq;mq;60;5;800;39;23;10;99940;mq;mq;mq;285.450000;mq;289.450000;mq;mq;mq;mq;mq;9.300000;-10;mq;mq;mq;mq;0.000000;0.800000;mq;2.000000;mq;710.000000;1109.000000;mq;mq;1;9;600;3;8;600;3;3;3000;mq;mq;mq;
07117;20110917180000;100920;-10;8;270;8.700000;285.550000;282.350000;81;15000;1;6;2;90;7;450;38;20;10;100230;mq;mq;mq;285.150000;mq;289.850000;mq;mq;mq;mq;mq;15.900000;-10;mq;mq;mq;mq;0.200000;0.600000;mq;0.800000;mq;710.000000;1116.000000;2447.000000;mq;mq;mq;mq;mq;mq;mq;mq;mq;mq;mq;mq;mq;
07130;20110917180000;100970;-100;8;230;4.100000;287.350000;284.650000;84;30000;0;mq;mq;mq;mq;800;mq;mq;mq;100460;mq;mq;mq;287.350000;mq;292.550000;mq;mq;mq;mq;mq;6.700000;-10;mq;mq;mq;mq;0.000000;0.000000;mq;6.000000;mq;710.000000;1107.000000;mq;mq;mq;mq;mq;mq;mq;mq;mq;mq;mq;mq;mq;mq;
07139;20110917180000;100920;-90;7;240;3.600000;286.550000;284.450000;87;mq;mq;mq;mq;mq;mq;mq;mq;mq;mq;99210;mq;mq;mq;286.350000;mq;291.450000;mq;mq;mq;mq;mq;8.700000;-10;mq;mq;mq;mq;0.000000;3.000000;mq;3.000000;mq;710.000000;1109.000000;mq;mq;mq;mq;mq;mq;mq;mq;mq;mq;mq;mq;mq;mq;
07149;20110917180000;100880;-260;6;210;5.100000;290.450000;284.250000;67;20000;2;1;1;100;6;1250;38;27;60;99820;mq;mq;mq;286.650000;mq;291.850000;mq;mq;mq;mq;mq;10.300000;-10;mq;mq;0.000000;-60;0.000000;0.000000;mq;0.000000;mq;710.000000;1110.000000;3100.000000;mq;1;8;1080;6;6;1440;7;3;3000;mq;mq;mq;
07168;20110917180000;101090;-240;6;200;2.100000;287.950000;284.550000;80;19000;0;mq;mq;mq;mq;mq;mq;mq;mq;99690;mq;mq;mq;287.950000;mq;293.050000;mq;mq;mq;mq;mq;3.100000;-10;mq;mq;mq;mq;0.000000;0.000000;mq;0.200000;mq;710.000000;1103.000000;mq;mq;mq;mq;mq;mq;mq;mq;mq;mq;mq;mq;mq;mq;
07181;20110917180000;101190;-80;8;210;3.100000;287.350000;283.350000;77;60000;0;mq;mq;mq;mq;1250;mq;mq;mq;97180;mq;mq;mq;287.350000;mq;291.750000;mq;mq;mq;mq;mq;4.600000;-10;mq;mq;mq;mq;0.000000;0.000000;mq;2.000000;mq;710.000000;1105.000000;mq;mq;mq;mq;mq;mq;mq;mq;mq;mq;mq;mq;mq;mq;
07190;20110917180000;101130;10;3;270;5.100000;292.350000;285.350000;64;60000;0;mq;mq;100;mq;1250;mq;mq;mq;99370;mq;mq;mq;289.850000;mq;299.150000;mq;mq;mq;mq;mq;8.700000;-10;mq;mq;mq;mq;0.000000;0.000000;mq;0.000000;mq;710.000000;1109.000000;mq;mq;mq;mq;mq;mq;mq;mq;mq;mq;mq;mq;mq;mq;
07207;20110917180000;mq;mq;mq;300;10.800000;288.450000;283.850000;74;15000;2;1;1;75;1;800;32;27;10;mq;mq;mq;mq;287.350000;mq;290.550000;mq;mq;mq;mq;18.500000;19.500000;-10;mq;mq;mq;mq;0.000000;0.600000;mq;2.000000;mq;1019.000000;710.000000;1120.000000;2447.000000;mq;mq;mq;mq;mq;mq;mq;mq;mq;mq;mq;mq;
07222;20110917180000;101160;-120;6;290;8.200000;286.450000;285.150000;92;5000;61;6;5;100;7;450;37;61;60;100850;mq;mq;mq;286.450000;mq;292.150000;mq;mq;mq;mq;13.400000;13.400000;-10;mq;mq;mq;mq;2.000000;6.000000;mq;7.000000;mq;1013.000000;710.000000;1113.000000;mq;2;8;390;5;6;600;7;6;1290;mq;mq;mq;
07240;20110917180000;101080;-170;8;230;4.100000;289.950000;285.250000;74;20000;2;1;1;100;7;1250;35;61;60;99760;mq;mq;mq;284.550000;mq;292.050000;mq;mq;mq;mq;mq;8.700000;-10;mq;mq;0.000000;-60;0.000000;0.000000;mq;0.200000;mq;710.000000;1109.000000;3100.000000;mq;7;6;1380;mq;mq;mq;mq;mq;mq;mq;mq;mq;
07255;20110917180000;101170;-220;6;210;4.600000;290.550000;285.850000;74;19000;0;mq;mq;mq;mq;800;mq;mq;mq;99230;mq;mq;mq;286.950000;mq;294.750000;mq;mq;mq;mq;mq;8.700000;-10;mq;mq;mq;mq;0.000000;0.000000;mq;0.000000;mq;710.000000;1109.000000;mq;mq;mq;mq;mq;mq;mq;mq;mq;mq;mq;mq;mq;mq;
07280;20110917180000;101220;-70;7;220;2.600000;291.750000;283.050000;57;60000;0;mq;mq;100;mq;1750;mq;mq;mq;98590;mq;mq;mq;288.550000;mq;295.450000;mq;mq;mq;mq;mq;4.600000;-10;mq;mq;mq;mq;0.000000;0.000000;mq;0.000000;mq;710.000000;1105.000000;mq;mq;mq;mq;mq;mq;mq;mq;mq;mq;mq;mq;mq;mq;
07299;20110917180000;101190;-80;6;270;1.500000;291.450000;288.150000;81;20000;15;9;8;90;4;450;39;28;60;98040;mq;mq;mq;289.650000;mq;297.350000;mq;mq;mq;mq;mq;7.700000;-10;mq;mq;0.000000;-60;0.000000;0.000000;mq;0.200000;mq;710.000000;1108.000000;3100.000000;mq;1;8;450;1;9;900;4;6;1500;5;3;2400;
07314;20110917180000;101330;-210;8;250;10.800000;291.250000;288.150000;82;15000;2;1;1;100;8;1250;38;61;60;101060;mq;mq;mq;289.750000;mq;292.350000;mq;mq;mq;mq;mq;17.500000;-10;mq;mq;mq;mq;0.200000;0.200000;mq;0.400000;mq;710.000000;1117.000000;2437.000000;mq;3;8;990;5;6;1800;mq;mq;mq;mq;mq;mq;
07335;20110917180000;101260;-150;7;240;4.600000;289.750000;284.450000;71;60000;0;mq;mq;100;mq;800;mq;mq;mq;99850;mq;mq;mq;285.350000;mq;293.650000;mq;mq;mq;mq;mq;15.400000;-10;mq;mq;mq;mq;0.000000;0.000000;mq;0.000000;mq;710.000000;1115.000000;mq;mq;mq;mq;mq;mq;mq;mq;mq;mq;mq;mq;mq;mq;
07434;20110917180000;101420;-150;8;230;5.100000;287.650000;285.550000;87;60000;0;mq;mq;100;mq;1250;mq;mq;mq;96730;mq;mq;mq;286.350000;mq;289.550000;mq;mq;mq;mq;mq;8.200000;-10;mq;mq;mq;mq;0.000000;0.200000;mq;0.800000;mq;710.000000;1108.000000;mq;mq;mq;mq;mq;mq;mq;mq;mq;mq;mq;mq;mq;mq;
07460;20110917180000;101320;-140;6;150;3.100000;289.850000;287.350000;85;50000;2;1;1;75;2;1250;38;23;12;97540;mq;mq;mq;288.650000;mq;291.750000;mq;mq;mq;mq;mq;4.600000;-10;mq;mq;0.000000;-60;0.000000;0.000000;mq;0.000000;mq;710.000000;1105.000000;3100.000000;mq;1;8;990;6;0;7500;mq;mq;mq;mq;mq;mq;
07471;20110917180000;mq;-10;8;250;4.600000;290.750000;285.250000;70;20000;0;mq;mq;100;mq;800;mq;mq;mq;91980;85000;17500;mq;286.850000;mq;296.750000;mq;mq;mq;mq;mq;8.700000;-10;mq;mq;mq;mq;0.000000;0.000000;mq;0.400000;mq;710.000000;1109.000000;mq;mq;mq;mq;mq;mq;mq;mq;mq;mq;mq;mq;mq;mq;
07481;20110917180000;101320;-10;6;350;3.100000;290.650000;288.650000;88;10000;95;9;8;100;8;450;39;61;60;98530;mq;mq;mq;289.750000;mq;297.350000;mq;mq;mq;mq;mq;6.200000;-10;mq;mq;0.000000;-60;2.000000;3.000000;mq;4.000000;mq;710.000000;1106.000000;3100.000000;mq;2;9;480;4;8;990;5;6;1500;mq;mq;mq;
07510;20110917180000;101560;-140;8;240;3.600000;291.450000;287.550000;78;40000;1;6;5;90;5;800;35;20;12;100920;mq;mq;mq;288.950000;mq;293.150000;mq;mq;mq;mq;mq;7.200000;-10;mq;mq;0.000000;-60;0.000000;0.000000;mq;0.200000;mq;710.000000;1107.000000;3100.000000;mq;1;6;690;3;6;990;5;6;1500;mq;mq;mq;
07535;20110917180000;101520;-40;5;290;3.600000;291.550000;287.250000;76;mq;mq;mq;mq;mq;mq;mq;mq;mq;mq;98490;mq;mq;mq;288.750000;mq;295.750000;mq;mq;mq;mq;mq;8.200000;-10;mq;mq;mq;mq;0.000000;0.000000;mq;0.000000;mq;710.000000;1108.000000;mq;mq;mq;mq;mq;mq;mq;mq;mq;mq;mq;mq;mq;mq;
07558;20110917180000;101440;-10;5;300;2.100000;290.150000;288.150000;88;mq;mq;mq;mq;mq;mq;mq;mq;mq;mq;93360;mq;mq;mq;288.750000;mq;296.050000;mq;mq;mq;mq;mq;5.100000;-10;mq;mq;mq;mq;0.400000;0.600000;mq;0.600000;mq;710.000000;1105.000000;mq;mq;mq;mq;mq;mq;mq;mq;mq;mq;mq;mq;mq;mq;
07577;20110917180000;101230;30;3;10;2.600000;294.350000;292.450000;89;20000;0;mq;mq;mq;mq;mq;mq;mq;mq;100370;mq;mq;mq;290.050000;mq;302.750000;mq;mq;mq;mq;mq;4.600000;-10;mq;mq;mq;mq;7.000000;8.000000;mq;8.000000;mq;710.000000;1105.000000;mq;mq;mq;mq;mq;mq;mq;mq;mq;mq;mq;mq;mq;mq;
07591;20110917180000;mq;150;0;50;3.600000;288.650000;286.650000;88;mq;0;mq;mq;mq;mq;mq;mq;mq;mq;91580;mq;mq;mq;287.350000;mq;301.050000;mq;mq;mq;mq;mq;6.700000;-10;mq;mq;mq;mq;0.000000;2.000000;mq;2.000000;mq;710.000000;1107.000000;mq;mq;mq;mq;mq;mq;mq;mq;mq;mq;mq;mq;mq;mq;
07607;20110917180000;101690;-40;8;290;2.100000;290.150000;289.350000;95;55000;0;mq;mq;100;mq;1250;mq;mq;mq;100990;mq;mq;mq;290.150000;mq;294.650000;mq;mq;mq;mq;mq;4.100000;-10;mq;mq;mq;mq;0.200000;0.600000;mq;0.600000;mq;710.000000;1104.000000;mq;mq;mq;mq;mq;mq;mq;mq;mq;mq;mq;mq;mq;mq;
07621;20110917180000;101650;-60;6;290;3.100000;290.450000;289.650000;95;4000;10;6;5;100;8;250;37;61;60;97440;mq;mq;mq;289.250000;mq;292.850000;mq;mq;mq;mq;mq;8.700000;-10;mq;mq;0.000000;-60;0.200000;0.600000;mq;3.000000;mq;710.000000;1109.000000;3100.000000;mq;4;7;240;5;7;390;8;6;570;mq;mq;mq;
07627;20110917180000;101600;-30;8;0;0.000000;290.150000;288.850000;92;mq;mq;mq;mq;mq;mq;mq;mq;mq;mq;96860;mq;mq;mq;290.050000;mq;292.050000;mq;mq;mq;mq;mq;4.600000;-10;mq;mq;mq;mq;0.200000;1.000000;mq;2.000000;mq;710.000000;1105.000000;mq;mq;mq;mq;mq;mq;mq;mq;mq;mq;mq;mq;mq;mq;
07630;20110917180000;101540;-60;6;310;5.700000;294.250000;287.450000;65;30000;3;8;6;100;8;1250;38;61;60;99800;mq;mq;mq;291.550000;mq;296.150000;mq;mq;mq;mq;mq;6.700000;-10;mq;mq;0.000000;-60;0.000000;0.000000;mq;1.000000;mq;710.000000;1107.000000;3100.000000;mq;2;8;1290;7;6;1500;mq;mq;mq;mq;mq;mq;
07643;20110917180000;101250;-10;5;220;5.700000;297.750000;292.850000;74;30000;2;1;1;90;5;800;38;28;60;101160;mq;mq;mq;291.850000;mq;299.250000;mq;mq;mq;mq;mq;8.700000;-10;mq;mq;mq;mq;0.000000;0.000000;mq;0.000000;mq;710.000000;1109.000000;mq;mq;2;8;780;4;6;1500;5;3;3000;mq;mq;mq;
07650;20110917180000;101320;40;3;200;1.500000;296.350000;292.250000;78;20000;2;1;1;60;1;450;39;20;12;100950;mq;mq;mq;294.750000;mq;301.750000;mq;mq;mq;mq;mq;5.100000;-10;mq;mq;0.000000;-60;0.000000;0.000000;mq;0.000000;mq;710.000000;1105.000000;3100.000000;mq;1;6;450;1;9;990;5;0;7500;mq;mq;mq;
07661;20110917180000;101300;-40;5;310;4.600000;295.650000;292.650000;83;25000;2;1;1;90;6;1250;32;20;11;99760;mq;mq;mq;293.250000;mq;300.750000;mq;mq;mq;mq;mq;6.700000;-10;mq;mq;mq;mq;0.000000;0.000000;mq;0.000000;mq;710.000000;1107.000000;mq;mq;6;8;1200;mq;mq;mq;mq;mq;mq;mq;mq;mq;
07690;20110917180000;101300;-70;5;210;4.100000;297.750000;294.650000;83;30000;2;1;1;90;6;450;39;20;12;100980;mq;mq;mq;294.050000;mq;299.550000;mq;mq;mq;mq;mq;7.200000;-10;mq;mq;0.000000;-60;0.000000;0.000000;mq;0.000000;mq;710.000000;1107.000000;3100.000000;mq;2;8;390;1;9;900;4;6;1380;mq;mq;mq;
07747;20110917180000;101320;-50;6;310;4.100000;295.950000;291.050000;74;45000;0;mq;mq;mq;mq;1250;mq;mq;mq;100810;mq;mq;mq;292.450000;mq;303.350000;mq;mq;mq;mq;mq;7.700000;-10;mq;mq;mq;mq;0.200000;0.400000;mq;0.400000;mq;710.000000;1108.000000;mq;mq;mq;mq;mq;mq;mq;mq;mq;mq;mq;mq;mq;mq;
07761;20110917180000;101380;-40;6;140;2.100000;296.850000;290.550000;68;20000;2;1;1;10;1;1750;31;20;11;101280;mq;mq;mq;290.550000;mq;301.050000;mq;mq;mq;mq;mq;5.100000;-10;mq;mq;0.000000;-60;0.000000;0.000000;mq;0.000000;mq;710.000000;1105.000000;3100.000000;mq;1;8;1500;mq;mq;mq;mq;mq;mq;mq;mq;mq;
07790;20110917180000;101350;-60;6;110;1.000000;296.150000;292.150000;78;15000;2;1;1;60;5;800;38;20;10;101210;mq;mq;mq;294.050000;mq;300.850000;mq;mq;mq;mq;mq;1.500000;-10;mq;mq;0.000000;-60;0.000000;0.000000;mq;0.000000;mq;710.000000;1102.000000;3100.000000;mq;1;8;720;5;6;1500;mq;mq;mq;mq;mq;mq;
61970;20110917180000;101720;mq;mq;mq;mq;297.550000;294.250000;82;mq;mq;mq;mq;mq;mq;mq;mq;mq;mq;mq;mq;mq;mq;mq;mq;302.050000;mq;mq;mq;mq;mq;mq;mq;mq;mq;mq;mq;mq;mq;mq;mq;mq;mq;mq;mq;mq;mq;mq;mq;mq;mq;mq;mq;mq;mq;mq;mq;mq;
61972;20110917180000;102230;mq;mq;160;5.100000;293.450000;286.450000;64;mq;mq;mq;mq;mq;mq;mq;mq;mq;mq;mq;mq;mq;220;mq;mq;299.050000;mq;mq;mq;mq;mq;9.800000;-10;mq;mq;mq;mq;0.000000;mq;mq;0.000000;mq;710.000000;1110.000000;mq;mq;mq;mq;mq;mq;mq;mq;mq;mq;mq;mq;mq;mq;
61976;20110917180000;101820;mq;mq;180;5.100000;296.850000;293.350000;81;mq;mq;mq;mq;mq;mq;mq;mq;mq;mq;101670;mq;mq;10;mq;mq;mq;mq;mq;mq;mq;mq;mq;mq;mq;mq;mq;mq;mq;mq;mq;mq;mq;mq;mq;mq;mq;mq;mq;mq;mq;mq;mq;mq;mq;mq;mq;mq;mq;
61980;20110917180000;101940;mq;mq;190;3.100000;292.550000;289.050000;80;10000;2;1;1;25;2;800;38;20;10;mq;mq;mq;mq;mq;mq;299.250000;mq;mq;mq;mq;mq;4.100000;-10;mq;mq;mq;mq;0.000000;mq;mq;0.000000;mq;710.000000;1104.000000;mq;mq;1;8;780;mq;mq;mq;mq;mq;mq;mq;mq;mq;
61996;20110917180000;mq;mq;mq;mq;mq;286.450000;mq;mq;mq;mq;mq;mq;mq;mq;mq;mq;mq;mq;mq;mq;mq;mq;mq;mq;287.450000;mq;mq;mq;mq;mq;mq;mq;mq;mq;mq;mq;0.000000;mq;mq;0.000000;mq;mq;mq;mq;mq;mq;mq;mq;mq;mq;mq;mq;mq;mq;mq;mq;mq;
61997;20110917180000;99610;mq;mq;180;14.900000;273.450000;272.350000;92;mq;mq;mq;mq;mq;mq;mq;mq;mq;mq;mq;mq;mq;1250;mq;mq;274.550000;mq;mq;mq;mq;mq;24.700000;-60;mq;mq;mq;mq;mq;mq;mq;0.400000;mq;1125.000000;mq;mq;mq;mq;mq;mq;mq;mq;mq;mq;mq;mq;mq;mq;mq;
61998;20110917180000;97330;mq;mq;280;4.100000;273.950000;273.650000;98;mq;mq;mq;mq;mq;mq;mq;mq;mq;mq;mq;mq;mq;mq;mq;mq;274.150000;mq;mq;mq;mq;mq;4.600000;-10;mq;mq;mq;mq;0.000000;mq;mq;12.000000;mq;710.000000;1105.000000;mq;mq;mq;mq;mq;mq;mq;mq;mq;mq;mq;mq;mq;mq;
67005;20110917180000;101540;mq;mq;230;3.600000;298.550000;294.250000;77;mq;0;mq;mq;mq;mq;mq;mq;mq;mq;mq;mq;mq;mq;mq;mq;303.350000;mq;mq;mq;mq;mq;7.700000;-10;mq;mq;mq;mq;0.000000;mq;mq;0.000000;mq;710.000000;1108.000000;mq;mq;mq;mq;mq;mq;mq;mq;mq;mq;mq;mq;mq;mq;
71805;20110917180000;101850;180;1;280;13.400000;287.150000;279.050000;58;30000;1;8;6;10;1;800;31;20;10;101770;mq;mq;mq;mq;283.350000;288.050000;mq;mq;mq;mq;19.500000;22.600000;-10;mq;mq;0.000000;-60;0.000000;0.000000;mq;2.000000;mq;1020.000000;710.000000;1123.000000;3100.000000;1;8;840;mq;mq;mq;mq;mq;mq;mq;mq;mq;
78897;20110917180000;101250;-130;8;140;3.100000;299.750000;297.050000;85;15000;25;9;8;90;6;450;39;20;12;mq;mq;mq;mq;mq;296.050000;302.750000;mq;mq;mq;mq;mq;mq;mq;mq;mq;mq;mq;mq;mq;3.000000;mq;3.400000;mq;mq;mq;mq;1;9;450;5;8;630;mq;mq;mq;mq;mq;mq;
78922;20110917180000;101240;-120;6;200;8.200000;298.050000;296.150000;89;mq;mq;mq;mq;mq;mq;mq;mq;mq;mq;100790;mq;mq;mq;mq;mq;mq;mq;mq;mq;mq;mq;mq;mq;mq;mq;mq;mq;mq;mq;mq;mq;mq;mq;mq;mq;mq;mq;mq;mq;mq;mq;mq;mq;mq;mq;mq;mq;mq;
78925;20110917180000;101260;-140;6;120;4.600000;304.450000;296.550000;63;18000;17;9;2;90;4;800;33;27;12;mq;mq;mq;mq;mq;296.750000;304.950000;mq;mq;mq;mq;mq;mq;mq;mq;mq;mq;mq;mq;mq;0.000000;mq;mq;mq;mq;mq;mq;1;9;750;3;8;930;5;0;7800;mq;mq;mq;
81401;20110917180000;101000;mq;mq;70;2.600000;305.850000;296.250000;57;mq;mq;mq;mq;mq;mq;mq;mq;mq;mq;100940;mq;mq;mq;mq;mq;mq;mq;mq;mq;mq;mq;mq;mq;mq;mq;mq;mq;mq;0.000000;0.000000;mq;mq;mq;mq;mq;mq;mq;mq;mq;mq;mq;mq;mq;mq;mq;mq;mq;mq;
81405;20110917180000;101070;mq;mq;60;6.200000;305.050000;294.850000;55;10000;3;6;2;75;4;1250;32;20;11;100980;mq;mq;mq;mq;mq;mq;mq;mq;mq;mq;mq;mq;mq;mq;mq;mq;mq;mq;0.400000;0.400000;mq;mq;mq;mq;mq;mq;mq;mq;mq;mq;mq;mq;mq;mq;mq;mq;mq;mq;
81408;20110917180000;101000;mq;mq;70;2.600000;306.450000;294.650000;50;mq;mq;mq;mq;mq;mq;mq;mq;mq;mq;100920;mq;mq;mq;mq;mq;mq;mq;mq;mq;mq;mq;mq;mq;mq;mq;mq;mq;mq;0.000000;0.000000;mq;mq;mq;mq;mq;mq;mq;mq;mq;mq;mq;mq;mq;mq;mq;mq;mq;mq;
89642;20110917180000;99720;170;1;120;9.800000;262.050000;256.150000;58;mq;mq;mq;mq;mq;mq;mq;mq;mq;mq;99160;mq;mq;mq;mq;mq;mq;mq;mq;mq;mq;mq;15.400000;-60;mq;mq;mq;mq;mq;mq;mq;mq;mq;1115.000000;mq;mq;mq;mq;mq;mq;mq;mq;mq;mq;mq;mq;mq;mq;mq;
07005;20110917210000;100570;-150;6;190;4.100000;284.650000;283.550000;93;mq;mq;mq;mq;mq;mq;mq;mq;mq;mq;99690;mq;mq;mq;mq;mq;mq;mq;mq;mq;mq;mq;6.700000;-10;mq;mq;mq;mq;0.000000;1.000000;mq;mq;mq;710.000000;1107.000000;mq;mq;mq;mq;mq;mq;mq;mq;mq;mq;mq;mq;mq;mq;
07015;20110917210000;100560;-130;8;220;2.600000;285.550000;284.250000;92;40000;21;9;8;90;5;800;35;27;60;100000;mq;mq;mq;mq;mq;mq;mq;mq;mq;mq;mq;5.100000;-10;mq;mq;0.000000;-30;1.000000;9.000000;mq;mq;mq;710.000000;1105.000000;3100.000000;mq;5;6;750;7;3;2700;mq;mq;mq;mq;mq;mq;
07020;20110917210000;100770;60;3;290;10.300000;285.450000;282.050000;80;mq;mq;mq;mq;mq;mq;mq;mq;mq;mq;100510;mq;mq;mq;mq;mq;mq;mq;mq;mq;mq;16.500000;16.500000;-10;mq;mq;mq;mq;0.000000;0.000000;mq;mq;mq;1016.000000;710.000000;1116.000000;mq;mq;mq;mq;mq;mq;mq;mq;mq;mq;mq;mq;mq;
07027;20110917210000;100780;-20;5;240;4.600000;284.650000;283.250000;91;45000;0;mq;mq;90;mq;2250;mq;mq;mq;99980;mq;mq;mq;mq;mq;mq;mq;mq;mq;mq;mq;7.200000;-10;mq;mq;mq;mq;0.000000;0.400000;mq;mq;mq;710.000000;1107.000000;mq;mq;mq;mq;mq;mq;mq;mq;mq;mq;mq;mq;mq;mq;
07037;20110917210000;100710;-110;6;200;5.100000;284.550000;284.250000;98;7000;0;mq;mq;mq;mq;1250;mq;mq;mq;98900;mq;mq;mq;mq;mq;mq;mq;mq;mq;mq;mq;6.700000;-10;mq;mq;mq;mq;0.000000;0.200000;mq;mq;mq;710.000000;1107.000000;mq;mq;mq;mq;mq;mq;mq;mq;mq;mq;mq;mq;mq;mq;
07110;20110917210000;101150;60;1;280;2.600000;283.350000;281.250000;87;20000;3;mq;mq;60;5;800;38;20;10;100000;mq;mq;mq;mq;mq;mq;mq;mq;mq;mq;mq;4.100000;-10;mq;mq;0.000000;-30;0.000000;0.000000;mq;mq;mq;710.000000;1104.000000;3100.000000;mq;3;8;900;3;6;1140;5;6;1500;mq;mq;mq;
07117;20110917210000;100970;50;1;280;7.700000;285.950000;281.850000;76;15000;2;1;1;60;5;450;32;20;10;100280;mq;mq;mq;mq;mq;mq;mq;mq;mq;mq;mq;14.900000;-10;mq;mq;mq;mq;0.000000;0.000000;mq;mq;mq;710.000000;1115.000000;2447.000000;mq;mq;mq;mq;mq;mq;mq;mq;mq;mq;mq;mq;mq;
07130;20110917210000;101090;110;3;260;4.600000;284.050000;282.150000;88;50000;0;mq;mq;mq;mq;mq;mq;mq;mq;100570;mq;mq;mq;mq;mq;mq;mq;mq;mq;mq;mq;7.700000;-10;mq;mq;mq;mq;0.000000;0.000000;mq;mq;mq;710.000000;1108.000000;mq;mq;mq;mq;mq;mq;mq;mq;mq;mq;mq;mq;mq;mq;
07139;20110917210000;100870;-50;5;280;5.100000;285.650000;281.950000;78;mq;mq;mq;mq;mq;mq;mq;mq;mq;mq;99160;mq;mq;mq;mq;mq;mq;mq;mq;mq;mq;mq;10.800000;-10;mq;mq;mq;mq;0.000000;0.000000;mq;mq;mq;710.000000;1111.000000;mq;mq;mq;mq;mq;mq;mq;mq;mq;mq;mq;mq;mq;mq;
07149;20110917210000;100820;-70;8;230;3.100000;286.950000;286.150000;95;20000;21;6;2;100;7;450;35;61;60;99750;mq;mq;mq;mq;mq;mq;mq;mq;mq;mq;mq;6.200000;-10;mq;mq;0.000000;-30;0.200000;5.000000;mq;mq;mq;710.000000;1106.000000;3100.000000;mq;4;7;300;7;6;1500;mq;mq;mq;mq;mq;mq;
07168;20110917210000;100930;-150;7;200;4.600000;289.150000;284.750000;75;20000;0;mq;mq;mq;mq;mq;mq;mq;mq;99540;mq;mq;mq;mq;mq;mq;mq;mq;mq;mq;mq;7.200000;-10;mq;mq;mq;mq;0.000000;0.000000;mq;mq;mq;710.000000;1107.000000;mq;mq;mq;mq;mq;mq;mq;mq;mq;mq;mq;mq;mq;mq;
07181;20110917210000;101030;-190;8;160;3.600000;284.750000;282.650000;87;60000;0;mq;mq;mq;mq;mq;mq;mq;mq;96990;mq;mq;mq;mq;mq;mq;mq;mq;mq;mq;mq;5.100000;-10;mq;mq;mq;mq;0.000000;0.000000;mq;mq;mq;710.000000;1105.000000;mq;mq;mq;mq;mq;mq;mq;mq;mq;mq;mq;mq;mq;mq;
07190;20110917210000;101030;-110;8;330;1.500000;289.850000;284.550000;71;60000;0;mq;mq;100;mq;1250;mq;mq;mq;99260;mq;mq;mq;mq;mq;mq;mq;mq;mq;mq;mq;3.100000;-10;mq;mq;mq;mq;0.000000;0.000000;mq;mq;mq;710.000000;1103.000000;mq;mq;mq;mq;mq;mq;mq;mq;mq;mq;mq;mq;mq;mq;
07207;20110917210000;mq;mq;mq;310;7.200000;287.350000;282.550000;73;15000;60;2;2;60;3;800;32;27;10;mq;mq;mq;mq;mq;mq;mq;mq;mq;mq;mq;mq;17.500000;-10;mq;mq;mq;mq;0.000000;0.200000;mq;mq;mq;710.000000;1117.000000;2447.000000;mq;mq;mq;mq;mq;mq;mq;mq;mq;mq;mq;mq;mq;
07222;20110917210000;101180;20;3;290;4.100000;285.750000;283.650000;87;25000;1;6;1;25;2;2250;30;23;10;100870;mq;mq;mq;mq;mq;mq;mq;mq;mq;mq;mq;7.200000;-10;mq;mq;mq;mq;0.000000;0.200000;mq;mq;mq;710.000000;1107.000000;mq;mq;2;3;2400;mq;mq;mq;mq;mq;mq;mq;mq;mq;
07240;20110917210000;101050;-40;5;230;6.700000;286.850000;284.850000;88;10000;61;6;2;100;7;250;35;61;60;99720;mq;mq;mq;mq;mq;mq;mq;mq;mq;mq;mq;9.800000;-10;mq;mq;0.000000;-30;1.000000;3.000000;mq;mq;mq;710.000000;1110.000000;3100.000000;mq;5;7;240;7;6;990;mq;mq;mq;mq;mq;mq;
07255;20110917210000;101090;-80;8;240;4.100000;290.050000;285.550000;75;20000;0;mq;mq;mq;mq;800;mq;mq;mq;99150;mq;mq;mq;mq;mq;mq;mq;mq;mq;mq;mq;8.200000;-10;mq;mq;mq;mq;0.000000;0.000000;mq;mq;mq;710.000000;1108.000000;mq;mq;mq;mq;mq;mq;mq;mq;mq;mq;mq;mq;mq;mq;
07280;20110917210000;101120;-120;8;200;3.100000;289.050000;285.450000;79;60000;0;mq;mq;75;mq;1250;mq;mq;mq;98470;mq;mq;mq;mq;mq;mq;mq;mq;mq;mq;mq;4.600000;-10;mq;mq;mq;mq;0.000000;0.000000;mq;mq;mq;710.000000;1105.000000;mq;mq;mq;mq;mq;mq;mq;mq;mq;mq;mq;mq;mq;mq;
07299;20110917210000;101060;-140;8;250;3.100000;290.850000;287.350000;80;20000;2;1;1;90;5;800;38;23;60;97900;mq;mq;mq;mq;mq;mq;mq;mq;mq;mq;mq;5.700000;-10;mq;mq;0.000000;-30;0.000000;0.000000;mq;mq;mq;710.000000;1106.000000;3100.000000;mq;1;8;780;5;6;990;7;3;2400;mq;mq;mq;
07314;20110917210000;101320;-10;6;290;7.200000;289.750000;287.350000;86;mq;mq;mq;mq;mq;mq;mq;mq;mq;mq;101050;mq;mq;mq;mq;mq;mq;mq;mq;mq;mq;mq;14.900000;-10;mq;mq;mq;mq;0.200000;1.000000;mq;mq;mq;710.000000;1115.000000;mq;mq;mq;mq;mq;mq;mq;mq;mq;mq;mq;mq;mq;mq;
07335;20110917210000;101210;-60;6;260;5.700000;287.650000;286.550000;93;55000;0;mq;mq;100;mq;150;mq;mq;mq;99790;mq;mq;mq;mq;mq;mq;mq;mq;mq;mq;mq;10.800000;-10;mq;mq;mq;mq;2.000000;3.000000;mq;mq;mq;710.000000;1111.000000;mq;mq;mq;mq;mq;mq;mq;mq;mq;mq;mq;mq;mq;mq;
07434;20110917210000;101340;-90;7;230;4.600000;287.050000;285.750000;92;60000;0;mq;mq;100;mq;450;mq;mq;mq;96640;mq;mq;mq;mq;mq;mq;mq;mq;mq;mq;mq;8.700000;-10;mq;mq;mq;mq;0.000000;0.000000;mq;mq;mq;710.000000;1109.000000;mq;mq;mq;mq;mq;mq;mq;mq;mq;mq;mq;mq;mq;mq;
07460;20110917210000;101190;-130;8;240;2.600000;289.950000;285.450000;75;40000;2;1;1;90;3;1250;38;20;12;97410;mq;mq;mq;mq;mq;mq;mq;mq;mq;mq;mq;4.100000;-10;mq;mq;0.000000;-30;0.000000;0.000000;mq;mq;mq;710.000000;1104.000000;3100.000000;mq;1;8;1080;3;6;1500;7;0;6300;mq;mq;mq;
07471;20110917210000;mq;-100;8;200;1.500000;288.550000;284.150000;75;20000;0;mq;mq;mq;mq;1250;mq;mq;mq;91880;85000;17420;mq;mq;mq;mq;mq;mq;mq;mq;mq;5.700000;-10;mq;mq;mq;mq;0.000000;0.000000;mq;mq;mq;710.000000;1106.000000;mq;mq;mq;mq;mq;mq;mq;mq;mq;mq;mq;mq;mq;mq;
07481;20110917210000;101180;-140;8;130;3.100000;289.950000;288.250000;90;15000;2;9;8;100;7;1250;38;61;60;98390;mq;mq;mq;mq;mq;mq;mq;mq;mq;mq;mq;5.100000;-10;mq;mq;0.000000;-30;0.000000;0.200000;mq;mq;mq;710.000000;1105.000000;3100.000000;mq;2;8;990;7;6;1500;mq;mq;mq;mq;mq;mq;
07510;20110917210000;101480;-80;7;240;3.100000;290.350000;288.350000;88;15000;60;6;2;90;7;800;35;61;60;100840;mq;mq;mq;mq;mq;mq;mq;mq;mq;mq;mq;7.700000;-10;mq;mq;0.000000;-30;0.000000;0.000000;mq;mq;mq;710.000000;1108.000000;3100.000000;mq;5;6;690;7;6;1500;mq;mq;mq;mq;mq;mq;
07535;20110917210000;101540;-10;8;190;2.600000;288.450000;287.150000;92;mq;mq;mq;mq;mq;mq;mq;mq;mq;mq;98480;mq;mq;mq;mq;mq;mq;mq;mq;mq;mq;mq;4.100000;-10;mq;mq;mq;mq;0.000000;0.200000;mq;mq;mq;710.000000;1104.000000;mq;mq;mq;mq;mq;mq;mq;mq;mq;mq;mq;mq;mq;mq;
07558;20110917210000;101420;-60;8;270;2.100000;288.850000;287.250000;90;mq;mq;mq;mq;mq;mq;mq;mq;mq;mq;93300;mq;mq;mq;mq;mq;mq;mq;mq;mq;mq;mq;3.600000;-10;mq;mq;mq;mq;0.000000;0.600000;mq;mq;mq;710.000000;1104.000000;mq;mq;mq;mq;mq;mq;mq;mq;mq;mq;mq;mq;mq;mq;
07577;20110917210000;101220;-10;7;20;1.000000;293.150000;292.150000;94;10000;62;mq;mq;mq;mq;mq;mq;mq;mq;100360;mq;mq;mq;mq;mq;mq;mq;mq;mq;mq;mq;2.100000;-10;mq;mq;mq;mq;0.600000;2.000000;mq;mq;mq;710.000000;1102.000000;mq;mq;mq;mq;mq;mq;mq;mq;mq;mq;mq;mq;mq;mq;
07591;20110917210000;mq;-80;8;30;2.600000;287.450000;286.850000;96;mq;0;mq;mq;mq;mq;mq;mq;mq;mq;91500;mq;mq;mq;mq;mq;mq;mq;mq;mq;mq;mq;4.600000;-10;mq;mq;mq;mq;0.600000;0.800000;mq;mq;mq;710.000000;1105.000000;mq;mq;mq;mq;mq;mq;mq;mq;mq;mq;mq;mq;mq;mq;
07607;20110917210000;101660;-30;8;250;2.100000;289.950000;288.650000;92;19000;0;mq;mq;100;mq;800;mq;mq;mq;100960;mq;mq;mq;mq;mq;mq;mq;mq;mq;mq;mq;6.200000;-10;mq;mq;mq;mq;0.000000;0.000000;mq;mq;mq;710.000000;1106.000000;mq;mq;mq;mq;mq;mq;mq;mq;mq;mq;mq;mq;mq;mq;
07621;20110917210000;101720;40;1;290;2.600000;288.550000;288.050000;97;5000;21;6;5;100;8;150;37;61;60;97480;mq;mq;mq;mq;mq;mq;mq;mq;mq;mq;mq;5.100000;-10;mq;mq;0.000000;-30;0.200000;2.000000;mq;mq;mq;710.000000;1105.000000;3100.000000;mq;3;7;150;5;7;210;8;6;480;mq;mq;mq;
07627;20110917210000;101590;-10;5;310;1.500000;290.050000;288.950000;93;mq;mq;mq;mq;mq;mq;mq;mq;mq;mq;96850;mq;mq;mq;mq;mq;mq;mq;mq;mq;mq;mq;2.600000;-10;mq;mq;mq;mq;0.000000;0.000000;mq;mq;mq;710.000000;1103.000000;mq;mq;mq;mq;mq;mq;mq;mq;mq;mq;mq;mq;mq;mq;
07630;20110917210000;101580;30;1;290;3.600000;291.550000;289.150000;86;30000;3;8;6;100;8;450;35;61;60;99830;mq;mq;mq;mq;mq;mq;mq;mq;mq;mq;mq;5.700000;-10;mq;mq;0.000000;-30;0.000000;0.000000;mq;mq;mq;710.000000;1106.000000;3100.000000;mq;3;6;360;5;6;630;7;6;900;mq;mq;mq;
07643;20110917210000;101240;-10;8;300;1.000000;295.450000;291.050000;76;30000;2;1;1;90;6;1250;35;28;60;101150;mq;mq;mq;mq;mq;mq;mq;mq;mq;mq;mq;3.100000;-10;mq;mq;mq;mq;0.000000;0.000000;mq;mq;mq;710.000000;1103.000000;mq;mq;6;6;1470;4;3;3000;mq;mq;mq;mq;mq;mq;
07650;20110917210000;101290;-30;8;130;2.600000;294.150000;292.050000;88;20000;2;1;1;40;2;450;32;23;10;100920;mq;mq;mq;mq;mq;mq;mq;mq;mq;mq;mq;3.600000;-10;mq;mq;0.000000;-30;0.000000;0.000000;mq;mq;mq;710.000000;1104.000000;3100.000000;mq;1;6;450;3;3;5400;mq;mq;mq;mq;mq;mq;
07661;20110917210000;101280;-30;8;310;4.600000;294.550000;292.150000;86;mq;mq;mq;mq;mq;mq;mq;mq;mq;mq;99730;mq;mq;mq;mq;mq;mq;mq;mq;mq;mq;mq;7.200000;-10;mq;mq;mq;mq;0.000000;0.000000;mq;mq;mq;710.000000;1107.000000;mq;mq;mq;mq;mq;mq;mq;mq;mq;mq;mq;mq;mq;mq;
07690;20110917210000;101260;-40;8;250;1.500000;296.750000;293.650000;83;20000;2;1;1;60;4;450;38;20;12;100940;mq;mq;mq;mq;mq;mq;mq;mq;mq;mq;mq;3.600000;-10;mq;mq;0.000000;-30;0.000000;0.000000;mq;mq;mq;710.000000;1104.000000;3100.000000;mq;1;8;390;4;6;1200;mq;mq;mq;mq;mq;mq;
07747;20110917210000;101350;30;0;290;3.100000;295.650000;288.950000;66;60000;0;mq;mq;mq;mq;1750;mq;mq;mq;100840;mq;mq;mq;mq;mq;mq;mq;mq;mq;mq;mq;6.700000;-10;mq;mq;mq;mq;0.000000;0.000000;mq;mq;mq;710.000000;1107.000000;mq;mq;mq;mq;mq;mq;mq;mq;mq;mq;mq;mq;mq;mq;
07761;20110917210000;101390;0;0;50;3.100000;292.550000;288.250000;76;20000;2;1;1;0;mq;mq;mq;mq;mq;101280;mq;mq;mq;mq;mq;mq;mq;mq;mq;mq;mq;3.600000;-10;mq;mq;0.000000;-30;0.000000;0.000000;mq;mq;mq;710.000000;1104.000000;3100.000000;mq;mq;mq;mq;mq;mq;mq;mq;mq;mq;mq;mq;mq;
07790;20110917210000;101340;-10;8;190;2.100000;293.150000;291.250000;89;15000;2;1;1;25;2;1250;35;20;10;101200;mq;mq;mq;mq;mq;mq;mq;mq;mq;mq;mq;2.100000;-10;mq;mq;0.000000;-30;0.000000;0.000000;mq;mq;mq;710.000000;1102.000000;3100.000000;mq;2;6;1290;mq;mq;mq;mq;mq;mq;mq;mq;mq;
61970;20110917210000;101750;mq;mq;mq;mq;297.450000;293.350000;78;mq;mq;mq;mq;mq;mq;mq;mq;mq;mq;mq;mq;mq;mq;mq;mq;mq;mq;mq;mq;mq;mq;mq;mq;mq;mq;mq;mq;mq;mq;mq;mq;mq;mq;mq;mq;mq;mq;mq;mq;mq;mq;mq;mq;mq;mq;mq;mq;mq;
61972;20110917210000;102220;mq;mq;160;5.700000;293.350000;286.550000;65;mq;mq;mq;mq;mq;mq;mq;mq;mq;mq;mq;mq;mq;100;mq;mq;mq;mq;mq;mq;mq;mq;10.800000;-10;mq;mq;mq;mq;0.000000;0.000000;mq;mq;mq;710.000000;1111.000000;mq;mq;mq;mq;mq;mq;mq;mq;mq;mq;mq;mq;mq;mq;
61980;20110917210000;101870;mq;mq;190;3.100000;291.450000;288.350000;82;60000;0;mq;mq;mq;mq;mq;mq;mq;mq;mq;mq;mq;mq;mq;mq;mq;mq;mq;mq;mq;mq;4.100000;-10;mq;mq;mq;mq;0.000000;0.000000;mq;mq;mq;710.000000;1104.000000;mq;mq;mq;mq;mq;mq;mq;mq;mq;mq;mq;mq;mq;mq;
61996;20110917210000;mq;mq;mq;mq;mq;286.350000;mq;mq;mq;mq;mq;mq;mq;mq;mq;mq;mq;mq;mq;mq;mq;mq;mq;mq;mq;mq;mq;mq;mq;mq;mq;mq;mq;mq;mq;mq;0.000000;0.000000;mq;mq;mq;mq;mq;mq;mq;mq;mq;mq;mq;mq;mq;mq;mq;mq;mq;mq;mq;
61997;20110917210000;99890;mq;mq;180;12.300000;273.550000;270.850000;82;mq;mq;mq;mq;mq;mq;mq;mq;mq;mq;mq;mq;mq;1940;mq;mq;mq;mq;mq;mq;mq;mq;19.500000;-30;mq;mq;mq;mq;mq;0.000000;mq;mq;mq;1120.000000;mq;mq;mq;mq;mq;mq;mq;mq;mq;mq;mq;mq;mq;mq;mq;
61998;20110917210000;97200;mq;mq;10;2.600000;273.650000;273.350000;98;mq;mq;mq;mq;mq;mq;mq;mq;mq;mq;mq;mq;mq;mq;mq;mq;mq;mq;mq;mq;mq;mq;4.100000;-10;mq;mq;mq;mq;0.000000;0.000000;mq;mq;mq;710.000000;1104.000000;mq;mq;mq;mq;mq;mq;mq;mq;mq;mq;mq;mq;mq;mq;
67005;20110917210000;101550;mq;mq;230;5.100000;298.350000;294.650000;80;mq;0;mq;mq;mq;mq;mq;mq;mq;mq;mq;mq;mq;0;mq;mq;mq;mq;mq;mq;mq;mq;6.700000;-10;mq;mq;mq;mq;0.000000;0.000000;mq;mq;mq;710.000000;1107.000000;mq;mq;mq;mq;mq;mq;mq;mq;mq;mq;mq;mq;mq;mq;
71805;20110917210000;102120;260;1;290;12.300000;285.050000;279.150000;67;30000;2;1;1;25;2;800;31;20;10;102030;mq;mq;mq;mq;mq;mq;mq;mq;mq;mq;mq;20.100000;-10;mq;mq;0.000000;-30;0.000000;0.000000;mq;mq;mq;710.000000;1120.000000;3100.000000;mq;2;8;930;mq;mq;mq;mq;mq;mq;mq;mq;mq;
78897;20110917210000;101280;30;0;140;6.200000;297.250000;295.650000;91;4500;80;8;6;90;6;450;39;23;60;mq;mq;mq;mq;mq;mq;mq;mq;mq;mq;mq;mq;mq;mq;mq;mq;mq;mq;mq;mq;mq;mq;mq;mq;mq;mq;mq;2;9;450;5;8;600;mq;mq;mq;mq;mq;mq;
78922;20110917210000;101210;-20;6;140;5.700000;299.550000;296.050000;81;mq;mq;mq;mq;mq;mq;mq;mq;mq;mq;100770;mq;mq;mq;mq;mq;mq;mq;mq;mq;mq;mq;mq;mq;mq;mq;mq;mq;mq;mq;mq;mq;mq;mq;mq;mq;mq;mq;mq;mq;mq;mq;mq;mq;mq;mq;mq;mq;mq;
78925;20110917210000;101210;-50;6;90;3.100000;301.250000;297.050000;78;20000;2;9;2;90;3;800;32;27;12;mq;mq;mq;mq;mq;mq;mq;mq;mq;mq;mq;mq;mq;mq;mq;mq;mq;mq;mq;mq;mq;mq;mq;mq;mq;mq;mq;1;8;750;3;3;4500;5;0;7800;mq;mq;mq;
81401;20110917210000;100990;mq;mq;230;0.500000;299.750000;297.050000;85;mq;mq;mq;mq;mq;mq;mq;mq;mq;mq;100930;mq;mq;mq;mq;mq;mq;mq;mq;mq;mq;mq;mq;mq;mq;mq;mq;mq;mq;2.000000;mq;mq;mq;mq;mq;mq;mq;mq;mq;mq;mq;mq;mq;mq;mq;mq;mq;mq;mq;
81405;20110917210000;101020;mq;mq;70;3.600000;302.250000;296.450000;71;10000;2;1;1;60;2;800;32;20;11;100930;mq;mq;mq;mq;mq;mq;mq;mq;mq;mq;mq;mq;mq;mq;mq;mq;mq;mq;0.000000;mq;mq;mq;mq;mq;mq;mq;mq;mq;mq;mq;mq;mq;mq;mq;mq;mq;mq;mq;
81408;20110917210000;100970;mq;mq;90;2.100000;303.350000;295.550000;63;mq;mq;mq;mq;mq;mq;mq;mq;mq;mq;100890;mq;mq;mq;mq;mq;mq;mq;mq;mq;mq;mq;mq;mq;mq;mq;mq;mq;mq;0.000000;mq;mq;mq;mq;mq;mq;mq;mq;mq;mq;mq;mq;mq;mq;mq;mq;mq;mq;mq;
89642;20110917210000;99910;190;3;120;9.800000;261.250000;254.650000;54;mq;mq;mq;mq;mq;mq;mq;mq;mq;mq;99350;mq;mq;mq;mq;mq;mq;mq;mq;mq;mq;mq;mq;mq;mq;mq;mq;mq;mq;mq;mq;mq;mq;mq;mq;mq;mq;mq;mq;mq;mq;mq;mq;mq;mq;mq;mq;mq;mq;
07005;20110918000000;100520;-60;6;210;3.100000;284.050000;282.950000;93;mq;mq;mq;mq;mq;mq;mq;mq;mq;mq;99630;mq;mq;mq;mq;mq;mq;mq;mq;mq;mq;mq;8.200000;-10;mq;mq;mq;mq;0.800000;1.000000;2.000000;mq;mq;710.000000;1108.000000;mq;mq;mq;mq;mq;mq;mq;mq;mq;mq;mq;mq;mq;mq;
07015;20110918000000;100450;-110;8;200;2.600000;284.650000;283.750000;94;30000;25;9;8;75;2;450;35;23;10;99890;mq;mq;mq;mq;mq;mq;mq;mq;mq;mq;mq;7.700000;-10;mq;mq;0.000000;-60;0.200000;0.200000;9.000000;mq;mq;710.000000;1108.000000;3100.000000;mq;2;6;330;6;3;3600;mq;mq;mq;mq;mq;mq;
07020;20110918000000;100720;-50;7;290;9.800000;287.350000;283.150000;76;14000;1;6;2;75;6;1250;35;20;10;100460;mq;mq;mq;mq;mq;mq;mq;mq;mq;mq;mq;14.900000;-10;mq;mq;mq;mq;0.000000;0.000000;0.000000;mq;mq;710.000000;1115.000000;mq;mq;6;6;990;mq;mq;mq;mq;mq;mq;mq;mq;mq;
07027;20110918000000;100770;-20;7;240;4.100000;282.950000;281.350000;90;60000;0;mq;mq;mq;mq;800;mq;mq;mq;99960;mq;mq;mq;mq;mq;mq;mq;mq;mq;mq;mq;9.300000;-10;mq;mq;mq;mq;0.000000;0.000000;0.400000;mq;mq;710.000000;1109.000000;mq;mq;mq;mq;mq;mq;mq;mq;mq;mq;mq;mq;mq;mq;
07037;20110918000000;100690;-30;6;240;4.600000;282.850000;282.350000;97;15000;0;mq;mq;mq;mq;800;mq;mq;mq;98870;mq;mq;mq;mq;mq;mq;mq;mq;mq;mq;mq;7.700000;-10;mq;mq;mq;mq;0.000000;0.000000;0.200000;mq;mq;710.000000;1108.000000;mq;mq;mq;mq;mq;mq;mq;mq;mq;mq;mq;mq;mq;mq;
07110;20110918000000;101120;-20;8;270;3.600000;283.450000;281.750000;89;30000;2;mq;mq;10;1;800;38;20;10;99980;mq;mq;mq;mq;mq;mq;mq;mq;mq;mq;mq;6.700000;-10;mq;mq;0.000000;-60;0.000000;0.000000;0.000000;mq;mq;710.000000;1107.000000;3100.000000;mq;1;8;780;mq;mq;mq;mq;mq;mq;mq;mq;mq;
07117;20110918000000;100940;-30;6;280;8.700000;286.250000;281.750000;74;15000;2;1;1;100;8;800;35;20;10;100250;mq;mq;mq;mq;mq;mq;mq;mq;mq;mq;14.900000;14.900000;-10;mq;mq;mq;mq;0.000000;0.000000;0.000000;mq;mq;1015.000000;710.000000;1115.000000;2447.000000;mq;mq;mq;mq;mq;mq;mq;mq;mq;mq;mq;mq;
07130;20110918000000;101070;-20;7;250;4.100000;283.050000;281.350000;89;35000;0;mq;mq;mq;mq;mq;mq;mq;mq;100550;mq;mq;mq;mq;mq;mq;mq;mq;mq;mq;mq;6.200000;-10;mq;mq;mq;mq;0.000000;0.000000;0.000000;mq;mq;710.000000;1106.000000;mq;mq;mq;mq;mq;mq;mq;mq;mq;mq;mq;mq;mq;mq;
07139;20110918000000;100920;30;2;270;4.100000;283.350000;280.750000;84;mq;mq;mq;mq;mq;mq;mq;mq;mq;mq;99190;mq;mq;mq;mq;mq;mq;mq;mq;mq;mq;mq;8.700000;-10;mq;mq;mq;mq;0.000000;0.000000;0.000000;mq;mq;710.000000;1109.000000;mq;mq;mq;mq;mq;mq;mq;mq;mq;mq;mq;mq;mq;mq;
07149;20110918000000;100730;-90;6;230;2.100000;286.150000;285.050000;93;25000;1;6;1;50;4;450;32;20;10;99660;mq;mq;mq;mq;mq;mq;mq;mq;mq;mq;mq;6.700000;-10;mq;mq;0.000000;-60;0.000000;0.600000;5.000000;mq;mq;710.000000;1107.000000;3100.000000;mq;4;8;420;mq;mq;mq;mq;mq;mq;mq;mq;mq;
07168;20110918000000;100840;-100;8;180;3.100000;285.750000;284.150000;90;14000;60;mq;mq;mq;mq;mq;mq;mq;mq;99440;mq;mq;mq;mq;mq;mq;mq;mq;mq;mq;mq;5.100000;-10;mq;mq;mq;mq;0.600000;2.000000;2.000000;mq;mq;710.000000;1105.000000;mq;mq;mq;mq;mq;mq;mq;mq;mq;mq;mq;mq;mq;mq;
07181;20110918000000;100810;-180;6;200;5.700000;286.750000;284.250000;85;19000;61;mq;mq;100;mq;1250;mq;mq;mq;96810;mq;mq;mq;mq;mq;mq;mq;mq;mq;mq;mq;8.700000;-10;mq;mq;mq;mq;0.000000;0.000000;0.000000;mq;mq;710.000000;1109.000000;mq;mq;mq;mq;mq;mq;mq;mq;mq;mq;mq;mq;mq;mq;
07190;20110918000000;100850;-180;6;150;1.500000;288.950000;285.350000;79;60000;0;mq;mq;90;mq;1250;mq;mq;mq;99080;mq;mq;mq;mq;mq;mq;mq;mq;mq;mq;mq;4.100000;-10;mq;mq;mq;mq;0.000000;0.000000;0.000000;mq;mq;710.000000;1104.000000;mq;mq;mq;mq;mq;mq;mq;mq;mq;mq;mq;mq;mq;mq;
07207;20110918000000;mq;mq;mq;310;7.700000;287.450000;281.650000;68;15000;2;8;2;50;4;800;31;20;10;mq;mq;mq;mq;mq;mq;mq;mq;mq;mq;mq;mq;12.900000;-10;mq;mq;mq;mq;0.000000;0.600000;0.800000;mq;mq;710.000000;1113.000000;2447.000000;mq;mq;mq;mq;mq;mq;mq;mq;mq;mq;mq;mq;mq;
07222;20110918000000;101200;10;0;300;1.500000;283.150000;281.050000;87;55000;0;mq;mq;mq;mq;mq;mq;mq;mq;100880;mq;mq;mq;mq;mq;mq;mq;mq;mq;mq;mq;4.600000;-10;mq;mq;mq;mq;0.000000;0.000000;0.200000;mq;mq;710.000000;1105.000000;mq;mq;mq;mq;mq;mq;mq;mq;mq;mq;mq;mq;mq;mq;
07240;20110918000000;101050;-10;5;250;4.100000;284.350000;283.250000;93;15000;3;6;1;50;4;450;35;23;10;99710;mq;mq;mq;mq;mq;mq;mq;mq;mq;mq;mq;7.200000;-10;mq;mq;0.000000;-60;0.000000;0.400000;3.000000;mq;mq;710.000000;1107.000000;3100.000000;mq;4;6;540;mq;mq;mq;mq;mq;mq;mq;mq;mq;
07255;20110918000000;101070;-50;5;270;3.600000;285.550000;283.750000;89;9000;61;mq;mq;mq;mq;450;mq;mq;mq;99100;mq;mq;mq;mq;mq;mq;mq;mq;mq;mq;mq;9.800000;-10;mq;mq;mq;mq;0.800000;7.000000;7.000000;mq;mq;710.000000;1110.000000;mq;mq;mq;mq;mq;mq;mq;mq;mq;mq;mq;mq;mq;mq;
07280;20110918000000;100950;-170;8;200;4.100000;288.550000;286.350000;87;60000;0;mq;mq;100;mq;1750;mq;mq;mq;98300;mq;mq;mq;mq;mq;mq;mq;mq;mq;mq;mq;6.700000;-10;mq;mq;mq;mq;0.000000;0.000000;0.000000;mq;mq;710.000000;1107.000000;mq;mq;mq;mq;mq;mq;mq;mq;mq;mq;mq;mq;mq;mq;
07299;20110918000000;100940;-130;8;180;0.500000;289.450000;287.950000;91;45000;0;mq;mq;100;mq;1750;mq;mq;mq;97770;mq;mq;mq;mq;mq;mq;mq;mq;mq;mq;mq;2.100000;-10;mq;mq;mq;mq;0.000000;0.200000;0.200000;mq;mq;710.000000;1102.000000;mq;mq;mq;mq;mq;mq;mq;mq;mq;mq;mq;mq;mq;mq;
07314;20110918000000;101310;-10;6;300;9.800000;289.750000;284.250000;70;15000;2;1;1;90;7;1750;35;20;10;101040;mq;mq;mq;mq;mq;mq;mq;mq;mq;mq;mq;16.500000;-10;mq;mq;mq;mq;0.000000;0.000000;1.000000;mq;mq;710.000000;1116.000000;2437.000000;mq;7;6;1500;mq;mq;mq;mq;mq;mq;mq;mq;mq;
07335;20110918000000;101230;10;3;260;3.100000;285.350000;283.950000;91;50000;0;mq;mq;mq;mq;800;mq;mq;mq;99800;mq;mq;mq;mq;mq;mq;mq;mq;mq;mq;mq;7.700000;-10;mq;mq;mq;mq;0.000000;0.200000;3.000000;mq;mq;710.000000;1108.000000;mq;mq;mq;mq;mq;mq;mq;mq;mq;mq;mq;mq;mq;mq;
07434;20110918000000;101250;-120;6;280;5.100000;284.950000;284.150000;95;2400;63;mq;mq;100;mq;150;mq;mq;mq;96520;mq;mq;mq;mq;mq;mq;mq;mq;mq;mq;mq;10.800000;-10;mq;mq;mq;mq;7.000000;8.000000;8.000000;mq;mq;710.000000;1111.000000;mq;mq;mq;mq;mq;mq;mq;mq;mq;mq;mq;mq;mq;mq;
07460;20110918000000;101120;-70;8;170;1.500000;289.450000;284.350000;72;40000;2;1;1;90;6;1250;38;23;12;97340;mq;mq;mq;mq;mq;mq;mq;mq;mq;mq;mq;8.700000;-10;mq;mq;0.000000;-60;0.000000;0.000000;0.000000;mq;mq;710.000000;1109.000000;3100.000000;mq;1;8;990;6;6;1500;5;0;6300;mq;mq;mq;
07471;20110918000000;mq;-150;6;250;5.100000;288.650000;283.650000;72;20000;0;mq;mq;mq;mq;mq;mq;mq;mq;91730;85000;17280;mq;mq;mq;mq;mq;mq;mq;mq;mq;11.300000;-10;mq;mq;mq;mq;0.000000;0.000000;0.000000;mq;mq;710.000000;1111.000000;mq;mq;mq;mq;mq;mq;mq;mq;mq;mq;mq;mq;mq;mq;
07481;20110918000000;101080;-100;8;230;1.000000;289.650000;288.050000;90;15000;2;9;8;100;4;2250;35;27;60;98290;mq;mq;mq;mq;mq;mq;mq;mq;mq;mq;mq;4.100000;-10;mq;mq;0.000000;-60;0.000000;0.000000;0.200000;mq;mq;710.000000;1104.000000;3100.000000;mq;4;6;2100;7;3;3600;mq;mq;mq;mq;mq;mq;
07510;20110918000000;101430;-50;7;250;2.600000;288.350000;288.350000;100;10000;60;6;2;100;8;450;38;27;60;100790;mq;mq;mq;mq;mq;mq;mq;mq;mq;mq;mq;9.300000;-10;mq;mq;0.000000;-60;0.200000;1.000000;1.000000;mq;mq;710.000000;1109.000000;3100.000000;mq;1;8;390;7;6;1200;7;3;2400;mq;mq;mq;
07535;20110918000000;101380;-160;8;220;2.100000;288.150000;286.850000;92;mq;mq;mq;mq;mq;mq;mq;mq;mq;mq;98320;mq;mq;mq;mq;mq;mq;mq;mq;mq;mq;mq;5.100000;-10;mq;mq;mq;mq;0.000000;0.000000;0.200000;mq;mq;710.000000;1105.000000;mq;mq;mq;mq;mq;mq;mq;mq;mq;mq;mq;mq;mq;mq;
07558;20110918000000;101310;-130;6;270;2.600000;287.550000;286.550000;94;mq;mq;mq;mq;mq;mq;mq;mq;mq;mq;93170;mq;mq;mq;mq;mq;mq;mq;mq;mq;mq;mq;4.600000;-10;mq;mq;mq;mq;0.000000;0.000000;0.600000;mq;mq;710.000000;1105.000000;mq;mq;mq;mq;mq;mq;mq;mq;mq;mq;mq;mq;mq;mq;
07577;20110918000000;101100;-120;8;280;0.500000;292.550000;291.850000;96;7000;0;mq;mq;mq;mq;mq;mq;mq;mq;100240;mq;mq;mq;mq;mq;mq;mq;mq;mq;mq;mq;2.100000;-10;mq;mq;mq;mq;1.000000;3.000000;5.000000;mq;mq;710.000000;1102.000000;mq;mq;mq;mq;mq;mq;mq;mq;mq;mq;mq;mq;mq;mq;
07591;20110918000000;mq;-100;8;50;2.100000;286.750000;286.450000;98;mq;0;mq;mq;mq;mq;mq;mq;mq;mq;91400;mq;mq;mq;mq;mq;mq;mq;mq;mq;mq;mq;4.100000;-10;mq;mq;mq;mq;0.600000;3.000000;3.000000;mq;mq;710.000000;1104.000000;mq;mq;mq;mq;mq;mq;mq;mq;mq;mq;mq;mq;mq;mq;
07607;20110918000000;101550;-110;8;240;3.100000;289.950000;287.550000;86;60000;0;mq;mq;100;mq;800;mq;mq;mq;100850;mq;mq;mq;mq;mq;mq;mq;mq;mq;mq;mq;5.700000;-10;mq;mq;mq;mq;0.000000;0.000000;0.000000;mq;mq;710.000000;1106.000000;mq;mq;mq;mq;mq;mq;mq;mq;mq;mq;mq;mq;mq;mq;
07621;20110918000000;101660;-80;6;220;2.600000;287.650000;286.550000;93;6000;21;6;5;100;7;150;37;61;60;97400;mq;mq;mq;mq;mq;mq;mq;mq;mq;mq;mq;11.800000;-10;mq;mq;0.000000;-60;0.200000;0.600000;3.000000;mq;mq;710.000000;1112.000000;3100.000000;mq;3;7;180;5;7;270;7;6;780;mq;mq;mq;
07627;20110918000000;101600;-30;5;320;3.600000;288.150000;286.850000;92;mq;mq;mq;mq;mq;mq;mq;mq;mq;mq;96820;mq;mq;mq;mq;mq;mq;mq;mq;mq;mq;mq;9.300000;-10;mq;mq;mq;mq;0.400000;0.800000;0.800000;mq;mq;710.000000;1109.000000;mq;mq;mq;mq;mq;mq;mq;mq;mq;mq;mq;mq;mq;mq;
07630;20110918000000;101550;-50;8;280;5.700000;289.450000;287.150000;86;60000;0;mq;mq;100;mq;450;mq;mq;mq;99780;mq;mq;mq;mq;mq;mq;mq;mq;mq;mq;mq;9.800000;-10;mq;mq;mq;mq;0.000000;0.000000;0.000000;mq;mq;710.000000;1110.000000;mq;mq;mq;mq;mq;mq;mq;mq;mq;mq;mq;mq;mq;mq;
07643;20110918000000;101150;-90;8;270;4.100000;295.450000;288.750000;66;60000;0;mq;mq;mq;mq;mq;mq;mq;mq;101060;mq;mq;mq;mq;mq;mq;mq;mq;mq;mq;mq;5.100000;-10;mq;mq;mq;mq;0.000000;0.000000;0.000000;mq;mq;710.000000;1105.000000;mq;mq;mq;mq;mq;mq;mq;mq;mq;mq;mq;mq;mq;mq;
07650;20110918000000;101140;-150;7;140;2.100000;294.450000;292.550000;89;21000;0;mq;mq;mq;mq;800;mq;mq;mq;100770;mq;mq;mq;mq;mq;mq;mq;mq;mq;mq;mq;3.600000;-10;mq;mq;mq;mq;0.000000;0.000000;0.000000;mq;mq;710.000000;1104.000000;mq;mq;mq;mq;mq;mq;mq;mq;mq;mq;mq;mq;mq;mq;
07661;20110918000000;101180;-100;6;340;3.600000;293.850000;291.650000;87;mq;mq;mq;mq;mq;mq;mq;mq;mq;mq;99630;mq;mq;mq;mq;mq;mq;mq;mq;mq;mq;mq;6.700000;-10;mq;mq;mq;mq;0.000000;0.000000;0.000000;mq;mq;710.000000;1107.000000;mq;mq;mq;mq;mq;mq;mq;mq;mq;mq;mq;mq;mq;mq;
07690;20110918000000;101110;-150;6;330;4.100000;295.450000;288.050000;63;30000;2;1;1;25;1;450;31;20;12;100790;mq;mq;mq;mq;mq;mq;mq;mq;mq;mq;mq;6.700000;-10;mq;mq;0.000000;-60;0.000000;0.000000;0.000000;mq;mq;710.000000;1107.000000;3100.000000;mq;1;8;390;mq;mq;mq;mq;mq;mq;mq;mq;mq;
07747;20110918000000;101240;-110;6;310;2.100000;295.250000;288.350000;65;60000;0;mq;mq;mq;mq;1750;mq;mq;mq;100730;mq;mq;mq;mq;mq;mq;mq;mq;mq;mq;mq;6.200000;-10;mq;mq;mq;mq;0.000000;0.000000;0.000000;mq;mq;710.000000;1106.000000;mq;mq;mq;mq;mq;mq;mq;mq;mq;mq;mq;mq;mq;mq;
07761;20110918000000;101280;-110;8;70;2.100000;290.950000;287.050000;78;20000;2;1;1;0;mq;mq;mq;mq;mq;101170;mq;mq;mq;mq;mq;mq;mq;mq;mq;mq;mq;4.100000;-10;mq;mq;0.000000;-60;0.000000;0.000000;0.000000;mq;mq;710.000000;1104.000000;3100.000000;mq;mq;mq;mq;mq;mq;mq;mq;mq;mq;mq;mq;mq;
07790;20110918000000;101240;-100;8;200;1.500000;291.950000;290.250000;90;26000;0;mq;mq;mq;mq;mq;mq;mq;mq;101100;mq;mq;mq;mq;mq;mq;mq;mq;mq;mq;mq;2.100000;-10;mq;mq;mq;mq;0.000000;0.000000;0.000000;mq;mq;710.000000;1102.000000;mq;mq;mq;mq;mq;mq;mq;mq;mq;mq;mq;mq;mq;mq;
61970;20110918000000;101580;mq;mq;mq;mq;297.050000;293.550000;81;mq;mq;mq;mq;mq;mq;mq;mq;mq;mq;mq;mq;mq;mq;mq;mq;mq;mq;mq;mq;mq;mq;mq;mq;mq;mq;mq;mq;0.000000;mq;0.000000;mq;mq;mq;mq;mq;mq;mq;mq;mq;mq;mq;mq;mq;mq;mq;mq;mq;mq;
61972;20110918000000;102010;mq;mq;160;5.100000;292.850000;287.250000;70;mq;mq;mq;mq;mq;mq;mq;mq;mq;mq;mq;mq;mq;mq;mq;mq;mq;mq;mq;mq;mq;mq;10.800000;-10;mq;mq;mq;mq;0.000000;mq;0.000000;mq;mq;710.000000;1111.000000;mq;mq;mq;mq;mq;mq;mq;mq;mq;mq;mq;mq;mq;mq;
61980;20110918000000;101770;mq;mq;180;2.600000;292.650000;288.550000;77;10000;0;mq;mq;75;2;800;38;23;10;mq;mq;mq;50;mq;mq;mq;mq;mq;mq;mq;mq;4.100000;-10;mq;mq;mq;mq;0.000000;mq;0.000000;mq;mq;710.000000;1104.000000;mq;mq;1;8;690;3;6;1800;5;3;3300;mq;mq;mq;
61996;20110918000000;mq;mq;mq;mq;mq;286.650000;mq;mq;mq;mq;mq;mq;mq;mq;mq;mq;mq;mq;mq;mq;mq;mq;mq;mq;mq;mq;mq;mq;mq;mq;mq;mq;mq;mq;mq;mq;0.000000;mq;0.000000;mq;mq;mq;mq;mq;mq;mq;mq;mq;mq;mq;mq;mq;mq;mq;mq;mq;mq;
61997;20110918000000;100000;mq;mq;190;10.800000;273.350000;270.350000;80;mq;mq;mq;mq;mq;mq;mq;mq;mq;mq;mq;mq;mq;2350;mq;mq;mq;mq;mq;mq;mq;mq;19.500000;-60;mq;mq;mq;mq;mq;mq;0.000000;mq;mq;1120.000000;mq;mq;mq;mq;mq;mq;mq;mq;mq;mq;mq;mq;mq;mq;mq;
61998;20110918000000;97000;mq;mq;300;1.000000;273.550000;273.250000;98;15000;0;mq;mq;100;8;450;37;61;60;mq;mq;mq;mq;mq;mq;mq;mq;mq;mq;mq;mq;1.500000;-10;mq;mq;mq;mq;0.000000;mq;0.000000;mq;mq;710.000000;1102.000000;mq;mq;8;7;300;mq;mq;mq;mq;mq;mq;mq;mq;mq;
67005;20110918000000;101430;mq;mq;170;4.100000;298.150000;294.650000;81;mq;0;mq;mq;mq;mq;mq;mq;mq;mq;mq;mq;mq;mq;mq;mq;mq;mq;mq;mq;mq;mq;6.200000;-10;mq;mq;mq;mq;0.000000;mq;0.000000;mq;mq;710.000000;1106.000000;mq;mq;mq;mq;mq;mq;mq;mq;mq;mq;mq;mq;mq;mq;
71805;20110918000000;102500;380;1;300;5.700000;283.450000;279.550000;77;50000;0;mq;mq;mq;mq;mq;mq;mq;mq;102410;mq;mq;mq;mq;mq;mq;mq;mq;mq;mq;mq;11.300000;-10;mq;mq;mq;mq;0.000000;0.000000;0.000000;mq;mq;710.000000;1111.000000;mq;mq;mq;mq;mq;mq;mq;mq;mq;mq;mq;mq;mq;mq;
78897;20110918000000;101350;70;3;90;2.100000;298.250000;296.450000;90;15000;2;8;6;90;5;800;38;23;60;mq;mq;mq;mq;296.050000;mq;302.750000;mq;mq;mq;mq;mq;mq;mq;mq;mq;mq;mq;mq;mq;2.000000;mq;5.200000;mq;mq;mq;mq;3;8;600;3;6;1500;mq;mq;mq;mq;mq;mq;
78922;20110918000000;101360;140;2;170;5.700000;297.450000;296.050000;92;mq;mq;mq;mq;mq;mq;mq;mq;mq;mq;100910;mq;mq;mq;mq;mq;mq;mq;mq;mq;mq;mq;mq;mq;mq;mq;mq;mq;mq;mq;mq;mq;mq;mq;mq;mq;mq;mq;mq;mq;mq;mq;mq;mq;mq;mq;mq;mq;mq;
78925;20110918000000;101360;150;3;20;1.000000;298.950000;297.350000;91;15000;1;9;2;75;3;800;32;27;12;mq;mq;mq;mq;296.750000;mq;304.950000;mq;mq;mq;mq;mq;mq;mq;mq;mq;mq;mq;mq;mq;0.000000;mq;0.000000;mq;mq;mq;mq;3;8;630;5;0;7800;mq;mq;mq;mq;mq;mq;
81401;20110918000000;101130;mq;mq;0;0.000000;298.050000;296.650000;92;mq;mq;mq;mq;mq;mq;mq;mq;mq;mq;101070;mq;mq;mq;mq;mq;306.750000;mq;mq;mq;mq;mq;mq;mq;mq;mq;mq;mq;mq;0.000000;2.000000;mq;mq;mq;mq;mq;mq;mq;mq;mq;mq;mq;mq;mq;mq;mq;mq;mq;mq;
81405;20110918000000;101200;mq;mq;90;1.500000;299.750000;297.250000;86;35000;0;mq;mq;mq;mq;mq;mq;mq;mq;101110;mq;mq;mq;mq;mq;305.850000;mq;mq;mq;mq;mq;mq;mq;mq;mq;mq;mq;mq;0.000000;0.000000;mq;mq;mq;mq;mq;mq;mq;mq;mq;mq;mq;mq;mq;mq;mq;mq;mq;mq;
81408;20110918000000;101180;mq;mq;0;0.000000;298.350000;296.250000;88;mq;mq;mq;mq;mq;mq;mq;mq;mq;mq;101100;mq;mq;mq;mq;mq;307.250000;mq;mq;mq;mq;mq;mq;mq;mq;mq;mq;mq;mq;0.000000;0.000000;mq;mq;mq;mq;mq;mq;mq;mq;mq;mq;mq;mq;mq;mq;mq;mq;mq;mq;
89642;20110918000000;100090;180;1;140;8.200000;261.150000;254.350000;53;40000;2;1;1;100;0;8000;30;20;17;99530;mq;mq;mq;260.850000;mq;262.950000;mq;mq;mq;mq;mq;16.500000;-60;mq;mq;mq;mq;mq;mq;mq;mq;mq;1116.000000;mq;mq;mq;8;2;4800;mq;mq;mq;mq;mq;mq;mq;mq;mq;
07005;20110918030000;100480;-40;6;210;5.100000;283.250000;282.350000;94;mq;mq;mq;mq;mq;mq;mq;mq;mq;mq;99590;mq;mq;mq;mq;mq;mq;mq;mq;mq;mq;mq;7.200000;-10;mq;mq;mq;mq;0.200000;1.000000;mq;mq;mq;710.000000;1107.000000;mq;mq;mq;mq;mq;mq;mq;mq;mq;mq;mq;mq;mq;mq;
07015;20110918030000;100370;-80;6;230;4.100000;283.450000;282.250000;92;35000;0;mq;mq;60;5;3500;30;23;10;99810;mq;mq;mq;mq;mq;mq;mq;mq;mq;mq;mq;6.700000;-10;mq;mq;0.000000;-30;0.000000;0.000000;mq;mq;mq;710.000000;1107.000000;3100.000000;mq;5;3;3000;mq;mq;mq;mq;mq;mq;mq;mq;mq;
07020;20110918030000;100650;-70;8;280;9.800000;287.550000;282.750000;73;14000;2;1;1;75;6;800;32;20;10;100390;mq;mq;mq;mq;mq;mq;mq;mq;mq;mq;mq;14.900000;-10;mq;mq;mq;mq;0.000000;0.000000;mq;mq;mq;710.000000;1115.000000;mq;mq;6;8;780;mq;mq;mq;mq;mq;mq;mq;mq;mq;
07027;20110918030000;100710;-60;7;210;4.600000;281.750000;280.950000;95;50000;0;mq;mq;mq;mq;800;mq;mq;mq;99900;mq;mq;mq;mq;mq;mq;mq;mq;mq;mq;mq;6.200000;-10;mq;mq;mq;mq;0.000000;0.000000;mq;mq;mq;710.000000;1106.000000;mq;mq;mq;mq;mq;mq;mq;mq;mq;mq;mq;mq;mq;mq;
07037;20110918030000;100670;-20;8;230;3.600000;282.350000;281.850000;97;13000;0;mq;mq;100;mq;450;mq;mq;mq;98850;mq;mq;mq;mq;mq;mq;mq;mq;mq;mq;mq;6.200000;-10;mq;mq;mq;mq;0.400000;2.000000;mq;mq;mq;710.000000;1106.000000;mq;mq;mq;mq;mq;mq;mq;mq;mq;mq;mq;mq;mq;mq;
07110;20110918030000;101090;-30;8;290;4.600000;284.150000;282.450000;89;15000;25;mq;mq;60;5;450;39;20;10;99950;mq;mq;mq;mq;mq;mq;mq;mq;mq;mq;mq;7.700000;-10;mq;mq;0.000000;-30;0.200000;0.200000;mq;mq;mq;710.000000;1108.000000;3100.000000;mq;2;9;480;4;6;1500;mq;mq;mq;mq;mq;mq;
07117;20110918030000;100870;-70;8;280;8.700000;286.150000;282.550000;79;15000;2;1;1;100;8;800;35;20;10;100180;mq;mq;mq;mq;mq;mq;mq;mq;mq;mq;14.400000;15.400000;-10;mq;mq;mq;mq;0.000000;0.000000;mq;mq;mq;1014.000000;710.000000;1115.000000;2447.000000;mq;mq;mq;mq;mq;mq;mq;mq;mq;mq;mq;mq;
07130;20110918030000;101010;-60;8;240;2.600000;281.750000;280.650000;93;29000;0;mq;mq;mq;mq;mq;mq;mq;mq;100490;mq;mq;mq;mq;mq;mq;mq;mq;mq;mq;mq;5.100000;-10;mq;mq;mq;mq;0.000000;0.000000;mq;mq;mq;710.000000;1105.000000;mq;mq;mq;mq;mq;mq;mq;mq;mq;mq;mq;mq;mq;mq;
07139;20110918030000;100900;-30;7;250;3.100000;281.550000;279.850000;89;mq;mq;mq;mq;mq;mq;mq;mq;mq;mq;99160;mq;mq;mq;mq;mq;mq;mq;mq;mq;mq;mq;5.700000;-10;mq;mq;mq;mq;0.000000;0.000000;mq;mq;mq;710.000000;1106.000000;mq;mq;mq;mq;mq;mq;mq;mq;mq;mq;mq;mq;mq;mq;
07149;20110918030000;100770;30;2;250;3.100000;283.250000;282.050000;92;30000;3;8;6;10;1;450;31;20;10;99690;mq;mq;mq;mq;mq;mq;mq;mq;mq;mq;mq;5.700000;-10;mq;mq;0.000000;-30;0.000000;0.000000;mq;mq;mq;710.000000;1106.000000;3100.000000;mq;1;8;330;mq;mq;mq;mq;mq;mq;mq;mq;mq;
07168;20110918030000;100740;-100;6;260;6.200000;285.150000;283.050000;87;20000;0;mq;mq;mq;mq;mq;mq;mq;mq;99340;mq;mq;mq;mq;mq;mq;mq;mq;mq;mq;mq;8.700000;-10;mq;mq;mq;mq;0.000000;1.000000;mq;mq;mq;710.000000;1109.000000;mq;mq;mq;mq;mq;mq;mq;mq;mq;mq;mq;mq;mq;mq;
07181;20110918030000;100740;-100;8;230;3.600000;284.350000;283.850000;97;9000;61;mq;mq;100;mq;450;mq;mq;mq;96710;mq;mq;mq;mq;mq;mq;mq;mq;mq;mq;mq;5.100000;-10;mq;mq;mq;mq;2.000000;9.000000;mq;mq;mq;710.000000;1105.000000;mq;mq;mq;mq;mq;mq;mq;mq;mq;mq;mq;mq;mq;mq;
07190;20110918030000;100630;-220;6;170;1.500000;288.550000;286.950000;90;40000;0;mq;mq;100;mq;800;mq;mq;mq;98860;mq;mq;mq;mq;mq;mq;mq;mq;mq;mq;mq;6.700000;-10;mq;mq;mq;mq;0.400000;0.400000;mq;mq;mq;710.000000;1107.000000;mq;mq;mq;mq;mq;mq;mq;mq;mq;mq;mq;mq;mq;mq;
07207;20110918030000;mq;mq;mq;300;7.700000;287.150000;281.950000;71;mq;mq;mq;mq;mq;mq;mq;mq;mq;mq;mq;mq;mq;mq;mq;mq;mq;mq;mq;mq;mq;15.400000;15.400000;-10;mq;mq;mq;mq;1.000000;1.000000;mq;mq;mq;1015.000000;710.000000;1115.000000;mq;mq;mq;mq;mq;mq;mq;mq;mq;mq;mq;mq;mq;
07222;20110918030000;101150;-50;8;230;1.000000;280.850000;279.950000;94;20000;2;1;1;0;mq;mq;mq;mq;mq;100830;mq;mq;mq;mq;mq;mq;mq;mq;mq;mq;mq;2.100000;-10;mq;mq;mq;mq;0.000000;0.000000;mq;mq;mq;710.000000;1102.000000;mq;mq;mq;mq;mq;mq;mq;mq;mq;mq;mq;mq;mq;mq;
07240;20110918030000;101060;0;0;230;3.600000;282.650000;281.450000;92;20000;0;mq;mq;0;mq;mq;mq;mq;mq;99710;mq;mq;mq;mq;mq;mq;mq;mq;mq;mq;mq;6.200000;-10;mq;mq;0.000000;-30;0.000000;0.000000;mq;mq;mq;710.000000;1106.000000;3100.000000;mq;mq;mq;mq;mq;mq;mq;mq;mq;mq;mq;mq;mq;
07255;20110918030000;101070;-10;6;260;4.600000;284.350000;282.750000;90;20000;0;mq;mq;mq;mq;450;mq;mq;mq;99090;mq;mq;mq;mq;mq;mq;mq;mq;mq;mq;mq;8.200000;-10;mq;mq;mq;mq;0.000000;1.000000;mq;mq;mq;710.000000;1108.000000;mq;mq;mq;mq;mq;mq;mq;mq;mq;mq;mq;mq;mq;mq;
07280;20110918030000;100870;-110;5;310;7.200000;285.450000;282.850000;84;13000;63;mq;mq;100;mq;450;mq;mq;mq;98190;mq;mq;mq;mq;mq;mq;mq;mq;mq;mq;mq;11.800000;-10;mq;mq;mq;mq;0.600000;0.600000;mq;mq;mq;710.000000;1112.000000;mq;mq;mq;mq;mq;mq;mq;mq;mq;mq;mq;mq;mq;mq;
07299;20110918030000;100730;-200;6;240;2.100000;289.250000;288.150000;93;12000;61;6;2;90;7;800;38;61;60;97570;mq;mq;mq;mq;mq;mq;mq;mq;mq;mq;mq;7.200000;-10;mq;mq;0.000000;-30;0.000000;0.000000;mq;mq;mq;710.000000;1107.000000;3100.000000;mq;1;8;900;5;6;990;7;6;1380;mq;mq;mq;
07314;20110918030000;101280;-30;8;290;8.700000;289.150000;283.650000;70;15000;2;1;1;90;7;1750;35;20;10;101010;mq;mq;mq;mq;mq;mq;mq;mq;mq;mq;mq;18.500000;-10;mq;mq;mq;mq;0.400000;0.400000;mq;mq;mq;710.000000;1119.000000;2437.000000;mq;7;8;1500;mq;mq;mq;mq;mq;mq;mq;mq;mq;
07335;20110918030000;101240;-10;8;250;2.600000;282.350000;281.450000;94;60000;0;mq;mq;mq;mq;mq;mq;mq;mq;99790;mq;mq;mq;mq;mq;mq;mq;mq;mq;mq;mq;3.600000;-10;mq;mq;mq;mq;0.000000;0.000000;mq;mq;mq;710.000000;1104.000000;mq;mq;mq;mq;mq;mq;mq;mq;mq;mq;mq;mq;mq;mq;
07434;20110918030000;101280;0;0;260;1.500000;283.050000;282.550000;97;4700;10;mq;mq;100;mq;80;mq;mq;mq;96520;mq;mq;mq;mq;mq;mq;mq;mq;mq;mq;mq;4.600000;-10;mq;mq;mq;mq;0.200000;2.000000;mq;mq;mq;710.000000;1105.000000;mq;mq;mq;mq;mq;mq;mq;mq;mq;mq;mq;mq;mq;mq;
07460;20110918030000;101130;-40;5;300;5.100000;286.050000;282.650000;80;40000;61;mq;6;90;7;1250;38;61;60;97300;mq;mq;mq;mq;mq;mq;mq;mq;mq;mq;mq;12.300000;-10;mq;mq;0.000000;-30;0.800000;0.800000;mq;mq;mq;710.000000;1112.000000;3100.000000;mq;4;6;990;7;6;1500;mq;mq;mq;mq;mq;mq;
07471;20110918030000;mq;-170;8;230;2.600000;285.650000;281.550000;76;20000;0;mq;mq;mq;mq;800;mq;mq;mq;91560;85000;17130;mq;mq;mq;mq;mq;mq;mq;mq;mq;7.700000;-10;mq;mq;mq;mq;0.000000;0.000000;mq;mq;mq;710.000000;1108.000000;mq;mq;mq;mq;mq;mq;mq;mq;mq;mq;mq;mq;mq;mq;
07481;20110918030000;100820;-240;6;200;4.100000;291.150000;288.450000;84;12000;2;1;1;90;4;250;37;27;60;98050;mq;mq;mq;mq;mq;mq;mq;mq;mq;mq;mq;5.700000;-10;mq;mq;0.000000;-30;0.000000;0.000000;mq;mq;mq;710.000000;1106.000000;3100.000000;mq;1;7;240;3;6;2100;5;3;3300;mq;mq;mq;
07510;20110918030000;101380;-50;6;270;2.600000;287.350000;286.350000;94;40000;25;8;6;100;5;800;38;27;60;100740;mq;mq;mq;mq;mq;mq;mq;mq;mq;mq;mq;11.800000;-10;mq;mq;0.000000;-30;0.200000;0.400000;mq;mq;mq;710.000000;1112.000000;3100.000000;mq;2;8;780;5;6;1800;7;3;3300;mq;mq;mq;
07535;20110918030000;101330;-70;6;270;1.500000;286.550000;285.950000;96;mq;mq;mq;mq;mq;mq;mq;mq;mq;mq;98250;mq;mq;mq;mq;mq;mq;mq;mq;mq;mq;mq;7.700000;-10;mq;mq;mq;mq;1.000000;3.000000;mq;mq;mq;710.000000;1108.000000;mq;mq;mq;mq;mq;mq;mq;mq;mq;mq;mq;mq;mq;mq;
07558;20110918030000;101210;-150;7;270;3.600000;285.850000;283.750000;87;mq;mq;mq;mq;mq;mq;mq;mq;mq;mq;93020;mq;mq;mq;mq;mq;mq;mq;mq;mq;mq;mq;7.200000;-10;mq;mq;mq;mq;0.000000;0.000000;mq;mq;mq;710.000000;1107.000000;mq;mq;mq;mq;mq;mq;mq;mq;mq;mq;mq;mq;mq;mq;
07577;20110918030000;100930;-170;6;0;0.000000;292.350000;291.650000;96;6000;0;mq;mq;mq;mq;mq;mq;mq;mq;100070;mq;mq;mq;mq;mq;mq;mq;mq;mq;mq;mq;1.000000;-10;mq;mq;mq;mq;0.000000;0.200000;mq;mq;mq;710.000000;1101.000000;mq;mq;mq;mq;mq;mq;mq;mq;mq;mq;mq;mq;mq;mq;
07591;20110918030000;mq;-250;8;60;2.100000;286.750000;286.450000;98;mq;61;mq;mq;mq;mq;mq;mq;mq;mq;91150;mq;mq;mq;mq;mq;mq;mq;mq;mq;mq;mq;3.100000;-10;mq;mq;mq;mq;4.000000;9.000000;mq;mq;mq;710.000000;1103.000000;mq;mq;mq;mq;mq;mq;mq;mq;mq;mq;mq;mq;mq;mq;
07607;20110918030000;101520;-30;5;310;4.100000;287.450000;286.150000;92;55000;0;mq;mq;100;mq;250;mq;mq;mq;100820;mq;mq;mq;mq;mq;mq;mq;mq;mq;mq;mq;9.800000;-10;mq;mq;mq;mq;0.000000;1.000000;mq;mq;mq;710.000000;1110.000000;mq;mq;mq;mq;mq;mq;mq;mq;mq;mq;mq;mq;mq;mq;
07621;20110918030000;101460;-180;6;270;5.100000;288.150000;286.050000;87;20000;2;mq;mq;90;5;1750;35;27;60;97220;mq;mq;mq;mq;mq;mq;mq;mq;mq;mq;mq;8.200000;-10;mq;mq;0.000000;-30;0.000000;0.000000;mq;mq;mq;710.000000;1108.000000;3100.000000;mq;5;6;1800;7;3;2700;mq;mq;mq;mq;mq;mq;
07627;20110918030000;101430;-170;7;330;1.500000;287.850000;284.650000;81;mq;mq;mq;mq;mq;mq;mq;mq;mq;mq;96650;mq;mq;mq;mq;mq;mq;mq;mq;mq;mq;mq;5.100000;-10;mq;mq;mq;mq;0.000000;0.400000;mq;mq;mq;710.000000;1105.000000;mq;mq;mq;mq;mq;mq;mq;mq;mq;mq;mq;mq;mq;mq;
07630;20110918030000;101340;-200;8;260;4.600000;290.050000;286.750000;81;20000;2;1;1;90;7;800;38;61;60;99580;mq;mq;mq;mq;mq;mq;mq;mq;mq;mq;mq;7.700000;-10;mq;mq;0.000000;-30;0.000000;0.000000;mq;mq;mq;710.000000;1108.000000;3100.000000;mq;3;8;690;7;6;840;mq;mq;mq;mq;mq;mq;
07643;20110918030000;101040;-110;7;260;4.100000;293.550000;288.950000;75;30000;25;2;mq;90;2;800;38;28;60;100950;mq;mq;mq;mq;mq;mq;mq;mq;mq;mq;mq;7.700000;-10;mq;mq;mq;mq;0.400000;0.400000;mq;mq;mq;710.000000;1108.000000;mq;mq;1;8;600;4;6;930;6;3;3000;mq;mq;mq;
07650;20110918030000;100900;-240;6;220;1.500000;295.350000;293.050000;87;20000;2;1;1;90;7;450;35;61;60;100530;mq;mq;mq;mq;mq;mq;mq;mq;mq;mq;mq;3.100000;-10;mq;mq;0.000000;-30;0.000000;0.000000;mq;mq;mq;710.000000;1103.000000;3100.000000;mq;1;6;480;7;6;1500;mq;mq;mq;mq;mq;mq;
07661;20110918030000;100880;-280;8;270;6.200000;295.350000;293.250000;88;mq;mq;mq;mq;mq;mq;mq;mq;mq;mq;99350;mq;mq;mq;mq;mq;mq;mq;mq;mq;mq;mq;9.300000;-10;mq;mq;mq;mq;0.000000;0.000000;mq;mq;mq;710.000000;1109.000000;mq;mq;mq;mq;mq;mq;mq;mq;mq;mq;mq;mq;mq;mq;
07690;20110918030000;100900;-210;8;330;3.600000;294.950000;288.350000;66;30000;2;1;1;90;2;1250;35;20;12;100580;mq;mq;mq;mq;mq;mq;mq;mq;mq;mq;mq;5.700000;-10;mq;mq;0.000000;-30;0.000000;0.000000;mq;mq;mq;710.000000;1106.000000;3100.000000;mq;2;6;990;7;0;6900;mq;mq;mq;mq;mq;mq;
07747;20110918030000;101170;-70;6;320;5.100000;293.150000;286.350000;65;60000;0;mq;mq;90;mq;1750;mq;mq;mq;100660;mq;mq;mq;mq;mq;mq;mq;mq;mq;mq;mq;11.300000;-10;mq;mq;mq;mq;0.000000;0.000000;mq;mq;mq;710.000000;1111.000000;mq;mq;mq;mq;mq;mq;mq;mq;mq;mq;mq;mq;mq;mq;
07790;20110918030000;101060;-180;7;230;2.100000;291.250000;289.550000;90;15000;2;1;1;10;1;800;35;20;10;100920;mq;mq;mq;mq;mq;mq;mq;mq;mq;mq;mq;2.600000;-10;mq;mq;0.000000;-30;0.000000;0.000000;mq;mq;mq;710.000000;1103.000000;3100.000000;mq;1;6;600;mq;mq;mq;mq;mq;mq;mq;mq;mq;
61970;20110918030000;101610;mq;mq;mq;mq;297.350000;294.050000;82;mq;mq;mq;mq;mq;mq;mq;mq;mq;mq;mq;mq;mq;mq;mq;mq;mq;mq;mq;mq;mq;mq;mq;mq;mq;mq;mq;mq;0.000000;0.000000;mq;mq;mq;mq;mq;mq;mq;mq;mq;mq;mq;mq;mq;mq;mq;mq;mq;mq;mq;
61972;20110918030000;102000;mq;mq;160;4.100000;292.650000;287.850000;74;mq;mq;mq;mq;mq;mq;mq;mq;mq;mq;mq;mq;mq;mq;mq;mq;mq;mq;mq;mq;mq;mq;8.700000;-10;mq;mq;mq;mq;0.000000;0.000000;mq;mq;mq;710.000000;1109.000000;mq;mq;mq;mq;mq;mq;mq;mq;mq;mq;mq;mq;mq;mq;
61976;20110918030000;101610;mq;mq;140;9.300000;296.650000;293.750000;84;mq;mq;mq;mq;mq;mq;mq;mq;mq;mq;101460;mq;mq;mq;mq;mq;mq;mq;mq;mq;mq;mq;mq;mq;mq;mq;mq;mq;mq;mq;mq;mq;mq;mq;mq;mq;mq;mq;mq;mq;mq;mq;mq;mq;mq;mq;mq;mq;mq;
61980;20110918030000;101880;mq;mq;170;3.100000;294.050000;289.250000;74;10000;2;1;1;60;3;800;38;23;10;mq;mq;mq;70;mq;mq;mq;mq;mq;mq;mq;mq;5.100000;-10;mq;mq;mq;mq;0.000000;0.000000;mq;mq;mq;710.000000;1105.000000;2427.000000;mq;2;8;690;3;3;3000;mq;mq;mq;mq;mq;mq;
61996;20110918030000;mq;mq;mq;mq;mq;287.450000;mq;mq;mq;mq;mq;mq;mq;mq;mq;mq;mq;mq;mq;mq;mq;mq;mq;mq;mq;mq;mq;mq;mq;mq;mq;mq;mq;mq;mq;mq;0.000000;0.000000;mq;mq;mq;mq;mq;mq;mq;mq;mq;mq;mq;mq;mq;mq;mq;mq;mq;mq;mq;
61997;20110918030000;100220;mq;mq;200;7.200000;273.050000;270.950000;84;mq;mq;mq;mq;mq;mq;mq;mq;mq;mq;mq;mq;mq;2370;mq;mq;mq;mq;mq;mq;mq;mq;mq;mq;mq;mq;mq;mq;mq;0.000000;mq;mq;mq;mq;mq;mq;mq;mq;mq;mq;mq;mq;mq;mq;mq;mq;mq;mq;mq;
61998;20110918030000;96900;mq;mq;200;2.100000;274.650000;274.350000;98;5000;61;6;2;100;8;450;37;61;60;mq;mq;mq;mq;mq;mq;mq;mq;mq;mq;mq;mq;5.100000;-10;mq;mq;mq;mq;2.000000;6.000000;mq;mq;mq;710.000000;1105.000000;mq;mq;8;7;300;mq;mq;mq;mq;mq;mq;mq;mq;mq;
67005;20110918030000;101470;mq;mq;160;4.100000;298.650000;295.150000;81;9000;15;1;1;75;3;800;38;23;10;mq;mq;mq;mq;mq;mq;mq;mq;mq;mq;mq;mq;6.200000;-10;mq;mq;mq;mq;0.000000;0.000000;mq;mq;mq;710.000000;1106.000000;mq;mq;3;8;600;5;3;3000;mq;mq;mq;mq;mq;mq;
71805;20110918030000;102720;220;3;310;5.700000;283.050000;277.850000;70;60000;0;mq;mq;mq;mq;mq;mq;mq;mq;102630;mq;mq;mq;mq;mq;mq;mq;mq;mq;mq;mq;10.300000;-10;mq;mq;mq;mq;0.000000;0.000000;mq;mq;mq;710.000000;1110.000000;mq;mq;mq;mq;mq;mq;mq;mq;mq;mq;mq;mq;mq;mq;
78897;20110918030000;101510;160;1;70;4.100000;297.050000;296.050000;94;2000;95;9;8;100;8;450;39;61;60;mq;mq;mq;70;mq;mq;mq;mq;mq;mq;mq;mq;mq;mq;mq;mq;mq;mq;mq;mq;mq;mq;mq;mq;mq;mq;mq;1;9;300;3;6;1200;mq;mq;mq;mq;mq;mq;
78922;20110918030000;101470;110;1;150;8.200000;298.350000;295.450000;84;mq;mq;mq;mq;mq;mq;mq;mq;mq;mq;101020;mq;mq;mq;mq;mq;mq;mq;mq;mq;mq;mq;mq;mq;mq;mq;mq;mq;mq;mq;mq;mq;mq;mq;mq;mq;mq;mq;mq;mq;mq;mq;mq;mq;mq;mq;mq;mq;mq;
78925;20110918030000;101430;70;0;10;1.000000;298.750000;297.150000;91;20000;2;1;1;75;2;800;32;23;12;mq;mq;mq;80;mq;mq;mq;mq;mq;mq;mq;mq;mq;mq;mq;mq;mq;mq;mq;mq;mq;mq;mq;mq;mq;mq;mq;2;8;690;4;0;7800;mq;mq;mq;mq;mq;mq;
81401;20110918030000;101320;mq;mq;0;0.000000;297.350000;296.350000;94;mq;mq;mq;mq;mq;mq;mq;mq;mq;mq;101260;mq;mq;mq;mq;mq;mq;mq;mq;mq;mq;mq;mq;mq;mq;mq;mq;mq;mq;0.000000;mq;mq;mq;mq;mq;mq;mq;mq;mq;mq;mq;mq;mq;mq;mq;mq;mq;mq;mq;
81405;20110918030000;101350;mq;mq;0;0.000000;297.450000;296.550000;95;45000;0;mq;mq;mq;mq;mq;mq;mq;mq;101260;mq;mq;mq;mq;mq;mq;mq;mq;mq;mq;mq;mq;mq;mq;mq;mq;mq;mq;0.000000;mq;mq;mq;mq;mq;mq;mq;mq;mq;mq;mq;mq;mq;mq;mq;mq;mq;mq;mq;
81408;20110918030000;101300;mq;mq;0;0.000000;296.650000;295.850000;95;mq;mq;mq;mq;mq;mq;mq;mq;mq;mq;101220;mq;mq;mq;mq;mq;mq;mq;mq;mq;mq;mq;mq;mq;mq;mq;mq;mq;mq;0.000000;mq;mq;mq;mq;mq;mq;mq;mq;mq;mq;mq;mq;mq;mq;mq;mq;mq;mq;mq;
89642;20110918030000;100150;60;3;140;9.800000;260.950000;253.350000;49;40000;2;1;1;75;5;1250;35;20;11;99590;mq;mq;mq;mq;mq;mq;mq;mq;mq;mq;mq;mq;mq;mq;mq;mq;mq;mq;mq;mq;mq;mq;mq;mq;mq;mq;5;6;1080;4;0;4800;mq;mq;mq;mq;mq;mq;
07005;20110918060000;100480;0;5;220;3.100000;282.750000;281.850000;94;10000;61;8;6;90;7;450;33;61;60;99590;mq;mq;mq;282.250000;mq;285.850000;mq;281.150000;mq;mq;mq;7.200000;-10;2;0.000000;0.000000;-60;1.000000;5.000000;mq;8.000000;22.500000;710.000000;1107.000000;3100.000000;mq;1;9;480;5;8;600;mq;mq;mq;mq;mq;mq;
07015;20110918060000;100380;0;5;240;3.600000;282.750000;281.150000;90;50000;3;mq;mq;10;1;800;39;20;10;99810;mq;mq;mq;282.750000;mq;287.850000;mq;282.150000;mq;mq;mq;7.200000;-10;1;0.000000;0.000000;-60;0.000000;0.200000;mq;9.000000;9.900000;710.000000;1107.000000;3100.000000;mq;1;9;690;mq;mq;mq;mq;mq;mq;mq;mq;mq;
07020;20110918060000;100590;-60;6;270;10.800000;287.350000;283.750000;79;14000;62;6;2;90;6;800;32;27;10;100330;mq;mq;mq;285.450000;mq;287.650000;mq;mq;mq;mq;mq;14.900000;-10;mq;mq;mq;mq;0.000000;0.000000;mq;0.000000;0.000000;710.000000;1115.000000;mq;mq;6;8;780;mq;mq;mq;mq;mq;mq;mq;mq;mq;
07027;20110918060000;100700;-10;5;200;4.600000;282.050000;281.550000;97;45000;2;1;1;25;1;1250;32;20;11;99890;mq;mq;mq;281.250000;mq;286.450000;mq;280.150000;mq;mq;mq;6.200000;-10;1;0.000000;0.000000;-60;0.000000;0.200000;mq;0.600000;4.800000;710.000000;1106.000000;3100.000000;mq;1;8;990;mq;mq;mq;mq;mq;mq;mq;mq;mq;
07037;20110918060000;100680;10;3;220;4.600000;282.150000;281.850000;98;5000;63;6;6;100;8;250;37;61;60;98860;mq;mq;mq;281.850000;mq;284.750000;mq;281.150000;mq;mq;mq;6.700000;-10;2;0.000000;0.000000;-60;1.000000;2.000000;mq;4.000000;12.100000;710.000000;1107.000000;3100.000000;mq;5;7;240;5;8;570;7;6;1230;mq;mq;mq;
07110;20110918060000;101100;10;3;300;4.600000;284.250000;282.550000;89;12000;25;mq;mq;60;5;800;39;20;10;99960;mq;mq;mq;282.650000;mq;285.650000;mq;280.150000;mq;mq;mq;13.900000;-10;2;0.000000;0.000000;-60;0.200000;2.000000;mq;2.000000;3.800000;710.000000;1114.000000;3100.000000;mq;1;9;600;4;8;660;mq;mq;mq;mq;mq;mq;
07117;20110918060000;100880;10;3;280;8.700000;286.550000;283.150000;80;15000;2;1;1;100;8;800;35;20;10;100190;mq;mq;mq;285.350000;mq;286.550000;mq;mq;mq;mq;15.900000;17.500000;-10;mq;mq;mq;mq;0.000000;0.600000;mq;0.600000;mq;1016.000000;710.000000;1117.000000;2447.000000;mq;mq;mq;mq;mq;mq;mq;mq;mq;mq;mq;mq;
07130;20110918060000;101010;0;5;240;2.600000;281.650000;280.550000;93;29000;0;mq;mq;mq;mq;mq;mq;mq;mq;100490;mq;mq;mq;281.650000;mq;287.250000;mq;279.150000;mq;mq;mq;5.100000;-10;1;0.000000;mq;mq;0.000000;0.000000;mq;0.000000;6.300000;710.000000;1105.000000;mq;mq;mq;mq;mq;mq;mq;mq;mq;mq;mq;mq;mq;mq;
07139;20110918060000;100900;10;3;240;3.100000;281.950000;280.250000;89;10000;2;1;1;90;7;250;32;20;10;99170;mq;mq;mq;281.450000;mq;286.650000;mq;280.150000;mq;mq;mq;5.700000;-10;1;0.000000;0.000000;-60;0.000000;0.000000;mq;0.000000;3.400000;710.000000;1106.000000;3100.000000;mq;1;7;180;7;8;390;mq;mq;mq;mq;mq;mq;
07149;20110918060000;100830;50;3;250;3.100000;282.050000;280.950000;93;30000;3;8;6;25;1;450;36;20;11;99740;mq;mq;mq;281.850000;mq;290.450000;mq;280.150000;mq;mq;mq;6.200000;-10;2;0.000000;0.000000;-60;0.000000;0.200000;mq;6.000000;5.600000;710.000000;1106.000000;3100.000000;mq;1;7;300;mq;mq;mq;mq;mq;mq;mq;mq;mq;
07168;20110918060000;100870;110;3;260;7.200000;283.150000;281.050000;87;30000;1;6;1;40;2;450;31;20;12;99450;mq;mq;mq;283.150000;mq;289.450000;mq;282.150000;mq;mq;mq;10.800000;-10;1;0.000000;0.000000;-60;0.000000;0.000000;mq;3.000000;2.800000;710.000000;1111.000000;3100.000000;mq;2;8;480;mq;mq;mq;mq;mq;mq;mq;mq;mq;
07181;20110918060000;100760;10;3;240;5.700000;283.650000;282.550000;93;60000;0;mq;mq;100;mq;450;mq;mq;mq;96720;mq;mq;mq;283.550000;mq;287.250000;mq;282.150000;mq;mq;mq;9.300000;-10;mq;mq;mq;mq;0.000000;1.000000;mq;10.000000;11.700000;710.000000;1109.000000;mq;mq;mq;mq;mq;mq;mq;mq;mq;mq;mq;mq;mq;mq;
07190;20110918060000;100770;120;3;300;2.100000;285.350000;283.450000;88;19000;60;mq;mq;100;mq;800;mq;mq;mq;98980;mq;mq;mq;285.350000;mq;292.350000;mq;284.150000;mq;mq;mq;7.700000;-10;2;0.000000;mq;mq;0.400000;4.000000;mq;4.000000;4.000000;710.000000;1108.000000;mq;mq;mq;mq;mq;mq;mq;mq;mq;mq;mq;mq;mq;mq;
07207;20110918060000;mq;mq;mq;320;6.700000;286.950000;282.950000;77;15000;15;8;2;75;6;800;39;20;10;mq;mq;mq;mq;285.450000;mq;288.450000;mq;mq;mq;mq;mq;12.900000;-10;mq;mq;mq;mq;0.400000;1.000000;mq;3.000000;mq;710.000000;1113.000000;2447.000000;mq;mq;mq;mq;mq;mq;mq;mq;mq;mq;mq;mq;mq;
07222;20110918060000;101180;30;3;210;1.500000;280.150000;279.550000;96;20000;2;1;1;10;1;800;32;20;10;100860;mq;mq;mq;280.050000;mq;286.350000;mq;275.150000;mq;mq;mq;3.100000;-10;1;0.000000;mq;mq;0.200000;0.200000;mq;0.400000;7.300000;710.000000;1103.000000;mq;mq;1;8;780;mq;mq;mq;mq;mq;mq;mq;mq;mq;
07240;20110918060000;101110;40;3;220;3.600000;281.750000;280.550000;92;40000;1;mq;mq;0;mq;mq;mq;mq;mq;99750;mq;mq;mq;281.550000;mq;289.950000;mq;280.150000;mq;mq;mq;5.700000;-10;1;0.000000;0.000000;-60;0.200000;0.200000;mq;4.000000;3.800000;710.000000;1106.000000;3100.000000;mq;mq;mq;mq;mq;mq;mq;mq;mq;mq;mq;mq;mq;
07255;20110918060000;101170;80;3;250;2.600000;282.250000;281.350000;94;12000;2;1;1;10;1;450;31;20;10;99170;mq;mq;mq;282.050000;mq;290.550000;mq;281.150000;mq;mq;mq;5.100000;-10;1;0.000000;0.000000;-60;0.000000;0.000000;mq;8.000000;7.700000;710.000000;1105.000000;3100.000000;mq;1;8;390;mq;mq;mq;mq;mq;mq;mq;mq;mq;
07280;20110918060000;100980;90;3;220;3.100000;283.850000;281.950000;88;60000;0;mq;mq;90;mq;800;mq;mq;mq;98280;mq;mq;mq;283.850000;mq;291.750000;mq;283.150000;mq;mq;mq;6.200000;-10;2;0.000000;mq;mq;0.600000;3.000000;mq;3.000000;3.400000;710.000000;1106.000000;mq;mq;mq;mq;mq;mq;mq;mq;mq;mq;mq;mq;mq;mq;
07299;20110918060000;100880;90;3;270;5.700000;284.950000;283.050000;88;8000;60;6;2;100;7;450;38;61;60;97660;mq;mq;mq;284.950000;mq;291.450000;mq;284.150000;mq;mq;mq;14.900000;-10;2;0.000000;0.000000;-60;0.400000;1.000000;mq;2.000000;1.800000;710.000000;1115.000000;3100.000000;mq;1;8;450;5;6;780;7;6;1500;mq;mq;mq;
07314;20110918060000;101320;40;3;270;6.700000;288.250000;284.250000;77;10000;61;6;2;75;6;1250;33;26;10;101050;mq;mq;mq;287.350000;mq;291.650000;mq;mq;mq;mq;mq;18.500000;-10;mq;mq;mq;mq;0.200000;0.200000;mq;2.000000;2.200000;710.000000;1119.000000;2437.000000;mq;2;9;990;mq;mq;mq;mq;mq;mq;mq;mq;mq;
07335;20110918060000;101280;20;3;210;2.600000;279.550000;279.150000;97;30000;2;1;1;0;mq;mq;mq;mq;mq;99810;mq;mq;mq;278.950000;mq;289.850000;mq;277.150000;mq;mq;mq;3.600000;-10;1;0.000000;mq;mq;0.000000;0.000000;mq;3.000000;3.000000;710.000000;1104.000000;mq;mq;mq;mq;mq;mq;mq;mq;mq;mq;mq;mq;mq;mq;
07434;20110918060000;101350;50;3;250;1.000000;282.250000;281.750000;97;2000;10;6;5;60;5;80;36;20;10;96570;mq;mq;mq;282.250000;mq;287.650000;mq;281.150000;mq;mq;mq;3.600000;-10;2;0.000000;0.000000;-60;0.000000;0.000000;mq;10.000000;10.900000;710.000000;1104.000000;3100.000000;mq;4;7;60;mq;mq;mq;mq;mq;mq;mq;mq;mq;
07460;20110918060000;101210;70;3;280;3.600000;285.450000;279.450000;67;40000;21;mq;mq;90;4;1250;38;27;60;97370;mq;mq;mq;284.950000;mq;290.750000;mq;283.150000;mq;mq;mq;5.700000;-10;2;0.000000;0.000000;-60;0.000000;0.200000;mq;1.000000;1.000000;710.000000;1106.000000;3100.000000;mq;1;8;990;4;6;1800;7;3;2400;mq;mq;mq;
07471;20110918060000;mq;70;3;340;2.600000;282.450000;281.350000;93;8000;61;6;2;100;7;450;35;61;60;91630;85000;17200;mq;282.450000;mq;290.750000;mq;282.150000;mq;mq;mq;10.800000;-10;2;0.000000;0.000000;-60;0.400000;0.400000;mq;0.400000;0.800000;710.000000;1111.000000;3100.000000;mq;7;6;330;mq;mq;mq;mq;mq;mq;mq;mq;mq;
07481;20110918060000;101190;300;3;40;3.600000;285.350000;281.950000;80;20000;60;6;2;100;7;mq;38;61;60;98350;mq;mq;mq;285.350000;mq;291.250000;mq;284.150000;mq;mq;mq;12.300000;-10;1;0.000000;0.000000;-60;0.000000;0.000000;mq;0.200000;4.000000;710.000000;1112.000000;3100.000000;mq;7;6;1500;mq;mq;mq;mq;mq;mq;mq;mq;mq;
07510;20110918060000;101420;30;3;260;2.600000;286.150000;285.250000;94;20000;80;8;6;90;7;800;38;23;10;100770;mq;mq;mq;286.050000;mq;291.450000;mq;285.150000;mq;mq;mq;3.600000;-10;2;0.000000;0.000000;-60;0.000000;1.000000;mq;2.000000;2.600000;710.000000;1104.000000;3100.000000;mq;2;8;690;5;6;1800;mq;mq;mq;mq;mq;mq;
07535;20110918060000;101380;40;3;240;1.000000;285.650000;285.150000;97;6000;61;6;2;100;8;450;35;61;60;98290;mq;mq;mq;285.550000;mq;291.450000;mq;285.150000;mq;mq;mq;2.600000;-10;1;0.000000;0.000000;-60;0.200000;0.600000;mq;4.000000;4.000000;710.000000;1103.000000;3100.000000;mq;5;7;540;8;6;630;mq;mq;mq;mq;mq;mq;
07558;20110918060000;101200;-70;5;310;7.200000;283.850000;283.050000;95;6000;60;6;6;100;7;150;37;61;60;92950;mq;mq;mq;283.750000;mq;290.150000;mq;283.150000;mq;mq;mq;12.300000;-10;1;0.000000;0.000000;-60;0.400000;0.400000;mq;1.000000;1.600000;710.000000;1112.000000;3100.000000;mq;6;7;90;6;6;780;mq;mq;mq;mq;mq;mq;
07577;20110918060000;100900;-30;5;10;1.000000;291.450000;290.850000;96;10000;2;1;1;90;5;450;38;27;60;100040;mq;mq;mq;291.450000;mq;294.450000;mq;291.150000;mq;mq;mq;2.600000;-10;2;0.000000;0.000000;-60;0.000000;0.000000;mq;6.000000;13.800000;710.000000;1103.000000;3100.000000;mq;2;8;300;5;6;1200;5;3;2400;mq;mq;mq;
07591;20110918060000;mq;-40;5;200;2.600000;286.650000;286.450000;99;mq;63;mq;mq;mq;mq;mq;mq;mq;mq;91110;mq;mq;mq;286.650000;mq;288.950000;mq;285.150000;mq;mq;mq;5.700000;-10;mq;mq;mq;mq;4.000000;13.000000;mq;26.000000;27.400000;710.000000;1106.000000;mq;mq;mq;mq;mq;mq;mq;mq;mq;mq;mq;mq;mq;mq;
07607;20110918060000;101520;0;5;260;2.100000;287.550000;286.250000;92;15000;0;mq;mq;100;mq;1750;mq;mq;mq;100820;mq;mq;mq;287.150000;mq;290.350000;mq;287.150000;mq;mq;mq;5.100000;-10;mq;mq;mq;mq;0.000000;0.000000;mq;1.000000;2.000000;710.000000;1105.000000;mq;mq;mq;mq;mq;mq;mq;mq;mq;mq;mq;mq;mq;mq;
07621;20110918060000;101580;80;0;270;3.600000;285.950000;285.150000;95;5000;61;mq;mq;100;7;250;35;61;60;97300;mq;mq;mq;285.950000;mq;290.450000;mq;286.150000;mq;mq;mq;6.700000;-10;1;0.000000;0.000000;-60;0.000000;2.000000;mq;5.000000;7.800000;710.000000;1107.000000;3100.000000;mq;3;7;240;5;6;450;7;6;990;mq;mq;mq;
07627;20110918060000;101500;50;3;320;4.100000;286.650000;285.250000;91;2500;61;6;2;100;7;150;37;61;60;96700;mq;mq;mq;286.550000;mq;290.150000;mq;286.150000;mq;mq;mq;11.300000;-10;2;0.000000;0.000000;-60;0.800000;1.000000;mq;2.000000;4.000000;710.000000;1111.000000;3100.000000;mq;5;7;90;7;6;600;mq;mq;mq;mq;mq;mq;
07630;20110918060000;101420;60;3;320;5.100000;286.550000;284.950000;90;12000;21;6;5;90;5;1250;35;27;60;99640;mq;mq;mq;286.550000;mq;294.250000;mq;286.150000;mq;mq;mq;14.900000;-10;2;0.000000;0.000000;-60;0.000000;0.600000;mq;0.600000;1.800000;710.000000;1115.000000;3100.000000;mq;3;6;990;5;6;1500;6;3;2400;mq;mq;mq;
07643;20110918060000;101020;-20;7;240;4.100000;291.050000;286.950000;77;20000;2;8;6;100;5;800;35;27;60;100930;mq;mq;mq;291.050000;mq;297.750000;mq;291.150000;mq;mq;mq;5.100000;-10;1;0.000000;mq;mq;0.000000;0.000000;mq;0.400000;0.400000;710.000000;1105.000000;mq;mq;1;6;900;5;6;1800;7;3;3000;mq;mq;mq;
07650;20110918060000;100880;-20;6;330;5.700000;293.150000;289.750000;81;20000;21;6;2;100;6;450;39;27;60;100510;mq;mq;mq;293.050000;mq;296.350000;mq;291.150000;mq;mq;mq;10.800000;-10;2;0.000000;0.000000;-60;0.000000;0.000000;mq;0.000000;0.000000;710.000000;1111.000000;3100.000000;mq;3;8;480;1;9;990;5;6;1290;7;3;3000;
07661;20110918060000;100760;-130;6;330;6.200000;293.550000;291.850000;90;20000;61;6;2;100;6;800;38;22;10;99220;mq;mq;mq;293.050000;mq;295.650000;mq;mq;mq;mq;mq;8.700000;-10;mq;mq;mq;mq;0.000000;3.000000;mq;3.000000;2.700000;710.000000;1109.000000;mq;mq;3;8;780;4;6;990;7;3;2400;mq;mq;mq;
07690;20110918060000;100780;-120;6;310;2.100000;294.450000;288.950000;71;30000;95;9;6;100;5;450;39;20;12;100460;mq;mq;mq;294.450000;mq;297.750000;mq;294.150000;mq;mq;mq;5.100000;-10;2;0.000000;0.000000;-60;0.000000;0.000000;mq;0.000000;0.000000;710.000000;1105.000000;3100.000000;mq;2;6;540;2;9;780;3;6;1800;mq;mq;mq;
07747;20110918060000;101080;-90;6;310;7.200000;292.650000;284.650000;60;25000;2;1;1;100;7;1250;38;61;60;100570;mq;mq;mq;292.450000;mq;296.050000;mq;292.150000;mq;mq;mq;15.900000;-10;0;0.000000;0.000000;-60;0.000000;0.000000;mq;0.000000;0.400000;710.000000;1116.000000;3100.000000;mq;1;8;990;7;6;1800;mq;mq;mq;mq;mq;mq;
07761;20110918060000;101050;-110;7;50;5.100000;290.950000;286.250000;74;20000;2;1;1;90;2;450;35;27;12;100940;mq;mq;mq;289.450000;mq;296.850000;mq;289.150000;mq;mq;mq;6.200000;-10;0;0.000000;0.000000;-60;0.000000;mq;mq;mq;mq;710.000000;1106.000000;3100.000000;mq;2;6;480;4;3;3900;mq;mq;mq;mq;mq;mq;
07790;20110918060000;100950;-110;6;210;2.100000;293.150000;290.350000;84;20000;2;1;1;75;1;800;31;20;11;100810;mq;mq;mq;290.950000;mq;296.250000;mq;289.150000;mq;mq;mq;4.100000;-10;0;0.000000;0.000000;-60;0.000000;0.200000;mq;0.200000;0.200000;710.000000;1104.000000;3100.000000;mq;1;8;900;6;0;7500;mq;mq;mq;mq;mq;mq;
61968;20110918060000;101680;mq;mq;90;5.100000;300.950000;293.250000;63;mq;mq;mq;mq;mq;mq;mq;mq;mq;mq;mq;mq;mq;mq;296.350000;mq;mq;mq;mq;mq;mq;mq;9.300000;-10;mq;mq;mq;mq;0.000000;mq;mq;mq;0.000000;710.000000;1109.000000;mq;mq;mq;mq;mq;mq;mq;mq;mq;mq;mq;mq;mq;mq;
61970;20110918060000;101790;mq;mq;mq;mq;300.450000;294.250000;69;mq;mq;mq;mq;mq;mq;mq;mq;mq;mq;mq;mq;mq;mq;296.950000;mq;mq;mq;mq;mq;mq;mq;mq;mq;mq;mq;mq;mq;0.000000;mq;mq;mq;0.000000;mq;mq;mq;mq;mq;mq;mq;mq;mq;mq;mq;mq;mq;mq;mq;mq;
61972;20110918060000;102100;mq;mq;150;5.700000;296.650000;288.650000;61;mq;mq;mq;mq;mq;mq;mq;mq;mq;mq;mq;mq;mq;mq;292.450000;mq;mq;mq;mq;mq;mq;mq;11.800000;-10;mq;mq;mq;mq;0.000000;mq;mq;mq;0.000000;710.000000;1112.000000;mq;mq;mq;mq;mq;mq;mq;mq;mq;mq;mq;mq;mq;mq;
61976;20110918060000;101780;mq;mq;130;7.200000;298.550000;294.450000;78;mq;mq;mq;mq;mq;mq;mq;mq;mq;mq;101630;mq;mq;80;mq;mq;mq;mq;mq;mq;mq;mq;mq;mq;mq;mq;mq;mq;mq;mq;mq;mq;mq;mq;mq;mq;mq;mq;mq;mq;mq;mq;mq;mq;mq;mq;mq;mq;mq;
61980;20110918060000;101980;mq;mq;290;5.700000;298.250000;291.250000;65;12000;2;1;1;25;2;800;38;23;10;mq;mq;mq;mq;291.450000;mq;mq;mq;289.150000;mq;mq;mq;7.200000;-10;mq;mq;mq;mq;0.000000;mq;mq;mq;0.000000;710.000000;1107.000000;2427.000000;mq;2;8;840;mq;mq;mq;mq;mq;mq;mq;mq;mq;
61996;20110918060000;mq;mq;mq;mq;mq;287.750000;mq;mq;mq;mq;mq;mq;mq;mq;mq;mq;mq;mq;mq;mq;mq;mq;286.350000;mq;mq;mq;286.150000;mq;mq;mq;mq;mq;mq;mq;mq;mq;0.000000;mq;mq;mq;0.000000;mq;mq;mq;mq;mq;mq;mq;mq;mq;mq;mq;mq;mq;mq;mq;mq;
61997;20110918060000;100320;mq;mq;290;1.000000;273.750000;270.850000;81;mq;mq;mq;mq;mq;mq;mq;mq;mq;mq;mq;mq;mq;mq;272.250000;mq;mq;mq;272.150000;mq;mq;mq;mq;mq;mq;mq;mq;mq;mq;mq;mq;mq;0.400000;mq;mq;mq;mq;mq;mq;mq;mq;mq;mq;mq;mq;mq;mq;mq;mq;
61998;20110918060000;96870;mq;mq;220;4.100000;274.950000;274.550000;97;14000;60;6;6;100;8;450;37;61;60;mq;mq;mq;mq;273.350000;mq;mq;mq;323.150000;mq;mq;mq;8.200000;-10;mq;mq;mq;mq;0.200000;mq;mq;mq;19.000000;710.000000;1108.000000;mq;mq;8;7;300;mq;mq;mq;mq;mq;mq;mq;mq;mq;
67005;20110918060000;101690;mq;mq;120;3.100000;301.250000;295.050000;69;20000;2;1;1;50;3;800;38;23;10;mq;mq;mq;mq;297.650000;mq;mq;mq;297.150000;mq;mq;mq;4.100000;-10;mq;mq;mq;mq;0.000000;mq;mq;mq;0.000000;710.000000;1104.000000;mq;mq;3;8;630;mq;mq;mq;mq;mq;mq;mq;mq;mq;
71805;20110918060000;102850;130;3;300;2.100000;281.050000;278.650000;85;60000;0;mq;mq;mq;mq;mq;mq;mq;mq;102760;mq;mq;mq;mq;281.050000;mq;287.350000;278.150000;mq;mq;mq;5.100000;-10;mq;mq;mq;mq;0.000000;0.000000;mq;0.000000;2.400000;710.000000;1105.000000;mq;mq;mq;mq;mq;mq;mq;mq;mq;mq;mq;mq;mq;mq;
78897;20110918060000;101300;-210;8;90;1.500000;296.750000;295.750000;94;24000;61;mq;mq;mq;mq;450;mq;mq;mq;mq;mq;mq;30;mq;296.050000;mq;302.750000;mq;mq;mq;mq;mq;mq;mq;mq;mq;mq;mq;mq;50.000000;mq;55.000000;mq;mq;mq;mq;mq;mq;mq;mq;mq;mq;mq;mq;mq;mq;mq;mq;
78922;20110918060000;101300;-160;6;150;7.200000;300.250000;296.050000;78;mq;mq;mq;mq;mq;mq;mq;mq;mq;mq;100860;mq;mq;mq;mq;mq;mq;mq;mq;mq;mq;mq;mq;mq;mq;mq;mq;mq;mq;mq;mq;mq;mq;mq;mq;mq;mq;mq;mq;mq;mq;mq;mq;mq;mq;mq;mq;mq;mq;
78925;20110918060000;101310;-120;7;20;1.000000;297.750000;297.050000;96;50000;0;mq;mq;mq;mq;mq;mq;mq;mq;mq;mq;mq;100;mq;296.750000;mq;304.950000;mq;mq;mq;mq;mq;mq;mq;mq;mq;mq;mq;mq;0.000000;mq;0.000000;mq;mq;mq;mq;mq;mq;mq;mq;mq;mq;mq;mq;mq;mq;mq;mq;
81401;20110918060000;101180;mq;mq;0;0.000000;296.750000;295.950000;95;mq;mq;mq;mq;mq;mq;mq;mq;mq;mq;101120;mq;mq;mq;mq;mq;mq;mq;mq;mq;mq;mq;mq;mq;mq;mq;mq;mq;mq;0.000000;0.000000;mq;mq;mq;mq;mq;mq;mq;mq;mq;mq;mq;mq;mq;mq;mq;mq;mq;mq;
81405;20110918060000;101190;mq;mq;310;0.500000;296.750000;296.250000;97;24000;0;mq;mq;mq;mq;mq;mq;mq;mq;101100;mq;mq;mq;mq;mq;mq;mq;296.150000;mq;mq;mq;mq;mq;mq;mq;mq;mq;mq;0.000000;0.000000;mq;mq;mq;mq;mq;mq;mq;mq;mq;mq;mq;mq;mq;mq;mq;mq;mq;mq;
81408;20110918060000;101150;mq;mq;0;0.000000;295.950000;295.450000;97;mq;mq;mq;mq;mq;mq;mq;mq;mq;mq;101070;mq;mq;mq;mq;mq;mq;mq;mq;mq;mq;mq;mq;mq;mq;mq;mq;mq;mq;0.000000;0.000000;mq;mq;mq;mq;mq;mq;mq;mq;mq;mq;mq;mq;mq;mq;mq;mq;mq;mq;
89642;20110918060000;100250;90;1;140;11.800000;259.150000;250.950000;46;40000;2;1;1;90;4;450;38;20;11;99680;mq;mq;mq;mq;mq;mq;mq;mq;mq;mq;mq;mq;mq;mq;mq;mq;mq;mq;mq;mq;mq;mq;mq;mq;mq;mq;1;8;480;4;6;1080;5;0;4800;mq;mq;mq;
07005;20110918090000;100520;50;3;220;6.700000;286.450000;283.850000;84;20000;21;6;2;75;6;450;33;23;12;99640;mq;mq;mq;mq;mq;mq;mq;mq;mq;mq;mq;11.300000;-10;mq;mq;0.000000;-30;0.200000;1.000000;mq;mq;mq;710.000000;1111.000000;3100.000000;mq;1;9;480;3;8;600;mq;mq;mq;mq;mq;mq;
07015;20110918090000;100480;110;2;240;4.600000;286.550000;282.950000;79;50000;2;1;1;50;4;450;32;20;11;99920;mq;mq;mq;mq;mq;mq;mq;mq;mq;mq;mq;7.200000;-10;mq;mq;0.000000;-30;0.000000;0.000000;mq;mq;mq;710.000000;1107.000000;3100.000000;mq;4;8;480;mq;mq;mq;mq;mq;mq;mq;mq;mq;
07020;20110918090000;100620;30;1;290;10.800000;287.150000;285.350000;89;4000;62;6;6;100;8;450;36;61;60;100360;mq;mq;mq;mq;mq;mq;mq;mq;mq;mq;17.500000;17.500000;-10;mq;mq;mq;mq;0.000000;0.000000;mq;mq;mq;1017.000000;710.000000;1117.000000;mq;8;7;480;mq;mq;mq;mq;mq;mq;mq;mq;mq;
07027;20110918090000;100720;30;1;230;7.200000;285.850000;284.050000;89;10000;61;8;6;90;7;450;38;61;60;99920;mq;mq;mq;mq;mq;mq;mq;mq;mq;mq;mq;11.800000;-10;mq;mq;0.000000;-30;0.200000;0.200000;mq;mq;mq;710.000000;1112.000000;3100.000000;mq;3;8;570;5;8;1380;5;6;1800;mq;mq;mq;
07037;20110918090000;100700;40;1;220;5.100000;286.250000;284.150000;87;20000;1;6;2;75;5;450;32;23;10;98900;mq;mq;mq;mq;mq;mq;mq;mq;mq;mq;mq;8.700000;-10;mq;mq;0.000000;-30;0.200000;1.000000;mq;mq;mq;710.000000;1109.000000;3100.000000;mq;4;8;300;5;8;480;mq;mq;mq;mq;mq;mq;
07110;20110918090000;101180;90;3;300;8.200000;287.550000;283.150000;75;20000;2;1;1;75;6;800;38;20;10;100050;mq;mq;mq;mq;mq;mq;mq;mq;mq;mq;13.900000;13.900000;-10;mq;mq;0.000000;-30;0.000000;0.200000;mq;mq;mq;1014.000000;710.000000;1114.000000;3100.000000;4;8;660;4;6;840;mq;mq;mq;mq;mq;mq;
07117;20110918090000;100950;70;2;280;10.300000;287.750000;284.150000;79;15000;2;1;1;90;7;800;35;20;10;100260;mq;mq;mq;mq;mq;mq;mq;mq;mq;mq;17.500000;17.500000;-10;mq;mq;mq;mq;0.000000;0.000000;mq;mq;mq;1017.000000;710.000000;1117.000000;2447.000000;mq;mq;mq;mq;mq;mq;mq;mq;mq;mq;mq;mq;
07130;20110918090000;101060;60;1;270;5.700000;287.550000;283.350000;76;35000;0;mq;mq;mq;mq;800;mq;mq;mq;100550;mq;mq;mq;mq;mq;mq;mq;mq;mq;mq;mq;9.800000;-10;mq;mq;mq;mq;0.000000;0.200000;mq;mq;mq;710.000000;1110.000000;mq;mq;mq;mq;mq;mq;mq;mq;mq;mq;mq;mq;mq;mq;
07139;20110918090000;100930;50;1;250;4.600000;285.450000;282.450000;82;18000;2;1;1;90;7;450;32;20;11;99220;mq;mq;mq;mq;mq;mq;mq;mq;mq;mq;mq;7.700000;-10;mq;mq;0.000000;-30;0.000000;0.000000;mq;mq;mq;710.000000;1108.000000;3100.000000;mq;7;8;540;mq;mq;mq;mq;mq;mq;mq;mq;mq;
07149;20110918090000;100880;70;1;240;5.100000;286.150000;282.750000;80;30000;2;1;1;50;3;450;31;20;11;99810;mq;mq;mq;mq;mq;mq;mq;mq;mq;mq;mq;8.700000;-10;mq;mq;0.000000;-30;0.000000;0.000000;mq;mq;mq;710.000000;1109.000000;3100.000000;mq;3;8;420;mq;mq;mq;mq;mq;mq;mq;mq;mq;
07168;20110918090000;101010;150;1;240;6.200000;285.950000;281.450000;74;30000;2;1;1;60;5;800;31;20;10;99600;mq;mq;mq;mq;mq;mq;mq;mq;mq;mq;mq;10.800000;-10;mq;mq;0.000000;-30;0.000000;0.200000;mq;mq;mq;710.000000;1111.000000;3100.000000;mq;5;8;600;mq;mq;mq;mq;mq;mq;mq;mq;mq;
07181;20110918090000;100890;140;3;260;6.700000;285.150000;280.650000;74;60000;0;mq;mq;75;mq;450;mq;mq;mq;96860;mq;mq;mq;mq;mq;mq;mq;mq;mq;mq;mq;11.300000;-10;mq;mq;mq;mq;0.000000;0.000000;mq;mq;mq;710.000000;1111.000000;mq;mq;mq;mq;mq;mq;mq;mq;mq;mq;mq;mq;mq;mq;
07190;20110918090000;100900;120;3;190;4.600000;285.350000;282.550000;83;55000;0;mq;mq;100;mq;1250;mq;mq;mq;99100;mq;mq;mq;mq;mq;mq;mq;mq;mq;mq;mq;8.700000;-10;mq;mq;mq;mq;0.200000;1.000000;mq;mq;mq;710.000000;1109.000000;mq;mq;mq;mq;mq;mq;mq;mq;mq;mq;mq;mq;mq;mq;
07207;20110918090000;mq;mq;mq;310;7.200000;287.950000;282.950000;72;20000;15;8;2;75;6;800;32;23;10;mq;mq;mq;mq;mq;mq;mq;mq;mq;mq;mq;mq;17.500000;-10;mq;mq;mq;mq;0.400000;0.800000;mq;mq;mq;710.000000;1117.000000;2448.000000;mq;mq;mq;mq;mq;mq;mq;mq;mq;mq;mq;mq;mq;
07222;20110918090000;101230;60;1;290;6.200000;288.150000;283.150000;72;20000;2;1;1;25;2;800;38;20;10;100920;mq;mq;mq;mq;mq;mq;mq;mq;mq;mq;mq;10.300000;-10;mq;mq;mq;mq;0.000000;0.000000;mq;mq;mq;710.000000;1110.000000;mq;mq;1;8;780;mq;mq;mq;mq;mq;mq;mq;mq;mq;
07240;20110918090000;101150;70;1;240;5.700000;286.150000;282.750000;80;60000;0;mq;mq;mq;mq;450;mq;mq;mq;99820;mq;mq;mq;mq;mq;mq;mq;mq;mq;mq;mq;9.300000;-10;mq;mq;mq;mq;0.000000;0.000000;mq;mq;mq;710.000000;1109.000000;mq;mq;mq;mq;mq;mq;mq;mq;mq;mq;mq;mq;mq;mq;
07255;20110918090000;101230;90;1;270;3.600000;286.450000;281.750000;73;20000;2;1;1;60;5;450;32;20;10;99260;mq;mq;mq;mq;mq;mq;mq;mq;mq;mq;mq;9.300000;-10;mq;mq;0.000000;-30;0.000000;0.000000;mq;mq;mq;710.000000;1109.000000;3100.000000;mq;5;8;480;mq;mq;mq;mq;mq;mq;mq;mq;mq;
07280;20110918090000;101130;160;1;270;4.600000;286.050000;280.050000;67;60000;0;mq;mq;90;mq;800;mq;mq;mq;98440;mq;mq;mq;mq;mq;mq;mq;mq;mq;mq;mq;9.800000;-10;mq;mq;mq;mq;0.000000;0.000000;mq;mq;mq;710.000000;1110.000000;mq;mq;mq;mq;mq;mq;mq;mq;mq;mq;mq;mq;mq;mq;
07299;20110918090000;101060;170;1;170;2.100000;284.550000;282.750000;89;15000;61;6;2;100;7;800;38;61;60;97830;mq;mq;mq;mq;mq;mq;mq;mq;mq;mq;mq;4.600000;-10;mq;mq;0.000000;-30;0.800000;1.000000;mq;mq;mq;710.000000;1105.000000;3100.000000;mq;2;8;900;5;6;1290;7;6;1800;mq;mq;mq;
07314;20110918090000;101420;100;2;300;9.300000;289.750000;283.850000;68;mq;mq;mq;mq;mq;mq;mq;mq;mq;mq;101150;mq;mq;mq;mq;mq;mq;mq;mq;mq;mq;mq;13.900000;-10;mq;mq;mq;mq;0.000000;0.200000;mq;mq;mq;710.000000;1114.000000;mq;mq;mq;mq;mq;mq;mq;mq;mq;mq;mq;mq;mq;mq;
07335;20110918090000;101310;80;1;250;4.600000;287.450000;283.850000;79;30000;2;1;1;10;1;450;31;23;10;99890;mq;mq;mq;mq;mq;mq;mq;mq;mq;mq;mq;6.700000;-10;mq;mq;mq;mq;0.000000;0.000000;mq;mq;mq;710.000000;1107.000000;mq;mq;1;8;480;mq;mq;mq;mq;mq;mq;mq;mq;mq;
07434;20110918090000;101400;100;3;250;3.100000;285.550000;282.550000;82;30000;2;1;1;50;4;450;32;20;10;96670;mq;mq;mq;mq;mq;mq;mq;mq;mq;mq;mq;6.200000;-10;mq;mq;0.000000;-30;0.000000;0.000000;mq;mq;mq;710.000000;1106.000000;3100.000000;mq;4;8;360;mq;mq;mq;mq;mq;mq;mq;mq;mq;
07460;20110918090000;101290;100;1;280;4.600000;287.750000;278.850000;55;40000;2;1;1;50;2;1250;38;24;10;97470;mq;mq;mq;mq;mq;mq;mq;mq;mq;mq;mq;7.700000;-10;mq;mq;0.000000;-30;0.000000;0.000000;mq;mq;mq;710.000000;1108.000000;3100.000000;mq;2;8;1200;mq;mq;mq;mq;mq;mq;mq;mq;mq;
07471;20110918090000;mq;100;1;290;3.100000;282.950000;279.450000;79;25000;1;6;2;90;5;450;35;27;60;91730;85000;17290;mq;mq;mq;mq;mq;mq;mq;mq;mq;6.200000;-10;mq;mq;0.000000;-30;0.000000;2.000000;mq;mq;mq;710.000000;1106.000000;3100.000000;mq;3;6;480;3;6;690;mq;mq;mq;mq;mq;mq;
07481;20110918090000;101350;140;3;130;3.600000;284.550000;282.950000;90;20000;21;6;2;75;3;250;38;27;10;98490;mq;mq;mq;mq;mq;mq;mq;mq;mq;mq;mq;6.700000;-10;mq;mq;0.000000;-30;0.800000;2.000000;mq;mq;mq;710.000000;1107.000000;3100.000000;mq;1;8;180;6;3;2700;mq;mq;mq;mq;mq;mq;
07510;20110918090000;101520;110;1;270;3.600000;288.850000;285.450000;80;50000;0;mq;mq;mq;mq;1250;mq;mq;mq;100880;mq;mq;mq;mq;mq;mq;mq;mq;mq;mq;mq;6.700000;-10;mq;mq;mq;mq;0.000000;2.000000;mq;mq;mq;710.000000;1107.000000;mq;mq;mq;mq;mq;mq;mq;mq;mq;mq;mq;mq;mq;mq;
07535;20110918090000;101450;100;1;280;3.100000;288.550000;284.150000;75;10000;1;6;2;75;6;800;32;20;10;98390;mq;mq;mq;mq;mq;mq;mq;mq;mq;mq;mq;6.700000;-10;mq;mq;0.000000;-30;0.000000;0.000000;mq;mq;mq;710.000000;1107.000000;3100.000000;mq;6;8;630;mq;mq;mq;mq;mq;mq;mq;mq;mq;
07558;20110918090000;101340;140;2;340;4.100000;284.350000;282.250000;87;30000;1;6;2;90;3;450;37;27;12;93090;mq;mq;mq;mq;mq;mq;mq;mq;mq;mq;mq;8.700000;-10;mq;mq;0.000000;-30;0.000000;0.200000;mq;mq;mq;710.000000;1109.000000;3100.000000;mq;3;8;390;6;3;3600;6;0;6900;mq;mq;mq;
07577;20110918090000;101200;280;3;20;7.200000;287.450000;284.250000;81;10000;61;6;2;90;6;800;38;27;60;100320;mq;mq;mq;mq;mq;mq;mq;mq;mq;mq;mq;14.400000;-10;mq;mq;0.000000;-30;0.000000;0.000000;mq;mq;mq;710.000000;1114.000000;3100.000000;mq;2;8;600;6;6;1200;6;3;2400;mq;mq;mq;
07591;20110918090000;mq;-110;5;180;3.100000;286.750000;285.950000;95;mq;60;mq;mq;mq;mq;mq;mq;mq;mq;91000;mq;mq;mq;mq;mq;mq;mq;mq;mq;mq;mq;6.200000;-10;mq;mq;mq;mq;0.000000;5.000000;mq;mq;mq;710.000000;1106.000000;mq;mq;mq;mq;mq;mq;mq;mq;mq;mq;mq;mq;mq;mq;
07607;20110918090000;101650;130;3;260;2.100000;287.850000;285.350000;85;60000;0;mq;mq;100;mq;1750;mq;mq;mq;100950;mq;mq;mq;mq;mq;mq;mq;mq;mq;mq;mq;3.100000;-10;mq;mq;mq;mq;0.000000;0.200000;mq;mq;mq;710.000000;1103.000000;mq;mq;mq;mq;mq;mq;mq;mq;mq;mq;mq;mq;mq;mq;
07621;20110918090000;101710;120;3;260;4.100000;285.650000;284.750000;94;9000;61;6;2;100;7;450;38;61;60;97420;mq;mq;mq;mq;mq;mq;mq;mq;mq;mq;mq;7.700000;-10;mq;mq;0.000000;-30;2.000000;6.000000;mq;mq;mq;710.000000;1108.000000;3100.000000;mq;4;7;360;5;8;870;7;6;1440;mq;mq;mq;
07627;20110918090000;101690;150;3;290;3.600000;284.950000;283.150000;89;3000;61;6;6;100;7;450;35;61;60;96850;mq;mq;mq;mq;mq;mq;mq;mq;mq;mq;mq;7.700000;-10;mq;mq;0.000000;-30;1.000000;2.000000;mq;mq;mq;710.000000;1108.000000;3100.000000;mq;7;6;300;mq;mq;mq;mq;mq;mq;mq;mq;mq;
07630;20110918090000;101560;140;1;280;4.600000;287.950000;285.450000;85;20000;21;6;2;100;5;450;35;27;60;99780;mq;mq;mq;mq;mq;mq;mq;mq;mq;mq;mq;7.700000;-10;mq;mq;0.000000;-30;0.000000;0.000000;mq;mq;mq;710.000000;1108.000000;3100.000000;mq;3;6;480;5;6;1500;7;4;2700;mq;mq;mq;
07643;20110918090000;101100;80;3;300;5.700000;292.350000;284.150000;59;70000;2;1;1;100;5;1250;35;27;60;101010;mq;mq;mq;mq;mq;mq;mq;mq;mq;mq;mq;9.300000;-10;mq;mq;mq;mq;0.000000;0.000000;mq;mq;mq;710.000000;1109.000000;mq;mq;3;6;990;5;6;1800;7;3;3000;mq;mq;mq;
07650;20110918090000;101050;170;3;290;7.200000;291.950000;289.350000;85;40000;60;6;2;100;8;450;38;61;60;100680;mq;mq;mq;mq;mq;mq;mq;mq;mq;mq;mq;9.300000;-10;mq;mq;0.000000;-30;0.000000;0.000000;mq;mq;mq;710.000000;1109.000000;3100.000000;mq;3;8;390;5;6;1290;7;6;2100;mq;mq;mq;
07661;20110918090000;100840;70;3;310;4.100000;292.650000;290.750000;89;15000;2;6;2;100;6;800;38;22;10;99290;mq;mq;mq;mq;mq;mq;mq;mq;mq;mq;mq;8.200000;-10;mq;mq;mq;mq;0.000000;2.000000;mq;mq;mq;710.000000;1108.000000;mq;mq;3;8;780;4;6;990;mq;mq;mq;mq;mq;mq;
07690;20110918090000;100880;90;3;310;4.100000;293.350000;290.550000;84;20000;3;9;6;100;5;450;39;27;60;100550;mq;mq;mq;mq;mq;mq;mq;mq;mq;mq;mq;5.100000;-10;mq;mq;0.000000;-30;0.000000;3.000000;mq;mq;mq;710.000000;1105.000000;3100.000000;mq;2;8;480;1;9;780;3;6;990;7;3;2400;
07747;20110918090000;101200;110;3;320;9.300000;291.250000;282.850000;58;25000;2;1;1;90;7;1250;38;61;60;100680;mq;mq;mq;mq;mq;mq;mq;mq;mq;mq;17.000000;17.000000;-10;mq;mq;0.000000;-30;0.000000;0.000000;mq;mq;mq;1017.000000;710.000000;1117.000000;3100.000000;1;8;990;7;6;2100;mq;mq;mq;mq;mq;mq;
07761;20110918090000;101050;10;3;240;1.500000;298.550000;289.950000;59;20000;2;1;1;90;3;800;35;27;60;100950;mq;mq;mq;mq;mq;mq;mq;mq;mq;mq;mq;2.600000;-10;mq;mq;0.000000;-30;0.000000;0.000000;mq;mq;mq;710.000000;1103.000000;3100.000000;mq;2;8;600;3;3;3600;7;3;3900;mq;mq;mq;
07790;20110918090000;100870;-80;6;120;1.000000;297.450000;292.250000;73;20000;2;1;1;90;3;800;38;23;12;100730;mq;mq;mq;mq;mq;mq;mq;mq;mq;mq;mq;3.600000;-10;mq;mq;0.000000;-30;0.000000;0.000000;mq;mq;mq;710.000000;1104.000000;3100.000000;mq;1;8;690;3;6;780;5;3;3300;mq;mq;mq;
61970;20110918090000;101760;mq;mq;mq;mq;302.350000;293.750000;60;mq;mq;mq;mq;mq;mq;mq;mq;mq;mq;mq;mq;mq;mq;mq;mq;mq;mq;mq;mq;mq;mq;mq;mq;mq;mq;mq;mq;0.000000;0.000000;mq;mq;mq;mq;mq;mq;mq;mq;mq;mq;mq;mq;mq;mq;mq;mq;mq;mq;mq;
61972;20110918090000;102040;mq;mq;160;5.100000;297.850000;288.750000;57;mq;mq;mq;mq;mq;mq;mq;mq;mq;mq;mq;mq;mq;mq;mq;mq;mq;mq;mq;mq;mq;mq;9.800000;-10;mq;mq;mq;mq;0.000000;0.000000;mq;mq;mq;710.000000;1110.000000;mq;mq;mq;mq;mq;mq;mq;mq;mq;mq;mq;mq;mq;mq;
61976;20110918090000;101690;mq;mq;140;8.200000;300.350000;294.650000;71;mq;mq;mq;mq;mq;mq;mq;mq;mq;mq;101540;mq;mq;130;mq;mq;mq;mq;mq;mq;mq;mq;mq;mq;mq;mq;mq;mq;mq;0.000000;mq;mq;mq;mq;mq;mq;mq;mq;mq;mq;mq;mq;mq;mq;mq;mq;mq;mq;mq;
61980;20110918090000;101900;mq;mq;320;3.600000;298.350000;290.550000;62;12000;2;1;1;40;3;800;38;23;10;mq;mq;mq;200;mq;mq;mq;mq;mq;mq;mq;mq;6.700000;-10;mq;mq;mq;mq;0.000000;0.000000;mq;mq;mq;710.000000;1107.000000;2427.000000;mq;2;8;840;mq;mq;mq;mq;mq;mq;mq;mq;mq;
61996;20110918090000;mq;mq;mq;mq;mq;284.950000;mq;mq;mq;mq;mq;mq;mq;mq;mq;mq;mq;mq;mq;mq;mq;mq;mq;mq;mq;mq;mq;mq;mq;mq;mq;mq;mq;mq;mq;mq;0.800000;2.000000;mq;mq;mq;mq;mq;mq;mq;mq;mq;mq;mq;mq;mq;mq;mq;mq;mq;mq;mq;
61997;20110918090000;100290;mq;mq;160;4.100000;275.150000;271.150000;75;mq;mq;mq;mq;mq;mq;mq;mq;mq;mq;mq;mq;mq;1640;mq;mq;mq;mq;mq;mq;mq;mq;mq;mq;mq;mq;mq;mq;mq;0.000000;mq;mq;mq;mq;mq;mq;mq;mq;mq;mq;mq;mq;mq;mq;mq;mq;mq;mq;mq;
61998;20110918090000;96830;mq;mq;170;6.200000;274.950000;274.550000;97;1000;60;6;6;100;8;450;37;61;60;mq;mq;mq;mq;mq;mq;mq;mq;mq;mq;mq;mq;8.700000;-10;mq;mq;mq;mq;0.000000;0.200000;mq;mq;mq;710.000000;1109.000000;mq;mq;8;7;300;mq;mq;mq;mq;mq;mq;mq;mq;mq;
67005;20110918090000;101640;mq;mq;30;3.600000;301.550000;294.350000;65;25000;1;8;1;40;2;800;38;23;10;mq;mq;mq;90;mq;mq;mq;mq;mq;mq;mq;mq;6.700000;-10;mq;mq;mq;mq;0.000000;6.000000;mq;mq;mq;710.000000;1107.000000;mq;mq;2;8;690;3;3;3000;mq;mq;mq;mq;mq;mq;
71805;20110918090000;102970;120;3;300;3.600000;281.850000;279.950000;88;40000;2;1;1;0;mq;mq;mq;mq;mq;102880;mq;mq;mq;mq;mq;mq;mq;mq;mq;mq;mq;5.100000;-10;mq;mq;0.000000;-30;0.000000;0.000000;mq;mq;mq;710.000000;1105.000000;3100.000000;mq;mq;mq;mq;mq;mq;mq;mq;mq;mq;mq;mq;mq;
78897;20110918090000;101310;10;1;160;2.600000;296.350000;295.350000;94;29000;0;mq;mq;mq;mq;1750;mq;mq;mq;mq;mq;mq;70;mq;mq;mq;mq;mq;mq;mq;mq;mq;mq;mq;mq;mq;mq;mq;mq;mq;mq;mq;mq;mq;mq;mq;mq;mq;mq;mq;mq;mq;mq;mq;mq;mq;mq;mq;
78922;20110918090000;101300;0;5;130;6.700000;300.050000;296.050000;79;mq;mq;mq;mq;mq;mq;mq;mq;mq;mq;100860;mq;mq;mq;mq;mq;mq;mq;mq;mq;mq;mq;mq;mq;mq;mq;mq;mq;mq;mq;mq;mq;mq;mq;mq;mq;mq;mq;mq;mq;mq;mq;mq;mq;mq;mq;mq;mq;mq;
78925;20110918090000;101310;0;5;20;1.500000;297.450000;296.950000;97;55000;0;mq;mq;90;mq;mq;mq;mq;mq;mq;mq;mq;120;mq;mq;mq;mq;mq;mq;mq;mq;mq;mq;mq;mq;mq;mq;mq;mq;mq;mq;mq;mq;mq;mq;mq;mq;mq;mq;mq;mq;mq;mq;mq;mq;mq;mq;mq;
81401;20110918090000;101200;mq;mq;0;0.000000;296.150000;295.450000;96;mq;mq;mq;mq;mq;mq;mq;mq;mq;mq;101140;mq;mq;mq;mq;mq;mq;mq;mq;mq;mq;mq;mq;mq;mq;mq;mq;mq;mq;0.000000;mq;mq;mq;mq;mq;mq;mq;mq;mq;mq;mq;mq;mq;mq;mq;mq;mq;mq;mq;
81405;20110918090000;101220;mq;mq;0;0.000000;296.750000;296.250000;97;19000;0;mq;mq;mq;mq;mq;mq;mq;mq;101130;mq;mq;mq;mq;mq;mq;mq;mq;mq;mq;mq;mq;mq;mq;mq;mq;mq;mq;0.000000;mq;mq;mq;mq;mq;mq;mq;mq;mq;mq;mq;mq;mq;mq;mq;mq;mq;mq;mq;
81408;20110918090000;101200;mq;mq;0;0.000000;295.550000;295.050000;97;mq;mq;mq;mq;mq;mq;mq;mq;mq;mq;101120;mq;mq;mq;mq;mq;mq;mq;mq;mq;mq;mq;mq;mq;mq;mq;mq;mq;mq;0.000000;mq;mq;mq;mq;mq;mq;mq;mq;mq;mq;mq;mq;mq;mq;mq;mq;mq;mq;mq;
89642;20110918090000;100310;60;1;120;9.300000;257.450000;249.150000;45;40000;2;1;1;25;1;1250;35;20;11;99740;mq;mq;mq;mq;mq;mq;mq;mq;mq;mq;mq;mq;mq;mq;mq;mq;mq;mq;mq;mq;mq;mq;mq;mq;mq;mq;1;6;1080;mq;mq;mq;mq;mq;mq;mq;mq;mq;
07005;20110918120000;100520;0;0;180;2.600000;285.050000;283.650000;91;6000;61;6;2;100;7;800;32;61;60;99640;mq;mq;mq;mq;mq;mq;mq;mq;mq;mq;mq;6.700000;-10;mq;mq;0.000000;-60;2.000000;2.000000;4.000000;mq;mq;710.000000;1107.000000;3100.000000;mq;7;8;750;mq;mq;mq;mq;mq;mq;mq;mq;mq;
07015;20110918120000;100440;-30;8;240;6.700000;288.750000;281.950000;64;50000;2;1;1;75;5;1250;32;20;11;99890;mq;mq;mq;mq;mq;mq;mq;mq;mq;mq;mq;10.300000;-10;mq;mq;0.000000;-60;0.000000;0.000000;0.000000;mq;mq;710.000000;1110.000000;3100.000000;mq;5;8;990;3;0;7800;mq;mq;mq;mq;mq;mq;
07020;20110918120000;100590;-30;7;290;12.300000;287.850000;285.750000;87;12000;62;6;6;100;8;800;36;61;60;100330;mq;mq;mq;mq;mq;mq;mq;mq;mq;mq;18.500000;18.500000;-10;mq;mq;mq;mq;0.000000;0.000000;0.000000;mq;mq;1019.000000;710.000000;1119.000000;mq;8;7;600;mq;mq;mq;mq;mq;mq;mq;mq;mq;
07027;20110918120000;100630;-80;8;250;5.100000;286.950000;285.150000;89;15000;61;8;6;90;6;800;38;27;60;99840;mq;mq;mq;mq;mq;mq;mq;mq;mq;mq;mq;10.300000;-10;mq;mq;0.000000;-60;3.000000;4.000000;4.000000;mq;mq;710.000000;1110.000000;3100.000000;mq;3;8;690;5;6;1500;6;3;3000;mq;mq;mq;
07037;20110918120000;100570;-120;8;230;7.700000;286.950000;283.550000;80;10000;3;6;2;90;7;800;32;61;60;98780;mq;mq;mq;mq;mq;mq;mq;mq;mq;mq;mq;16.500000;-10;mq;mq;0.000000;-60;0.000000;0.000000;1.000000;mq;mq;710.000000;1116.000000;3100.000000;mq;5;8;660;5;8;810;mq;mq;mq;mq;mq;mq;
07110;20110918120000;101190;20;1;290;7.700000;288.450000;283.450000;72;40000;0;mq;mq;100;mq;800;mq;mq;mq;100070;mq;mq;mq;mq;mq;mq;mq;mq;mq;mq;mq;14.400000;-10;mq;mq;mq;mq;0.000000;0.000000;0.200000;mq;mq;710.000000;1114.000000;mq;mq;mq;mq;mq;mq;mq;mq;mq;mq;mq;mq;mq;mq;
07117;20110918120000;100980;30;2;280;10.300000;288.650000;284.450000;76;10000;2;1;1;90;7;800;35;20;10;100290;mq;mq;mq;mq;mq;mq;mq;mq;mq;mq;15.900000;18.000000;-10;mq;mq;mq;mq;0.000000;0.000000;0.000000;mq;mq;1016.000000;710.000000;1118.000000;2457.000000;mq;mq;mq;mq;mq;mq;mq;mq;mq;mq;mq;mq;
07130;20110918120000;101000;-60;8;260;7.200000;290.550000;283.850000;65;45000;0;mq;mq;75;mq;800;mq;mq;mq;100490;mq;mq;mq;mq;mq;mq;mq;mq;mq;mq;mq;13.400000;-10;mq;mq;mq;mq;0.000000;0.000000;0.200000;mq;mq;710.000000;1113.000000;mq;mq;mq;mq;mq;mq;mq;mq;mq;mq;mq;mq;mq;mq;
07139;20110918120000;100870;-60;7;260;7.700000;286.350000;283.550000;83;10000;25;8;6;90;7;450;33;20;11;99160;mq;mq;mq;mq;mq;mq;mq;mq;mq;mq;mq;12.900000;-10;mq;mq;0.000000;-60;0.400000;0.400000;0.400000;mq;mq;710.000000;1113.000000;3100.000000;mq;2;9;450;7;8;540;mq;mq;mq;mq;mq;mq;
07149;20110918120000;100790;-80;7;230;7.200000;289.850000;282.550000;62;30000;2;1;1;60;4;800;31;20;11;99730;mq;mq;mq;mq;mq;mq;mq;mq;mq;mq;mq;11.800000;-10;mq;mq;0.000000;-60;0.000000;0.000000;0.000000;mq;mq;710.000000;1112.000000;3100.000000;mq;4;8;900;mq;mq;mq;mq;mq;mq;mq;mq;mq;
07168;20110918120000;100970;-20;8;220;6.700000;289.250000;281.450000;60;30000;2;1;1;60;5;1250;31;20;10;99580;mq;mq;mq;mq;mq;mq;mq;mq;mq;mq;mq;9.300000;-10;mq;mq;0.000000;-60;0.000000;0.000000;0.200000;mq;mq;710.000000;1109.000000;3100.000000;mq;5;8;990;mq;mq;mq;mq;mq;mq;mq;mq;mq;
07181;20110918120000;100920;50;3;250;5.700000;286.450000;280.050000;65;60000;0;mq;mq;90;mq;800;mq;mq;mq;96910;mq;mq;mq;mq;mq;mq;mq;mq;mq;mq;mq;10.300000;-10;mq;mq;mq;mq;0.000000;0.000000;0.000000;mq;mq;710.000000;1110.000000;mq;mq;mq;mq;mq;mq;mq;mq;mq;mq;mq;mq;mq;mq;
07190;20110918120000;100930;50;1;250;5.700000;287.350000;279.950000;61;50000;0;mq;mq;mq;mq;mq;mq;mq;mq;99150;mq;mq;mq;mq;mq;mq;mq;mq;mq;mq;mq;9.300000;-10;mq;mq;mq;mq;0.000000;0.000000;1.000000;mq;mq;710.000000;1109.000000;mq;mq;mq;mq;mq;mq;mq;mq;mq;mq;mq;mq;mq;mq;
07207;20110918120000;mq;mq;mq;300;9.300000;289.050000;283.150000;68;20000;15;2;2;75;5;800;33;26;10;mq;mq;mq;mq;mq;mq;mq;mq;mq;mq;mq;15.900000;15.900000;-10;mq;mq;mq;mq;0.000000;0.000000;0.800000;mq;mq;1016.000000;710.000000;1116.000000;2448.000000;mq;mq;mq;mq;mq;mq;mq;mq;mq;mq;mq;mq;
07222;20110918120000;101190;-40;8;290;6.700000;290.550000;284.150000;66;20000;25;8;6;50;4;1250;38;20;10;100880;mq;mq;mq;mq;mq;mq;mq;mq;mq;mq;mq;11.300000;-10;mq;mq;mq;mq;0.000000;0.000000;0.000000;mq;mq;710.000000;1111.000000;mq;mq;4;8;990;mq;mq;mq;mq;mq;mq;mq;mq;mq;
07240;20110918120000;101050;-90;8;250;6.700000;289.650000;282.350000;62;60000;0;mq;mq;75;mq;800;mq;mq;mq;99730;mq;mq;mq;mq;mq;mq;mq;mq;mq;mq;mq;10.800000;-10;mq;mq;mq;mq;0.000000;0.000000;0.000000;mq;mq;710.000000;1111.000000;mq;mq;mq;mq;mq;mq;mq;mq;mq;mq;mq;mq;mq;mq;
07255;20110918120000;101170;-40;6;260;5.700000;289.250000;280.150000;55;30000;2;1;1;60;5;1250;32;20;10;99220;mq;mq;mq;mq;mq;mq;mq;mq;mq;mq;mq;10.800000;-10;mq;mq;0.000000;-60;0.000000;0.000000;0.000000;mq;mq;710.000000;1111.000000;3100.000000;mq;5;8;1080;mq;mq;mq;mq;mq;mq;mq;mq;mq;
07280;20110918120000;101110;0;0;250;5.700000;287.950000;278.150000;52;60000;0;mq;mq;90;mq;1250;mq;mq;mq;98440;mq;mq;mq;mq;mq;mq;mq;mq;mq;mq;mq;8.700000;-10;mq;mq;mq;mq;0.000000;0.000000;0.000000;mq;mq;710.000000;1109.000000;mq;mq;mq;mq;mq;mq;mq;mq;mq;mq;mq;mq;mq;mq;
07299;20110918120000;101110;60;1;260;4.600000;285.750000;281.050000;73;25000;1;6;2;90;7;800;38;61;60;97890;mq;mq;mq;mq;mq;mq;mq;mq;mq;mq;mq;8.700000;-10;mq;mq;0.000000;-60;0.000000;0.200000;1.000000;mq;mq;710.000000;1109.000000;3100.000000;mq;3;8;780;5;6;990;7;6;1800;mq;mq;mq;
07314;20110918120000;101440;20;1;300;8.700000;289.750000;284.250000;70;mq;mq;mq;mq;mq;mq;mq;mq;mq;mq;101170;mq;mq;mq;mq;mq;mq;mq;mq;mq;mq;mq;15.900000;-10;mq;mq;mq;mq;0.800000;1.000000;1.000000;mq;mq;710.000000;1116.000000;mq;mq;mq;mq;mq;mq;mq;mq;mq;mq;mq;mq;mq;mq;
07335;20110918120000;101240;-60;6;260;5.700000;290.850000;282.250000;57;30000;2;1;1;40;3;1250;32;20;10;99830;mq;mq;mq;mq;mq;mq;mq;mq;mq;mq;mq;10.800000;-10;mq;mq;mq;mq;0.000000;0.000000;0.000000;mq;mq;710.000000;1111.000000;mq;mq;3;8;990;mq;mq;mq;mq;mq;mq;mq;mq;mq;
07434;20110918120000;101310;-60;7;270;4.600000;286.850000;280.850000;67;25000;15;1;1;75;6;800;38;20;10;96610;mq;mq;mq;mq;mq;mq;mq;mq;mq;mq;mq;8.200000;-10;mq;mq;0.000000;-60;0.000000;0.000000;0.000000;mq;mq;710.000000;1108.000000;3100.000000;mq;4;8;900;3;6;1500;mq;mq;mq;mq;mq;mq;
07460;20110918120000;101240;-30;7;270;2.600000;289.150000;277.850000;47;20000;15;1;1;60;5;1750;32;20;10;97440;mq;mq;mq;mq;mq;mq;mq;mq;mq;mq;mq;8.200000;-10;mq;mq;0.000000;-60;0.000000;0.000000;0.000000;mq;mq;710.000000;1108.000000;3100.000000;mq;5;8;1500;mq;mq;mq;mq;mq;mq;mq;mq;mq;
07471;20110918120000;mq;-30;7;320;6.700000;285.550000;275.450000;50;30000;1;6;1;50;3;800;32;23;10;91700;85000;17260;mq;mq;mq;mq;mq;mq;mq;mq;mq;10.800000;-10;mq;mq;0.000000;-60;0.000000;0.000000;2.000000;mq;mq;710.000000;1111.000000;3100.000000;mq;3;8;780;mq;mq;mq;mq;mq;mq;mq;mq;mq;
07481;20110918120000;101280;-30;8;110;3.600000;287.850000;282.650000;71;20000;1;6;2;75;5;450;38;23;10;98460;mq;mq;mq;mq;mq;mq;mq;mq;mq;mq;mq;6.200000;-10;mq;mq;0.000000;-60;0.000000;0.000000;2.000000;mq;mq;710.000000;1106.000000;3100.000000;mq;1;8;300;3;8;780;mq;mq;mq;mq;mq;mq;
07510;20110918120000;101480;-40;6;300;7.200000;291.550000;280.650000;49;19000;0;mq;mq;mq;mq;1250;mq;mq;mq;100840;mq;mq;mq;mq;mq;mq;mq;mq;mq;mq;mq;11.800000;-10;mq;mq;mq;mq;0.000000;0.200000;2.000000;mq;mq;710.000000;1112.000000;mq;mq;mq;mq;mq;mq;mq;mq;mq;mq;mq;mq;mq;mq;
07535;20110918120000;101370;-60;8;310;2.600000;290.350000;281.250000;55;mq;mq;mq;mq;mq;mq;mq;mq;mq;mq;98330;mq;mq;mq;mq;mq;mq;mq;mq;mq;mq;mq;5.100000;-10;mq;mq;mq;mq;0.000000;0.400000;0.400000;mq;mq;710.000000;1105.000000;mq;mq;mq;mq;mq;mq;mq;mq;mq;mq;mq;mq;mq;mq;
07558;20110918120000;101280;-40;8;310;6.200000;284.850000;279.950000;72;mq;mq;mq;mq;mq;mq;mq;mq;mq;mq;93050;mq;mq;mq;mq;mq;mq;mq;mq;mq;mq;mq;13.400000;-10;mq;mq;mq;mq;0.000000;0.400000;0.600000;mq;mq;710.000000;1113.000000;mq;mq;mq;mq;mq;mq;mq;mq;mq;mq;mq;mq;mq;mq;
07577;20110918120000;101250;50;0;360;3.600000;288.050000;282.450000;69;20000;2;6;2;90;5;800;38;27;60;100370;mq;mq;mq;mq;mq;mq;mq;mq;mq;mq;mq;7.200000;-10;mq;mq;0.000000;-60;0.000000;0.200000;0.200000;mq;mq;710.000000;1107.000000;3100.000000;mq;2;8;900;5;6;1200;5;3;2400;mq;mq;mq;
07591;20110918120000;mq;60;3;220;9.800000;284.150000;281.350000;83;mq;63;mq;mq;mq;mq;mq;mq;mq;mq;91060;mq;mq;mq;mq;mq;mq;mq;mq;mq;mq;19.000000;19.000000;-10;mq;mq;mq;mq;5.000000;7.000000;12.000000;mq;mq;1019.000000;710.000000;1119.000000;mq;mq;mq;mq;mq;mq;mq;mq;mq;mq;mq;mq;mq;
07607;20110918120000;101620;-30;8;290;4.100000;288.450000;285.350000;82;6000;63;mq;mq;90;mq;800;mq;mq;mq;100920;mq;mq;mq;mq;mq;mq;mq;mq;mq;mq;mq;6.200000;-10;mq;mq;mq;mq;0.800000;2.000000;2.000000;mq;mq;710.000000;1106.000000;mq;mq;mq;mq;mq;mq;mq;mq;mq;mq;mq;mq;mq;mq;
07621;20110918120000;101690;10;2;260;5.100000;287.350000;285.350000;88;20000;21;6;2;90;7;800;38;61;60;97430;mq;mq;mq;mq;mq;mq;mq;mq;mq;mq;mq;9.300000;-10;mq;mq;0.000000;-60;0.200000;0.200000;6.000000;mq;mq;710.000000;1109.000000;3100.000000;mq;2;8;660;5;8;1500;7;6;1800;mq;mq;mq;
07627;20110918120000;101700;0;4;310;3.100000;284.650000;282.750000;88;mq;60;6;2;mq;mq;mq;mq;mq;mq;96850;mq;mq;mq;mq;mq;mq;mq;mq;mq;mq;mq;7.200000;-10;mq;mq;mq;mq;2.000000;3.000000;5.000000;mq;mq;710.000000;1107.000000;mq;mq;mq;mq;mq;mq;mq;mq;mq;mq;mq;mq;mq;mq;
07630;20110918120000;101530;-20;8;270;5.100000;289.450000;282.150000;62;30000;1;6;2;75;5;800;38;23;10;99760;mq;mq;mq;mq;mq;mq;mq;mq;mq;mq;mq;8.200000;-10;mq;mq;0.000000;-60;0.000000;0.200000;0.200000;mq;mq;710.000000;1108.000000;3100.000000;mq;3;8;600;3;6;1500;mq;mq;mq;mq;mq;mq;
07643;20110918120000;101230;130;1;270;1.500000;289.650000;285.650000;77;20000;61;6;2;100;5;1250;35;27;60;101140;mq;mq;mq;mq;mq;mq;mq;mq;mq;mq;mq;3.600000;-10;mq;mq;mq;mq;1.000000;1.000000;1.000000;mq;mq;710.000000;1104.000000;mq;mq;3;6;990;5;6;1800;7;3;3000;mq;mq;mq;
07650;20110918120000;101070;10;3;330;9.800000;291.650000;284.450000;63;60000;1;6;2;100;3;800;38;27;60;100690;mq;mq;mq;mq;mq;mq;mq;mq;mq;mq;mq;13.400000;-10;mq;mq;0.000000;-60;0.000000;0.000000;0.000000;mq;mq;710.000000;1113.000000;3100.000000;mq;1;8;690;3;6;1800;7;3;2400;mq;mq;mq;
07661;20110918120000;100870;30;3;350;9.800000;293.050000;285.750000;63;15000;2;6;2;100;6;800;38;22;10;99320;mq;mq;mq;mq;mq;mq;mq;mq;mq;mq;mq;13.900000;-10;mq;mq;mq;mq;0.000000;0.000000;2.000000;mq;mq;710.000000;1114.000000;mq;mq;3;8;780;4;6;990;mq;mq;mq;mq;mq;mq;
07690;20110918120000;100600;-270;6;250;2.100000;295.450000;291.050000;76;40000;1;9;8;90;2;450;32;27;12;100280;mq;mq;mq;mq;mq;mq;mq;mq;mq;mq;mq;6.200000;-10;mq;mq;0.000000;-60;0.000000;0.600000;4.000000;mq;mq;710.000000;1106.000000;3100.000000;mq;2;8;480;5;3;2400;7;0;6000;mq;mq;mq;
07747;20110918120000;101320;120;3;340;6.700000;290.350000;282.550000;60;25000;2;1;1;100;7;1250;38;61;60;100800;mq;mq;mq;mq;mq;mq;mq;mq;mq;mq;mq;14.400000;-10;mq;mq;0.000000;-60;0.000000;0.000000;0.000000;mq;mq;710.000000;1114.000000;3100.000000;mq;1;8;1080;7;6;2400;mq;mq;mq;mq;mq;mq;
07761;20110918120000;100840;-210;7;220;2.600000;300.250000;290.750000;56;20000;2;1;1;75;2;800;33;27;18;100740;mq;mq;mq;mq;mq;mq;mq;mq;mq;mq;mq;3.600000;-10;mq;mq;0.000000;-60;0.000000;0.000000;0.000000;mq;mq;710.000000;1104.000000;3100.000000;mq;1;9;780;4;3;3900;5;2;6000;mq;mq;mq;
07790;20110918120000;100740;-130;8;80;1.500000;297.950000;291.850000;69;20000;2;1;1;90;3;800;38;23;60;100600;mq;mq;mq;mq;mq;mq;mq;mq;mq;mq;mq;5.700000;-10;mq;mq;0.000000;-60;0.000000;0.000000;0.000000;mq;mq;710.000000;1106.000000;3100.000000;mq;1;8;780;3;6;990;7;3;4500;mq;mq;mq;
61970;20110918120000;101590;mq;mq;mq;mq;301.850000;294.650000;65;mq;mq;mq;mq;mq;mq;mq;mq;mq;mq;mq;mq;mq;mq;mq;mq;mq;mq;mq;mq;mq;mq;mq;mq;mq;mq;mq;mq;0.000000;mq;0.000000;mq;mq;mq;mq;mq;mq;mq;mq;mq;mq;mq;mq;mq;mq;mq;mq;mq;mq;
61972;20110918120000;101850;mq;mq;150;3.100000;298.050000;289.450000;59;mq;mq;mq;mq;mq;mq;mq;mq;mq;mq;mq;mq;mq;mq;mq;mq;mq;mq;mq;mq;mq;mq;8.200000;-10;mq;mq;mq;mq;0.000000;mq;0.000000;mq;mq;710.000000;1108.000000;mq;mq;mq;mq;mq;mq;mq;mq;mq;mq;mq;mq;mq;mq;
61976;20110918120000;101590;mq;mq;140;9.300000;298.150000;294.250000;79;mq;mq;mq;mq;mq;mq;mq;mq;mq;mq;101440;mq;mq;120;mq;mq;mq;mq;mq;mq;mq;mq;mq;mq;mq;mq;mq;mq;mq;mq;mq;mq;mq;mq;mq;mq;mq;mq;mq;mq;mq;mq;mq;mq;mq;mq;mq;mq;mq;
61980;20110918120000;101850;mq;mq;110;6.200000;297.450000;287.850000;55;12000;2;1;1;50;4;800;38;20;10;mq;mq;mq;170;mq;mq;mq;mq;mq;mq;mq;mq;9.300000;-10;mq;mq;mq;mq;0.000000;mq;0.000000;mq;mq;710.000000;1109.000000;2437.000000;mq;2;8;840;4;6;1440;mq;mq;mq;mq;mq;mq;
61996;20110918120000;mq;mq;mq;mq;mq;285.750000;mq;mq;mq;mq;mq;mq;mq;mq;mq;mq;mq;mq;mq;mq;mq;mq;mq;mq;mq;mq;mq;mq;mq;mq;mq;mq;mq;mq;mq;mq;1.000000;mq;5.000000;mq;mq;mq;mq;mq;mq;mq;mq;mq;mq;mq;mq;mq;mq;mq;mq;mq;mq;
61997;20110918120000;100220;mq;mq;350;7.200000;275.450000;270.950000;72;mq;mq;mq;mq;mq;mq;mq;mq;mq;mq;mq;mq;mq;1240;mq;mq;mq;mq;mq;mq;mq;mq;mq;mq;mq;mq;mq;mq;mq;mq;0.000000;mq;mq;mq;mq;mq;mq;mq;mq;mq;mq;mq;mq;mq;mq;mq;mq;mq;mq;
61998;20110918120000;96970;mq;mq;160;11.800000;273.550000;272.950000;96;1000;68;6;6;100;8;250;37;61;60;mq;mq;mq;mq;mq;mq;mq;mq;mq;mq;mq;mq;17.000000;-10;mq;mq;mq;mq;0.400000;mq;0.800000;mq;mq;710.000000;1117.000000;mq;mq;8;7;180;mq;mq;mq;mq;mq;mq;mq;mq;mq;
67005;20110918120000;101470;mq;mq;340;5.100000;301.250000;293.750000;64;25000;2;1;1;40;2;800;38;23;10;mq;mq;mq;80;mq;mq;mq;mq;mq;mq;mq;mq;9.800000;-10;mq;mq;mq;mq;0.000000;mq;6.000000;mq;mq;710.000000;1110.000000;mq;mq;2;8;690;mq;mq;mq;mq;mq;mq;mq;mq;mq;
71805;20110918120000;103110;140;1;310;6.200000;286.350000;281.450000;72;50000;2;1;1;0;mq;mq;mq;mq;mq;103020;mq;mq;mq;mq;mq;mq;mq;mq;mq;mq;mq;9.300000;-10;mq;mq;0.000000;-60;0.000000;0.000000;0.000000;mq;mq;710.000000;1109.000000;3100.000000;mq;mq;mq;mq;mq;mq;mq;mq;mq;mq;mq;mq;mq;
78897;20110918120000;101550;240;3;150;1.500000;297.650000;296.650000;94;6000;61;9;8;100;6;450;38;27;60;mq;mq;mq;210;296.250000;mq;mq;302.750000;mq;mq;mq;mq;mq;mq;mq;mq;mq;mq;mq;mq;2.000000;mq;56.800000;mq;mq;mq;mq;5;8;300;5;6;990;7;3;3300;mq;mq;mq;
78922;20110918120000;101560;250;3;360;3.600000;297.050000;295.650000;92;mq;mq;mq;mq;mq;mq;mq;mq;mq;mq;101110;mq;mq;mq;mq;mq;mq;mq;mq;mq;mq;mq;mq;mq;mq;mq;mq;mq;mq;mq;mq;mq;mq;mq;mq;mq;mq;mq;mq;mq;mq;mq;mq;mq;mq;mq;mq;mq;mq;
78925;20110918120000;101450;140;1;30;4.100000;299.450000;296.750000;85;20000;1;9;2;75;6;800;39;20;10;mq;mq;mq;100;297.350000;mq;mq;304.950000;mq;mq;mq;mq;mq;mq;mq;mq;mq;mq;mq;mq;0.000000;mq;0.000000;mq;mq;mq;mq;1;9;600;3;6;1500;mq;mq;mq;mq;mq;mq;
81401;20110918120000;101410;mq;mq;130;2.600000;301.850000;297.850000;79;mq;mq;mq;mq;mq;mq;mq;mq;mq;mq;101350;mq;mq;mq;295.950000;mq;mq;mq;mq;mq;mq;mq;mq;mq;mq;mq;mq;mq;mq;0.000000;mq;mq;2.000000;mq;mq;mq;mq;mq;mq;mq;mq;mq;mq;mq;mq;mq;mq;mq;mq;
81405;20110918120000;101440;mq;mq;150;1.500000;302.150000;297.950000;78;13000;2;1;1;60;3;800;38;23;10;101350;mq;mq;mq;296.250000;mq;mq;mq;mq;mq;mq;mq;mq;mq;mq;mq;mq;mq;mq;0.000000;mq;mq;0.400000;mq;mq;mq;mq;mq;mq;mq;mq;mq;mq;mq;mq;mq;mq;mq;mq;
81408;20110918120000;101460;mq;mq;150;2.100000;299.350000;296.850000;86;mq;mq;mq;mq;mq;mq;mq;mq;mq;mq;101380;mq;mq;mq;295.450000;mq;mq;mq;mq;mq;mq;mq;mq;mq;mq;mq;mq;mq;mq;0.000000;mq;mq;0.000000;mq;mq;mq;mq;mq;mq;mq;mq;mq;mq;mq;mq;mq;mq;mq;mq;
89642;20110918120000;100230;-80;8;130;12.900000;256.350000;248.750000;48;40000;2;1;1;25;0;8000;30;20;11;99660;mq;mq;mq;256.050000;mq;261.650000;mq;mq;mq;mq;20.100000;20.100000;-60;mq;mq;mq;mq;mq;mq;mq;mq;mq;1020.000000;1120.000000;mq;mq;2;0;6000;mq;mq;mq;mq;mq;mq;mq;mq;mq;
07005;20110918150000;100380;-140;7;190;5.700000;286.150000;284.850000;92;10000;61;6;6;100;7;800;32;61;60;99500;mq;mq;mq;mq;mq;mq;mq;mq;mq;mq;mq;10.300000;-10;mq;mq;0.000000;-30;0.400000;6.000000;mq;mq;mq;710.000000;1110.000000;3100.000000;mq;7;8;600;mq;mq;mq;mq;mq;mq;mq;mq;mq;
07015;20110918150000;100430;-20;8;220;5.700000;286.150000;281.850000;75;30000;21;8;6;75;6;450;39;20;10;99870;mq;mq;mq;mq;mq;mq;mq;mq;mq;mq;mq;10.300000;-10;mq;mq;0.000000;-30;0.200000;0.200000;mq;mq;mq;710.000000;1110.000000;3100.000000;mq;1;9;480;3;8;990;5;6;1800;mq;mq;mq;
07020;20110918150000;100640;50;1;280;11.300000;289.050000;285.750000;81;12000;62;6;6;90;6;450;36;27;60;100380;mq;mq;mq;mq;mq;mq;mq;mq;mq;mq;mq;15.900000;-10;mq;mq;mq;mq;0.000000;0.000000;mq;mq;mq;710.000000;1116.000000;mq;mq;4;7;300;mq;mq;mq;mq;mq;mq;mq;mq;mq;
07027;20110918150000;100610;-20;5;250;8.700000;287.150000;285.150000;88;9000;80;8;6;90;7;800;38;61;60;99820;mq;mq;mq;mq;mq;mq;mq;mq;mq;mq;mq;13.400000;-10;mq;mq;0.000000;-30;0.400000;0.800000;mq;mq;mq;710.000000;1113.000000;3100.000000;mq;4;8;600;6;6;1380;mq;mq;mq;mq;mq;mq;
07037;20110918150000;100530;-50;8;220;6.200000;285.450000;284.850000;96;10000;61;6;2;90;7;450;32;61;60;98730;mq;mq;mq;mq;mq;mq;mq;mq;mq;mq;mq;10.300000;-10;mq;mq;0.000000;-30;2.000000;4.000000;mq;mq;mq;710.000000;1110.000000;3100.000000;mq;3;8;420;5;8;600;7;8;780;mq;mq;mq;
07110;20110918150000;101240;40;2;320;5.700000;286.250000;284.950000;92;1800;61;8;6;90;7;250;38;61;60;100110;mq;mq;mq;mq;mq;mq;mq;mq;mq;mq;mq;14.900000;-10;mq;mq;mq;mq;4.000000;4.000000;mq;mq;mq;710.000000;1115.000000;mq;mq;4;8;240;4;6;420;7;6;660;mq;mq;mq;
07117;20110918150000;101030;50;2;290;9.300000;288.150000;284.550000;79;10000;2;8;6;90;7;800;35;20;10;100340;mq;mq;mq;mq;mq;mq;mq;mq;mq;mq;16.500000;16.500000;-10;mq;mq;mq;mq;0.000000;0.200000;mq;mq;mq;1016.000000;710.000000;1116.000000;2457.000000;mq;mq;mq;mq;mq;mq;mq;mq;mq;mq;mq;mq;
07130;20110918150000;100970;-30;7;280;7.200000;290.650000;283.550000;63;45000;0;mq;mq;100;mq;1250;mq;mq;mq;100460;mq;mq;mq;mq;mq;mq;mq;mq;mq;mq;mq;15.900000;-10;mq;mq;mq;mq;0.000000;0.000000;mq;mq;mq;710.000000;1116.000000;mq;mq;mq;mq;mq;mq;mq;mq;mq;mq;mq;mq;mq;mq;
07139;20110918150000;100790;-70;7;280;6.200000;286.850000;283.250000;79;20000;25;8;6;90;5;800;32;23;11;99090;mq;mq;mq;mq;mq;mq;mq;mq;mq;mq;mq;11.800000;-10;mq;mq;0.000000;-30;0.300000;3.000000;mq;mq;mq;710.000000;1112.000000;3100.000000;mq;5;8;600;3;3;2400;mq;mq;mq;mq;mq;mq;
07149;20110918150000;100720;-70;6;220;6.700000;288.750000;283.050000;69;18000;3;8;6;75;5;800;38;20;12;99660;mq;mq;mq;mq;mq;mq;mq;mq;mq;mq;mq;11.800000;-10;mq;mq;0.000000;-30;0.000000;0.000000;mq;mq;mq;710.000000;1112.000000;3100.000000;mq;1;8;840;4;8;1200;mq;mq;mq;mq;mq;mq;
07168;20110918150000;100890;-80;8;210;5.700000;288.650000;282.050000;65;30000;25;2;2;75;6;1250;38;20;10;99500;mq;mq;mq;mq;mq;mq;mq;mq;mq;mq;mq;10.800000;-10;mq;mq;0.000000;-30;0.000000;0.000000;mq;mq;mq;710.000000;1111.000000;3100.000000;mq;3;8;1200;4;6;1800;mq;mq;mq;mq;mq;mq;
07181;20110918150000;100880;-30;8;240;6.700000;287.150000;280.650000;65;60000;0;mq;mq;90;mq;1250;mq;mq;mq;96880;mq;mq;mq;mq;mq;mq;mq;mq;mq;mq;mq;10.800000;-10;mq;mq;mq;mq;0.000000;0.000000;mq;mq;mq;710.000000;1111.000000;mq;mq;mq;mq;mq;mq;mq;mq;mq;mq;mq;mq;mq;mq;
07190;20110918150000;100930;0;0;180;5.700000;288.150000;281.150000;63;55000;0;mq;mq;90;mq;1250;mq;mq;mq;99150;mq;mq;mq;mq;mq;mq;mq;mq;mq;mq;mq;9.800000;-10;mq;mq;mq;mq;0.000000;0.000000;mq;mq;mq;710.000000;1110.000000;mq;mq;mq;mq;mq;mq;mq;mq;mq;mq;mq;mq;mq;mq;
07207;20110918150000;mq;mq;mq;310;8.200000;289.050000;284.250000;73;15000;15;2;2;90;6;800;34;27;10;mq;mq;mq;mq;mq;mq;mq;mq;mq;mq;mq;13.900000;19.000000;-10;mq;mq;mq;mq;0.000000;0.000000;mq;mq;mq;1014.000000;710.000000;1119.000000;2447.000000;mq;mq;mq;mq;mq;mq;mq;mq;mq;mq;mq;mq;
07222;20110918150000;101150;-40;6;280;8.200000;289.650000;283.750000;68;15000;80;8;6;75;6;1250;39;20;10;100840;mq;mq;mq;mq;mq;mq;mq;mq;mq;mq;mq;15.400000;-10;mq;mq;mq;mq;0.000000;0.000000;mq;mq;mq;710.000000;1115.000000;mq;mq;2;9;990;3;8;990;4;6;2400;mq;mq;mq;
07240;20110918150000;100940;-100;8;230;8.200000;290.850000;281.950000;56;55000;0;mq;mq;mq;mq;1250;mq;mq;mq;99630;mq;mq;mq;mq;mq;mq;mq;mq;mq;mq;mq;11.800000;-10;mq;mq;mq;mq;0.000000;0.000000;mq;mq;mq;710.000000;1112.000000;mq;mq;mq;mq;mq;mq;mq;mq;mq;mq;mq;mq;mq;mq;
07255;20110918150000;101030;-130;7;250;6.200000;290.050000;280.150000;52;30000;2;1;1;60;5;1250;38;20;10;99090;mq;mq;mq;mq;mq;mq;mq;mq;mq;mq;mq;10.800000;-10;mq;mq;0.000000;-30;0.000000;0.000000;mq;mq;mq;710.000000;1111.000000;3100.000000;mq;3;8;1230;3;6;1500;mq;mq;mq;mq;mq;mq;
07280;20110918150000;101010;-80;8;220;6.200000;289.250000;278.250000;48;50000;0;mq;mq;mq;mq;mq;mq;mq;mq;98360;mq;mq;mq;mq;mq;mq;mq;mq;mq;mq;mq;9.800000;-10;mq;mq;mq;mq;0.000000;0.000000;mq;mq;mq;710.000000;1110.000000;mq;mq;mq;mq;mq;mq;mq;mq;mq;mq;mq;mq;mq;mq;
07299;20110918150000;101040;-50;8;220;3.600000;287.750000;279.550000;58;60000;2;1;1;90;7;800;38;61;60;97840;mq;mq;mq;mq;mq;mq;mq;mq;mq;mq;mq;7.200000;-10;mq;mq;0.000000;-30;0.000000;0.000000;mq;mq;mq;710.000000;1107.000000;3100.000000;mq;2;8;930;4;6;1500;6;6;1800;mq;mq;mq;
07314;20110918150000;101400;-40;8;290;10.800000;290.150000;285.450000;74;15000;1;8;6;60;5;1250;34;23;10;101130;mq;mq;mq;mq;mq;mq;mq;mq;mq;mq;mq;16.500000;-10;mq;mq;mq;mq;0.600000;0.800000;mq;mq;mq;710.000000;1116.000000;2447.000000;mq;3;6;990;mq;mq;mq;mq;mq;mq;mq;mq;mq;
07335;20110918150000;101170;-80;6;240;5.100000;287.950000;284.750000;81;30000;25;8;6;50;4;1250;39;20;10;99750;mq;mq;mq;mq;mq;mq;mq;mq;mq;mq;mq;11.300000;-10;mq;mq;mq;mq;0.400000;0.400000;mq;mq;mq;710.000000;1111.000000;mq;mq;2;9;1080;mq;mq;mq;mq;mq;mq;mq;mq;mq;
07434;20110918150000;101250;-70;8;240;1.500000;286.250000;282.850000;80;30000;25;8;6;75;6;800;38;20;11;96540;mq;mq;mq;mq;mq;mq;mq;mq;mq;mq;mq;5.100000;-10;mq;mq;0.000000;-30;0.000000;0.600000;mq;mq;mq;710.000000;1105.000000;3100.000000;mq;5;8;780;mq;mq;mq;mq;mq;mq;mq;mq;mq;
07460;20110918150000;101110;-100;8;290;3.100000;290.550000;278.850000;46;20000;15;8;6;50;4;1250;38;20;10;97340;mq;mq;mq;mq;mq;mq;mq;mq;mq;mq;mq;7.200000;-10;mq;mq;0.000000;-30;0.000000;0.000000;mq;mq;mq;710.000000;1107.000000;3100.000000;mq;2;8;1380;3;6;1800;mq;mq;mq;mq;mq;mq;
07471;20110918150000;mq;-40;5;330;7.200000;284.750000;277.950000;63;30000;15;1;1;75;6;800;33;20;10;91660;85000;17230;mq;mq;mq;mq;mq;mq;mq;mq;mq;11.800000;-10;mq;mq;0.000000;-30;0.000000;0.000000;mq;mq;mq;710.000000;1112.000000;3100.000000;mq;2;9;900;5;8;990;mq;mq;mq;mq;mq;mq;
07481;20110918150000;101120;-140;8;110;1.000000;289.950000;279.450000;50;30000;2;1;1;60;3;1250;31;23;10;98320;mq;mq;mq;mq;mq;mq;mq;mq;mq;mq;mq;4.100000;-10;mq;mq;0.000000;-30;0.000000;0.000000;mq;mq;mq;710.000000;1104.000000;3100.000000;mq;3;8;1200;3;3;2700;mq;mq;mq;mq;mq;mq;
07510;20110918150000;101520;40;3;280;8.700000;290.150000;283.250000;64;8000;25;8;6;60;5;1250;33;20;13;100880;mq;mq;mq;mq;mq;mq;mq;mq;mq;mq;14.900000;15.400000;-10;mq;mq;0.000000;-30;0.000000;0.000000;mq;mq;mq;1015.000000;710.000000;1115.000000;3100.000000;1;9;1200;5;8;1230;mq;mq;mq;mq;mq;mq;
07535;20110918150000;101380;0;4;270;2.100000;289.050000;283.350000;69;mq;mq;mq;mq;mq;mq;mq;mq;mq;mq;98330;mq;mq;mq;mq;mq;mq;mq;mq;mq;mq;mq;10.300000;-10;mq;mq;mq;mq;0.200000;1.000000;mq;mq;mq;710.000000;1110.000000;mq;mq;mq;mq;mq;mq;mq;mq;mq;mq;mq;mq;mq;mq;
07558;20110918150000;101130;-100;8;300;11.300000;286.550000;278.150000;57;mq;mq;mq;mq;mq;mq;mq;mq;mq;mq;92950;mq;mq;mq;mq;mq;mq;mq;mq;mq;mq;mq;15.400000;-10;mq;mq;mq;mq;0.000000;0.000000;mq;mq;mq;710.000000;1115.000000;mq;mq;mq;mq;mq;mq;mq;mq;mq;mq;mq;mq;mq;mq;
07577;20110918150000;101110;-130;7;30;4.100000;290.550000;281.950000;57;30000;2;1;1;60;2;1750;31;23;11;100240;mq;mq;mq;mq;mq;mq;mq;mq;mq;mq;mq;8.700000;-10;mq;mq;0.000000;-30;0.000000;0.000000;mq;mq;mq;710.000000;1109.000000;3100.000000;mq;2;8;1500;3;3;3000;mq;mq;mq;mq;mq;mq;
07591;20110918150000;mq;-150;8;50;3.100000;284.450000;279.150000;70;mq;0;mq;mq;mq;mq;mq;mq;mq;mq;90910;mq;mq;mq;mq;mq;mq;mq;mq;mq;mq;mq;8.200000;-10;mq;mq;mq;mq;0.000000;1.000000;mq;mq;mq;710.000000;1108.000000;mq;mq;mq;mq;mq;mq;mq;mq;mq;mq;mq;mq;mq;mq;
07607;20110918150000;101620;0;5;320;6.700000;287.850000;284.250000;79;15000;63;mq;mq;90;mq;1250;mq;mq;mq;100920;mq;mq;mq;mq;mq;mq;mq;mq;mq;mq;mq;12.300000;-10;mq;mq;mq;mq;0.400000;0.600000;mq;mq;mq;710.000000;1112.000000;mq;mq;mq;mq;mq;mq;mq;mq;mq;mq;mq;mq;mq;mq;
07621;20110918150000;101650;-40;7;270;7.700000;287.950000;282.950000;72;15000;21;6;2;90;7;800;39;61;60;97390;mq;mq;mq;mq;mq;mq;mq;mq;mq;mq;mq;11.300000;-10;mq;mq;0.000000;-30;3.000000;4.000000;mq;mq;mq;710.000000;1111.000000;3100.000000;mq;3;8;720;2;9;1020;5;8;1200;7;6;1410;
07627;20110918150000;101620;-50;7;280;2.600000;286.350000;281.450000;72;7000;25;8;6;75;6;450;38;20;10;96800;mq;mq;mq;mq;mq;mq;mq;mq;mq;mq;mq;9.300000;-10;mq;mq;0.000000;-30;0.400000;2.000000;mq;mq;mq;710.000000;1109.000000;3100.000000;mq;2;8;390;6;6;900;mq;mq;mq;mq;mq;mq;
07630;20110918150000;101530;-10;5;290;9.300000;287.650000;283.250000;75;2000;95;9;8;90;7;800;39;61;60;99750;mq;mq;mq;mq;mq;mq;mq;mq;mq;mq;mq;13.400000;-10;mq;mq;0.000000;-30;1.000000;1.000000;mq;mq;mq;710.000000;1113.000000;3100.000000;mq;4;8;960;3;9;1200;mq;mq;mq;mq;mq;mq;
07643;20110918150000;101150;-80;7;260;2.100000;290.450000;282.350000;59;35000;1;6;2;100;5;800;35;27;60;101060;mq;mq;mq;mq;mq;mq;mq;mq;mq;mq;mq;5.100000;-10;mq;mq;mq;mq;0.000000;0.200000;mq;mq;mq;710.000000;1105.000000;mq;mq;1;6;690;4;6;1800;5;3;3000;mq;mq;mq;
07650;20110918150000;101040;-30;5;310;7.200000;290.550000;282.150000;58;75000;21;6;2;90;3;450;38;27;60;100660;mq;mq;mq;mq;mq;mq;mq;mq;mq;mq;mq;9.300000;-10;mq;mq;0.000000;-30;0.000000;0.000000;mq;mq;mq;710.000000;1109.000000;3100.000000;mq;1;8;300;3;6;1800;7;3;2700;mq;mq;mq;
07661;20110918150000;100800;-80;8;350;10.800000;292.050000;278.450000;41;20000;2;6;2;100;6;800;38;61;60;99240;mq;mq;mq;mq;mq;mq;mq;mq;mq;mq;mq;18.500000;-10;mq;mq;mq;mq;0.000000;0.000000;mq;mq;mq;710.000000;1119.000000;mq;mq;3;8;780;4;6;990;mq;mq;mq;mq;mq;mq;
07690;20110918150000;100460;-140;6;300;8.700000;296.150000;279.850000;35;50000;2;1;1;90;1;800;32;27;12;100140;mq;mq;mq;mq;mq;mq;mq;mq;mq;mq;13.900000;14.400000;-10;mq;mq;0.000000;-30;0.000000;0.000000;mq;mq;mq;1014.000000;710.000000;1114.000000;3100.000000;1;8;600;6;3;3300;7;0;6000;mq;mq;mq;
07747;20110918150000;101370;50;0;300;1.500000;288.250000;282.850000;70;12000;60;6;2;90;7;1250;38;61;60;100850;mq;mq;mq;mq;mq;mq;mq;mq;mq;mq;mq;7.700000;-10;mq;mq;0.000000;-30;0.000000;0.800000;mq;mq;mq;710.000000;1108.000000;3100.000000;mq;2;8;1080;7;6;1800;mq;mq;mq;mq;mq;mq;
07761;20110918150000;100660;-180;7;210;7.200000;298.250000;292.150000;69;11000;17;9;2;75;2;800;39;27;18;100560;mq;mq;mq;mq;mq;mq;mq;mq;mq;mq;mq;9.300000;-10;mq;mq;0.000000;-30;0.000000;0.000000;mq;mq;mq;710.000000;1109.000000;3100.000000;mq;2;9;780;3;3;4200;mq;mq;mq;mq;mq;mq;
07790;20110918150000;100630;-110;7;340;3.600000;296.150000;291.850000;77;10000;61;8;6;90;5;800;39;23;60;100490;mq;mq;mq;mq;mq;mq;mq;mq;mq;mq;mq;7.700000;-10;mq;mq;0.000000;-30;0.800000;0.800000;mq;mq;mq;710.000000;1108.000000;3100.000000;mq;3;8;690;1;9;780;5;6;1500;7;3;3900;
61968;20110918150000;101550;mq;mq;80;3.600000;298.450000;292.350000;69;mq;mq;mq;mq;mq;mq;mq;mq;mq;mq;mq;mq;mq;80;mq;mq;mq;mq;mq;mq;mq;mq;8.700000;-10;mq;mq;mq;mq;0.000000;0.000000;mq;mq;mq;710.000000;1109.000000;mq;mq;mq;mq;mq;mq;mq;mq;mq;mq;mq;mq;mq;mq;
61970;20110918150000;101630;mq;mq;mq;mq;299.350000;294.950000;77;mq;mq;mq;mq;mq;mq;mq;mq;mq;mq;mq;mq;mq;mq;mq;mq;mq;mq;mq;mq;mq;mq;mq;mq;mq;mq;mq;mq;0.000000;0.000000;mq;mq;mq;mq;mq;mq;mq;mq;mq;mq;mq;mq;mq;mq;mq;mq;mq;mq;mq;
61972;20110918150000;101790;mq;mq;170;2.600000;294.950000;289.050000;69;mq;mq;mq;mq;mq;mq;mq;mq;mq;mq;mq;mq;mq;mq;mq;mq;mq;mq;mq;mq;mq;mq;5.700000;-10;mq;mq;mq;mq;0.000000;0.000000;mq;mq;mq;710.000000;1106.000000;mq;mq;mq;mq;mq;mq;mq;mq;mq;mq;mq;mq;mq;mq;
61976;20110918150000;101770;mq;mq;150;12.300000;296.850000;292.350000;76;mq;mq;mq;mq;mq;mq;mq;mq;mq;mq;101620;mq;mq;150;mq;mq;mq;mq;mq;mq;mq;mq;mq;mq;mq;mq;mq;mq;mq;0.000000;mq;mq;mq;mq;mq;mq;mq;mq;mq;mq;mq;mq;mq;mq;mq;mq;mq;mq;mq;
61980;20110918150000;102030;mq;mq;110;5.700000;293.850000;286.750000;64;10000;2;1;1;60;5;2250;35;20;10;mq;mq;mq;220;mq;mq;mq;mq;mq;mq;mq;mq;9.800000;-10;mq;mq;mq;mq;0.000000;0.000000;mq;mq;mq;710.000000;1110.000000;mq;mq;5;6;1800;mq;mq;mq;mq;mq;mq;mq;mq;mq;
61996;20110918150000;mq;mq;mq;mq;mq;285.550000;mq;mq;mq;mq;mq;mq;mq;mq;mq;mq;mq;mq;mq;mq;mq;mq;mq;mq;mq;mq;mq;mq;mq;mq;mq;mq;mq;mq;mq;mq;0.200000;0.200000;mq;mq;mq;mq;mq;mq;mq;mq;mq;mq;mq;mq;mq;mq;mq;mq;mq;mq;mq;
61997;20110918150000;100030;mq;mq;360;11.300000;274.450000;271.350000;80;mq;mq;mq;mq;mq;mq;mq;mq;mq;mq;mq;mq;mq;760;mq;mq;mq;mq;mq;mq;mq;mq;mq;mq;mq;mq;mq;mq;mq;0.000000;mq;mq;mq;mq;mq;mq;mq;mq;mq;mq;mq;mq;mq;mq;mq;mq;mq;mq;mq;
61998;20110918150000;97320;mq;mq;150;17.000000;273.050000;272.750000;98;mq;mq;mq;mq;mq;mq;mq;mq;mq;mq;mq;mq;mq;mq;mq;mq;mq;mq;mq;mq;mq;mq;24.700000;-10;mq;mq;mq;mq;0.600000;1.000000;mq;mq;mq;710.000000;1125.000000;mq;mq;mq;mq;mq;mq;mq;mq;mq;mq;mq;mq;mq;mq;
67005;20110918150000;101580;mq;mq;340;4.100000;298.750000;294.450000;77;25000;2;1;1;25;1;800;38;23;10;mq;mq;mq;150;mq;mq;mq;mq;mq;mq;mq;mq;7.200000;-10;mq;mq;mq;mq;0.000000;0.000000;mq;mq;mq;710.000000;1107.000000;mq;mq;1;8;690;mq;mq;mq;mq;mq;mq;mq;mq;mq;
71805;20110918150000;103150;50;1;250;6.200000;288.750000;282.150000;65;50000;2;1;1;10;1;450;31;20;11;103070;mq;mq;mq;mq;mq;mq;mq;mq;mq;mq;mq;9.300000;-10;mq;mq;0.000000;-30;0.000000;0.000000;mq;mq;mq;710.000000;1109.000000;3100.000000;mq;1;8;450;mq;mq;mq;mq;mq;mq;mq;mq;mq;
78897;20110918150000;101510;-40;6;130;3.100000;301.950000;296.650000;73;50000;1;9;6;90;2;800;38;29;12;mq;mq;mq;130;mq;mq;mq;mq;mq;mq;mq;mq;mq;mq;mq;mq;mq;mq;mq;mq;mq;mq;mq;mq;mq;mq;mq;2;8;600;7;0;7800;mq;mq;mq;mq;mq;mq;
78922;20110918150000;101500;-60;8;170;6.200000;298.850000;295.350000;81;mq;mq;mq;mq;mq;mq;mq;mq;mq;mq;101050;mq;mq;mq;mq;mq;mq;mq;mq;mq;mq;mq;mq;mq;mq;mq;mq;mq;mq;mq;mq;mq;mq;mq;mq;mq;mq;mq;mq;mq;mq;mq;mq;mq;mq;mq;mq;mq;mq;
78925;20110918150000;101510;60;0;80;4.600000;299.650000;297.150000;86;30000;2;1;1;75;6;450;39;23;10;mq;mq;mq;110;mq;mq;mq;mq;mq;mq;mq;mq;mq;mq;mq;mq;mq;mq;mq;mq;mq;mq;mq;mq;mq;mq;mq;1;8;450;3;6;1500;5;3;3000;mq;mq;mq;
81401;20110918150000;101340;mq;mq;140;2.100000;305.850000;296.250000;57;mq;mq;mq;mq;mq;mq;mq;mq;mq;mq;101280;mq;mq;mq;mq;mq;mq;mq;mq;mq;mq;mq;mq;mq;mq;mq;mq;mq;mq;0.000000;mq;mq;mq;mq;mq;mq;mq;mq;mq;mq;mq;mq;mq;mq;mq;mq;mq;mq;mq;
81405;20110918150000;101370;mq;mq;70;3.600000;304.450000;297.050000;65;13000;15;2;2;60;5;450;32;23;10;101280;mq;mq;mq;mq;mq;mq;mq;mq;mq;mq;mq;mq;mq;mq;mq;mq;mq;mq;0.000000;mq;mq;mq;mq;mq;mq;mq;mq;mq;mq;mq;mq;mq;mq;mq;mq;mq;mq;mq;
81408;20110918150000;101390;mq;mq;140;1.500000;304.350000;295.150000;58;mq;mq;mq;mq;mq;mq;mq;mq;mq;mq;101310;mq;mq;mq;mq;mq;mq;mq;mq;mq;mq;mq;mq;mq;mq;mq;mq;mq;mq;0.200000;mq;mq;mq;mq;mq;mq;mq;mq;mq;mq;mq;mq;mq;mq;mq;mq;mq;mq;mq;
89642;20110918150000;100180;-50;8;120;6.200000;257.250000;250.250000;51;mq;mq;mq;mq;mq;mq;mq;mq;mq;mq;99610;mq;mq;mq;mq;mq;mq;mq;mq;mq;mq;mq;19.500000;-30;mq;mq;mq;mq;mq;mq;mq;mq;mq;1120.000000;mq;mq;mq;mq;mq;mq;mq;mq;mq;mq;mq;mq;mq;mq;mq;
07005;20110918180000;100420;40;3;220;3.100000;284.850000;283.550000;92;mq;mq;mq;mq;mq;mq;mq;mq;mq;mq;99540;mq;mq;mq;282.750000;mq;287.550000;mq;mq;mq;mq;mq;7.700000;-10;mq;mq;mq;mq;0.000000;0.200000;mq;10.000000;mq;710.000000;1108.000000;mq;mq;mq;mq;mq;mq;mq;mq;mq;mq;mq;mq;mq;mq;
07015;20110918180000;100400;-30;6;160;3.100000;286.050000;284.450000;90;20000;25;8;6;90;7;450;38;61;60;99840;mq;mq;mq;282.750000;mq;289.450000;mq;mq;mq;mq;mq;6.200000;-10;mq;mq;0.000000;-60;0.400000;0.400000;mq;0.600000;mq;710.000000;1106.000000;3100.000000;mq;6;8;450;6;6;930;mq;mq;mq;mq;mq;mq;
07020;20110918180000;100780;140;3;310;11.300000;288.850000;285.050000;78;12000;62;6;6;75;5;450;32;27;60;100520;mq;mq;mq;286.350000;mq;289.250000;mq;mq;mq;mq;mq;16.500000;-10;mq;mq;mq;mq;0.000000;0.000000;mq;0.000000;mq;710.000000;1116.000000;mq;mq;1;7;300;4;8;780;mq;mq;mq;mq;mq;mq;
07027;20110918180000;100710;90;3;260;7.200000;286.350000;284.250000;87;60000;0;mq;mq;90;mq;1750;mq;mq;mq;99910;mq;mq;mq;282.050000;mq;288.950000;mq;mq;mq;mq;mq;13.400000;-10;mq;mq;mq;mq;0.000000;0.400000;mq;5.000000;mq;710.000000;1113.000000;mq;mq;mq;mq;mq;mq;mq;mq;mq;mq;mq;mq;mq;mq;
07037;20110918180000;100570;30;2;240;4.600000;284.450000;284.150000;98;7000;63;mq;mq;100;mq;150;mq;mq;mq;98760;mq;mq;mq;282.150000;mq;288.550000;mq;mq;mq;mq;mq;6.200000;-10;mq;mq;mq;mq;5.000000;15.000000;mq;21.000000;mq;710.000000;1106.000000;mq;mq;mq;mq;mq;mq;mq;mq;mq;mq;mq;mq;mq;mq;
07110;20110918180000;101350;110;3;310;7.200000;287.050000;284.350000;84;15000;1;8;6;90;7;450;38;61;60;100220;mq;mq;mq;283.950000;mq;288.950000;mq;mq;mq;mq;mq;12.900000;-10;mq;mq;mq;mq;0.000000;0.000000;mq;4.000000;mq;710.000000;1113.000000;mq;mq;6;8;480;6;6;1500;mq;mq;mq;mq;mq;mq;
07117;20110918180000;101150;120;3;300;8.700000;287.850000;284.450000;80;10000;2;8;6;90;7;800;35;20;10;100460;mq;mq;mq;286.550000;mq;289.050000;mq;mq;mq;mq;14.900000;16.500000;-10;mq;mq;mq;mq;0.000000;0.000000;mq;0.200000;mq;1015.000000;710.000000;1116.000000;2457.000000;mq;mq;mq;mq;mq;mq;mq;mq;mq;mq;mq;mq;
07130;20110918180000;101070;100;2;300;7.200000;287.950000;283.550000;75;45000;0;mq;mq;100;mq;800;mq;mq;mq;100560;mq;mq;mq;281.650000;mq;291.150000;mq;mq;mq;mq;mq;11.800000;-10;mq;mq;mq;mq;0.000000;0.000000;mq;0.200000;mq;710.000000;1112.000000;mq;mq;mq;mq;mq;mq;mq;mq;mq;mq;mq;mq;mq;mq;
07139;20110918180000;100840;40;3;250;4.600000;285.850000;283.750000;87;mq;mq;mq;mq;mq;mq;mq;mq;mq;mq;99130;mq;mq;mq;281.850000;mq;288.650000;mq;mq;mq;mq;mq;10.800000;-10;mq;mq;mq;mq;0.000000;0.600000;mq;4.000000;mq;710.000000;1111.000000;mq;mq;mq;mq;mq;mq;mq;mq;mq;mq;mq;mq;mq;mq;
07149;20110918180000;100710;-20;6;230;5.100000;285.750000;283.450000;86;15000;3;8;6;75;6;800;33;20;12;99640;mq;mq;mq;282.050000;mq;290.350000;mq;mq;mq;mq;mq;10.800000;-10;mq;mq;0.000000;-60;0.000000;0.000000;mq;0.000000;mq;710.000000;1111.000000;3100.000000;mq;1;9;780;3;8;1080;mq;mq;mq;mq;mq;mq;
07168;20110918180000;100850;-50;6;190;4.100000;286.050000;281.550000;74;20000;0;mq;mq;mq;mq;mq;mq;mq;mq;99450;mq;mq;mq;283.150000;mq;289.950000;mq;mq;mq;mq;mq;8.200000;-10;mq;mq;mq;mq;0.000000;0.000000;mq;0.200000;mq;710.000000;1108.000000;mq;mq;mq;mq;mq;mq;mq;mq;mq;mq;mq;mq;mq;mq;
07181;20110918180000;100920;0;5;190;3.600000;284.250000;280.550000;78;60000;0;mq;mq;mq;mq;2250;mq;mq;mq;96880;mq;mq;mq;283.550000;mq;288.250000;mq;mq;mq;mq;mq;6.200000;-10;mq;mq;mq;mq;0.000000;0.000000;mq;0.000000;mq;710.000000;1106.000000;mq;mq;mq;mq;mq;mq;mq;mq;mq;mq;mq;mq;mq;mq;
07190;20110918180000;100990;40;3;180;2.100000;285.650000;281.750000;77;45000;61;mq;mq;mq;mq;1250;mq;mq;mq;99190;mq;mq;mq;284.950000;mq;289.350000;mq;mq;mq;mq;mq;4.600000;-10;mq;mq;mq;mq;0.000000;0.000000;mq;1.000000;mq;710.000000;1105.000000;mq;mq;mq;mq;mq;mq;mq;mq;mq;mq;mq;mq;mq;mq;
07207;20110918180000;mq;mq;mq;320;9.300000;288.450000;284.050000;75;12000;2;1;1;75;4;800;32;23;10;mq;mq;mq;mq;285.850000;mq;290.050000;mq;mq;mq;mq;15.400000;15.400000;-10;mq;mq;mq;mq;0.000000;0.000000;mq;0.800000;mq;1015.000000;710.000000;1115.000000;2447.000000;mq;mq;mq;mq;mq;mq;mq;mq;mq;mq;mq;mq;
07222;20110918180000;101210;60;3;290;5.700000;288.550000;283.750000;73;15000;2;8;6;90;7;800;38;61;60;100900;mq;mq;mq;280.150000;mq;291.450000;mq;mq;mq;mq;mq;10.800000;-10;mq;mq;mq;mq;0.000000;0.200000;mq;0.200000;mq;710.000000;1111.000000;mq;mq;2;8;810;7;6;2400;mq;mq;mq;mq;mq;mq;
07240;20110918180000;101030;70;1;250;2.600000;286.250000;283.950000;86;20000;25;2;mq;90;7;800;39;61;60;99700;mq;mq;mq;281.750000;mq;291.250000;mq;mq;mq;mq;mq;8.200000;-10;mq;mq;0.000000;-60;2.000000;4.000000;mq;4.000000;mq;710.000000;1108.000000;3100.000000;mq;2;8;690;2;9;990;5;6;1200;mq;mq;mq;
07255;20110918180000;101040;-10;5;240;5.700000;287.550000;281.450000;67;20000;0;mq;mq;mq;mq;mq;mq;mq;mq;99080;mq;mq;mq;282.250000;mq;291.050000;mq;mq;mq;mq;mq;10.300000;-10;mq;mq;mq;mq;0.000000;0.000000;mq;0.000000;mq;710.000000;1110.000000;mq;mq;mq;mq;mq;mq;mq;mq;mq;mq;mq;mq;mq;mq;
07280;20110918180000;101040;0;5;210;2.600000;286.750000;278.350000;57;60000;0;mq;mq;mq;mq;2250;mq;mq;mq;98360;mq;mq;mq;283.850000;mq;290.650000;mq;mq;mq;mq;mq;4.600000;-10;mq;mq;mq;mq;0.000000;0.000000;mq;0.000000;mq;710.000000;1105.000000;mq;mq;mq;mq;mq;mq;mq;mq;mq;mq;mq;mq;mq;mq;
07299;20110918180000;101100;20;3;220;1.500000;284.250000;280.750000;79;60000;2;1;1;40;3;1750;38;20;12;97860;mq;mq;mq;284.250000;mq;288.350000;mq;mq;mq;mq;mq;3.100000;-10;mq;mq;0.000000;-60;0.000000;0.000000;mq;1.000000;mq;710.000000;1103.000000;3100.000000;mq;1;8;1500;mq;mq;mq;mq;mq;mq;mq;mq;mq;
07314;20110918180000;101400;0;5;290;11.300000;290.150000;286.050000;77;15000;3;8;6;90;7;1250;38;20;10;101130;mq;mq;mq;287.550000;mq;290.850000;mq;mq;mq;mq;17.000000;17.000000;-10;mq;mq;mq;mq;0.400000;0.800000;mq;3.000000;mq;1017.000000;710.000000;1117.000000;2447.000000;5;8;990;mq;mq;mq;mq;mq;mq;mq;mq;mq;
07335;20110918180000;101200;30;3;250;5.100000;287.350000;282.950000;75;60000;0;mq;mq;90;mq;1250;mq;mq;mq;99780;mq;mq;mq;279.350000;mq;291.450000;mq;mq;mq;mq;mq;9.300000;-10;mq;mq;mq;mq;0.000000;0.000000;mq;0.400000;mq;710.000000;1109.000000;mq;mq;mq;mq;mq;mq;mq;mq;mq;mq;mq;mq;mq;mq;
07434;20110918180000;101340;60;3;260;2.600000;284.450000;281.850000;84;60000;0;mq;mq;mq;mq;1750;mq;mq;mq;96600;mq;mq;mq;282.250000;mq;287.750000;mq;mq;mq;mq;mq;7.200000;-10;mq;mq;mq;mq;0.000000;0.600000;mq;1.000000;mq;710.000000;1107.000000;mq;mq;mq;mq;mq;mq;mq;mq;mq;mq;mq;mq;mq;mq;
07460;20110918180000;101200;30;3;220;2.100000;286.550000;279.850000;64;60000;0;mq;mq;mq;mq;mq;mq;mq;mq;97370;mq;mq;mq;285.150000;mq;290.850000;mq;mq;mq;mq;mq;5.700000;-10;mq;mq;mq;mq;0.000000;0.000000;mq;0.000000;mq;710.000000;1106.000000;mq;mq;mq;mq;mq;mq;mq;mq;mq;mq;mq;mq;mq;mq;
07471;20110918180000;mq;20;3;280;2.600000;282.450000;277.450000;71;20000;0;mq;mq;mq;mq;mq;mq;mq;mq;91680;85000;17250;mq;281.550000;mq;287.050000;mq;mq;mq;mq;mq;6.200000;-10;mq;mq;mq;mq;0.000000;0.000000;mq;2.000000;mq;710.000000;1106.000000;mq;mq;mq;mq;mq;mq;mq;mq;mq;mq;mq;mq;mq;mq;
07481;20110918180000;101140;0;5;130;2.100000;287.850000;279.150000;56;5000;2;1;1;40;3;1750;34;20;10;98320;mq;mq;mq;284.450000;mq;290.250000;mq;mq;mq;mq;mq;2.600000;-10;mq;mq;0.000000;-60;0.000000;0.000000;mq;2.000000;mq;710.000000;1103.000000;3100.000000;mq;3;8;1500;mq;mq;mq;mq;mq;mq;mq;mq;mq;
07510;20110918180000;101570;50;3;270;5.100000;289.450000;282.850000;65;30000;3;8;6;60;4;1250;38;20;11;100930;mq;mq;mq;285.550000;mq;292.950000;mq;mq;mq;mq;mq;9.300000;-10;mq;mq;0.000000;-60;0.000000;0.600000;mq;2.000000;mq;710.000000;1109.000000;3100.000000;mq;1;8;990;3;6;2100;mq;mq;mq;mq;mq;mq;
07535;20110918180000;101510;80;3;260;1.500000;285.450000;283.350000;87;mq;mq;mq;mq;mq;mq;mq;mq;mq;mq;98410;mq;mq;mq;285.450000;mq;291.250000;mq;mq;mq;mq;mq;5.100000;-10;mq;mq;mq;mq;0.000000;0.200000;mq;2.000000;mq;710.000000;1105.000000;mq;mq;mq;mq;mq;mq;mq;mq;mq;mq;mq;mq;mq;mq;
07558;20110918180000;101370;150;3;300;5.700000;283.950000;278.250000;68;mq;mq;mq;mq;mq;mq;mq;mq;mq;mq;93100;mq;mq;mq;282.750000;mq;288.750000;mq;mq;mq;mq;mq;15.400000;-10;mq;mq;mq;mq;0.000000;0.000000;mq;0.600000;mq;710.000000;1115.000000;mq;mq;mq;mq;mq;mq;mq;mq;mq;mq;mq;mq;mq;mq;
07577;20110918180000;101130;10;3;360;1.500000;288.550000;281.350000;62;20000;0;mq;mq;mq;mq;mq;mq;mq;mq;100250;mq;mq;mq;286.650000;mq;291.450000;mq;mq;mq;mq;mq;5.100000;-10;mq;mq;mq;mq;0.000000;0.000000;mq;0.200000;mq;710.000000;1105.000000;mq;mq;mq;mq;mq;mq;mq;mq;mq;mq;mq;mq;mq;mq;
07591;20110918180000;mq;-40;5;280;1.000000;282.650000;277.450000;70;mq;0;mq;mq;mq;mq;mq;mq;mq;mq;90870;mq;mq;mq;282.650000;mq;287.350000;mq;mq;mq;mq;mq;6.200000;-10;mq;mq;mq;mq;0.000000;0.000000;mq;13.000000;mq;710.000000;1106.000000;mq;mq;mq;mq;mq;mq;mq;mq;mq;mq;mq;mq;mq;mq;
07607;20110918180000;101720;100;3;300;2.600000;288.050000;284.450000;79;60000;0;mq;mq;75;mq;2250;mq;mq;mq;101020;mq;mq;mq;286.950000;mq;292.150000;mq;mq;mq;mq;mq;7.200000;-10;mq;mq;mq;mq;0.000000;0.000000;mq;3.000000;mq;710.000000;1107.000000;mq;mq;mq;mq;mq;mq;mq;mq;mq;mq;mq;mq;mq;mq;
07621;20110918180000;101810;120;3;240;6.200000;285.650000;282.250000;80;20000;3;8;6;60;5;1250;38;20;10;97510;mq;mq;mq;285.350000;mq;288.850000;mq;mq;mq;mq;mq;8.700000;-10;mq;mq;0.000000;-60;0.000000;0.200000;mq;10.000000;mq;710.000000;1109.000000;3100.000000;mq;3;8;1200;5;6;2100;mq;mq;mq;mq;mq;mq;
07627;20110918180000;101760;110;3;0;0.000000;284.850000;281.150000;78;mq;mq;mq;mq;mq;mq;mq;mq;mq;mq;96910;mq;mq;mq;284.050000;mq;287.350000;mq;mq;mq;mq;mq;7.700000;-10;mq;mq;mq;mq;0.000000;0.000000;mq;7.000000;mq;710.000000;1108.000000;mq;mq;mq;mq;mq;mq;mq;mq;mq;mq;mq;mq;mq;mq;
07630;20110918180000;101610;80;3;260;5.700000;287.850000;282.250000;69;30000;3;9;8;75;6;1250;38;20;10;99830;mq;mq;mq;286.450000;mq;291.850000;mq;mq;mq;mq;mq;11.800000;-10;mq;mq;0.000000;-60;0.000000;1.000000;mq;3.000000;mq;710.000000;1112.000000;3100.000000;mq;1;8;990;5;6;2100;mq;mq;mq;mq;mq;mq;
07643;20110918180000;101110;-40;5;300;6.200000;291.550000;278.750000;43;70000;1;6;1;40;2;1750;35;24;12;101020;mq;mq;mq;289.650000;mq;292.550000;mq;mq;mq;mq;mq;9.800000;-10;mq;mq;mq;mq;0.000000;0.000000;mq;2.000000;mq;710.000000;1110.000000;mq;mq;2;6;1500;mq;mq;mq;mq;mq;mq;mq;mq;mq;
07650;20110918180000;101000;-40;6;300;8.700000;289.950000;283.050000;64;60000;1;6;2;75;1;450;38;27;12;100620;mq;mq;mq;289.550000;mq;293.250000;mq;mq;mq;mq;mq;11.300000;-10;mq;mq;0.000000;-60;0.000000;0.000000;mq;0.000000;mq;710.000000;1111.000000;3100.000000;mq;1;8;480;3;3;3900;5;0;6900;mq;mq;mq;
07661;20110918180000;100810;0;5;340;13.900000;290.550000;279.750000;49;20000;1;6;2;90;7;800;38;61;60;99240;mq;mq;mq;290.550000;mq;293.750000;mq;mq;mq;mq;mq;22.100000;-10;mq;mq;mq;mq;0.000000;0.000000;mq;2.000000;mq;710.000000;1122.000000;mq;mq;3;8;780;4;6;990;mq;mq;mq;mq;mq;mq;
07690;20110918180000;100330;-140;8;250;7.200000;293.150000;282.950000;52;50000;2;1;1;90;1;800;35;27;12;100000;mq;mq;mq;292.050000;mq;297.450000;mq;mq;mq;mq;mq;14.400000;-10;mq;mq;0.000000;-60;0.000000;0.000000;mq;4.000000;mq;710.000000;1114.000000;3100.000000;mq;1;6;600;4;3;3300;5;0;6000;mq;mq;mq;
07747;20110918180000;101370;0;5;320;3.600000;290.250000;280.350000;52;60000;0;mq;mq;mq;mq;mq;mq;mq;mq;100850;mq;mq;mq;287.750000;mq;292.850000;mq;mq;mq;mq;mq;13.400000;-10;mq;mq;mq;mq;0.000000;0.000000;mq;0.800000;mq;710.000000;1113.000000;mq;mq;mq;mq;mq;mq;mq;mq;mq;mq;mq;mq;mq;mq;
07761;20110918180000;100770;110;3;90;5.100000;293.450000;290.050000;81;15000;21;9;8;100;7;450;39;61;60;100670;mq;mq;mq;290.950000;mq;300.450000;mq;mq;mq;mq;mq;10.300000;-10;mq;mq;0.000000;-60;0.000000;6.000000;mq;6.000000;mq;710.000000;1110.000000;3100.000000;mq;4;8;540;1;9;780;5;6;900;mq;mq;mq;
07790;20110918180000;100600;-30;5;10;1.500000;292.250000;290.550000;90;15000;95;9;8;100;5;800;39;23;60;100460;mq;mq;mq;292.150000;mq;299.350000;mq;mq;mq;mq;mq;12.300000;-10;mq;mq;0.000000;-60;7.000000;8.000000;mq;9.000000;mq;710.000000;1112.000000;3100.000000;mq;2;8;690;1;9;780;4;6;1500;7;3;3000;
61970;20110918180000;101770;mq;mq;mq;mq;298.150000;294.650000;81;mq;mq;mq;mq;mq;mq;mq;mq;mq;mq;mq;mq;mq;50;mq;mq;302.950000;mq;mq;mq;mq;mq;mq;mq;mq;mq;mq;mq;0.000000;mq;mq;0.000000;mq;mq;mq;mq;mq;mq;mq;mq;mq;mq;mq;mq;mq;mq;mq;mq;mq;
61972;20110918180000;101820;mq;mq;160;1.500000;291.350000;288.250000;82;mq;mq;mq;mq;mq;mq;mq;mq;mq;mq;mq;mq;mq;mq;mq;mq;299.150000;mq;mq;mq;mq;mq;2.600000;-10;mq;mq;mq;mq;0.000000;mq;mq;0.000000;mq;710.000000;1103.000000;mq;mq;mq;mq;mq;mq;mq;mq;mq;mq;mq;mq;mq;mq;
61976;20110918180000;101910;mq;mq;140;10.300000;296.750000;292.450000;77;mq;mq;mq;mq;mq;mq;mq;mq;mq;mq;101760;mq;mq;90;mq;mq;mq;mq;mq;mq;mq;mq;mq;mq;mq;mq;mq;mq;mq;mq;mq;mq;mq;mq;mq;mq;mq;mq;mq;mq;mq;mq;mq;mq;mq;mq;mq;mq;mq;
61980;20110918180000;102210;mq;mq;100;5.700000;292.450000;285.950000;66;10000;2;1;1;25;2;1250;35;20;10;mq;mq;mq;270;mq;mq;299.750000;mq;mq;mq;mq;mq;8.700000;-10;mq;mq;mq;mq;0.000000;mq;mq;0.000000;mq;710.000000;1109.000000;mq;mq;2;6;1380;mq;mq;mq;mq;mq;mq;mq;mq;mq;
61996;20110918180000;mq;mq;mq;mq;mq;285.350000;mq;mq;mq;mq;mq;mq;mq;mq;mq;mq;mq;mq;mq;mq;mq;mq;mq;mq;288.150000;mq;mq;mq;mq;mq;mq;mq;mq;mq;mq;mq;0.000000;mq;mq;5.000000;mq;mq;mq;mq;mq;mq;mq;mq;mq;mq;mq;mq;mq;mq;mq;mq;mq;
61997;20110918180000;99740;mq;mq;360;14.400000;274.150000;272.950000;92;mq;mq;mq;mq;mq;mq;mq;mq;mq;mq;mq;mq;mq;130;mq;mq;276.150000;mq;mq;mq;mq;mq;mq;mq;mq;mq;mq;mq;mq;mq;mq;0.200000;mq;mq;mq;mq;mq;mq;mq;mq;mq;mq;mq;mq;mq;mq;mq;mq;mq;
61998;20110918180000;97920;mq;mq;150;15.900000;272.650000;272.350000;98;mq;mq;mq;mq;mq;mq;mq;mq;mq;mq;mq;mq;mq;580;mq;mq;275.250000;mq;mq;mq;mq;mq;20.100000;-10;mq;mq;mq;mq;0.200000;mq;mq;3.000000;mq;710.000000;1120.000000;mq;mq;mq;mq;mq;mq;mq;mq;mq;mq;mq;mq;mq;mq;
67005;20110918180000;101690;mq;mq;340;4.100000;298.250000;294.750000;81;mq;0;mq;mq;mq;mq;mq;mq;mq;mq;mq;mq;mq;150;mq;mq;302.950000;mq;mq;mq;mq;mq;7.700000;-10;mq;mq;mq;mq;0.000000;mq;mq;6.000000;mq;710.000000;1108.000000;mq;mq;mq;mq;mq;mq;mq;mq;mq;mq;mq;mq;mq;mq;
71805;20110918180000;103090;-60;8;310;5.700000;289.050000;279.450000;53;50000;2;1;1;10;0;8000;30;20;11;103010;mq;mq;mq;mq;280.650000;289.550000;mq;mq;mq;mq;mq;9.300000;-10;mq;mq;0.000000;-60;0.000000;0.000000;mq;0.000000;mq;710.000000;1109.000000;3100.000000;mq;1;0;9000;mq;mq;mq;mq;mq;mq;mq;mq;mq;
78897;20110918180000;101320;-190;8;120;3.600000;303.050000;294.750000;61;50000;1;9;6;60;3;800;38;23;12;mq;mq;mq;70;mq;296.250000;303.150000;mq;mq;mq;mq;mq;mq;mq;mq;mq;mq;mq;mq;mq;0.400000;mq;54.400000;mq;mq;mq;mq;2;8;780;4;0;7800;mq;mq;mq;mq;mq;mq;
78925;20110918180000;101300;-210;6;160;1.500000;303.850000;296.750000;66;30000;2;1;1;75;4;800;38;23;12;mq;mq;mq;40;mq;297.350000;304.750000;mq;mq;mq;mq;mq;mq;mq;mq;mq;mq;mq;mq;mq;0.000000;mq;mq;mq;mq;mq;mq;4;8;780;5;3;3900;mq;mq;mq;mq;mq;mq;
81401;20110918180000;101030;mq;mq;40;3.100000;304.550000;297.950000;68;mq;mq;mq;mq;mq;mq;mq;mq;mq;mq;100970;mq;mq;mq;mq;mq;mq;mq;mq;mq;mq;mq;mq;mq;mq;mq;mq;mq;mq;0.000000;0.000000;mq;mq;mq;mq;mq;mq;mq;mq;mq;mq;mq;mq;mq;mq;mq;mq;mq;mq;
81405;20110918180000;101200;mq;mq;120;1.000000;298.950000;297.150000;90;7000;25;9;8;100;7;250;39;61;60;101110;mq;mq;mq;mq;mq;mq;mq;mq;mq;mq;mq;mq;mq;mq;mq;mq;mq;mq;24.000000;24.000000;mq;mq;mq;mq;mq;mq;mq;mq;mq;mq;mq;mq;mq;mq;mq;mq;mq;mq;
81408;20110918180000;101120;mq;mq;190;1.000000;299.850000;295.950000;79;mq;mq;mq;mq;mq;mq;mq;mq;mq;mq;101040;mq;mq;mq;mq;mq;mq;mq;mq;mq;mq;mq;mq;mq;mq;mq;mq;mq;mq;0.400000;0.600000;mq;mq;mq;mq;mq;mq;mq;mq;mq;mq;mq;mq;mq;mq;mq;mq;mq;mq;
89642;20110918180000;99910;-270;8;130;10.300000;256.850000;249.850000;51;mq;mq;mq;mq;mq;mq;mq;mq;mq;mq;99340;mq;mq;mq;mq;mq;mq;mq;mq;mq;mq;mq;19.500000;-60;mq;mq;mq;mq;mq;mq;mq;mq;mq;1120.000000;mq;mq;mq;mq;mq;mq;mq;mq;mq;mq;mq;mq;mq;mq;mq;
07005;20110918210000;100600;170;2;250;2.100000;283.950000;283.150000;95;mq;mq;mq;mq;mq;mq;mq;mq;mq;mq;99710;mq;mq;mq;mq;mq;mq;mq;mq;mq;mq;mq;3.100000;-10;mq;mq;mq;mq;0.000000;4.000000;mq;mq;mq;710.000000;1103.000000;mq;mq;mq;mq;mq;mq;mq;mq;mq;mq;mq;mq;mq;mq;
07015;20110918210000;100520;120;2;260;1.500000;285.250000;284.150000;93;30000;2;1;1;90;7;450;38;61;60;99960;mq;mq;mq;mq;mq;mq;mq;mq;mq;mq;mq;3.100000;-10;mq;mq;0.000000;-30;0.000000;0.000000;mq;mq;mq;710.000000;1103.000000;3100.000000;mq;4;8;480;7;6;660;mq;mq;mq;mq;mq;mq;
07020;20110918210000;101030;250;1;310;11.300000;288.650000;285.550000;82;14000;21;6;2;60;3;800;38;20;10;100770;mq;mq;mq;mq;mq;mq;mq;mq;mq;mq;mq;15.400000;-10;mq;mq;mq;mq;0.000000;0.000000;mq;mq;mq;710.000000;1115.000000;mq;mq;3;8;780;3;6;990;mq;mq;mq;mq;mq;mq;
07027;20110918210000;100880;170;3;270;8.200000;286.250000;284.450000;89;45000;0;mq;mq;75;mq;1250;mq;mq;mq;100080;mq;mq;mq;mq;mq;mq;mq;mq;mq;mq;mq;12.300000;-10;mq;mq;mq;mq;0.200000;0.200000;mq;mq;mq;710.000000;1112.000000;mq;mq;mq;mq;mq;mq;mq;mq;mq;mq;mq;mq;mq;mq;
07037;20110918210000;100730;150;2;260;3.100000;283.150000;282.850000;98;2400;10;mq;mq;mq;mq;800;mq;mq;mq;98910;mq;mq;mq;mq;mq;mq;mq;mq;mq;mq;mq;4.600000;-10;mq;mq;mq;mq;0.000000;2.000000;mq;mq;mq;710.000000;1105.000000;mq;mq;mq;mq;mq;mq;mq;mq;mq;mq;mq;mq;mq;mq;
07110;20110918210000;101560;200;3;310;5.100000;286.350000;284.450000;88;15000;2;1;1;90;7;450;35;61;60;100420;mq;mq;mq;mq;mq;mq;mq;mq;mq;mq;mq;9.800000;-10;mq;mq;mq;mq;0.000000;0.000000;mq;mq;mq;710.000000;1110.000000;mq;mq;7;6;420;mq;mq;mq;mq;mq;mq;mq;mq;mq;
07117;20110918210000;101370;220;3;300;9.800000;287.750000;285.050000;84;12000;2;1;1;60;5;800;35;20;10;100680;mq;mq;mq;mq;mq;mq;mq;mq;mq;mq;mq;18.000000;-10;mq;mq;mq;mq;0.000000;0.000000;mq;mq;mq;710.000000;1118.000000;2447.000000;mq;mq;mq;mq;mq;mq;mq;mq;mq;mq;mq;mq;mq;
07130;20110918210000;101250;170;3;300;3.100000;286.050000;284.150000;88;8000;61;mq;mq;100;mq;800;mq;mq;mq;100730;mq;mq;mq;mq;mq;mq;mq;mq;mq;mq;mq;9.300000;-10;mq;mq;mq;mq;0.400000;0.400000;mq;mq;mq;710.000000;1109.000000;mq;mq;mq;mq;mq;mq;mq;mq;mq;mq;mq;mq;mq;mq;
07139;20110918210000;100980;140;2;260;3.600000;285.350000;283.250000;87;mq;mq;mq;mq;mq;mq;mq;mq;mq;mq;99270;mq;mq;mq;mq;mq;mq;mq;mq;mq;mq;mq;7.200000;-10;mq;mq;mq;mq;0.000000;0.400000;mq;mq;mq;710.000000;1107.000000;mq;mq;mq;mq;mq;mq;mq;mq;mq;mq;mq;mq;mq;mq;
07149;20110918210000;100750;40;1;240;5.100000;285.550000;284.250000;92;15000;60;6;2;75;6;450;35;20;10;99680;mq;mq;mq;mq;mq;mq;mq;mq;mq;mq;mq;9.300000;-10;mq;mq;0.000000;-30;0.000000;0.000000;mq;mq;mq;710.000000;1109.000000;3100.000000;mq;1;8;390;4;6;720;6;6;1290;mq;mq;mq;
07168;20110918210000;100900;40;0;210;5.700000;284.750000;282.650000;87;20000;0;mq;mq;mq;mq;mq;mq;mq;mq;99490;mq;mq;mq;mq;mq;mq;mq;mq;mq;mq;mq;7.700000;-10;mq;mq;mq;mq;0.000000;2.000000;mq;mq;mq;710.000000;1108.000000;mq;mq;mq;mq;mq;mq;mq;mq;mq;mq;mq;mq;mq;mq;
07181;20110918210000;100920;10;0;200;5.100000;284.850000;279.750000;71;60000;0;mq;mq;100;mq;1750;mq;mq;mq;96890;mq;mq;mq;mq;mq;mq;mq;mq;mq;mq;mq;7.700000;-10;mq;mq;mq;mq;0.000000;0.000000;mq;mq;mq;710.000000;1108.000000;mq;mq;mq;mq;mq;mq;mq;mq;mq;mq;mq;mq;mq;mq;
07190;20110918210000;101070;60;0;160;2.600000;282.550000;280.350000;86;60000;0;mq;mq;mq;mq;mq;mq;mq;mq;99250;mq;mq;mq;mq;mq;mq;mq;mq;mq;mq;mq;4.100000;-10;mq;mq;mq;mq;0.000000;0.000000;mq;mq;mq;710.000000;1104.000000;mq;mq;mq;mq;mq;mq;mq;mq;mq;mq;mq;mq;mq;mq;
07207;20110918210000;mq;mq;mq;320;8.200000;288.350000;284.350000;77;12000;2;1;1;90;4;800;32;23;10;mq;mq;mq;mq;mq;mq;mq;mq;mq;mq;mq;14.900000;15.400000;-10;mq;mq;mq;mq;0.000000;0.000000;mq;mq;mq;1015.000000;710.000000;1115.000000;2447.000000;mq;mq;mq;mq;mq;mq;mq;mq;mq;mq;mq;mq;
07222;20110918210000;101390;180;3;290;4.100000;286.450000;283.450000;82;20000;2;1;1;75;6;1750;35;20;10;101080;mq;mq;mq;mq;mq;mq;mq;mq;mq;mq;mq;7.200000;-10;mq;mq;mq;mq;0.000000;0.000000;mq;mq;mq;710.000000;1107.000000;mq;mq;2;6;1500;5;6;1800;mq;mq;mq;mq;mq;mq;
07240;20110918210000;101170;130;3;240;4.600000;285.550000;283.950000;90;25000;1;8;6;90;7;800;38;61;60;99830;mq;mq;mq;mq;mq;mq;mq;mq;mq;mq;mq;8.700000;-10;mq;mq;0.000000;-30;0.000000;1.000000;mq;mq;mq;710.000000;1109.000000;3100.000000;mq;2;8;780;6;6;1800;mq;mq;mq;mq;mq;mq;
07255;20110918210000;101180;120;1;240;3.600000;285.350000;283.950000;91;20000;0;mq;mq;mq;mq;1250;mq;mq;mq;99200;mq;mq;mq;mq;mq;mq;mq;mq;mq;mq;mq;5.700000;-10;mq;mq;mq;mq;0.000000;1.000000;mq;mq;mq;710.000000;1106.000000;mq;mq;mq;mq;mq;mq;mq;mq;mq;mq;mq;mq;mq;mq;
07280;20110918210000;101110;60;1;180;2.100000;285.650000;279.650000;67;60000;0;mq;mq;100;mq;2250;mq;mq;mq;98420;mq;mq;mq;mq;mq;mq;mq;mq;mq;mq;mq;5.100000;-10;mq;mq;mq;mq;0.000000;0.000000;mq;mq;mq;710.000000;1105.000000;mq;mq;mq;mq;mq;mq;mq;mq;mq;mq;mq;mq;mq;mq;
07299;20110918210000;101250;110;2;150;2.600000;280.950000;279.750000;92;60000;2;1;1;25;1;1250;34;20;11;97970;mq;mq;mq;mq;mq;mq;mq;mq;mq;mq;mq;3.600000;-10;mq;mq;0.000000;-30;0.000000;0.000000;mq;mq;mq;710.000000;1104.000000;3100.000000;mq;1;6;1350;mq;mq;mq;mq;mq;mq;mq;mq;mq;
07314;20110918210000;101510;110;2;290;10.800000;290.050000;286.150000;78;mq;mq;mq;mq;mq;mq;mq;mq;mq;mq;101240;mq;mq;mq;mq;mq;mq;mq;mq;mq;mq;mq;18.000000;-10;mq;mq;mq;mq;0.000000;0.000000;mq;mq;mq;710.000000;1118.000000;mq;mq;mq;mq;mq;mq;mq;mq;mq;mq;mq;mq;mq;mq;
07335;20110918210000;101360;150;2;260;3.100000;286.350000;284.050000;86;55000;0;mq;mq;100;mq;1750;mq;mq;mq;99930;mq;mq;mq;mq;mq;mq;mq;mq;mq;mq;mq;6.700000;-10;mq;mq;mq;mq;0.000000;0.000000;mq;mq;mq;710.000000;1107.000000;mq;mq;mq;mq;mq;mq;mq;mq;mq;mq;mq;mq;mq;mq;
07434;20110918210000;101460;110;1;250;3.100000;284.050000;282.950000;93;55000;0;mq;mq;100;mq;450;mq;mq;mq;96710;mq;mq;mq;mq;mq;mq;mq;mq;mq;mq;mq;7.700000;-10;mq;mq;mq;mq;0.000000;0.000000;mq;mq;mq;710.000000;1108.000000;mq;mq;mq;mq;mq;mq;mq;mq;mq;mq;mq;mq;mq;mq;
07460;20110918210000;101310;110;1;260;4.100000;286.550000;279.850000;64;60000;2;1;1;75;2;1750;32;23;13;97480;mq;mq;mq;mq;mq;mq;mq;mq;mq;mq;mq;8.200000;-10;mq;mq;0.000000;-30;0.000000;0.000000;mq;mq;mq;710.000000;1108.000000;3100.000000;mq;1;8;1800;3;3;2700;5;0;5400;mq;mq;mq;
07471;20110918210000;mq;110;1;280;3.600000;281.350000;279.150000;86;13000;61;mq;mq;90;mq;450;mq;mq;mq;91790;85000;17350;mq;mq;mq;mq;mq;mq;mq;mq;mq;8.700000;-10;mq;mq;mq;mq;0.200000;0.200000;mq;mq;mq;710.000000;1109.000000;mq;mq;mq;mq;mq;mq;mq;mq;mq;mq;mq;mq;mq;mq;
07481;20110918210000;101280;110;0;120;2.100000;285.650000;280.150000;69;50000;1;6;1;50;1;1750;35;23;10;98430;mq;mq;mq;mq;mq;mq;mq;mq;mq;mq;mq;3.600000;-10;mq;mq;0.000000;-30;0.000000;0.000000;mq;mq;mq;710.000000;1104.000000;3100.000000;mq;1;6;1500;4;3;2400;mq;mq;mq;mq;mq;mq;
07510;20110918210000;101700;120;1;230;3.600000;286.650000;285.350000;92;30000;1;8;6;50;4;800;38;20;10;101050;mq;mq;mq;mq;mq;mq;mq;mq;mq;mq;mq;7.200000;-10;mq;mq;0.000000;-30;0.000000;1.000000;mq;mq;mq;710.000000;1107.000000;3100.000000;mq;1;8;930;4;6;1800;mq;mq;mq;mq;mq;mq;
07535;20110918210000;101630;120;1;250;2.100000;285.050000;282.650000;85;mq;mq;mq;mq;mq;mq;mq;mq;mq;mq;98530;mq;mq;mq;mq;mq;mq;mq;mq;mq;mq;mq;5.100000;-10;mq;mq;mq;mq;0.000000;0.000000;mq;mq;mq;710.000000;1105.000000;mq;mq;mq;mq;mq;mq;mq;mq;mq;mq;mq;mq;mq;mq;
07558;20110918210000;101530;120;1;300;8.700000;282.850000;279.550000;80;mq;mq;mq;mq;mq;mq;mq;mq;mq;mq;93220;mq;mq;mq;mq;mq;mq;mq;mq;mq;mq;mq;14.400000;-10;mq;mq;mq;mq;0.000000;0.000000;mq;mq;mq;710.000000;1114.000000;mq;mq;mq;mq;mq;mq;mq;mq;mq;mq;mq;mq;mq;mq;
07577;20110918210000;101260;130;1;10;2.600000;287.750000;281.950000;68;20000;0;mq;mq;mq;mq;mq;mq;mq;mq;100380;mq;mq;mq;mq;mq;mq;mq;mq;mq;mq;mq;4.100000;-10;mq;mq;mq;mq;0.000000;0.000000;mq;mq;mq;710.000000;1104.000000;mq;mq;mq;mq;mq;mq;mq;mq;mq;mq;mq;mq;mq;mq;
07591;20110918210000;mq;120;1;0;0.000000;279.450000;278.250000;92;mq;0;mq;mq;mq;mq;mq;mq;mq;mq;90990;mq;mq;mq;mq;mq;mq;mq;mq;mq;mq;mq;2.600000;-10;mq;mq;mq;mq;0.000000;0.000000;mq;mq;mq;710.000000;1103.000000;mq;mq;mq;mq;mq;mq;mq;mq;mq;mq;mq;mq;mq;mq;
07607;20110918210000;101890;160;1;270;3.600000;286.950000;283.150000;78;60000;0;mq;mq;100;mq;1250;mq;mq;mq;101180;mq;mq;mq;mq;mq;mq;mq;mq;mq;mq;mq;6.700000;-10;mq;mq;mq;mq;0.000000;0.000000;mq;mq;mq;710.000000;1107.000000;mq;mq;mq;mq;mq;mq;mq;mq;mq;mq;mq;mq;mq;mq;
07621;20110918210000;102020;190;1;240;4.600000;284.650000;282.550000;87;10000;81;8;6;100;8;1250;38;61;60;97700;mq;mq;mq;mq;mq;mq;mq;mq;mq;mq;mq;7.200000;-10;mq;mq;0.000000;-30;0.200000;0.200000;mq;mq;mq;710.000000;1107.000000;3100.000000;mq;5;8;1020;7;6;1500;mq;mq;mq;mq;mq;mq;
07627;20110918210000;101990;210;1;320;1.000000;284.150000;281.350000;83;mq;mq;mq;mq;mq;mq;mq;mq;mq;mq;97120;mq;mq;mq;mq;mq;mq;mq;mq;mq;mq;mq;5.700000;-10;mq;mq;mq;mq;0.000000;2.000000;mq;mq;mq;710.000000;1106.000000;mq;mq;mq;mq;mq;mq;mq;mq;mq;mq;mq;mq;mq;mq;
07630;20110918210000;101800;180;1;260;6.700000;287.050000;282.650000;75;30000;2;1;1;75;2;1750;38;28;10;100010;mq;mq;mq;mq;mq;mq;mq;mq;mq;mq;mq;10.300000;-10;mq;mq;0.000000;-30;0.000000;0.000000;mq;mq;mq;710.000000;1110.000000;3100.000000;mq;1;8;1500;5;3;2400;mq;mq;mq;mq;mq;mq;
07643;20110918210000;101380;260;1;280;4.100000;289.550000;279.350000;51;70000;2;1;1;0;mq;mq;mq;mq;mq;101280;mq;mq;mq;mq;mq;mq;mq;mq;mq;mq;mq;10.800000;-10;mq;mq;mq;mq;0.000000;0.000000;mq;mq;mq;710.000000;1111.000000;mq;mq;mq;mq;mq;mq;mq;mq;mq;mq;mq;mq;mq;mq;
07650;20110918210000;101120;120;1;320;7.200000;289.050000;281.250000;60;60000;2;1;1;25;0;8000;30;20;12;100740;mq;mq;mq;mq;mq;mq;mq;mq;mq;mq;mq;10.800000;-10;mq;mq;0.000000;-30;0.000000;0.000000;mq;mq;mq;710.000000;1111.000000;3100.000000;mq;2;0;7500;mq;mq;mq;mq;mq;mq;mq;mq;mq;
07661;20110918210000;100880;70;3;340;14.400000;289.350000;279.750000;53;mq;mq;mq;mq;mq;mq;mq;mq;mq;mq;99310;mq;mq;mq;mq;mq;mq;mq;mq;mq;mq;mq;21.100000;-10;mq;mq;mq;mq;0.000000;0.000000;mq;mq;mq;710.000000;1121.000000;mq;mq;mq;mq;mq;mq;mq;mq;mq;mq;mq;mq;mq;mq;
07690;20110918210000;100230;-100;8;300;1.500000;290.350000;280.450000;52;30000;2;1;1;0;mq;mq;mq;mq;mq;99900;mq;mq;mq;mq;mq;mq;mq;mq;mq;mq;mq;3.100000;-10;mq;mq;0.000000;-30;0.000000;0.000000;mq;mq;mq;710.000000;1103.000000;3100.000000;mq;mq;mq;mq;mq;mq;mq;mq;mq;mq;mq;mq;mq;
07747;20110918210000;101610;240;1;290;6.700000;289.250000;280.450000;56;60000;0;mq;mq;mq;mq;mq;mq;mq;mq;101090;mq;mq;mq;mq;mq;mq;mq;mq;mq;mq;mq;12.300000;-10;mq;mq;mq;mq;0.000000;0.000000;mq;mq;mq;710.000000;1112.000000;mq;mq;mq;mq;mq;mq;mq;mq;mq;mq;mq;mq;mq;mq;
07761;20110918210000;100950;170;3;40;1.500000;292.350000;287.650000;74;15000;3;6;2;100;7;800;39;61;60;100840;mq;mq;mq;mq;mq;mq;mq;mq;mq;mq;mq;2.600000;-10;mq;mq;0.000000;-30;0.000000;0.000000;mq;mq;mq;710.000000;1103.000000;3100.000000;mq;2;8;600;1;9;900;6;6;1800;mq;mq;mq;
07790;20110918210000;100590;-10;5;260;2.600000;292.650000;287.450000;72;25000;2;9;6;90;5;800;38;23;60;100450;mq;mq;mq;mq;mq;mq;mq;mq;mq;mq;mq;6.200000;-10;mq;mq;0.000000;-30;0.000000;0.000000;mq;mq;mq;710.000000;1106.000000;3100.000000;mq;1;8;900;5;6;1500;5;3;6000;mq;mq;mq;
61968;20110918210000;101640;mq;mq;90;4.600000;298.650000;293.650000;74;mq;mq;mq;mq;mq;mq;mq;mq;mq;mq;mq;mq;mq;60;mq;mq;mq;mq;mq;mq;mq;mq;8.700000;-10;mq;mq;mq;mq;0.000000;0.000000;mq;mq;mq;710.000000;1109.000000;mq;mq;mq;mq;mq;mq;mq;mq;mq;mq;mq;mq;mq;mq;
61970;20110918210000;101750;mq;mq;mq;mq;297.450000;294.550000;84;mq;mq;mq;mq;mq;mq;mq;mq;mq;mq;mq;mq;mq;0;mq;mq;mq;mq;mq;mq;mq;mq;mq;mq;mq;mq;mq;mq;0.000000;0.000000;mq;mq;mq;mq;mq;mq;mq;mq;mq;mq;mq;mq;mq;mq;mq;mq;mq;mq;mq;
61972;20110918210000;101740;mq;mq;150;1.500000;289.150000;287.350000;89;mq;mq;mq;mq;mq;mq;mq;mq;mq;mq;mq;mq;mq;mq;mq;mq;mq;mq;mq;mq;mq;mq;2.100000;-10;mq;mq;mq;mq;0.000000;0.000000;mq;mq;mq;710.000000;1102.000000;mq;mq;mq;mq;mq;mq;mq;mq;mq;mq;mq;mq;mq;mq;
61980;20110918210000;102170;mq;mq;130;5.700000;292.850000;285.850000;64;10000;2;1;1;0;mq;mq;mq;mq;mq;mq;mq;mq;300;mq;mq;mq;mq;mq;mq;mq;mq;8.200000;-10;mq;mq;mq;mq;0.000000;0.000000;mq;mq;mq;710.000000;1108.000000;mq;mq;mq;mq;mq;mq;mq;mq;mq;mq;mq;mq;mq;mq;
61996;20110918210000;mq;mq;mq;mq;mq;284.650000;mq;mq;mq;mq;mq;mq;mq;mq;mq;mq;mq;mq;mq;mq;mq;mq;mq;mq;mq;mq;mq;mq;mq;mq;mq;mq;mq;mq;mq;mq;0.000000;0.000000;mq;mq;mq;mq;mq;mq;mq;mq;mq;mq;mq;mq;mq;mq;mq;mq;mq;mq;mq;
61997;20110918210000;99270;mq;mq;10;14.400000;275.150000;274.750000;97;mq;mq;mq;mq;mq;mq;mq;mq;mq;mq;mq;mq;mq;mq;mq;mq;mq;mq;mq;mq;mq;mq;mq;mq;mq;mq;mq;mq;mq;1.000000;mq;mq;mq;mq;mq;mq;mq;mq;mq;mq;mq;mq;mq;mq;mq;mq;mq;mq;mq;
61998;20110918210000;98590;mq;mq;160;14.400000;271.950000;271.650000;98;mq;mq;mq;mq;mq;mq;mq;mq;mq;mq;mq;mq;mq;1380;mq;mq;mq;mq;mq;mq;mq;mq;21.600000;-10;mq;mq;mq;mq;0.000000;0.200000;mq;mq;mq;710.000000;1122.000000;mq;mq;mq;mq;mq;mq;mq;mq;mq;mq;mq;mq;mq;mq;
67005;20110918210000;101680;mq;mq;340;4.100000;298.050000;294.350000;80;mq;0;mq;mq;mq;mq;mq;mq;mq;mq;mq;mq;mq;130;mq;mq;mq;mq;mq;mq;mq;mq;7.200000;-10;mq;mq;mq;mq;0.000000;0.000000;mq;mq;mq;710.000000;1107.000000;mq;mq;mq;mq;mq;mq;mq;mq;mq;mq;mq;mq;mq;mq;
71805;20110918210000;103090;10;4;280;5.100000;286.250000;280.250000;67;50000;2;1;1;60;0;8000;30;20;14;103000;mq;mq;mq;mq;mq;mq;mq;mq;mq;mq;mq;8.200000;-10;mq;mq;0.000000;-30;0.000000;0.000000;mq;mq;mq;710.000000;1108.000000;3100.000000;mq;5;0;7800;mq;mq;mq;mq;mq;mq;mq;mq;mq;
78897;20110918210000;101290;-30;5;100;3.600000;301.150000;295.350000;71;50000;2;1;1;90;4;800;38;23;12;mq;mq;mq;10;mq;mq;mq;mq;mq;mq;mq;mq;mq;mq;mq;mq;mq;mq;mq;mq;mq;mq;mq;mq;mq;mq;mq;1;8;780;4;6;1800;7;0;7800;mq;mq;mq;
78922;20110918210000;101200;-100;5;50;3.600000;301.050000;296.850000;78;mq;mq;mq;mq;mq;mq;mq;mq;mq;mq;100760;mq;mq;mq;mq;mq;mq;mq;mq;mq;mq;mq;mq;mq;mq;mq;mq;mq;mq;mq;mq;mq;mq;mq;mq;mq;mq;mq;mq;mq;mq;mq;mq;mq;mq;mq;mq;mq;mq;
78925;20110918210000;101180;-120;5;60;3.100000;301.250000;297.850000;82;30000;1;8;6;90;5;800;38;23;12;mq;mq;mq;mq;mq;mq;mq;mq;mq;mq;mq;mq;mq;mq;mq;mq;mq;mq;mq;mq;mq;mq;mq;mq;mq;mq;mq;3;8;780;3;6;1500;5;3;3900;mq;mq;mq;
81401;20110918210000;100940;mq;mq;50;2.600000;302.450000;297.350000;74;mq;mq;mq;mq;mq;mq;mq;mq;mq;mq;100880;mq;mq;mq;mq;mq;mq;mq;mq;mq;mq;mq;mq;mq;mq;mq;mq;mq;mq;0.000000;mq;mq;mq;mq;mq;mq;mq;mq;mq;mq;mq;mq;mq;mq;mq;mq;mq;mq;mq;
81405;20110918210000;101070;mq;mq;20;0.500000;299.750000;297.250000;86;12000;2;1;1;100;7;800;38;61;60;100980;mq;mq;mq;mq;mq;mq;mq;mq;mq;mq;mq;mq;mq;mq;mq;mq;mq;mq;0.000000;mq;mq;mq;mq;mq;mq;mq;mq;mq;mq;mq;mq;mq;mq;mq;mq;mq;mq;mq;
81408;20110918210000;101070;mq;mq;0;0.000000;299.750000;297.250000;86;mq;mq;mq;mq;mq;mq;mq;mq;mq;mq;100990;mq;mq;mq;mq;mq;mq;mq;mq;mq;mq;mq;mq;mq;mq;mq;mq;mq;mq;0.000000;mq;mq;mq;mq;mq;mq;mq;mq;mq;mq;mq;mq;mq;mq;mq;mq;mq;mq;mq;
07005;20110919000000;100760;160;3;310;2.100000;283.450000;282.850000;96;mq;mq;mq;mq;mq;mq;mq;mq;mq;mq;99870;mq;mq;mq;mq;mq;mq;mq;mq;mq;mq;mq;3.600000;-10;mq;mq;mq;mq;0.000000;0.000000;4.000000;mq;mq;710.000000;1104.000000;mq;mq;mq;mq;mq;mq;mq;mq;mq;mq;mq;mq;mq;mq;
07015;20110919000000;100670;140;3;270;2.100000;282.350000;281.550000;95;8000;2;1;1;0;mq;mq;mq;mq;mq;100100;mq;mq;mq;mq;mq;mq;mq;mq;mq;mq;mq;3.600000;-10;mq;mq;0.000000;-60;0.000000;0.000000;0.000000;mq;mq;710.000000;1104.000000;3100.000000;mq;mq;mq;mq;mq;mq;mq;mq;mq;mq;mq;mq;mq;
07020;20110919000000;101190;160;2;320;9.800000;288.050000;284.050000;77;mq;mq;mq;mq;mq;mq;mq;mq;mq;mq;100930;mq;mq;mq;mq;mq;mq;mq;mq;mq;mq;mq;14.400000;-10;mq;mq;mq;mq;0.000000;0.000000;0.000000;mq;mq;710.000000;1114.000000;mq;mq;mq;mq;mq;mq;mq;mq;mq;mq;mq;mq;mq;mq;
07027;20110919000000;101050;170;1;260;6.700000;285.750000;284.450000;92;40000;0;mq;mq;90;mq;800;mq;mq;mq;100250;mq;mq;mq;mq;mq;mq;mq;mq;mq;mq;mq;10.300000;-10;mq;mq;mq;mq;0.400000;2.000000;2.000000;mq;mq;710.000000;1110.000000;mq;mq;mq;mq;mq;mq;mq;mq;mq;mq;mq;mq;mq;mq;
07037;20110919000000;100890;160;1;270;2.600000;283.250000;283.050000;99;1300;10;mq;mq;mq;mq;mq;mq;mq;mq;99070;mq;mq;mq;mq;mq;mq;mq;mq;mq;mq;mq;4.600000;-10;mq;mq;mq;mq;0.000000;0.200000;3.000000;mq;mq;710.000000;1105.000000;mq;mq;mq;mq;mq;mq;mq;mq;mq;mq;mq;mq;mq;mq;
07110;20110919000000;101620;60;1;300;3.600000;285.950000;284.050000;88;30000;0;mq;mq;100;mq;450;mq;mq;mq;100480;mq;mq;mq;mq;mq;mq;mq;mq;mq;mq;mq;8.200000;-10;mq;mq;mq;mq;0.000000;0.000000;0.000000;mq;mq;710.000000;1108.000000;mq;mq;mq;mq;mq;mq;mq;mq;mq;mq;mq;mq;mq;mq;
07117;20110919000000;101430;60;0;300;8.200000;287.250000;285.150000;87;12000;2;1;1;60;5;800;35;20;10;100740;mq;mq;mq;mq;mq;mq;mq;mq;mq;mq;mq;13.400000;-10;mq;mq;mq;mq;0.000000;0.000000;0.000000;mq;mq;710.000000;1113.000000;2447.000000;mq;mq;mq;mq;mq;mq;mq;mq;mq;mq;mq;mq;mq;
07130;20110919000000;101370;120;2;270;4.100000;286.350000;284.550000;89;20000;0;mq;mq;100;mq;800;mq;mq;mq;100850;mq;mq;mq;mq;mq;mq;mq;mq;mq;mq;mq;8.200000;-10;mq;mq;mq;mq;0.200000;1.000000;1.000000;mq;mq;710.000000;1108.000000;mq;mq;mq;mq;mq;mq;mq;mq;mq;mq;mq;mq;mq;mq;
07139;20110919000000;101100;120;3;290;4.100000;285.550000;283.450000;87;mq;mq;mq;mq;mq;mq;mq;mq;mq;mq;99390;mq;mq;mq;mq;mq;mq;mq;mq;mq;mq;mq;7.200000;-10;mq;mq;mq;mq;0.000000;0.000000;0.400000;mq;mq;710.000000;1107.000000;mq;mq;mq;mq;mq;mq;mq;mq;mq;mq;mq;mq;mq;mq;
07149;20110919000000;100900;140;3;280;4.100000;284.950000;283.850000;93;18000;3;6;1;75;6;450;35;20;10;99820;mq;mq;mq;mq;mq;mq;mq;mq;mq;mq;mq;8.700000;-10;mq;mq;0.000000;-60;0.000000;0.200000;0.200000;mq;mq;710.000000;1109.000000;3100.000000;mq;4;6;330;6;6;720;mq;mq;mq;mq;mq;mq;
07168;20110919000000;100910;10;3;230;6.200000;284.950000;283.150000;89;20000;0;mq;mq;mq;mq;mq;mq;mq;mq;99500;mq;mq;mq;mq;mq;mq;mq;mq;mq;mq;mq;9.800000;-10;mq;mq;mq;mq;0.000000;0.000000;2.000000;mq;mq;710.000000;1110.000000;mq;mq;mq;mq;mq;mq;mq;mq;mq;mq;mq;mq;mq;mq;
07181;20110919000000;100930;-10;5;220;6.200000;283.950000;280.950000;82;60000;0;mq;mq;90;mq;1750;mq;mq;mq;96880;mq;mq;mq;mq;mq;mq;mq;mq;mq;mq;mq;8.700000;-10;mq;mq;mq;mq;0.000000;0.000000;0.000000;mq;mq;710.000000;1109.000000;mq;mq;mq;mq;mq;mq;mq;mq;mq;mq;mq;mq;mq;mq;
07190;20110919000000;101040;-20;8;200;3.600000;282.850000;280.750000;87;60000;0;mq;mq;100;mq;2250;mq;mq;mq;99230;mq;mq;mq;mq;mq;mq;mq;mq;mq;mq;mq;6.700000;-10;mq;mq;mq;mq;0.000000;0.000000;0.000000;mq;mq;710.000000;1107.000000;mq;mq;mq;mq;mq;mq;mq;mq;mq;mq;mq;mq;mq;mq;
07207;20110919000000;mq;mq;mq;330;8.200000;287.850000;283.850000;77;10000;2;1;1;90;4;800;32;23;10;mq;mq;mq;mq;mq;mq;mq;mq;mq;mq;mq;13.900000;14.900000;-10;mq;mq;mq;mq;0.000000;0.000000;0.000000;mq;mq;1014.000000;710.000000;1115.000000;2447.000000;mq;mq;mq;mq;mq;mq;mq;mq;mq;mq;mq;mq;
07222;20110919000000;101500;110;3;300;5.700000;286.950000;283.350000;79;40000;0;mq;mq;100;mq;2250;mq;mq;mq;101190;mq;mq;mq;mq;mq;mq;mq;mq;mq;mq;mq;9.800000;-10;mq;mq;mq;mq;0.000000;0.000000;0.000000;mq;mq;710.000000;1110.000000;mq;mq;mq;mq;mq;mq;mq;mq;mq;mq;mq;mq;mq;mq;
07240;20110919000000;101250;80;3;260;4.600000;285.250000;283.850000;91;20000;3;8;6;90;5;800;38;27;60;99910;mq;mq;mq;mq;mq;mq;mq;mq;mq;mq;mq;7.200000;-10;mq;mq;0.000000;-60;0.000000;0.000000;1.000000;mq;mq;710.000000;1107.000000;3100.000000;mq;2;8;780;5;6;1800;5;3;2100;mq;mq;mq;
07255;20110919000000;101230;50;3;260;3.600000;285.450000;284.150000;92;20000;0;mq;mq;90;mq;150;mq;mq;mq;99250;mq;mq;mq;mq;mq;mq;mq;mq;mq;mq;mq;8.200000;-10;mq;mq;mq;mq;0.000000;0.200000;2.000000;mq;mq;710.000000;1108.000000;mq;mq;mq;mq;mq;mq;mq;mq;mq;mq;mq;mq;mq;mq;
07280;20110919000000;101130;10;3;180;1.500000;284.350000;281.350000;82;60000;0;mq;mq;100;mq;1250;mq;mq;mq;98430;mq;mq;mq;mq;mq;mq;mq;mq;mq;mq;mq;3.600000;-10;mq;mq;mq;mq;0.000000;0.000000;0.000000;mq;mq;710.000000;1104.000000;mq;mq;mq;mq;mq;mq;mq;mq;mq;mq;mq;mq;mq;mq;
07299;20110919000000;101170;-50;7;130;1.500000;282.950000;281.550000;91;60000;0;mq;mq;100;mq;2250;mq;mq;mq;97920;mq;mq;mq;mq;mq;mq;mq;mq;mq;mq;mq;3.600000;-10;mq;mq;mq;mq;0.000000;0.000000;0.000000;mq;mq;710.000000;1104.000000;mq;mq;mq;mq;mq;mq;mq;mq;mq;mq;mq;mq;mq;mq;
07314;20110919000000;101610;100;2;320;10.300000;290.050000;285.150000;73;15000;2;8;6;90;7;1250;38;20;10;101340;mq;mq;mq;mq;mq;mq;mq;mq;mq;mq;mq;15.900000;-10;mq;mq;mq;mq;0.000000;2.000000;2.000000;mq;mq;710.000000;1116.000000;2447.000000;mq;5;8;990;mq;mq;mq;mq;mq;mq;mq;mq;mq;
07335;20110919000000;101460;90;3;260;3.600000;285.750000;283.250000;85;55000;0;mq;mq;100;mq;1750;mq;mq;mq;100020;mq;mq;mq;mq;mq;mq;mq;mq;mq;mq;mq;7.200000;-10;mq;mq;mq;mq;0.000000;0.000000;0.000000;mq;mq;710.000000;1107.000000;mq;mq;mq;mq;mq;mq;mq;mq;mq;mq;mq;mq;mq;mq;
07434;20110919000000;101490;30;3;280;4.100000;284.150000;283.550000;96;14000;0;mq;mq;100;mq;250;mq;mq;mq;96740;mq;mq;mq;mq;mq;mq;mq;mq;mq;mq;mq;9.300000;-10;mq;mq;mq;mq;0.600000;0.600000;0.600000;mq;mq;710.000000;1109.000000;mq;mq;mq;mq;mq;mq;mq;mq;mq;mq;mq;mq;mq;mq;
07460;20110919000000;101320;0;4;290;3.100000;286.150000;280.150000;67;30000;15;1;1;90;4;800;39;28;60;97480;mq;mq;mq;mq;mq;mq;mq;mq;mq;mq;mq;8.200000;-10;mq;mq;0.000000;-60;0.000000;0.000000;0.000000;mq;mq;710.000000;1108.000000;3100.000000;mq;1;9;990;3;8;1500;5;3;3600;mq;mq;mq;
07471;20110919000000;mq;-10;6;280;2.600000;281.250000;279.250000;87;9000;60;mq;mq;100;mq;150;mq;mq;mq;91780;85000;17340;mq;mq;mq;mq;mq;mq;mq;mq;mq;6.700000;-10;mq;mq;mq;mq;0.800000;1.000000;2.000000;mq;mq;710.000000;1107.000000;mq;mq;mq;mq;mq;mq;mq;mq;mq;mq;mq;mq;mq;mq;
07481;20110919000000;101320;30;1;160;2.600000;284.550000;282.450000;87;40000;2;6;1;90;7;1250;35;61;60;98460;mq;mq;mq;mq;mq;mq;mq;mq;mq;mq;mq;4.600000;-10;mq;mq;0.000000;-60;0.200000;2.000000;2.000000;mq;mq;710.000000;1105.000000;3100.000000;mq;2;6;1200;7;6;1500;mq;mq;mq;mq;mq;mq;
07510;20110919000000;101740;40;2;270;3.600000;287.250000;286.450000;95;15000;25;8;6;75;6;800;38;20;10;101090;mq;mq;mq;mq;mq;mq;mq;mq;mq;mq;mq;8.700000;-10;mq;mq;0.000000;-60;1.000000;1.000000;2.000000;mq;mq;710.000000;1109.000000;3100.000000;mq;1;8;600;5;8;780;5;6;1800;mq;mq;mq;
07535;20110919000000;101660;20;2;240;2.100000;284.650000;283.850000;95;mq;mq;mq;mq;mq;mq;mq;mq;mq;mq;98550;mq;mq;mq;mq;mq;mq;mq;mq;mq;mq;mq;6.200000;-10;mq;mq;mq;mq;0.400000;1.000000;1.000000;mq;mq;710.000000;1106.000000;mq;mq;mq;mq;mq;mq;mq;mq;mq;mq;mq;mq;mq;mq;
07558;20110919000000;101560;10;0;270;5.700000;282.150000;280.550000;90;mq;mq;mq;mq;mq;mq;mq;mq;mq;mq;93230;mq;mq;mq;mq;mq;mq;mq;mq;mq;mq;mq;10.300000;-10;mq;mq;mq;mq;0.000000;0.000000;0.000000;mq;mq;710.000000;1110.000000;mq;mq;mq;mq;mq;mq;mq;mq;mq;mq;mq;mq;mq;mq;
07577;20110919000000;101300;30;1;10;1.500000;285.350000;281.950000;80;20000;0;mq;mq;mq;mq;mq;mq;mq;mq;100410;mq;mq;mq;mq;mq;mq;mq;mq;mq;mq;mq;2.600000;-10;mq;mq;mq;mq;0.000000;0.000000;0.000000;mq;mq;710.000000;1103.000000;mq;mq;mq;mq;mq;mq;mq;mq;mq;mq;mq;mq;mq;mq;
07591;20110919000000;mq;50;2;40;1.000000;277.550000;277.150000;97;mq;0;mq;mq;mq;mq;mq;mq;mq;mq;91040;mq;mq;mq;mq;mq;mq;mq;mq;mq;mq;mq;1.500000;-10;mq;mq;mq;mq;0.000000;0.000000;0.000000;mq;mq;710.000000;1102.000000;mq;mq;mq;mq;mq;mq;mq;mq;mq;mq;mq;mq;mq;mq;
07607;20110919000000;101930;40;3;290;1.500000;286.050000;284.750000;92;5000;61;mq;mq;100;mq;800;mq;mq;mq;101220;mq;mq;mq;mq;mq;mq;mq;mq;mq;mq;mq;4.600000;-10;mq;mq;mq;mq;0.400000;0.400000;0.400000;mq;mq;710.000000;1105.000000;mq;mq;mq;mq;mq;mq;mq;mq;mq;mq;mq;mq;mq;mq;
07621;20110919000000;102020;10;3;260;3.600000;285.350000;282.550000;83;10000;3;8;6;90;7;800;38;61;60;97710;mq;mq;mq;mq;mq;mq;mq;mq;mq;mq;mq;6.700000;-10;mq;mq;0.000000;-60;0.000000;0.000000;0.200000;mq;mq;710.000000;1107.000000;3100.000000;mq;2;8;810;3;6;1800;6;6;2100;mq;mq;mq;
07627;20110919000000;101960;-20;5;250;1.500000;284.650000;280.150000;74;mq;mq;mq;mq;mq;mq;mq;mq;mq;mq;97100;mq;mq;mq;mq;mq;mq;mq;mq;mq;mq;mq;4.100000;-10;mq;mq;mq;mq;0.000000;0.200000;2.000000;mq;mq;710.000000;1104.000000;mq;mq;mq;mq;mq;mq;mq;mq;mq;mq;mq;mq;mq;mq;
07630;20110919000000;101820;20;1;260;6.200000;286.750000;282.950000;78;60000;0;mq;mq;100;mq;1250;mq;mq;mq;100030;mq;mq;mq;mq;mq;mq;mq;mq;mq;mq;mq;8.700000;-10;mq;mq;mq;mq;0.000000;0.000000;0.000000;mq;mq;710.000000;1109.000000;mq;mq;mq;mq;mq;mq;mq;mq;mq;mq;mq;mq;mq;mq;
07643;20110919000000;101410;30;3;280;4.100000;288.650000;280.150000;57;60000;0;mq;mq;mq;mq;mq;mq;mq;mq;101310;mq;mq;mq;mq;mq;mq;mq;mq;mq;mq;mq;7.700000;-10;mq;mq;mq;mq;0.000000;0.000000;0.000000;mq;mq;710.000000;1108.000000;mq;mq;mq;mq;mq;mq;mq;mq;mq;mq;mq;mq;mq;mq;
07650;20110919000000;101190;70;3;310;7.200000;287.850000;281.550000;66;60000;0;mq;mq;mq;mq;mq;mq;mq;mq;100810;mq;mq;mq;mq;mq;mq;mq;mq;mq;mq;mq;13.400000;-10;mq;mq;mq;mq;0.000000;0.000000;0.000000;mq;mq;710.000000;1113.000000;mq;mq;mq;mq;mq;mq;mq;mq;mq;mq;mq;mq;mq;mq;
07661;20110919000000;100860;-30;5;340;14.400000;288.650000;280.450000;58;mq;mq;mq;mq;mq;mq;mq;mq;mq;mq;99280;mq;mq;mq;mq;mq;mq;mq;mq;mq;mq;mq;23.100000;-10;mq;mq;mq;mq;0.000000;0.000000;0.000000;mq;mq;710.000000;1123.000000;mq;mq;mq;mq;mq;mq;mq;mq;mq;mq;mq;mq;mq;mq;
07690;20110919000000;100260;30;3;260;1.000000;289.850000;277.550000;44;30000;2;1;1;0;mq;mq;mq;mq;mq;99930;mq;mq;mq;mq;mq;mq;mq;mq;mq;mq;mq;4.100000;-10;mq;mq;0.000000;-60;0.000000;0.000000;0.000000;mq;mq;710.000000;1104.000000;3100.000000;mq;mq;mq;mq;mq;mq;mq;mq;mq;mq;mq;mq;mq;
07747;20110919000000;101570;-40;5;310;6.700000;289.350000;280.250000;55;60000;0;mq;mq;mq;mq;1750;mq;mq;mq;101050;mq;mq;mq;mq;mq;mq;mq;mq;mq;mq;mq;14.400000;-10;mq;mq;mq;mq;0.000000;0.000000;0.000000;mq;mq;710.000000;1114.000000;mq;mq;mq;mq;mq;mq;mq;mq;mq;mq;mq;mq;mq;mq;
07761;20110919000000;100990;40;3;60;2.100000;290.450000;286.950000;80;15000;1;8;6;100;7;800;38;61;60;100880;mq;mq;mq;mq;mq;mq;mq;mq;mq;mq;mq;3.600000;-10;mq;mq;0.000000;-60;0.000000;0.800000;0.800000;mq;mq;710.000000;1104.000000;3100.000000;mq;1;8;600;3;6;1500;6;6;1800;mq;mq;mq;
07790;20110919000000;100530;-60;5;260;4.600000;292.550000;283.850000;57;60000;0;mq;mq;100;mq;mq;mq;mq;mq;100390;mq;mq;mq;mq;mq;mq;mq;mq;mq;mq;mq;7.200000;-10;mq;mq;mq;mq;0.000000;0.000000;0.000000;mq;mq;710.000000;1107.000000;mq;mq;mq;mq;mq;mq;mq;mq;mq;mq;mq;mq;mq;mq;
61970;20110919000000;101680;mq;mq;mq;mq;296.950000;294.650000;87;mq;mq;mq;mq;mq;mq;mq;mq;mq;mq;mq;mq;mq;100;mq;mq;mq;mq;mq;mq;mq;mq;mq;mq;mq;mq;mq;mq;0.000000;mq;0.000000;mq;mq;mq;mq;mq;mq;mq;mq;mq;mq;mq;mq;mq;mq;mq;mq;mq;mq;
61972;20110919000000;101570;mq;mq;150;1.500000;289.250000;288.450000;95;mq;mq;mq;mq;mq;mq;mq;mq;mq;mq;mq;mq;mq;mq;mq;mq;mq;mq;mq;mq;mq;mq;2.100000;-10;mq;mq;mq;mq;0.000000;mq;0.000000;mq;mq;710.000000;1102.000000;mq;mq;mq;mq;mq;mq;mq;mq;mq;mq;mq;mq;mq;mq;
61980;20110919000000;102080;mq;mq;160;5.700000;291.750000;283.850000;60;10000;2;1;1;0;mq;mq;mq;mq;mq;mq;mq;mq;310;mq;mq;mq;mq;mq;mq;mq;mq;7.700000;-10;mq;mq;mq;mq;0.000000;mq;0.000000;mq;mq;710.000000;1108.000000;mq;mq;mq;mq;mq;mq;mq;mq;mq;mq;mq;mq;mq;mq;
61996;20110919000000;100440;mq;mq;mq;mq;283.850000;245.550000;5;mq;mq;mq;mq;mq;mq;mq;mq;mq;mq;mq;mq;mq;mq;mq;mq;mq;mq;mq;mq;mq;mq;mq;mq;mq;mq;mq;mq;0.800000;mq;2.000000;mq;mq;mq;mq;mq;mq;mq;mq;mq;mq;mq;mq;mq;mq;mq;mq;mq;mq;
61997;20110919000000;98390;mq;mq;10;18.000000;276.650000;276.250000;97;mq;mq;mq;mq;mq;mq;mq;mq;mq;mq;mq;mq;mq;mq;mq;mq;mq;mq;mq;mq;mq;mq;26.800000;-60;mq;mq;mq;mq;mq;mq;2.000000;mq;mq;1127.000000;mq;mq;mq;mq;mq;mq;mq;mq;mq;mq;mq;mq;mq;mq;mq;
61998;20110919000000;99280;mq;mq;160;12.300000;271.250000;270.950000;98;1000;0;7;mq;100;8;250;37;61;60;mq;mq;mq;2270;mq;mq;mq;mq;mq;mq;mq;mq;15.900000;-10;mq;mq;mq;mq;0.000000;mq;0.200000;mq;mq;710.000000;1116.000000;mq;mq;8;7;180;mq;mq;mq;mq;mq;mq;mq;mq;mq;
67005;20110919000000;101570;mq;mq;0;1.000000;296.550000;293.850000;85;mq;0;mq;mq;mq;mq;mq;mq;mq;mq;mq;mq;mq;140;mq;mq;mq;mq;mq;mq;mq;mq;4.100000;-10;mq;mq;mq;mq;0.000000;mq;0.000000;mq;mq;710.000000;1104.000000;mq;mq;mq;mq;mq;mq;mq;mq;mq;mq;mq;mq;mq;mq;
71805;20110919000000;103170;80;1;270;2.100000;283.850000;282.450000;91;50000;0;mq;mq;mq;mq;mq;mq;mq;mq;103080;mq;mq;mq;mq;mq;mq;mq;mq;mq;mq;mq;4.600000;-10;mq;mq;mq;mq;0.000000;0.000000;0.000000;mq;mq;710.000000;1105.000000;mq;mq;mq;mq;mq;mq;mq;mq;mq;mq;mq;mq;mq;mq;
78897;20110919000000;101390;100;1;140;1.500000;298.750000;296.250000;86;50000;2;1;1;90;4;800;38;23;12;mq;mq;mq;40;296.250000;mq;303.250000;mq;mq;mq;mq;mq;mq;mq;mq;mq;mq;mq;mq;mq;0.000000;mq;52.600000;mq;mq;mq;mq;2;8;780;3;6;1800;7;0;7800;mq;mq;mq;
78922;20110919000000;101370;170;3;70;8.700000;299.250000;296.750000;86;mq;mq;mq;mq;mq;mq;mq;mq;mq;mq;100930;mq;mq;mq;mq;mq;mq;mq;mq;mq;mq;mq;mq;mq;mq;mq;mq;mq;mq;mq;mq;mq;mq;mq;mq;mq;mq;mq;mq;mq;mq;mq;mq;mq;mq;mq;mq;mq;mq;
78925;20110919000000;101410;230;3;110;6.200000;297.450000;296.950000;97;6000;95;9;8;90;7;450;38;61;60;mq;mq;mq;50;297.050000;mq;305.050000;mq;mq;mq;mq;mq;mq;mq;mq;mq;mq;mq;mq;mq;22.000000;mq;22.100000;mq;mq;mq;mq;2;9;450;3;8;690;5;6;1500;mq;mq;mq;
81401;20110919000000;101190;mq;mq;0;0.000000;299.450000;297.150000;87;mq;mq;mq;mq;mq;mq;mq;mq;mq;mq;101130;mq;mq;mq;mq;mq;307.550000;mq;mq;mq;mq;mq;mq;mq;mq;mq;mq;mq;mq;0.000000;0.000000;mq;mq;mq;mq;mq;mq;mq;mq;mq;mq;mq;mq;mq;mq;mq;mq;mq;mq;
81405;20110919000000;101270;mq;mq;0;0.000000;297.550000;296.850000;96;18000;0;mq;mq;100;mq;mq;mq;mq;mq;101180;mq;mq;mq;mq;mq;305.050000;mq;mq;mq;mq;mq;mq;mq;mq;mq;mq;mq;mq;0.000000;0.000000;mq;mq;mq;mq;mq;mq;mq;mq;mq;mq;mq;mq;mq;mq;mq;mq;mq;mq;
81408;20110919000000;101260;mq;mq;0;0.000000;297.650000;296.950000;96;mq;mq;mq;mq;mq;mq;mq;mq;mq;mq;101180;mq;mq;mq;mq;mq;305.150000;mq;mq;mq;mq;mq;mq;mq;mq;mq;mq;mq;mq;0.000000;0.000000;mq;mq;mq;mq;mq;mq;mq;mq;mq;mq;mq;mq;mq;mq;mq;mq;mq;mq;
89642;20110919000000;99380;-310;8;140;13.900000;256.850000;250.050000;52;40000;2;1;1;100;5;1750;35;27;60;98810;mq;mq;mq;256.050000;mq;257.750000;mq;mq;mq;mq;mq;21.600000;-60;mq;mq;mq;mq;mq;mq;mq;mq;mq;1122.000000;mq;mq;mq;5;6;1500;8;3;3000;mq;mq;mq;mq;mq;mq;
07005;20110919030000;100910;150;3;270;2.600000;283.450000;282.850000;96;mq;mq;mq;mq;mq;mq;mq;mq;mq;mq;100020;mq;mq;mq;mq;mq;mq;mq;mq;mq;mq;mq;3.100000;-10;mq;mq;mq;mq;0.000000;0.200000;mq;mq;mq;710.000000;1103.000000;mq;mq;mq;mq;mq;mq;mq;mq;mq;mq;mq;mq;mq;mq;
07015;20110919030000;100800;130;3;260;2.100000;282.150000;281.650000;97;7000;0;mq;mq;40;3;800;35;20;10;100230;mq;mq;mq;mq;mq;mq;mq;mq;mq;mq;mq;3.100000;-10;mq;mq;0.000000;-30;0.000000;0.200000;mq;mq;mq;710.000000;1103.000000;3100.000000;mq;3;6;690;mq;mq;mq;mq;mq;mq;mq;mq;mq;
07020;20110919030000;101290;100;1;320;7.700000;288.350000;285.150000;81;14000;2;1;1;75;4;800;38;27;10;101030;mq;mq;mq;mq;mq;mq;mq;mq;mq;mq;mq;11.800000;-10;mq;mq;mq;mq;0.000000;0.000000;mq;mq;mq;710.000000;1112.000000;mq;mq;4;8;780;mq;mq;mq;mq;mq;mq;mq;mq;mq;
07027;20110919030000;101190;140;3;270;6.200000;285.050000;283.650000;91;55000;0;mq;mq;90;mq;1750;mq;mq;mq;100390;mq;mq;mq;mq;mq;mq;mq;mq;mq;mq;mq;8.200000;-10;mq;mq;mq;mq;0.000000;0.200000;mq;mq;mq;710.000000;1108.000000;mq;mq;mq;mq;mq;mq;mq;mq;mq;mq;mq;mq;mq;mq;
07037;20110919030000;101040;150;3;280;2.600000;283.250000;283.050000;99;2200;10;mq;mq;mq;mq;2250;mq;mq;mq;99220;mq;mq;mq;mq;mq;mq;mq;mq;mq;mq;mq;5.100000;-10;mq;mq;mq;mq;0.000000;0.000000;mq;mq;mq;710.000000;1105.000000;mq;mq;mq;mq;mq;mq;mq;mq;mq;mq;mq;mq;mq;mq;
07110;20110919030000;101680;50;3;280;2.600000;284.450000;283.050000;91;20000;2;mq;mq;90;7;450;35;61;60;100530;mq;mq;mq;mq;mq;mq;mq;mq;mq;mq;mq;5.700000;-10;mq;mq;mq;mq;0.000000;0.000000;mq;mq;mq;710.000000;1106.000000;mq;mq;7;6;390;mq;mq;mq;mq;mq;mq;mq;mq;mq;
07117;20110919030000;101470;40;1;290;7.700000;287.150000;284.850000;86;15000;2;1;1;90;7;800;35;20;10;100780;mq;mq;mq;mq;mq;mq;mq;mq;mq;mq;mq;13.900000;-10;mq;mq;mq;mq;0.000000;0.000000;mq;mq;mq;710.000000;1114.000000;2447.000000;mq;mq;mq;mq;mq;mq;mq;mq;mq;mq;mq;mq;mq;
07130;20110919030000;101450;80;3;270;5.100000;285.850000;284.050000;89;25000;0;mq;mq;mq;mq;2250;mq;mq;mq;100930;mq;mq;mq;mq;mq;mq;mq;mq;mq;mq;mq;8.700000;-10;mq;mq;mq;mq;0.000000;0.200000;mq;mq;mq;710.000000;1109.000000;mq;mq;mq;mq;mq;mq;mq;mq;mq;mq;mq;mq;mq;mq;
07139;20110919030000;101260;140;3;290;3.600000;284.350000;282.650000;89;mq;mq;mq;mq;mq;mq;mq;mq;mq;mq;99530;mq;mq;mq;mq;mq;mq;mq;mq;mq;mq;mq;5.100000;-10;mq;mq;mq;mq;0.000000;0.000000;mq;mq;mq;710.000000;1105.000000;mq;mq;mq;mq;mq;mq;mq;mq;mq;mq;mq;mq;mq;mq;
07149;20110919030000;101020;120;3;280;4.100000;284.750000;283.650000;93;22000;2;1;1;40;3;450;35;20;10;99940;mq;mq;mq;mq;mq;mq;mq;mq;mq;mq;mq;7.200000;-10;mq;mq;0.000000;-30;0.000000;0.000000;mq;mq;mq;710.000000;1107.000000;3100.000000;mq;2;6;330;mq;mq;mq;mq;mq;mq;mq;mq;mq;
07168;20110919030000;100970;60;3;250;5.100000;285.150000;283.350000;89;20000;0;mq;mq;mq;mq;mq;mq;mq;mq;99560;mq;mq;mq;mq;mq;mq;mq;mq;mq;mq;mq;8.200000;-10;mq;mq;mq;mq;0.000000;0.000000;mq;mq;mq;710.000000;1108.000000;mq;mq;mq;mq;mq;mq;mq;mq;mq;mq;mq;mq;mq;mq;
07181;20110919030000;100920;10;0;220;5.700000;283.150000;282.350000;95;8000;61;mq;mq;100;mq;450;mq;mq;mq;96870;mq;mq;mq;mq;mq;mq;mq;mq;mq;mq;mq;9.300000;-10;mq;mq;mq;mq;0.400000;0.400000;mq;mq;mq;710.000000;1109.000000;mq;mq;mq;mq;mq;mq;mq;mq;mq;mq;mq;mq;mq;mq;
07190;20110919030000;101000;-40;8;190;4.100000;283.650000;280.350000;80;60000;0;mq;mq;100;mq;1750;mq;mq;mq;99190;mq;mq;mq;mq;mq;mq;mq;mq;mq;mq;mq;7.200000;-10;mq;mq;mq;mq;0.000000;0.000000;mq;mq;mq;710.000000;1107.000000;mq;mq;mq;mq;mq;mq;mq;mq;mq;mq;mq;mq;mq;mq;
07207;20110919030000;mq;mq;mq;320;7.200000;287.550000;283.550000;77;10000;2;1;1;90;7;800;32;20;10;mq;mq;mq;mq;mq;mq;mq;mq;mq;mq;mq;mq;13.400000;-10;mq;mq;mq;mq;0.000000;0.000000;mq;mq;mq;710.000000;1113.000000;2447.000000;mq;mq;mq;mq;mq;mq;mq;mq;mq;mq;mq;mq;mq;
07222;20110919030000;101550;50;3;310;4.100000;285.650000;283.350000;86;20000;2;1;1;25;2;2250;30;23;10;101240;mq;mq;mq;mq;mq;mq;mq;mq;mq;mq;mq;8.200000;-10;mq;mq;mq;mq;0.000000;0.000000;mq;mq;mq;710.000000;1108.000000;mq;mq;2;3;2100;mq;mq;mq;mq;mq;mq;mq;mq;mq;
07240;20110919030000;101320;70;3;270;4.600000;285.250000;283.850000;91;20000;2;mq;mq;90;5;1250;35;27;60;99980;mq;mq;mq;mq;mq;mq;mq;mq;mq;mq;mq;7.200000;-10;mq;mq;0.000000;-30;0.000000;0.000000;mq;mq;mq;710.000000;1107.000000;3100.000000;mq;5;6;990;5;3;2100;mq;mq;mq;mq;mq;mq;
07255;20110919030000;101260;30;3;280;3.600000;285.550000;283.950000;90;20000;0;mq;mq;100;mq;450;mq;mq;mq;99280;mq;mq;mq;mq;mq;mq;mq;mq;mq;mq;mq;7.700000;-10;mq;mq;mq;mq;0.000000;0.000000;mq;mq;mq;710.000000;1108.000000;mq;mq;mq;mq;mq;mq;mq;mq;mq;mq;mq;mq;mq;mq;
07280;20110919030000;101130;10;0;190;3.100000;283.850000;281.650000;86;60000;0;mq;mq;100;mq;800;mq;mq;mq;98420;mq;mq;mq;mq;mq;mq;mq;mq;mq;mq;mq;4.100000;-10;mq;mq;mq;mq;0.000000;0.000000;mq;mq;mq;710.000000;1104.000000;mq;mq;mq;mq;mq;mq;mq;mq;mq;mq;mq;mq;mq;mq;
07299;20110919030000;101140;-30;8;160;2.100000;283.350000;281.650000;89;40000;3;8;6;90;4;800;38;27;10;97890;mq;mq;mq;mq;mq;mq;mq;mq;mq;mq;mq;4.100000;-10;mq;mq;0.000000;-30;0.000000;0.000000;mq;mq;mq;710.000000;1104.000000;3100.000000;mq;1;8;750;4;6;1200;7;3;2100;mq;mq;mq;
07314;20110919030000;101660;50;3;320;10.300000;289.650000;284.550000;72;15000;2;1;1;90;7;1250;32;20;10;101390;mq;mq;mq;mq;mq;mq;mq;mq;mq;mq;mq;15.400000;-10;mq;mq;mq;mq;0.000000;0.000000;mq;mq;mq;710.000000;1115.000000;2447.000000;mq;7;8;990;mq;mq;mq;mq;mq;mq;mq;mq;mq;
07335;20110919030000;101500;40;3;270;3.100000;285.350000;283.050000;86;55000;0;mq;mq;100;mq;2250;mq;mq;mq;100060;mq;mq;mq;mq;mq;mq;mq;mq;mq;mq;mq;6.200000;-10;mq;mq;mq;mq;0.000000;0.000000;mq;mq;mq;710.000000;1106.000000;mq;mq;mq;mq;mq;mq;mq;mq;mq;mq;mq;mq;mq;mq;
07434;20110919030000;101540;30;2;280;4.600000;283.550000;282.750000;95;15000;0;mq;mq;100;mq;150;mq;mq;mq;96770;mq;mq;mq;mq;mq;mq;mq;mq;mq;mq;mq;8.700000;-10;mq;mq;mq;mq;0.000000;0.000000;mq;mq;mq;710.000000;1109.000000;mq;mq;mq;mq;mq;mq;mq;mq;mq;mq;mq;mq;mq;mq;
07460;20110919030000;101340;20;3;270;2.100000;285.650000;281.350000;75;30000;61;mq;6;90;5;800;38;23;60;97500;mq;mq;mq;mq;mq;mq;mq;mq;mq;mq;mq;3.600000;-10;mq;mq;0.000000;-30;0.000000;0.000000;mq;mq;mq;710.000000;1104.000000;3100.000000;mq;3;8;900;3;6;1200;5;3;2400;mq;mq;mq;
07471;20110919030000;mq;-30;5;280;2.100000;280.950000;279.550000;91;18000;58;mq;mq;90;mq;450;mq;mq;mq;91750;85000;17320;mq;mq;mq;mq;mq;mq;mq;mq;mq;5.100000;-10;mq;mq;mq;mq;0.200000;0.600000;mq;mq;mq;710.000000;1105.000000;mq;mq;mq;mq;mq;mq;mq;mq;mq;mq;mq;mq;mq;mq;
07481;20110919030000;101310;-10;7;210;1.000000;284.150000;282.850000;92;12000;60;6;2;100;3;800;38;61;60;98450;mq;mq;mq;mq;mq;mq;mq;mq;mq;mq;mq;2.100000;-10;mq;mq;0.000000;-30;1.000000;2.000000;mq;mq;mq;710.000000;1102.000000;3100.000000;mq;3;8;900;7;6;1290;mq;mq;mq;mq;mq;mq;
07510;20110919030000;101770;30;1;290;2.600000;286.950000;286.450000;97;24000;0;mq;mq;90;mq;800;mq;mq;mq;101120;mq;mq;mq;mq;mq;mq;mq;mq;mq;mq;mq;6.200000;-10;mq;mq;mq;mq;0.000000;1.000000;mq;mq;mq;710.000000;1106.000000;mq;mq;mq;mq;mq;mq;mq;mq;mq;mq;mq;mq;mq;mq;
07535;20110919030000;101650;-10;7;260;2.100000;284.750000;284.250000;97;mq;mq;mq;mq;mq;mq;mq;mq;mq;mq;98540;mq;mq;mq;mq;mq;mq;mq;mq;mq;mq;mq;5.100000;-10;mq;mq;mq;mq;0.000000;0.200000;mq;mq;mq;710.000000;1105.000000;mq;mq;mq;mq;mq;mq;mq;mq;mq;mq;mq;mq;mq;mq;
07558;20110919030000;101470;-80;6;310;9.300000;282.250000;280.550000;89;mq;mq;mq;mq;mq;mq;mq;mq;mq;mq;93150;mq;mq;mq;mq;mq;mq;mq;mq;mq;mq;16.500000;16.500000;-10;mq;mq;mq;mq;0.000000;1.000000;mq;mq;mq;1016.000000;710.000000;1116.000000;mq;mq;mq;mq;mq;mq;mq;mq;mq;mq;mq;mq;mq;
07577;20110919030000;101260;-40;5;10;2.100000;285.350000;281.850000;79;20000;0;mq;mq;mq;mq;mq;mq;mq;mq;100370;mq;mq;mq;mq;mq;mq;mq;mq;mq;mq;mq;3.100000;-10;mq;mq;mq;mq;0.000000;0.000000;mq;mq;mq;710.000000;1103.000000;mq;mq;mq;mq;mq;mq;mq;mq;mq;mq;mq;mq;mq;mq;
07591;20110919030000;mq;-60;6;40;2.100000;276.150000;275.850000;98;mq;0;mq;mq;mq;mq;mq;mq;mq;mq;90980;mq;mq;mq;mq;mq;mq;mq;mq;mq;mq;mq;2.600000;-10;mq;mq;mq;mq;0.000000;0.000000;mq;mq;mq;710.000000;1103.000000;mq;mq;mq;mq;mq;mq;mq;mq;mq;mq;mq;mq;mq;mq;
07607;20110919030000;101890;-40;6;280;4.600000;286.550000;284.950000;90;12000;0;mq;mq;100;mq;800;mq;mq;mq;101180;mq;mq;mq;mq;mq;mq;mq;mq;mq;mq;mq;7.200000;-10;mq;mq;mq;mq;0.000000;0.000000;mq;mq;mq;710.000000;1107.000000;mq;mq;mq;mq;mq;mq;mq;mq;mq;mq;mq;mq;mq;mq;
07621;20110919030000;102010;-20;6;250;3.600000;284.550000;283.150000;91;10000;3;mq;mq;100;8;450;35;61;60;97690;mq;mq;mq;mq;mq;mq;mq;mq;mq;mq;mq;8.700000;-10;mq;mq;0.000000;-30;1.000000;2.000000;mq;mq;mq;710.000000;1109.000000;3100.000000;mq;4;7;570;7;6;750;mq;mq;mq;mq;mq;mq;
07627;20110919030000;101930;-20;6;270;4.100000;285.550000;280.650000;72;mq;mq;mq;mq;mq;mq;mq;mq;mq;mq;97080;mq;mq;mq;mq;mq;mq;mq;mq;mq;mq;mq;8.200000;-10;mq;mq;mq;mq;0.000000;0.000000;mq;mq;mq;710.000000;1108.000000;mq;mq;mq;mq;mq;mq;mq;mq;mq;mq;mq;mq;mq;mq;
07630;20110919030000;101800;-20;5;260;6.700000;286.450000;283.850000;84;6000;80;8;6;100;6;450;38;28;60;100010;mq;mq;mq;mq;mq;mq;mq;mq;mq;mq;mq;10.300000;-10;mq;mq;0.000000;-30;0.000000;0.000000;mq;mq;mq;710.000000;1110.000000;3100.000000;mq;3;6;480;3;8;900;mq;mq;mq;mq;mq;mq;
07643;20110919030000;101330;-80;8;270;6.200000;288.450000;281.450000;63;70000;0;mq;mq;40;3;1250;35;20;10;101230;mq;mq;mq;mq;mq;mq;mq;mq;mq;mq;mq;8.700000;-10;mq;mq;mq;mq;0.000000;0.000000;mq;mq;mq;710.000000;1109.000000;mq;mq;3;6;1200;mq;mq;mq;mq;mq;mq;mq;mq;mq;
07650;20110919030000;101130;-60;7;310;7.200000;287.350000;281.050000;66;60000;2;1;1;10;0;8000;30;20;12;100750;mq;mq;mq;mq;mq;mq;mq;mq;mq;mq;mq;10.300000;-10;mq;mq;0.000000;-30;0.000000;0.000000;mq;mq;mq;710.000000;1110.000000;3100.000000;mq;1;0;7500;mq;mq;mq;mq;mq;mq;mq;mq;mq;
07661;20110919030000;100840;-20;5;340;13.900000;287.950000;279.250000;56;15000;2;1;1;40;3;450;32;20;10;99260;mq;mq;mq;mq;mq;mq;mq;mq;mq;mq;mq;22.100000;-10;mq;mq;mq;mq;0.000000;0.000000;mq;mq;mq;710.000000;1122.000000;mq;mq;3;8;480;mq;mq;mq;mq;mq;mq;mq;mq;mq;
07690;20110919030000;100320;60;3;350;1.000000;290.050000;272.750000;31;50000;2;1;1;0;mq;mq;mq;mq;mq;99990;mq;mq;mq;mq;mq;mq;mq;mq;mq;mq;mq;2.100000;-10;mq;mq;0.000000;-30;0.000000;0.000000;mq;mq;mq;710.000000;1102.000000;3100.000000;mq;mq;mq;mq;mq;mq;mq;mq;mq;mq;mq;mq;mq;
07747;20110919030000;101490;-80;6;300;8.200000;289.650000;279.450000;51;60000;0;mq;mq;mq;mq;mq;mq;mq;mq;100970;mq;mq;mq;mq;mq;mq;mq;mq;mq;mq;17.000000;17.000000;-10;mq;mq;mq;mq;0.000000;0.000000;mq;mq;mq;1017.000000;710.000000;1117.000000;mq;mq;mq;mq;mq;mq;mq;mq;mq;mq;mq;mq;mq;
07761;20110919030000;100840;-150;6;290;8.200000;292.750000;283.450000;55;20000;2;1;1;100;4;800;38;20;12;100730;mq;mq;mq;mq;mq;mq;mq;mq;mq;mq;mq;12.300000;-10;mq;mq;0.000000;-30;0.000000;0.000000;mq;mq;mq;710.000000;1112.000000;3100.000000;mq;1;8;600;4;6;1500;mq;mq;mq;mq;mq;mq;
07790;20110919030000;100330;-200;8;210;4.100000;292.650000;279.050000;41;30000;2;1;1;90;1;800;35;23;12;100190;mq;mq;mq;mq;mq;mq;mq;mq;mq;mq;mq;11.300000;-10;mq;mq;0.000000;-30;0.000000;0.000000;mq;mq;mq;710.000000;1111.000000;3100.000000;mq;1;6;780;5;3;4500;5;0;6900;mq;mq;mq;
61970;20110919030000;101730;mq;mq;mq;mq;297.450000;295.550000;89;mq;mq;mq;mq;mq;mq;mq;mq;mq;mq;mq;mq;mq;120;mq;mq;mq;mq;mq;mq;mq;mq;mq;mq;mq;mq;mq;mq;0.000000;0.000000;mq;mq;mq;mq;mq;mq;mq;mq;mq;mq;mq;mq;mq;mq;mq;mq;mq;mq;mq;
61972;20110919030000;101530;mq;mq;60;1.500000;289.250000;288.750000;97;mq;mq;mq;mq;mq;mq;mq;mq;mq;mq;mq;mq;mq;mq;mq;mq;mq;mq;mq;mq;mq;mq;3.100000;-10;mq;mq;mq;mq;0.000000;0.000000;mq;mq;mq;710.000000;1103.000000;mq;mq;mq;mq;mq;mq;mq;mq;mq;mq;mq;mq;mq;mq;
61976;20110919030000;101820;mq;mq;120;10.300000;296.950000;293.450000;81;mq;mq;mq;mq;mq;mq;mq;mq;mq;mq;101670;mq;mq;mq;mq;mq;mq;mq;mq;mq;mq;mq;mq;mq;mq;mq;mq;mq;mq;mq;mq;mq;mq;mq;mq;mq;mq;mq;mq;mq;mq;mq;mq;mq;mq;mq;mq;mq;mq;
61980;20110919030000;102180;mq;mq;150;5.700000;292.850000;284.350000;58;12000;2;1;1;10;1;800;31;20;10;mq;mq;mq;300;mq;mq;mq;mq;mq;mq;mq;mq;8.200000;-10;mq;mq;mq;mq;0.000000;0.000000;mq;mq;mq;710.000000;1108.000000;2437.000000;mq;1;8;780;mq;mq;mq;mq;mq;mq;mq;mq;mq;
61996;20110919030000;100740;mq;mq;mq;mq;284.650000;229.950000;mq;mq;mq;mq;mq;mq;mq;mq;mq;mq;mq;mq;mq;mq;130;mq;mq;mq;mq;mq;mq;mq;mq;mq;mq;mq;mq;mq;mq;0.000000;2.000000;mq;mq;mq;mq;mq;mq;mq;mq;mq;mq;mq;mq;mq;mq;mq;mq;mq;mq;mq;
61997;20110919030000;97530;mq;mq;350;22.100000;279.750000;279.350000;97;mq;mq;mq;mq;mq;mq;mq;mq;mq;mq;mq;mq;mq;mq;mq;mq;mq;mq;mq;mq;mq;mq;29.800000;-30;mq;mq;mq;mq;mq;6.000000;mq;mq;mq;1130.000000;mq;mq;mq;mq;mq;mq;mq;mq;mq;mq;mq;mq;mq;mq;mq;
61998;20110919030000;99910;mq;mq;170;10.300000;270.650000;270.350000;98;15000;2;1;1;100;8;800;35;61;60;mq;mq;mq;2990;mq;mq;mq;mq;mq;mq;mq;mq;13.900000;-10;mq;mq;mq;mq;0.000000;0.000000;mq;mq;mq;710.000000;1114.000000;mq;mq;8;6;600;mq;mq;mq;mq;mq;mq;mq;mq;mq;
67005;20110919030000;101590;mq;mq;300;2.100000;295.850000;293.950000;89;20000;2;1;1;10;1;800;38;23;10;mq;mq;mq;120;mq;mq;mq;mq;mq;mq;mq;mq;4.100000;-10;mq;mq;mq;mq;0.000000;0.000000;mq;mq;mq;710.000000;1104.000000;mq;mq;1;8;600;mq;mq;mq;mq;mq;mq;mq;mq;mq;
71805;20110919030000;103090;-80;6;270;3.600000;283.350000;282.450000;94;55000;0;mq;mq;mq;mq;mq;mq;mq;mq;103000;mq;mq;mq;mq;mq;mq;mq;mq;mq;mq;mq;4.100000;-10;mq;mq;mq;mq;0.000000;0.000000;mq;mq;mq;710.000000;1104.000000;mq;mq;mq;mq;mq;mq;mq;mq;mq;mq;mq;mq;mq;mq;
78897;20110919030000;101410;20;0;130;2.100000;298.050000;296.150000;89;50000;2;1;1;90;4;800;38;23;12;mq;mq;mq;mq;mq;mq;mq;mq;mq;mq;mq;mq;mq;mq;mq;mq;mq;mq;mq;mq;mq;mq;mq;mq;mq;mq;mq;2;8;780;3;6;1800;7;0;7800;mq;mq;mq;
78922;20110919030000;101440;60;0;120;5.100000;297.950000;295.850000;88;mq;mq;mq;mq;mq;mq;mq;mq;mq;mq;100990;mq;mq;mq;mq;mq;mq;mq;mq;mq;mq;mq;mq;mq;mq;mq;mq;mq;mq;mq;mq;mq;mq;mq;mq;mq;mq;mq;mq;mq;mq;mq;mq;mq;mq;mq;mq;mq;mq;
78925;20110919030000;101470;60;1;80;2.100000;297.250000;297.050000;99;10000;91;9;6;100;4;450;38;27;60;mq;mq;mq;40;mq;mq;mq;mq;mq;mq;mq;mq;mq;mq;mq;mq;mq;mq;mq;mq;mq;mq;mq;mq;mq;mq;mq;1;8;390;3;6;1380;7;4;3000;mq;mq;mq;
81401;20110919030000;101290;mq;mq;0;0.000000;298.050000;296.650000;92;mq;mq;mq;mq;mq;mq;mq;mq;mq;mq;101230;mq;mq;mq;mq;mq;mq;mq;mq;mq;mq;mq;mq;mq;mq;mq;mq;mq;mq;0.000000;mq;mq;mq;mq;mq;mq;mq;mq;mq;mq;mq;mq;mq;mq;mq;mq;mq;mq;mq;
81405;20110919030000;101330;mq;mq;230;0.500000;297.150000;296.850000;98;4200;10;mq;mq;101;mq;mq;62;61;60;101240;mq;mq;mq;mq;mq;mq;mq;mq;mq;mq;mq;mq;mq;mq;mq;mq;mq;mq;0.000000;mq;mq;mq;mq;mq;mq;mq;mq;mq;mq;mq;mq;mq;mq;mq;mq;mq;mq;mq;
81408;20110919030000;101320;mq;mq;0;0.000000;296.750000;296.250000;97;mq;mq;mq;mq;mq;mq;mq;mq;mq;mq;101240;mq;mq;mq;mq;mq;mq;mq;mq;mq;mq;mq;mq;mq;mq;mq;mq;mq;mq;0.000000;mq;mq;mq;mq;mq;mq;mq;mq;mq;mq;mq;mq;mq;mq;mq;mq;mq;mq;mq;
89642;20110919030000;99090;-280;8;140;13.900000;258.150000;251.150000;51;40000;2;1;1;100;2;1750;35;21;60;98530;mq;mq;mq;mq;mq;mq;mq;mq;mq;mq;mq;mq;mq;mq;mq;mq;mq;mq;mq;mq;mq;mq;mq;mq;mq;mq;2;6;1500;8;4;2700;mq;mq;mq;mq;mq;mq;
07005;20110919060000;101190;280;3;260;2.100000;283.550000;282.950000;96;30000;2;1;1;90;7;450;38;61;60;100300;mq;mq;mq;282.350000;mq;284.850000;mq;280.150000;mq;mq;mq;3.600000;-10;2;0.000000;mq;mq;0.000000;0.000000;mq;4.000000;13.700000;710.000000;1104.000000;mq;mq;1;8;480;7;6;1290;mq;mq;mq;mq;mq;mq;
07015;20110919060000;101070;270;3;270;3.100000;282.050000;281.450000;96;7000;1;mq;mq;40;1;800;31;23;10;100500;mq;mq;mq;281.650000;mq;286.050000;mq;281.150000;mq;mq;mq;3.600000;-10;1;0.000000;0.000000;-60;0.000000;0.000000;mq;0.200000;0.800000;710.000000;1104.000000;3100.000000;mq;1;8;600;mq;mq;mq;mq;mq;mq;mq;mq;mq;
07020;20110919060000;101480;190;1;300;7.700000;288.250000;285.050000;81;18000;2;1;1;90;3;800;38;24;11;101220;mq;mq;mq;287.950000;mq;289.050000;mq;mq;mq;mq;mq;10.800000;-10;mq;mq;mq;mq;0.000000;0.000000;mq;0.000000;0.000000;710.000000;1111.000000;mq;mq;3;8;780;mq;mq;mq;mq;mq;mq;mq;mq;mq;
07027;20110919060000;101460;260;2;260;4.100000;283.850000;282.750000;93;30000;1;8;6;10;1;1250;38;20;11;100650;mq;mq;mq;283.850000;mq;286.450000;mq;283.150000;mq;mq;mq;6.700000;-10;2;0.000000;0.000000;-60;0.000000;0.000000;mq;2.000000;7.400000;710.000000;1107.000000;3100.000000;mq;1;8;1200;mq;mq;mq;mq;mq;mq;mq;mq;mq;
07037;20110919060000;101330;280;3;270;2.600000;282.250000;282.150000;99;12000;2;1;1;40;2;450;38;20;11;99500;mq;mq;mq;282.150000;mq;284.450000;mq;278.150000;mq;mq;mq;3.600000;-10;1;0.000000;0.000000;-60;0.000000;0.200000;mq;3.000000;23.400000;710.000000;1104.000000;3100.000000;mq;1;8;390;mq;mq;mq;mq;mq;mq;mq;mq;mq;
07110;20110919060000;101780;110;3;280;2.600000;285.850000;284.250000;90;20000;1;mq;mq;90;7;800;35;61;60;100640;mq;mq;mq;284.450000;mq;287.050000;mq;283.150000;mq;mq;mq;5.100000;-10;mq;mq;mq;mq;0.000000;0.000000;mq;0.000000;3.900000;710.000000;1105.000000;mq;mq;3;6;900;7;6;1500;mq;mq;mq;mq;mq;mq;
07117;20110919060000;101670;190;1;280;5.700000;287.050000;284.050000;82;12000;2;1;1;90;7;800;35;20;10;100970;mq;mq;mq;287.050000;mq;287.850000;mq;mq;mq;mq;mq;13.400000;-10;mq;mq;mq;mq;0.000000;0.000000;mq;0.000000;mq;710.000000;1113.000000;2447.000000;mq;mq;mq;mq;mq;mq;mq;mq;mq;mq;mq;mq;mq;
07130;20110919060000;101690;240;3;280;4.600000;285.650000;284.050000;90;24000;0;mq;mq;100;mq;1750;mq;mq;mq;101170;mq;mq;mq;285.550000;mq;287.850000;mq;284.150000;mq;mq;mq;7.700000;-10;mq;mq;mq;mq;0.000000;0.000000;mq;2.000000;1.800000;710.000000;1108.000000;mq;mq;mq;mq;mq;mq;mq;mq;mq;mq;mq;mq;mq;mq;
07139;20110919060000;101510;240;3;290;4.600000;283.150000;281.550000;90;25000;2;1;1;10;1;250;38;20;10;99770;mq;mq;mq;282.950000;mq;285.950000;mq;282.150000;mq;mq;mq;6.200000;-10;1;0.000000;0.000000;-60;0.000000;0.000000;mq;0.400000;4.300000;710.000000;1106.000000;3100.000000;mq;1;8;180;mq;mq;mq;mq;mq;mq;mq;mq;mq;
07149;20110919060000;101280;260;3;290;4.100000;285.150000;284.050000;93;15000;2;1;1;60;5;450;35;20;10;100200;mq;mq;mq;284.450000;mq;286.050000;mq;283.150000;mq;mq;mq;6.700000;-10;0;0.000000;0.000000;-60;0.000000;0.000000;mq;0.200000;0.200000;710.000000;1107.000000;3100.000000;mq;1;7;300;3;6;690;5;6;1500;mq;mq;mq;
07168;20110919060000;101220;250;3;280;4.600000;284.750000;283.650000;93;16000;25;8;6;75;6;450;38;20;10;99810;mq;mq;mq;284.050000;mq;286.150000;mq;283.150000;mq;mq;mq;8.200000;-10;2;0.000000;0.000000;-60;0.000000;0.200000;mq;2.000000;2.600000;710.000000;1108.000000;3100.000000;mq;3;8;390;6;6;1380;mq;mq;mq;mq;mq;mq;
07190;20110919060000;101110;110;3;210;2.100000;283.850000;280.750000;81;60000;0;mq;mq;100;mq;1250;mq;mq;mq;99300;mq;mq;mq;281.450000;mq;285.650000;mq;280.150000;mq;mq;mq;6.700000;-10;0;0.000000;mq;mq;0.000000;0.000000;mq;0.000000;1.200000;710.000000;1107.000000;mq;mq;mq;mq;mq;mq;mq;mq;mq;mq;mq;mq;mq;mq;
07207;20110919060000;mq;mq;mq;340;9.300000;287.650000;284.250000;80;20000;2;1;1;90;5;800;32;24;10;mq;mq;mq;mq;287.550000;mq;288.550000;mq;mq;mq;mq;mq;13.400000;-10;mq;mq;mq;mq;0.000000;0.000000;mq;0.000000;mq;710.000000;1113.000000;2438.000000;mq;mq;mq;mq;mq;mq;mq;mq;mq;mq;mq;mq;mq;
07222;20110919060000;101770;220;3;310;3.600000;285.150000;283.350000;89;20000;2;1;1;50;4;3500;30;23;10;101460;mq;mq;mq;284.950000;mq;288.550000;mq;283.150000;mq;mq;mq;7.700000;-10;0;0.000000;mq;mq;0.000000;0.000000;mq;0.000000;0.200000;710.000000;1108.000000;mq;mq;4;3;4800;mq;mq;mq;mq;mq;mq;mq;mq;mq;
07240;20110919060000;101560;240;3;280;3.100000;285.150000;283.850000;92;15000;1;mq;mq;75;6;450;38;20;10;100220;mq;mq;mq;284.950000;mq;286.650000;mq;284.150000;mq;mq;mq;6.200000;-10;2;0.000000;0.000000;-60;0.000000;0.000000;mq;1.000000;4.800000;710.000000;1106.000000;3100.000000;mq;2;8;300;4;6;690;6;6;900;mq;mq;mq;
07255;20110919060000;101470;210;3;290;4.100000;285.450000;284.050000;91;12000;2;8;6;100;7;250;37;61;60;99490;mq;mq;mq;284.450000;mq;287.550000;mq;283.150000;mq;mq;mq;8.700000;-10;2;0.000000;0.000000;-60;0.000000;0.000000;mq;2.000000;1.600000;710.000000;1109.000000;3100.000000;mq;7;8;240;mq;mq;mq;mq;mq;mq;mq;mq;mq;
07280;20110919060000;101230;100;3;200;2.600000;283.850000;282.950000;94;4500;62;mq;mq;100;mq;450;mq;mq;mq;98520;mq;mq;mq;283.650000;mq;286.650000;mq;281.150000;mq;mq;mq;4.100000;-10;2;0.000000;mq;mq;2.000000;2.000000;mq;2.000000;1.800000;710.000000;1104.000000;mq;mq;mq;mq;mq;mq;mq;mq;mq;mq;mq;mq;mq;mq;
07299;20110919060000;101200;60;3;160;2.100000;283.350000;282.450000;94;15000;25;8;6;90;7;150;38;61;60;97950;mq;mq;mq;280.950000;mq;284.150000;mq;279.150000;mq;mq;mq;3.100000;-10;1;0.000000;0.000000;-60;0.200000;0.400000;mq;0.400000;1.600000;710.000000;1103.000000;3100.000000;mq;1;8;180;7;6;1200;mq;mq;mq;mq;mq;mq;
07314;20110919060000;101850;190;3;320;10.800000;290.150000;285.650000;75;14000;2;1;1;100;7;1250;35;21;10;101580;mq;mq;mq;288.350000;mq;290.550000;mq;mq;mq;mq;mq;14.900000;-10;mq;mq;mq;mq;0.000000;0.000000;mq;2.000000;5.000000;710.000000;1115.000000;2437.000000;mq;7;6;990;mq;mq;mq;mq;mq;mq;mq;mq;mq;
07335;20110919060000;101710;210;3;290;4.100000;285.750000;283.250000;85;30000;2;1;1;90;3;1750;35;27;60;100270;mq;mq;mq;284.850000;mq;287.450000;mq;284.150000;mq;mq;mq;7.200000;-10;0;0.000000;mq;mq;0.000000;0.000000;mq;0.000000;0.400000;710.000000;1107.000000;mq;mq;3;6;1800;5;3;2400;5;3;4500;mq;mq;mq;
07434;20110919060000;101740;190;3;280;3.100000;283.050000;282.450000;96;12000;2;1;1;100;8;150;37;61;60;96960;mq;mq;mq;283.050000;mq;284.450000;mq;283.150000;mq;mq;mq;6.700000;-10;2;0.000000;0.000000;-60;0.000000;0.000000;mq;0.600000;1.800000;710.000000;1107.000000;3100.000000;mq;8;7;180;mq;mq;mq;mq;mq;mq;mq;mq;mq;
07460;20110919060000;101480;130;3;290;2.600000;285.250000;281.550000;78;15000;21;mq;mq;90;7;800;38;61;60;97630;mq;mq;mq;285.050000;mq;287.150000;mq;283.150000;mq;mq;mq;4.600000;-10;2;0.000000;0.000000;-60;0.200000;0.200000;mq;0.200000;0.200000;710.000000;1105.000000;3100.000000;mq;2;8;900;3;8;1500;6;6;1800;mq;mq;mq;
07471;20110919060000;mq;110;3;290;3.100000;281.150000;279.450000;89;18000;0;mq;mq;mq;mq;800;mq;mq;mq;91860;85000;17420;mq;280.750000;mq;282.550000;mq;279.150000;mq;mq;mq;8.700000;-10;2;0.000000;mq;mq;0.000000;0.200000;mq;2.000000;4.800000;710.000000;1109.000000;mq;mq;mq;mq;mq;mq;mq;mq;mq;mq;mq;mq;mq;mq;
07481;20110919060000;101360;50;3;130;0.500000;284.050000;282.650000;91;12000;60;8;6;100;4;800;35;61;60;98500;mq;mq;mq;283.850000;mq;287.850000;mq;283.150000;mq;mq;mq;2.100000;-10;2;0.000000;0.000000;-60;0.600000;2.000000;mq;6.000000;8.600000;710.000000;1102.000000;3100.000000;mq;4;6;600;7;6;900;mq;mq;mq;mq;mq;mq;
07510;20110919060000;101930;160;3;270;3.600000;286.550000;286.350000;99;10000;25;8;6;90;7;450;38;61;60;101280;mq;mq;mq;286.550000;mq;289.450000;mq;285.150000;mq;mq;mq;6.700000;-10;2;0.000000;0.000000;-60;0.400000;1.000000;mq;4.000000;6.800000;710.000000;1107.000000;3100.000000;mq;2;8;450;7;6;1500;mq;mq;mq;mq;mq;mq;
07535;20110919060000;101820;170;3;270;1.500000;284.650000;284.150000;97;15000;2;8;6;100;8;450;37;61;60;98710;mq;mq;mq;284.250000;mq;285.350000;mq;283.150000;mq;mq;mq;mq;mq;1;0.000000;0.000000;-60;0.000000;0.000000;mq;1.000000;3.200000;3100.000000;mq;mq;mq;8;8;300;mq;mq;mq;mq;mq;mq;mq;mq;mq;
07558;20110919060000;101650;160;3;290;5.100000;281.950000;280.550000;91;12000;60;6;2;90;7;250;35;61;60;93310;mq;mq;mq;281.850000;mq;283.850000;mq;281.150000;mq;mq;mq;11.800000;-10;2;0.000000;0.000000;-60;0.200000;0.400000;mq;1.000000;2.000000;710.000000;1112.000000;3100.000000;mq;4;6;180;6;6;390;mq;mq;mq;mq;mq;mq;
07577;20110919060000;101380;120;3;50;1.500000;284.650000;281.850000;83;40000;2;1;1;60;5;1250;35;27;10;100490;mq;mq;mq;284.650000;mq;288.550000;mq;284.150000;mq;mq;mq;6.700000;-10;0;0.000000;0.000000;-60;0.000000;0.000000;mq;0.000000;0.200000;710.000000;1107.000000;3100.000000;mq;5;6;990;3;3;3000;mq;mq;mq;mq;mq;mq;
07591;20110919060000;mq;60;3;270;0.500000;276.050000;275.650000;97;mq;0;mq;mq;mq;mq;mq;mq;mq;mq;91040;mq;mq;mq;275.250000;mq;282.550000;mq;272.150000;mq;mq;mq;4.100000;-10;mq;mq;mq;mq;0.000000;0.000000;mq;0.000000;12.800000;710.000000;1104.000000;mq;mq;mq;mq;mq;mq;mq;mq;mq;mq;mq;mq;mq;mq;
07607;20110919060000;102010;120;3;280;3.600000;286.650000;285.350000;92;17000;52;mq;mq;100;mq;800;mq;mq;mq;101300;mq;mq;mq;286.050000;mq;287.950000;mq;285.150000;mq;mq;mq;6.200000;-10;mq;mq;mq;mq;0.200000;0.200000;mq;0.600000;3.400000;710.000000;1106.000000;mq;mq;mq;mq;mq;mq;mq;mq;mq;mq;mq;mq;mq;mq;
07621;20110919060000;102120;110;3;260;5.100000;284.950000;283.850000;93;5000;52;mq;mq;90;7;800;35;61;60;97800;mq;mq;mq;283.550000;mq;285.550000;mq;281.150000;mq;mq;mq;8.200000;-10;1;0.000000;0.000000;-60;0.200000;0.200000;mq;2.000000;12.600000;710.000000;1108.000000;3100.000000;mq;2;7;690;7;6;1200;mq;mq;mq;mq;mq;mq;
07627;20110919060000;102070;120;3;320;2.600000;284.250000;281.950000;86;5000;61;6;2;100;8;450;35;61;60;97200;mq;mq;mq;282.150000;mq;286.050000;mq;279.150000;mq;mq;mq;6.700000;-10;mq;mq;0.000000;-60;1.000000;2.000000;mq;4.000000;10.200000;710.000000;1107.000000;3100.000000;mq;8;6;480;mq;mq;mq;mq;mq;mq;mq;mq;mq;
07630;20110919060000;101940;130;3;270;5.100000;286.050000;284.750000;92;20000;80;8;6;90;7;450;38;61;60;100140;mq;mq;mq;285.750000;mq;287.850000;mq;285.150000;mq;mq;mq;10.300000;-10;2;0.000000;0.000000;-60;2.000000;3.000000;mq;3.000000;5.200000;710.000000;1110.000000;3100.000000;mq;4;6;300;5;6;1500;mq;mq;mq;mq;mq;mq;
07643;20110919060000;101420;90;3;260;4.600000;287.350000;281.750000;69;70000;2;1;1;25;2;1250;35;20;10;101320;mq;mq;mq;286.950000;mq;291.450000;mq;286.150000;mq;mq;mq;7.700000;-10;0;0.000000;0.000000;-60;0.000000;0.000000;mq;0.000000;1.600000;710.000000;1108.000000;3100.000000;mq;2;6;1380;mq;mq;mq;mq;mq;mq;mq;mq;mq;
07650;20110919060000;101230;100;3;320;6.200000;287.250000;281.650000;69;75000;2;1;1;10;1;800;31;23;12;100850;mq;mq;mq;286.950000;mq;290.250000;mq;286.150000;mq;mq;mq;9.800000;-10;0;0.000000;0.000000;-60;0.000000;0.000000;mq;0.000000;0.000000;710.000000;1110.000000;3100.000000;mq;1;8;600;mq;mq;mq;mq;mq;mq;mq;mq;mq;
07661;20110919060000;100930;90;3;340;12.300000;287.850000;279.450000;57;25000;2;1;1;25;2;450;32;20;10;99350;mq;mq;mq;287.550000;mq;290.550000;mq;mq;mq;mq;19.000000;20.600000;-10;mq;mq;mq;mq;0.000000;0.000000;mq;0.000000;1.800000;1019.000000;710.000000;1121.000000;mq;2;8;480;mq;mq;mq;mq;mq;mq;mq;mq;mq;
07690;20110919060000;100500;180;3;330;4.100000;289.250000;275.250000;39;50000;2;1;1;10;1;800;32;20;10;100170;mq;mq;mq;288.050000;mq;293.050000;mq;284.150000;mq;mq;mq;6.700000;-10;0;0.000000;0.000000;-60;0.000000;0.000000;mq;0.000000;3.600000;710.000000;1107.000000;3100.000000;mq;1;8;600;mq;mq;mq;mq;mq;mq;mq;mq;mq;
07747;20110919060000;101610;120;3;300;7.200000;289.450000;281.450000;59;40000;2;1;1;25;2;1250;31;24;10;101090;mq;mq;mq;288.850000;mq;290.250000;mq;286.150000;mq;mq;mq;14.400000;-10;0;0.000000;0.000000;-60;0.000000;0.000000;mq;0.000000;0.800000;710.000000;1114.000000;3100.000000;mq;2;8;1200;mq;mq;mq;mq;mq;mq;mq;mq;mq;
07761;20110919060000;100910;70;3;280;8.700000;292.650000;283.650000;56;20000;2;1;1;60;5;1250;38;20;10;100800;mq;mq;mq;290.050000;mq;293.850000;mq;289.150000;mq;mq;mq;14.900000;-10;2;0.000000;0.000000;-60;0.000000;0.000000;mq;0.800000;7.100000;710.000000;1115.000000;3100.000000;mq;1;8;990;5;6;1290;mq;mq;mq;mq;mq;mq;
07790;20110919060000;100350;20;3;280;5.700000;292.350000;281.050000;48;30000;2;1;1;10;1;800;33;20;10;100210;mq;mq;mq;289.550000;mq;294.150000;mq;287.150000;mq;mq;mq;10.300000;-10;0;0.000000;0.000000;-60;0.000000;0.000000;mq;0.000000;8.800000;710.000000;1110.000000;3100.000000;mq;1;9;780;mq;mq;mq;mq;mq;mq;mq;mq;mq;
61970;20110919060000;101840;mq;mq;mq;mq;300.850000;295.350000;72;mq;mq;mq;mq;mq;mq;mq;mq;mq;mq;mq;mq;mq;mq;296.350000;mq;mq;mq;mq;mq;mq;mq;mq;mq;mq;mq;mq;mq;0.000000;mq;mq;mq;0.000000;mq;mq;mq;mq;mq;mq;mq;mq;mq;mq;mq;mq;mq;mq;mq;mq;
61972;20110919060000;101660;mq;mq;30;2.100000;296.750000;292.650000;78;mq;mq;mq;mq;mq;mq;mq;mq;mq;mq;mq;mq;mq;mq;288.350000;mq;mq;mq;mq;mq;mq;mq;4.600000;-10;mq;mq;mq;mq;0.000000;mq;mq;mq;0.000000;710.000000;1105.000000;mq;mq;mq;mq;mq;mq;mq;mq;mq;mq;mq;mq;mq;mq;
61976;20110919060000;101940;mq;mq;120;9.300000;299.050000;294.450000;76;mq;mq;mq;mq;mq;mq;mq;mq;mq;mq;101790;mq;mq;160;mq;mq;mq;mq;mq;mq;mq;mq;mq;mq;mq;mq;mq;mq;mq;mq;mq;mq;mq;mq;mq;mq;mq;mq;mq;mq;mq;mq;mq;mq;mq;mq;mq;mq;mq;
61980;20110919060000;102210;mq;mq;80;8.700000;298.150000;287.350000;51;12000;2;1;1;10;1;800;31;20;10;mq;mq;mq;mq;290.950000;mq;mq;mq;287.150000;mq;mq;mq;11.800000;-10;mq;mq;mq;mq;0.000000;mq;mq;mq;0.000000;710.000000;1112.000000;2437.000000;mq;1;8;780;mq;mq;mq;mq;mq;mq;mq;mq;mq;
61996;20110919060000;100980;mq;mq;mq;mq;287.050000;231.450000;mq;mq;mq;mq;mq;mq;mq;mq;mq;mq;mq;mq;mq;mq;mq;280.150000;mq;mq;mq;280.150000;mq;mq;mq;mq;mq;mq;mq;mq;mq;0.000000;mq;mq;mq;10.000000;mq;mq;mq;mq;mq;mq;mq;mq;mq;mq;mq;mq;mq;mq;mq;mq;
61997;20110919060000;97470;mq;mq;300;13.400000;280.750000;279.950000;95;mq;mq;mq;mq;mq;mq;mq;mq;mq;mq;mq;mq;mq;mq;273.950000;mq;mq;mq;273.150000;mq;mq;mq;29.800000;-60;mq;mq;mq;mq;mq;mq;mq;mq;12.000000;1130.000000;mq;mq;mq;mq;mq;mq;mq;mq;mq;mq;mq;mq;mq;mq;mq;
61998;20110919060000;100390;mq;mq;180;7.200000;270.750000;270.350000;97;17000;2;1;1;100;8;800;35;61;60;mq;mq;mq;mq;270.650000;mq;mq;mq;271.150000;mq;mq;mq;10.800000;-10;mq;mq;mq;mq;0.000000;mq;mq;mq;3.000000;710.000000;1111.000000;mq;mq;8;6;600;mq;mq;mq;mq;mq;mq;mq;mq;mq;
67005;20110919060000;101790;mq;mq;50;3.100000;296.050000;293.050000;83;15000;25;8;1;100;8;450;39;61;60;mq;mq;mq;mq;295.550000;mq;mq;mq;294.150000;mq;mq;mq;8.700000;-10;mq;mq;mq;mq;2.000000;mq;mq;mq;11.000000;710.000000;1109.000000;mq;mq;1;8;390;1;9;480;7;8;600;mq;mq;mq;
71805;20110919060000;103040;-50;7;280;3.600000;283.350000;282.750000;96;55000;0;mq;mq;mq;mq;mq;mq;mq;mq;102950;mq;mq;mq;mq;282.850000;mq;289.650000;281.150000;mq;mq;mq;5.100000;-10;mq;mq;mq;mq;0.000000;0.000000;mq;0.000000;0.000000;710.000000;1105.000000;mq;mq;mq;mq;mq;mq;mq;mq;mq;mq;mq;mq;mq;mq;
78897;20110919060000;101310;-100;8;130;1.500000;298.250000;297.050000;93;8000;25;8;6;90;6;800;38;20;12;mq;mq;mq;10;mq;296.250000;mq;303.250000;275.150000;mq;mq;mq;mq;mq;mq;mq;mq;mq;mq;mq;9.000000;mq;11.300000;mq;mq;mq;mq;5;8;690;3;6;1800;7;0;7800;mq;mq;mq;
78922;20110919060000;101260;-180;8;160;5.100000;298.950000;295.850000;83;mq;mq;mq;mq;mq;mq;mq;mq;mq;mq;100810;mq;mq;mq;mq;mq;mq;mq;mq;mq;mq;mq;mq;mq;mq;mq;mq;mq;mq;mq;mq;mq;mq;mq;mq;mq;mq;mq;mq;mq;mq;mq;mq;mq;mq;mq;mq;mq;mq;
78925;20110919060000;101290;-180;8;40;2.100000;297.150000;296.850000;98;60000;0;mq;mq;mq;mq;mq;mq;mq;mq;mq;mq;mq;mq;mq;297.050000;mq;305.050000;mq;mq;mq;mq;mq;mq;mq;mq;mq;mq;mq;mq;27.000000;mq;49.300000;mq;mq;mq;mq;mq;mq;mq;mq;mq;mq;mq;mq;mq;mq;mq;mq;
81401;20110919060000;101150;mq;mq;210;0.500000;297.150000;296.150000;94;mq;mq;mq;mq;mq;mq;mq;mq;mq;mq;101090;mq;mq;mq;mq;mq;mq;mq;mq;mq;mq;mq;mq;mq;mq;mq;mq;mq;mq;0.000000;0.000000;mq;mq;mq;mq;mq;mq;mq;mq;mq;mq;mq;mq;mq;mq;mq;mq;mq;mq;
81405;20110919060000;101160;mq;mq;0;0.000000;296.050000;295.850000;99;35000;0;mq;mq;90;mq;800;mq;mq;mq;101070;mq;mq;mq;mq;mq;mq;mq;295.150000;mq;mq;mq;mq;mq;mq;mq;mq;mq;mq;0.000000;0.000000;mq;mq;mq;mq;mq;mq;mq;mq;mq;mq;mq;mq;mq;mq;mq;mq;mq;mq;
81408;20110919060000;101150;mq;mq;0;0.000000;297.150000;296.850000;98;mq;mq;mq;mq;mq;mq;mq;mq;mq;mq;101070;mq;mq;mq;mq;mq;mq;mq;mq;mq;mq;mq;mq;mq;mq;mq;mq;mq;mq;0.200000;0.200000;mq;mq;mq;mq;mq;mq;mq;mq;mq;mq;mq;mq;mq;mq;mq;mq;mq;mq;
89642;20110919060000;98800;-290;8;120;10.800000;259.450000;253.350000;57;25000;15;2;2;100;2;1750;35;21;60;98240;mq;mq;mq;mq;mq;mq;mq;274.150000;mq;mq;mq;mq;mq;mq;mq;mq;mq;mq;mq;mq;mq;mq;mq;mq;mq;mq;2;6;1500;8;4;2700;mq;mq;mq;mq;mq;mq;
07005;20110919090000;101440;260;3;280;5.700000;287.550000;285.550000;88;30000;2;1;1;90;6;450;38;20;11;100560;mq;mq;mq;mq;mq;mq;mq;mq;mq;mq;mq;8.700000;-10;mq;mq;0.000000;-30;0.000000;0.000000;mq;mq;mq;710.000000;1109.000000;3100.000000;mq;3;8;480;5;6;1290;mq;mq;mq;mq;mq;mq;
07015;20110919090000;101320;260;2;290;5.700000;287.850000;284.450000;80;15000;2;1;1;75;6;450;38;20;10;100760;mq;mq;mq;mq;mq;mq;mq;mq;mq;mq;mq;7.700000;-10;mq;mq;0.000000;-30;0.000000;0.000000;mq;mq;mq;710.000000;1108.000000;3100.000000;mq;4;8;450;6;6;2100;mq;mq;mq;mq;mq;mq;
07020;20110919090000;101670;190;1;270;7.200000;289.150000;285.650000;80;18000;2;1;1;100;6;800;38;27;60;101410;mq;mq;mq;mq;mq;mq;mq;mq;mq;mq;mq;10.800000;-10;mq;mq;mq;mq;0.000000;0.000000;mq;mq;mq;710.000000;1111.000000;mq;mq;3;8;780;3;6;990;mq;mq;mq;mq;mq;mq;
07027;20110919090000;101650;200;3;270;5.700000;288.550000;285.450000;82;30000;2;1;1;90;2;800;38;23;60;100850;mq;mq;mq;mq;mq;mq;mq;mq;mq;mq;mq;8.200000;-10;mq;mq;0.000000;-30;0.000000;0.000000;mq;mq;mq;710.000000;1108.000000;3100.000000;mq;1;8;900;6;3;4500;mq;mq;mq;mq;mq;mq;
07037;20110919090000;101550;250;1;270;3.600000;287.650000;285.150000;85;30000;2;1;1;40;2;800;38;20;11;99750;mq;mq;mq;mq;mq;mq;mq;mq;mq;mq;mq;6.700000;-10;mq;mq;0.000000;-30;0.000000;0.000000;mq;mq;mq;710.000000;1107.000000;3100.000000;mq;1;8;600;mq;mq;mq;mq;mq;mq;mq;mq;mq;
07110;20110919090000;101920;150;3;240;3.600000;288.050000;286.750000;92;10000;2;1;1;100;8;250;36;61;60;100790;mq;mq;mq;mq;mq;mq;mq;mq;mq;mq;mq;5.700000;-10;mq;mq;mq;mq;0.000000;0.000000;mq;mq;mq;710.000000;1106.000000;mq;mq;7;6;210;mq;mq;mq;mq;mq;mq;mq;mq;mq;
07117;20110919090000;101820;160;2;260;5.700000;287.550000;284.650000;83;15000;2;1;1;100;8;800;35;61;60;101130;mq;mq;mq;mq;mq;mq;mq;mq;mq;mq;mq;10.300000;-10;mq;mq;mq;mq;0.000000;0.000000;mq;mq;mq;710.000000;1110.000000;2437.000000;mq;mq;mq;mq;mq;mq;mq;mq;mq;mq;mq;mq;mq;
07130;20110919090000;101860;180;2;300;5.700000;289.350000;284.750000;74;40000;0;mq;mq;100;mq;450;mq;mq;mq;101350;mq;mq;mq;mq;mq;mq;mq;mq;mq;mq;mq;9.300000;-10;mq;mq;mq;mq;0.000000;0.000000;mq;mq;mq;710.000000;1109.000000;mq;mq;mq;mq;mq;mq;mq;mq;mq;mq;mq;mq;mq;mq;
07139;20110919090000;101730;250;2;290;3.600000;288.250000;284.250000;77;25000;2;1;1;75;1;450;31;23;10;100020;mq;mq;mq;mq;mq;mq;mq;mq;mq;mq;mq;6.700000;-10;mq;mq;0.000000;-30;0.000000;0.000000;mq;mq;mq;710.000000;1107.000000;3100.000000;mq;1;8;300;6;3;2400;mq;mq;mq;mq;mq;mq;
07149;20110919090000;101570;300;1;320;5.700000;288.450000;284.050000;75;16000;2;1;1;50;4;800;31;20;10;100500;mq;mq;mq;mq;mq;mq;mq;mq;mq;mq;mq;8.700000;-10;mq;mq;0.000000;-30;0.000000;0.000000;mq;mq;mq;710.000000;1109.000000;3100.000000;mq;3;8;600;mq;mq;mq;mq;mq;mq;mq;mq;mq;
07168;20110919090000;101520;300;3;300;6.700000;287.050000;283.650000;80;20000;25;8;6;60;5;450;32;20;10;100110;mq;mq;mq;mq;mq;mq;mq;mq;mq;mq;mq;10.300000;-10;mq;mq;0.000000;-30;0.200000;0.200000;mq;mq;mq;710.000000;1110.000000;3100.000000;mq;5;8;390;mq;mq;mq;mq;mq;mq;mq;mq;mq;
07181;20110919090000;101320;270;1;300;5.100000;285.950000;283.150000;83;60000;3;mq;mq;50;4;450;32;20;10;97290;mq;mq;mq;mq;mq;mq;mq;mq;mq;mq;mq;7.200000;-10;mq;mq;0.000000;-30;0.000000;0.000000;mq;mq;mq;710.000000;1107.000000;3100.000000;mq;4;8;390;mq;mq;mq;mq;mq;mq;mq;mq;mq;
07190;20110919090000;101300;200;3;180;2.100000;286.350000;283.150000;81;55000;0;mq;mq;100;mq;800;mq;mq;mq;99500;mq;mq;mq;mq;mq;mq;mq;mq;mq;mq;mq;4.600000;-10;mq;mq;mq;mq;0.000000;0.800000;mq;mq;mq;710.000000;1105.000000;mq;mq;mq;mq;mq;mq;mq;mq;mq;mq;mq;mq;mq;mq;
07207;20110919090000;mq;mq;mq;310;4.600000;288.850000;283.850000;72;18000;2;1;1;90;2;800;31;27;60;mq;mq;mq;mq;mq;mq;mq;mq;mq;mq;mq;mq;8.700000;-10;mq;mq;mq;mq;0.000000;0.000000;mq;mq;mq;710.000000;1109.000000;2438.000000;mq;mq;mq;mq;mq;mq;mq;mq;mq;mq;mq;mq;mq;
07222;20110919090000;101950;180;2;300;4.600000;288.850000;284.050000;73;30000;2;1;1;75;2;800;38;23;10;101640;mq;mq;mq;mq;mq;mq;mq;mq;mq;mq;mq;8.700000;-10;mq;mq;mq;mq;0.000000;0.000000;mq;mq;mq;710.000000;1109.000000;mq;mq;1;8;750;5;3;3600;mq;mq;mq;mq;mq;mq;
07240;20110919090000;101800;250;1;290;4.100000;288.150000;284.750000;80;45000;0;mq;mq;90;mq;450;mq;mq;mq;100470;mq;mq;mq;mq;mq;mq;mq;mq;mq;mq;mq;7.200000;-10;mq;mq;mq;mq;0.000000;0.000000;mq;mq;mq;710.000000;1107.000000;mq;mq;mq;mq;mq;mq;mq;mq;mq;mq;mq;mq;mq;mq;
07255;20110919090000;101760;290;1;300;5.100000;286.850000;284.050000;83;20000;2;1;1;90;7;450;32;61;60;99780;mq;mq;mq;mq;mq;mq;mq;mq;mq;mq;mq;9.800000;-10;mq;mq;0.000000;-30;0.000000;0.000000;mq;mq;mq;710.000000;1110.000000;3100.000000;mq;7;8;360;mq;mq;mq;mq;mq;mq;mq;mq;mq;
07280;20110919090000;101420;220;2;310;4.100000;287.450000;283.650000;78;60000;0;mq;mq;100;mq;800;mq;mq;mq;98740;mq;mq;mq;mq;mq;mq;mq;mq;mq;mq;mq;9.300000;-10;mq;mq;mq;mq;0.000000;1.000000;mq;mq;mq;710.000000;1109.000000;mq;mq;mq;mq;mq;mq;mq;mq;mq;mq;mq;mq;mq;mq;
07299;20110919090000;101360;160;3;100;2.100000;284.150000;283.250000;94;3200;81;8;6;100;8;150;38;61;60;98110;mq;mq;mq;mq;mq;mq;mq;mq;mq;mq;mq;3.600000;-10;mq;mq;0.000000;-30;2.000000;3.000000;mq;mq;mq;710.000000;1104.000000;3100.000000;mq;2;8;150;6;6;630;7;6;1200;mq;mq;mq;
07314;20110919090000;102080;230;1;320;7.700000;290.350000;285.650000;74;15000;2;1;1;75;6;1250;38;20;10;101810;mq;mq;mq;mq;mq;mq;mq;mq;mq;mq;mq;11.800000;-10;mq;mq;mq;mq;0.000000;0.000000;mq;mq;mq;710.000000;1112.000000;2447.000000;mq;2;8;1200;4;6;1500;mq;mq;mq;mq;mq;mq;
07335;20110919090000;101940;240;1;310;5.700000;288.250000;283.650000;74;30000;2;1;1;75;1;450;32;23;10;100510;mq;mq;mq;mq;mq;mq;mq;mq;mq;mq;mq;9.300000;-10;mq;mq;mq;mq;0.000000;0.000000;mq;mq;mq;710.000000;1109.000000;mq;mq;1;8;540;6;3;2100;mq;mq;mq;mq;mq;mq;
07434;20110919090000;101960;240;2;300;4.100000;284.950000;283.550000;91;15000;2;6;2;100;8;250;37;61;60;97200;mq;mq;mq;mq;mq;mq;mq;mq;mq;mq;mq;7.700000;-10;mq;mq;0.000000;-30;0.000000;0.000000;mq;mq;mq;710.000000;1108.000000;3100.000000;mq;7;7;270;mq;mq;mq;mq;mq;mq;mq;mq;mq;
07460;20110919090000;101720;250;2;320;4.100000;286.950000;282.750000;76;20000;15;8;6;75;6;800;38;20;10;97880;mq;mq;mq;mq;mq;mq;mq;mq;mq;mq;mq;8.200000;-10;mq;mq;0.000000;-30;0.000000;0.800000;mq;mq;mq;710.000000;1108.000000;3100.000000;mq;4;8;780;4;6;1500;mq;mq;mq;mq;mq;mq;
07471;20110919090000;mq;190;1;290;5.700000;282.250000;280.350000;88;30000;2;6;2;90;7;450;38;61;60;92050;85000;17570;mq;mq;mq;mq;mq;mq;mq;mq;mq;11.800000;-10;mq;mq;0.000000;-30;0.200000;0.400000;mq;mq;mq;710.000000;1112.000000;3100.000000;mq;4;8;480;7;6;990;mq;mq;mq;mq;mq;mq;
07481;20110919090000;101510;160;1;290;4.100000;285.750000;283.850000;88;20000;21;6;2;90;7;450;35;61;60;98660;mq;mq;mq;mq;mq;mq;mq;mq;mq;mq;mq;6.200000;-10;mq;mq;0.000000;-30;0.000000;2.000000;mq;mq;mq;710.000000;1106.000000;3100.000000;mq;2;6;480;7;6;780;mq;mq;mq;mq;mq;mq;
07510;20110919090000;102150;230;2;290;5.700000;290.250000;287.850000;86;45000;0;mq;mq;75;mq;450;mq;mq;mq;101510;mq;mq;mq;mq;mq;mq;mq;mq;mq;mq;mq;8.700000;-10;mq;mq;mq;mq;0.000000;0.000000;mq;mq;mq;710.000000;1109.000000;mq;mq;mq;mq;mq;mq;mq;mq;mq;mq;mq;mq;mq;mq;
07535;20110919090000;102020;220;1;280;3.100000;287.350000;284.650000;84;20000;2;1;1;90;7;450;32;20;10;98930;mq;mq;mq;mq;mq;mq;mq;mq;mq;mq;mq;7.200000;-10;mq;mq;0.000000;-30;0.000000;0.000000;mq;mq;mq;710.000000;1107.000000;3100.000000;mq;7;8;390;mq;mq;mq;mq;mq;mq;mq;mq;mq;
07558;20110919090000;101770;170;2;300;9.800000;284.350000;279.850000;74;20000;1;6;2;90;7;450;35;61;60;93480;mq;mq;mq;mq;mq;mq;mq;mq;mq;mq;15.400000;15.400000;-10;mq;mq;0.000000;-30;0.000000;0.000000;mq;mq;mq;1015.000000;710.000000;1115.000000;3100.000000;3;6;300;6;6;600;mq;mq;mq;mq;mq;mq;
07577;20110919090000;101490;120;1;50;2.600000;287.950000;282.750000;71;40000;2;1;1;75;6;1250;35;27;10;100610;mq;mq;mq;mq;mq;mq;mq;mq;mq;mq;mq;6.700000;-10;mq;mq;0.000000;-30;0.000000;0.000000;mq;mq;mq;710.000000;1107.000000;3100.000000;mq;6;6;990;mq;mq;mq;mq;mq;mq;mq;mq;mq;
07591;20110919090000;mq;80;1;150;2.100000;284.150000;277.850000;65;mq;0;mq;mq;mq;mq;mq;mq;mq;mq;91120;mq;mq;mq;mq;mq;mq;mq;mq;mq;mq;mq;4.600000;-10;mq;mq;mq;mq;0.000000;0.000000;mq;mq;mq;710.000000;1105.000000;mq;mq;mq;mq;mq;mq;mq;mq;mq;mq;mq;mq;mq;mq;
07607;20110919090000;102230;230;1;270;2.100000;290.150000;286.050000;77;18000;0;mq;mq;mq;mq;1250;mq;mq;mq;101530;mq;mq;mq;mq;mq;mq;mq;mq;mq;mq;mq;4.600000;-10;mq;mq;mq;mq;0.000000;0.000000;mq;mq;mq;710.000000;1105.000000;mq;mq;mq;mq;mq;mq;mq;mq;mq;mq;mq;mq;mq;mq;
07621;20110919090000;102300;230;1;260;5.700000;288.650000;285.050000;79;15000;3;6;5;90;7;450;32;61;60;98030;mq;mq;mq;mq;mq;mq;mq;mq;mq;mq;mq;11.800000;-10;mq;mq;0.000000;-30;0.000000;0.600000;mq;mq;mq;710.000000;1112.000000;3100.000000;mq;7;8;540;mq;mq;mq;mq;mq;mq;mq;mq;mq;
07627;20110919090000;102270;220;3;300;4.100000;286.150000;282.750000;80;9000;60;6;2;90;7;450;38;61;60;97420;mq;mq;mq;mq;mq;mq;mq;mq;mq;mq;mq;8.700000;-10;mq;mq;0.000000;-30;0.000000;0.400000;mq;mq;mq;710.000000;1109.000000;3100.000000;mq;6;8;480;7;6;690;mq;mq;mq;mq;mq;mq;
07630;20110919090000;102150;220;1;330;3.600000;286.950000;285.650000;92;20000;25;8;6;90;7;250;38;61;60;100360;mq;mq;mq;mq;mq;mq;mq;mq;mq;mq;mq;6.700000;-10;mq;mq;0.000000;-30;0.400000;1.000000;mq;mq;mq;710.000000;1107.000000;3100.000000;mq;4;6;240;5;6;780;mq;mq;mq;mq;mq;mq;
07643;20110919090000;101570;160;1;300;11.300000;292.350000;279.450000;43;70000;2;1;1;50;4;1250;35;20;10;101480;mq;mq;mq;mq;mq;mq;mq;mq;mq;mq;mq;19.000000;-10;mq;mq;mq;mq;0.000000;0.000000;mq;mq;mq;710.000000;1119.000000;mq;mq;4;6;1380;mq;mq;mq;mq;mq;mq;mq;mq;mq;
07650;20110919090000;101350;120;1;300;8.700000;291.950000;281.350000;50;75000;2;1;1;10;1;800;31;24;10;100970;mq;mq;mq;mq;mq;mq;mq;mq;mq;mq;mq;11.800000;-10;mq;mq;0.000000;-30;0.000000;0.000000;mq;mq;mq;710.000000;1112.000000;3100.000000;mq;1;8;780;mq;mq;mq;mq;mq;mq;mq;mq;mq;
07661;20110919090000;100930;10;3;350;17.000000;290.850000;279.350000;47;25000;2;1;1;25;2;450;32;20;10;99360;mq;mq;mq;mq;mq;mq;mq;mq;mq;mq;26.800000;27.800000;-10;mq;mq;mq;mq;0.000000;0.000000;mq;mq;mq;1027.000000;710.000000;1128.000000;mq;2;8;480;mq;mq;mq;mq;mq;mq;mq;mq;mq;
07690;20110919090000;100620;120;1;200;1.500000;294.550000;274.750000;27;50000;2;1;1;10;1;800;31;20;10;100290;mq;mq;mq;mq;mq;mq;mq;mq;mq;mq;mq;5.700000;-10;mq;mq;0.000000;-30;0.000000;0.000000;mq;mq;mq;710.000000;1106.000000;3100.000000;mq;1;8;600;mq;mq;mq;mq;mq;mq;mq;mq;mq;
07747;20110919090000;101860;250;3;310;7.700000;291.050000;281.850000;55;40000;2;1;1;75;6;1250;31;24;12;101340;mq;mq;mq;mq;mq;mq;mq;mq;mq;mq;mq;13.400000;-10;mq;mq;0.000000;-30;0.000000;0.000000;mq;mq;mq;710.000000;1113.000000;3100.000000;mq;6;8;990;mq;mq;mq;mq;mq;mq;mq;mq;mq;
07761;20110919090000;100950;40;0;280;11.300000;292.650000;283.050000;54;15000;27;8;7;60;5;800;38;20;10;100840;mq;mq;mq;mq;mq;mq;mq;mq;mq;mq;17.000000;21.600000;-10;mq;mq;0.000000;-30;1.000000;1.000000;mq;mq;mq;1017.000000;710.000000;1122.000000;3100.000000;1;8;690;3;8;990;5;8;1290;mq;mq;mq;
07790;20110919090000;100600;250;1;290;10.300000;294.050000;282.350000;47;60000;2;1;1;40;3;800;32;20;10;100460;mq;mq;mq;mq;mq;mq;mq;mq;mq;mq;mq;16.500000;-10;mq;mq;0.000000;-30;0.000000;0.000000;mq;mq;mq;710.000000;1116.000000;3100.000000;mq;3;8;900;mq;mq;mq;mq;mq;mq;mq;mq;mq;
61970;20110919090000;101730;mq;mq;mq;mq;301.750000;294.250000;64;mq;mq;mq;mq;mq;mq;mq;mq;mq;mq;mq;mq;mq;mq;mq;mq;mq;mq;mq;mq;mq;mq;mq;mq;mq;mq;mq;mq;0.000000;0.000000;mq;mq;mq;mq;mq;mq;mq;mq;mq;mq;mq;mq;mq;mq;mq;mq;mq;mq;mq;
61972;20110919090000;101580;mq;mq;20;2.600000;298.050000;293.750000;77;mq;mq;mq;mq;mq;mq;mq;mq;mq;mq;mq;mq;mq;mq;mq;mq;mq;mq;mq;mq;mq;mq;6.200000;-10;mq;mq;mq;mq;0.000000;0.000000;mq;mq;mq;710.000000;1106.000000;mq;mq;mq;mq;mq;mq;mq;mq;mq;mq;mq;mq;mq;mq;
61976;20110919090000;101780;mq;mq;120;9.300000;300.050000;293.850000;69;mq;mq;mq;mq;mq;mq;mq;mq;mq;mq;101630;mq;mq;90;mq;mq;mq;mq;mq;mq;mq;mq;mq;mq;mq;mq;mq;mq;mq;0.000000;mq;mq;mq;mq;mq;mq;mq;mq;mq;mq;mq;mq;mq;mq;mq;mq;mq;mq;mq;
61980;20110919090000;102070;mq;mq;80;8.700000;298.550000;289.150000;56;12000;2;1;1;25;2;800;38;20;10;mq;mq;mq;170;mq;mq;mq;mq;mq;mq;mq;mq;11.800000;-10;mq;mq;mq;mq;0.000000;0.000000;mq;mq;mq;710.000000;1112.000000;2437.000000;mq;1;8;900;mq;mq;mq;mq;mq;mq;mq;mq;mq;
61996;20110919090000;101210;mq;mq;mq;mq;287.150000;231.450000;mq;mq;mq;mq;mq;mq;mq;mq;mq;mq;mq;mq;mq;mq;1140;mq;mq;mq;mq;mq;mq;mq;mq;mq;mq;mq;mq;mq;mq;0.000000;0.000000;mq;mq;mq;mq;mq;mq;mq;mq;mq;mq;mq;mq;mq;mq;mq;mq;mq;mq;mq;
61997;20110919090000;97540;mq;mq;300;15.900000;279.050000;277.250000;88;mq;mq;mq;mq;mq;mq;mq;mq;mq;mq;mq;mq;mq;mq;mq;mq;mq;mq;mq;mq;mq;mq;28.800000;-30;mq;mq;mq;mq;mq;0.600000;mq;mq;mq;1129.000000;mq;mq;mq;mq;mq;mq;mq;mq;mq;mq;mq;mq;mq;mq;mq;
61998;20110919090000;100690;mq;mq;160;3.100000;271.250000;270.950000;98;20000;2;1;1;100;8;800;35;61;60;mq;mq;mq;3840;mq;mq;mq;mq;mq;mq;mq;mq;6.200000;-10;mq;mq;mq;mq;0.200000;0.200000;mq;mq;mq;710.000000;1106.000000;mq;mq;8;6;690;mq;mq;mq;mq;mq;mq;mq;mq;mq;
67005;20110919090000;101630;mq;mq;270;2.100000;298.550000;294.050000;76;mq;0;mq;mq;mq;mq;mq;mq;mq;mq;mq;mq;mq;mq;mq;mq;mq;mq;mq;mq;mq;mq;5.700000;-10;mq;mq;mq;mq;0.000000;0.000000;mq;mq;mq;710.000000;1106.000000;mq;mq;mq;mq;mq;mq;mq;mq;mq;mq;mq;mq;mq;mq;
71805;20110919090000;103010;-30;8;290;2.600000;283.050000;282.450000;96;20000;2;1;1;90;0;8000;30;20;11;102920;mq;mq;mq;mq;mq;mq;mq;mq;mq;mq;mq;3.600000;-10;mq;mq;0.000000;-30;0.000000;0.000000;mq;mq;mq;710.000000;1104.000000;3100.000000;mq;7;0;7500;mq;mq;mq;mq;mq;mq;mq;mq;mq;
78897;20110919090000;101240;-70;5;40;1.000000;298.050000;297.050000;94;15000;60;6;2;90;5;800;38;20;12;mq;mq;mq;mq;mq;mq;mq;mq;mq;mq;mq;mq;mq;mq;mq;mq;mq;mq;mq;mq;mq;mq;mq;mq;mq;mq;mq;3;8;600;5;6;1800;7;0;7800;mq;mq;mq;
78922;20110919090000;101220;-30;5;150;4.100000;299.750000;295.150000;76;mq;mq;mq;mq;mq;mq;mq;mq;mq;mq;100780;mq;mq;mq;mq;mq;mq;mq;mq;mq;mq;mq;mq;mq;mq;mq;mq;mq;mq;mq;mq;mq;mq;mq;mq;mq;mq;mq;mq;mq;mq;mq;mq;mq;mq;mq;mq;mq;mq;
78925;20110919090000;101230;-60;5;90;1.000000;296.650000;296.450000;99;55000;0;mq;mq;mq;mq;mq;mq;mq;mq;mq;mq;mq;mq;mq;mq;mq;mq;mq;mq;mq;mq;mq;mq;mq;mq;mq;mq;mq;mq;mq;mq;mq;mq;mq;mq;mq;mq;mq;mq;mq;mq;mq;mq;mq;mq;mq;mq;mq;
81401;20110919090000;101190;mq;mq;160;0.500000;296.250000;295.450000;95;mq;mq;mq;mq;mq;mq;mq;mq;mq;mq;101130;mq;mq;mq;mq;mq;mq;mq;mq;mq;mq;mq;mq;mq;mq;mq;mq;mq;mq;0.000000;mq;mq;mq;mq;mq;mq;mq;mq;mq;mq;mq;mq;mq;mq;mq;mq;mq;mq;mq;
81405;20110919090000;101180;mq;mq;250;1.000000;296.050000;295.850000;99;22000;0;mq;mq;mq;mq;80;mq;mq;mq;101090;mq;mq;mq;mq;mq;mq;mq;mq;mq;mq;mq;mq;mq;mq;mq;mq;mq;mq;0.000000;mq;mq;mq;mq;mq;mq;mq;mq;mq;mq;mq;mq;mq;mq;mq;mq;mq;mq;mq;
81408;20110919090000;101160;mq;mq;0;0.000000;296.050000;295.750000;98;mq;mq;mq;mq;mq;mq;mq;mq;mq;mq;101080;mq;mq;mq;mq;mq;mq;mq;mq;mq;mq;mq;mq;mq;mq;mq;mq;mq;mq;0.000000;mq;mq;mq;mq;mq;mq;mq;mq;mq;mq;mq;mq;mq;mq;mq;mq;mq;mq;mq;
89642;20110919090000;98580;-220;6;130;10.300000;259.450000;254.250000;62;6000;70;7;2;100;5;1250;35;22;60;98020;mq;mq;mq;mq;mq;mq;mq;mq;mq;mq;15.900000;17.000000;-30;mq;mq;mq;mq;mq;mq;mq;mq;mq;1016.000000;1117.000000;mq;mq;5;6;1200;8;4;2400;mq;mq;mq;mq;mq;mq;
07005;20110919120000;101590;150;1;260;5.700000;289.750000;284.250000;70;30000;2;1;1;60;4;800;32;20;11;100710;mq;mq;mq;mq;mq;mq;mq;mq;mq;mq;mq;9.300000;-10;mq;mq;0.000000;-60;0.000000;0.000000;0.000000;mq;mq;710.000000;1109.000000;3100.000000;mq;4;8;600;mq;mq;mq;mq;mq;mq;mq;mq;mq;
07015;20110919120000;101470;150;1;300;4.600000;290.050000;283.650000;66;35000;2;1;1;75;5;800;31;23;60;100910;mq;mq;mq;mq;mq;mq;mq;mq;mq;mq;mq;8.700000;-10;mq;mq;0.000000;-60;0.000000;0.000000;0.000000;mq;mq;710.000000;1109.000000;3100.000000;mq;5;8;930;3;3;1800;mq;mq;mq;mq;mq;mq;
07020;20110919120000;101790;120;1;250;8.700000;289.250000;286.550000;84;18000;2;1;1;100;6;800;38;61;60;101530;mq;mq;mq;mq;mq;mq;mq;mq;mq;mq;mq;11.300000;-10;mq;mq;mq;mq;0.000000;0.000000;0.000000;mq;mq;710.000000;1111.000000;mq;mq;5;8;780;3;6;990;mq;mq;mq;mq;mq;mq;
07027;20110919120000;101770;130;1;260;6.200000;290.150000;284.650000;70;35000;2;1;1;90;4;800;32;23;60;100980;mq;mq;mq;mq;mq;mq;mq;mq;mq;mq;mq;9.300000;-10;mq;mq;0.000000;-60;0.000000;0.000000;0.000000;mq;mq;710.000000;1109.000000;3100.000000;mq;4;8;900;7;3;3000;mq;mq;mq;mq;mq;mq;
07037;20110919120000;101680;140;2;270;4.100000;290.050000;284.350000;69;30000;2;1;1;90;6;800;38;20;11;99890;mq;mq;mq;mq;mq;mq;mq;mq;mq;mq;mq;7.700000;-10;mq;mq;0.000000;-60;0.000000;0.000000;0.000000;mq;mq;710.000000;1108.000000;3100.000000;mq;5;8;900;3;6;1380;mq;mq;mq;mq;mq;mq;
07110;20110919120000;101990;70;3;280;5.700000;288.950000;286.450000;85;12000;61;mq;mq;100;mq;450;mq;mq;mq;100860;mq;mq;mq;mq;mq;mq;mq;mq;mq;mq;mq;10.300000;-10;mq;mq;mq;mq;0.000000;0.000000;0.000000;mq;mq;710.000000;1110.000000;mq;mq;mq;mq;mq;mq;mq;mq;mq;mq;mq;mq;mq;mq;
07117;20110919120000;101870;50;1;270;7.200000;290.350000;286.850000;80;13000;2;1;1;100;8;800;38;61;60;101180;mq;mq;mq;mq;mq;mq;mq;mq;mq;mq;mq;12.900000;-10;mq;mq;mq;mq;0.000000;0.000000;0.000000;mq;mq;710.000000;1113.000000;2437.000000;mq;mq;mq;mq;mq;mq;mq;mq;mq;mq;mq;mq;mq;
07130;20110919120000;101990;130;1;250;4.100000;289.450000;284.350000;72;40000;0;mq;mq;100;mq;800;mq;mq;mq;101480;mq;mq;mq;mq;mq;mq;mq;mq;mq;mq;mq;7.700000;-10;mq;mq;mq;mq;0.000000;0.000000;0.000000;mq;mq;710.000000;1108.000000;mq;mq;mq;mq;mq;mq;mq;mq;mq;mq;mq;mq;mq;mq;
07139;20110919120000;101830;110;2;270;6.200000;290.050000;283.850000;67;25000;2;1;1;75;3;800;38;20;10;100130;mq;mq;mq;mq;mq;mq;mq;mq;mq;mq;mq;9.800000;-10;mq;mq;0.000000;-60;0.000000;0.000000;0.000000;mq;mq;710.000000;1110.000000;3100.000000;mq;3;8;600;6;6;1500;mq;mq;mq;mq;mq;mq;
07149;20110919120000;101680;120;1;320;4.600000;291.850000;283.450000;58;22000;2;1;1;60;4;1250;31;20;11;100620;mq;mq;mq;mq;mq;mq;mq;mq;mq;mq;mq;10.300000;-10;mq;mq;0.000000;-60;0.000000;0.000000;0.000000;mq;mq;710.000000;1110.000000;3100.000000;mq;4;8;990;mq;mq;mq;mq;mq;mq;mq;mq;mq;
07168;20110919120000;101670;160;3;310;6.700000;289.650000;282.850000;64;20000;1;8;6;60;5;800;32;20;10;100270;mq;mq;mq;mq;mq;mq;mq;mq;mq;mq;mq;10.800000;-10;mq;mq;0.000000;-60;0.000000;0.000000;0.200000;mq;mq;710.000000;1111.000000;3100.000000;mq;5;8;840;mq;mq;mq;mq;mq;mq;mq;mq;mq;
07181;20110919120000;101570;260;3;330;6.200000;287.650000;281.550000;67;60000;3;mq;mq;75;6;1250;32;20;10;97550;mq;mq;mq;mq;mq;mq;mq;mq;mq;mq;mq;8.700000;-10;mq;mq;0.000000;-60;0.000000;0.000000;0.000000;mq;mq;710.000000;1109.000000;3100.000000;mq;6;8;990;mq;mq;mq;mq;mq;mq;mq;mq;mq;
07190;20110919120000;101470;180;3;150;0.500000;287.350000;284.350000;82;60000;0;mq;mq;90;mq;1250;mq;mq;mq;99680;mq;mq;mq;mq;mq;mq;mq;mq;mq;mq;mq;7.700000;-10;mq;mq;mq;mq;2.000000;2.000000;3.000000;mq;mq;710.000000;1108.000000;mq;mq;mq;mq;mq;mq;mq;mq;mq;mq;mq;mq;mq;mq;
07207;20110919120000;mq;mq;mq;290;5.700000;290.850000;287.350000;80;25000;2;1;1;60;4;800;32;23;10;mq;mq;mq;mq;mq;mq;mq;mq;mq;mq;mq;mq;9.800000;-10;mq;mq;mq;mq;0.000000;0.000000;0.000000;mq;mq;710.000000;1110.000000;2438.000000;mq;mq;mq;mq;mq;mq;mq;mq;mq;mq;mq;mq;mq;
07222;20110919120000;102050;100;1;300;5.100000;291.250000;284.550000;65;30000;2;1;1;90;3;1250;31;25;60;101740;mq;mq;mq;mq;mq;mq;mq;mq;mq;mq;mq;9.800000;-10;mq;mq;mq;mq;0.000000;0.000000;0.000000;mq;mq;710.000000;1110.000000;mq;mq;2;8;990;4;3;2700;mq;mq;mq;mq;mq;mq;
07240;20110919120000;101880;90;1;290;4.100000;291.350000;284.850000;66;60000;0;mq;mq;100;mq;800;mq;mq;mq;100560;mq;mq;mq;mq;mq;mq;mq;mq;mq;mq;mq;8.700000;-10;mq;mq;mq;mq;0.000000;0.000000;0.000000;mq;mq;710.000000;1109.000000;mq;mq;mq;mq;mq;mq;mq;mq;mq;mq;mq;mq;mq;mq;
07255;20110919120000;101840;100;2;310;4.600000;290.050000;281.950000;59;40000;1;8;6;60;5;800;38;20;10;99880;mq;mq;mq;mq;mq;mq;mq;mq;mq;mq;mq;8.700000;-10;mq;mq;0.000000;-60;0.000000;0.000000;0.000000;mq;mq;710.000000;1109.000000;3100.000000;mq;2;8;900;5;6;1500;mq;mq;mq;mq;mq;mq;
07280;20110919120000;101650;220;3;350;5.700000;287.250000;282.650000;74;40000;61;mq;mq;90;mq;800;mq;mq;mq;98960;mq;mq;mq;mq;mq;mq;mq;mq;mq;mq;mq;12.300000;-10;mq;mq;mq;mq;0.000000;0.200000;2.000000;mq;mq;710.000000;1112.000000;mq;mq;mq;mq;mq;mq;mq;mq;mq;mq;mq;mq;mq;mq;
07299;20110919120000;101450;110;3;140;2.100000;286.050000;284.250000;89;8000;25;8;6;90;7;250;33;61;60;98220;mq;mq;mq;mq;mq;mq;mq;mq;mq;mq;mq;4.100000;-10;mq;mq;0.000000;-60;1.000000;3.000000;6.000000;mq;mq;710.000000;1104.000000;3100.000000;mq;1;8;180;3;9;450;5;8;780;mq;mq;mq;
07314;20110919120000;102200;120;1;310;7.200000;290.550000;286.450000;77;15000;2;1;1;75;6;1250;38;20;10;101930;mq;mq;mq;mq;mq;mq;mq;mq;mq;mq;mq;10.800000;-10;mq;mq;mq;mq;0.000000;0.000000;0.000000;mq;mq;710.000000;1111.000000;2447.000000;mq;2;8;1200;4;6;1500;mq;mq;mq;mq;mq;mq;
07335;20110919120000;102010;80;1;300;4.600000;291.550000;282.650000;56;30000;2;1;1;75;6;1250;32;23;10;100590;mq;mq;mq;mq;mq;mq;mq;mq;mq;mq;mq;8.700000;-10;mq;mq;mq;mq;0.000000;0.000000;0.000000;mq;mq;710.000000;1109.000000;mq;mq;3;8;1080;3;3;4500;mq;mq;mq;mq;mq;mq;
07434;20110919120000;102020;100;3;320;3.600000;287.950000;282.750000;71;40000;1;6;2;75;6;800;38;20;10;97300;mq;mq;mq;mq;mq;mq;mq;mq;mq;mq;mq;7.700000;-10;mq;mq;0.000000;-60;0.000000;0.000000;0.000000;mq;mq;710.000000;1108.000000;3100.000000;mq;4;8;750;3;6;1500;mq;mq;mq;mq;mq;mq;
07460;20110919120000;101760;80;1;330;6.700000;290.250000;281.150000;55;30000;1;8;6;75;6;1250;38;20;10;97960;mq;mq;mq;mq;mq;mq;mq;mq;mq;mq;mq;12.300000;-10;mq;mq;0.000000;-60;0.000000;0.000000;0.800000;mq;mq;710.000000;1112.000000;3100.000000;mq;2;8;1080;4;6;1800;mq;mq;mq;mq;mq;mq;
07471;20110919120000;mq;100;1;320;9.300000;285.950000;280.350000;69;30000;25;8;6;75;6;800;32;20;10;92150;85000;17660;mq;mq;mq;mq;mq;mq;mq;mq;mq;17.500000;-10;mq;mq;0.000000;-60;0.000000;0.400000;0.800000;mq;mq;710.000000;1117.000000;3100.000000;mq;6;8;900;mq;mq;mq;mq;mq;mq;mq;mq;mq;
07481;20110919120000;101650;150;3;340;6.200000;287.350000;284.350000;82;40000;21;6;2;75;5;800;38;28;10;98810;mq;mq;mq;mq;mq;mq;mq;mq;mq;mq;mq;10.800000;-10;mq;mq;0.000000;-60;0.800000;4.000000;6.000000;mq;mq;710.000000;1111.000000;3100.000000;mq;2;8;900;5;6;1500;mq;mq;mq;mq;mq;mq;
07510;20110919120000;102240;90;2;300;6.700000;291.250000;285.950000;71;25000;25;8;6;90;7;800;38;61;60;101600;mq;mq;mq;mq;mq;mq;mq;mq;mq;mq;mq;11.800000;-10;mq;mq;0.000000;-60;0.000000;0.800000;0.800000;mq;mq;710.000000;1112.000000;3100.000000;mq;4;8;780;3;8;840;7;6;1500;mq;mq;mq;
07535;20110919120000;102060;70;1;280;3.600000;290.250000;282.650000;61;30000;2;1;1;75;6;800;32;20;10;99000;mq;mq;mq;mq;mq;mq;mq;mq;mq;mq;mq;9.300000;-10;mq;mq;0.000000;-60;0.000000;0.000000;0.000000;mq;mq;710.000000;1109.000000;3100.000000;mq;6;8;780;mq;mq;mq;mq;mq;mq;mq;mq;mq;
07558;20110919120000;101720;30;0;310;10.800000;286.850000;279.950000;63;25000;1;6;2;90;7;450;38;61;60;93510;mq;mq;mq;mq;mq;mq;mq;mq;mq;mq;20.100000;20.100000;-10;mq;mq;0.000000;-60;0.000000;0.000000;0.000000;mq;mq;1020.000000;710.000000;1120.000000;3100.000000;3;8;450;5;6;750;mq;mq;mq;mq;mq;mq;
07577;20110919120000;101570;80;3;30;6.700000;289.650000;284.750000;73;40000;80;8;6;90;7;800;32;27;10;100690;mq;mq;mq;mq;mq;mq;mq;mq;mq;mq;mq;10.800000;-10;mq;mq;0.000000;-60;0.000000;0.000000;0.000000;mq;mq;710.000000;1111.000000;3100.000000;mq;7;8;780;mq;mq;mq;mq;mq;mq;mq;mq;mq;
07591;20110919120000;mq;-40;5;220;5.100000;287.150000;277.150000;51;mq;0;mq;mq;mq;mq;mq;mq;mq;mq;91080;mq;mq;mq;mq;mq;mq;mq;mq;mq;mq;mq;9.300000;-10;mq;mq;mq;mq;0.000000;0.000000;0.000000;mq;mq;710.000000;1109.000000;mq;mq;mq;mq;mq;mq;mq;mq;mq;mq;mq;mq;mq;mq;
07607;20110919120000;102280;50;0;320;4.100000;291.250000;286.150000;72;19000;61;mq;mq;100;mq;800;mq;mq;mq;101580;mq;mq;mq;mq;mq;mq;mq;mq;mq;mq;mq;7.200000;-10;mq;mq;mq;mq;0.000000;0.000000;0.000000;mq;mq;710.000000;1107.000000;mq;mq;mq;mq;mq;mq;mq;mq;mq;mq;mq;mq;mq;mq;
07621;20110919120000;102320;30;1;260;5.700000;289.750000;283.350000;66;20000;3;6;5;90;7;1250;38;61;60;98060;mq;mq;mq;mq;mq;mq;mq;mq;mq;mq;mq;9.800000;-10;mq;mq;0.000000;-60;0.000000;0.000000;0.600000;mq;mq;710.000000;1110.000000;3100.000000;mq;5;8;990;7;6;1380;mq;mq;mq;mq;mq;mq;
07627;20110919120000;102280;20;2;310;5.100000;286.950000;283.550000;80;10000;80;8;6;100;8;800;38;61;60;97440;mq;mq;mq;mq;mq;mq;mq;mq;mq;mq;mq;11.300000;-10;mq;mq;0.000000;-60;0.200000;0.400000;0.800000;mq;mq;710.000000;1111.000000;3100.000000;mq;6;8;600;7;6;780;mq;mq;mq;mq;mq;mq;
07630;20110919120000;102240;90;1;290;7.200000;288.650000;285.050000;79;30000;1;8;6;90;7;450;38;61;60;100450;mq;mq;mq;mq;mq;mq;mq;mq;mq;mq;mq;10.800000;-10;mq;mq;0.000000;-60;0.000000;2.000000;3.000000;mq;mq;710.000000;1111.000000;3100.000000;mq;1;8;480;5;6;1230;5;6;1500;mq;mq;mq;
07643;20110919120000;101580;10;3;300;10.800000;294.850000;279.150000;36;70000;2;1;1;40;3;1750;35;20;10;101490;mq;mq;mq;mq;mq;mq;mq;mq;mq;mq;17.500000;17.500000;-10;mq;mq;mq;mq;0.000000;0.000000;0.000000;mq;mq;1017.000000;710.000000;1117.000000;mq;3;6;1500;mq;mq;mq;mq;mq;mq;mq;mq;mq;
07650;20110919120000;101310;-30;6;330;12.300000;295.250000;279.850000;37;75000;2;1;1;40;3;1750;31;20;10;100940;mq;mq;mq;mq;mq;mq;mq;mq;mq;mq;mq;19.500000;-10;mq;mq;0.000000;-60;0.000000;0.000000;0.000000;mq;mq;710.000000;1120.000000;3100.000000;mq;3;8;1500;mq;mq;mq;mq;mq;mq;mq;mq;mq;
07661;20110919120000;100920;0;0;350;22.100000;293.050000;279.350000;41;25000;2;1;1;25;2;450;32;20;10;99360;mq;mq;mq;mq;mq;mq;mq;mq;mq;mq;32.400000;34.000000;-10;mq;mq;mq;mq;0.000000;0.000000;0.000000;mq;mq;1032.000000;710.000000;1134.000000;mq;2;8;480;mq;mq;mq;mq;mq;mq;mq;mq;mq;
07690;20110919120000;100440;-170;8;150;4.100000;297.050000;282.250000;39;50000;2;1;1;10;1;800;31;20;10;100120;mq;mq;mq;mq;mq;mq;mq;mq;mq;mq;mq;5.700000;-10;mq;mq;0.000000;-60;0.000000;0.000000;0.000000;mq;mq;710.000000;1106.000000;3100.000000;mq;1;8;600;mq;mq;mq;mq;mq;mq;mq;mq;mq;
07747;20110919120000;101930;70;3;340;6.700000;289.350000;284.950000;75;40000;25;1;1;90;7;800;31;61;60;101410;mq;mq;mq;mq;mq;mq;mq;mq;mq;mq;mq;17.500000;-10;mq;mq;0.000000;-60;0.200000;0.200000;0.200000;mq;mq;710.000000;1117.000000;3100.000000;mq;2;8;750;7;8;1080;mq;mq;mq;mq;mq;mq;
07761;20110919120000;100940;-10;8;290;9.300000;293.750000;283.250000;51;15000;25;8;7;60;5;800;38;20;10;100830;mq;mq;mq;mq;mq;mq;mq;mq;mq;mq;15.400000;17.500000;-10;mq;mq;0.000000;-60;0.400000;0.600000;2.000000;mq;mq;1015.000000;710.000000;1117.000000;3100.000000;1;8;690;3;8;990;5;8;1290;mq;mq;mq;
07790;20110919120000;100550;-50;8;310;6.200000;297.750000;278.550000;29;60000;2;1;1;25;2;1250;32;20;10;100410;mq;mq;mq;mq;mq;mq;mq;mq;mq;mq;mq;11.300000;-10;mq;mq;0.000000;-60;0.000000;0.000000;0.000000;mq;mq;710.000000;1111.000000;3100.000000;mq;2;8;1080;mq;mq;mq;mq;mq;mq;mq;mq;mq;
61968;20110919120000;101450;mq;mq;90;4.100000;301.650000;292.350000;57;mq;mq;mq;mq;mq;mq;mq;mq;mq;mq;mq;mq;mq;mq;mq;mq;mq;mq;mq;mq;mq;mq;8.700000;-10;mq;mq;mq;mq;0.000000;mq;0.000000;mq;mq;710.000000;1109.000000;mq;mq;mq;mq;mq;mq;mq;mq;mq;mq;mq;mq;mq;mq;
61970;20110919120000;101570;mq;mq;mq;mq;301.550000;294.350000;65;mq;mq;mq;mq;mq;mq;mq;mq;mq;mq;mq;mq;mq;mq;mq;mq;mq;mq;mq;mq;mq;mq;mq;mq;mq;mq;mq;mq;0.000000;mq;0.000000;mq;mq;mq;mq;mq;mq;mq;mq;mq;mq;mq;mq;mq;mq;mq;mq;mq;mq;
61972;20110919120000;101420;mq;mq;360;3.100000;298.250000;294.350000;79;mq;mq;mq;mq;mq;mq;mq;mq;mq;mq;mq;mq;mq;mq;mq;mq;mq;mq;mq;mq;mq;mq;7.700000;-10;mq;mq;mq;mq;0.000000;mq;0.000000;mq;mq;710.000000;1108.000000;mq;mq;mq;mq;mq;mq;mq;mq;mq;mq;mq;mq;mq;mq;
61976;20110919120000;101700;mq;mq;120;9.300000;299.350000;293.650000;71;mq;mq;mq;mq;mq;mq;mq;mq;mq;mq;101550;mq;mq;110;mq;mq;mq;mq;mq;mq;mq;mq;mq;mq;mq;mq;mq;mq;mq;mq;mq;mq;mq;mq;mq;mq;mq;mq;mq;mq;mq;mq;mq;mq;mq;mq;mq;mq;mq;
61980;20110919120000;101980;mq;mq;80;9.300000;297.750000;290.450000;64;12000;2;1;1;25;2;800;38;20;10;mq;mq;mq;130;mq;mq;mq;mq;mq;mq;mq;mq;12.300000;-10;mq;mq;mq;mq;0.000000;mq;0.000000;mq;mq;710.000000;1112.000000;2437.000000;mq;1;8;900;mq;mq;mq;mq;mq;mq;mq;mq;mq;
61996;20110919120000;101520;mq;mq;250;14.900000;285.350000;230.350000;mq;mq;mq;mq;mq;mq;mq;mq;mq;mq;mq;mq;mq;mq;1550;mq;mq;mq;mq;mq;mq;mq;mq;23.100000;-10;mq;mq;mq;mq;0.000000;mq;0.200000;mq;mq;710.000000;1123.000000;mq;mq;mq;mq;mq;mq;mq;mq;mq;mq;mq;mq;mq;mq;
61997;20110919120000;97760;mq;mq;290;16.500000;277.550000;275.050000;84;mq;mq;mq;mq;mq;mq;mq;mq;mq;mq;mq;mq;mq;mq;mq;mq;mq;mq;mq;mq;mq;mq;28.800000;-60;mq;mq;mq;mq;mq;mq;1.000000;mq;mq;1129.000000;mq;mq;mq;mq;mq;mq;mq;mq;mq;mq;mq;mq;mq;mq;mq;
61998;20110919120000;100840;mq;mq;60;1.500000;270.550000;270.150000;97;22000;2;1;1;100;8;800;35;61;60;mq;mq;mq;3850;mq;mq;mq;mq;mq;mq;mq;mq;3.600000;-10;mq;mq;mq;mq;0.200000;mq;0.400000;mq;mq;710.000000;1104.000000;mq;mq;8;6;780;mq;mq;mq;mq;mq;mq;mq;mq;mq;
67005;20110919120000;101520;mq;mq;110;2.100000;299.650000;293.250000;68;mq;0;mq;mq;mq;mq;mq;mq;mq;mq;mq;mq;mq;50;mq;mq;mq;mq;mq;mq;mq;mq;4.100000;-10;mq;mq;mq;mq;0.000000;mq;0.000000;mq;mq;710.000000;1104.000000;mq;mq;mq;mq;mq;mq;mq;mq;mq;mq;mq;mq;mq;mq;
71805;20110919120000;103030;20;2;140;1.000000;286.050000;283.950000;87;20000;2;1;1;90;0;8000;30;20;11;102940;mq;mq;mq;mq;mq;mq;mq;mq;mq;mq;mq;1.500000;-10;mq;mq;0.000000;-60;0.000000;0.000000;0.000000;mq;mq;710.000000;1102.000000;3100.000000;mq;7;0;7500;mq;mq;mq;mq;mq;mq;mq;mq;mq;
78897;20110919120000;101410;170;3;160;4.100000;297.750000;295.950000;90;15000;25;8;6;90;5;800;38;20;12;mq;mq;mq;mq;297.650000;mq;mq;303.250000;mq;mq;mq;mq;mq;mq;mq;mq;mq;mq;mq;mq;3.000000;mq;12.700000;mq;mq;mq;mq;4;8;750;3;0;7800;mq;mq;mq;mq;mq;mq;
78922;20110919120000;101330;110;3;320;0.500000;299.750000;296.250000;81;mq;mq;mq;mq;mq;mq;mq;mq;mq;mq;100890;mq;mq;mq;mq;mq;mq;mq;mq;mq;mq;mq;mq;mq;mq;mq;mq;mq;mq;mq;mq;mq;mq;mq;mq;mq;mq;mq;mq;mq;mq;mq;mq;mq;mq;mq;mq;mq;mq;
78925;20110919120000;101350;120;3;40;1.000000;301.250000;298.250000;84;25000;2;1;1;40;2;800;32;20;12;mq;mq;mq;mq;296.450000;mq;mq;305.050000;mq;mq;mq;mq;mq;mq;mq;mq;mq;mq;mq;mq;0.000000;mq;49.300000;mq;mq;mq;mq;2;8;690;mq;mq;mq;mq;mq;mq;mq;mq;mq;
81401;20110919120000;101340;mq;mq;150;2.100000;301.450000;296.350000;74;mq;mq;mq;mq;mq;mq;mq;mq;mq;mq;101280;mq;mq;mq;295.950000;mq;mq;mq;mq;mq;mq;mq;mq;mq;mq;mq;mq;mq;mq;0.200000;mq;mq;0.200000;mq;mq;mq;mq;mq;mq;mq;mq;mq;mq;mq;mq;mq;mq;mq;mq;
81405;20110919120000;101340;mq;mq;200;2.600000;299.750000;297.550000;88;10000;2;1;1;60;4;250;32;20;12;101250;mq;mq;mq;295.850000;mq;mq;mq;mq;mq;mq;mq;mq;mq;mq;mq;mq;mq;mq;0.000000;mq;mq;24.000000;mq;mq;mq;mq;mq;mq;mq;mq;mq;mq;mq;mq;mq;mq;mq;mq;
81408;20110919120000;101280;mq;mq;160;1.000000;300.750000;296.550000;78;mq;mq;mq;mq;mq;mq;mq;mq;mq;mq;101200;mq;mq;mq;295.550000;mq;mq;mq;mq;mq;mq;mq;mq;mq;mq;mq;mq;mq;mq;0.000000;mq;mq;0.800000;mq;mq;mq;mq;mq;mq;mq;mq;mq;mq;mq;mq;mq;mq;mq;mq;
89642;20110919120000;98370;-210;7;130;13.900000;259.050000;252.750000;55;30000;1;7;2;90;3;1250;35;23;60;97810;mq;mq;mq;256.750000;mq;259.550000;mq;mq;mq;mq;21.600000;21.600000;-60;mq;mq;mq;mq;mq;mq;mq;mq;mq;1022.000000;1122.000000;mq;mq;3;6;1200;7;3;2400;mq;mq;mq;mq;mq;mq;
07005;20110919150000;101740;150;3;270;6.700000;289.350000;284.250000;72;30000;2;1;1;50;3;800;32;20;11;100860;mq;mq;mq;mq;mq;mq;mq;mq;mq;mq;mq;11.800000;-10;mq;mq;0.000000;-30;0.000000;0.000000;mq;mq;mq;710.000000;1112.000000;3100.000000;mq;3;8;690;mq;mq;mq;mq;mq;mq;mq;mq;mq;
07015;20110919150000;101620;160;2;270;6.700000;292.350000;280.450000;46;40000;2;1;1;50;4;1250;38;20;10;101070;mq;mq;mq;mq;mq;mq;mq;mq;mq;mq;mq;10.300000;-10;mq;mq;0.000000;-30;0.000000;0.000000;mq;mq;mq;710.000000;1110.000000;3100.000000;mq;3;8;1290;mq;mq;mq;mq;mq;mq;mq;mq;mq;
07020;20110919150000;101830;40;1;250;7.200000;289.050000;288.050000;94;mq;mq;mq;mq;mq;mq;mq;mq;mq;mq;101570;mq;mq;mq;mq;mq;mq;mq;mq;mq;mq;mq;11.800000;-10;mq;mq;mq;mq;0.000000;0.000000;mq;mq;mq;710.000000;1112.000000;mq;mq;mq;mq;mq;mq;mq;mq;mq;mq;mq;mq;mq;mq;
07027;20110919150000;101900;120;1;240;4.600000;288.750000;286.450000;86;35000;16;2;2;90;7;800;38;61;60;101100;mq;mq;mq;mq;mq;mq;mq;mq;mq;mq;mq;9.300000;-10;mq;mq;0.000000;-30;0.000000;0.000000;mq;mq;mq;710.000000;1109.000000;3100.000000;mq;2;8;750;3;6;1050;7;6;1800;mq;mq;mq;
07037;20110919150000;101820;140;1;280;5.100000;290.150000;283.950000;67;30000;2;1;1;50;4;800;38;20;10;100030;mq;mq;mq;mq;mq;mq;mq;mq;mq;mq;mq;10.300000;-10;mq;mq;0.000000;-30;0.000000;0.000000;mq;mq;mq;710.000000;1110.000000;3100.000000;mq;3;8;780;mq;mq;mq;mq;mq;mq;mq;mq;mq;
07110;20110919150000;102040;50;0;270;4.100000;289.650000;285.450000;76;15000;2;1;1;100;7;800;35;61;60;100910;mq;mq;mq;mq;mq;mq;mq;mq;mq;mq;mq;8.700000;-10;mq;mq;mq;mq;0.000000;0.000000;mq;mq;mq;710.000000;1109.000000;mq;mq;3;6;600;7;6;960;mq;mq;mq;mq;mq;mq;
07117;20110919150000;101950;80;1;260;6.700000;289.850000;287.350000;85;13000;2;1;1;100;8;800;38;61;60;101260;mq;mq;mq;mq;mq;mq;mq;mq;mq;mq;mq;12.300000;-10;mq;mq;mq;mq;0.000000;0.000000;mq;mq;mq;710.000000;1112.000000;2437.000000;mq;mq;mq;mq;mq;mq;mq;mq;mq;mq;mq;mq;mq;
07130;20110919150000;102010;20;3;260;2.600000;290.550000;285.650000;73;40000;0;mq;mq;100;mq;1250;mq;mq;mq;101500;mq;mq;mq;mq;mq;mq;mq;mq;mq;mq;mq;7.200000;-10;mq;mq;mq;mq;0.000000;0.000000;mq;mq;mq;710.000000;1107.000000;mq;mq;mq;mq;mq;mq;mq;mq;mq;mq;mq;mq;mq;mq;
07139;20110919150000;102000;160;3;290;7.200000;289.450000;283.050000;66;25000;2;1;1;90;7;800;38;61;60;100290;mq;mq;mq;mq;mq;mq;mq;mq;mq;mq;mq;10.300000;-10;mq;mq;0.000000;-30;0.000000;0.000000;mq;mq;mq;710.000000;1110.000000;3100.000000;mq;6;8;690;7;6;1200;mq;mq;mq;mq;mq;mq;
07149;20110919150000;101820;140;2;280;6.200000;291.950000;283.250000;57;20000;0;mq;mq;mq;mq;1250;mq;mq;mq;100760;mq;mq;mq;mq;mq;mq;mq;mq;mq;mq;mq;9.300000;-10;mq;mq;mq;mq;0.000000;0.000000;mq;mq;mq;710.000000;1109.000000;mq;mq;mq;mq;mq;mq;mq;mq;mq;mq;mq;mq;mq;mq;
07181;20110919150000;101700;130;3;300;2.600000;288.150000;281.350000;64;60000;0;mq;mq;mq;mq;mq;mq;mq;mq;97680;mq;mq;mq;mq;mq;mq;mq;mq;mq;mq;mq;6.200000;-10;mq;mq;mq;mq;0.000000;0.000000;mq;mq;mq;710.000000;1106.000000;mq;mq;mq;mq;mq;mq;mq;mq;mq;mq;mq;mq;mq;mq;
07190;20110919150000;101600;140;3;310;3.600000;289.450000;282.650000;64;55000;0;mq;mq;100;mq;1250;mq;mq;mq;99820;mq;mq;mq;mq;mq;mq;mq;mq;mq;mq;mq;6.200000;-10;mq;mq;mq;mq;0.000000;0.000000;mq;mq;mq;710.000000;1106.000000;mq;mq;mq;mq;mq;mq;mq;mq;mq;mq;mq;mq;mq;mq;
07207;20110919150000;mq;mq;mq;290;8.200000;290.750000;287.250000;80;12000;2;1;1;90;4;800;32;23;10;mq;mq;mq;mq;mq;mq;mq;mq;mq;mq;mq;mq;13.400000;-10;mq;mq;mq;mq;0.000000;0.200000;mq;mq;mq;710.000000;1113.000000;2437.000000;mq;mq;mq;mq;mq;mq;mq;mq;mq;mq;mq;mq;mq;
07222;20110919150000;102090;40;1;270;5.100000;292.550000;286.250000;67;30000;2;1;1;75;4;800;38;23;10;101780;mq;mq;mq;mq;mq;mq;mq;mq;mq;mq;mq;8.200000;-10;mq;mq;mq;mq;0.000000;0.000000;mq;mq;mq;710.000000;1108.000000;mq;mq;3;8;810;3;3;3600;mq;mq;mq;mq;mq;mq;
07240;20110919150000;101990;110;3;290;6.200000;291.750000;283.050000;57;55000;0;mq;mq;90;mq;1250;mq;mq;mq;100670;mq;mq;mq;mq;mq;mq;mq;mq;mq;mq;mq;9.300000;-10;mq;mq;mq;mq;0.000000;0.000000;mq;mq;mq;710.000000;1109.000000;mq;mq;mq;mq;mq;mq;mq;mq;mq;mq;mq;mq;mq;mq;
07255;20110919150000;101950;120;2;330;3.100000;291.250000;281.250000;52;40000;2;1;1;60;5;1250;38;20;10;100000;mq;mq;mq;mq;mq;mq;mq;mq;mq;mq;mq;7.700000;-10;mq;mq;0.000000;-30;0.000000;0.000000;mq;mq;mq;710.000000;1108.000000;3100.000000;mq;2;8;1200;4;6;1500;mq;mq;mq;mq;mq;mq;
07280;20110919150000;101710;100;3;330;6.700000;291.650000;281.650000;52;60000;0;mq;mq;100;mq;1250;mq;mq;mq;99060;mq;mq;mq;mq;mq;mq;mq;mq;mq;mq;mq;11.300000;-10;mq;mq;mq;mq;0.000000;0.000000;mq;mq;mq;710.000000;1111.000000;mq;mq;mq;mq;mq;mq;mq;mq;mq;mq;mq;mq;mq;mq;
07299;20110919150000;101600;170;3;30;1.500000;287.750000;283.950000;78;18000;25;8;6;90;4;450;33;23;60;98390;mq;mq;mq;mq;mq;mq;mq;mq;mq;mq;mq;5.100000;-10;mq;mq;0.000000;-30;0.000000;3.000000;mq;mq;mq;710.000000;1105.000000;3100.000000;mq;1;8;300;1;9;600;3;6;1800;6;3;2100;
07314;20110919150000;102250;50;1;290;7.700000;290.850000;287.150000;79;mq;mq;mq;mq;mq;mq;mq;mq;mq;mq;101980;mq;mq;mq;mq;mq;mq;mq;mq;mq;mq;mq;10.800000;-10;mq;mq;mq;mq;0.000000;0.000000;mq;mq;mq;710.000000;1111.000000;mq;mq;mq;mq;mq;mq;mq;mq;mq;mq;mq;mq;mq;mq;
07335;20110919150000;102060;60;3;270;4.100000;292.950000;282.850000;52;30000;2;1;1;75;4;1250;38;23;10;100650;mq;mq;mq;mq;mq;mq;mq;mq;mq;mq;mq;7.200000;-10;mq;mq;mq;mq;0.000000;0.000000;mq;mq;mq;710.000000;1107.000000;mq;mq;4;8;1290;3;3;3300;mq;mq;mq;mq;mq;mq;
07434;20110919150000;102090;90;3;290;4.100000;289.250000;281.450000;60;40000;2;1;1;75;6;1250;38;20;10;97390;mq;mq;mq;mq;mq;mq;mq;mq;mq;mq;mq;8.200000;-10;mq;mq;0.000000;-30;0.000000;0.000000;mq;mq;mq;710.000000;1108.000000;3100.000000;mq;3;8;1020;5;6;1800;mq;mq;mq;mq;mq;mq;
07460;20110919150000;101920;150;3;310;4.600000;289.850000;279.950000;52;30000;2;1;1;75;6;1250;38;20;10;98110;mq;mq;mq;mq;mq;mq;mq;mq;mq;mq;mq;11.300000;-10;mq;mq;0.000000;-30;0.000000;0.000000;mq;mq;mq;710.000000;1111.000000;3100.000000;mq;2;8;1200;6;6;1800;mq;mq;mq;mq;mq;mq;
07471;20110919150000;mq;140;2;330;7.200000;285.850000;279.250000;64;40000;2;1;1;60;5;1250;32;20;10;92290;85000;17790;mq;mq;mq;mq;mq;mq;mq;mq;mq;13.400000;-10;mq;mq;0.000000;-30;0.000000;0.000000;mq;mq;mq;710.000000;1113.000000;3100.000000;mq;5;8;990;mq;mq;mq;mq;mq;mq;mq;mq;mq;
07481;20110919150000;101760;120;3;320;6.700000;288.850000;283.350000;70;20000;2;8;6;90;3;1750;38;28;60;98930;mq;mq;mq;mq;mq;mq;mq;mq;mq;mq;mq;11.300000;-10;mq;mq;0.000000;-30;0.000000;4.000000;mq;mq;mq;710.000000;1111.000000;3100.000000;mq;3;6;1800;6;3;2700;mq;mq;mq;mq;mq;mq;
07510;20110919150000;102240;0;4;290;6.700000;293.150000;283.550000;54;25000;2;1;1;90;7;1250;38;20;11;101600;mq;mq;mq;mq;mq;mq;mq;mq;mq;mq;mq;9.800000;-10;mq;mq;0.000000;-30;0.000000;0.000000;mq;mq;mq;710.000000;1110.000000;3100.000000;mq;4;8;1080;3;6;1500;mq;mq;mq;mq;mq;mq;
07535;20110919150000;102090;40;3;290;3.600000;291.950000;281.050000;49;25000;2;1;1;75;6;1250;38;20;10;99040;mq;mq;mq;mq;mq;mq;mq;mq;mq;mq;mq;8.700000;-10;mq;mq;0.000000;-30;0.000000;0.000000;mq;mq;mq;710.000000;1109.000000;3100.000000;mq;1;8;990;5;6;1200;mq;mq;mq;mq;mq;mq;
07558;20110919150000;101790;100;2;310;11.300000;288.450000;279.450000;55;30000;2;1;1;75;6;800;38;20;10;93610;mq;mq;mq;mq;mq;mq;mq;mq;mq;mq;18.000000;21.600000;-10;mq;mq;0.000000;-30;0.000000;0.000000;mq;mq;mq;1018.000000;710.000000;1122.000000;3100.000000;3;8;690;4;6;900;mq;mq;mq;mq;mq;mq;
07577;20110919150000;101680;110;3;20;6.200000;289.250000;283.950000;71;40000;25;8;6;75;6;800;32;27;10;100800;mq;mq;mq;mq;mq;mq;mq;mq;mq;mq;mq;13.900000;-10;mq;mq;0.000000;-30;0.200000;0.200000;mq;mq;mq;710.000000;1114.000000;3100.000000;mq;6;8;780;mq;mq;mq;mq;mq;mq;mq;mq;mq;
07591;20110919150000;mq;20;3;230;5.100000;286.950000;276.450000;49;mq;0;mq;mq;mq;mq;mq;mq;mq;mq;91100;mq;mq;mq;mq;mq;mq;mq;mq;mq;mq;mq;11.300000;-10;mq;mq;mq;mq;0.000000;0.000000;mq;mq;mq;710.000000;1111.000000;mq;mq;mq;mq;mq;mq;mq;mq;mq;mq;mq;mq;mq;mq;
07607;20110919150000;102320;40;3;300;7.200000;293.050000;284.250000;57;60000;0;mq;mq;mq;mq;1250;mq;mq;mq;101620;mq;mq;mq;mq;mq;mq;mq;mq;mq;mq;mq;12.300000;-10;mq;mq;mq;mq;0.000000;0.000000;mq;mq;mq;710.000000;1112.000000;mq;mq;mq;mq;mq;mq;mq;mq;mq;mq;mq;mq;mq;mq;
07621;20110919150000;102280;-10;5;260;5.100000;291.550000;284.650000;64;20000;2;1;1;60;5;1250;38;20;10;98050;mq;mq;mq;mq;mq;mq;mq;mq;mq;mq;mq;10.800000;-10;mq;mq;0.000000;-30;0.000000;0.000000;mq;mq;mq;710.000000;1111.000000;3100.000000;mq;3;8;990;5;6;1800;mq;mq;mq;mq;mq;mq;
07627;20110919150000;102280;40;3;310;4.600000;289.050000;282.950000;67;25000;2;8;6;90;7;800;38;61;60;97480;mq;mq;mq;mq;mq;mq;mq;mq;mq;mq;mq;10.800000;-10;mq;mq;0.000000;-30;0.000000;0.200000;mq;mq;mq;710.000000;1111.000000;3100.000000;mq;2;8;780;7;6;1380;mq;mq;mq;mq;mq;mq;
07630;20110919150000;102250;20;3;300;6.700000;289.750000;284.850000;73;25000;1;8;6;90;7;450;38;61;60;100470;mq;mq;mq;mq;mq;mq;mq;mq;mq;mq;mq;10.800000;-10;mq;mq;0.000000;-30;0.000000;0.000000;mq;mq;mq;710.000000;1111.000000;3100.000000;mq;1;8;480;4;6;1380;5;6;1800;mq;mq;mq;
07643;20110919150000;101640;60;1;320;9.800000;294.950000;278.350000;34;40000;2;1;1;50;4;1750;35;20;10;101550;mq;mq;mq;mq;mq;mq;mq;mq;mq;mq;14.900000;16.500000;-10;mq;mq;mq;mq;0.000000;0.000000;mq;mq;mq;1015.000000;710.000000;1116.000000;mq;4;6;1500;mq;mq;mq;mq;mq;mq;mq;mq;mq;
07650;20110919150000;101350;40;1;340;14.900000;294.050000;279.950000;40;75000;2;1;1;40;3;1750;31;20;10;100980;mq;mq;mq;mq;mq;mq;mq;mq;mq;mq;mq;19.500000;-10;mq;mq;0.000000;-30;0.000000;0.000000;mq;mq;mq;710.000000;1120.000000;3100.000000;mq;3;8;1800;mq;mq;mq;mq;mq;mq;mq;mq;mq;
07661;20110919150000;100820;-90;8;350;21.600000;293.850000;278.650000;37;25000;2;1;1;25;2;450;32;20;10;99270;mq;mq;mq;mq;mq;mq;mq;mq;mq;mq;29.800000;34.500000;-10;mq;mq;mq;mq;0.000000;0.000000;mq;mq;mq;1030.000000;710.000000;1134.000000;mq;2;8;480;mq;mq;mq;mq;mq;mq;mq;mq;mq;
07690;20110919150000;100360;-80;5;310;7.200000;300.450000;273.250000;17;50000;2;1;1;25;1;800;38;23;10;100040;mq;mq;mq;mq;mq;mq;mq;mq;mq;mq;mq;13.400000;-10;mq;mq;0.000000;-30;0.000000;0.000000;mq;mq;mq;710.000000;1113.000000;3100.000000;mq;1;8;600;mq;mq;mq;mq;mq;mq;mq;mq;mq;
07747;20110919150000;101940;10;0;310;8.200000;292.150000;282.850000;55;40000;2;1;1;75;6;800;31;20;10;101420;mq;mq;mq;mq;mq;mq;mq;mq;mq;mq;mq;15.900000;-10;mq;mq;0.000000;-30;0.000000;0.000000;mq;mq;mq;710.000000;1116.000000;3100.000000;mq;1;8;840;6;8;1080;mq;mq;mq;mq;mq;mq;
07761;20110919150000;100880;-50;6;280;9.300000;294.050000;283.250000;50;15000;3;8;6;75;6;800;38;20;10;100780;mq;mq;mq;mq;mq;mq;mq;mq;mq;mq;15.400000;18.000000;-10;mq;mq;0.000000;-30;0.000000;0.200000;mq;mq;mq;1015.000000;710.000000;1118.000000;3100.000000;2;8;780;3;8;990;6;8;1380;mq;mq;mq;
07790;20110919150000;100520;-30;5;190;5.100000;297.150000;279.850000;33;60000;2;1;1;50;2;1250;32;26;13;100380;mq;mq;mq;mq;mq;mq;mq;mq;mq;mq;mq;10.300000;-10;mq;mq;0.000000;-30;0.000000;0.000000;mq;mq;mq;710.000000;1110.000000;3100.000000;mq;2;8;1080;3;0;5400;mq;mq;mq;mq;mq;mq;
61968;20110919150000;101640;mq;mq;120;0.500000;298.550000;292.250000;68;mq;mq;mq;mq;mq;mq;mq;mq;mq;mq;mq;mq;mq;90;mq;mq;mq;mq;mq;mq;mq;mq;3.100000;-10;mq;mq;mq;mq;0.000000;0.000000;mq;mq;mq;710.000000;1103.000000;mq;mq;mq;mq;mq;mq;mq;mq;mq;mq;mq;mq;mq;mq;
61970;20110919150000;101670;mq;mq;mq;mq;298.650000;293.050000;71;mq;mq;mq;mq;mq;mq;mq;mq;mq;mq;mq;mq;mq;30;mq;mq;mq;mq;mq;mq;mq;mq;mq;mq;mq;mq;mq;mq;0.000000;0.000000;mq;mq;mq;mq;mq;mq;mq;mq;mq;mq;mq;mq;mq;mq;mq;mq;mq;mq;mq;
61972;20110919150000;101500;mq;mq;350;5.100000;297.350000;295.050000;87;mq;mq;mq;mq;mq;mq;mq;mq;mq;mq;mq;mq;mq;mq;mq;mq;mq;mq;mq;mq;mq;mq;7.700000;-10;mq;mq;mq;mq;0.000000;0.000000;mq;mq;mq;710.000000;1108.000000;mq;mq;mq;mq;mq;mq;mq;mq;mq;mq;mq;mq;mq;mq;
61976;20110919150000;101890;mq;mq;120;9.300000;297.450000;293.550000;79;mq;mq;mq;mq;mq;mq;mq;mq;mq;mq;101740;mq;mq;120;mq;mq;mq;mq;mq;mq;mq;mq;mq;mq;mq;mq;mq;mq;mq;mq;mq;mq;mq;mq;mq;mq;mq;mq;mq;mq;mq;mq;mq;mq;mq;mq;mq;mq;mq;
61980;20110919150000;102180;mq;mq;120;5.100000;294.450000;289.850000;75;12000;2;1;1;25;2;1750;35;20;10;mq;mq;mq;150;mq;mq;mq;mq;mq;mq;mq;mq;8.200000;-10;mq;mq;mq;mq;0.000000;0.000000;mq;mq;mq;710.000000;1108.000000;mq;mq;2;6;1500;mq;mq;mq;mq;mq;mq;mq;mq;mq;
61996;20110919150000;101810;mq;mq;250;12.300000;284.850000;230.050000;mq;mq;mq;mq;mq;mq;mq;mq;mq;mq;mq;mq;mq;mq;1670;mq;mq;mq;mq;mq;mq;mq;mq;21.100000;-10;mq;mq;mq;mq;0.000000;0.000000;mq;mq;mq;710.000000;1121.000000;mq;mq;mq;mq;mq;mq;mq;mq;mq;mq;mq;mq;mq;mq;
61997;20110919150000;98090;mq;mq;280;15.400000;276.950000;273.450000;78;mq;mq;mq;mq;mq;mq;mq;mq;mq;mq;mq;mq;mq;mq;mq;mq;mq;mq;mq;mq;mq;mq;26.800000;-30;mq;mq;mq;mq;mq;0.000000;mq;mq;mq;1127.000000;mq;mq;mq;mq;mq;mq;mq;mq;mq;mq;mq;mq;mq;mq;mq;
67005;20110919150000;101690;mq;mq;70;2.100000;298.450000;293.650000;75;20000;2;1;1;75;2;800;38;27;60;mq;mq;mq;110;mq;mq;mq;mq;mq;mq;mq;mq;3.600000;-10;mq;mq;mq;mq;0.000000;0.000000;mq;mq;mq;710.000000;1104.000000;mq;mq;1;8;660;6;3;2700;mq;mq;mq;mq;mq;mq;
71805;20110919150000;102920;-110;8;160;2.600000;286.850000;283.250000;79;20000;2;1;1;90;1;800;31;20;16;102830;mq;mq;mq;mq;mq;mq;mq;mq;mq;mq;mq;3.100000;-10;mq;mq;0.000000;-30;0.000000;0.000000;mq;mq;mq;710.000000;1103.000000;3100.000000;mq;1;6;600;7;0;6900;mq;mq;mq;mq;mq;mq;
78897;20110919150000;101430;20;0;20;2.100000;299.250000;296.750000;86;40000;65;mq;mq;mq;mq;450;mq;mq;mq;mq;mq;mq;mq;mq;mq;mq;mq;mq;mq;mq;mq;mq;mq;mq;mq;mq;mq;mq;mq;mq;mq;mq;mq;mq;mq;mq;mq;mq;mq;mq;mq;mq;mq;mq;mq;mq;mq;mq;
78922;20110919150000;101390;60;0;160;4.100000;302.450000;297.150000;73;mq;mq;mq;mq;mq;mq;mq;mq;mq;mq;100950;mq;mq;mq;mq;mq;mq;mq;mq;mq;mq;mq;mq;mq;mq;mq;mq;mq;mq;mq;mq;mq;mq;mq;mq;mq;mq;mq;mq;mq;mq;mq;mq;mq;mq;mq;mq;mq;mq;
78925;20110919150000;101340;-10;8;240;3.600000;300.850000;297.450000;82;18000;15;8;6;90;7;800;38;61;60;mq;mq;mq;mq;mq;mq;mq;mq;mq;mq;mq;mq;mq;mq;mq;mq;mq;mq;mq;mq;mq;mq;mq;mq;mq;mq;mq;2;8;630;3;8;840;6;6;1380;mq;mq;mq;
81401;20110919150000;101230;mq;mq;140;3.100000;305.450000;295.850000;57;mq;mq;mq;mq;mq;mq;mq;mq;mq;mq;101170;mq;mq;mq;mq;mq;mq;mq;mq;mq;mq;mq;mq;mq;mq;mq;mq;mq;mq;0.000000;mq;mq;mq;mq;mq;mq;mq;mq;mq;mq;mq;mq;mq;mq;mq;mq;mq;mq;mq;
81405;20110919150000;101250;mq;mq;130;2.100000;304.550000;296.350000;62;10000;2;1;1;60;4;800;32;20;12;101160;mq;mq;mq;mq;mq;mq;mq;mq;mq;mq;mq;mq;mq;mq;mq;mq;mq;mq;0.000000;mq;mq;mq;mq;mq;mq;mq;mq;mq;mq;mq;mq;mq;mq;mq;mq;mq;mq;mq;
81408;20110919150000;101230;mq;mq;120;1.000000;304.850000;296.650000;62;mq;mq;mq;mq;mq;mq;mq;mq;mq;mq;101150;mq;mq;mq;mq;mq;mq;mq;mq;mq;mq;mq;mq;mq;mq;mq;mq;mq;mq;0.000000;mq;mq;mq;mq;mq;mq;mq;mq;mq;mq;mq;mq;mq;mq;mq;mq;mq;mq;mq;
89642;20110919150000;98220;-140;8;130;14.400000;259.150000;252.850000;55;mq;mq;mq;mq;mq;mq;mq;mq;mq;mq;97670;mq;mq;mq;mq;mq;mq;mq;mq;mq;mq;23.700000;25.200000;-30;mq;mq;mq;mq;mq;mq;mq;mq;mq;1024.000000;1125.000000;mq;mq;mq;mq;mq;mq;mq;mq;mq;mq;mq;mq;mq;mq;
07005;20110919180000;101880;140;1;240;3.100000;288.150000;284.750000;80;mq;mq;mq;mq;mq;mq;mq;mq;mq;mq;101000;mq;mq;mq;283.550000;mq;290.950000;mq;mq;mq;mq;mq;9.300000;-10;mq;mq;mq;mq;0.000000;0.000000;mq;0.000000;mq;710.000000;1109.000000;mq;mq;mq;mq;mq;mq;mq;mq;mq;mq;mq;mq;mq;mq;
07015;20110919180000;101810;180;3;250;3.600000;288.450000;283.250000;71;40000;2;1;1;10;1;1750;35;20;10;101250;mq;mq;mq;282.050000;mq;292.650000;mq;mq;mq;mq;mq;7.200000;-10;mq;mq;0.000000;-60;0.000000;0.000000;mq;0.000000;mq;710.000000;1107.000000;3100.000000;mq;1;6;1500;mq;mq;mq;mq;mq;mq;mq;mq;mq;
07020;20110919180000;101960;130;3;260;7.700000;289.050000;286.850000;87;14000;1;6;2;60;5;1250;35;28;11;101700;mq;mq;mq;288.250000;mq;289.750000;mq;mq;mq;mq;mq;10.800000;-10;mq;mq;mq;mq;0.000000;0.000000;mq;0.000000;mq;710.000000;1111.000000;mq;mq;1;8;990;4;6;1500;mq;mq;mq;mq;mq;mq;
07027;20110919180000;102000;100;3;220;4.600000;288.250000;287.150000;93;40000;0;mq;mq;100;mq;450;mq;mq;mq;101200;mq;mq;mq;283.850000;mq;290.850000;mq;mq;mq;mq;mq;7.200000;-10;mq;mq;mq;mq;0.000000;0.000000;mq;0.000000;mq;710.000000;1107.000000;mq;mq;mq;mq;mq;mq;mq;mq;mq;mq;mq;mq;mq;mq;
07037;20110919180000;101980;140;2;250;2.600000;287.550000;284.550000;82;5000;0;mq;mq;mq;mq;1250;mq;mq;mq;100170;mq;mq;mq;282.250000;mq;290.850000;mq;mq;mq;mq;mq;5.700000;-10;mq;mq;mq;mq;0.000000;0.000000;mq;0.000000;mq;710.000000;1106.000000;mq;mq;mq;mq;mq;mq;mq;mq;mq;mq;mq;mq;mq;mq;
07110;20110919180000;102100;60;3;230;4.600000;288.450000;284.850000;79;20000;2;1;1;75;6;1250;35;20;10;100970;mq;mq;mq;285.850000;mq;290.450000;mq;mq;mq;mq;mq;7.700000;-10;mq;mq;mq;mq;0.000000;0.000000;mq;0.000000;mq;710.000000;1108.000000;mq;mq;6;6;1050;mq;mq;mq;mq;mq;mq;mq;mq;mq;
07117;20110919180000;102040;90;3;260;6.700000;288.950000;283.450000;70;20000;2;1;1;90;7;3500;30;26;10;101350;mq;mq;mq;287.050000;mq;290.650000;mq;mq;mq;mq;mq;12.900000;-10;mq;mq;mq;mq;0.000000;0.000000;mq;0.000000;mq;710.000000;1113.000000;2428.000000;mq;mq;mq;mq;mq;mq;mq;mq;mq;mq;mq;mq;mq;
07130;20110919180000;102170;150;3;290;4.100000;288.550000;286.750000;89;9000;0;mq;mq;100;mq;250;mq;mq;mq;101650;mq;mq;mq;285.450000;mq;291.550000;mq;mq;mq;mq;mq;7.200000;-10;mq;mq;mq;mq;0.000000;0.000000;mq;0.000000;mq;710.000000;1107.000000;mq;mq;mq;mq;mq;mq;mq;mq;mq;mq;mq;mq;mq;mq;
07139;20110919180000;102080;80;3;250;2.600000;288.450000;284.250000;76;mq;mq;mq;mq;mq;mq;mq;mq;mq;mq;100370;mq;mq;mq;283.250000;mq;290.650000;mq;mq;mq;mq;mq;4.100000;-10;mq;mq;mq;mq;0.000000;0.000000;mq;0.000000;mq;710.000000;1104.000000;mq;mq;mq;mq;mq;mq;mq;mq;mq;mq;mq;mq;mq;mq;
07149;20110919180000;102000;170;1;280;1.500000;288.550000;283.550000;72;25000;2;1;1;50;4;1250;38;20;10;100930;mq;mq;mq;285.250000;mq;293.050000;mq;mq;mq;mq;mq;4.600000;-10;mq;mq;0.000000;-60;0.000000;0.000000;mq;0.000000;mq;710.000000;1105.000000;3100.000000;mq;1;8;1380;4;6;1800;mq;mq;mq;mq;mq;mq;
07168;20110919180000;102020;160;3;250;2.100000;285.550000;282.750000;83;20000;0;mq;mq;mq;mq;mq;mq;mq;mq;100600;mq;mq;mq;284.550000;mq;291.750000;mq;mq;mq;mq;mq;2.600000;-10;mq;mq;mq;mq;0.000000;0.000000;mq;0.200000;mq;710.000000;1103.000000;mq;mq;mq;mq;mq;mq;mq;mq;mq;mq;mq;mq;mq;mq;
07181;20110919180000;101970;210;3;290;1.500000;284.250000;281.150000;81;60000;0;mq;mq;mq;mq;mq;mq;mq;mq;97890;mq;mq;mq;283.350000;mq;289.550000;mq;mq;mq;mq;mq;4.100000;-10;mq;mq;mq;mq;0.000000;0.000000;mq;0.000000;mq;710.000000;1104.000000;mq;mq;mq;mq;mq;mq;mq;mq;mq;mq;mq;mq;mq;mq;
07190;20110919180000;101900;270;3;210;2.100000;286.350000;284.050000;86;45000;60;mq;mq;mq;mq;1250;mq;mq;mq;100090;mq;mq;mq;283.850000;mq;290.550000;mq;mq;mq;mq;mq;3.600000;-10;mq;mq;mq;mq;0.000000;2.000000;mq;4.000000;mq;710.000000;1104.000000;mq;mq;mq;mq;mq;mq;mq;mq;mq;mq;mq;mq;mq;mq;
07207;20110919180000;mq;mq;mq;300;3.600000;289.550000;286.650000;83;12000;2;1;1;90;2;800;32;23;10;mq;mq;mq;mq;287.050000;mq;291.550000;mq;mq;mq;mq;mq;9.300000;-10;mq;mq;mq;mq;0.000000;0.000000;mq;0.200000;mq;710.000000;1109.000000;2437.000000;mq;mq;mq;mq;mq;mq;mq;mq;mq;mq;mq;mq;mq;
07222;20110919180000;102230;140;3;260;3.100000;289.250000;287.050000;87;25000;2;1;1;90;7;450;38;61;60;101920;mq;mq;mq;284.950000;mq;292.850000;mq;mq;mq;mq;mq;5.700000;-10;mq;mq;mq;mq;0.000000;0.000000;mq;0.000000;mq;710.000000;1106.000000;mq;mq;2;8;540;6;6;1500;mq;mq;mq;mq;mq;mq;
07240;20110919180000;102150;150;3;260;2.100000;290.050000;284.750000;71;40000;2;1;1;90;7;1750;35;61;60;100820;mq;mq;mq;285.050000;mq;292.450000;mq;mq;mq;mq;mq;4.100000;-10;mq;mq;mq;mq;0.000000;0.000000;mq;0.000000;mq;710.000000;1104.000000;mq;mq;7;6;1500;mq;mq;mq;mq;mq;mq;mq;mq;mq;
07255;20110919180000;102140;180;2;290;2.100000;289.950000;283.350000;65;20000;0;mq;mq;mq;mq;1250;mq;mq;mq;100180;mq;mq;mq;285.450000;mq;291.850000;mq;mq;mq;mq;mq;4.600000;-10;mq;mq;mq;mq;0.000000;0.000000;mq;0.000000;mq;710.000000;1105.000000;mq;mq;mq;mq;mq;mq;mq;mq;mq;mq;mq;mq;mq;mq;
07280;20110919180000;102000;250;3;310;4.600000;288.150000;281.350000;64;60000;0;mq;mq;mq;mq;1250;mq;mq;mq;99310;mq;mq;mq;283.750000;mq;291.850000;mq;mq;mq;mq;mq;8.200000;-10;mq;mq;mq;mq;0.000000;0.000000;mq;2.000000;mq;710.000000;1108.000000;mq;mq;mq;mq;mq;mq;mq;mq;mq;mq;mq;mq;mq;mq;
07299;20110919180000;101950;320;3;210;1.000000;285.950000;283.850000;87;20000;1;8;6;90;2;1250;34;23;60;98710;mq;mq;mq;283.350000;mq;288.950000;mq;mq;mq;mq;mq;2.100000;-10;mq;mq;0.000000;-60;0.000000;0.000000;mq;9.000000;mq;710.000000;1102.000000;3100.000000;mq;2;6;1350;6;3;2400;mq;mq;mq;mq;mq;mq;
07314;20110919180000;102360;110;3;330;5.700000;290.250000;287.850000;86;mq;mq;mq;mq;mq;mq;mq;mq;mq;mq;102090;mq;mq;mq;289.950000;mq;291.850000;mq;mq;mq;mq;mq;8.700000;-10;mq;mq;mq;mq;0.000000;0.200000;mq;0.200000;mq;710.000000;1109.000000;mq;mq;mq;mq;mq;mq;mq;mq;mq;mq;mq;mq;mq;mq;
07335;20110919180000;102220;150;2;270;1.500000;290.850000;283.250000;61;60000;0;mq;mq;100;mq;1750;mq;mq;mq;100800;mq;mq;mq;285.650000;mq;292.950000;mq;mq;mq;mq;mq;3.100000;-10;mq;mq;mq;mq;0.000000;0.000000;mq;0.000000;mq;710.000000;1103.000000;mq;mq;mq;mq;mq;mq;mq;mq;mq;mq;mq;mq;mq;mq;
07434;20110919180000;102270;130;2;300;1.000000;286.950000;282.350000;74;19000;0;mq;mq;mq;mq;1750;mq;mq;mq;97520;mq;mq;mq;283.050000;mq;289.550000;mq;mq;mq;mq;mq;4.100000;-10;mq;mq;mq;mq;0.000000;0.000000;mq;0.000000;mq;710.000000;1104.000000;mq;mq;mq;mq;mq;mq;mq;mq;mq;mq;mq;mq;mq;mq;
07460;20110919180000;102150;200;3;310;3.100000;287.950000;281.450000;65;30000;2;1;1;50;4;1250;38;20;10;98310;mq;mq;mq;285.150000;mq;291.150000;mq;mq;mq;mq;mq;8.200000;-10;mq;mq;0.000000;-60;0.000000;0.000000;mq;0.800000;mq;710.000000;1108.000000;3100.000000;mq;1;8;1080;4;6;1800;mq;mq;mq;mq;mq;mq;
07471;20110919180000;mq;200;3;320;5.100000;283.350000;279.150000;75;20000;0;mq;mq;mq;mq;mq;mq;mq;mq;92490;85000;17970;mq;281.050000;mq;287.050000;mq;mq;mq;mq;mq;8.700000;-10;mq;mq;mq;mq;0.000000;0.000000;mq;0.800000;mq;710.000000;1109.000000;mq;mq;mq;mq;mq;mq;mq;mq;mq;mq;mq;mq;mq;mq;
07481;20110919180000;102030;250;3;0;0.000000;286.850000;282.650000;76;40000;1;8;6;75;5;1250;35;20;12;99180;mq;mq;mq;284.050000;mq;289.750000;mq;mq;mq;mq;mq;5.700000;-10;mq;mq;0.000000;-60;0.000000;0.000000;mq;10.000000;mq;710.000000;1106.000000;3100.000000;mq;2;6;1200;5;6;1800;mq;mq;mq;mq;mq;mq;
07510;20110919180000;102390;150;2;300;2.600000;290.150000;284.650000;70;30000;2;1;1;10;1;1250;31;20;10;101750;mq;mq;mq;286.550000;mq;293.550000;mq;mq;mq;mq;mq;6.700000;-10;mq;mq;0.000000;-60;0.000000;0.000000;mq;0.800000;mq;710.000000;1107.000000;3100.000000;mq;1;8;990;mq;mq;mq;mq;mq;mq;mq;mq;mq;
07535;20110919180000;102280;160;3;270;1.500000;289.250000;282.850000;66;mq;mq;mq;mq;mq;mq;mq;mq;mq;mq;99200;mq;mq;mq;284.650000;mq;293.450000;mq;mq;mq;mq;mq;6.200000;-10;mq;mq;mq;mq;0.000000;0.000000;mq;0.000000;mq;710.000000;1106.000000;mq;mq;mq;mq;mq;mq;mq;mq;mq;mq;mq;mq;mq;mq;
07558;20110919180000;102100;200;2;320;7.200000;285.050000;280.350000;73;mq;mq;mq;mq;mq;mq;mq;mq;mq;mq;93810;mq;mq;mq;281.850000;mq;288.550000;mq;mq;mq;mq;mq;15.400000;-10;mq;mq;mq;mq;0.000000;0.000000;mq;0.000000;mq;710.000000;1115.000000;mq;mq;mq;mq;mq;mq;mq;mq;mq;mq;mq;mq;mq;mq;
07577;20110919180000;101890;210;3;30;5.100000;288.450000;284.050000;75;20000;0;mq;mq;mq;mq;mq;mq;mq;mq;101010;mq;mq;mq;284.650000;mq;291.450000;mq;mq;mq;mq;mq;8.700000;-10;mq;mq;mq;mq;0.000000;0.000000;mq;0.200000;mq;710.000000;1109.000000;mq;mq;mq;mq;mq;mq;mq;mq;mq;mq;mq;mq;mq;mq;
07591;20110919180000;mq;240;3;220;1.500000;284.050000;277.550000;64;mq;0;mq;mq;mq;mq;mq;mq;mq;mq;91340;mq;mq;mq;275.650000;mq;289.750000;mq;mq;mq;mq;mq;6.200000;-10;mq;mq;mq;mq;0.000000;0.000000;mq;0.000000;mq;710.000000;1106.000000;mq;mq;mq;mq;mq;mq;mq;mq;mq;mq;mq;mq;mq;mq;
07607;20110919180000;102450;120;3;300;3.100000;290.050000;283.850000;67;60000;0;mq;mq;100;mq;mq;mq;mq;mq;101740;mq;mq;mq;286.650000;mq;294.550000;mq;mq;mq;mq;mq;8.200000;-10;mq;mq;mq;mq;0.000000;0.000000;mq;0.000000;mq;710.000000;1108.000000;mq;mq;mq;mq;mq;mq;mq;mq;mq;mq;mq;mq;mq;mq;
07621;20110919180000;102460;120;1;290;3.600000;288.150000;283.750000;75;60000;2;1;1;10;1;1750;35;20;10;98170;mq;mq;mq;284.850000;mq;291.750000;mq;mq;mq;mq;mq;5.100000;-10;mq;mq;0.000000;-60;0.000000;0.000000;mq;0.600000;mq;710.000000;1105.000000;3100.000000;mq;1;6;1500;mq;mq;mq;mq;mq;mq;mq;mq;mq;
07627;20110919180000;102390;90;3;300;2.100000;288.250000;282.850000;70;mq;mq;mq;mq;mq;mq;mq;mq;mq;mq;97570;mq;mq;mq;284.250000;mq;290.650000;mq;mq;mq;mq;mq;6.200000;-10;mq;mq;mq;mq;0.000000;0.000000;mq;1.000000;mq;710.000000;1106.000000;mq;mq;mq;mq;mq;mq;mq;mq;mq;mq;mq;mq;mq;mq;
07630;20110919180000;102360;110;2;310;3.100000;289.950000;285.050000;73;25000;3;8;6;90;7;800;38;20;10;100580;mq;mq;mq;286.050000;mq;291.450000;mq;mq;mq;mq;mq;5.700000;-10;mq;mq;0.000000;-60;0.000000;0.000000;mq;3.000000;mq;710.000000;1106.000000;3100.000000;mq;1;8;780;4;6;1800;7;6;2100;mq;mq;mq;
07643;20110919180000;101800;160;3;310;7.700000;293.150000;278.750000;39;60000;2;1;1;10;1;1750;35;20;10;101710;mq;mq;mq;287.350000;mq;296.550000;mq;mq;mq;mq;mq;13.900000;-10;mq;mq;mq;mq;0.000000;0.000000;mq;0.000000;mq;710.000000;1114.000000;mq;mq;1;6;1500;mq;mq;mq;mq;mq;mq;mq;mq;mq;
07650;20110919180000;101470;110;1;330;15.400000;291.550000;280.650000;49;75000;2;1;1;10;1;1750;35;20;10;101090;mq;mq;mq;286.950000;mq;295.550000;mq;mq;mq;mq;22.100000;22.600000;-10;mq;mq;0.000000;-60;0.000000;0.000000;mq;0.000000;mq;1022.000000;710.000000;1123.000000;3100.000000;1;6;1500;mq;mq;mq;mq;mq;mq;mq;mq;mq;
07661;20110919180000;100970;130;3;360;20.100000;291.350000;278.250000;42;25000;2;1;1;25;2;450;32;20;10;99400;mq;mq;mq;287.850000;mq;294.350000;mq;mq;mq;mq;27.300000;30.400000;-10;mq;mq;mq;mq;0.000000;0.000000;mq;0.000000;mq;1027.000000;710.000000;1130.000000;mq;2;8;480;mq;mq;mq;mq;mq;mq;mq;mq;mq;
07690;20110919180000;100660;300;3;80;8.700000;296.050000;284.750000;49;50000;2;1;1;10;1;1250;31;20;10;100340;mq;mq;mq;289.250000;mq;301.050000;mq;mq;mq;mq;mq;11.800000;-10;mq;mq;0.000000;-60;0.000000;0.000000;mq;0.000000;mq;710.000000;1112.000000;3100.000000;mq;1;8;990;mq;mq;mq;mq;mq;mq;mq;mq;mq;
07747;20110919180000;102070;130;3;320;7.200000;291.250000;283.350000;60;60000;0;mq;mq;mq;mq;1250;mq;mq;mq;101550;mq;mq;mq;289.050000;mq;293.650000;mq;mq;mq;mq;mq;19.500000;-10;mq;mq;mq;mq;0.000000;0.000000;mq;0.200000;mq;710.000000;1120.000000;mq;mq;mq;mq;mq;mq;mq;mq;mq;mq;mq;mq;mq;mq;
07761;20110919180000;100910;30;3;290;7.700000;293.850000;283.650000;52;15000;1;8;6;50;4;800;32;20;10;100810;mq;mq;mq;290.550000;mq;294.950000;mq;mq;mq;mq;mq;11.800000;-10;mq;mq;0.000000;-60;0.000000;0.000000;mq;2.000000;mq;710.000000;1112.000000;3100.000000;mq;3;8;900;mq;mq;mq;mq;mq;mq;mq;mq;mq;
07790;20110919180000;100650;130;1;30;1.000000;292.950000;282.250000;50;30000;2;1;1;60;4;800;39;26;13;100510;mq;mq;mq;292.250000;mq;298.250000;mq;mq;mq;mq;mq;5.100000;-10;mq;mq;0.000000;-60;0.000000;0.000000;mq;0.000000;mq;710.000000;1105.000000;3100.000000;mq;1;9;780;3;6;1200;5;3;3600;mq;mq;mq;
61968;20110919180000;101770;mq;mq;100;4.100000;298.850000;294.050000;75;mq;mq;mq;mq;mq;mq;mq;mq;mq;mq;mq;mq;mq;90;mq;mq;303.050000;mq;mq;mq;mq;mq;8.200000;-10;mq;mq;mq;mq;0.000000;mq;mq;0.000000;mq;710.000000;1108.000000;mq;mq;mq;mq;mq;mq;mq;mq;mq;mq;mq;mq;mq;mq;
61970;20110919180000;101740;mq;mq;mq;mq;297.950000;294.250000;80;mq;mq;mq;mq;mq;mq;mq;mq;mq;mq;mq;mq;mq;mq;mq;mq;302.350000;mq;mq;mq;mq;mq;mq;mq;mq;mq;mq;mq;0.000000;mq;mq;0.000000;mq;mq;mq;mq;mq;mq;mq;mq;mq;mq;mq;mq;mq;mq;mq;mq;mq;
61972;20110919180000;101620;mq;mq;10;2.100000;296.950000;294.850000;88;mq;mq;mq;mq;mq;mq;mq;mq;mq;mq;mq;mq;mq;mq;mq;mq;298.850000;mq;mq;mq;mq;mq;4.600000;-10;mq;mq;mq;mq;0.000000;mq;mq;0.000000;mq;710.000000;1105.000000;mq;mq;mq;mq;mq;mq;mq;mq;mq;mq;mq;mq;mq;mq;
61976;20110919180000;102040;mq;mq;120;9.300000;297.350000;293.850000;81;mq;mq;mq;mq;mq;mq;mq;mq;mq;mq;101890;mq;mq;130;mq;mq;mq;mq;mq;mq;mq;mq;mq;mq;mq;mq;mq;mq;mq;mq;mq;mq;mq;mq;mq;mq;mq;mq;mq;mq;mq;mq;mq;mq;mq;mq;mq;mq;mq;
61980;20110919180000;102320;mq;mq;110;5.100000;293.750000;289.150000;75;12000;2;1;1;10;1;1750;35;20;10;mq;mq;mq;110;mq;mq;299.150000;mq;mq;mq;mq;mq;8.700000;-10;mq;mq;mq;mq;0.000000;mq;mq;0.000000;mq;710.000000;1109.000000;mq;mq;1;6;1500;mq;mq;mq;mq;mq;mq;mq;mq;mq;
61996;20110919180000;102040;mq;mq;250;11.800000;284.650000;229.950000;mq;mq;mq;mq;mq;mq;mq;mq;mq;mq;mq;mq;mq;mq;1780;mq;mq;288.150000;mq;mq;mq;mq;mq;20.600000;-10;mq;mq;mq;mq;0.000000;mq;mq;0.200000;mq;710.000000;1121.000000;mq;mq;mq;mq;mq;mq;mq;mq;mq;mq;mq;mq;mq;mq;
61998;20110919180000;100540;mq;mq;40;9.300000;270.950000;269.650000;90;mq;mq;mq;mq;mq;mq;mq;mq;mq;mq;mq;mq;mq;2610;mq;mq;271.550000;mq;mq;mq;mq;mq;12.300000;-10;mq;mq;mq;mq;0.000000;mq;mq;0.400000;mq;710.000000;1112.000000;mq;mq;mq;mq;mq;mq;mq;mq;mq;mq;mq;mq;mq;mq;
67005;20110919180000;101800;mq;mq;20;1.500000;295.950000;293.650000;87;mq;0;mq;mq;mq;mq;mq;mq;mq;mq;mq;mq;mq;110;mq;mq;299.950000;mq;mq;mq;mq;mq;2.100000;-10;mq;mq;mq;mq;0.000000;mq;mq;0.000000;mq;710.000000;1102.000000;mq;mq;mq;mq;mq;mq;mq;mq;mq;mq;mq;mq;mq;mq;
71805;20110919180000;102710;-210;7;180;2.100000;286.650000;282.850000;78;20000;2;1;1;100;1;800;31;27;60;102620;mq;mq;mq;mq;282.150000;287.850000;mq;mq;mq;mq;mq;2.600000;-10;mq;mq;0.000000;-60;0.000000;0.000000;mq;0.000000;mq;710.000000;1103.000000;3100.000000;mq;1;6;600;8;4;3300;mq;mq;mq;mq;mq;mq;
78897;20110919180000;101240;-190;8;50;4.600000;299.750000;296.850000;84;15000;25;8;6;75;5;450;38;20;10;mq;mq;mq;mq;mq;297.650000;300.950000;mq;mq;mq;mq;mq;mq;mq;mq;mq;mq;mq;mq;mq;9.000000;mq;21.200000;mq;mq;mq;mq;4;8;540;3;6;1200;mq;mq;mq;mq;mq;mq;
78922;20110919180000;101190;-200;8;160;2.600000;302.950000;296.850000;70;mq;mq;mq;mq;mq;mq;mq;mq;mq;mq;100750;mq;mq;mq;mq;mq;mq;mq;mq;mq;mq;mq;mq;mq;mq;mq;mq;mq;mq;mq;mq;mq;mq;mq;mq;mq;mq;mq;mq;mq;mq;mq;mq;mq;mq;mq;mq;mq;mq;
78925;20110919180000;101170;-170;8;210;0.500000;300.450000;298.450000;89;20000;25;8;6;90;5;450;38;20;12;mq;mq;mq;mq;mq;296.450000;302.850000;mq;mq;mq;mq;mq;mq;mq;mq;mq;mq;mq;mq;mq;9.000000;mq;mq;mq;mq;mq;mq;1;8;540;3;8;780;mq;mq;mq;mq;mq;mq;
81401;20110919180000;100880;mq;mq;330;1.000000;306.650000;295.150000;51;mq;mq;mq;mq;mq;mq;mq;mq;mq;mq;100820;mq;mq;mq;mq;mq;mq;mq;mq;mq;mq;mq;mq;mq;mq;mq;mq;mq;mq;0.000000;0.000000;mq;mq;mq;mq;mq;mq;mq;mq;mq;mq;mq;mq;mq;mq;mq;mq;mq;mq;
81405;20110919180000;100980;mq;mq;140;2.100000;302.350000;298.550000;80;50000;0;mq;mq;100;mq;mq;mq;mq;mq;100890;mq;mq;mq;mq;mq;mq;mq;mq;mq;mq;mq;mq;mq;mq;mq;mq;mq;mq;0.600000;0.600000;mq;mq;mq;mq;mq;mq;mq;mq;mq;mq;mq;mq;mq;mq;mq;mq;mq;mq;
81408;20110919180000;100900;mq;mq;20;3.100000;304.950000;297.050000;63;mq;mq;mq;mq;mq;mq;mq;mq;mq;mq;100820;mq;mq;mq;mq;mq;mq;mq;mq;mq;mq;mq;mq;mq;mq;mq;mq;mq;mq;0.000000;0.000000;mq;mq;mq;mq;mq;mq;mq;mq;mq;mq;mq;mq;mq;mq;mq;mq;mq;mq;
89642;20110919180000;98200;-30;7;80;4.600000;256.950000;252.950000;68;mq;mq;mq;mq;mq;mq;mq;mq;mq;mq;97640;mq;mq;mq;mq;mq;mq;mq;mq;mq;mq;mq;26.800000;-60;mq;mq;mq;mq;mq;mq;mq;mq;mq;1127.000000;mq;mq;mq;mq;mq;mq;mq;mq;mq;mq;mq;mq;mq;mq;mq;
07005;20110919210000;101970;80;3;200;2.600000;286.950000;284.950000;88;mq;mq;mq;mq;mq;mq;mq;mq;mq;mq;101080;mq;mq;mq;mq;mq;mq;mq;mq;mq;mq;mq;3.600000;-10;mq;mq;mq;mq;0.000000;0.000000;mq;mq;mq;710.000000;1104.000000;mq;mq;mq;mq;mq;mq;mq;mq;mq;mq;mq;mq;mq;mq;
07015;20110919210000;101930;110;3;210;3.100000;285.650000;283.750000;88;30000;2;1;1;10;1;450;35;20;10;101360;mq;mq;mq;mq;mq;mq;mq;mq;mq;mq;mq;4.600000;-10;mq;mq;0.000000;-30;0.000000;0.000000;mq;mq;mq;710.000000;1105.000000;3100.000000;mq;1;6;510;mq;mq;mq;mq;mq;mq;mq;mq;mq;
07020;20110919210000;102100;140;1;250;9.800000;289.350000;286.250000;82;14000;2;1;1;100;8;1250;35;61;60;101840;mq;mq;mq;mq;mq;mq;mq;mq;mq;mq;mq;12.900000;-10;mq;mq;mq;mq;0.000000;0.000000;mq;mq;mq;710.000000;1113.000000;mq;mq;8;6;990;mq;mq;mq;mq;mq;mq;mq;mq;mq;
07027;20110919210000;102120;120;1;230;4.600000;288.250000;286.750000;91;25000;0;mq;mq;100;mq;450;mq;mq;mq;101320;mq;mq;mq;mq;mq;mq;mq;mq;mq;mq;mq;6.700000;-10;mq;mq;mq;mq;0.000000;0.000000;mq;mq;mq;710.000000;1107.000000;mq;mq;mq;mq;mq;mq;mq;mq;mq;mq;mq;mq;mq;mq;
07037;20110919210000;102090;100;2;220;4.100000;286.950000;285.550000;91;17000;0;mq;mq;100;mq;450;mq;mq;mq;100270;mq;mq;mq;mq;mq;mq;mq;mq;mq;mq;mq;6.700000;-10;mq;mq;mq;mq;0.000000;0.000000;mq;mq;mq;710.000000;1107.000000;mq;mq;mq;mq;mq;mq;mq;mq;mq;mq;mq;mq;mq;mq;
07110;20110919210000;102220;110;1;230;5.100000;288.150000;286.150000;88;20000;2;1;1;100;8;450;35;61;60;101080;mq;mq;mq;mq;mq;mq;mq;mq;mq;mq;mq;7.700000;-10;mq;mq;mq;mq;0.000000;0.000000;mq;mq;mq;710.000000;1108.000000;mq;mq;2;6;360;4;6;600;7;6;990;mq;mq;mq;
07117;20110919210000;102180;130;1;240;5.100000;288.350000;284.750000;79;10000;51;2;2;100;8;450;37;22;60;101480;mq;mq;mq;mq;mq;mq;mq;mq;mq;mq;mq;8.200000;-10;mq;mq;mq;mq;0.000000;0.000000;mq;mq;mq;710.000000;1108.000000;2437.000000;mq;mq;mq;mq;mq;mq;mq;mq;mq;mq;mq;mq;mq;
07130;20110919210000;102280;110;1;210;1.500000;287.850000;287.250000;96;19000;0;mq;mq;100;mq;800;mq;mq;mq;101760;mq;mq;mq;mq;mq;mq;mq;mq;mq;mq;mq;2.600000;-10;mq;mq;mq;mq;0.000000;0.000000;mq;mq;mq;710.000000;1103.000000;mq;mq;mq;mq;mq;mq;mq;mq;mq;mq;mq;mq;mq;mq;
07139;20110919210000;102210;120;1;250;2.600000;287.750000;285.250000;85;mq;mq;mq;mq;mq;mq;mq;mq;mq;mq;100490;mq;mq;mq;mq;mq;mq;mq;mq;mq;mq;mq;6.700000;-10;mq;mq;mq;mq;0.000000;0.000000;mq;mq;mq;710.000000;1107.000000;mq;mq;mq;mq;mq;mq;mq;mq;mq;mq;mq;mq;mq;mq;
07149;20110919210000;102160;140;1;260;2.600000;285.650000;283.550000;87;25000;2;1;1;10;1;1750;35;20;10;101070;mq;mq;mq;mq;mq;mq;mq;mq;mq;mq;mq;3.100000;-10;mq;mq;0.000000;-30;0.000000;0.000000;mq;mq;mq;710.000000;1103.000000;3100.000000;mq;1;6;1800;mq;mq;mq;mq;mq;mq;mq;mq;mq;
07168;20110919210000;102240;220;1;330;1.000000;286.350000;282.750000;79;20000;0;mq;mq;mq;mq;mq;mq;mq;mq;100820;mq;mq;mq;mq;mq;mq;mq;mq;mq;mq;mq;4.600000;-10;mq;mq;mq;mq;0.000000;0.000000;mq;mq;mq;710.000000;1105.000000;mq;mq;mq;mq;mq;mq;mq;mq;mq;mq;mq;mq;mq;mq;
07181;20110919210000;102270;270;1;190;2.600000;283.050000;281.150000;88;60000;0;mq;mq;mq;mq;2250;mq;mq;mq;98160;mq;mq;mq;mq;mq;mq;mq;mq;mq;mq;mq;3.100000;-10;mq;mq;mq;mq;0.000000;0.000000;mq;mq;mq;710.000000;1103.000000;mq;mq;mq;mq;mq;mq;mq;mq;mq;mq;mq;mq;mq;mq;
07190;20110919210000;102180;260;1;210;1.000000;283.650000;282.750000;94;10000;0;mq;mq;90;mq;1250;mq;mq;mq;100350;mq;mq;mq;mq;mq;mq;mq;mq;mq;mq;mq;1.500000;-10;mq;mq;mq;mq;0.000000;0.000000;mq;mq;mq;710.000000;1102.000000;mq;mq;mq;mq;mq;mq;mq;mq;mq;mq;mq;mq;mq;mq;
07207;20110919210000;mq;mq;mq;290;4.100000;289.550000;286.250000;81;12000;2;1;1;90;2;800;32;23;10;mq;mq;mq;mq;mq;mq;mq;mq;mq;mq;mq;mq;6.700000;-10;mq;mq;mq;mq;0.000000;0.000000;mq;mq;mq;710.000000;1107.000000;2437.000000;mq;mq;mq;mq;mq;mq;mq;mq;mq;mq;mq;mq;mq;
07222;20110919210000;102330;100;2;260;1.500000;288.950000;286.950000;88;25000;2;1;1;90;7;1250;35;61;60;102020;mq;mq;mq;mq;mq;mq;mq;mq;mq;mq;mq;3.600000;-10;mq;mq;mq;mq;0.000000;0.000000;mq;mq;mq;710.000000;1104.000000;mq;mq;7;6;1320;mq;mq;mq;mq;mq;mq;mq;mq;mq;
07240;20110919210000;102290;130;1;230;0.500000;287.650000;284.050000;79;40000;2;1;1;90;2;3500;30;27;11;100950;mq;mq;mq;mq;mq;mq;mq;mq;mq;mq;mq;2.100000;-10;mq;mq;0.000000;-30;0.000000;0.000000;mq;mq;mq;710.000000;1102.000000;3100.000000;mq;2;3;2400;7;0;7800;mq;mq;mq;mq;mq;mq;
07255;20110919210000;102350;180;1;250;1.000000;286.650000;283.650000;82;20000;0;mq;mq;mq;mq;mq;mq;mq;mq;100360;mq;mq;mq;mq;mq;mq;mq;mq;mq;mq;mq;2.100000;-10;mq;mq;mq;mq;0.000000;0.000000;mq;mq;mq;710.000000;1102.000000;mq;mq;mq;mq;mq;mq;mq;mq;mq;mq;mq;mq;mq;mq;
07280;20110919210000;102310;280;1;360;1.500000;285.550000;282.150000;80;60000;0;mq;mq;100;mq;2250;mq;mq;mq;99590;mq;mq;mq;mq;mq;mq;mq;mq;mq;mq;mq;2.600000;-10;mq;mq;mq;mq;0.000000;0.000000;mq;mq;mq;710.000000;1103.000000;mq;mq;mq;mq;mq;mq;mq;mq;mq;mq;mq;mq;mq;mq;
07299;20110919210000;102220;230;1;0;0.000000;283.450000;282.650000;95;25000;2;1;1;75;2;1750;35;23;10;98940;mq;mq;mq;mq;mq;mq;mq;mq;mq;mq;mq;2.600000;-10;mq;mq;0.000000;-30;0.000000;0.000000;mq;mq;mq;710.000000;1103.000000;3100.000000;mq;1;6;1500;6;3;2400;mq;mq;mq;mq;mq;mq;
07314;20110919210000;102460;100;1;310;5.100000;290.750000;287.850000;83;mq;mq;mq;mq;mq;mq;mq;mq;mq;mq;102190;mq;mq;mq;mq;mq;mq;mq;mq;mq;mq;mq;8.200000;-10;mq;mq;mq;mq;0.000000;0.200000;mq;mq;mq;710.000000;1108.000000;mq;mq;mq;mq;mq;mq;mq;mq;mq;mq;mq;mq;mq;mq;
07335;20110919210000;102360;120;1;270;2.100000;287.750000;284.350000;80;60000;0;mq;mq;mq;mq;mq;mq;mq;mq;100920;mq;mq;mq;mq;mq;mq;mq;mq;mq;mq;mq;3.100000;-10;mq;mq;mq;mq;0.000000;0.000000;mq;mq;mq;710.000000;1103.000000;mq;mq;mq;mq;mq;mq;mq;mq;mq;mq;mq;mq;mq;mq;
07434;20110919210000;102440;140;1;280;1.500000;285.150000;283.050000;87;50000;0;mq;mq;mq;mq;1250;mq;mq;mq;97660;mq;mq;mq;mq;mq;mq;mq;mq;mq;mq;mq;3.100000;-10;mq;mq;mq;mq;0.000000;0.000000;mq;mq;mq;710.000000;1103.000000;mq;mq;mq;mq;mq;mq;mq;mq;mq;mq;mq;mq;mq;mq;
07460;20110919210000;102340;180;1;360;1.000000;287.750000;281.950000;68;30000;2;1;1;60;5;1250;38;20;10;98490;mq;mq;mq;mq;mq;mq;mq;mq;mq;mq;mq;4.600000;-10;mq;mq;0.000000;-30;0.000000;0.000000;mq;mq;mq;710.000000;1105.000000;3100.000000;mq;1;8;1080;5;6;2100;mq;mq;mq;mq;mq;mq;
07471;20110919210000;mq;180;1;310;5.100000;282.250000;279.650000;84;20000;0;mq;mq;mq;mq;mq;mq;mq;mq;92670;85000;18120;mq;mq;mq;mq;mq;mq;mq;mq;mq;8.200000;-10;mq;mq;mq;mq;0.000000;0.000000;mq;mq;mq;710.000000;1108.000000;mq;mq;mq;mq;mq;mq;mq;mq;mq;mq;mq;mq;mq;mq;
07481;20110919210000;102280;230;1;20;2.100000;285.850000;283.550000;86;30000;2;1;1;60;1;1750;35;23;10;99410;mq;mq;mq;mq;mq;mq;mq;mq;mq;mq;mq;7.700000;-10;mq;mq;0.000000;-30;0.000000;0.000000;mq;mq;mq;710.000000;1108.000000;3100.000000;mq;1;6;1500;5;3;2400;mq;mq;mq;mq;mq;mq;
07510;20110919210000;102500;100;1;240;1.500000;286.950000;284.950000;88;30000;2;1;1;25;2;1750;35;20;10;101850;mq;mq;mq;mq;mq;mq;mq;mq;mq;mq;mq;2.600000;-10;mq;mq;0.000000;-30;0.000000;0.000000;mq;mq;mq;710.000000;1103.000000;3100.000000;mq;2;6;1500;mq;mq;mq;mq;mq;mq;mq;mq;mq;
07535;20110919210000;102480;160;1;0;0.000000;285.550000;284.150000;91;mq;mq;mq;mq;mq;mq;mq;mq;mq;mq;99360;mq;mq;mq;mq;mq;mq;mq;mq;mq;mq;mq;2.100000;-10;mq;mq;mq;mq;0.000000;0.000000;mq;mq;mq;710.000000;1102.000000;mq;mq;mq;mq;mq;mq;mq;mq;mq;mq;mq;mq;mq;mq;
07558;20110919210000;102300;150;1;330;8.700000;283.850000;280.550000;80;mq;mq;mq;mq;mq;mq;mq;mq;mq;mq;93960;mq;mq;mq;mq;mq;mq;mq;mq;mq;mq;mq;11.800000;-10;mq;mq;mq;mq;0.000000;0.000000;mq;mq;mq;710.000000;1112.000000;mq;mq;mq;mq;mq;mq;mq;mq;mq;mq;mq;mq;mq;mq;
07577;20110919210000;102100;200;1;30;3.600000;286.750000;282.550000;76;20000;0;mq;mq;mq;mq;mq;mq;mq;mq;101210;mq;mq;mq;mq;mq;mq;mq;mq;mq;mq;mq;9.800000;-10;mq;mq;mq;mq;0.000000;0.000000;mq;mq;mq;710.000000;1110.000000;mq;mq;mq;mq;mq;mq;mq;mq;mq;mq;mq;mq;mq;mq;
07591;20110919210000;mq;230;1;10;1.000000;281.150000;276.750000;74;mq;0;mq;mq;mq;mq;mq;mq;mq;mq;91570;mq;mq;mq;mq;mq;mq;mq;mq;mq;mq;mq;3.100000;-10;mq;mq;mq;mq;0.000000;0.000000;mq;mq;mq;710.000000;1103.000000;mq;mq;mq;mq;mq;mq;mq;mq;mq;mq;mq;mq;mq;mq;
07607;20110919210000;102550;90;1;250;0.500000;285.750000;283.250000;85;60000;0;mq;mq;90;mq;mq;mq;mq;mq;101830;mq;mq;mq;mq;mq;mq;mq;mq;mq;mq;mq;1.000000;-10;mq;mq;mq;mq;0.000000;0.000000;mq;mq;mq;710.000000;1101.000000;mq;mq;mq;mq;mq;mq;mq;mq;mq;mq;mq;mq;mq;mq;
07621;20110919210000;102630;110;1;210;1.500000;284.250000;282.850000;91;20000;2;1;1;10;1;1750;35;20;10;98280;mq;mq;mq;mq;mq;mq;mq;mq;mq;mq;mq;2.600000;-10;mq;mq;0.000000;-30;0.000000;0.000000;mq;mq;mq;710.000000;1103.000000;3100.000000;mq;1;6;1500;mq;mq;mq;mq;mq;mq;mq;mq;mq;
07627;20110919210000;102570;150;1;170;1.000000;286.750000;283.150000;79;mq;mq;mq;mq;mq;mq;mq;mq;mq;mq;97720;mq;mq;mq;mq;mq;mq;mq;mq;mq;mq;mq;4.100000;-10;mq;mq;mq;mq;0.000000;0.000000;mq;mq;mq;710.000000;1104.000000;mq;mq;mq;mq;mq;mq;mq;mq;mq;mq;mq;mq;mq;mq;
07630;20110919210000;102490;120;1;280;3.600000;288.750000;285.350000;80;25000;2;1;1;50;4;2250;35;20;10;100700;mq;mq;mq;mq;mq;mq;mq;mq;mq;mq;mq;5.100000;-10;mq;mq;0.000000;-30;0.000000;0.000000;mq;mq;mq;710.000000;1105.000000;3100.000000;mq;4;6;2100;mq;mq;mq;mq;mq;mq;mq;mq;mq;
07643;20110919210000;102080;270;1;290;4.600000;290.650000;280.150000;50;60000;2;1;1;0;mq;mq;mq;mq;mq;101980;mq;mq;mq;mq;mq;mq;mq;mq;mq;mq;mq;8.200000;-10;mq;mq;mq;mq;0.000000;0.000000;mq;mq;mq;710.000000;1108.000000;mq;mq;mq;mq;mq;mq;mq;mq;mq;mq;mq;mq;mq;mq;
07650;20110919210000;101740;270;3;350;8.200000;290.250000;282.150000;59;75000;2;1;1;0;mq;mq;mq;mq;mq;101360;mq;mq;mq;mq;mq;mq;mq;mq;mq;mq;14.900000;25.700000;-10;mq;mq;0.000000;-30;0.000000;0.000000;mq;mq;mq;1015.000000;710.000000;1126.000000;3100.000000;mq;mq;mq;mq;mq;mq;mq;mq;mq;mq;mq;mq;
07661;20110919210000;101080;110;0;10;16.500000;290.850000;277.050000;40;mq;mq;mq;mq;mq;mq;mq;mq;mq;mq;99510;mq;mq;mq;mq;mq;mq;mq;mq;mq;mq;24.200000;29.800000;-10;mq;mq;mq;mq;0.000000;0.000000;mq;mq;mq;1024.000000;710.000000;1130.000000;mq;mq;mq;mq;mq;mq;mq;mq;mq;mq;mq;mq;mq;
07690;20110919210000;101030;360;1;310;3.100000;292.250000;282.950000;55;50000;2;1;1;0;mq;mq;mq;mq;mq;100700;mq;mq;mq;mq;mq;mq;mq;mq;mq;mq;mq;5.100000;-10;mq;mq;0.000000;-30;0.000000;0.000000;mq;mq;mq;710.000000;1105.000000;3100.000000;mq;mq;mq;mq;mq;mq;mq;mq;mq;mq;mq;mq;mq;
07747;20110919210000;102240;170;3;330;5.100000;291.450000;283.550000;60;60000;0;mq;mq;mq;mq;1250;mq;mq;mq;101720;mq;mq;mq;mq;mq;mq;mq;mq;mq;mq;mq;15.400000;-10;mq;mq;mq;mq;0.000000;0.000000;mq;mq;mq;710.000000;1115.000000;mq;mq;mq;mq;mq;mq;mq;mq;mq;mq;mq;mq;mq;mq;
07761;20110919210000;101010;90;1;60;3.600000;288.650000;284.650000;77;15000;2;1;1;10;1;1750;35;20;10;100900;mq;mq;mq;mq;mq;mq;mq;mq;mq;mq;mq;5.100000;-10;mq;mq;0.000000;-30;0.000000;0.000000;mq;mq;mq;710.000000;1105.000000;3100.000000;mq;1;6;1500;mq;mq;mq;mq;mq;mq;mq;mq;mq;
07790;20110919210000;100840;190;0;250;2.600000;289.250000;283.150000;67;30000;17;9;8;60;3;800;39;26;60;100700;mq;mq;mq;mq;mq;mq;mq;mq;mq;mq;mq;8.700000;-10;mq;mq;0.000000;-30;2.000000;2.000000;mq;mq;mq;710.000000;1109.000000;3100.000000;mq;3;9;780;3;3;3000;mq;mq;mq;mq;mq;mq;
61968;20110919210000;101720;mq;mq;0;0.000000;298.250000;294.350000;79;mq;mq;mq;mq;mq;mq;mq;mq;mq;mq;mq;mq;mq;80;mq;mq;mq;mq;mq;mq;mq;mq;8.700000;-10;mq;mq;mq;mq;0.000000;0.000000;mq;mq;mq;710.000000;1109.000000;mq;mq;mq;mq;mq;mq;mq;mq;mq;mq;mq;mq;mq;mq;
61970;20110919210000;101840;mq;mq;mq;mq;297.250000;294.750000;86;mq;mq;mq;mq;mq;mq;mq;mq;mq;mq;mq;mq;mq;90;mq;mq;mq;mq;mq;mq;mq;mq;mq;mq;mq;mq;mq;mq;0.000000;0.000000;mq;mq;mq;mq;mq;mq;mq;mq;mq;mq;mq;mq;mq;mq;mq;mq;mq;mq;mq;
61972;20110919210000;101720;mq;mq;10;1.500000;296.850000;295.650000;93;mq;mq;mq;mq;mq;mq;mq;mq;mq;mq;mq;mq;mq;mq;mq;mq;mq;mq;mq;mq;mq;mq;4.100000;-10;mq;mq;mq;mq;0.000000;0.000000;mq;mq;mq;710.000000;1104.000000;mq;mq;mq;mq;mq;mq;mq;mq;mq;mq;mq;mq;mq;mq;
61980;20110919210000;102250;mq;mq;130;3.600000;292.650000;286.350000;67;60000;0;mq;mq;mq;mq;mq;mq;mq;mq;mq;mq;mq;80;mq;mq;mq;mq;mq;mq;mq;mq;6.700000;-10;mq;mq;mq;mq;0.000000;0.000000;mq;mq;mq;710.000000;1107.000000;mq;mq;mq;mq;mq;mq;mq;mq;mq;mq;mq;mq;mq;mq;
61997;20110919210000;98530;mq;mq;270;18.000000;276.150000;272.150000;75;mq;mq;mq;mq;mq;mq;mq;mq;mq;mq;mq;mq;mq;mq;mq;mq;mq;mq;mq;mq;mq;mq;27.300000;-30;mq;mq;mq;mq;mq;0.800000;mq;mq;mq;1127.000000;mq;mq;mq;mq;mq;mq;mq;mq;mq;mq;mq;mq;mq;mq;mq;
67005;20110919210000;101800;mq;mq;360;1.000000;295.150000;293.750000;92;mq;0;mq;mq;mq;mq;mq;mq;mq;mq;mq;mq;mq;120;mq;mq;mq;mq;mq;mq;mq;mq;1.500000;-10;mq;mq;mq;mq;0.000000;0.000000;mq;mq;mq;710.000000;1102.000000;mq;mq;mq;mq;mq;mq;mq;mq;mq;mq;mq;mq;mq;mq;
71805;20110919210000;102570;-140;6;170;1.500000;285.750000;284.350000;91;60000;0;mq;mq;mq;mq;mq;mq;mq;mq;102480;mq;mq;mq;mq;mq;mq;mq;mq;mq;mq;mq;3.600000;-10;mq;mq;mq;mq;0.000000;0.000000;mq;mq;mq;710.000000;1104.000000;mq;mq;mq;mq;mq;mq;mq;mq;mq;mq;mq;mq;mq;mq;
78897;20110919210000;101220;-20;5;310;1.000000;299.050000;297.250000;90;60000;0;mq;mq;mq;mq;800;mq;mq;mq;mq;mq;mq;mq;mq;mq;mq;mq;mq;mq;mq;mq;mq;mq;mq;mq;mq;mq;mq;mq;mq;mq;mq;mq;mq;mq;mq;mq;mq;mq;mq;mq;mq;mq;mq;mq;mq;mq;mq;
78922;20110919210000;101130;-60;5;90;2.600000;300.850000;296.850000;79;mq;mq;mq;mq;mq;mq;mq;mq;mq;mq;100690;mq;mq;mq;mq;mq;mq;mq;mq;mq;mq;mq;mq;mq;mq;mq;mq;mq;mq;mq;mq;mq;mq;mq;mq;mq;mq;mq;mq;mq;mq;mq;mq;mq;mq;mq;mq;mq;mq;
78925;20110919210000;101100;-70;6;200;2.100000;300.350000;298.350000;89;15000;25;8;6;90;6;450;38;20;12;mq;mq;mq;mq;mq;mq;mq;mq;mq;mq;mq;mq;mq;mq;mq;mq;mq;mq;mq;mq;mq;mq;mq;mq;mq;mq;mq;1;8;540;3;8;840;5;6;1200;mq;mq;mq;
81401;20110919210000;100850;mq;mq;50;2.600000;302.650000;296.850000;71;mq;mq;mq;mq;mq;mq;mq;mq;mq;mq;100790;mq;mq;mq;mq;mq;mq;mq;mq;mq;mq;mq;mq;mq;mq;mq;mq;mq;mq;0.000000;mq;mq;mq;mq;mq;mq;mq;mq;mq;mq;mq;mq;mq;mq;mq;mq;mq;mq;mq;
81405;20110919210000;100980;mq;mq;150;2.600000;301.350000;298.150000;83;10000;2;1;1;75;2;800;32;23;60;100890;mq;mq;mq;mq;mq;mq;mq;mq;mq;mq;mq;mq;mq;mq;mq;mq;mq;mq;0.000000;mq;mq;mq;mq;mq;mq;mq;mq;mq;mq;mq;mq;mq;mq;mq;mq;mq;mq;mq;
81408;20110919210000;101050;mq;mq;150;1.500000;298.050000;295.750000;87;mq;mq;mq;mq;mq;mq;mq;mq;mq;mq;100970;mq;mq;mq;mq;mq;mq;mq;mq;mq;mq;mq;mq;mq;mq;mq;mq;mq;mq;0.400000;mq;mq;mq;mq;mq;mq;mq;mq;mq;mq;mq;mq;mq;mq;mq;mq;mq;mq;mq;
89642;20110919210000;98130;-70;6;80;7.200000;257.650000;253.250000;66;mq;mq;mq;mq;mq;mq;mq;mq;mq;mq;97570;mq;mq;mq;mq;mq;mq;mq;mq;mq;mq;mq;mq;mq;mq;mq;mq;mq;mq;mq;mq;mq;mq;mq;mq;mq;mq;mq;mq;mq;mq;mq;mq;mq;mq;mq;mq;mq;mq;
07005;20110920000000;102060;90;2;200;3.100000;287.250000;286.450000;95;mq;mq;mq;mq;mq;mq;mq;mq;mq;mq;101170;mq;mq;mq;mq;mq;mq;mq;mq;mq;mq;mq;6.200000;-10;mq;mq;mq;mq;1.000000;2.000000;2.000000;mq;mq;710.000000;1106.000000;mq;mq;mq;mq;mq;mq;mq;mq;mq;mq;mq;mq;mq;mq;
07015;20110920000000;102030;100;2;200;3.100000;286.950000;284.850000;87;30000;2;1;1;90;7;450;35;61;60;101460;mq;mq;mq;mq;mq;mq;mq;mq;mq;mq;mq;4.600000;-10;mq;mq;0.000000;-60;0.000000;0.000000;0.000000;mq;mq;710.000000;1105.000000;3100.000000;mq;7;6;420;mq;mq;mq;mq;mq;mq;mq;mq;mq;
07020;20110920000000;102070;-30;8;230;8.700000;289.150000;286.650000;85;14000;2;1;1;75;6;1250;35;20;10;101810;mq;mq;mq;mq;mq;mq;mq;mq;mq;mq;mq;12.300000;-10;mq;mq;mq;mq;0.000000;0.000000;0.000000;mq;mq;710.000000;1112.000000;mq;mq;6;6;990;mq;mq;mq;mq;mq;mq;mq;mq;mq;
07027;20110920000000;102180;60;0;220;2.600000;287.650000;285.150000;85;50000;0;mq;mq;100;mq;1250;mq;mq;mq;101380;mq;mq;mq;mq;mq;mq;mq;mq;mq;mq;mq;5.100000;-10;mq;mq;mq;mq;0.000000;0.000000;0.000000;mq;mq;710.000000;1105.000000;mq;mq;mq;mq;mq;mq;mq;mq;mq;mq;mq;mq;mq;mq;
07037;20110920000000;102180;90;2;230;3.100000;286.850000;286.350000;97;16000;0;mq;mq;100;mq;250;mq;mq;mq;100360;mq;mq;mq;mq;mq;mq;mq;mq;mq;mq;mq;5.700000;-10;mq;mq;mq;mq;0.000000;0.000000;0.000000;mq;mq;710.000000;1106.000000;mq;mq;mq;mq;mq;mq;mq;mq;mq;mq;mq;mq;mq;mq;
07110;20110920000000;102140;-70;8;220;5.100000;288.350000;286.550000;89;35000;0;mq;mq;100;mq;800;mq;mq;mq;101010;mq;mq;mq;mq;mq;mq;mq;mq;mq;mq;mq;8.700000;-10;mq;mq;mq;mq;0.000000;mq;mq;mq;mq;710.000000;1109.000000;mq;mq;mq;mq;mq;mq;mq;mq;mq;mq;mq;mq;mq;mq;
07117;20110920000000;102100;-80;8;230;4.100000;287.550000;285.750000;89;18000;1;5;2;60;2;450;37;27;60;101400;mq;mq;mq;mq;mq;mq;mq;mq;mq;mq;mq;9.800000;-10;mq;mq;mq;mq;0.000000;0.000000;0.000000;mq;mq;710.000000;1110.000000;2437.000000;mq;mq;mq;mq;mq;mq;mq;mq;mq;mq;mq;mq;mq;
07130;20110920000000;102320;40;0;230;1.500000;287.850000;285.850000;88;35000;0;mq;mq;100;mq;1250;mq;mq;mq;101800;mq;mq;mq;mq;mq;mq;mq;mq;mq;mq;mq;4.100000;-10;mq;mq;mq;mq;0.000000;0.000000;0.000000;mq;mq;710.000000;1104.000000;mq;mq;mq;mq;mq;mq;mq;mq;mq;mq;mq;mq;mq;mq;
07139;20110920000000;102290;80;1;210;1.500000;287.450000;285.350000;87;mq;mq;mq;mq;mq;mq;mq;mq;mq;mq;100570;mq;mq;mq;mq;mq;mq;mq;mq;mq;mq;mq;2.600000;-10;mq;mq;mq;mq;0.000000;0.000000;0.000000;mq;mq;710.000000;1103.000000;mq;mq;mq;mq;mq;mq;mq;mq;mq;mq;mq;mq;mq;mq;
07149;20110920000000;102280;130;1;280;4.600000;287.350000;284.850000;85;25000;2;1;1;100;7;450;35;61;60;101200;mq;mq;mq;mq;mq;mq;mq;mq;mq;mq;mq;6.700000;-10;mq;mq;0.000000;-60;0.000000;0.000000;0.000000;mq;mq;710.000000;1107.000000;3100.000000;mq;1;6;330;7;6;1080;mq;mq;mq;mq;mq;mq;
07168;20110920000000;102350;80;3;170;1.500000;280.750000;279.650000;93;6000;0;mq;mq;mq;mq;mq;mq;mq;mq;100900;mq;mq;mq;mq;mq;mq;mq;mq;mq;mq;mq;2.100000;-10;mq;mq;mq;mq;0.000000;0.000000;0.000000;mq;mq;710.000000;1102.000000;mq;mq;mq;mq;mq;mq;mq;mq;mq;mq;mq;mq;mq;mq;
07181;20110920000000;102350;70;3;200;2.600000;282.650000;281.050000;90;60000;0;mq;mq;mq;mq;mq;mq;mq;mq;98230;mq;mq;mq;mq;mq;mq;mq;mq;mq;mq;mq;3.600000;-10;mq;mq;mq;mq;0.000000;0.000000;0.000000;mq;mq;710.000000;1104.000000;mq;mq;mq;mq;mq;mq;mq;mq;mq;mq;mq;mq;mq;mq;
07190;20110920000000;102310;110;1;270;1.500000;281.550000;280.750000;95;5000;0;mq;mq;mq;mq;mq;mq;mq;mq;100460;mq;mq;mq;mq;mq;mq;mq;mq;mq;mq;mq;2.100000;-10;mq;mq;mq;mq;0.000000;0.200000;0.200000;mq;mq;710.000000;1102.000000;mq;mq;mq;mq;mq;mq;mq;mq;mq;mq;mq;mq;mq;mq;
07207;20110920000000;mq;mq;mq;270;3.600000;289.650000;283.950000;69;12000;2;1;1;90;2;800;32;23;10;mq;mq;mq;mq;mq;mq;mq;mq;mq;mq;mq;mq;7.200000;-10;mq;mq;mq;mq;0.000000;0.000000;0.000000;mq;mq;710.000000;1107.000000;2437.000000;mq;mq;mq;mq;mq;mq;mq;mq;mq;mq;mq;mq;mq;
07222;20110920000000;102390;60;3;290;2.600000;288.750000;286.450000;86;35000;0;mq;mq;100;mq;1250;mq;mq;mq;102080;mq;mq;mq;mq;mq;mq;mq;mq;mq;mq;mq;4.100000;-10;mq;mq;mq;mq;0.000000;0.000000;0.000000;mq;mq;710.000000;1104.000000;mq;mq;mq;mq;mq;mq;mq;mq;mq;mq;mq;mq;mq;mq;
07240;20110920000000;102350;60;1;250;1.500000;287.750000;285.450000;86;40000;2;1;1;90;7;1250;35;61;60;101010;mq;mq;mq;mq;mq;mq;mq;mq;mq;mq;mq;3.100000;-10;mq;mq;0.000000;-60;0.000000;0.000000;0.000000;mq;mq;710.000000;1103.000000;3100.000000;mq;7;6;1320;mq;mq;mq;mq;mq;mq;mq;mq;mq;
07255;20110920000000;102380;30;2;240;1.500000;286.350000;284.450000;88;20000;0;mq;mq;mq;mq;mq;mq;mq;mq;100390;mq;mq;mq;mq;mq;mq;mq;mq;mq;mq;mq;2.100000;-10;mq;mq;mq;mq;0.000000;0.000000;0.000000;mq;mq;710.000000;1102.000000;mq;mq;mq;mq;mq;mq;mq;mq;mq;mq;mq;mq;mq;mq;
07280;20110920000000;102380;40;1;350;0.500000;282.450000;280.850000;90;55000;0;mq;mq;mq;mq;mq;mq;mq;mq;99630;mq;mq;mq;mq;mq;mq;mq;mq;mq;mq;mq;1.000000;-10;mq;mq;mq;mq;0.000000;0.000000;0.000000;mq;mq;710.000000;1101.000000;mq;mq;mq;mq;mq;mq;mq;mq;mq;mq;mq;mq;mq;mq;
07299;20110920000000;102380;130;1;140;1.500000;281.350000;280.950000;97;22000;0;mq;mq;mq;mq;mq;mq;mq;mq;99070;mq;mq;mq;mq;mq;mq;mq;mq;mq;mq;mq;2.600000;-10;mq;mq;mq;mq;0.200000;0.200000;0.200000;mq;mq;710.000000;1103.000000;mq;mq;mq;mq;mq;mq;mq;mq;mq;mq;mq;mq;mq;mq;
07314;20110920000000;102470;10;3;300;3.100000;290.450000;287.750000;84;15000;2;1;1;50;4;1250;34;20;10;102200;mq;mq;mq;mq;mq;mq;mq;mq;mq;mq;mq;5.100000;-10;mq;mq;mq;mq;0.000000;0.000000;0.200000;mq;mq;710.000000;1105.000000;2447.000000;mq;4;6;1380;mq;mq;mq;mq;mq;mq;mq;mq;mq;
07335;20110920000000;102440;70;1;220;1.500000;284.750000;283.850000;94;50000;0;mq;mq;75;mq;1750;mq;mq;mq;100990;mq;mq;mq;mq;mq;mq;mq;mq;mq;mq;mq;3.100000;-10;mq;mq;mq;mq;0.000000;0.000000;0.000000;mq;mq;710.000000;1103.000000;mq;mq;mq;mq;mq;mq;mq;mq;mq;mq;mq;mq;mq;mq;
07434;20110920000000;102480;20;0;290;3.100000;284.050000;282.850000;92;35000;0;mq;mq;mq;mq;mq;mq;mq;mq;97680;mq;mq;mq;mq;mq;mq;mq;mq;mq;mq;mq;3.600000;-10;mq;mq;mq;mq;0.000000;0.000000;0.000000;mq;mq;710.000000;1104.000000;mq;mq;mq;mq;mq;mq;mq;mq;mq;mq;mq;mq;mq;mq;
07460;20110920000000;102450;40;0;260;2.100000;283.150000;281.750000;91;30000;2;1;1;25;2;1250;38;20;10;98530;mq;mq;mq;mq;mq;mq;mq;mq;mq;mq;mq;2.600000;-10;mq;mq;0.000000;-60;0.000000;0.000000;0.000000;mq;mq;710.000000;1103.000000;3100.000000;mq;1;8;1080;mq;mq;mq;mq;mq;mq;mq;mq;mq;
07471;20110920000000;mq;40;0;320;3.600000;281.050000;279.550000;90;20000;0;mq;mq;mq;mq;mq;mq;mq;mq;92710;85000;18160;mq;mq;mq;mq;mq;mq;mq;mq;mq;6.700000;-10;mq;mq;mq;mq;0.000000;0.000000;0.000000;mq;mq;710.000000;1107.000000;mq;mq;mq;mq;mq;mq;mq;mq;mq;mq;mq;mq;mq;mq;
07481;20110920000000;102340;40;0;10;1.500000;284.050000;282.650000;91;15000;2;1;1;10;1;3500;30;23;10;99450;mq;mq;mq;mq;mq;mq;mq;mq;mq;mq;mq;3.100000;-10;mq;mq;0.000000;-60;0.000000;0.000000;0.000000;mq;mq;710.000000;1103.000000;3100.000000;mq;1;3;3000;mq;mq;mq;mq;mq;mq;mq;mq;mq;
07510;20110920000000;102490;-20;8;240;2.100000;284.850000;284.650000;99;20000;2;1;1;0;mq;mq;mq;mq;mq;101830;mq;mq;mq;mq;mq;mq;mq;mq;mq;mq;mq;2.100000;-10;mq;mq;0.000000;-60;0.000000;0.000000;0.000000;mq;mq;710.000000;1102.000000;3100.000000;mq;mq;mq;mq;mq;mq;mq;mq;mq;mq;mq;mq;mq;
07535;20110920000000;102540;20;0;130;1.500000;282.750000;282.150000;96;mq;mq;mq;mq;mq;mq;mq;mq;mq;mq;99380;mq;mq;mq;mq;mq;mq;mq;mq;mq;mq;mq;2.600000;-10;mq;mq;mq;mq;0.000000;0.000000;0.000000;mq;mq;710.000000;1103.000000;mq;mq;mq;mq;mq;mq;mq;mq;mq;mq;mq;mq;mq;mq;
07558;20110920000000;102360;20;0;340;8.200000;282.650000;280.550000;87;mq;mq;mq;mq;mq;mq;mq;mq;mq;mq;93980;mq;mq;mq;mq;mq;mq;mq;mq;mq;mq;mq;12.300000;-10;mq;mq;mq;mq;0.000000;0.000000;0.000000;mq;mq;710.000000;1112.000000;mq;mq;mq;mq;mq;mq;mq;mq;mq;mq;mq;mq;mq;mq;
07577;20110920000000;102110;10;1;40;4.600000;286.750000;283.350000;80;20000;0;mq;mq;mq;mq;mq;mq;mq;mq;101220;mq;mq;mq;mq;mq;mq;mq;mq;mq;mq;mq;8.700000;-10;mq;mq;mq;mq;0.000000;0.000000;0.000000;mq;mq;710.000000;1109.000000;mq;mq;mq;mq;mq;mq;mq;mq;mq;mq;mq;mq;mq;mq;
07591;20110920000000;mq;100;1;20;2.100000;279.150000;276.650000;84;mq;0;mq;mq;mq;mq;mq;mq;mq;mq;91670;mq;mq;mq;mq;mq;mq;mq;mq;mq;mq;mq;4.100000;-10;mq;mq;mq;mq;0.000000;0.000000;0.000000;mq;mq;710.000000;1104.000000;mq;mq;mq;mq;mq;mq;mq;mq;mq;mq;mq;mq;mq;mq;
07607;20110920000000;102560;10;1;100;0.500000;282.650000;281.750000;94;50000;0;mq;mq;mq;mq;mq;mq;mq;mq;101840;mq;mq;mq;mq;mq;mq;mq;mq;mq;mq;mq;1.500000;-10;mq;mq;mq;mq;0.000000;0.000000;0.000000;mq;mq;710.000000;1102.000000;mq;mq;mq;mq;mq;mq;mq;mq;mq;mq;mq;mq;mq;mq;
07621;20110920000000;102620;-30;8;190;2.100000;282.850000;282.050000;95;20000;2;1;1;0;mq;mq;mq;mq;mq;98250;mq;mq;mq;mq;mq;mq;mq;mq;mq;mq;mq;3.100000;-10;mq;mq;0.000000;-60;0.000000;0.000000;0.000000;mq;mq;710.000000;1103.000000;3100.000000;mq;mq;mq;mq;mq;mq;mq;mq;mq;mq;mq;mq;mq;
07627;20110920000000;102570;-20;8;0;0.000000;285.850000;284.050000;89;mq;mq;mq;mq;mq;mq;mq;mq;mq;mq;97700;mq;mq;mq;mq;mq;mq;mq;mq;mq;mq;mq;0.500000;-10;mq;mq;mq;mq;0.000000;0.000000;0.000000;mq;mq;710.000000;1101.000000;mq;mq;mq;mq;mq;mq;mq;mq;mq;mq;mq;mq;mq;mq;
07630;20110920000000;102550;40;1;210;0.500000;285.850000;284.050000;89;50000;0;mq;mq;mq;mq;mq;mq;mq;mq;100740;mq;mq;mq;mq;mq;mq;mq;mq;mq;mq;mq;3.100000;-10;mq;mq;mq;mq;0.000000;0.000000;0.000000;mq;mq;710.000000;1103.000000;mq;mq;mq;mq;mq;mq;mq;mq;mq;mq;mq;mq;mq;mq;
07643;20110920000000;102060;-20;5;330;4.600000;290.050000;278.950000;48;60000;0;mq;mq;mq;mq;mq;mq;mq;mq;101960;mq;mq;mq;mq;mq;mq;mq;mq;mq;mq;mq;10.300000;-10;mq;mq;mq;mq;0.000000;0.000000;0.000000;mq;mq;710.000000;1110.000000;mq;mq;mq;mq;mq;mq;mq;mq;mq;mq;mq;mq;mq;mq;
07650;20110920000000;101680;-60;7;320;14.400000;289.550000;282.450000;63;60000;0;mq;mq;mq;mq;mq;mq;mq;mq;101300;mq;mq;mq;mq;mq;mq;mq;mq;mq;mq;19.500000;24.200000;-10;mq;mq;mq;mq;0.000000;0.000000;0.000000;mq;mq;1020.000000;710.000000;1124.000000;mq;mq;mq;mq;mq;mq;mq;mq;mq;mq;mq;mq;mq;
07661;20110920000000;101230;150;1;10;12.900000;290.850000;276.350000;38;mq;2;mq;mq;0;mq;mq;mq;mq;mq;99660;mq;mq;mq;mq;mq;mq;mq;mq;mq;mq;19.500000;19.500000;-10;mq;mq;mq;mq;0.000000;0.000000;0.000000;mq;mq;1020.000000;710.000000;1120.000000;mq;mq;mq;mq;mq;mq;mq;mq;mq;mq;mq;mq;mq;
07690;20110920000000;101250;220;3;320;5.100000;289.450000;276.550000;42;50000;2;1;1;0;mq;mq;mq;mq;mq;100920;mq;mq;mq;mq;mq;mq;mq;mq;mq;mq;mq;6.200000;-10;mq;mq;0.000000;-60;0.000000;0.000000;0.000000;mq;mq;710.000000;1106.000000;3100.000000;mq;mq;mq;mq;mq;mq;mq;mq;mq;mq;mq;mq;mq;
07747;20110920000000;102270;30;3;360;3.100000;290.850000;283.750000;63;60000;0;mq;mq;mq;mq;1250;mq;mq;mq;101750;mq;mq;mq;mq;mq;mq;mq;mq;mq;mq;mq;14.400000;-10;mq;mq;mq;mq;0.000000;0.000000;0.000000;mq;mq;710.000000;1114.000000;mq;mq;mq;mq;mq;mq;mq;mq;mq;mq;mq;mq;mq;mq;
07761;20110920000000;101120;110;1;40;3.600000;286.750000;283.150000;79;20000;2;1;1;10;1;1750;35;27;10;101010;mq;mq;mq;mq;mq;mq;mq;mq;mq;mq;mq;5.100000;-10;mq;mq;0.000000;-60;0.000000;0.000000;0.000000;mq;mq;710.000000;1105.000000;3100.000000;mq;1;6;1500;mq;mq;mq;mq;mq;mq;mq;mq;mq;
07790;20110920000000;101000;160;3;340;4.100000;291.150000;282.750000;58;60000;0;mq;mq;mq;mq;2250;mq;mq;mq;100860;mq;mq;mq;mq;mq;mq;mq;mq;mq;mq;mq;6.700000;-10;mq;mq;mq;mq;0.000000;0.200000;2.000000;mq;mq;710.000000;1107.000000;mq;mq;mq;mq;mq;mq;mq;mq;mq;mq;mq;mq;mq;mq;
61970;20110920000000;101690;mq;mq;mq;mq;295.250000;294.250000;94;mq;mq;mq;mq;mq;mq;mq;mq;mq;mq;mq;mq;mq;10;mq;mq;mq;mq;mq;mq;mq;mq;mq;mq;mq;mq;mq;mq;0.000000;mq;0.000000;mq;mq;mq;mq;mq;mq;mq;mq;mq;mq;mq;mq;mq;mq;mq;mq;mq;mq;
61972;20110920000000;101650;mq;mq;10;0.500000;296.350000;295.550000;95;mq;mq;mq;mq;mq;mq;mq;mq;mq;mq;mq;mq;mq;80;mq;mq;mq;mq;mq;mq;mq;mq;3.100000;-10;mq;mq;mq;mq;0.000000;mq;0.000000;mq;mq;710.000000;1103.000000;mq;mq;mq;mq;mq;mq;mq;mq;mq;mq;mq;mq;mq;mq;
61980;20110920000000;102170;mq;mq;170;4.600000;292.750000;288.150000;75;12000;2;1;1;10;1;800;31;20;10;mq;mq;mq;90;mq;mq;mq;mq;mq;mq;mq;mq;5.700000;-10;mq;mq;mq;mq;0.000000;mq;0.000000;mq;mq;710.000000;1106.000000;mq;mq;1;8;780;mq;mq;mq;mq;mq;mq;mq;mq;mq;
61996;20110920000000;102260;mq;mq;280;4.600000;284.750000;229.950000;mq;mq;mq;mq;mq;mq;mq;mq;mq;mq;mq;mq;mq;mq;1820;mq;mq;mq;mq;mq;mq;mq;mq;9.800000;-10;mq;mq;mq;mq;0.000000;mq;0.000000;mq;mq;710.000000;1110.000000;mq;mq;mq;mq;mq;mq;mq;mq;mq;mq;mq;mq;mq;mq;
61997;20110920000000;98700;mq;mq;260;13.900000;275.950000;271.550000;73;mq;mq;mq;mq;mq;mq;mq;mq;mq;mq;mq;mq;mq;300;mq;mq;mq;mq;mq;mq;mq;mq;28.300000;-60;mq;mq;mq;mq;mq;mq;0.800000;mq;mq;1128.000000;mq;mq;mq;mq;mq;mq;mq;mq;mq;mq;mq;mq;mq;mq;mq;
67005;20110920000000;101640;mq;mq;340;1.000000;294.650000;293.650000;94;mq;0;mq;mq;mq;mq;mq;mq;mq;mq;mq;mq;mq;70;mq;mq;mq;mq;mq;mq;mq;mq;1.500000;-10;mq;mq;mq;mq;0.000000;mq;0.000000;mq;mq;710.000000;1102.000000;mq;mq;mq;mq;mq;mq;mq;mq;mq;mq;mq;mq;mq;mq;
71805;20110920000000;102420;-150;6;100;2.600000;284.950000;282.850000;87;60000;0;mq;mq;mq;mq;mq;mq;mq;mq;102330;mq;mq;mq;mq;mq;mq;mq;mq;mq;mq;mq;4.100000;-10;mq;mq;mq;mq;0.000000;0.000000;0.000000;mq;mq;710.000000;1104.000000;mq;mq;mq;mq;mq;mq;mq;mq;mq;mq;mq;mq;mq;mq;
78897;20110920000000;101350;130;3;20;0.500000;298.050000;297.050000;94;20000;2;9;8;60;3;800;38;20;12;mq;mq;mq;mq;297.450000;mq;300.950000;mq;mq;mq;mq;mq;mq;mq;mq;mq;mq;mq;mq;mq;29.000000;mq;50.000000;mq;mq;mq;mq;2;8;600;3;0;7800;mq;mq;mq;mq;mq;mq;
78922;20110920000000;101280;150;1;100;5.100000;300.450000;296.050000;77;mq;mq;mq;mq;mq;mq;mq;mq;mq;mq;100840;mq;mq;mq;mq;mq;mq;mq;mq;mq;mq;mq;mq;mq;mq;mq;mq;mq;mq;mq;mq;mq;mq;mq;mq;mq;mq;mq;mq;mq;mq;mq;mq;mq;mq;mq;mq;mq;mq;
78925;20110920000000;101320;220;1;30;1.500000;298.850000;297.850000;94;20000;1;8;6;90;4;800;38;27;12;mq;mq;mq;mq;296.450000;mq;303.750000;mq;mq;mq;mq;mq;mq;mq;mq;mq;mq;mq;mq;mq;3.000000;mq;39.000000;mq;mq;mq;mq;2;8;690;3;6;1800;5;3;2700;mq;mq;mq;
81401;20110920000000;101100;mq;mq;70;1.000000;299.250000;296.750000;86;mq;mq;mq;mq;mq;mq;mq;mq;mq;mq;101040;mq;mq;mq;mq;mq;307.850000;mq;mq;mq;mq;mq;mq;mq;mq;mq;mq;mq;mq;0.000000;0.000000;mq;mq;mq;mq;mq;mq;mq;mq;mq;mq;mq;mq;mq;mq;mq;mq;mq;mq;
81405;20110920000000;101170;mq;mq;80;1.000000;299.050000;297.450000;91;35000;0;mq;mq;100;mq;mq;mq;mq;mq;101080;mq;mq;mq;mq;mq;305.250000;mq;mq;mq;mq;mq;mq;mq;mq;mq;mq;mq;mq;0.000000;0.000000;mq;mq;mq;mq;mq;mq;mq;mq;mq;mq;mq;mq;mq;mq;mq;mq;mq;mq;
81408;20110920000000;101190;mq;mq;180;0.500000;296.550000;295.850000;96;mq;mq;mq;mq;mq;mq;mq;mq;mq;mq;101110;mq;mq;mq;mq;mq;307.250000;mq;mq;mq;mq;mq;mq;mq;mq;mq;mq;mq;mq;2.000000;3.000000;mq;mq;mq;mq;mq;mq;mq;mq;mq;mq;mq;mq;mq;mq;mq;mq;mq;mq;
89642;20110920000000;97890;-230;7;130;16.500000;260.450000;254.050000;55;40000;2;1;1;90;7;1750;35;61;60;97340;mq;mq;mq;256.650000;mq;260.550000;mq;mq;mq;mq;24.700000;25.200000;-60;mq;mq;mq;mq;mq;mq;mq;mq;mq;1025.000000;1125.000000;mq;mq;7;6;1800;mq;mq;mq;mq;mq;mq;mq;mq;mq;
07005;20110920030000;102070;10;2;200;3.100000;287.450000;286.350000;93;mq;mq;mq;mq;mq;mq;mq;mq;mq;mq;101180;mq;mq;mq;mq;mq;mq;mq;mq;mq;mq;mq;5.700000;-10;mq;mq;mq;mq;0.000000;0.200000;mq;mq;mq;710.000000;1106.000000;mq;mq;mq;mq;mq;mq;mq;mq;mq;mq;mq;mq;mq;mq;
07015;20110920030000;102040;10;3;210;4.100000;286.950000;286.150000;95;15000;0;mq;mq;90;7;1250;35;61;60;101470;mq;mq;mq;mq;mq;mq;mq;mq;mq;mq;mq;7.200000;-10;mq;mq;0.000000;-30;0.000000;0.000000;mq;mq;mq;710.000000;1107.000000;3100.000000;mq;7;6;1200;mq;mq;mq;mq;mq;mq;mq;mq;mq;
07020;20110920030000;102060;-10;5;230;9.800000;289.350000;287.050000;86;16000;2;1;1;75;6;1250;35;28;10;101800;mq;mq;mq;mq;mq;mq;mq;mq;mq;mq;mq;13.400000;-10;mq;mq;mq;mq;0.000000;0.000000;mq;mq;mq;710.000000;1113.000000;mq;mq;6;6;990;4;3;2400;mq;mq;mq;mq;mq;mq;
07027;20110920030000;102170;-20;7;180;2.600000;287.050000;285.250000;89;40000;0;mq;mq;100;mq;1250;mq;mq;mq;101360;mq;mq;mq;mq;mq;mq;mq;mq;mq;mq;mq;4.100000;-10;mq;mq;mq;mq;0.000000;0.000000;mq;mq;mq;710.000000;1104.000000;mq;mq;mq;mq;mq;mq;mq;mq;mq;mq;mq;mq;mq;mq;
07037;20110920030000;102190;10;3;210;3.600000;286.650000;285.850000;95;19000;0;mq;mq;100;mq;800;mq;mq;mq;100370;mq;mq;mq;mq;mq;mq;mq;mq;mq;mq;mq;6.200000;-10;mq;mq;mq;mq;0.000000;0.000000;mq;mq;mq;710.000000;1106.000000;mq;mq;mq;mq;mq;mq;mq;mq;mq;mq;mq;mq;mq;mq;
07110;20110920030000;102140;0;4;220;6.200000;288.350000;286.150000;87;25000;2;1;1;100;7;800;35;61;60;101010;mq;mq;mq;mq;mq;mq;mq;mq;mq;mq;mq;9.300000;-10;mq;mq;mq;mq;0.000000;0.000000;mq;mq;mq;710.000000;1109.000000;mq;mq;2;6;750;7;6;960;mq;mq;mq;mq;mq;mq;
07117;20110920030000;102100;10;0;230;5.100000;288.450000;286.150000;86;18000;2;1;1;60;2;450;37;27;60;101410;mq;mq;mq;mq;mq;mq;mq;mq;mq;mq;mq;9.300000;-10;mq;mq;mq;mq;0.000000;0.000000;mq;mq;mq;710.000000;1109.000000;2437.000000;mq;mq;mq;mq;mq;mq;mq;mq;mq;mq;mq;mq;mq;
07130;20110920030000;102260;-60;6;190;2.100000;287.650000;285.650000;88;40000;0;mq;mq;100;mq;800;mq;mq;mq;101740;mq;mq;mq;mq;mq;mq;mq;mq;mq;mq;mq;3.600000;-10;mq;mq;mq;mq;0.000000;0.000000;mq;mq;mq;710.000000;1104.000000;mq;mq;mq;mq;mq;mq;mq;mq;mq;mq;mq;mq;mq;mq;
07139;20110920030000;102260;-40;7;230;2.100000;286.550000;284.650000;88;mq;mq;mq;mq;mq;mq;mq;mq;mq;mq;100530;mq;mq;mq;mq;mq;mq;mq;mq;mq;mq;mq;4.600000;-10;mq;mq;mq;mq;0.000000;0.000000;mq;mq;mq;710.000000;1105.000000;mq;mq;mq;mq;mq;mq;mq;mq;mq;mq;mq;mq;mq;mq;
07149;20110920030000;102290;10;2;190;1.500000;286.850000;286.050000;95;15000;1;5;2;90;7;800;35;61;60;101210;mq;mq;mq;mq;mq;mq;mq;mq;mq;mq;mq;2.600000;-10;mq;mq;0.000000;-30;0.000000;0.200000;mq;mq;mq;710.000000;1103.000000;3100.000000;mq;1;6;900;5;6;1170;7;6;1440;mq;mq;mq;
07168;20110920030000;102390;40;1;90;2.100000;281.450000;280.550000;94;15000;0;mq;mq;mq;mq;mq;mq;mq;mq;100940;mq;mq;mq;mq;mq;mq;mq;mq;mq;mq;mq;2.600000;-10;mq;mq;mq;mq;0.000000;0.000000;mq;mq;mq;710.000000;1103.000000;mq;mq;mq;mq;mq;mq;mq;mq;mq;mq;mq;mq;mq;mq;
07181;20110920030000;102410;40;1;170;1.500000;281.350000;280.150000;92;50000;0;mq;mq;mq;mq;mq;mq;mq;mq;98270;mq;mq;mq;mq;mq;mq;mq;mq;mq;mq;mq;3.600000;-10;mq;mq;mq;mq;0.000000;0.200000;mq;mq;mq;710.000000;1104.000000;mq;mq;mq;mq;mq;mq;mq;mq;mq;mq;mq;mq;mq;mq;
07190;20110920030000;102450;130;1;240;2.100000;280.450000;279.750000;95;10000;0;mq;mq;mq;mq;mq;mq;mq;mq;100590;mq;mq;mq;mq;mq;mq;mq;mq;mq;mq;mq;2.100000;-10;mq;mq;mq;mq;0.000000;0.000000;mq;mq;mq;710.000000;1102.000000;mq;mq;mq;mq;mq;mq;mq;mq;mq;mq;mq;mq;mq;mq;
07207;20110920030000;mq;mq;mq;250;4.100000;289.950000;284.450000;70;12000;2;1;1;90;2;800;32;23;10;mq;mq;mq;mq;mq;mq;mq;mq;mq;mq;mq;mq;6.700000;-10;mq;mq;mq;mq;0.000000;0.000000;mq;mq;mq;710.000000;1107.000000;2437.000000;mq;mq;mq;mq;mq;mq;mq;mq;mq;mq;mq;mq;mq;
07222;20110920030000;102310;-80;6;190;1.500000;287.950000;286.450000;91;20000;2;1;1;100;7;800;35;61;60;102000;mq;mq;mq;mq;mq;mq;mq;mq;mq;mq;mq;2.100000;-10;mq;mq;mq;mq;0.000000;0.000000;mq;mq;mq;710.000000;1102.000000;mq;mq;7;6;900;mq;mq;mq;mq;mq;mq;mq;mq;mq;
07240;20110920030000;102330;-20;8;220;2.100000;287.650000;286.050000;90;40000;3;mq;mq;100;8;450;35;61;60;100990;mq;mq;mq;mq;mq;mq;mq;mq;mq;mq;mq;3.100000;-10;mq;mq;0.000000;-30;0.000000;0.000000;mq;mq;mq;710.000000;1103.000000;3100.000000;mq;2;7;300;8;6;1320;mq;mq;mq;mq;mq;mq;
07255;20110920030000;102390;10;0;270;1.000000;286.350000;284.450000;88;20000;0;mq;mq;mq;mq;mq;mq;mq;mq;100400;mq;mq;mq;mq;mq;mq;mq;mq;mq;mq;mq;2.600000;-10;mq;mq;mq;mq;0.000000;0.000000;mq;mq;mq;710.000000;1103.000000;mq;mq;mq;mq;mq;mq;mq;mq;mq;mq;mq;mq;mq;mq;
07280;20110920030000;102430;40;0;360;1.000000;281.750000;280.650000;93;45000;0;mq;mq;75;mq;1250;mq;mq;mq;99670;mq;mq;mq;mq;mq;mq;mq;mq;mq;mq;mq;2.600000;-10;mq;mq;mq;mq;0.000000;0.000000;mq;mq;mq;710.000000;1103.000000;mq;mq;mq;mq;mq;mq;mq;mq;mq;mq;mq;mq;mq;mq;
07299;20110920030000;102530;110;2;230;1.500000;278.950000;278.550000;97;8000;2;1;1;40;3;80;36;20;10;99180;mq;mq;mq;mq;mq;mq;mq;mq;mq;mq;mq;2.100000;-10;mq;mq;0.000000;-30;0.000000;0.000000;mq;mq;mq;710.000000;1102.000000;3100.000000;mq;3;7;60;mq;mq;mq;mq;mq;mq;mq;mq;mq;
07314;20110920030000;102420;-60;8;230;1.000000;289.250000;286.550000;84;mq;mq;mq;mq;mq;mq;mq;mq;mq;mq;102140;mq;mq;mq;mq;mq;mq;mq;mq;mq;mq;mq;2.600000;-10;mq;mq;mq;mq;0.000000;0.000000;mq;mq;mq;710.000000;1103.000000;mq;mq;mq;mq;mq;mq;mq;mq;mq;mq;mq;mq;mq;mq;
07335;20110920030000;102410;-30;8;230;1.000000;286.350000;285.450000;94;35000;0;mq;mq;100;mq;1250;mq;mq;mq;100960;mq;mq;mq;mq;mq;mq;mq;mq;mq;mq;mq;1.500000;-10;mq;mq;mq;mq;0.000000;0.000000;mq;mq;mq;710.000000;1102.000000;mq;mq;mq;mq;mq;mq;mq;mq;mq;mq;mq;mq;mq;mq;
07434;20110920030000;102510;0;0;140;0.500000;282.750000;281.950000;95;400;45;mq;mq;mq;mq;mq;mq;mq;mq;97680;mq;mq;mq;mq;mq;mq;mq;mq;mq;mq;mq;2.600000;-10;mq;mq;mq;mq;0.000000;0.000000;mq;mq;mq;710.000000;1103.000000;mq;mq;mq;mq;mq;mq;mq;mq;mq;mq;mq;mq;mq;mq;
07460;20110920030000;102500;20;3;0;0.000000;280.750000;280.150000;96;20000;3;mq;mq;25;2;800;35;20;10;98550;mq;mq;mq;mq;mq;mq;mq;mq;mq;mq;mq;1.000000;-10;mq;mq;0.000000;-30;0.000000;0.000000;mq;mq;mq;710.000000;1101.000000;3100.000000;mq;2;6;900;mq;mq;mq;mq;mq;mq;mq;mq;mq;
07471;20110920030000;mq;20;3;320;3.600000;280.950000;279.550000;91;20000;0;mq;mq;mq;mq;800;mq;mq;mq;92730;85000;18180;mq;mq;mq;mq;mq;mq;mq;mq;mq;5.100000;-10;mq;mq;mq;mq;0.000000;0.000000;mq;mq;mq;710.000000;1105.000000;mq;mq;mq;mq;mq;mq;mq;mq;mq;mq;mq;mq;mq;mq;
07481;20110920030000;102350;-10;8;350;1.500000;282.550000;281.350000;92;14000;2;1;1;0;mq;mq;mq;mq;mq;99440;mq;mq;mq;mq;mq;mq;mq;mq;mq;mq;mq;2.600000;-10;mq;mq;0.000000;-30;0.000000;0.000000;mq;mq;mq;710.000000;1103.000000;3100.000000;mq;mq;mq;mq;mq;mq;mq;mq;mq;mq;mq;mq;mq;
07510;20110920030000;102450;-40;6;160;1.000000;283.450000;283.450000;100;10000;11;0;0;0;mq;mq;mq;mq;mq;101790;mq;mq;mq;mq;mq;mq;mq;mq;mq;mq;mq;1.500000;-10;mq;mq;0.000000;-30;0.000000;0.000000;mq;mq;mq;710.000000;1102.000000;3100.000000;mq;mq;mq;mq;mq;mq;mq;mq;mq;mq;mq;mq;mq;
07535;20110920030000;102490;-50;6;0;0.000000;282.350000;282.050000;98;mq;mq;mq;mq;mq;mq;mq;mq;mq;mq;99330;mq;mq;mq;mq;mq;mq;mq;mq;mq;mq;mq;3.100000;-10;mq;mq;mq;mq;0.000000;0.000000;mq;mq;mq;710.000000;1103.000000;mq;mq;mq;mq;mq;mq;mq;mq;mq;mq;mq;mq;mq;mq;
07558;20110920030000;102350;10;0;330;7.200000;282.550000;280.450000;87;mq;mq;mq;mq;mq;mq;mq;mq;mq;mq;93970;mq;mq;mq;mq;mq;mq;mq;mq;mq;mq;mq;8.700000;-10;mq;mq;mq;mq;0.000000;0.000000;mq;mq;mq;710.000000;1109.000000;mq;mq;mq;mq;mq;mq;mq;mq;mq;mq;mq;mq;mq;mq;
07577;20110920030000;101960;-140;8;10;6.200000;288.550000;281.550000;63;20000;0;mq;mq;mq;mq;mq;mq;mq;mq;101080;mq;mq;mq;mq;mq;mq;mq;mq;mq;mq;mq;17.000000;-10;mq;mq;mq;mq;0.000000;0.000000;mq;mq;mq;710.000000;1117.000000;mq;mq;mq;mq;mq;mq;mq;mq;mq;mq;mq;mq;mq;mq;
07591;20110920030000;mq;50;3;0;0.000000;278.350000;276.150000;86;mq;0;mq;mq;mq;mq;mq;mq;mq;mq;91720;mq;mq;mq;mq;mq;mq;mq;mq;mq;mq;mq;2.600000;-10;mq;mq;mq;mq;0.000000;0.000000;mq;mq;mq;710.000000;1103.000000;mq;mq;mq;mq;mq;mq;mq;mq;mq;mq;mq;mq;mq;mq;
07607;20110920030000;102480;-90;6;80;1.500000;280.150000;279.450000;95;45000;0;mq;mq;mq;mq;mq;mq;mq;mq;101750;mq;mq;mq;mq;mq;mq;mq;mq;mq;mq;mq;2.100000;-10;mq;mq;mq;mq;0.000000;0.000000;mq;mq;mq;710.000000;1102.000000;mq;mq;mq;mq;mq;mq;mq;mq;mq;mq;mq;mq;mq;mq;
07621;20110920030000;102510;-130;6;180;1.000000;281.550000;280.650000;94;20000;2;mq;mq;0;mq;mq;mq;mq;mq;98120;mq;mq;mq;mq;mq;mq;mq;mq;mq;mq;mq;2.600000;-10;mq;mq;0.000000;-30;0.000000;0.000000;mq;mq;mq;710.000000;1103.000000;3100.000000;mq;mq;mq;mq;mq;mq;mq;mq;mq;mq;mq;mq;mq;
07627;20110920030000;102520;-100;7;180;1.000000;282.750000;281.050000;89;mq;mq;mq;mq;mq;mq;mq;mq;mq;mq;97600;mq;mq;mq;mq;mq;mq;mq;mq;mq;mq;mq;3.100000;-10;mq;mq;mq;mq;0.000000;0.000000;mq;mq;mq;710.000000;1103.000000;mq;mq;mq;mq;mq;mq;mq;mq;mq;mq;mq;mq;mq;mq;
07630;20110920030000;102450;-110;8;160;1.500000;284.150000;282.750000;91;20000;2;1;1;0;mq;mq;mq;mq;mq;100630;mq;mq;mq;mq;mq;mq;mq;mq;mq;mq;mq;1.500000;-10;mq;mq;0.000000;-30;0.000000;0.000000;mq;mq;mq;710.000000;1102.000000;3100.000000;mq;mq;mq;mq;mq;mq;mq;mq;mq;mq;mq;mq;mq;
07643;20110920030000;101980;-80;8;290;5.700000;288.950000;279.350000;53;60000;2;1;1;0;mq;mq;mq;mq;mq;101880;mq;mq;mq;mq;mq;mq;mq;mq;mq;mq;mq;8.700000;-10;mq;mq;mq;mq;0.000000;0.000000;mq;mq;mq;710.000000;1109.000000;mq;mq;mq;mq;mq;mq;mq;mq;mq;mq;mq;mq;mq;mq;
07650;20110920030000;101620;-60;8;330;9.800000;288.650000;282.550000;67;60000;0;mq;mq;0;mq;mq;mq;mq;mq;101240;mq;mq;mq;mq;mq;mq;mq;mq;mq;mq;mq;14.400000;-10;mq;mq;0.000000;-30;0.000000;0.000000;mq;mq;mq;710.000000;1114.000000;3100.000000;mq;mq;mq;mq;mq;mq;mq;mq;mq;mq;mq;mq;mq;
07661;20110920030000;101440;190;1;290;1.000000;289.050000;277.750000;47;20000;2;1;1;0;mq;mq;mq;mq;mq;99850;mq;mq;mq;mq;mq;mq;mq;mq;mq;mq;mq;11.300000;-10;mq;mq;mq;mq;0.000000;0.000000;mq;mq;mq;710.000000;1111.000000;mq;mq;mq;mq;mq;mq;mq;mq;mq;mq;mq;mq;mq;mq;
07690;20110920030000;101380;130;1;340;5.100000;289.550000;274.850000;37;50000;2;1;1;0;mq;mq;mq;mq;mq;101050;mq;mq;mq;mq;mq;mq;mq;mq;mq;mq;mq;7.700000;-10;mq;mq;0.000000;-30;0.000000;0.000000;mq;mq;mq;710.000000;1108.000000;3100.000000;mq;mq;mq;mq;mq;mq;mq;mq;mq;mq;mq;mq;mq;
07747;20110920030000;102080;-190;8;340;5.700000;290.150000;283.050000;63;60000;0;mq;mq;mq;mq;mq;mq;mq;mq;101560;mq;mq;mq;mq;mq;mq;mq;mq;mq;mq;mq;10.800000;-10;mq;mq;mq;mq;0.000000;0.000000;mq;mq;mq;710.000000;1111.000000;mq;mq;mq;mq;mq;mq;mq;mq;mq;mq;mq;mq;mq;mq;
07761;20110920030000;101230;110;3;50;4.100000;285.450000;281.950000;79;25000;2;1;1;0;mq;mq;mq;mq;mq;101120;mq;mq;mq;mq;mq;mq;mq;mq;mq;mq;mq;5.100000;-10;mq;mq;0.000000;-30;0.000000;0.000000;mq;mq;mq;710.000000;1105.000000;3100.000000;mq;mq;mq;mq;mq;mq;mq;mq;mq;mq;mq;mq;mq;
07790;20110920030000;101180;180;3;300;4.100000;291.450000;281.450000;52;30000;2;1;1;40;1;800;31;23;10;101040;mq;mq;mq;mq;mq;mq;mq;mq;mq;mq;mq;7.200000;-10;mq;mq;0.000000;-30;0.000000;0.000000;mq;mq;mq;710.000000;1107.000000;3100.000000;mq;1;8;600;3;3;3300;mq;mq;mq;mq;mq;mq;
61968;20110920030000;101680;mq;mq;100;3.600000;298.250000;293.050000;73;mq;mq;mq;mq;mq;mq;mq;mq;mq;mq;mq;mq;mq;100;mq;mq;mq;mq;mq;mq;mq;mq;8.200000;-10;mq;mq;mq;mq;0.000000;0.000000;mq;mq;mq;710.000000;1108.000000;mq;mq;mq;mq;mq;mq;mq;mq;mq;mq;mq;mq;mq;mq;
61970;20110920030000;101820;mq;mq;mq;mq;297.050000;294.950000;88;mq;mq;mq;mq;mq;mq;mq;mq;mq;mq;mq;mq;mq;90;mq;mq;mq;mq;mq;mq;mq;mq;mq;mq;mq;mq;mq;mq;0.000000;0.000000;mq;mq;mq;mq;mq;mq;mq;mq;mq;mq;mq;mq;mq;mq;mq;mq;mq;mq;mq;
61972;20110920030000;101760;mq;mq;170;2.100000;294.150000;293.850000;98;mq;mq;mq;mq;mq;mq;mq;mq;mq;mq;mq;mq;mq;230;mq;mq;mq;mq;mq;mq;mq;mq;3.100000;-10;mq;mq;mq;mq;0.000000;0.000000;mq;mq;mq;710.000000;1103.000000;mq;mq;mq;mq;mq;mq;mq;mq;mq;mq;mq;mq;mq;mq;
61976;20110920030000;101930;mq;mq;130;8.200000;297.350000;295.050000;87;mq;mq;mq;mq;mq;mq;mq;mq;mq;mq;101780;mq;mq;mq;mq;mq;mq;mq;mq;mq;mq;mq;mq;mq;mq;mq;mq;mq;mq;mq;mq;mq;mq;mq;mq;mq;mq;mq;mq;mq;mq;mq;mq;mq;mq;mq;mq;mq;mq;
61980;20110920030000;102300;mq;mq;170;3.600000;294.350000;289.050000;72;10000;2;1;1;25;2;800;38;20;10;mq;mq;mq;120;mq;mq;mq;mq;mq;mq;mq;mq;5.100000;-10;mq;mq;mq;mq;0.000000;0.000000;mq;mq;mq;710.000000;1105.000000;2427.000000;mq;1;8;900;mq;mq;mq;mq;mq;mq;mq;mq;mq;
61996;20110920030000;102320;mq;mq;290;9.800000;286.550000;231.150000;mq;mq;mq;mq;mq;mq;mq;mq;mq;mq;mq;mq;mq;mq;1580;mq;mq;mq;mq;mq;mq;mq;mq;14.400000;-10;mq;mq;mq;mq;0.000000;0.000000;mq;mq;mq;710.000000;1114.000000;mq;mq;mq;mq;mq;mq;mq;mq;mq;mq;mq;mq;mq;mq;
61997;20110920030000;98990;mq;mq;270;13.900000;275.450000;271.850000;77;mq;mq;mq;mq;mq;mq;mq;mq;mq;mq;mq;mq;mq;1400;mq;mq;mq;mq;mq;mq;mq;mq;24.200000;-30;mq;mq;mq;mq;mq;0.400000;mq;mq;mq;1124.000000;mq;mq;mq;mq;mq;mq;mq;mq;mq;mq;mq;mq;mq;mq;mq;
67005;20110920030000;101710;mq;mq;0;0.500000;293.950000;292.950000;94;20000;2;mq;mq;0;mq;mq;mq;mq;mq;mq;mq;mq;120;mq;mq;mq;mq;mq;mq;mq;mq;2.100000;-10;mq;mq;mq;mq;0.000000;0.000000;mq;mq;mq;710.000000;1102.000000;mq;mq;mq;mq;mq;mq;mq;mq;mq;mq;mq;mq;mq;mq;
71805;20110920030000;102150;-270;6;80;5.700000;284.750000;283.350000;91;55000;0;mq;mq;mq;mq;450;mq;mq;mq;102060;mq;mq;mq;mq;mq;mq;mq;mq;mq;mq;mq;8.700000;-10;mq;mq;mq;mq;0.000000;0.000000;mq;mq;mq;710.000000;1109.000000;mq;mq;mq;mq;mq;mq;mq;mq;mq;mq;mq;mq;mq;mq;
78897;20110920030000;101440;90;0;230;1.000000;296.950000;295.750000;93;8000;80;8;6;90;7;450;38;61;60;mq;mq;mq;30;mq;mq;mq;mq;mq;mq;mq;mq;mq;mq;mq;mq;mq;mq;mq;mq;mq;mq;mq;mq;mq;mq;mq;3;8;330;4;8;600;mq;mq;mq;mq;mq;mq;
78922;20110920030000;101360;80;0;70;2.100000;300.150000;295.950000;78;mq;mq;mq;mq;mq;mq;mq;mq;mq;mq;100920;mq;mq;mq;mq;mq;mq;mq;mq;mq;mq;mq;mq;mq;mq;mq;mq;mq;mq;mq;mq;mq;mq;mq;mq;mq;mq;mq;mq;mq;mq;mq;mq;mq;mq;mq;mq;mq;mq;
78925;20110920030000;101420;100;3;80;1.000000;298.150000;297.650000;97;20000;2;1;1;60;3;800;38;27;12;mq;mq;mq;mq;mq;mq;mq;mq;mq;mq;mq;mq;mq;mq;mq;mq;mq;mq;mq;mq;mq;mq;mq;mq;mq;mq;mq;2;8;690;5;0;8400;mq;mq;mq;mq;mq;mq;
81401;20110920030000;101200;mq;mq;90;1.000000;298.850000;297.050000;90;mq;mq;mq;mq;mq;mq;mq;mq;mq;mq;101140;mq;mq;mq;mq;mq;mq;mq;mq;mq;mq;mq;mq;mq;mq;mq;mq;mq;mq;0.000000;mq;mq;mq;mq;mq;mq;mq;mq;mq;mq;mq;mq;mq;mq;mq;mq;mq;mq;mq;
81405;20110920030000;101270;mq;mq;200;1.000000;298.250000;297.350000;95;29000;0;mq;mq;mq;mq;mq;mq;mq;mq;101180;mq;mq;mq;mq;mq;mq;mq;mq;mq;mq;mq;mq;mq;mq;mq;mq;mq;mq;0.000000;mq;mq;mq;mq;mq;mq;mq;mq;mq;mq;mq;mq;mq;mq;mq;mq;mq;mq;mq;
81408;20110920030000;101270;mq;mq;310;0.500000;296.250000;295.750000;97;mq;mq;mq;mq;mq;mq;mq;mq;mq;mq;101190;mq;mq;mq;mq;mq;mq;mq;mq;mq;mq;mq;mq;mq;mq;mq;mq;mq;mq;0.000000;mq;mq;mq;mq;mq;mq;mq;mq;mq;mq;mq;mq;mq;mq;mq;mq;mq;mq;mq;
89642;20110920030000;97630;-260;6;140;18.000000;260.750000;254.550000;56;30000;2;1;1;90;7;800;38;61;60;97080;mq;mq;mq;mq;mq;mq;mq;mq;mq;mq;25.200000;29.800000;-30;mq;mq;mq;mq;mq;mq;mq;mq;mq;1025.000000;1130.000000;mq;mq;1;8;780;7;6;1500;mq;mq;mq;mq;mq;mq;
07005;20110920060000;102180;110;3;190;4.600000;287.350000;284.550000;83;20000;2;1;1;100;8;800;35;61;60;101290;mq;mq;mq;286.750000;mq;288.150000;mq;286.150000;mq;mq;mq;6.700000;-10;2;0.000000;0.000000;-60;0.000000;0.000000;mq;2.000000;2.000000;710.000000;1107.000000;3100.000000;mq;8;6;600;mq;mq;mq;mq;mq;mq;mq;mq;mq;
07015;20110920060000;102140;110;3;230;3.600000;287.850000;285.350000;85;20000;3;mq;mq;100;8;800;35;61;60;101580;mq;mq;mq;285.550000;mq;288.450000;mq;284.150000;mq;mq;mq;7.700000;-10;1;0.000000;0.000000;-60;0.000000;0.000000;mq;0.000000;0.000000;710.000000;1108.000000;3100.000000;mq;8;6;690;mq;mq;mq;mq;mq;mq;mq;mq;mq;
07020;20110920060000;102090;30;1;220;8.200000;289.550000;287.350000;87;18000;2;1;1;90;6;800;38;27;11;101830;mq;mq;mq;289.050000;mq;289.750000;mq;mq;mq;mq;mq;12.900000;-10;mq;mq;mq;mq;0.000000;0.000000;mq;0.000000;0.000000;710.000000;1113.000000;mq;mq;2;8;780;5;6;1200;mq;mq;mq;mq;mq;mq;
07027;20110920060000;102230;60;3;160;3.600000;286.450000;284.550000;88;30000;2;1;1;100;8;1250;35;61;60;101420;mq;mq;mq;286.450000;mq;288.250000;mq;286.150000;mq;mq;mq;4.600000;-10;1;0.000000;0.000000;-60;0.000000;0.000000;mq;0.000000;0.000000;710.000000;1105.000000;3100.000000;mq;8;6;1140;mq;mq;mq;mq;mq;mq;mq;mq;mq;
07037;20110920060000;102300;110;3;210;3.600000;286.450000;285.350000;93;15000;2;1;1;100;8;800;35;61;60;100480;mq;mq;mq;286.450000;mq;287.550000;mq;285.150000;mq;mq;mq;5.100000;-10;0;0.000000;0.000000;-60;0.000000;0.000000;mq;0.000000;0.000000;710.000000;1105.000000;3100.000000;mq;8;6;930;mq;mq;mq;mq;mq;mq;mq;mq;mq;
07110;20110920060000;102090;-50;7;210;5.100000;288.350000;286.350000;88;15000;2;1;1;90;7;800;38;61;60;100960;mq;mq;mq;288.050000;mq;288.450000;mq;288.150000;mq;mq;mq;8.200000;-10;0;0.000000;mq;mq;0.000000;0.000000;mq;0.000000;0.000000;710.000000;1108.000000;mq;mq;2;8;600;7;6;1140;mq;mq;mq;mq;mq;mq;
07117;20110920060000;102100;-10;6;220;4.600000;288.150000;284.950000;81;20000;2;1;1;75;6;3500;30;28;60;101400;mq;mq;mq;287.350000;mq;288.950000;mq;mq;mq;mq;mq;8.700000;-10;mq;mq;mq;mq;0.000000;0.000000;mq;0.000000;mq;710.000000;1109.000000;2428.000000;mq;mq;mq;mq;mq;mq;mq;mq;mq;mq;mq;mq;mq;
07130;20110920060000;102340;80;1;190;2.100000;287.450000;284.950000;85;50000;0;mq;mq;100;mq;450;mq;mq;mq;101820;mq;mq;mq;287.350000;mq;288.350000;mq;287.150000;mq;mq;mq;2.600000;-10;0;0.000000;mq;mq;0.000000;0.000000;mq;0.000000;0.000000;710.000000;1103.000000;mq;mq;mq;mq;mq;mq;mq;mq;mq;mq;mq;mq;mq;mq;
07139;20110920060000;102400;140;3;240;2.600000;286.350000;284.750000;90;16000;2;1;1;90;7;150;35;61;60;100670;mq;mq;mq;285.450000;mq;288.450000;mq;283.150000;mq;mq;mq;4.100000;-10;1;0.000000;0.000000;-60;0.000000;0.000000;mq;0.000000;0.000000;710.000000;1104.000000;3100.000000;mq;2;7;90;7;6;990;mq;mq;mq;mq;mq;mq;
07149;20110920060000;102390;100;3;210;1.500000;286.850000;286.250000;96;15000;3;5;2;90;7;150;35;61;60;101310;mq;mq;mq;285.050000;mq;288.550000;mq;281.150000;mq;mq;mq;3.600000;-10;1;0.000000;0.000000;-60;0.000000;0.000000;mq;0.200000;0.200000;710.000000;1104.000000;3100.000000;mq;1;7;180;7;6;1140;mq;mq;mq;mq;mq;mq;
07168;20110920060000;102490;100;3;100;1.000000;281.150000;280.550000;96;15000;2;1;1;90;7;1250;35;61;60;101040;mq;mq;mq;279.150000;mq;286.750000;mq;276.150000;mq;mq;mq;2.100000;-10;1;0.000000;0.000000;-60;0.000000;0.000000;mq;0.000000;0.200000;710.000000;1102.000000;3100.000000;mq;3;6;1200;6;6;1800;mq;mq;mq;mq;mq;mq;
07181;20110920060000;102530;110;3;150;2.100000;280.950000;280.350000;96;40000;2;1;1;10;1;800;35;20;10;98380;mq;mq;mq;280.050000;mq;284.250000;mq;277.150000;mq;mq;mq;3.600000;-10;1;0.000000;0.000000;-60;0.000000;0.000000;mq;0.200000;0.200000;710.000000;1104.000000;3100.000000;mq;1;6;900;mq;mq;mq;mq;mq;mq;mq;mq;mq;
07190;20110920060000;102550;100;2;210;0.500000;279.950000;279.350000;96;7000;0;mq;mq;mq;mq;mq;mq;mq;mq;100690;mq;mq;mq;278.850000;mq;286.450000;mq;275.150000;mq;mq;mq;2.600000;-10;1;0.000000;mq;mq;0.000000;0.000000;mq;0.200000;4.600000;710.000000;1103.000000;mq;mq;mq;mq;mq;mq;mq;mq;mq;mq;mq;mq;mq;mq;
07207;20110920060000;mq;mq;mq;260;4.600000;289.850000;286.150000;79;15000;2;1;1;100;1;800;35;20;10;mq;mq;mq;mq;289.350000;mq;289.950000;mq;mq;mq;mq;mq;7.700000;-10;mq;mq;mq;mq;0.000000;0.000000;mq;0.000000;mq;710.000000;1108.000000;2437.000000;mq;mq;mq;mq;mq;mq;mq;mq;mq;mq;mq;mq;mq;
07222;20110920060000;102380;70;3;210;1.500000;288.050000;286.250000;89;15000;2;1;1;100;7;1250;35;61;60;102070;mq;mq;mq;287.850000;mq;289.250000;mq;287.150000;mq;mq;mq;3.100000;-10;0;0.000000;mq;mq;0.000000;0.000000;mq;0.000000;0.000000;710.000000;1103.000000;mq;mq;7;6;1020;mq;mq;mq;mq;mq;mq;mq;mq;mq;
07240;20110920060000;102420;90;3;270;1.500000;287.450000;286.350000;93;40000;1;mq;mq;100;8;1250;35;61;60;101080;mq;mq;mq;287.150000;mq;289.950000;mq;285.150000;mq;mq;mq;2.600000;-10;1;0.000000;0.000000;-60;0.000000;0.000000;mq;0.000000;0.000000;710.000000;1103.000000;3100.000000;mq;8;6;1260;mq;mq;mq;mq;mq;mq;mq;mq;mq;
07255;20110920060000;102500;90;3;220;1.000000;284.350000;283.750000;96;20000;11;1;1;10;1;1750;35;20;11;100490;mq;mq;mq;284.250000;mq;289.950000;mq;282.150000;mq;mq;mq;1.500000;-10;0;0.000000;0.000000;-60;0.000000;0.000000;mq;0.000000;0.000000;710.000000;1102.000000;3100.000000;mq;1;6;1500;mq;mq;mq;mq;mq;mq;mq;mq;mq;
07280;20110920060000;102580;120;3;300;1.500000;279.750000;279.150000;96;19000;0;mq;mq;mq;mq;mq;mq;mq;mq;99790;mq;mq;mq;279.250000;mq;288.150000;mq;276.150000;mq;mq;mq;2.100000;-10;0;0.000000;mq;mq;0.000000;0.000000;mq;0.000000;1.600000;710.000000;1102.000000;mq;mq;mq;mq;mq;mq;mq;mq;mq;mq;mq;mq;mq;mq;
07299;20110920060000;102600;80;3;220;0.500000;279.350000;279.050000;98;6000;40;1;1;90;7;80;36;20;10;99260;mq;mq;mq;278.350000;mq;285.950000;mq;276.150000;mq;mq;mq;2.100000;-10;1;0.000000;0.000000;-60;0.000000;0.000000;mq;0.200000;9.600000;710.000000;1102.000000;3100.000000;mq;7;7;90;mq;mq;mq;mq;mq;mq;mq;mq;mq;
07314;20110920060000;102480;60;3;140;1.500000;287.350000;285.950000;91;13000;2;1;1;75;4;1250;34;23;10;102200;mq;mq;mq;287.250000;mq;290.850000;mq;mq;mq;mq;mq;2.100000;-10;mq;mq;mq;mq;0.000000;0.000000;mq;0.200000;0.400000;710.000000;1102.000000;2427.000000;mq;4;8;1200;3;3;1800;mq;mq;mq;mq;mq;mq;
07335;20110920060000;102500;80;3;170;1.500000;284.350000;284.050000;98;15000;11;1;1;10;1;1250;35;23;10;101040;mq;mq;mq;283.750000;mq;290.850000;mq;282.150000;mq;mq;mq;1.500000;-10;0;0.000000;mq;mq;0.000000;0.000000;mq;0.000000;0.000000;710.000000;1102.000000;mq;mq;1;6;1380;mq;mq;mq;mq;mq;mq;mq;mq;mq;
07434;20110920060000;102590;50;3;50;1.500000;280.950000;280.550000;97;400;44;4;1;75;5;30;36;20;11;97730;mq;mq;mq;280.950000;mq;286.950000;mq;279.150000;mq;mq;mq;2.600000;-10;0;0.000000;0.000000;-60;0.000000;0.200000;mq;0.200000;0.200000;710.000000;1103.000000;3100.000000;mq;5;7;30;mq;mq;mq;mq;mq;mq;mq;mq;mq;
07460;20110920060000;102570;80;3;360;1.000000;281.750000;281.350000;97;20000;3;mq;mq;75;6;800;35;20;10;98630;mq;mq;mq;280.450000;mq;287.950000;mq;278.150000;mq;mq;mq;1.000000;-10;1;0.000000;0.000000;-60;0.000000;0.000000;mq;0.000000;0.800000;710.000000;1101.000000;3100.000000;mq;6;6;810;mq;mq;mq;mq;mq;mq;mq;mq;mq;
07471;20110920060000;mq;50;3;260;0.500000;279.050000;278.150000;94;25000;2;1;1;10;1;800;35;20;10;92780;85000;18220;mq;278.950000;mq;283.350000;mq;276.150000;mq;mq;mq;2.600000;-10;1;0.000000;0.000000;-60;0.000000;0.000000;mq;0.000000;0.800000;710.000000;1103.000000;3100.000000;mq;1;6;750;mq;mq;mq;mq;mq;mq;mq;mq;mq;
07481;20110920060000;102420;70;3;20;1.500000;282.550000;281.450000;93;12000;2;1;1;10;1;150;36;20;10;99510;mq;mq;mq;281.950000;mq;286.950000;mq;278.150000;mq;mq;mq;4.600000;-10;1;0.000000;0.000000;-60;0.000000;0.200000;mq;0.200000;9.800000;710.000000;1105.000000;3100.000000;mq;1;7;90;mq;mq;mq;mq;mq;mq;mq;mq;mq;
07510;20110920060000;102490;40;3;110;1.000000;283.150000;283.150000;100;15000;11;0;0;10;1;1250;35;20;11;101830;mq;mq;mq;283.150000;mq;290.150000;mq;281.150000;mq;mq;mq;1.500000;-10;0;0.000000;0.000000;-60;0.000000;0.000000;mq;0.000000;0.800000;710.000000;1102.000000;3100.000000;mq;1;6;990;mq;mq;mq;mq;mq;mq;mq;mq;mq;
07535;20110920060000;102550;50;3;0;0.000000;281.350000;281.250000;99;900;46;4;1;100;8;30;36;61;60;99380;mq;mq;mq;280.950000;mq;289.150000;mq;279.150000;mq;mq;mq;1.500000;-10;0;0.000000;0.000000;-60;mq;mq;mq;mq;mq;710.000000;1102.000000;3100.000000;mq;8;7;20;mq;mq;mq;mq;mq;mq;mq;mq;mq;
07558;20110920060000;102360;-10;5;360;5.700000;281.950000;279.350000;84;60000;2;1;1;0;mq;mq;mq;mq;mq;93960;mq;mq;mq;281.550000;mq;284.950000;mq;280.150000;mq;mq;mq;8.700000;-10;0;0.000000;0.000000;-60;0.000000;0.000000;mq;0.000000;0.000000;710.000000;1109.000000;3100.000000;mq;mq;mq;mq;mq;mq;mq;mq;mq;mq;mq;mq;mq;
07577;20110920060000;102150;180;1;30;6.700000;285.850000;282.450000;80;40000;2;1;1;10;1;800;31;20;11;101260;mq;mq;mq;285.250000;mq;288.950000;mq;285.150000;mq;mq;mq;9.800000;-10;0;0.000000;0.000000;-60;0.000000;0.000000;mq;0.000000;0.200000;710.000000;1110.000000;3100.000000;mq;1;8;600;mq;mq;mq;mq;mq;mq;mq;mq;mq;
07591;20110920060000;mq;210;1;40;2.100000;277.250000;274.950000;85;mq;0;mq;mq;mq;mq;mq;mq;mq;mq;91930;mq;mq;mq;277.050000;mq;284.050000;mq;273.150000;mq;mq;mq;3.600000;-10;mq;mq;mq;mq;0.000000;0.000000;mq;0.000000;0.000000;710.000000;1104.000000;mq;mq;mq;mq;mq;mq;mq;mq;mq;mq;mq;mq;mq;mq;
07607;20110920060000;102530;40;3;70;1.500000;278.850000;278.150000;95;16000;0;mq;mq;mq;mq;mq;mq;mq;mq;101790;mq;mq;mq;278.850000;mq;289.950000;mq;277.150000;mq;mq;mq;2.100000;-10;mq;mq;mq;mq;0.000000;0.000000;mq;0.000000;0.000000;710.000000;1102.000000;mq;mq;mq;mq;mq;mq;mq;mq;mq;mq;mq;mq;mq;mq;
07621;20110920060000;102550;30;3;180;1.500000;281.150000;280.750000;97;50000;2;mq;mq;0;mq;mq;mq;mq;mq;98150;mq;mq;mq;280.350000;mq;288.250000;mq;278.150000;mq;mq;mq;2.600000;-10;0;0.000000;0.000000;-60;0.000000;0.000000;mq;0.000000;0.600000;710.000000;1103.000000;3100.000000;mq;mq;mq;mq;mq;mq;mq;mq;mq;mq;mq;mq;mq;
07627;20110920060000;102550;10;3;80;0.500000;281.750000;280.550000;92;30000;2;1;1;0;mq;mq;mq;mq;mq;97610;mq;mq;mq;281.350000;mq;288.250000;mq;278.150000;mq;mq;mq;3.100000;-10;0;0.000000;0.000000;-60;0.000000;0.000000;mq;0.000000;1.000000;710.000000;1103.000000;3100.000000;mq;mq;mq;mq;mq;mq;mq;mq;mq;mq;mq;mq;mq;
07630;20110920060000;102480;30;0;330;1.500000;284.150000;282.750000;91;35000;2;1;1;0;mq;mq;mq;mq;mq;100660;mq;mq;mq;283.250000;mq;289.950000;mq;280.150000;mq;mq;mq;3.100000;-10;0;0.000000;0.000000;-60;0.000000;0.000000;mq;0.000000;3.000000;710.000000;1103.000000;3100.000000;mq;mq;mq;mq;mq;mq;mq;mq;mq;mq;mq;mq;mq;
07643;20110920060000;102040;60;3;290;1.500000;287.250000;280.350000;63;60000;2;1;1;10;0;8000;30;20;11;101940;mq;mq;mq;286.250000;mq;293.150000;mq;284.150000;mq;mq;mq;5.100000;-10;0;0.000000;mq;mq;0.000000;0.000000;mq;0.000000;0.000000;710.000000;1105.000000;mq;mq;1;0;7800;mq;mq;mq;mq;mq;mq;mq;mq;mq;
07650;20110920060000;101720;100;3;340;6.700000;288.850000;280.650000;58;75000;2;1;1;10;1;3500;30;23;10;101340;mq;mq;mq;288.250000;mq;291.650000;mq;287.150000;mq;mq;mq;9.300000;-10;0;0.000000;0.000000;-60;0.000000;0.000000;mq;0.000000;0.000000;710.000000;1109.000000;3100.000000;mq;1;3;6000;mq;mq;mq;mq;mq;mq;mq;mq;mq;
07661;20110920060000;101610;170;3;50;1.500000;289.050000;277.750000;47;25000;2;1;1;0;mq;mq;mq;mq;mq;100020;mq;mq;mq;287.550000;mq;291.350000;mq;mq;mq;mq;mq;3.600000;-10;mq;mq;mq;mq;0.000000;0.000000;mq;0.000000;0.000000;710.000000;1104.000000;mq;mq;mq;mq;mq;mq;mq;mq;mq;mq;mq;mq;mq;mq;
07690;20110920060000;101580;200;1;340;5.100000;289.650000;274.850000;37;50000;2;1;1;10;1;800;35;20;10;101250;mq;mq;mq;288.850000;mq;296.150000;mq;287.150000;mq;mq;mq;7.700000;-10;0;0.000000;0.000000;-60;0.000000;0.000000;mq;0.000000;0.000000;710.000000;1108.000000;3100.000000;mq;1;6;900;mq;mq;mq;mq;mq;mq;mq;mq;mq;
07747;20110920060000;102150;60;3;310;5.100000;289.950000;282.350000;61;30000;2;1;1;10;1;1250;31;20;10;101620;mq;mq;mq;289.250000;mq;292.050000;mq;285.150000;mq;mq;mq;8.700000;-10;0;0.000000;0.000000;-60;0.000000;0.000000;mq;0.000000;0.200000;710.000000;1109.000000;3100.000000;mq;1;8;1200;mq;mq;mq;mq;mq;mq;mq;mq;mq;
07761;20110920060000;101390;160;3;50;3.100000;286.050000;281.750000;75;25000;2;1;1;10;1;3500;30;23;10;101280;mq;mq;mq;285.150000;mq;293.850000;mq;284.150000;mq;mq;mq;5.100000;-10;0;0.000000;0.000000;-60;0.000000;0.000000;mq;0.000000;2.200000;710.000000;1105.000000;3100.000000;mq;1;3;3000;mq;mq;mq;mq;mq;mq;mq;mq;mq;
07790;20110920060000;101410;230;3;310;3.600000;291.350000;282.150000;55;60000;2;1;1;10;1;800;38;20;10;101270;mq;mq;mq;288.750000;mq;294.250000;mq;284.150000;mq;mq;mq;6.200000;-10;1;0.000000;0.000000;-60;0.000000;0.000000;mq;2.000000;2.400000;710.000000;1106.000000;3100.000000;mq;1;8;690;mq;mq;mq;mq;mq;mq;mq;mq;mq;
61968;20110920060000;101810;mq;mq;130;3.600000;300.550000;293.850000;67;mq;mq;mq;mq;mq;mq;mq;mq;mq;mq;mq;mq;mq;mq;296.550000;mq;mq;mq;mq;mq;mq;mq;8.200000;-10;mq;mq;mq;mq;0.000000;mq;mq;mq;0.000000;710.000000;1108.000000;mq;mq;mq;mq;mq;mq;mq;mq;mq;mq;mq;mq;mq;mq;
61970;20110920060000;101940;mq;mq;mq;mq;300.150000;295.750000;77;mq;mq;mq;mq;mq;mq;mq;mq;mq;mq;mq;mq;mq;mq;294.650000;mq;mq;mq;mq;mq;mq;mq;mq;mq;mq;mq;mq;mq;0.000000;mq;mq;mq;0.000000;mq;mq;mq;mq;mq;mq;mq;mq;mq;mq;mq;mq;mq;mq;mq;mq;
61972;20110920060000;101960;mq;mq;140;3.600000;297.750000;295.050000;85;mq;mq;mq;mq;mq;mq;mq;mq;mq;mq;mq;mq;mq;mq;294.050000;mq;mq;mq;mq;mq;mq;mq;6.700000;-10;mq;mq;mq;mq;0.000000;mq;mq;mq;0.000000;710.000000;1107.000000;mq;mq;mq;mq;mq;mq;mq;mq;mq;mq;mq;mq;mq;mq;
61976;20110920060000;102050;mq;mq;120;9.300000;298.250000;295.550000;85;mq;mq;mq;mq;mq;mq;mq;mq;mq;mq;101900;mq;mq;110;mq;mq;mq;mq;mq;mq;mq;mq;mq;mq;mq;mq;mq;mq;mq;mq;mq;mq;mq;mq;mq;mq;mq;mq;mq;mq;mq;mq;mq;mq;mq;mq;mq;mq;mq;
61980;20110920060000;102330;mq;mq;80;8.200000;298.850000;292.450000;68;10000;2;1;1;10;1;800;38;20;10;mq;mq;mq;mq;292.250000;mq;mq;mq;289.150000;mq;mq;mq;9.800000;-10;mq;mq;mq;mq;0.000000;mq;mq;mq;0.000000;710.000000;1110.000000;2437.000000;mq;1;8;900;mq;mq;mq;mq;mq;mq;mq;mq;mq;
61997;20110920060000;99170;mq;mq;300;11.300000;277.050000;272.650000;73;mq;mq;mq;mq;mq;mq;mq;mq;mq;mq;mq;mq;mq;mq;275.150000;mq;mq;mq;274.150000;mq;mq;mq;24.200000;-60;mq;mq;mq;mq;mq;mq;mq;mq;3.000000;1124.000000;mq;mq;mq;mq;mq;mq;mq;mq;mq;mq;mq;mq;mq;mq;mq;
61998;20110920060000;98160;mq;mq;300;12.300000;278.750000;275.250000;78;24000;2;1;1;60;5;800;35;20;10;mq;mq;mq;mq;270.550000;mq;mq;mq;271.150000;mq;mq;mq;16.500000;-10;mq;mq;mq;mq;0.000000;mq;mq;mq;16.000000;710.000000;1116.000000;mq;mq;5;6;690;mq;mq;mq;mq;mq;mq;mq;mq;mq;
67005;20110920060000;101880;mq;mq;160;4.100000;300.050000;294.550000;72;mq;0;mq;mq;mq;mq;mq;mq;mq;mq;mq;mq;mq;mq;293.850000;mq;mq;mq;291.150000;mq;mq;mq;5.700000;-10;mq;mq;mq;mq;0.000000;mq;mq;mq;0.000000;710.000000;1106.000000;mq;mq;mq;mq;mq;mq;mq;mq;mq;mq;mq;mq;mq;mq;
71805;20110920060000;101640;-500;6;70;10.800000;284.350000;283.750000;96;16000;0;mq;mq;mq;mq;450;mq;mq;mq;101560;mq;mq;mq;mq;284.050000;mq;286.750000;284.150000;mq;mq;mq;14.400000;-10;mq;mq;mq;mq;0.000000;0.000000;mq;0.000000;0.000000;710.000000;1114.000000;mq;mq;mq;mq;mq;mq;mq;mq;mq;mq;mq;mq;mq;mq;
78897;20110920060000;101280;-160;7;0;0.000000;296.950000;296.050000;95;20000;2;8;6;60;3;800;38;20;12;mq;mq;mq;mq;mq;296.950000;mq;300.950000;275.150000;mq;mq;mq;mq;mq;mq;mq;mq;mq;mq;mq;3.000000;mq;43.500000;mq;mq;mq;mq;3;8;600;3;0;7800;mq;mq;mq;mq;mq;mq;
78922;20110920060000;101250;-110;6;110;4.600000;299.850000;296.150000;80;mq;mq;mq;mq;mq;mq;mq;mq;mq;mq;100810;mq;mq;mq;mq;mq;mq;mq;mq;mq;mq;mq;mq;mq;mq;mq;mq;mq;mq;mq;mq;mq;mq;mq;mq;mq;mq;mq;mq;mq;mq;mq;mq;mq;mq;mq;mq;mq;mq;
78925;20110920060000;101270;-150;8;40;1.500000;297.150000;296.850000;98;60000;0;mq;mq;100;mq;800;mq;mq;mq;mq;mq;mq;mq;mq;296.450000;mq;303.750000;mq;mq;mq;mq;mq;mq;mq;mq;mq;mq;mq;mq;3.000000;mq;14.800000;mq;mq;mq;mq;mq;mq;mq;mq;mq;mq;mq;mq;mq;mq;mq;mq;
81401;20110920060000;101110;mq;mq;0;0.000000;298.250000;297.050000;93;mq;mq;mq;mq;mq;mq;mq;mq;mq;mq;101050;mq;mq;mq;mq;mq;mq;mq;mq;mq;mq;mq;mq;mq;mq;mq;mq;mq;mq;0.000000;0.000000;mq;mq;mq;mq;mq;mq;mq;mq;mq;mq;mq;mq;mq;mq;mq;mq;mq;mq;
81405;20110920060000;101130;mq;mq;0;0.000000;297.250000;296.550000;96;28000;0;mq;mq;mq;mq;1250;mq;mq;mq;101040;mq;mq;mq;mq;mq;mq;mq;296.150000;mq;mq;mq;mq;mq;mq;mq;mq;mq;mq;0.000000;0.000000;mq;mq;mq;mq;mq;mq;mq;mq;mq;mq;mq;mq;mq;mq;mq;mq;mq;mq;
81408;20110920060000;101110;mq;mq;0;0.000000;295.350000;295.050000;98;mq;mq;mq;mq;mq;mq;mq;mq;mq;mq;101030;mq;mq;mq;mq;mq;mq;mq;mq;mq;mq;mq;mq;mq;mq;mq;mq;mq;mq;0.200000;0.200000;mq;mq;mq;mq;mq;mq;mq;mq;mq;mq;mq;mq;mq;mq;mq;mq;mq;mq;
89642;20110920060000;97420;-210;6;140;14.400000;261.150000;254.950000;56;mq;mq;mq;mq;mq;mq;mq;mq;mq;mq;96870;mq;mq;mq;mq;mq;mq;mq;274.150000;mq;mq;20.100000;29.800000;-60;mq;mq;mq;mq;mq;mq;mq;mq;mq;1020.000000;1130.000000;mq;mq;mq;mq;mq;mq;mq;mq;mq;mq;mq;mq;mq;mq;
07005;20110920090000;102280;110;3;200;5.700000;289.050000;284.850000;76;30000;2;1;1;100;8;800;35;61;60;101400;mq;mq;mq;mq;mq;mq;mq;mq;mq;mq;mq;8.200000;-10;mq;mq;0.000000;-30;0.000000;0.000000;mq;mq;mq;710.000000;1108.000000;3100.000000;mq;8;6;900;mq;mq;mq;mq;mq;mq;mq;mq;mq;
07015;20110920090000;102250;110;1;230;5.700000;289.450000;284.350000;72;30000;2;1;1;100;8;1250;35;61;60;101690;mq;mq;mq;mq;mq;mq;mq;mq;mq;mq;mq;9.300000;-10;mq;mq;0.000000;-30;0.000000;0.000000;mq;mq;mq;710.000000;1109.000000;3100.000000;mq;8;6;1080;mq;mq;mq;mq;mq;mq;mq;mq;mq;
07020;20110920090000;102210;120;3;220;8.700000;290.450000;287.150000;81;20000;2;1;1;60;4;800;38;20;11;101950;mq;mq;mq;mq;mq;mq;mq;mq;mq;mq;mq;11.800000;-10;mq;mq;mq;mq;0.000000;0.200000;mq;mq;mq;710.000000;1112.000000;mq;mq;2;8;780;3;0;6000;mq;mq;mq;mq;mq;mq;
07027;20110920090000;102330;110;1;180;4.600000;289.450000;285.750000;79;30000;2;1;1;90;4;800;38;23;60;101530;mq;mq;mq;mq;mq;mq;mq;mq;mq;mq;mq;7.700000;-10;mq;mq;0.000000;-30;0.000000;0.000000;mq;mq;mq;710.000000;1108.000000;3100.000000;mq;1;8;750;4;6;1200;5;3;3300;mq;mq;mq;
07037;20110920090000;102370;80;3;200;6.200000;288.550000;284.950000;79;15000;2;1;1;100;8;1250;35;61;60;100560;mq;mq;mq;mq;mq;mq;mq;mq;mq;mq;mq;8.700000;-10;mq;mq;0.000000;-30;0.000000;0.000000;mq;mq;mq;710.000000;1109.000000;3100.000000;mq;8;6;1080;mq;mq;mq;mq;mq;mq;mq;mq;mq;
07110;20110920090000;102190;100;1;210;6.200000;289.650000;285.950000;79;20000;2;1;1;100;8;1250;38;61;60;101060;mq;mq;mq;mq;mq;mq;mq;mq;mq;mq;mq;9.300000;-10;mq;mq;mq;mq;0.000000;0.000000;mq;mq;mq;710.000000;1109.000000;mq;mq;8;6;1170;mq;mq;mq;mq;mq;mq;mq;mq;mq;
07117;20110920090000;102190;100;3;220;4.600000;290.150000;284.650000;70;20000;2;1;1;90;7;1250;35;61;60;101500;mq;mq;mq;mq;mq;mq;mq;mq;mq;mq;mq;8.700000;-10;mq;mq;mq;mq;0.000000;0.000000;mq;mq;mq;710.000000;1109.000000;2428.000000;mq;mq;mq;mq;mq;mq;mq;mq;mq;mq;mq;mq;mq;
07130;20110920090000;102430;90;3;180;2.600000;289.050000;284.650000;75;35000;0;mq;mq;100;mq;800;mq;mq;mq;101910;mq;mq;mq;mq;mq;mq;mq;mq;mq;mq;mq;4.100000;-10;mq;mq;mq;mq;0.000000;0.000000;mq;mq;mq;710.000000;1104.000000;mq;mq;mq;mq;mq;mq;mq;mq;mq;mq;mq;mq;mq;mq;
07139;20110920090000;102480;90;3;180;2.600000;287.650000;284.950000;84;25000;2;1;1;90;7;450;38;61;60;100760;mq;mq;mq;mq;mq;mq;mq;mq;mq;mq;mq;3.600000;-10;mq;mq;0.000000;-30;0.000000;0.000000;mq;mq;mq;710.000000;1104.000000;3100.000000;mq;1;8;450;7;6;1080;mq;mq;mq;mq;mq;mq;
07149;20110920090000;102510;130;3;260;3.100000;290.350000;286.650000;79;22000;2;1;1;90;7;450;38;61;60;101440;mq;mq;mq;mq;mq;mq;mq;mq;mq;mq;mq;6.200000;-10;mq;mq;0.000000;-30;0.000000;0.000000;mq;mq;mq;710.000000;1106.000000;3100.000000;mq;2;8;480;7;6;1200;mq;mq;mq;mq;mq;mq;
07168;20110920090000;102590;130;2;140;2.600000;286.850000;285.050000;89;20000;0;mq;mq;mq;mq;mq;mq;mq;mq;101170;mq;mq;mq;mq;mq;mq;mq;mq;mq;mq;mq;3.100000;-10;mq;mq;mq;mq;0.200000;0.200000;mq;mq;mq;710.000000;1103.000000;mq;mq;mq;mq;mq;mq;mq;mq;mq;mq;mq;mq;mq;mq;
07181;20110920090000;102580;150;2;240;2.600000;288.050000;283.850000;76;60000;2;mq;mq;25;2;800;35;20;10;98530;mq;mq;mq;mq;mq;mq;mq;mq;mq;mq;mq;4.100000;-10;mq;mq;0.000000;-30;0.000000;0.000000;mq;mq;mq;710.000000;1104.000000;3100.000000;mq;2;6;780;mq;mq;mq;mq;mq;mq;mq;mq;mq;
07190;20110920090000;102630;130;1;190;2.100000;287.750000;283.150000;74;50000;0;mq;mq;mq;mq;mq;mq;mq;mq;100820;mq;mq;mq;mq;mq;mq;mq;mq;mq;mq;mq;4.100000;-10;mq;mq;mq;mq;0.000000;0.200000;mq;mq;mq;710.000000;1104.000000;mq;mq;mq;mq;mq;mq;mq;mq;mq;mq;mq;mq;mq;mq;
07207;20110920090000;mq;mq;mq;260;3.600000;290.050000;285.350000;74;20000;2;1;1;100;1;800;35;20;10;mq;mq;mq;mq;mq;mq;mq;mq;mq;mq;mq;mq;7.700000;-10;mq;mq;mq;mq;0.000000;0.000000;mq;mq;mq;710.000000;1108.000000;2437.000000;mq;mq;mq;mq;mq;mq;mq;mq;mq;mq;mq;mq;mq;
07222;20110920090000;102460;80;2;160;3.100000;289.550000;286.850000;84;15000;2;1;1;90;7;800;38;61;60;102150;mq;mq;mq;mq;mq;mq;mq;mq;mq;mq;mq;4.600000;-10;mq;mq;mq;mq;0.000000;0.000000;mq;mq;mq;710.000000;1105.000000;mq;mq;1;8;840;7;6;1080;mq;mq;mq;mq;mq;mq;
07240;20110920090000;102550;130;1;280;1.500000;289.550000;286.050000;80;55000;0;mq;mq;100;mq;800;mq;mq;mq;101210;mq;mq;mq;mq;mq;mq;mq;mq;mq;mq;mq;4.100000;-10;mq;mq;mq;mq;0.000000;0.000000;mq;mq;mq;710.000000;1104.000000;mq;mq;mq;mq;mq;mq;mq;mq;mq;mq;mq;mq;mq;mq;
07255;20110920090000;102580;120;1;220;1.000000;290.450000;285.750000;74;25000;2;1;1;10;1;450;38;20;11;100610;mq;mq;mq;mq;mq;mq;mq;mq;mq;mq;mq;2.600000;-10;mq;mq;0.000000;-30;0.000000;0.000000;mq;mq;mq;710.000000;1103.000000;3100.000000;mq;1;8;510;mq;mq;mq;mq;mq;mq;mq;mq;mq;
07280;20110920090000;102610;120;1;80;1.500000;288.750000;283.550000;71;55000;0;mq;mq;mq;mq;mq;mq;mq;mq;99910;mq;mq;mq;mq;mq;mq;mq;mq;mq;mq;mq;2.600000;-10;mq;mq;mq;mq;0.000000;0.000000;mq;mq;mq;710.000000;1103.000000;mq;mq;mq;mq;mq;mq;mq;mq;mq;mq;mq;mq;mq;mq;
07299;20110920090000;102690;160;2;150;2.100000;285.450000;283.350000;87;8000;2;1;1;40;3;150;31;20;10;99420;mq;mq;mq;mq;mq;mq;mq;mq;mq;mq;mq;5.100000;-10;mq;mq;0.000000;-30;0.000000;0.000000;mq;mq;mq;710.000000;1105.000000;3100.000000;mq;3;8;180;mq;mq;mq;mq;mq;mq;mq;mq;mq;
07314;20110920090000;102550;80;2;150;3.100000;291.250000;288.150000;82;14000;2;1;1;75;6;1250;38;20;10;102280;mq;mq;mq;mq;mq;mq;mq;mq;mq;mq;mq;5.100000;-10;mq;mq;mq;mq;0.000000;0.000000;mq;mq;mq;710.000000;1105.000000;2437.000000;mq;2;8;1200;4;6;1380;mq;mq;mq;mq;mq;mq;
07335;20110920090000;102560;90;1;310;1.000000;290.250000;285.950000;76;30000;2;1;1;50;2;450;38;20;11;101130;mq;mq;mq;mq;mq;mq;mq;mq;mq;mq;mq;3.100000;-10;mq;mq;mq;mq;0.000000;0.000000;mq;mq;mq;710.000000;1103.000000;mq;mq;2;8;540;mq;mq;mq;mq;mq;mq;mq;mq;mq;
07434;20110920090000;102540;60;1;100;2.100000;286.950000;284.850000;87;15000;3;4;1;10;1;250;31;20;11;97790;mq;mq;mq;mq;mq;mq;mq;mq;mq;mq;mq;3.600000;-10;mq;mq;0.000000;-30;0.000000;0.000000;mq;mq;mq;710.000000;1104.000000;3100.000000;mq;1;8;240;mq;mq;mq;mq;mq;mq;mq;mq;mq;
07460;20110920090000;102570;100;1;70;1.500000;288.950000;283.250000;69;20000;2;1;1;40;3;800;38;20;10;98730;mq;mq;mq;mq;mq;mq;mq;mq;mq;mq;mq;2.600000;-10;mq;mq;0.000000;-30;0.000000;0.000000;mq;mq;mq;710.000000;1103.000000;3100.000000;mq;2;8;720;mq;mq;mq;mq;mq;mq;mq;mq;mq;
07471;20110920090000;mq;120;3;340;4.600000;285.150000;280.050000;71;25000;2;1;1;50;4;800;31;20;10;92900;85000;18330;mq;mq;mq;mq;mq;mq;mq;mq;mq;7.200000;-10;mq;mq;0.000000;-30;0.000000;0.000000;mq;mq;mq;710.000000;1107.000000;3100.000000;mq;4;8;600;mq;mq;mq;mq;mq;mq;mq;mq;mq;
07481;20110920090000;102490;130;1;360;5.100000;288.350000;282.950000;70;40000;2;1;1;10;1;450;31;20;10;99640;mq;mq;mq;mq;mq;mq;mq;mq;mq;mq;mq;8.200000;-10;mq;mq;0.000000;-30;0.000000;0.000000;mq;mq;mq;710.000000;1108.000000;3100.000000;mq;1;8;390;mq;mq;mq;mq;mq;mq;mq;mq;mq;
07510;20110920090000;102490;20;0;100;2.100000;291.350000;287.450000;78;40000;2;1;1;10;1;450;38;20;11;101850;mq;mq;mq;mq;mq;mq;mq;mq;mq;mq;mq;3.100000;-10;mq;mq;0.000000;-30;0.000000;0.000000;mq;mq;mq;710.000000;1103.000000;3100.000000;mq;1;8;480;mq;mq;mq;mq;mq;mq;mq;mq;mq;
07535;20110920090000;102550;50;3;330;1.500000;286.050000;284.750000;92;10000;28;4;1;0;mq;mq;mq;mq;mq;99430;mq;mq;mq;mq;mq;mq;mq;mq;mq;mq;mq;2.600000;-10;mq;mq;0.000000;-30;0.000000;0.000000;mq;mq;mq;710.000000;1103.000000;3100.000000;mq;mq;mq;mq;mq;mq;mq;mq;mq;mq;mq;mq;mq;
07558;20110920090000;102260;70;1;360;7.200000;287.750000;280.050000;60;mq;mq;mq;mq;mq;mq;mq;mq;mq;mq;94030;mq;mq;mq;mq;mq;mq;mq;mq;mq;mq;mq;13.400000;-10;mq;mq;mq;mq;0.000000;0.000000;mq;mq;mq;710.000000;1113.000000;mq;mq;mq;mq;mq;mq;mq;mq;mq;mq;mq;mq;mq;mq;
07577;20110920090000;102190;50;1;20;8.700000;289.950000;283.750000;67;35000;2;1;1;10;1;450;31;20;11;101310;mq;mq;mq;mq;mq;mq;mq;mq;mq;mq;14.400000;17.000000;-10;mq;mq;0.000000;-30;0.000000;0.000000;mq;mq;mq;1014.000000;710.000000;1117.000000;3100.000000;1;8;480;mq;mq;mq;mq;mq;mq;mq;mq;mq;
07591;20110920090000;mq;90;1;90;1.000000;285.550000;275.150000;49;mq;0;mq;mq;mq;mq;mq;mq;mq;mq;92020;mq;mq;mq;mq;mq;mq;mq;mq;mq;mq;mq;3.100000;-10;mq;mq;mq;mq;0.000000;0.000000;mq;mq;mq;710.000000;1103.000000;mq;mq;mq;mq;mq;mq;mq;mq;mq;mq;mq;mq;mq;mq;
07607;20110920090000;102500;0;0;110;1.500000;290.050000;285.350000;74;55000;0;mq;mq;mq;mq;mq;mq;mq;mq;101790;mq;mq;mq;mq;mq;mq;mq;mq;mq;mq;mq;3.100000;-10;mq;mq;mq;mq;0.000000;0.000000;mq;mq;mq;710.000000;1103.000000;mq;mq;mq;mq;mq;mq;mq;mq;mq;mq;mq;mq;mq;mq;
07621;20110920090000;102460;30;3;80;1.500000;288.850000;283.350000;70;50000;2;1;1;0;mq;mq;mq;mq;mq;98180;mq;mq;mq;mq;mq;mq;mq;mq;mq;mq;mq;3.600000;-10;mq;mq;0.000000;-30;0.000000;0.000000;mq;mq;mq;710.000000;1104.000000;3100.000000;mq;mq;mq;mq;mq;mq;mq;mq;mq;mq;mq;mq;mq;
07627;20110920090000;102450;30;2;270;1.000000;289.150000;282.350000;64;mq;mq;mq;mq;mq;mq;mq;mq;mq;mq;97640;mq;mq;mq;mq;mq;mq;mq;mq;mq;mq;mq;2.600000;-10;mq;mq;mq;mq;0.000000;0.000000;mq;mq;mq;710.000000;1103.000000;mq;mq;mq;mq;mq;mq;mq;mq;mq;mq;mq;mq;mq;mq;
07630;20110920090000;102510;70;3;300;1.500000;289.750000;284.050000;69;40000;2;1;1;10;1;800;31;20;10;100730;mq;mq;mq;mq;mq;mq;mq;mq;mq;mq;mq;3.100000;-10;mq;mq;0.000000;-30;0.000000;0.000000;mq;mq;mq;710.000000;1103.000000;3100.000000;mq;1;8;600;mq;mq;mq;mq;mq;mq;mq;mq;mq;
07643;20110920090000;102140;110;1;330;4.600000;294.250000;278.950000;37;60000;2;1;1;10;0;8000;30;20;11;102050;mq;mq;mq;mq;mq;mq;mq;mq;mq;mq;mq;7.700000;-10;mq;mq;mq;mq;0.000000;0.000000;mq;mq;mq;710.000000;1108.000000;mq;mq;1;0;7800;mq;mq;mq;mq;mq;mq;mq;mq;mq;
07650;20110920090000;101900;180;1;20;1.500000;293.150000;280.150000;43;75000;2;1;1;10;1;3500;30;23;10;101520;mq;mq;mq;mq;mq;mq;mq;mq;mq;mq;mq;6.200000;-10;mq;mq;0.000000;-30;0.000000;0.000000;mq;mq;mq;710.000000;1106.000000;3100.000000;mq;1;3;6000;mq;mq;mq;mq;mq;mq;mq;mq;mq;
07661;20110920090000;101760;180;3;90;1.500000;294.750000;275.950000;29;25000;2;1;1;10;0;8000;30;20;11;100200;mq;mq;mq;mq;mq;mq;mq;mq;mq;mq;mq;3.100000;-10;mq;mq;mq;mq;0.000000;0.000000;mq;mq;mq;710.000000;1103.000000;mq;mq;1;0;6000;mq;mq;mq;mq;mq;mq;mq;mq;mq;
07690;20110920090000;101760;180;3;320;3.600000;296.250000;275.650000;26;50000;2;1;1;10;0;8000;30;20;12;101430;mq;mq;mq;mq;mq;mq;mq;mq;mq;mq;mq;7.700000;-10;mq;mq;0.000000;-30;0.000000;0.000000;mq;mq;mq;710.000000;1108.000000;3100.000000;mq;1;0;6900;mq;mq;mq;mq;mq;mq;mq;mq;mq;
07747;20110920090000;102250;110;0;330;6.200000;294.250000;281.850000;45;45000;2;1;1;0;mq;mq;mq;mq;mq;101730;mq;mq;mq;mq;mq;mq;mq;mq;mq;mq;mq;9.800000;-10;mq;mq;0.000000;-30;0.000000;0.000000;mq;mq;mq;710.000000;1110.000000;3100.000000;mq;mq;mq;mq;mq;mq;mq;mq;mq;mq;mq;mq;mq;
07761;20110920090000;101570;180;1;270;3.100000;295.450000;281.550000;41;25000;2;1;1;10;1;1750;31;20;10;101460;mq;mq;mq;mq;mq;mq;mq;mq;mq;mq;mq;4.600000;-10;mq;mq;0.000000;-30;0.000000;0.000000;mq;mq;mq;710.000000;1105.000000;3100.000000;mq;1;8;1800;mq;mq;mq;mq;mq;mq;mq;mq;mq;
07790;20110920090000;101570;160;1;360;4.100000;296.450000;283.150000;43;60000;2;1;1;10;1;800;31;24;10;101430;mq;mq;mq;mq;mq;mq;mq;mq;mq;mq;mq;7.700000;-10;mq;mq;0.000000;-30;0.000000;0.000000;mq;mq;mq;710.000000;1108.000000;3100.000000;mq;1;8;780;mq;mq;mq;mq;mq;mq;mq;mq;mq;
61968;20110920090000;101650;mq;mq;130;3.100000;302.250000;292.550000;56;mq;mq;mq;mq;mq;mq;mq;mq;mq;mq;mq;mq;mq;50;mq;mq;mq;mq;mq;mq;mq;mq;8.700000;-10;mq;mq;mq;mq;0.000000;0.000000;mq;mq;mq;710.000000;1109.000000;mq;mq;mq;mq;mq;mq;mq;mq;mq;mq;mq;mq;mq;mq;
61970;20110920090000;101760;mq;mq;mq;mq;302.050000;294.850000;65;mq;mq;mq;mq;mq;mq;mq;mq;mq;mq;mq;mq;mq;30;mq;mq;mq;mq;mq;mq;mq;mq;mq;mq;mq;mq;mq;mq;0.000000;0.000000;mq;mq;mq;mq;mq;mq;mq;mq;mq;mq;mq;mq;mq;mq;mq;mq;mq;mq;mq;
61972;20110920090000;101800;mq;mq;120;4.100000;299.850000;294.650000;73;mq;mq;mq;mq;mq;mq;mq;mq;mq;mq;mq;mq;mq;220;mq;mq;mq;mq;mq;mq;mq;mq;8.200000;-10;mq;mq;mq;mq;0.000000;0.000000;mq;mq;mq;710.000000;1108.000000;mq;mq;mq;mq;mq;mq;mq;mq;mq;mq;mq;mq;mq;mq;
61976;20110920090000;101860;mq;mq;110;8.200000;299.650000;295.750000;79;mq;mq;mq;mq;mq;mq;mq;mq;mq;mq;101710;mq;mq;80;mq;mq;mq;mq;mq;mq;mq;mq;mq;mq;mq;mq;mq;mq;mq;0.000000;mq;mq;mq;mq;mq;mq;mq;mq;mq;mq;mq;mq;mq;mq;mq;mq;mq;mq;mq;
61980;20110920090000;102190;mq;mq;80;6.200000;297.750000;292.350000;72;10000;2;1;1;50;4;800;38;20;10;mq;mq;mq;120;mq;mq;mq;mq;mq;mq;mq;mq;9.800000;-10;mq;mq;mq;mq;0.000000;0.000000;mq;mq;mq;710.000000;1110.000000;2427.000000;mq;2;8;780;3;6;1200;mq;mq;mq;mq;mq;mq;
61996;20110920090000;102270;mq;mq;300;11.300000;287.650000;231.750000;mq;mq;mq;mq;mq;mq;mq;mq;mq;mq;mq;mq;mq;mq;1060;mq;mq;mq;mq;mq;mq;mq;mq;15.900000;-10;mq;mq;mq;mq;0.000000;0.000000;mq;mq;mq;710.000000;1116.000000;mq;mq;mq;mq;mq;mq;mq;mq;mq;mq;mq;mq;mq;mq;
67005;20110920090000;101700;mq;mq;160;4.100000;300.450000;293.750000;67;20000;2;1;1;25;2;800;32;20;10;mq;mq;mq;70;mq;mq;mq;mq;mq;mq;mq;mq;6.200000;-10;mq;mq;mq;mq;0.000000;0.000000;mq;mq;mq;710.000000;1106.000000;mq;mq;2;8;690;mq;mq;mq;mq;mq;mq;mq;mq;mq;
71805;20110920090000;101130;-510;8;70;12.900000;284.250000;283.950000;98;3000;63;6;6;100;6;150;35;27;60;101050;mq;mq;mq;mq;mq;mq;mq;mq;mq;mq;19.000000;20.100000;-10;mq;mq;0.000000;-30;5.000000;5.000000;mq;mq;mq;1019.000000;710.000000;1120.000000;3100.000000;3;7;150;5;6;450;8;4;2400;mq;mq;mq;
78897;20110920090000;101260;-20;5;100;0.500000;296.450000;295.750000;96;20000;2;1;1;60;3;800;38;20;12;mq;mq;mq;20;mq;mq;mq;mq;mq;mq;mq;mq;mq;mq;mq;mq;mq;mq;mq;mq;mq;mq;mq;mq;mq;mq;mq;3;8;600;3;0;7800;mq;mq;mq;mq;mq;mq;
78922;20110920090000;101250;-10;5;70;5.100000;297.650000;295.350000;87;mq;mq;mq;mq;mq;mq;mq;mq;mq;mq;100800;mq;mq;mq;mq;mq;mq;mq;mq;mq;mq;mq;mq;mq;mq;mq;mq;mq;mq;mq;mq;mq;mq;mq;mq;mq;mq;mq;mq;mq;mq;mq;mq;mq;mq;mq;mq;mq;mq;
78925;20110920090000;101210;-60;5;40;1.000000;296.750000;296.550000;99;50000;0;mq;mq;mq;mq;mq;mq;mq;mq;mq;mq;mq;mq;mq;mq;mq;mq;mq;mq;mq;mq;mq;mq;mq;mq;mq;mq;mq;mq;mq;mq;mq;mq;mq;mq;mq;mq;mq;mq;mq;mq;mq;mq;mq;mq;mq;mq;mq;
81401;20110920090000;101140;mq;mq;190;1.500000;298.150000;296.950000;93;mq;mq;mq;mq;mq;mq;mq;mq;mq;mq;101080;mq;mq;mq;mq;mq;mq;mq;mq;mq;mq;mq;mq;mq;mq;mq;mq;mq;mq;0.000000;mq;mq;mq;mq;mq;mq;mq;mq;mq;mq;mq;mq;mq;mq;mq;mq;mq;mq;mq;
81405;20110920090000;101160;mq;mq;0;0.000000;296.150000;295.850000;98;16000;0;mq;mq;mq;mq;80;mq;mq;mq;101070;mq;mq;mq;mq;mq;mq;mq;mq;mq;mq;mq;mq;mq;mq;mq;mq;mq;mq;0.000000;mq;mq;mq;mq;mq;mq;mq;mq;mq;mq;mq;mq;mq;mq;mq;mq;mq;mq;mq;
81408;20110920090000;101130;mq;mq;0;0.000000;294.950000;294.650000;98;mq;mq;mq;mq;mq;mq;mq;mq;mq;mq;101050;mq;mq;mq;mq;mq;mq;mq;mq;mq;mq;mq;mq;mq;mq;mq;mq;mq;mq;0.000000;mq;mq;mq;mq;mq;mq;mq;mq;mq;mq;mq;mq;mq;mq;mq;mq;mq;mq;mq;
89642;20110920090000;97300;-110;6;130;11.800000;262.150000;255.250000;53;40000;2;3;2;75;6;1750;35;20;10;96760;mq;mq;mq;mq;mq;mq;mq;mq;mq;mq;17.000000;22.600000;-30;mq;mq;mq;mq;mq;mq;mq;mq;mq;1017.000000;1123.000000;mq;mq;6;6;1500;mq;mq;mq;mq;mq;mq;mq;mq;mq;
07005;20110920120000;102270;-10;8;230;4.100000;289.350000;285.350000;77;30000;2;1;1;100;8;800;38;61;60;101390;mq;mq;mq;mq;mq;mq;mq;mq;mq;mq;mq;8.200000;-10;mq;mq;0.000000;-60;0.000000;0.000000;0.000000;mq;mq;710.000000;1108.000000;3100.000000;mq;2;8;690;8;6;900;mq;mq;mq;mq;mq;mq;
07015;20110920120000;102220;-30;8;210;5.700000;291.050000;284.350000;65;30000;2;1;1;100;8;800;38;61;60;101660;mq;mq;mq;mq;mq;mq;mq;mq;mq;mq;mq;8.700000;-10;mq;mq;0.000000;-60;0.000000;0.000000;0.000000;mq;mq;710.000000;1109.000000;3100.000000;mq;2;8;780;8;6;990;mq;mq;mq;mq;mq;mq;
07020;20110920120000;102150;-60;8;210;9.300000;291.050000;286.750000;76;mq;mq;mq;mq;mq;mq;mq;mq;mq;mq;101890;mq;mq;mq;mq;mq;mq;mq;mq;mq;mq;mq;13.400000;-10;mq;mq;mq;mq;0.000000;0.000000;0.200000;mq;mq;710.000000;1113.000000;mq;mq;mq;mq;mq;mq;mq;mq;mq;mq;mq;mq;mq;mq;
07027;20110920120000;102290;-40;8;220;6.700000;290.350000;283.950000;66;30000;2;1;1;90;7;800;38;61;60;101490;mq;mq;mq;mq;mq;mq;mq;mq;mq;mq;mq;10.800000;-10;mq;mq;0.000000;-60;0.000000;0.000000;0.000000;mq;mq;710.000000;1111.000000;3100.000000;mq;1;8;900;7;6;1140;mq;mq;mq;mq;mq;mq;
07037;20110920120000;102330;-30;8;210;6.700000;290.050000;285.350000;74;15000;2;1;1;100;8;800;38;61;60;100530;mq;mq;mq;mq;mq;mq;mq;mq;mq;mq;mq;9.800000;-10;mq;mq;0.000000;-60;0.000000;0.000000;0.000000;mq;mq;710.000000;1110.000000;3100.000000;mq;3;8;810;7;6;990;mq;mq;mq;mq;mq;mq;
07110;20110920120000;102180;-10;8;220;7.200000;290.150000;286.450000;79;50000;0;mq;mq;100;mq;450;mq;mq;mq;101050;mq;mq;mq;mq;mq;mq;mq;mq;mq;mq;mq;12.300000;-10;mq;mq;mq;mq;0.000000;0.000000;0.000000;mq;mq;710.000000;1112.000000;mq;mq;mq;mq;mq;mq;mq;mq;mq;mq;mq;mq;mq;mq;
07117;20110920120000;102150;-40;8;230;4.100000;291.250000;285.050000;67;20000;2;1;1;90;7;1250;35;61;60;101460;mq;mq;mq;mq;mq;mq;mq;mq;mq;mq;mq;8.700000;-10;mq;mq;mq;mq;0.000000;0.000000;0.000000;mq;mq;710.000000;1109.000000;2428.000000;mq;mq;mq;mq;mq;mq;mq;mq;mq;mq;mq;mq;mq;
07130;20110920120000;102310;-110;8;190;4.600000;291.350000;285.550000;69;40000;0;mq;mq;100;mq;1250;mq;mq;mq;101800;mq;mq;mq;mq;mq;mq;mq;mq;mq;mq;mq;8.700000;-10;mq;mq;mq;mq;0.000000;0.000000;0.000000;mq;mq;710.000000;1109.000000;mq;mq;mq;mq;mq;mq;mq;mq;mq;mq;mq;mq;mq;mq;
07139;20110920120000;102390;-80;8;250;4.600000;289.450000;282.650000;64;30000;2;1;1;100;7;1250;35;61;60;100680;mq;mq;mq;mq;mq;mq;mq;mq;mq;mq;mq;6.700000;-10;mq;mq;0.000000;-60;0.000000;0.000000;0.000000;mq;mq;710.000000;1107.000000;3100.000000;mq;7;6;1200;mq;mq;mq;mq;mq;mq;mq;mq;mq;
07149;20110920120000;102410;-100;8;240;4.100000;291.550000;284.650000;64;28000;2;1;1;90;7;800;38;61;60;101340;mq;mq;mq;mq;mq;mq;mq;mq;mq;mq;mq;6.700000;-10;mq;mq;0.000000;-60;0.000000;0.000000;0.000000;mq;mq;710.000000;1107.000000;3100.000000;mq;3;8;780;7;6;1170;mq;mq;mq;mq;mq;mq;
07168;20110920120000;102480;-90;8;180;2.600000;290.650000;285.750000;73;25000;1;6;2;90;7;800;38;61;60;101080;mq;mq;mq;mq;mq;mq;mq;mq;mq;mq;mq;4.600000;-10;mq;mq;0.000000;-60;0.000000;0.000000;0.200000;mq;mq;710.000000;1105.000000;3100.000000;mq;1;8;600;7;6;1380;mq;mq;mq;mq;mq;mq;
07181;20110920120000;102400;-120;8;160;1.000000;291.950000;281.550000;51;60000;1;mq;mq;50;4;1250;31;20;10;98410;mq;mq;mq;mq;mq;mq;mq;mq;mq;mq;mq;5.100000;-10;mq;mq;0.000000;-60;0.000000;0.000000;0.000000;mq;mq;710.000000;1105.000000;3100.000000;mq;4;8;1200;mq;mq;mq;mq;mq;mq;mq;mq;mq;
07190;20110920120000;102470;-130;8;170;1.500000;292.750000;280.450000;45;55000;0;mq;mq;mq;mq;mq;mq;mq;mq;100690;mq;mq;mq;mq;mq;mq;mq;mq;mq;mq;mq;4.600000;-10;mq;mq;mq;mq;0.000000;0.000000;0.200000;mq;mq;710.000000;1105.000000;mq;mq;mq;mq;mq;mq;mq;mq;mq;mq;mq;mq;mq;mq;
07207;20110920120000;mq;mq;mq;250;4.600000;290.650000;285.750000;73;20000;2;1;1;100;8;800;35;20;10;mq;mq;mq;mq;mq;mq;mq;mq;mq;mq;mq;mq;7.700000;-10;mq;mq;mq;mq;0.000000;0.000000;0.000000;mq;mq;710.000000;1108.000000;2437.000000;mq;mq;mq;mq;mq;mq;mq;mq;mq;mq;mq;mq;mq;
07222;20110920120000;102370;-90;8;230;2.600000;291.450000;286.950000;75;15000;2;1;1;100;7;800;38;61;60;102060;mq;mq;mq;mq;mq;mq;mq;mq;mq;mq;mq;5.100000;-10;mq;mq;mq;mq;0.000000;0.000000;0.000000;mq;mq;710.000000;1105.000000;mq;mq;2;8;720;7;6;1110;mq;mq;mq;mq;mq;mq;
07240;20110920120000;102430;-110;7;260;2.600000;290.950000;284.550000;66;60000;0;mq;mq;100;mq;1250;mq;mq;mq;101100;mq;mq;mq;mq;mq;mq;mq;mq;mq;mq;mq;5.700000;-10;mq;mq;mq;mq;0.000000;0.000000;0.000000;mq;mq;710.000000;1106.000000;mq;mq;mq;mq;mq;mq;mq;mq;mq;mq;mq;mq;mq;mq;
07255;20110920120000;102440;-130;8;150;1.000000;291.950000;284.950000;64;25000;2;1;1;90;7;800;38;61;60;100480;mq;mq;mq;mq;mq;mq;mq;mq;mq;mq;mq;3.100000;-10;mq;mq;0.000000;-60;0.000000;0.000000;0.000000;mq;mq;710.000000;1103.000000;3100.000000;mq;3;8;780;7;6;1080;mq;mq;mq;mq;mq;mq;
07280;20110920120000;102390;-180;8;70;3.100000;292.250000;280.950000;48;60000;0;mq;mq;mq;mq;mq;mq;mq;mq;99730;mq;mq;mq;mq;mq;mq;mq;mq;mq;mq;mq;5.100000;-10;mq;mq;mq;mq;0.000000;0.000000;0.000000;mq;mq;710.000000;1105.000000;mq;mq;mq;mq;mq;mq;mq;mq;mq;mq;mq;mq;mq;mq;
07299;20110920120000;102430;-190;7;40;2.600000;291.050000;282.150000;56;30000;2;1;1;25;2;1250;32;20;10;99230;mq;mq;mq;mq;mq;mq;mq;mq;mq;mq;mq;4.600000;-10;mq;mq;0.000000;-60;0.000000;0.000000;0.000000;mq;mq;710.000000;1105.000000;3100.000000;mq;2;8;990;mq;mq;mq;mq;mq;mq;mq;mq;mq;
07314;20110920120000;102410;-140;8;170;3.100000;292.450000;288.750000;79;20000;2;1;1;100;8;1250;35;20;10;102140;mq;mq;mq;mq;mq;mq;mq;mq;mq;mq;mq;6.200000;-10;mq;mq;mq;mq;0.000000;0.000000;0.000000;mq;mq;710.000000;1106.000000;2438.000000;mq;8;6;1380;mq;mq;mq;mq;mq;mq;mq;mq;mq;
07335;20110920120000;102430;-120;8;40;1.000000;292.150000;283.450000;57;30000;2;1;1;90;6;1250;35;20;11;101010;mq;mq;mq;mq;mq;mq;mq;mq;mq;mq;mq;3.100000;-10;mq;mq;mq;mq;0.000000;0.000000;0.000000;mq;mq;710.000000;1103.000000;mq;mq;7;6;1140;mq;mq;mq;mq;mq;mq;mq;mq;mq;
07434;20110920120000;102340;-140;8;10;2.100000;290.450000;284.750000;69;50000;3;4;1;90;7;800;32;61;60;97650;mq;mq;mq;mq;mq;mq;mq;mq;mq;mq;mq;4.600000;-10;mq;mq;0.000000;-60;0.000000;0.000000;0.000000;mq;mq;710.000000;1105.000000;3100.000000;mq;7;8;840;mq;mq;mq;mq;mq;mq;mq;mq;mq;
07460;20110920120000;102350;-180;8;10;2.100000;291.850000;283.450000;58;40000;2;1;1;50;3;1250;31;20;11;98550;mq;mq;mq;mq;mq;mq;mq;mq;mq;mq;mq;4.600000;-10;mq;mq;0.000000;-60;0.000000;0.000000;0.000000;mq;mq;710.000000;1105.000000;3100.000000;mq;3;8;1080;mq;mq;mq;mq;mq;mq;mq;mq;mq;
07471;20110920120000;mq;-180;8;30;4.100000;289.750000;280.350000;54;35000;2;1;1;10;1;800;31;20;11;92720;85000;18170;mq;mq;mq;mq;mq;mq;mq;mq;mq;7.700000;-10;mq;mq;0.000000;-60;0.000000;0.000000;0.000000;mq;mq;710.000000;1108.000000;3100.000000;mq;1;8;900;mq;mq;mq;mq;mq;mq;mq;mq;mq;
07481;20110920120000;102270;-180;8;360;6.700000;291.850000;279.350000;44;50000;2;1;1;10;1;1250;31;20;10;99460;mq;mq;mq;mq;mq;mq;mq;mq;mq;mq;mq;10.800000;-10;mq;mq;0.000000;-60;0.000000;0.000000;0.000000;mq;mq;710.000000;1111.000000;3100.000000;mq;1;8;990;mq;mq;mq;mq;mq;mq;mq;mq;mq;
07510;20110920120000;102350;-130;8;40;2.600000;294.650000;285.250000;55;40000;2;1;1;60;5;1250;31;20;10;101720;mq;mq;mq;mq;mq;mq;mq;mq;mq;mq;mq;6.200000;-10;mq;mq;0.000000;-60;0.000000;0.000000;0.000000;mq;mq;710.000000;1106.000000;3100.000000;mq;5;8;990;mq;mq;mq;mq;mq;mq;mq;mq;mq;
07535;20110920120000;102270;-200;8;60;3.600000;293.050000;282.350000;50;30000;1;4;1;0;mq;mq;mq;mq;mq;99230;mq;mq;mq;mq;mq;mq;mq;mq;mq;mq;mq;8.200000;-10;mq;mq;0.000000;-60;0.000000;0.000000;0.000000;mq;mq;710.000000;1108.000000;3100.000000;mq;mq;mq;mq;mq;mq;mq;mq;mq;mq;mq;mq;mq;
07558;20110920120000;101980;-130;8;10;5.100000;292.750000;278.450000;39;60000;2;1;1;0;mq;mq;mq;mq;mq;93900;mq;mq;mq;mq;mq;mq;mq;mq;mq;mq;mq;8.700000;-10;mq;mq;0.000000;-60;0.000000;0.000000;0.000000;mq;mq;710.000000;1109.000000;3100.000000;mq;mq;mq;mq;mq;mq;mq;mq;mq;mq;mq;mq;mq;
07577;20110920120000;102120;-60;8;30;8.700000;293.750000;281.350000;45;35000;2;1;1;10;1;800;31;20;10;101250;mq;mq;mq;mq;mq;mq;mq;mq;mq;mq;14.900000;15.400000;-10;mq;mq;0.000000;-60;0.000000;0.000000;0.000000;mq;mq;1015.000000;710.000000;1115.000000;3100.000000;1;8;600;mq;mq;mq;mq;mq;mq;mq;mq;mq;
07591;20110920120000;mq;-100;6;210;3.600000;291.450000;275.750000;35;mq;0;mq;mq;mq;mq;mq;mq;mq;mq;91920;mq;mq;mq;mq;mq;mq;mq;mq;mq;mq;mq;7.200000;-10;mq;mq;mq;mq;0.000000;0.000000;0.000000;mq;mq;710.000000;1107.000000;mq;mq;mq;mq;mq;mq;mq;mq;mq;mq;mq;mq;mq;mq;
07607;20110920120000;102300;-180;7;90;2.600000;294.450000;285.050000;55;50000;0;mq;mq;mq;mq;1250;mq;mq;mq;101610;mq;mq;mq;mq;mq;mq;mq;mq;mq;mq;mq;6.700000;-10;mq;mq;mq;mq;0.000000;0.000000;0.000000;mq;mq;710.000000;1107.000000;mq;mq;mq;mq;mq;mq;mq;mq;mq;mq;mq;mq;mq;mq;
07621;20110920120000;102200;-190;8;130;3.600000;292.550000;284.850000;61;50000;2;1;1;0;mq;mq;mq;mq;mq;97990;mq;mq;mq;mq;mq;mq;mq;mq;mq;mq;mq;5.100000;-10;mq;mq;0.000000;-60;0.000000;0.000000;0.000000;mq;mq;710.000000;1105.000000;3100.000000;mq;mq;mq;mq;mq;mq;mq;mq;mq;mq;mq;mq;mq;
07627;20110920120000;102220;-160;8;150;1.500000;292.850000;282.950000;53;50000;2;1;1;0;mq;mq;mq;mq;mq;97480;mq;mq;mq;mq;mq;mq;mq;mq;mq;mq;mq;3.600000;-10;mq;mq;0.000000;-60;0.000000;0.000000;0.000000;mq;mq;710.000000;1104.000000;3100.000000;mq;mq;mq;mq;mq;mq;mq;mq;mq;mq;mq;mq;mq;
07630;20110920120000;102290;-200;8;100;1.500000;293.850000;282.750000;49;40000;2;1;1;0;mq;mq;mq;mq;mq;100530;mq;mq;mq;mq;mq;mq;mq;mq;mq;mq;mq;4.600000;-10;mq;mq;0.000000;-60;0.000000;0.000000;0.000000;mq;mq;710.000000;1105.000000;3100.000000;mq;mq;mq;mq;mq;mq;mq;mq;mq;mq;mq;mq;mq;
07643;20110920120000;101970;-170;8;20;5.100000;297.950000;278.150000;28;35000;0;mq;mq;mq;mq;mq;mq;mq;mq;101880;mq;mq;mq;mq;mq;mq;mq;mq;mq;mq;mq;11.800000;-10;mq;mq;mq;mq;0.000000;0.000000;0.000000;mq;mq;710.000000;1112.000000;mq;mq;mq;mq;mq;mq;mq;mq;mq;mq;mq;mq;mq;mq;
07650;20110920120000;101800;-90;8;300;5.100000;297.350000;279.150000;31;75000;2;1;1;0;mq;mq;mq;mq;mq;101430;mq;mq;mq;mq;mq;mq;mq;mq;mq;mq;mq;7.700000;-10;mq;mq;0.000000;-60;0.000000;0.000000;0.000000;mq;mq;710.000000;1108.000000;3100.000000;mq;mq;mq;mq;mq;mq;mq;mq;mq;mq;mq;mq;mq;
07661;20110920120000;101780;20;0;250;3.100000;295.050000;276.150000;29;25000;2;1;1;0;mq;mq;mq;mq;mq;100220;mq;mq;mq;mq;mq;mq;mq;mq;mq;mq;mq;5.700000;-10;mq;mq;mq;mq;0.000000;0.000000;0.000000;mq;mq;710.000000;1106.000000;mq;mq;mq;mq;mq;mq;mq;mq;mq;mq;mq;mq;mq;mq;
07690;20110920120000;101710;-40;8;190;6.200000;297.650000;286.250000;49;50000;2;1;1;0;mq;mq;mq;mq;mq;101390;mq;mq;mq;mq;mq;mq;mq;mq;mq;mq;mq;7.700000;-10;mq;mq;0.000000;-60;0.000000;0.000000;0.000000;mq;mq;710.000000;1108.000000;3100.000000;mq;mq;mq;mq;mq;mq;mq;mq;mq;mq;mq;mq;mq;
07747;20110920120000;102050;-190;8;300;6.700000;297.350000;281.350000;36;45000;2;1;1;0;mq;mq;mq;mq;mq;101540;mq;mq;mq;mq;mq;mq;mq;mq;mq;mq;mq;11.300000;-10;mq;mq;0.000000;-60;0.000000;0.000000;0.000000;mq;mq;710.000000;1111.000000;3100.000000;mq;mq;mq;mq;mq;mq;mq;mq;mq;mq;mq;mq;mq;
07761;20110920120000;101530;-30;8;290;4.600000;299.050000;279.150000;28;45000;2;1;1;10;1;2600;31;20;10;101430;mq;mq;mq;mq;mq;mq;mq;mq;mq;mq;mq;8.200000;-10;mq;mq;0.000000;-60;0.000000;0.000000;0.000000;mq;mq;710.000000;1108.000000;3100.000000;mq;1;8;2400;mq;mq;mq;mq;mq;mq;mq;mq;mq;
07790;20110920120000;101600;30;0;360;6.700000;297.750000;283.250000;40;30000;2;1;1;25;2;1750;31;20;10;101460;mq;mq;mq;mq;mq;mq;mq;mq;mq;mq;mq;10.300000;-10;mq;mq;0.000000;-60;0.000000;0.000000;0.000000;mq;mq;710.000000;1110.000000;3100.000000;mq;2;8;1800;mq;mq;mq;mq;mq;mq;mq;mq;mq;
61968;20110920120000;101450;mq;mq;150;1.500000;301.650000;293.350000;61;mq;mq;mq;mq;mq;mq;mq;mq;mq;mq;mq;mq;mq;0;mq;mq;mq;mq;mq;mq;mq;mq;5.700000;-10;mq;mq;mq;mq;0.000000;mq;0.000000;mq;mq;710.000000;1106.000000;mq;mq;mq;mq;mq;mq;mq;mq;mq;mq;mq;mq;mq;mq;
61970;20110920120000;101550;mq;mq;mq;mq;301.850000;293.550000;61;mq;mq;mq;mq;mq;mq;mq;mq;mq;mq;mq;mq;mq;mq;mq;mq;mq;mq;mq;mq;mq;mq;mq;mq;mq;mq;mq;mq;0.000000;mq;0.000000;mq;mq;mq;mq;mq;mq;mq;mq;mq;mq;mq;mq;mq;mq;mq;mq;mq;mq;
61972;20110920120000;101640;mq;mq;90;4.100000;300.650000;294.950000;71;mq;mq;mq;mq;mq;mq;mq;mq;mq;mq;mq;mq;mq;220;mq;mq;mq;mq;mq;mq;mq;mq;7.700000;-10;mq;mq;mq;mq;0.000000;mq;0.000000;mq;mq;710.000000;1108.000000;mq;mq;mq;mq;mq;mq;mq;mq;mq;mq;mq;mq;mq;mq;
61976;20110920120000;101770;mq;mq;120;7.200000;298.750000;295.650000;83;mq;mq;mq;mq;mq;mq;mq;mq;mq;mq;101620;mq;mq;70;mq;mq;mq;mq;mq;mq;mq;mq;mq;mq;mq;mq;mq;mq;mq;mq;mq;mq;mq;mq;mq;mq;mq;mq;mq;mq;mq;mq;mq;mq;mq;mq;mq;mq;mq;
61980;20110920120000;102140;mq;mq;140;4.600000;296.450000;292.350000;78;10000;2;1;1;60;5;800;38;20;10;mq;mq;mq;160;mq;mq;mq;mq;mq;mq;mq;mq;6.700000;-10;mq;mq;mq;mq;0.000000;mq;0.000000;mq;mq;710.000000;1107.000000;2427.000000;mq;2;8;690;5;6;1500;mq;mq;mq;mq;mq;mq;
61996;20110920120000;102190;mq;mq;300;13.400000;286.550000;231.150000;mq;mq;mq;mq;mq;mq;mq;mq;mq;mq;mq;mq;mq;mq;670;mq;mq;mq;mq;mq;mq;mq;mq;17.000000;-10;mq;mq;mq;mq;0.000000;mq;0.000000;mq;mq;710.000000;1117.000000;mq;mq;mq;mq;mq;mq;mq;mq;mq;mq;mq;mq;mq;mq;
61997;20110920120000;98970;mq;mq;300;17.000000;278.350000;276.650000;89;mq;mq;mq;mq;mq;mq;mq;mq;mq;mq;mq;mq;mq;1190;mq;mq;mq;mq;mq;mq;mq;mq;29.800000;-60;mq;mq;mq;mq;mq;mq;1.000000;mq;mq;1130.000000;mq;mq;mq;mq;mq;mq;mq;mq;mq;mq;mq;mq;mq;mq;mq;
67005;20110920120000;101510;mq;mq;160;3.600000;300.650000;293.950000;67;20000;2;1;1;25;2;800;32;20;10;mq;mq;mq;mq;mq;mq;mq;mq;mq;mq;mq;mq;5.700000;-10;mq;mq;mq;mq;0.000000;mq;0.000000;mq;mq;710.000000;1106.000000;mq;mq;2;8;750;mq;mq;mq;mq;mq;mq;mq;mq;mq;
78897;20110920120000;101400;140;3;100;1.500000;301.550000;297.550000;79;20000;2;1;1;40;2;800;32;20;12;mq;mq;mq;mq;296.250000;mq;mq;300.950000;mq;mq;mq;mq;mq;mq;mq;mq;mq;mq;mq;mq;0.000000;mq;40.300000;mq;mq;mq;mq;2;8;690;mq;mq;mq;mq;mq;mq;mq;mq;mq;
78922;20110920120000;101370;130;3;120;4.100000;301.150000;296.050000;74;mq;mq;mq;mq;mq;mq;mq;mq;mq;mq;100930;mq;mq;mq;mq;mq;mq;mq;mq;mq;mq;mq;mq;mq;mq;mq;mq;mq;mq;mq;mq;mq;mq;mq;mq;mq;mq;mq;mq;mq;mq;mq;mq;mq;mq;mq;mq;mq;mq;
78925;20110920120000;101370;160;3;50;1.500000;301.450000;298.450000;84;30000;2;1;1;50;2;800;38;20;12;mq;mq;mq;20;296.750000;mq;mq;303.750000;mq;mq;mq;mq;mq;mq;mq;mq;mq;mq;mq;mq;3.000000;mq;17.600000;mq;mq;mq;mq;2;8;630;3;0;8400;mq;mq;mq;mq;mq;mq;
81401;20110920120000;101330;mq;mq;190;2.600000;301.350000;296.050000;73;mq;mq;mq;mq;mq;mq;mq;mq;mq;mq;101270;mq;mq;mq;297.850000;mq;mq;mq;mq;mq;mq;mq;mq;mq;mq;mq;mq;mq;mq;0.000000;mq;mq;0.000000;mq;mq;mq;mq;mq;mq;mq;mq;mq;mq;mq;mq;mq;mq;mq;mq;
81405;20110920120000;101350;mq;mq;140;2.600000;301.450000;297.650000;80;10000;2;1;1;50;2;800;38;23;11;101260;mq;mq;mq;295.850000;mq;mq;mq;mq;mq;mq;mq;mq;mq;mq;mq;mq;mq;mq;0.000000;mq;mq;0.600000;mq;mq;mq;mq;mq;mq;mq;mq;mq;mq;mq;mq;mq;mq;mq;mq;
81408;20110920120000;101330;mq;mq;160;1.000000;301.150000;297.150000;79;mq;mq;mq;mq;mq;mq;mq;mq;mq;mq;101250;mq;mq;mq;294.850000;mq;mq;mq;mq;mq;mq;mq;mq;mq;mq;mq;mq;mq;mq;0.000000;mq;mq;3.000000;mq;mq;mq;mq;mq;mq;mq;mq;mq;mq;mq;mq;mq;mq;mq;mq;
89642;20110920120000;97250;-50;7;120;8.700000;262.950000;254.950000;48;40000;3;3;2;90;7;1750;35;61;60;96710;mq;mq;mq;260.450000;mq;263.150000;mq;mq;mq;mq;14.900000;22.600000;-60;mq;mq;mq;mq;mq;mq;mq;mq;mq;1015.000000;1123.000000;mq;mq;7;6;1500;mq;mq;mq;mq;mq;mq;mq;mq;mq;
07005;20110920150000;102210;-60;5;230;3.100000;290.150000;284.850000;71;35000;2;1;1;100;8;800;38;61;60;101330;mq;mq;mq;mq;mq;mq;mq;mq;mq;mq;mq;7.200000;-10;mq;mq;0.000000;-30;0.000000;0.000000;mq;mq;mq;710.000000;1107.000000;3100.000000;mq;2;8;780;8;6;990;mq;mq;mq;mq;mq;mq;
07015;20110920150000;102200;-20;5;250;5.100000;289.950000;285.650000;76;30000;2;1;1;100;8;800;35;61;60;101640;mq;mq;mq;mq;mq;mq;mq;mq;mq;mq;mq;7.700000;-10;mq;mq;0.000000;-30;0.000000;0.000000;mq;mq;mq;710.000000;1108.000000;3100.000000;mq;8;6;900;mq;mq;mq;mq;mq;mq;mq;mq;mq;
07020;20110920150000;102080;-70;8;210;7.200000;290.850000;287.150000;79;18000;2;1;1;100;8;800;35;61;60;101820;mq;mq;mq;mq;mq;mq;mq;mq;mq;mq;mq;10.800000;-10;mq;mq;mq;mq;0.000000;0.000000;mq;mq;mq;710.000000;1111.000000;mq;mq;8;6;600;mq;mq;mq;mq;mq;mq;mq;mq;mq;
07027;20110920150000;102210;-80;6;220;5.700000;290.350000;285.250000;72;30000;2;1;1;100;8;800;38;61;60;101410;mq;mq;mq;mq;mq;mq;mq;mq;mq;mq;mq;8.700000;-10;mq;mq;0.000000;-30;0.000000;0.000000;mq;mq;mq;710.000000;1109.000000;3100.000000;mq;1;8;900;7;6;1230;mq;mq;mq;mq;mq;mq;
07037;20110920150000;102280;-60;6;200;4.600000;289.050000;284.850000;76;20000;2;1;1;100;8;800;35;61;60;100470;mq;mq;mq;mq;mq;mq;mq;mq;mq;mq;mq;6.700000;-10;mq;mq;0.000000;-30;0.000000;0.000000;mq;mq;mq;710.000000;1107.000000;3100.000000;mq;8;8;810;mq;mq;mq;mq;mq;mq;mq;mq;mq;
07110;20110920150000;102090;-90;7;200;6.200000;290.250000;284.050000;67;50000;0;mq;mq;100;mq;800;mq;mq;mq;100960;mq;mq;mq;mq;mq;mq;mq;mq;mq;mq;mq;10.800000;-10;mq;mq;mq;mq;0.000000;0.000000;mq;mq;mq;710.000000;1111.000000;mq;mq;mq;mq;mq;mq;mq;mq;mq;mq;mq;mq;mq;mq;
07117;20110920150000;102050;-100;7;230;5.100000;291.650000;285.450000;67;20000;2;1;1;90;7;1250;35;61;60;101360;mq;mq;mq;mq;mq;mq;mq;mq;mq;mq;mq;9.800000;-10;mq;mq;mq;mq;0.000000;0.000000;mq;mq;mq;710.000000;1110.000000;2428.000000;mq;mq;mq;mq;mq;mq;mq;mq;mq;mq;mq;mq;mq;
07130;20110920150000;102230;-80;6;220;3.100000;291.250000;285.650000;70;40000;0;mq;mq;100;mq;800;mq;mq;mq;101720;mq;mq;mq;mq;mq;mq;mq;mq;mq;mq;mq;6.700000;-10;mq;mq;mq;mq;0.000000;0.000000;mq;mq;mq;710.000000;1107.000000;mq;mq;mq;mq;mq;mq;mq;mq;mq;mq;mq;mq;mq;mq;
07139;20110920150000;102260;-130;8;240;3.600000;289.950000;283.750000;67;30000;2;1;1;100;7;800;38;61;60;100550;mq;mq;mq;mq;mq;mq;mq;mq;mq;mq;mq;6.700000;-10;mq;mq;0.000000;-30;0.000000;0.000000;mq;mq;mq;710.000000;1107.000000;3100.000000;mq;1;8;600;7;6;1200;mq;mq;mq;mq;mq;mq;
07149;20110920150000;102290;-110;6;290;2.100000;291.850000;284.650000;63;28000;2;1;1;90;7;1250;38;61;60;101230;mq;mq;mq;mq;mq;mq;mq;mq;mq;mq;mq;6.200000;-10;mq;mq;0.000000;-30;0.000000;0.000000;mq;mq;mq;710.000000;1106.000000;3100.000000;mq;2;8;990;7;6;1200;mq;mq;mq;mq;mq;mq;
07168;20110920150000;102370;-110;6;320;3.600000;290.750000;285.850000;73;25000;2;1;1;90;7;800;38;61;60;100970;mq;mq;mq;mq;mq;mq;mq;mq;mq;mq;mq;4.600000;-10;mq;mq;0.000000;-30;0.000000;0.000000;mq;mq;mq;710.000000;1105.000000;3100.000000;mq;1;8;750;7;6;1380;mq;mq;mq;mq;mq;mq;
07181;20110920150000;102300;-110;6;40;2.100000;291.250000;283.150000;59;60000;0;mq;mq;100;mq;1250;mq;mq;mq;98300;mq;mq;mq;mq;mq;mq;mq;mq;mq;mq;mq;3.100000;-10;mq;mq;mq;mq;0.000000;0.000000;mq;mq;mq;710.000000;1103.000000;mq;mq;mq;mq;mq;mq;mq;mq;mq;mq;mq;mq;mq;mq;
07190;20110920150000;102340;-120;6;100;1.500000;294.150000;278.850000;37;55000;0;mq;mq;mq;mq;mq;mq;mq;mq;100570;mq;mq;mq;mq;mq;mq;mq;mq;mq;mq;mq;4.100000;-10;mq;mq;mq;mq;0.000000;0.000000;mq;mq;mq;710.000000;1104.000000;mq;mq;mq;mq;mq;mq;mq;mq;mq;mq;mq;mq;mq;mq;
07207;20110920150000;mq;mq;mq;250;3.600000;290.650000;285.350000;71;20000;2;1;1;100;8;800;35;20;10;mq;mq;mq;mq;mq;mq;mq;mq;mq;mq;mq;mq;5.700000;-10;mq;mq;mq;mq;0.000000;0.000000;mq;mq;mq;710.000000;1106.000000;2428.000000;mq;mq;mq;mq;mq;mq;mq;mq;mq;mq;mq;mq;mq;
07222;20110920150000;102240;-130;6;200;1.000000;292.350000;286.550000;69;15000;2;1;1;75;6;800;38;20;10;101930;mq;mq;mq;mq;mq;mq;mq;mq;mq;mq;mq;3.600000;-10;mq;mq;mq;mq;0.000000;0.000000;mq;mq;mq;710.000000;1104.000000;mq;mq;2;8;810;6;6;1200;mq;mq;mq;mq;mq;mq;
07240;20110920150000;102300;-120;8;280;2.600000;291.550000;283.850000;61;60000;0;mq;mq;100;mq;1250;mq;mq;mq;100980;mq;mq;mq;mq;mq;mq;mq;mq;mq;mq;mq;5.700000;-10;mq;mq;mq;mq;0.000000;0.000000;mq;mq;mq;710.000000;1106.000000;mq;mq;mq;mq;mq;mq;mq;mq;mq;mq;mq;mq;mq;mq;
07255;20110920150000;102310;-120;6;360;0.500000;291.750000;285.250000;66;25000;2;1;1;90;7;800;38;61;60;100360;mq;mq;mq;mq;mq;mq;mq;mq;mq;mq;mq;2.600000;-10;mq;mq;0.000000;-30;0.000000;0.000000;mq;mq;mq;710.000000;1103.000000;3100.000000;mq;1;8;900;7;6;1140;mq;mq;mq;mq;mq;mq;
07280;20110920150000;102250;-130;6;70;4.100000;293.150000;280.850000;45;60000;0;mq;mq;mq;mq;mq;mq;mq;mq;99600;mq;mq;mq;mq;mq;mq;mq;mq;mq;mq;mq;7.200000;-10;mq;mq;mq;mq;0.000000;0.000000;mq;mq;mq;710.000000;1107.000000;mq;mq;mq;mq;mq;mq;mq;mq;mq;mq;mq;mq;mq;mq;
07299;20110920150000;102310;-110;6;70;2.100000;292.250000;281.250000;49;30000;2;1;1;25;2;1750;32;20;10;99120;mq;mq;mq;mq;mq;mq;mq;mq;mq;mq;mq;5.700000;-10;mq;mq;0.000000;-30;0.000000;0.000000;mq;mq;mq;710.000000;1106.000000;3100.000000;mq;2;8;1500;mq;mq;mq;mq;mq;mq;mq;mq;mq;
07314;20110920150000;102290;-120;8;290;1.500000;292.350000;287.650000;74;mq;mq;mq;mq;mq;mq;mq;mq;mq;mq;102020;mq;mq;mq;mq;mq;mq;mq;mq;mq;mq;mq;2.600000;-10;mq;mq;mq;mq;0.000000;0.000000;mq;mq;mq;710.000000;1103.000000;mq;mq;mq;mq;mq;mq;mq;mq;mq;mq;mq;mq;mq;mq;
07335;20110920150000;102260;-160;6;60;1.500000;292.950000;284.150000;57;30000;2;1;1;75;6;1250;35;20;11;100850;mq;mq;mq;mq;mq;mq;mq;mq;mq;mq;mq;9.300000;-10;mq;mq;mq;mq;0.000000;0.000000;mq;mq;mq;710.000000;1109.000000;mq;mq;6;6;1200;mq;mq;mq;mq;mq;mq;mq;mq;mq;
07434;20110920150000;102160;-150;8;20;3.600000;291.750000;284.350000;62;50000;2;1;1;40;3;800;38;20;10;97500;mq;mq;mq;mq;mq;mq;mq;mq;mq;mq;mq;5.700000;-10;mq;mq;0.000000;-30;0.000000;0.000000;mq;mq;mq;710.000000;1106.000000;3100.000000;mq;2;8;930;mq;mq;mq;mq;mq;mq;mq;mq;mq;
07460;20110920150000;102130;-190;6;20;2.600000;293.250000;283.050000;52;50000;2;1;1;25;1;1250;31;20;11;98360;mq;mq;mq;mq;mq;mq;mq;mq;mq;mq;mq;5.700000;-10;mq;mq;0.000000;-30;0.000000;0.000000;mq;mq;mq;710.000000;1106.000000;3100.000000;mq;1;8;1350;mq;mq;mq;mq;mq;mq;mq;mq;mq;
07471;20110920150000;mq;-110;7;50;4.100000;290.650000;279.250000;47;35000;2;1;1;40;1;800;31;20;11;92610;85000;18070;mq;mq;mq;mq;mq;mq;mq;mq;mq;6.700000;-10;mq;mq;0.000000;-30;0.000000;0.000000;mq;mq;mq;710.000000;1107.000000;3100.000000;mq;1;8;900;3;0;7500;mq;mq;mq;mq;mq;mq;
07481;20110920150000;102140;-120;7;360;4.600000;292.650000;281.050000;47;60000;2;1;1;10;1;1750;31;20;11;99340;mq;mq;mq;mq;mq;mq;mq;mq;mq;mq;mq;8.700000;-10;mq;mq;0.000000;-30;0.000000;0.000000;mq;mq;mq;710.000000;1109.000000;3100.000000;mq;1;8;1500;mq;mq;mq;mq;mq;mq;mq;mq;mq;
07510;20110920150000;102130;-220;6;120;2.600000;295.550000;285.450000;53;40000;2;1;1;10;1;1250;31;20;11;101500;mq;mq;mq;mq;mq;mq;mq;mq;mq;mq;mq;8.700000;-10;mq;mq;0.000000;-30;0.000000;0.000000;mq;mq;mq;710.000000;1109.000000;3100.000000;mq;1;8;1050;mq;mq;mq;mq;mq;mq;mq;mq;mq;
07535;20110920150000;102080;-160;6;350;3.100000;295.550000;283.350000;46;35000;2;1;1;10;1;1750;31;20;11;99070;mq;mq;mq;mq;mq;mq;mq;mq;mq;mq;mq;6.700000;-10;mq;mq;0.000000;-30;0.000000;0.000000;mq;mq;mq;710.000000;1107.000000;3100.000000;mq;1;8;1800;mq;mq;mq;mq;mq;mq;mq;mq;mq;
07558;20110920150000;101810;-110;6;330;4.600000;294.550000;280.050000;39;60000;2;1;1;0;mq;mq;mq;mq;mq;93790;mq;mq;mq;mq;mq;mq;mq;mq;mq;mq;mq;7.200000;-10;mq;mq;0.000000;-30;0.000000;0.000000;mq;mq;mq;710.000000;1107.000000;3100.000000;mq;mq;mq;mq;mq;mq;mq;mq;mq;mq;mq;mq;mq;
07577;20110920150000;102000;-120;6;20;7.200000;294.750000;279.050000;36;35000;2;1;1;10;0;8000;30;20;11;101130;mq;mq;mq;mq;mq;mq;mq;mq;mq;mq;mq;13.400000;-10;mq;mq;0.000000;-30;0.000000;0.000000;mq;mq;mq;710.000000;1113.000000;3100.000000;mq;1;0;7500;mq;mq;mq;mq;mq;mq;mq;mq;mq;
07591;20110920150000;mq;-80;6;210;4.100000;293.450000;277.450000;35;mq;0;mq;mq;mq;mq;mq;mq;mq;mq;91840;mq;mq;mq;mq;mq;mq;mq;mq;mq;mq;mq;6.700000;-10;mq;mq;mq;mq;0.000000;0.000000;mq;mq;mq;710.000000;1107.000000;mq;mq;mq;mq;mq;mq;mq;mq;mq;mq;mq;mq;mq;mq;
07607;20110920150000;102090;-210;8;110;3.600000;296.450000;285.450000;50;60000;0;mq;mq;mq;mq;mq;mq;mq;mq;101400;mq;mq;mq;mq;mq;mq;mq;mq;mq;mq;mq;6.200000;-10;mq;mq;mq;mq;0.000000;0.000000;mq;mq;mq;710.000000;1106.000000;mq;mq;mq;mq;mq;mq;mq;mq;mq;mq;mq;mq;mq;mq;
07621;20110920150000;102030;-140;6;30;3.100000;294.350000;284.350000;53;50000;2;1;1;10;1;1250;31;20;10;97850;mq;mq;mq;mq;mq;mq;mq;mq;mq;mq;mq;5.700000;-10;mq;mq;0.000000;-30;0.000000;0.000000;mq;mq;mq;710.000000;1106.000000;3100.000000;mq;1;8;1200;mq;mq;mq;mq;mq;mq;mq;mq;mq;
07627;20110920150000;101990;-190;6;350;1.500000;294.850000;283.650000;49;50000;2;1;1;0;mq;mq;mq;mq;mq;97290;mq;mq;mq;mq;mq;mq;mq;mq;mq;mq;mq;4.100000;-10;mq;mq;0.000000;-30;0.000000;0.000000;mq;mq;mq;710.000000;1104.000000;3100.000000;mq;mq;mq;mq;mq;mq;mq;mq;mq;mq;mq;mq;mq;
07630;20110920150000;102060;-210;6;350;1.500000;296.650000;282.650000;41;40000;2;1;1;0;mq;mq;mq;mq;mq;100320;mq;mq;mq;mq;mq;mq;mq;mq;mq;mq;mq;5.700000;-10;mq;mq;0.000000;-30;0.000000;0.000000;mq;mq;mq;710.000000;1106.000000;3100.000000;mq;mq;mq;mq;mq;mq;mq;mq;mq;mq;mq;mq;mq;
07643;20110920150000;101840;-130;6;180;2.600000;299.050000;281.550000;33;60000;2;1;1;0;mq;mq;mq;mq;mq;101750;mq;mq;mq;mq;mq;mq;mq;mq;mq;mq;mq;6.700000;-10;mq;mq;mq;mq;0.000000;0.000000;mq;mq;mq;710.000000;1107.000000;mq;mq;mq;mq;mq;mq;mq;mq;mq;mq;mq;mq;mq;mq;
07650;20110920150000;101730;-70;6;270;4.600000;297.950000;282.650000;38;75000;2;1;1;10;0;8000;30;20;11;101360;mq;mq;mq;mq;mq;mq;mq;mq;mq;mq;mq;7.200000;-10;mq;mq;0.000000;-30;0.000000;0.000000;mq;mq;mq;710.000000;1107.000000;3100.000000;mq;1;0;7800;mq;mq;mq;mq;mq;mq;mq;mq;mq;
07661;20110920150000;101780;0;4;260;3.100000;295.550000;274.550000;25;mq;mq;mq;mq;mq;mq;mq;mq;mq;mq;100220;mq;mq;mq;mq;mq;mq;mq;mq;mq;mq;mq;5.100000;-10;mq;mq;mq;mq;0.000000;0.000000;mq;mq;mq;710.000000;1105.000000;mq;mq;mq;mq;mq;mq;mq;mq;mq;mq;mq;mq;mq;mq;
07690;20110920150000;101730;20;2;200;6.200000;297.450000;286.050000;49;50000;2;1;1;10;1;1250;31;20;10;101410;mq;mq;mq;mq;mq;mq;mq;mq;mq;mq;mq;mq;mq;mq;mq;0.000000;-30;mq;mq;mq;mq;mq;3100.000000;mq;mq;mq;1;8;1200;mq;mq;mq;mq;mq;mq;mq;mq;mq;
07747;20110920150000;101870;-180;6;300;5.700000;299.650000;281.650000;32;45000;2;1;1;0;mq;mq;mq;mq;mq;101360;mq;mq;mq;mq;mq;mq;mq;mq;mq;mq;mq;9.800000;-10;mq;mq;0.000000;-30;0.000000;0.000000;mq;mq;mq;710.000000;1110.000000;3100.000000;mq;mq;mq;mq;mq;mq;mq;mq;mq;mq;mq;mq;mq;
07761;20110920150000;101530;0;5;300;5.100000;299.050000;281.050000;32;45000;2;1;1;10;1;2600;31;20;10;101430;mq;mq;mq;mq;mq;mq;mq;mq;mq;mq;mq;7.700000;-10;mq;mq;0.000000;-30;0.000000;0.000000;mq;mq;mq;710.000000;1108.000000;3100.000000;mq;1;8;2400;mq;mq;mq;mq;mq;mq;mq;mq;mq;
07790;20110920150000;101600;0;4;350;5.700000;297.450000;282.950000;40;30000;2;1;1;10;1;1750;31;20;10;101460;mq;mq;mq;mq;mq;mq;mq;mq;mq;mq;mq;10.300000;-10;mq;mq;0.000000;-30;0.000000;0.000000;mq;mq;mq;710.000000;1110.000000;3100.000000;mq;1;8;1500;mq;mq;mq;mq;mq;mq;mq;mq;mq;
61968;20110920150000;101530;mq;mq;0;0.000000;298.850000;294.250000;76;mq;mq;mq;mq;mq;mq;mq;mq;mq;mq;mq;mq;mq;mq;mq;mq;mq;mq;mq;mq;mq;mq;1.500000;-10;mq;mq;mq;mq;0.000000;0.000000;mq;mq;mq;710.000000;1102.000000;mq;mq;mq;mq;mq;mq;mq;mq;mq;mq;mq;mq;mq;mq;
61970;20110920150000;101560;mq;mq;mq;mq;299.150000;294.550000;76;mq;mq;mq;mq;mq;mq;mq;mq;mq;mq;mq;mq;mq;mq;mq;mq;mq;mq;mq;mq;mq;mq;mq;mq;mq;mq;mq;mq;0.000000;0.000000;mq;mq;mq;mq;mq;mq;mq;mq;mq;mq;mq;mq;mq;mq;mq;mq;mq;mq;mq;
61972;20110920150000;101690;mq;mq;120;2.600000;297.850000;295.150000;85;mq;mq;mq;mq;mq;mq;mq;mq;mq;mq;mq;mq;mq;190;mq;mq;mq;mq;mq;mq;mq;mq;5.700000;-10;mq;mq;mq;mq;0.000000;0.000000;mq;mq;mq;710.000000;1106.000000;mq;mq;mq;mq;mq;mq;mq;mq;mq;mq;mq;mq;mq;mq;
61976;20110920150000;101910;mq;mq;110;8.200000;297.750000;295.250000;86;mq;mq;mq;mq;mq;mq;mq;mq;mq;mq;101760;mq;mq;20;mq;mq;mq;mq;mq;mq;mq;mq;mq;mq;mq;mq;mq;mq;mq;mq;mq;mq;mq;mq;mq;mq;mq;mq;mq;mq;mq;mq;mq;mq;mq;mq;mq;mq;mq;
61980;20110920150000;102200;mq;mq;100;4.100000;295.250000;289.750000;71;10000;2;1;1;60;5;800;38;20;10;mq;mq;mq;20;mq;mq;mq;mq;mq;mq;mq;mq;6.700000;-10;mq;mq;mq;mq;0.000000;0.000000;mq;mq;mq;710.000000;1107.000000;mq;mq;1;8;690;5;6;1500;mq;mq;mq;mq;mq;mq;
61997;20110920150000;98960;mq;mq;300;13.900000;278.550000;276.750000;88;mq;mq;mq;mq;mq;mq;mq;mq;mq;mq;mq;mq;mq;860;mq;mq;mq;mq;mq;mq;mq;mq;26.800000;-30;mq;mq;mq;mq;mq;0.800000;mq;mq;mq;1127.000000;mq;mq;mq;mq;mq;mq;mq;mq;mq;mq;mq;mq;mq;mq;mq;
67005;20110920150000;101570;mq;mq;160;2.100000;298.750000;293.950000;75;20000;2;1;1;10;1;800;38;20;10;mq;mq;mq;mq;mq;mq;mq;mq;mq;mq;mq;mq;4.100000;-10;mq;mq;mq;mq;0.000000;0.000000;mq;mq;mq;710.000000;1104.000000;mq;mq;1;8;750;mq;mq;mq;mq;mq;mq;mq;mq;mq;
71805;20110920150000;100470;-300;6;80;8.200000;288.150000;287.550000;96;4800;10;mq;mq;mq;mq;mq;mq;mq;mq;100390;mq;mq;mq;mq;mq;mq;mq;mq;mq;mq;mq;13.400000;-10;mq;mq;mq;mq;0.000000;0.600000;mq;mq;mq;710.000000;1113.000000;mq;mq;mq;mq;mq;mq;mq;mq;mq;mq;mq;mq;mq;mq;
78897;20110920150000;101470;70;0;120;5.100000;303.750000;297.150000;68;18000;15;1;1;75;5;800;32;20;12;mq;mq;mq;40;mq;mq;mq;mq;mq;mq;mq;mq;mq;mq;mq;mq;mq;mq;mq;mq;mq;mq;mq;mq;mq;mq;mq;5;8;840;mq;mq;mq;mq;mq;mq;mq;mq;mq;
78922;20110920150000;101440;70;0;130;4.600000;303.150000;295.850000;65;mq;mq;mq;mq;mq;mq;mq;mq;mq;mq;101000;mq;mq;mq;mq;mq;mq;mq;mq;mq;mq;mq;mq;mq;mq;mq;mq;mq;mq;mq;mq;mq;mq;mq;mq;mq;mq;mq;mq;mq;mq;mq;mq;mq;mq;mq;mq;mq;mq;
78925;20110920150000;101450;80;0;90;5.700000;304.250000;296.850000;65;45000;0;mq;mq;mq;mq;800;mq;mq;mq;mq;mq;mq;110;mq;mq;mq;mq;mq;mq;mq;mq;mq;mq;mq;mq;mq;mq;mq;mq;mq;mq;mq;mq;mq;mq;mq;mq;mq;mq;mq;mq;mq;mq;mq;mq;mq;mq;mq;
81401;20110920150000;101270;mq;mq;130;2.600000;305.050000;295.450000;57;mq;mq;mq;mq;mq;mq;mq;mq;mq;mq;101210;mq;mq;mq;mq;mq;mq;mq;mq;mq;mq;mq;mq;mq;mq;mq;mq;mq;mq;0.000000;mq;mq;mq;mq;mq;mq;mq;mq;mq;mq;mq;mq;mq;mq;mq;mq;mq;mq;mq;
81405;20110920150000;101320;mq;mq;210;3.600000;304.050000;296.750000;65;12000;2;1;1;50;4;800;38;23;11;101230;mq;mq;mq;mq;mq;mq;mq;mq;mq;mq;mq;mq;mq;mq;mq;mq;mq;mq;0.000000;mq;mq;mq;mq;mq;mq;mq;mq;mq;mq;mq;mq;mq;mq;mq;mq;mq;mq;mq;
81408;20110920150000;101300;mq;mq;200;1.500000;304.450000;296.250000;62;mq;mq;mq;mq;mq;mq;mq;mq;mq;mq;101220;mq;mq;mq;mq;mq;mq;mq;mq;mq;mq;mq;mq;mq;mq;mq;mq;mq;mq;0.000000;mq;mq;mq;mq;mq;mq;mq;mq;mq;mq;mq;mq;mq;mq;mq;mq;mq;mq;mq;
89642;20110920150000;97320;70;2;120;4.100000;262.150000;253.750000;46;mq;mq;mq;mq;mq;mq;mq;mq;mq;mq;96780;mq;mq;mq;mq;mq;mq;mq;mq;mq;mq;mq;18.000000;-30;mq;mq;mq;mq;mq;mq;mq;mq;mq;1118.000000;mq;mq;mq;mq;mq;mq;mq;mq;mq;mq;mq;mq;mq;mq;mq;
07005;20110920180000;102180;-30;5;180;3.100000;288.950000;284.350000;74;mq;mq;mq;mq;mq;mq;mq;mq;mq;mq;101300;mq;mq;mq;287.250000;mq;291.050000;mq;mq;mq;mq;mq;5.700000;-10;mq;mq;mq;mq;0.000000;0.000000;mq;0.000000;mq;710.000000;1106.000000;mq;mq;mq;mq;mq;mq;mq;mq;mq;mq;mq;mq;mq;mq;
07015;20110920180000;102160;-40;6;200;3.600000;289.650000;285.750000;78;30000;2;1;1;90;7;1250;35;61;60;101600;mq;mq;mq;287.850000;mq;291.150000;mq;mq;mq;mq;mq;5.100000;-10;mq;mq;0.000000;-60;0.000000;0.000000;mq;0.000000;mq;710.000000;1105.000000;3100.000000;mq;7;6;1200;mq;mq;mq;mq;mq;mq;mq;mq;mq;
07020;20110920180000;102060;-20;5;210;6.700000;290.350000;287.050000;81;18000;2;1;1;100;8;1250;35;61;60;101800;mq;mq;mq;289.550000;mq;291.250000;mq;mq;mq;mq;mq;9.800000;-10;mq;mq;mq;mq;0.000000;0.000000;mq;0.200000;mq;710.000000;1110.000000;mq;mq;8;6;990;mq;mq;mq;mq;mq;mq;mq;mq;mq;
07027;20110920180000;102170;-40;5;190;2.100000;289.250000;285.750000;80;55000;0;mq;mq;100;mq;1250;mq;mq;mq;101370;mq;mq;mq;286.450000;mq;291.550000;mq;mq;mq;mq;mq;4.100000;-10;mq;mq;mq;mq;0.000000;0.000000;mq;0.000000;mq;710.000000;1104.000000;mq;mq;mq;mq;mq;mq;mq;mq;mq;mq;mq;mq;mq;mq;
07037;20110920180000;102230;-50;6;150;3.600000;287.750000;285.250000;85;17000;0;mq;mq;100;mq;1250;mq;mq;mq;100420;mq;mq;mq;286.450000;mq;291.150000;mq;mq;mq;mq;mq;5.100000;-10;mq;mq;mq;mq;0.000000;0.000000;mq;0.000000;mq;710.000000;1105.000000;mq;mq;mq;mq;mq;mq;mq;mq;mq;mq;mq;mq;mq;mq;
07110;20110920180000;102060;-30;5;210;5.100000;289.250000;285.950000;81;30000;2;1;1;100;8;1250;35;61;60;100930;mq;mq;mq;288.350000;mq;290.550000;mq;mq;mq;mq;mq;9.300000;-10;mq;mq;mq;mq;0.000000;0.000000;mq;0.000000;mq;710.000000;1109.000000;mq;mq;5;6;990;7;6;1440;mq;mq;mq;mq;mq;mq;
07117;20110920180000;102050;0;5;230;3.600000;290.050000;284.150000;68;25000;2;1;1;90;7;1250;35;61;60;101360;mq;mq;mq;288.150000;mq;292.050000;mq;mq;mq;mq;mq;7.200000;-10;mq;mq;mq;mq;0.000000;0.000000;mq;0.000000;mq;710.000000;1107.000000;2428.000000;mq;mq;mq;mq;mq;mq;mq;mq;mq;mq;mq;mq;mq;
07130;20110920180000;102200;-30;5;220;1.500000;290.050000;285.350000;74;45000;0;mq;mq;100;mq;1250;mq;mq;mq;101690;mq;mq;mq;287.450000;mq;291.950000;mq;mq;mq;mq;mq;3.100000;-10;mq;mq;mq;mq;0.000000;0.000000;mq;0.000000;mq;710.000000;1103.000000;mq;mq;mq;mq;mq;mq;mq;mq;mq;mq;mq;mq;mq;mq;
07139;20110920180000;102230;-30;6;170;1.000000;289.350000;284.750000;74;mq;mq;mq;mq;mq;mq;mq;mq;mq;mq;100520;mq;mq;mq;286.350000;mq;290.350000;mq;mq;mq;mq;mq;3.100000;-10;mq;mq;mq;mq;0.000000;0.000000;mq;0.000000;mq;710.000000;1103.000000;mq;mq;mq;mq;mq;mq;mq;mq;mq;mq;mq;mq;mq;mq;
07149;20110920180000;102300;0;5;300;2.100000;289.950000;284.450000;70;28000;2;1;1;90;7;1250;35;61;60;101230;mq;mq;mq;286.850000;mq;292.950000;mq;mq;mq;mq;mq;4.100000;-10;mq;mq;0.000000;-60;0.000000;0.000000;mq;0.000000;mq;710.000000;1104.000000;3100.000000;mq;7;6;1200;mq;mq;mq;mq;mq;mq;mq;mq;mq;
07168;20110920180000;102360;-20;5;80;1.500000;289.150000;285.650000;80;20000;0;mq;mq;mq;mq;mq;mq;mq;mq;100950;mq;mq;mq;281.250000;mq;291.850000;mq;mq;mq;mq;mq;2.100000;-10;mq;mq;mq;mq;0.000000;0.000000;mq;0.200000;mq;710.000000;1102.000000;mq;mq;mq;mq;mq;mq;mq;mq;mq;mq;mq;mq;mq;mq;
07181;20110920180000;102340;-10;8;80;1.000000;287.650000;283.850000;78;18000;0;mq;mq;mq;mq;1250;mq;mq;mq;98290;mq;mq;mq;280.650000;mq;292.750000;mq;mq;mq;mq;mq;1.500000;-10;mq;mq;mq;mq;0.000000;0.000000;mq;0.000000;mq;710.000000;1102.000000;mq;mq;mq;mq;mq;mq;mq;mq;mq;mq;mq;mq;mq;mq;
07190;20110920180000;102350;-20;5;360;1.000000;288.250000;282.350000;68;45000;0;mq;mq;mq;mq;mq;mq;mq;mq;100550;mq;mq;mq;279.950000;mq;294.550000;mq;mq;mq;mq;mq;2.100000;-10;mq;mq;mq;mq;0.000000;0.000000;mq;0.200000;mq;710.000000;1102.000000;mq;mq;mq;mq;mq;mq;mq;mq;mq;mq;mq;mq;mq;mq;
07207;20110920180000;mq;mq;mq;220;2.600000;290.150000;286.250000;78;20000;2;1;1;100;7;800;35;20;10;mq;mq;mq;mq;289.650000;mq;291.050000;mq;mq;mq;mq;mq;3.600000;-10;mq;mq;mq;mq;0.000000;0.000000;mq;0.000000;mq;710.000000;1104.000000;2428.000000;mq;mq;mq;mq;mq;mq;mq;mq;mq;mq;mq;mq;mq;
07222;20110920180000;102220;-20;5;290;2.100000;290.350000;286.650000;79;50000;0;mq;mq;100;mq;1250;mq;mq;mq;101910;mq;mq;mq;288.050000;mq;292.950000;mq;mq;mq;mq;mq;4.100000;-10;mq;mq;mq;mq;0.000000;0.000000;mq;0.000000;mq;710.000000;1104.000000;mq;mq;mq;mq;mq;mq;mq;mq;mq;mq;mq;mq;mq;mq;
07240;20110920180000;102290;-20;5;290;1.000000;289.550000;283.850000;69;30000;2;1;1;75;5;1250;35;20;11;100960;mq;mq;mq;287.450000;mq;292.250000;mq;mq;mq;mq;mq;3.100000;-10;mq;mq;0.000000;-60;0.000000;0.000000;mq;0.000000;mq;710.000000;1103.000000;3100.000000;mq;5;6;1200;mq;mq;mq;mq;mq;mq;mq;mq;mq;
07255;20110920180000;102280;-40;6;50;1.000000;290.650000;285.550000;72;20000;0;mq;mq;mq;mq;1250;mq;mq;mq;100320;mq;mq;mq;284.350000;mq;292.650000;mq;mq;mq;mq;mq;2.100000;-10;mq;mq;mq;mq;0.000000;0.000000;mq;0.000000;mq;710.000000;1102.000000;mq;mq;mq;mq;mq;mq;mq;mq;mq;mq;mq;mq;mq;mq;
07280;20110920180000;102300;10;3;60;2.100000;289.250000;281.250000;59;60000;0;mq;mq;mq;mq;mq;mq;mq;mq;99610;mq;mq;mq;279.850000;mq;293.750000;mq;mq;mq;mq;mq;4.600000;-10;mq;mq;mq;mq;0.000000;0.000000;mq;0.000000;mq;710.000000;1105.000000;mq;mq;mq;mq;mq;mq;mq;mq;mq;mq;mq;mq;mq;mq;
07299;20110920180000;102320;-40;6;360;1.000000;287.150000;281.750000;70;30000;2;1;1;10;1;1750;34;20;10;99080;mq;mq;mq;279.450000;mq;292.750000;mq;mq;mq;mq;mq;4.100000;-10;mq;mq;0.000000;-60;0.000000;0.000000;mq;0.000000;mq;710.000000;1104.000000;3100.000000;mq;1;6;1500;mq;mq;mq;mq;mq;mq;mq;mq;mq;
07314;20110920180000;102220;-70;6;330;3.600000;291.750000;287.250000;75;20000;2;1;1;25;0;8000;30;20;11;101950;mq;mq;mq;287.050000;mq;293.250000;mq;mq;mq;mq;mq;4.100000;-10;mq;mq;mq;mq;0.000000;0.000000;mq;0.000000;mq;710.000000;1104.000000;2438.000000;mq;2;0;6000;mq;mq;mq;mq;mq;mq;mq;mq;mq;
07335;20110920180000;102240;-30;5;50;1.000000;291.150000;284.450000;65;60000;0;mq;mq;100;mq;1250;mq;mq;mq;100820;mq;mq;mq;284.350000;mq;295.050000;mq;mq;mq;mq;mq;3.600000;-10;mq;mq;mq;mq;0.000000;0.000000;mq;0.000000;mq;710.000000;1104.000000;mq;mq;mq;mq;mq;mq;mq;mq;mq;mq;mq;mq;mq;mq;
07434;20110920180000;102180;-20;5;10;3.100000;289.250000;284.650000;74;60000;0;mq;mq;mq;mq;mq;mq;mq;mq;97480;mq;mq;mq;280.750000;mq;292.050000;mq;mq;mq;mq;mq;4.600000;-10;mq;mq;mq;mq;0.000000;0.000000;mq;0.000000;mq;710.000000;1105.000000;mq;mq;mq;mq;mq;mq;mq;mq;mq;mq;mq;mq;mq;mq;
07460;20110920180000;102210;20;3;10;2.100000;288.950000;283.050000;68;40000;2;1;1;10;0;8000;30;20;11;98380;mq;mq;mq;281.750000;mq;293.350000;mq;mq;mq;mq;mq;5.100000;-10;mq;mq;0.000000;-60;0.000000;0.000000;mq;0.000000;mq;710.000000;1105.000000;3100.000000;mq;1;0;6000;mq;mq;mq;mq;mq;mq;mq;mq;mq;
07471;20110920180000;mq;40;3;70;0.500000;285.550000;280.650000;72;mq;10;mq;mq;mq;mq;mq;mq;mq;mq;92650;85000;18110;mq;279.050000;mq;290.850000;mq;mq;mq;mq;mq;4.600000;-10;mq;mq;mq;mq;0.000000;0.000000;mq;0.000000;mq;710.000000;1105.000000;mq;mq;mq;mq;mq;mq;mq;mq;mq;mq;mq;mq;mq;mq;
07481;20110920180000;102180;10;3;350;2.600000;290.050000;281.950000;59;50000;2;1;1;50;3;1250;35;23;11;99350;mq;mq;mq;282.550000;mq;292.850000;mq;mq;mq;mq;mq;5.700000;-10;mq;mq;0.000000;-60;0.000000;0.000000;mq;0.000000;mq;710.000000;1106.000000;3100.000000;mq;3;6;1380;mq;mq;mq;mq;mq;mq;mq;mq;mq;
07510;20110920180000;102100;-40;6;40;2.600000;293.550000;285.250000;59;40000;2;1;1;10;0;mq;30;20;11;101460;mq;mq;mq;283.150000;mq;295.850000;mq;mq;mq;mq;mq;5.700000;-10;mq;mq;0.000000;-60;0.000000;0.000000;mq;0.000000;mq;710.000000;1106.000000;3100.000000;mq;1;0;7500;mq;mq;mq;mq;mq;mq;mq;mq;mq;
07535;20110920180000;102050;-60;5;330;1.500000;292.750000;284.250000;58;mq;mq;mq;mq;mq;mq;mq;mq;mq;mq;99010;mq;mq;mq;281.250000;mq;295.950000;mq;mq;mq;mq;mq;3.100000;-10;mq;mq;mq;mq;0.000000;0.000000;mq;0.000000;mq;710.000000;1103.000000;mq;mq;mq;mq;mq;mq;mq;mq;mq;mq;mq;mq;mq;mq;
07558;20110920180000;101930;0;5;330;4.100000;290.050000;281.750000;58;mq;mq;mq;mq;mq;mq;mq;mq;mq;mq;93790;mq;mq;mq;281.950000;mq;294.850000;mq;mq;mq;mq;mq;6.700000;-10;mq;mq;mq;mq;0.000000;0.000000;mq;0.000000;mq;710.000000;1107.000000;mq;mq;mq;mq;mq;mq;mq;mq;mq;mq;mq;mq;mq;mq;
07577;20110920180000;102010;10;3;10;5.700000;292.650000;280.050000;44;20000;0;mq;mq;mq;mq;mq;mq;mq;mq;101140;mq;mq;mq;285.950000;mq;295.050000;mq;mq;mq;mq;mq;11.300000;-10;mq;mq;mq;mq;0.000000;0.000000;mq;0.000000;mq;710.000000;1111.000000;mq;mq;mq;mq;mq;mq;mq;mq;mq;mq;mq;mq;mq;mq;
07591;20110920180000;mq;170;3;290;0.500000;287.650000;280.450000;62;mq;0;mq;mq;mq;mq;mq;mq;mq;mq;92010;mq;mq;mq;277.250000;mq;293.950000;mq;mq;mq;mq;mq;5.100000;-10;mq;mq;mq;mq;0.000000;0.000000;mq;0.000000;mq;710.000000;1105.000000;mq;mq;mq;mq;mq;mq;mq;mq;mq;mq;mq;mq;mq;mq;
07607;20110920180000;102060;-30;5;120;2.100000;293.950000;285.350000;58;60000;0;mq;mq;mq;mq;mq;mq;mq;mq;101370;mq;mq;mq;278.850000;mq;296.650000;mq;mq;mq;mq;mq;4.100000;-10;mq;mq;mq;mq;0.000000;0.000000;mq;0.000000;mq;710.000000;1104.000000;mq;mq;mq;mq;mq;mq;mq;mq;mq;mq;mq;mq;mq;mq;
07621;20110920180000;102010;-50;6;110;0.500000;291.850000;284.850000;64;50000;2;1;1;0;mq;mq;mq;mq;mq;97800;mq;mq;mq;281.050000;mq;294.550000;mq;mq;mq;mq;mq;3.600000;-10;mq;mq;0.000000;-60;0.000000;0.000000;mq;0.000000;mq;710.000000;1104.000000;3100.000000;mq;mq;mq;mq;mq;mq;mq;mq;mq;mq;mq;mq;mq;
07627;20110920180000;102100;10;3;250;1.500000;288.450000;284.250000;76;mq;mq;mq;mq;mq;mq;mq;mq;mq;mq;97300;mq;mq;mq;281.550000;mq;295.350000;mq;mq;mq;mq;mq;2.100000;-10;mq;mq;mq;mq;0.000000;0.000000;mq;0.000000;mq;710.000000;1102.000000;mq;mq;mq;mq;mq;mq;mq;mq;mq;mq;mq;mq;mq;mq;
07630;20110920180000;102010;-60;7;310;2.600000;294.250000;283.150000;49;40000;2;1;1;0;mq;mq;mq;mq;mq;100260;mq;mq;mq;284.150000;mq;296.850000;mq;mq;mq;mq;mq;4.600000;-10;mq;mq;0.000000;-60;0.000000;0.000000;mq;0.000000;mq;710.000000;1105.000000;3100.000000;mq;mq;mq;mq;mq;mq;mq;mq;mq;mq;mq;mq;mq;
07643;20110920180000;101930;90;3;0;0.000000;294.250000;284.550000;54;60000;2;1;1;0;mq;mq;mq;mq;mq;101840;mq;mq;mq;287.150000;mq;299.750000;mq;mq;mq;mq;mq;3.100000;-10;mq;mq;mq;mq;0.000000;0.000000;mq;0.000000;mq;710.000000;1103.000000;mq;mq;mq;mq;mq;mq;mq;mq;mq;mq;mq;mq;mq;mq;
07650;20110920180000;101860;120;3;360;4.600000;294.350000;281.950000;45;60000;2;1;1;0;mq;mq;mq;mq;mq;101480;mq;mq;mq;288.950000;mq;298.550000;mq;mq;mq;mq;mq;8.200000;-10;mq;mq;0.000000;-60;0.000000;0.000000;mq;0.000000;mq;710.000000;1108.000000;3100.000000;mq;mq;mq;mq;mq;mq;mq;mq;mq;mq;mq;mq;mq;
07661;20110920180000;101880;90;3;340;1.500000;293.150000;274.050000;28;25000;2;1;1;0;mq;mq;mq;mq;mq;100310;mq;mq;mq;289.150000;mq;296.450000;mq;mq;mq;mq;mq;3.100000;-10;mq;mq;mq;mq;0.000000;0.000000;mq;0.000000;mq;710.000000;1103.000000;mq;mq;mq;mq;mq;mq;mq;mq;mq;mq;mq;mq;mq;mq;
07690;20110920180000;101860;120;1;230;3.600000;295.450000;286.250000;56;50000;2;1;1;0;mq;mq;mq;mq;mq;101530;mq;mq;mq;289.650000;mq;297.850000;mq;mq;mq;mq;mq;4.600000;-10;mq;mq;0.000000;-60;0.000000;0.000000;mq;0.000000;mq;710.000000;1105.000000;3100.000000;mq;mq;mq;mq;mq;mq;mq;mq;mq;mq;mq;mq;mq;
07747;20110920180000;101910;40;3;330;2.100000;296.250000;282.650000;42;60000;0;mq;mq;mq;mq;mq;mq;mq;mq;101400;mq;mq;mq;289.950000;mq;300.150000;mq;mq;mq;mq;mq;6.200000;-10;mq;mq;mq;mq;0.000000;0.000000;mq;0.000000;mq;710.000000;1106.000000;mq;mq;mq;mq;mq;mq;mq;mq;mq;mq;mq;mq;mq;mq;
07761;20110920180000;101690;150;3;50;1.000000;295.050000;282.550000;45;30000;2;1;1;10;1;2600;35;20;10;101580;mq;mq;mq;285.950000;mq;299.650000;mq;mq;mq;mq;mq;3.600000;-10;mq;mq;0.000000;-60;0.000000;0.000000;mq;0.000000;mq;710.000000;1104.000000;3100.000000;mq;1;6;2400;mq;mq;mq;mq;mq;mq;mq;mq;mq;
07790;20110920180000;101760;160;2;300;2.600000;293.150000;281.750000;48;30000;2;1;1;0;mq;mq;mq;mq;mq;101620;mq;mq;mq;291.250000;mq;298.450000;mq;mq;mq;mq;mq;6.200000;-10;mq;mq;0.000000;-60;0.000000;0.000000;mq;0.000000;mq;710.000000;1106.000000;3100.000000;mq;mq;mq;mq;mq;mq;mq;mq;mq;mq;mq;mq;mq;
61968;20110920180000;101620;mq;mq;0;0.000000;297.050000;294.150000;84;mq;mq;mq;mq;mq;mq;mq;mq;mq;mq;mq;mq;mq;mq;mq;mq;303.250000;mq;mq;mq;mq;mq;1.000000;-10;mq;mq;mq;mq;0.000000;mq;mq;0.000000;mq;710.000000;1101.000000;mq;mq;mq;mq;mq;mq;mq;mq;mq;mq;mq;mq;mq;mq;
61970;20110920180000;101680;mq;mq;mq;mq;297.950000;295.850000;88;mq;mq;mq;mq;mq;mq;mq;mq;mq;mq;mq;mq;mq;mq;mq;mq;302.850000;mq;mq;mq;mq;mq;mq;mq;mq;mq;mq;mq;0.000000;mq;mq;0.000000;mq;mq;mq;mq;mq;mq;mq;mq;mq;mq;mq;mq;mq;mq;mq;mq;mq;
61972;20110920180000;101780;mq;mq;120;2.600000;296.550000;295.550000;94;mq;mq;mq;mq;mq;mq;mq;mq;mq;mq;mq;mq;mq;160;mq;mq;301.250000;mq;mq;mq;mq;mq;5.100000;-10;mq;mq;mq;mq;0.000000;mq;mq;0.000000;mq;710.000000;1105.000000;mq;mq;mq;mq;mq;mq;mq;mq;mq;mq;mq;mq;mq;mq;
61976;20110920180000;102010;mq;mq;100;8.200000;297.550000;295.250000;87;mq;mq;mq;mq;mq;mq;mq;mq;mq;mq;101860;mq;mq;mq;mq;mq;mq;mq;mq;mq;mq;mq;mq;mq;mq;mq;mq;mq;mq;mq;mq;mq;mq;mq;mq;mq;mq;mq;mq;mq;mq;mq;mq;mq;mq;mq;mq;mq;mq;
61980;20110920180000;102290;mq;mq;120;5.100000;295.550000;291.150000;76;10000;2;1;1;75;6;800;38;20;10;mq;mq;mq;mq;mq;mq;299.350000;mq;mq;mq;mq;mq;9.800000;-10;mq;mq;mq;mq;0.000000;mq;mq;0.000000;mq;710.000000;1110.000000;mq;mq;2;8;690;5;6;1200;mq;mq;mq;mq;mq;mq;
61998;20110920180000;99160;mq;mq;280;9.800000;276.550000;271.950000;72;mq;mq;mq;mq;mq;mq;mq;mq;mq;mq;mq;mq;mq;mq;mq;mq;278.950000;mq;mq;mq;mq;mq;15.900000;-10;mq;mq;mq;mq;0.000000;mq;mq;0.200000;mq;710.000000;1116.000000;mq;mq;mq;mq;mq;mq;mq;mq;mq;mq;mq;mq;mq;mq;
67005;20110920180000;101650;mq;mq;190;1.500000;297.750000;294.250000;81;mq;0;mq;mq;mq;mq;mq;mq;mq;mq;mq;mq;mq;mq;mq;mq;301.350000;mq;mq;mq;mq;mq;3.100000;-10;mq;mq;mq;mq;0.000000;mq;mq;0.000000;mq;710.000000;1103.000000;mq;mq;mq;mq;mq;mq;mq;mq;mq;mq;mq;mq;mq;mq;
71805;20110920180000;100300;-170;6;70;7.700000;288.050000;286.250000;89;10000;2;8;6;60;3;800;35;23;10;100220;mq;mq;mq;mq;284.050000;288.450000;mq;mq;mq;mq;mq;12.300000;-10;mq;mq;0.000000;-60;mq;mq;mq;mq;mq;710.000000;1112.000000;3100.000000;mq;3;6;750;4;3;3000;mq;mq;mq;mq;mq;mq;
78897;20110920180000;101270;-200;6;50;4.600000;301.450000;297.050000;77;12000;80;8;6;90;6;450;32;20;12;mq;mq;mq;30;mq;296.250000;304.450000;mq;mq;mq;mq;mq;mq;mq;mq;mq;mq;mq;mq;mq;0.000000;mq;31.400000;mq;mq;mq;mq;1;8;450;6;8;900;mq;mq;mq;mq;mq;mq;
78922;20110920180000;101230;-210;7;120;3.100000;302.850000;296.550000;69;mq;mq;mq;mq;mq;mq;mq;mq;mq;mq;100790;mq;mq;mq;mq;mq;mq;mq;mq;mq;mq;mq;mq;mq;mq;mq;mq;mq;mq;mq;mq;mq;mq;mq;mq;mq;mq;mq;mq;mq;mq;mq;mq;mq;mq;mq;mq;mq;mq;
78925;20110920180000;101260;-190;6;80;4.600000;304.550000;298.150000;69;30000;2;1;1;50;4;1250;38;20;11;mq;mq;mq;90;mq;296.750000;304.950000;mq;mq;mq;mq;mq;mq;mq;mq;mq;mq;mq;mq;mq;0.000000;mq;mq;mq;mq;mq;mq;2;8;990;3;6;1800;mq;mq;mq;mq;mq;mq;
81401;20110920180000;100910;mq;mq;50;1.500000;306.450000;294.250000;49;mq;mq;mq;mq;mq;mq;mq;mq;mq;mq;100850;mq;mq;mq;mq;mq;mq;mq;mq;mq;mq;mq;mq;mq;mq;mq;mq;mq;mq;0.000000;0.000000;mq;mq;mq;mq;mq;mq;mq;mq;mq;mq;mq;mq;mq;mq;mq;mq;mq;mq;
81405;20110920180000;101020;mq;mq;80;5.700000;304.850000;296.650000;62;12000;2;1;1;50;3;800;32;23;11;100930;mq;mq;mq;mq;mq;mq;mq;mq;mq;mq;mq;mq;mq;mq;mq;mq;mq;mq;0.000000;0.000000;mq;mq;mq;mq;mq;mq;mq;mq;mq;mq;mq;mq;mq;mq;mq;mq;mq;mq;
81408;20110920180000;100970;mq;mq;40;2.600000;305.450000;296.150000;58;mq;mq;mq;mq;mq;mq;mq;mq;mq;mq;100890;mq;mq;mq;mq;mq;mq;mq;mq;mq;mq;mq;mq;mq;mq;mq;mq;mq;mq;0.000000;0.000000;mq;mq;mq;mq;mq;mq;mq;mq;mq;mq;mq;mq;mq;mq;mq;mq;mq;mq;
89642;20110920180000;97420;90;1;130;6.700000;259.350000;250.950000;45;mq;mq;mq;mq;mq;mq;mq;mq;mq;mq;96870;mq;mq;mq;mq;mq;mq;mq;mq;mq;mq;mq;18.000000;-60;mq;mq;mq;mq;mq;mq;mq;mq;mq;1118.000000;mq;mq;mq;mq;mq;mq;mq;mq;mq;mq;mq;mq;mq;mq;mq;
07005;20110920210000;102190;0;0;180;3.600000;288.150000;284.350000;78;mq;mq;mq;mq;mq;mq;mq;mq;mq;mq;101300;mq;mq;mq;mq;mq;mq;mq;mq;mq;mq;mq;6.200000;-10;mq;mq;mq;mq;0.000000;0.000000;mq;mq;mq;710.000000;1106.000000;mq;mq;mq;mq;mq;mq;mq;mq;mq;mq;mq;mq;mq;mq;
07015;20110920210000;102190;30;0;220;4.100000;288.650000;284.450000;76;30000;2;1;1;90;7;1250;35;61;60;101630;mq;mq;mq;mq;mq;mq;mq;mq;mq;mq;mq;6.200000;-10;mq;mq;0.000000;-30;0.000000;0.000000;mq;mq;mq;710.000000;1106.000000;3100.000000;mq;7;6;1080;mq;mq;mq;mq;mq;mq;mq;mq;mq;
07020;20110920210000;102090;30;0;230;7.700000;290.150000;286.650000;80;mq;mq;mq;mq;mq;mq;mq;mq;mq;mq;101830;mq;mq;mq;mq;mq;mq;mq;mq;mq;mq;mq;10.800000;-10;mq;mq;mq;mq;0.000000;0.000000;mq;mq;mq;710.000000;1111.000000;mq;mq;mq;mq;mq;mq;mq;mq;mq;mq;mq;mq;mq;mq;
07027;20110920210000;102190;20;0;180;2.100000;288.350000;286.150000;87;35000;0;mq;mq;100;mq;1250;mq;mq;mq;101390;mq;mq;mq;mq;mq;mq;mq;mq;mq;mq;mq;3.600000;-10;mq;mq;mq;mq;0.000000;0.000000;mq;mq;mq;710.000000;1104.000000;mq;mq;mq;mq;mq;mq;mq;mq;mq;mq;mq;mq;mq;mq;
07037;20110920210000;102240;0;0;170;2.600000;287.350000;285.050000;86;35000;0;mq;mq;100;mq;1250;mq;mq;mq;100420;mq;mq;mq;mq;mq;mq;mq;mq;mq;mq;mq;4.100000;-10;mq;mq;mq;mq;0.000000;0.000000;mq;mq;mq;710.000000;1104.000000;mq;mq;mq;mq;mq;mq;mq;mq;mq;mq;mq;mq;mq;mq;
07110;20110920210000;102110;40;1;200;4.100000;287.950000;286.850000;93;12000;20;5;2;100;8;450;35;61;60;100970;mq;mq;mq;mq;mq;mq;mq;mq;mq;mq;mq;7.200000;-10;mq;mq;mq;mq;0.000000;0.200000;mq;mq;mq;710.000000;1107.000000;mq;mq;4;6;480;4;6;720;7;6;930;mq;mq;mq;
07117;20110920210000;102080;30;0;220;3.100000;288.750000;285.450000;81;25000;2;1;1;90;7;1250;35;61;60;101390;mq;mq;mq;mq;mq;mq;mq;mq;mq;mq;mq;5.100000;-10;mq;mq;mq;mq;0.000000;0.000000;mq;mq;mq;710.000000;1105.000000;2428.000000;mq;mq;mq;mq;mq;mq;mq;mq;mq;mq;mq;mq;mq;
07130;20110920210000;102260;50;3;220;2.100000;288.950000;285.650000;81;45000;0;mq;mq;100;mq;800;mq;mq;mq;101740;mq;mq;mq;mq;mq;mq;mq;mq;mq;mq;mq;3.100000;-10;mq;mq;mq;mq;0.000000;0.000000;mq;mq;mq;710.000000;1103.000000;mq;mq;mq;mq;mq;mq;mq;mq;mq;mq;mq;mq;mq;mq;
07139;20110920210000;102250;10;0;190;2.100000;288.450000;284.850000;79;mq;mq;mq;mq;mq;mq;mq;mq;mq;mq;100530;mq;mq;mq;mq;mq;mq;mq;mq;mq;mq;mq;4.100000;-10;mq;mq;mq;mq;0.000000;0.000000;mq;mq;mq;710.000000;1104.000000;mq;mq;mq;mq;mq;mq;mq;mq;mq;mq;mq;mq;mq;mq;
07149;20110920210000;102320;10;0;290;1.000000;289.050000;284.450000;74;28000;2;1;1;90;7;800;35;61;60;101240;mq;mq;mq;mq;mq;mq;mq;mq;mq;mq;mq;1.500000;-10;mq;mq;0.000000;-30;0.000000;0.000000;mq;mq;mq;710.000000;1102.000000;3100.000000;mq;7;6;930;mq;mq;mq;mq;mq;mq;mq;mq;mq;
07168;20110920210000;102360;-30;8;160;1.000000;283.150000;282.250000;94;16000;0;mq;mq;mq;mq;mq;mq;mq;mq;100920;mq;mq;mq;mq;mq;mq;mq;mq;mq;mq;mq;1.500000;-10;mq;mq;mq;mq;0.000000;0.000000;mq;mq;mq;710.000000;1102.000000;mq;mq;mq;mq;mq;mq;mq;mq;mq;mq;mq;mq;mq;mq;
07181;20110920210000;102390;0;0;30;0.500000;283.850000;282.750000;93;50000;0;mq;mq;mq;mq;mq;mq;mq;mq;98290;mq;mq;mq;mq;mq;mq;mq;mq;mq;mq;mq;1.000000;-10;mq;mq;mq;mq;0.000000;0.000000;mq;mq;mq;710.000000;1101.000000;mq;mq;mq;mq;mq;mq;mq;mq;mq;mq;mq;mq;mq;mq;
07190;20110920210000;102400;10;0;260;1.000000;282.950000;281.250000;89;19000;0;mq;mq;mq;mq;mq;mq;mq;mq;100560;mq;mq;mq;mq;mq;mq;mq;mq;mq;mq;mq;2.100000;-10;mq;mq;mq;mq;0.000000;0.000000;mq;mq;mq;710.000000;1102.000000;mq;mq;mq;mq;mq;mq;mq;mq;mq;mq;mq;mq;mq;mq;
07207;20110920210000;mq;mq;mq;230;3.600000;290.050000;285.950000;77;15000;2;1;1;100;8;800;35;20;10;mq;mq;mq;mq;mq;mq;mq;mq;mq;mq;mq;mq;5.100000;-10;mq;mq;mq;mq;0.000000;0.000000;mq;mq;mq;710.000000;1105.000000;2427.000000;mq;mq;mq;mq;mq;mq;mq;mq;mq;mq;mq;mq;mq;
07222;20110920210000;102260;40;2;300;1.500000;286.950000;286.050000;94;15000;2;1;1;75;6;1250;35;20;10;101950;mq;mq;mq;mq;mq;mq;mq;mq;mq;mq;mq;1.500000;-10;mq;mq;mq;mq;0.000000;0.000000;mq;mq;mq;710.000000;1102.000000;mq;mq;6;6;1200;mq;mq;mq;mq;mq;mq;mq;mq;mq;
07240;20110920210000;102300;-10;8;350;1.000000;286.850000;284.350000;85;30000;2;1;1;10;1;1250;35;20;10;100950;mq;mq;mq;mq;mq;mq;mq;mq;mq;mq;mq;1.500000;-10;mq;mq;0.000000;-30;0.000000;0.000000;mq;mq;mq;710.000000;1102.000000;3100.000000;mq;1;6;1200;mq;mq;mq;mq;mq;mq;mq;mq;mq;
07255;20110920210000;102310;0;0;80;1.500000;287.050000;285.650000;91;20000;0;mq;mq;mq;mq;mq;mq;mq;mq;100320;mq;mq;mq;mq;mq;mq;mq;mq;mq;mq;mq;2.600000;-10;mq;mq;mq;mq;0.000000;0.000000;mq;mq;mq;710.000000;1103.000000;mq;mq;mq;mq;mq;mq;mq;mq;mq;mq;mq;mq;mq;mq;
07280;20110920210000;102300;-30;8;330;3.100000;285.450000;281.550000;77;60000;0;mq;mq;mq;mq;mq;mq;mq;mq;99580;mq;mq;mq;mq;mq;mq;mq;mq;mq;mq;mq;4.100000;-10;mq;mq;mq;mq;0.000000;0.000000;mq;mq;mq;710.000000;1104.000000;mq;mq;mq;mq;mq;mq;mq;mq;mq;mq;mq;mq;mq;mq;
07299;20110920210000;102400;10;0;220;1.000000;281.750000;280.350000;91;30000;2;1;1;0;mq;mq;mq;mq;mq;99090;mq;mq;mq;mq;mq;mq;mq;mq;mq;mq;mq;1.500000;-10;mq;mq;0.000000;-30;0.000000;0.000000;mq;mq;mq;710.000000;1102.000000;3100.000000;mq;mq;mq;mq;mq;mq;mq;mq;mq;mq;mq;mq;mq;
07314;20110920210000;102250;30;0;360;4.100000;291.450000;287.750000;79;mq;mq;mq;mq;mq;mq;mq;mq;mq;mq;101980;mq;mq;mq;mq;mq;mq;mq;mq;mq;mq;mq;5.100000;-10;mq;mq;mq;mq;0.000000;0.000000;mq;mq;mq;710.000000;1105.000000;mq;mq;mq;mq;mq;mq;mq;mq;mq;mq;mq;mq;mq;mq;
07335;20110920210000;102290;30;1;10;1.500000;286.250000;283.950000;86;45000;0;mq;mq;mq;mq;mq;mq;mq;mq;100850;mq;mq;mq;mq;mq;mq;mq;mq;mq;mq;mq;2.600000;-10;mq;mq;mq;mq;0.000000;0.000000;mq;mq;mq;710.000000;1103.000000;mq;mq;mq;mq;mq;mq;mq;mq;mq;mq;mq;mq;mq;mq;
07434;20110920210000;102220;0;0;40;3.100000;287.250000;283.850000;80;60000;0;mq;mq;mq;mq;mq;mq;mq;mq;97480;mq;mq;mq;mq;mq;mq;mq;mq;mq;mq;mq;4.600000;-10;mq;mq;mq;mq;0.000000;0.000000;mq;mq;mq;710.000000;1105.000000;mq;mq;mq;mq;mq;mq;mq;mq;mq;mq;mq;mq;mq;mq;
07460;20110920210000;102320;50;1;130;1.000000;284.550000;281.250000;80;40000;2;1;1;0;mq;mq;mq;mq;mq;98430;mq;mq;mq;mq;mq;mq;mq;mq;mq;mq;mq;1.000000;-10;mq;mq;0.000000;-30;0.000000;0.000000;mq;mq;mq;710.000000;1101.000000;3100.000000;mq;mq;mq;mq;mq;mq;mq;mq;mq;mq;mq;mq;mq;
07471;20110920210000;mq;70;1;240;1.500000;279.850000;278.650000;92;20000;0;mq;mq;mq;mq;mq;mq;mq;mq;92720;85000;18170;mq;mq;mq;mq;mq;mq;mq;mq;mq;2.600000;-10;mq;mq;mq;mq;0.000000;0.000000;mq;mq;mq;710.000000;1103.000000;mq;mq;mq;mq;mq;mq;mq;mq;mq;mq;mq;mq;mq;mq;
07481;20110920210000;102260;50;1;250;1.000000;286.950000;281.550000;70;50000;2;1;1;0;mq;mq;mq;mq;mq;99400;mq;mq;mq;mq;mq;mq;mq;mq;mq;mq;mq;3.600000;-10;mq;mq;0.000000;-30;0.000000;0.000000;mq;mq;mq;710.000000;1104.000000;3100.000000;mq;mq;mq;mq;mq;mq;mq;mq;mq;mq;mq;mq;mq;
07510;20110920210000;102130;30;0;360;1.000000;289.650000;287.450000;87;40000;2;1;1;0;mq;mq;mq;mq;mq;101490;mq;mq;mq;mq;mq;mq;mq;mq;mq;mq;mq;2.100000;-10;mq;mq;0.000000;-30;0.000000;0.000000;mq;mq;mq;710.000000;1102.000000;3100.000000;mq;mq;mq;mq;mq;mq;mq;mq;mq;mq;mq;mq;mq;
07535;20110920210000;102160;40;0;130;2.100000;285.850000;284.050000;89;mq;mq;mq;mq;mq;mq;mq;mq;mq;mq;99050;mq;mq;mq;mq;mq;mq;mq;mq;mq;mq;mq;2.600000;-10;mq;mq;mq;mq;0.000000;0.000000;mq;mq;mq;710.000000;1103.000000;mq;mq;mq;mq;mq;mq;mq;mq;mq;mq;mq;mq;mq;mq;
07558;20110920210000;102140;110;1;30;2.600000;287.050000;281.650000;70;mq;mq;mq;mq;mq;mq;mq;mq;mq;mq;93900;mq;mq;mq;mq;mq;mq;mq;mq;mq;mq;mq;4.100000;-10;mq;mq;mq;mq;0.000000;0.000000;mq;mq;mq;710.000000;1104.000000;mq;mq;mq;mq;mq;mq;mq;mq;mq;mq;mq;mq;mq;mq;
07577;20110920210000;102140;120;1;20;5.100000;289.950000;281.850000;59;20000;0;mq;mq;mq;mq;mq;mq;mq;mq;101260;mq;mq;mq;mq;mq;mq;mq;mq;mq;mq;mq;8.200000;-10;mq;mq;mq;mq;0.000000;0.000000;mq;mq;mq;710.000000;1108.000000;mq;mq;mq;mq;mq;mq;mq;mq;mq;mq;mq;mq;mq;mq;
07591;20110920210000;mq;130;1;50;1.000000;283.550000;279.450000;76;mq;0;mq;mq;mq;mq;mq;mq;mq;mq;92140;mq;mq;mq;mq;mq;mq;mq;mq;mq;mq;mq;3.600000;-10;mq;mq;mq;mq;0.000000;0.000000;mq;mq;mq;710.000000;1104.000000;mq;mq;mq;mq;mq;mq;mq;mq;mq;mq;mq;mq;mq;mq;
07607;20110920210000;102080;0;4;50;1.000000;286.250000;284.450000;89;60000;0;mq;mq;mq;mq;mq;mq;mq;mq;101370;mq;mq;mq;mq;mq;mq;mq;mq;mq;mq;mq;1.500000;-10;mq;mq;mq;mq;0.000000;0.000000;mq;mq;mq;710.000000;1102.000000;mq;mq;mq;mq;mq;mq;mq;mq;mq;mq;mq;mq;mq;mq;
07621;20110920210000;102130;10;0;0;0.000000;284.950000;283.850000;93;50000;2;1;1;0;mq;mq;mq;mq;mq;97810;mq;mq;mq;mq;mq;mq;mq;mq;mq;mq;mq;1.500000;-10;mq;mq;0.000000;-30;0.000000;0.000000;mq;mq;mq;710.000000;1102.000000;3100.000000;mq;mq;mq;mq;mq;mq;mq;mq;mq;mq;mq;mq;mq;
07627;20110920210000;102140;20;0;140;4.100000;287.450000;284.050000;80;mq;mq;mq;mq;mq;mq;mq;mq;mq;mq;97320;mq;mq;mq;mq;mq;mq;mq;mq;mq;mq;mq;6.700000;-10;mq;mq;mq;mq;0.000000;0.000000;mq;mq;mq;710.000000;1107.000000;mq;mq;mq;mq;mq;mq;mq;mq;mq;mq;mq;mq;mq;mq;
07630;20110920210000;102090;60;1;0;0.000000;290.850000;283.750000;63;40000;2;1;1;0;mq;mq;mq;mq;mq;100320;mq;mq;mq;mq;mq;mq;mq;mq;mq;mq;mq;2.100000;-10;mq;mq;0.000000;-30;0.000000;0.000000;mq;mq;mq;710.000000;1102.000000;3100.000000;mq;mq;mq;mq;mq;mq;mq;mq;mq;mq;mq;mq;mq;
07643;20110920210000;102110;170;1;340;1.500000;292.150000;279.250000;43;60000;2;1;1;0;mq;mq;mq;mq;mq;102010;mq;mq;mq;mq;mq;mq;mq;mq;mq;mq;mq;4.100000;-10;mq;mq;mq;mq;0.000000;0.000000;mq;mq;mq;710.000000;1104.000000;mq;mq;mq;mq;mq;mq;mq;mq;mq;mq;mq;mq;mq;mq;
07650;20110920210000;101950;90;1;120;2.100000;287.650000;281.550000;67;60000;2;1;1;0;mq;mq;mq;mq;mq;101570;mq;mq;mq;mq;mq;mq;mq;mq;mq;mq;mq;4.100000;-10;mq;mq;0.000000;-30;0.000000;0.000000;mq;mq;mq;710.000000;1104.000000;3100.000000;mq;mq;mq;mq;mq;mq;mq;mq;mq;mq;mq;mq;mq;
07661;20110920210000;101950;60;1;0;0.000000;291.050000;276.850000;39;mq;mq;mq;mq;mq;mq;mq;mq;mq;mq;100370;mq;mq;mq;mq;mq;mq;mq;mq;mq;mq;mq;2.600000;-10;mq;mq;mq;mq;0.000000;0.000000;mq;mq;mq;710.000000;1103.000000;mq;mq;mq;mq;mq;mq;mq;mq;mq;mq;mq;mq;mq;mq;
07690;20110920210000;101940;80;1;320;3.600000;292.350000;278.450000;40;30000;2;1;1;0;mq;mq;mq;mq;mq;101610;mq;mq;mq;mq;mq;mq;mq;mq;mq;mq;mq;5.700000;-10;mq;mq;0.000000;-30;0.000000;0.000000;mq;mq;mq;710.000000;1106.000000;3100.000000;mq;mq;mq;mq;mq;mq;mq;mq;mq;mq;mq;mq;mq;
07747;20110920210000;102050;130;1;250;1.500000;291.550000;283.350000;59;60000;0;mq;mq;mq;mq;mq;mq;mq;mq;101530;mq;mq;mq;mq;mq;mq;mq;mq;mq;mq;mq;3.600000;-10;mq;mq;mq;mq;0.000000;0.000000;mq;mq;mq;710.000000;1104.000000;mq;mq;mq;mq;mq;mq;mq;mq;mq;mq;mq;mq;mq;mq;
07761;20110920210000;101870;180;1;50;4.100000;289.250000;282.650000;65;25000;2;1;1;0;mq;mq;mq;mq;mq;101760;mq;mq;mq;mq;mq;mq;mq;mq;mq;mq;mq;6.200000;-10;mq;mq;0.000000;-30;0.000000;0.000000;mq;mq;mq;710.000000;1106.000000;3100.000000;mq;mq;mq;mq;mq;mq;mq;mq;mq;mq;mq;mq;mq;
07790;20110920210000;101840;80;1;220;4.600000;292.250000;280.950000;48;60000;0;mq;mq;mq;mq;mq;mq;mq;mq;101700;mq;mq;mq;mq;mq;mq;mq;mq;mq;mq;mq;7.700000;-10;mq;mq;mq;mq;0.000000;0.000000;mq;mq;mq;710.000000;1108.000000;mq;mq;mq;mq;mq;mq;mq;mq;mq;mq;mq;mq;mq;mq;
61970;20110920210000;101680;mq;mq;mq;mq;296.050000;295.250000;95;mq;mq;mq;mq;mq;mq;mq;mq;mq;mq;mq;mq;mq;mq;mq;mq;mq;mq;mq;mq;mq;mq;mq;mq;mq;mq;mq;mq;0.000000;0.000000;mq;mq;mq;mq;mq;mq;mq;mq;mq;mq;mq;mq;mq;mq;mq;mq;mq;mq;mq;
61972;20110920210000;101740;mq;mq;120;2.100000;295.850000;295.350000;97;mq;mq;mq;mq;mq;mq;mq;mq;mq;mq;mq;mq;mq;20;mq;mq;mq;mq;mq;mq;mq;mq;3.600000;-10;mq;mq;mq;mq;0.200000;0.200000;mq;mq;mq;710.000000;1104.000000;mq;mq;mq;mq;mq;mq;mq;mq;mq;mq;mq;mq;mq;mq;
61980;20110920210000;102210;mq;mq;120;5.100000;295.350000;291.150000;77;60000;0;mq;mq;75;mq;1750;mq;mq;mq;mq;mq;mq;mq;mq;mq;mq;mq;mq;mq;mq;mq;7.700000;-10;mq;mq;mq;mq;0.000000;0.000000;mq;mq;mq;710.000000;1108.000000;mq;mq;mq;mq;mq;mq;mq;mq;mq;mq;mq;mq;mq;mq;
61997;20110920210000;99170;mq;mq;300;15.400000;277.150000;273.250000;76;mq;mq;mq;mq;mq;mq;mq;mq;mq;mq;mq;mq;mq;640;mq;mq;mq;mq;mq;mq;mq;mq;25.200000;-30;mq;mq;mq;mq;mq;0.000000;mq;mq;mq;1125.000000;mq;mq;mq;mq;mq;mq;mq;mq;mq;mq;mq;mq;mq;mq;mq;
67005;20110920210000;101540;mq;mq;260;1.500000;297.750000;294.450000;82;mq;0;mq;mq;mq;mq;mq;mq;mq;mq;mq;mq;mq;mq;mq;mq;mq;mq;mq;mq;mq;mq;2.600000;-10;mq;mq;mq;mq;0.000000;0.000000;mq;mq;mq;710.000000;1103.000000;mq;mq;mq;mq;mq;mq;mq;mq;mq;mq;mq;mq;mq;mq;
71805;20110920210000;100740;440;1;340;8.700000;286.050000;285.450000;96;20000;2;1;1;90;7;250;35;61;60;100660;mq;mq;mq;mq;mq;mq;mq;mq;mq;mq;mq;13.400000;-10;mq;mq;0.000000;-30;0.200000;0.200000;mq;mq;mq;710.000000;1113.000000;3100.000000;mq;3;7;180;3;6;630;5;6;1200;mq;mq;mq;
78897;20110920210000;101230;-40;5;70;3.100000;302.050000;296.950000;74;30000;1;8;6;75;3;800;32;20;12;mq;mq;mq;10;mq;mq;mq;mq;mq;mq;mq;mq;mq;mq;mq;mq;mq;mq;mq;mq;mq;mq;mq;mq;mq;mq;mq;3;8;750;5;0;7800;mq;mq;mq;mq;mq;mq;
78922;20110920210000;101190;-40;5;90;2.600000;301.450000;295.950000;72;mq;mq;mq;mq;mq;mq;mq;mq;mq;mq;100750;mq;mq;mq;mq;mq;mq;mq;mq;mq;mq;mq;mq;mq;mq;mq;mq;mq;mq;mq;mq;mq;mq;mq;mq;mq;mq;mq;mq;mq;mq;mq;mq;mq;mq;mq;mq;mq;mq;
78925;20110920210000;101180;-80;5;60;4.600000;302.450000;297.550000;75;30000;2;1;1;25;1;800;34;20;11;mq;mq;mq;80;mq;mq;mq;mq;mq;mq;mq;mq;mq;mq;mq;mq;mq;mq;mq;mq;mq;mq;mq;mq;mq;mq;mq;1;8;840;mq;mq;mq;mq;mq;mq;mq;mq;mq;
81401;20110920210000;101030;mq;mq;350;0.500000;300.950000;297.150000;80;mq;mq;mq;mq;mq;mq;mq;mq;mq;mq;100970;mq;mq;mq;mq;mq;mq;mq;mq;mq;mq;mq;mq;mq;mq;mq;mq;mq;mq;0.000000;mq;mq;mq;mq;mq;mq;mq;mq;mq;mq;mq;mq;mq;mq;mq;mq;mq;mq;mq;
81405;20110920210000;101050;mq;mq;90;4.100000;302.150000;297.250000;75;12000;2;1;1;50;3;800;32;23;11;100960;mq;mq;mq;mq;mq;mq;mq;mq;mq;mq;mq;mq;mq;mq;mq;mq;mq;mq;0.000000;mq;mq;mq;mq;mq;mq;mq;mq;mq;mq;mq;mq;mq;mq;mq;mq;mq;mq;mq;
81408;20110920210000;101040;mq;mq;70;1.500000;301.950000;296.350000;72;mq;mq;mq;mq;mq;mq;mq;mq;mq;mq;100960;mq;mq;mq;mq;mq;mq;mq;mq;mq;mq;mq;mq;mq;mq;mq;mq;mq;mq;0.000000;mq;mq;mq;mq;mq;mq;mq;mq;mq;mq;mq;mq;mq;mq;mq;mq;mq;mq;mq;
89642;20110920210000;97630;210;3;140;6.700000;258.050000;249.250000;43;mq;mq;mq;mq;mq;mq;mq;mq;mq;mq;97080;mq;mq;mq;mq;mq;mq;mq;mq;mq;mq;mq;mq;mq;mq;mq;mq;mq;mq;mq;mq;mq;mq;mq;mq;mq;mq;mq;mq;mq;mq;mq;mq;mq;mq;mq;mq;mq;mq;
07005;20110921000000;102120;-70;6;200;3.100000;287.750000;284.150000;79;mq;mq;mq;mq;mq;mq;mq;mq;mq;mq;101230;mq;mq;mq;mq;mq;mq;mq;mq;mq;mq;mq;5.100000;-10;mq;mq;mq;mq;0.000000;0.000000;0.000000;mq;mq;710.000000;1105.000000;mq;mq;mq;mq;mq;mq;mq;mq;mq;mq;mq;mq;mq;mq;
07015;20110921000000;102130;-70;6;190;2.600000;287.050000;283.250000;78;30000;2;1;1;75;6;1250;35;20;10;101560;mq;mq;mq;mq;mq;mq;mq;mq;mq;mq;mq;5.100000;-10;mq;mq;0.000000;-60;0.000000;0.000000;0.000000;mq;mq;710.000000;1105.000000;3100.000000;mq;6;6;1200;mq;mq;mq;mq;mq;mq;mq;mq;mq;
07020;20110921000000;102010;-80;8;220;7.200000;289.650000;286.750000;83;18000;2;1;1;100;8;1250;35;61;60;101750;mq;mq;mq;mq;mq;mq;mq;mq;mq;mq;mq;9.800000;-10;mq;mq;mq;mq;0.000000;0.000000;0.000000;mq;mq;710.000000;1110.000000;mq;mq;8;6;990;mq;mq;mq;mq;mq;mq;mq;mq;mq;
07027;20110921000000;102120;-70;7;180;3.600000;288.150000;284.550000;79;55000;0;mq;mq;100;mq;1250;mq;mq;mq;101320;mq;mq;mq;mq;mq;mq;mq;mq;mq;mq;mq;5.700000;-10;mq;mq;mq;mq;0.000000;0.000000;0.000000;mq;mq;710.000000;1106.000000;mq;mq;mq;mq;mq;mq;mq;mq;mq;mq;mq;mq;mq;mq;
07037;20110921000000;102170;-70;7;190;3.100000;287.350000;284.650000;84;30000;0;mq;mq;100;mq;1250;mq;mq;mq;100350;mq;mq;mq;mq;mq;mq;mq;mq;mq;mq;mq;4.600000;-10;mq;mq;mq;mq;0.000000;0.000000;0.000000;mq;mq;710.000000;1105.000000;mq;mq;mq;mq;mq;mq;mq;mq;mq;mq;mq;mq;mq;mq;
07110;20110921000000;102050;-50;6;200;5.100000;288.550000;287.050000;91;35000;0;mq;mq;100;mq;800;mq;mq;mq;100920;mq;mq;mq;mq;mq;mq;mq;mq;mq;mq;mq;7.700000;-10;mq;mq;mq;mq;0.000000;0.000000;0.200000;mq;mq;710.000000;1108.000000;mq;mq;mq;mq;mq;mq;mq;mq;mq;mq;mq;mq;mq;mq;
07117;20110921000000;102000;-80;8;220;4.600000;288.850000;285.550000;81;25000;2;1;1;90;7;1250;35;61;60;101310;mq;mq;mq;mq;mq;mq;mq;mq;mq;mq;mq;8.200000;-10;mq;mq;mq;mq;0.000000;0.000000;0.000000;mq;mq;710.000000;1108.000000;2428.000000;mq;mq;mq;mq;mq;mq;mq;mq;mq;mq;mq;mq;mq;
07130;20110921000000;102190;-70;7;240;1.500000;288.250000;284.050000;76;35000;0;mq;mq;100;mq;1250;mq;mq;mq;101670;mq;mq;mq;mq;mq;mq;mq;mq;mq;mq;mq;3.100000;-10;mq;mq;mq;mq;0.000000;0.000000;0.000000;mq;mq;710.000000;1103.000000;mq;mq;mq;mq;mq;mq;mq;mq;mq;mq;mq;mq;mq;mq;
07139;20110921000000;102200;-50;7;200;1.000000;287.650000;284.750000;83;mq;mq;mq;mq;mq;mq;mq;mq;mq;mq;100480;mq;mq;mq;mq;mq;mq;mq;mq;mq;mq;mq;2.100000;-10;mq;mq;mq;mq;0.000000;0.000000;0.000000;mq;mq;710.000000;1102.000000;mq;mq;mq;mq;mq;mq;mq;mq;mq;mq;mq;mq;mq;mq;
07149;20110921000000;102260;-60;7;190;0.500000;287.950000;285.250000;84;28000;2;1;1;90;7;1250;35;61;60;101180;mq;mq;mq;mq;mq;mq;mq;mq;mq;mq;mq;1.500000;-10;mq;mq;0.000000;-60;0.000000;0.000000;0.000000;mq;mq;710.000000;1102.000000;3100.000000;mq;7;6;1140;mq;mq;mq;mq;mq;mq;mq;mq;mq;
07168;20110921000000;102320;-40;7;50;0.500000;283.450000;282.850000;96;18000;0;mq;mq;mq;mq;mq;mq;mq;mq;100880;mq;mq;mq;mq;mq;mq;mq;mq;mq;mq;mq;1.500000;-10;mq;mq;mq;mq;0.000000;0.000000;0.000000;mq;mq;710.000000;1102.000000;mq;mq;mq;mq;mq;mq;mq;mq;mq;mq;mq;mq;mq;mq;
07181;20110921000000;102340;-60;6;0;0.000000;283.150000;282.850000;98;1400;10;mq;mq;mq;mq;mq;mq;mq;mq;98230;mq;mq;mq;mq;mq;mq;mq;mq;mq;mq;mq;0.500000;-10;mq;mq;mq;mq;0.200000;0.200000;0.200000;mq;mq;710.000000;1101.000000;mq;mq;mq;mq;mq;mq;mq;mq;mq;mq;mq;mq;mq;mq;
07190;20110921000000;102340;-70;6;0;0.000000;281.050000;279.950000;93;17000;0;mq;mq;mq;mq;mq;mq;mq;mq;100490;mq;mq;mq;mq;mq;mq;mq;mq;mq;mq;mq;1.500000;-10;mq;mq;mq;mq;0.000000;0.000000;0.000000;mq;mq;710.000000;1102.000000;mq;mq;mq;mq;mq;mq;mq;mq;mq;mq;mq;mq;mq;mq;
07207;20110921000000;mq;mq;mq;280;4.100000;290.350000;283.750000;65;15000;2;1;1;100;8;800;35;20;10;mq;mq;mq;mq;mq;mq;mq;mq;mq;mq;mq;mq;6.200000;-10;mq;mq;mq;mq;0.000000;0.000000;0.000000;mq;mq;710.000000;1106.000000;2427.000000;mq;mq;mq;mq;mq;mq;mq;mq;mq;mq;mq;mq;mq;
07222;20110921000000;102220;-50;8;160;1.000000;285.350000;284.750000;96;7000;0;mq;mq;mq;mq;mq;mq;mq;mq;101900;mq;mq;mq;mq;mq;mq;mq;mq;mq;mq;mq;1.500000;-10;mq;mq;mq;mq;0.000000;0.000000;0.000000;mq;mq;710.000000;1102.000000;mq;mq;mq;mq;mq;mq;mq;mq;mq;mq;mq;mq;mq;mq;
07240;20110921000000;102260;-40;8;0;0.000000;285.650000;283.550000;87;30000;2;1;1;75;6;1250;35;20;10;100910;mq;mq;mq;mq;mq;mq;mq;mq;mq;mq;mq;1.500000;-10;mq;mq;0.000000;-60;0.000000;0.000000;0.000000;mq;mq;710.000000;1102.000000;3100.000000;mq;6;6;1200;mq;mq;mq;mq;mq;mq;mq;mq;mq;
07255;20110921000000;102280;-40;7;50;1.500000;284.950000;284.150000;95;19000;0;mq;mq;mq;mq;mq;mq;mq;mq;100280;mq;mq;mq;mq;mq;mq;mq;mq;mq;mq;mq;2.600000;-10;mq;mq;mq;mq;0.000000;0.000000;0.000000;mq;mq;710.000000;1103.000000;mq;mq;mq;mq;mq;mq;mq;mq;mq;mq;mq;mq;mq;mq;
07280;20110921000000;102320;10;4;330;2.600000;283.050000;280.850000;86;60000;0;mq;mq;mq;mq;mq;mq;mq;mq;99570;mq;mq;mq;mq;mq;mq;mq;mq;mq;mq;mq;3.100000;-10;mq;mq;mq;mq;0.000000;0.000000;0.000000;mq;mq;710.000000;1103.000000;mq;mq;mq;mq;mq;mq;mq;mq;mq;mq;mq;mq;mq;mq;
07299;20110921000000;102380;-40;6;0;0.000000;279.950000;279.350000;96;19000;0;mq;mq;mq;mq;mq;mq;mq;mq;99050;mq;mq;mq;mq;mq;mq;mq;mq;mq;mq;mq;1.500000;-10;mq;mq;mq;mq;0.000000;0.000000;0.000000;mq;mq;710.000000;1102.000000;mq;mq;mq;mq;mq;mq;mq;mq;mq;mq;mq;mq;mq;mq;
07314;20110921000000;102240;10;4;30;5.700000;290.050000;287.650000;86;15000;2;1;1;0;mq;mq;mq;mq;mq;101970;mq;mq;mq;mq;mq;mq;mq;mq;mq;mq;mq;7.200000;-10;mq;mq;mq;mq;0.000000;0.000000;0.000000;mq;mq;710.000000;1107.000000;2437.000000;mq;mq;mq;mq;mq;mq;mq;mq;mq;mq;mq;mq;mq;
07335;20110921000000;102280;-30;8;340;1.500000;284.050000;282.950000;93;28000;0;mq;mq;mq;mq;mq;mq;mq;mq;100820;mq;mq;mq;mq;mq;mq;mq;mq;mq;mq;mq;2.100000;-10;mq;mq;mq;mq;0.000000;0.000000;0.000000;mq;mq;710.000000;1102.000000;mq;mq;mq;mq;mq;mq;mq;mq;mq;mq;mq;mq;mq;mq;
07434;20110921000000;102180;-60;5;40;2.600000;285.950000;282.950000;82;60000;0;mq;mq;mq;mq;mq;mq;mq;mq;97420;mq;mq;mq;mq;mq;mq;mq;mq;mq;mq;mq;4.100000;-10;mq;mq;mq;mq;0.000000;0.000000;0.000000;mq;mq;710.000000;1104.000000;mq;mq;mq;mq;mq;mq;mq;mq;mq;mq;mq;mq;mq;mq;
07460;20110921000000;102310;-50;8;70;1.000000;282.050000;280.850000;92;30000;2;1;1;0;mq;mq;mq;mq;mq;98380;mq;mq;mq;mq;mq;mq;mq;mq;mq;mq;mq;1.500000;-10;mq;mq;0.000000;-60;0.000000;0.000000;0.000000;mq;mq;710.000000;1102.000000;3100.000000;mq;mq;mq;mq;mq;mq;mq;mq;mq;mq;mq;mq;mq;
07471;20110921000000;mq;-50;6;260;0.500000;278.650000;277.950000;95;19000;0;mq;mq;mq;mq;mq;mq;mq;mq;92670;85000;18120;mq;mq;mq;mq;mq;mq;mq;mq;mq;2.100000;-10;mq;mq;mq;mq;0.000000;0.000000;0.000000;mq;mq;710.000000;1102.000000;mq;mq;mq;mq;mq;mq;mq;mq;mq;mq;mq;mq;mq;mq;
07481;20110921000000;102250;-30;8;150;1.500000;284.850000;281.350000;79;30000;2;1;1;0;mq;mq;mq;mq;mq;99370;mq;mq;mq;mq;mq;mq;mq;mq;mq;mq;mq;2.600000;-10;mq;mq;0.000000;-60;0.000000;0.000000;0.000000;mq;mq;710.000000;1103.000000;3100.000000;mq;mq;mq;mq;mq;mq;mq;mq;mq;mq;mq;mq;mq;
07510;20110921000000;102100;-40;8;10;1.000000;286.350000;285.850000;97;10000;2;1;1;0;mq;mq;mq;mq;mq;101450;mq;mq;mq;mq;mq;mq;mq;mq;mq;mq;mq;1.500000;-10;mq;mq;0.000000;-60;0.000000;0.000000;0.000000;mq;mq;710.000000;1102.000000;3100.000000;mq;mq;mq;mq;mq;mq;mq;mq;mq;mq;mq;mq;mq;
07535;20110921000000;102140;-30;5;0;0.000000;284.850000;284.350000;97;mq;mq;mq;mq;mq;mq;mq;mq;mq;mq;99020;mq;mq;mq;mq;mq;mq;mq;mq;mq;mq;mq;2.600000;-10;mq;mq;mq;mq;0.000000;0.000000;0.000000;mq;mq;710.000000;1103.000000;mq;mq;mq;mq;mq;mq;mq;mq;mq;mq;mq;mq;mq;mq;
07558;20110921000000;102170;-40;7;20;2.600000;284.750000;280.050000;73;mq;mq;mq;mq;mq;mq;mq;mq;mq;mq;93860;mq;mq;mq;mq;mq;mq;mq;mq;mq;mq;mq;4.600000;-10;mq;mq;mq;mq;0.000000;0.000000;0.000000;mq;mq;710.000000;1105.000000;mq;mq;mq;mq;mq;mq;mq;mq;mq;mq;mq;mq;mq;mq;
07577;20110921000000;102150;0;0;30;5.100000;288.150000;281.850000;66;20000;0;mq;mq;mq;mq;mq;mq;mq;mq;101260;mq;mq;mq;mq;mq;mq;mq;mq;mq;mq;mq;9.300000;-10;mq;mq;mq;mq;0.000000;0.000000;0.000000;mq;mq;710.000000;1109.000000;mq;mq;mq;mq;mq;mq;mq;mq;mq;mq;mq;mq;mq;mq;
07591;20110921000000;mq;40;0;30;4.600000;283.150000;277.950000;70;mq;0;mq;mq;mq;mq;mq;mq;mq;mq;92180;mq;mq;mq;mq;mq;mq;mq;mq;mq;mq;mq;6.200000;-10;mq;mq;mq;mq;0.000000;0.000000;0.000000;mq;mq;710.000000;1106.000000;mq;mq;mq;mq;mq;mq;mq;mq;mq;mq;mq;mq;mq;mq;
07607;20110921000000;102080;0;5;0;0.000000;285.550000;284.250000;92;60000;0;mq;mq;mq;mq;mq;mq;mq;mq;101370;mq;mq;mq;mq;mq;mq;mq;mq;mq;mq;mq;1.500000;-10;mq;mq;mq;mq;0.000000;0.000000;0.000000;mq;mq;710.000000;1102.000000;mq;mq;mq;mq;mq;mq;mq;mq;mq;mq;mq;mq;mq;mq;
07621;20110921000000;102120;-20;5;170;1.000000;284.050000;283.550000;97;50000;2;1;1;0;mq;mq;mq;mq;mq;97790;mq;mq;mq;mq;mq;mq;mq;mq;mq;mq;mq;1.500000;-10;mq;mq;0.000000;-60;0.000000;0.000000;0.000000;mq;mq;710.000000;1102.000000;3100.000000;mq;mq;mq;mq;mq;mq;mq;mq;mq;mq;mq;mq;mq;
07627;20110921000000;102140;-60;6;0;0.000000;283.950000;282.350000;90;mq;mq;mq;mq;mq;mq;mq;mq;mq;mq;97260;mq;mq;mq;mq;mq;mq;mq;mq;mq;mq;mq;3.100000;-10;mq;mq;mq;mq;0.000000;0.000000;0.000000;mq;mq;710.000000;1103.000000;mq;mq;mq;mq;mq;mq;mq;mq;mq;mq;mq;mq;mq;mq;
07630;20110921000000;102080;-40;7;190;1.000000;286.650000;284.150000;85;40000;0;mq;mq;mq;mq;mq;mq;mq;mq;100280;mq;mq;mq;mq;mq;mq;mq;mq;mq;mq;mq;1.500000;-10;mq;mq;mq;mq;0.000000;0.000000;0.000000;mq;mq;710.000000;1102.000000;mq;mq;mq;mq;mq;mq;mq;mq;mq;mq;mq;mq;mq;mq;
07643;20110921000000;102050;-60;6;360;2.600000;289.350000;280.550000;56;60000;0;mq;mq;mq;mq;mq;mq;mq;mq;101950;mq;mq;mq;mq;mq;mq;mq;mq;mq;mq;mq;4.100000;-10;mq;mq;mq;mq;0.000000;0.000000;0.000000;mq;mq;710.000000;1104.000000;mq;mq;mq;mq;mq;mq;mq;mq;mq;mq;mq;mq;mq;mq;
07650;20110921000000;101970;10;0;130;2.100000;285.050000;281.350000;78;60000;0;mq;mq;mq;mq;mq;mq;mq;mq;101580;mq;mq;mq;mq;mq;mq;mq;mq;mq;mq;mq;3.100000;-10;mq;mq;mq;mq;0.000000;0.000000;0.000000;mq;mq;710.000000;1103.000000;mq;mq;mq;mq;mq;mq;mq;mq;mq;mq;mq;mq;mq;mq;
07661;20110921000000;101980;20;3;0;0.000000;289.050000;281.050000;59;mq;mq;mq;mq;mq;mq;mq;mq;mq;mq;100390;mq;mq;mq;mq;mq;mq;mq;mq;mq;mq;mq;3.100000;-10;mq;mq;mq;mq;0.000000;0.000000;0.000000;mq;mq;710.000000;1103.000000;mq;mq;mq;mq;mq;mq;mq;mq;mq;mq;mq;mq;mq;mq;
07690;20110921000000;101960;20;2;330;6.200000;292.150000;278.950000;42;30000;2;1;1;0;mq;mq;mq;mq;mq;101630;mq;mq;mq;mq;mq;mq;mq;mq;mq;mq;mq;8.700000;-10;mq;mq;0.000000;-60;0.000000;0.000000;0.000000;mq;mq;710.000000;1109.000000;3100.000000;mq;mq;mq;mq;mq;mq;mq;mq;mq;mq;mq;mq;mq;
07747;20110921000000;102080;20;3;250;2.100000;288.750000;283.250000;70;60000;0;mq;mq;mq;mq;mq;mq;mq;mq;101550;mq;mq;mq;mq;mq;mq;mq;mq;mq;mq;mq;3.600000;-10;mq;mq;mq;mq;0.000000;0.000000;0.000000;mq;mq;710.000000;1104.000000;mq;mq;mq;mq;mq;mq;mq;mq;mq;mq;mq;mq;mq;mq;
07761;20110921000000;101930;60;2;50;4.100000;287.350000;281.550000;68;25000;2;1;1;0;mq;mq;mq;mq;mq;101820;mq;mq;mq;mq;mq;mq;mq;mq;mq;mq;mq;5.700000;-10;mq;mq;0.000000;-60;0.000000;0.000000;0.000000;mq;mq;710.000000;1106.000000;3100.000000;mq;mq;mq;mq;mq;mq;mq;mq;mq;mq;mq;mq;mq;
07790;20110921000000;101830;-10;8;230;5.700000;292.350000;280.150000;45;60000;0;mq;mq;mq;mq;mq;mq;mq;mq;101690;mq;mq;mq;mq;mq;mq;mq;mq;mq;mq;mq;8.200000;-10;mq;mq;mq;mq;0.000000;0.000000;0.000000;mq;mq;710.000000;1108.000000;mq;mq;mq;mq;mq;mq;mq;mq;mq;mq;mq;mq;mq;mq;
61968;20110921000000;101430;mq;mq;130;2.600000;297.450000;295.150000;87;mq;mq;mq;mq;mq;mq;mq;mq;mq;mq;mq;mq;mq;mq;mq;mq;mq;mq;mq;mq;mq;mq;8.700000;-10;mq;mq;mq;mq;0.600000;mq;0.600000;mq;mq;710.000000;1109.000000;mq;mq;mq;mq;mq;mq;mq;mq;mq;mq;mq;mq;mq;mq;
61970;20110921000000;101610;mq;mq;mq;mq;295.450000;294.750000;96;mq;mq;mq;mq;mq;mq;mq;mq;mq;mq;mq;mq;mq;mq;mq;mq;mq;mq;mq;mq;mq;mq;mq;mq;mq;mq;mq;mq;0.000000;mq;0.000000;mq;mq;mq;mq;mq;mq;mq;mq;mq;mq;mq;mq;mq;mq;mq;mq;mq;mq;
61972;20110921000000;101600;mq;mq;170;1.500000;294.050000;293.750000;98;mq;mq;mq;mq;mq;mq;mq;mq;mq;mq;mq;mq;mq;mq;mq;mq;mq;mq;mq;mq;mq;mq;2.100000;-10;mq;mq;mq;mq;0.000000;mq;0.200000;mq;mq;710.000000;1102.000000;mq;mq;mq;mq;mq;mq;mq;mq;mq;mq;mq;mq;mq;mq;
61980;20110921000000;102090;mq;mq;110;5.100000;294.650000;291.650000;83;10000;2;1;1;90;7;800;38;61;60;mq;mq;mq;mq;mq;mq;mq;mq;mq;mq;mq;mq;7.200000;-10;mq;mq;mq;mq;0.000000;mq;0.000000;mq;mq;710.000000;1107.000000;mq;mq;3;8;690;6;6;990;mq;mq;mq;mq;mq;mq;
61998;20110921000000;99310;mq;mq;300;10.800000;276.650000;273.850000;82;15000;0;mq;mq;90;3;800;35;27;60;mq;mq;mq;440;mq;mq;mq;mq;mq;mq;mq;mq;16.500000;-10;mq;mq;mq;mq;0.000000;mq;0.000000;mq;mq;710.000000;1116.000000;mq;mq;3;6;690;5;3;3000;mq;mq;mq;mq;mq;mq;
67005;20110921000000;101480;mq;mq;90;2.100000;298.250000;294.150000;78;mq;0;mq;mq;mq;mq;mq;mq;mq;mq;mq;mq;mq;mq;mq;mq;mq;mq;mq;mq;mq;mq;2.600000;-10;mq;mq;mq;mq;0.000000;mq;0.000000;mq;mq;710.000000;1103.000000;mq;mq;mq;mq;mq;mq;mq;mq;mq;mq;mq;mq;mq;mq;
71805;20110921000000;101120;380;1;310;5.700000;284.850000;283.950000;94;20000;1;5;2;90;7;450;35;61;60;101040;mq;mq;mq;mq;mq;mq;mq;mq;mq;mq;mq;11.800000;-10;mq;mq;0.000000;-60;0.000000;0.200000;0.400000;mq;mq;710.000000;1112.000000;3100.000000;mq;7;6;390;mq;mq;mq;mq;mq;mq;mq;mq;mq;
78897;20110921000000;101330;100;2;70;2.100000;300.050000;296.750000;82;35000;0;mq;mq;mq;mq;mq;mq;mq;mq;mq;mq;mq;mq;296.250000;mq;304.450000;mq;mq;mq;mq;mq;mq;mq;mq;mq;mq;mq;mq;mq;0.400000;mq;3.000000;mq;mq;mq;mq;mq;mq;mq;mq;mq;mq;mq;mq;mq;mq;mq;mq;
78922;20110921000000;101310;120;3;90;5.700000;300.950000;296.350000;76;mq;mq;mq;mq;mq;mq;mq;mq;mq;mq;100870;mq;mq;mq;mq;mq;mq;mq;mq;mq;mq;mq;mq;mq;mq;mq;mq;mq;mq;mq;mq;mq;mq;mq;mq;mq;mq;mq;mq;mq;mq;mq;mq;mq;mq;mq;mq;mq;mq;
78925;20110921000000;101280;100;3;70;1.000000;299.750000;297.950000;90;15000;80;8;6;60;4;800;38;20;11;mq;mq;mq;mq;296.750000;mq;304.950000;mq;mq;mq;mq;mq;mq;mq;mq;mq;mq;mq;mq;mq;0.800000;mq;6.600000;mq;mq;mq;mq;2;8;750;mq;mq;mq;mq;mq;mq;mq;mq;mq;
81401;20110921000000;101250;mq;mq;130;1.500000;299.450000;296.750000;85;mq;mq;mq;mq;mq;mq;mq;mq;mq;mq;101190;mq;mq;mq;mq;mq;307.650000;mq;mq;mq;mq;mq;mq;mq;mq;mq;mq;mq;mq;0.000000;0.000000;mq;mq;mq;mq;mq;mq;mq;mq;mq;mq;mq;mq;mq;mq;mq;mq;mq;mq;
81405;20110921000000;101280;mq;mq;230;1.000000;298.950000;297.550000;92;25000;0;mq;mq;75;mq;2250;mq;mq;mq;101190;mq;mq;mq;mq;mq;306.150000;mq;mq;mq;mq;mq;mq;mq;mq;mq;mq;mq;mq;0.000000;0.000000;mq;mq;mq;mq;mq;mq;mq;mq;mq;mq;mq;mq;mq;mq;mq;mq;mq;mq;
81408;20110921000000;101240;mq;mq;0;0.000000;298.350000;296.950000;92;mq;mq;mq;mq;mq;mq;mq;mq;mq;mq;101160;mq;mq;mq;mq;mq;307.150000;mq;mq;mq;mq;mq;mq;mq;mq;mq;mq;mq;mq;0.000000;0.000000;mq;mq;mq;mq;mq;mq;mq;mq;mq;mq;mq;mq;mq;mq;mq;mq;mq;mq;
89642;20110921000000;97930;300;3;130;5.100000;259.250000;249.650000;40;40000;2;1;1;40;1;1750;35;28;10;97380;mq;mq;mq;257.650000;mq;263.250000;mq;mq;mq;mq;mq;mq;mq;mq;mq;mq;mq;mq;mq;mq;mq;mq;mq;mq;mq;mq;1;6;1500;mq;mq;mq;mq;mq;mq;mq;mq;mq;
07005;20110921030000;102030;-90;6;190;2.100000;287.550000;284.350000;81;mq;mq;mq;mq;mq;mq;mq;mq;mq;mq;101140;mq;mq;mq;mq;mq;mq;mq;mq;mq;mq;mq;3.600000;-10;mq;mq;mq;mq;0.000000;0.000000;mq;mq;mq;710.000000;1104.000000;mq;mq;mq;mq;mq;mq;mq;mq;mq;mq;mq;mq;mq;mq;
07015;20110921030000;102010;-120;6;190;4.100000;287.350000;283.750000;79;30000;0;mq;mq;75;6;1250;35;20;10;101440;mq;mq;mq;mq;mq;mq;mq;mq;mq;mq;mq;6.200000;-10;mq;mq;0.000000;-30;0.000000;0.000000;mq;mq;mq;710.000000;1106.000000;3100.000000;mq;6;6;1200;mq;mq;mq;mq;mq;mq;mq;mq;mq;
07020;20110921030000;101920;-90;8;230;8.700000;289.550000;287.550000;88;mq;mq;mq;mq;mq;mq;mq;mq;mq;mq;101660;mq;mq;mq;mq;mq;mq;mq;mq;mq;mq;mq;12.300000;-10;mq;mq;mq;mq;0.000000;0.000000;mq;mq;mq;710.000000;1112.000000;mq;mq;mq;mq;mq;mq;mq;mq;mq;mq;mq;mq;mq;mq;
07027;20110921030000;102050;-70;6;200;3.100000;287.850000;283.650000;76;55000;0;mq;mq;100;mq;1250;mq;mq;mq;101250;mq;mq;mq;mq;mq;mq;mq;mq;mq;mq;mq;5.100000;-10;mq;mq;mq;mq;0.000000;0.000000;mq;mq;mq;710.000000;1105.000000;mq;mq;mq;mq;mq;mq;mq;mq;mq;mq;mq;mq;mq;mq;
07037;20110921030000;102080;-90;6;220;3.100000;286.950000;284.950000;88;30000;0;mq;mq;100;mq;1250;mq;mq;mq;100260;mq;mq;mq;mq;mq;mq;mq;mq;mq;mq;mq;4.600000;-10;mq;mq;mq;mq;0.000000;0.000000;mq;mq;mq;710.000000;1105.000000;mq;mq;mq;mq;mq;mq;mq;mq;mq;mq;mq;mq;mq;mq;
07110;20110921030000;101960;-90;6;220;5.700000;288.950000;286.450000;85;10000;2;1;1;100;8;800;35;61;60;100830;mq;mq;mq;mq;mq;mq;mq;mq;mq;mq;mq;9.800000;-10;mq;mq;mq;mq;0.000000;0.000000;mq;mq;mq;710.000000;1110.000000;mq;mq;3;6;600;8;6;1080;mq;mq;mq;mq;mq;mq;
07117;20110921030000;101930;-70;6;230;5.700000;289.050000;285.950000;82;14000;2;1;1;100;8;800;35;61;60;101240;mq;mq;mq;mq;mq;mq;mq;mq;mq;mq;mq;10.300000;-10;mq;mq;mq;mq;0.000000;0.000000;mq;mq;mq;710.000000;1110.000000;2427.000000;mq;mq;mq;mq;mq;mq;mq;mq;mq;mq;mq;mq;mq;
07130;20110921030000;102120;-70;8;190;3.100000;288.450000;284.650000;78;50000;0;mq;mq;100;mq;1250;mq;mq;mq;101600;mq;mq;mq;mq;mq;mq;mq;mq;mq;mq;mq;5.100000;-10;mq;mq;mq;mq;0.000000;0.000000;mq;mq;mq;710.000000;1105.000000;mq;mq;mq;mq;mq;mq;mq;mq;mq;mq;mq;mq;mq;mq;
07139;20110921030000;102130;-70;6;0;0.000000;287.450000;284.950000;85;mq;mq;mq;mq;mq;mq;mq;mq;mq;mq;100410;mq;mq;mq;mq;mq;mq;mq;mq;mq;mq;mq;2.100000;-10;mq;mq;mq;mq;0.000000;0.000000;mq;mq;mq;710.000000;1102.000000;mq;mq;mq;mq;mq;mq;mq;mq;mq;mq;mq;mq;mq;mq;
07149;20110921030000;102150;mq;7;180;2.100000;287.950000;285.650000;86;28000;2;1;1;90;7;1250;35;61;60;101070;mq;mq;mq;mq;mq;mq;mq;mq;mq;mq;mq;3.100000;-10;mq;mq;0.000000;-30;0.000000;0.000000;mq;mq;mq;710.000000;1103.000000;3100.000000;mq;7;6;1140;mq;mq;mq;mq;mq;mq;mq;mq;mq;
07168;20110921030000;102260;-70;6;0;0.000000;281.250000;280.650000;96;500;45;mq;mq;mq;mq;mq;mq;mq;mq;100810;mq;mq;mq;mq;mq;mq;mq;mq;mq;mq;mq;2.100000;-10;mq;mq;mq;mq;0.000000;0.000000;mq;mq;mq;710.000000;1102.000000;mq;mq;mq;mq;mq;mq;mq;mq;mq;mq;mq;mq;mq;mq;
07181;20110921030000;102290;-80;6;190;0.500000;281.450000;281.150000;98;700;45;mq;mq;mq;mq;30;mq;mq;mq;98150;mq;mq;mq;mq;mq;mq;mq;mq;mq;mq;mq;2.600000;-10;mq;mq;mq;mq;0.000000;0.000000;mq;mq;mq;710.000000;1103.000000;mq;mq;mq;mq;mq;mq;mq;mq;mq;mq;mq;mq;mq;mq;
07190;20110921030000;102300;-50;7;150;0.500000;279.450000;278.550000;94;2700;10;mq;mq;mq;mq;mq;mq;mq;mq;100440;mq;mq;mq;mq;mq;mq;mq;mq;mq;mq;mq;1.000000;-10;mq;mq;mq;mq;0.000000;0.000000;mq;mq;mq;710.000000;1101.000000;mq;mq;mq;mq;mq;mq;mq;mq;mq;mq;mq;mq;mq;mq;
07207;20110921030000;mq;mq;mq;260;1.500000;290.150000;284.850000;71;15000;2;1;1;100;8;800;35;20;10;mq;mq;mq;mq;mq;mq;mq;mq;mq;mq;mq;mq;5.100000;-10;mq;mq;mq;mq;0.000000;0.000000;mq;mq;mq;710.000000;1105.000000;2427.000000;mq;mq;mq;mq;mq;mq;mq;mq;mq;mq;mq;mq;mq;
07222;20110921030000;102140;-70;6;140;1.500000;286.350000;285.850000;97;10000;2;1;1;90;7;1250;35;61;60;101830;mq;mq;mq;mq;mq;mq;mq;mq;mq;mq;mq;2.100000;-10;mq;mq;mq;mq;0.000000;0.000000;mq;mq;mq;710.000000;1102.000000;mq;mq;7;6;1200;mq;mq;mq;mq;mq;mq;mq;mq;mq;
07240;20110921030000;102160;-100;6;120;1.500000;285.950000;284.150000;89;30000;2;mq;mq;90;7;1250;35;61;60;100810;mq;mq;mq;mq;mq;mq;mq;mq;mq;mq;mq;2.100000;-10;mq;mq;0.000000;-30;0.000000;0.000000;mq;mq;mq;710.000000;1102.000000;3100.000000;mq;7;6;1080;mq;mq;mq;mq;mq;mq;mq;mq;mq;
07255;20110921030000;102210;-80;6;120;1.000000;283.350000;283.050000;98;400;45;mq;mq;mq;mq;mq;mq;mq;mq;100200;mq;mq;mq;mq;mq;mq;mq;mq;mq;mq;mq;1.000000;-10;mq;mq;mq;mq;0.200000;0.200000;mq;mq;mq;710.000000;1101.000000;mq;mq;mq;mq;mq;mq;mq;mq;mq;mq;mq;mq;mq;mq;
07280;20110921030000;102260;-70;5;320;2.100000;281.850000;280.150000;89;55000;0;mq;mq;mq;mq;mq;mq;mq;mq;99500;mq;mq;mq;mq;mq;mq;mq;mq;mq;mq;mq;4.100000;-10;mq;mq;mq;mq;0.000000;0.000000;mq;mq;mq;710.000000;1104.000000;mq;mq;mq;mq;mq;mq;mq;mq;mq;mq;mq;mq;mq;mq;
07299;20110921030000;102330;-60;8;140;1.000000;279.350000;278.950000;97;10000;2;1;1;10;1;30;36;20;10;98990;mq;mq;mq;mq;mq;mq;mq;mq;mq;mq;mq;1.500000;-10;mq;mq;0.000000;-30;0.000000;0.000000;mq;mq;mq;710.000000;1102.000000;3100.000000;mq;1;7;30;mq;mq;mq;mq;mq;mq;mq;mq;mq;
07314;20110921030000;102120;-120;7;60;3.600000;289.550000;286.250000;81;15000;2;1;1;0;mq;mq;mq;mq;mq;101850;mq;mq;mq;mq;mq;mq;mq;mq;mq;mq;mq;6.700000;-10;mq;mq;mq;mq;0.000000;0.000000;mq;mq;mq;710.000000;1107.000000;2437.000000;mq;mq;mq;mq;mq;mq;mq;mq;mq;mq;mq;mq;mq;
07335;20110921030000;102190;-90;7;340;1.000000;282.550000;281.950000;96;28000;0;mq;mq;mq;mq;mq;mq;mq;mq;100730;mq;mq;mq;mq;mq;mq;mq;mq;mq;mq;mq;1.000000;-10;mq;mq;mq;mq;0.000000;0.200000;mq;mq;mq;710.000000;1101.000000;mq;mq;mq;mq;mq;mq;mq;mq;mq;mq;mq;mq;mq;mq;
07434;20110921030000;102140;-50;6;60;1.000000;285.050000;282.250000;83;50000;0;mq;mq;mq;mq;mq;mq;mq;mq;97370;mq;mq;mq;mq;mq;mq;mq;mq;mq;mq;mq;2.100000;-10;mq;mq;mq;mq;0.000000;0.000000;mq;mq;mq;710.000000;1102.000000;mq;mq;mq;mq;mq;mq;mq;mq;mq;mq;mq;mq;mq;mq;
07460;20110921030000;102220;-80;7;250;1.000000;282.350000;280.650000;89;30000;2;mq;mq;0;mq;mq;mq;mq;mq;98300;mq;mq;mq;mq;mq;mq;mq;mq;mq;mq;mq;5.700000;-10;mq;mq;0.000000;-30;0.000000;0.000000;mq;mq;mq;710.000000;1106.000000;3100.000000;mq;mq;mq;mq;mq;mq;mq;mq;mq;mq;mq;mq;mq;
07471;20110921030000;mq;-60;7;240;1.000000;276.450000;276.150000;98;13000;0;mq;mq;mq;mq;mq;mq;mq;mq;92610;85000;18070;mq;mq;mq;mq;mq;mq;mq;mq;mq;2.100000;-10;mq;mq;mq;mq;0.000000;0.000000;mq;mq;mq;710.000000;1102.000000;mq;mq;mq;mq;mq;mq;mq;mq;mq;mq;mq;mq;mq;mq;
07481;20110921030000;102230;-30;6;180;1.000000;283.650000;281.050000;84;25000;2;1;1;0;mq;mq;mq;mq;mq;99340;mq;mq;mq;mq;mq;mq;mq;mq;mq;mq;mq;2.100000;-10;mq;mq;0.000000;-30;0.000000;0.000000;mq;mq;mq;710.000000;1102.000000;3100.000000;mq;mq;mq;mq;mq;mq;mq;mq;mq;mq;mq;mq;mq;
07510;20110921030000;102060;-50;8;340;0.500000;284.150000;284.150000;100;15000;11;4;0;0;mq;mq;mq;mq;mq;101400;mq;mq;mq;mq;mq;mq;mq;mq;mq;mq;mq;1.500000;-10;mq;mq;0.000000;-30;0.000000;0.000000;mq;mq;mq;710.000000;1102.000000;3100.000000;mq;mq;mq;mq;mq;mq;mq;mq;mq;mq;mq;mq;mq;
07535;20110921030000;102130;-40;7;0;0.000000;282.750000;282.150000;96;mq;mq;mq;mq;mq;mq;mq;mq;mq;mq;98980;mq;mq;mq;mq;mq;mq;mq;mq;mq;mq;mq;1.500000;-10;mq;mq;mq;mq;0.000000;0.000000;mq;mq;mq;710.000000;1102.000000;mq;mq;mq;mq;mq;mq;mq;mq;mq;mq;mq;mq;mq;mq;
07558;20110921030000;102190;-20;5;80;0.500000;283.450000;279.950000;79;mq;mq;mq;mq;mq;mq;mq;mq;mq;mq;93840;mq;mq;mq;mq;mq;mq;mq;mq;mq;mq;mq;3.600000;-10;mq;mq;mq;mq;0.000000;0.000000;mq;mq;mq;710.000000;1104.000000;mq;mq;mq;mq;mq;mq;mq;mq;mq;mq;mq;mq;mq;mq;
07577;20110921030000;102100;-50;6;20;4.600000;286.550000;282.050000;74;20000;0;mq;mq;mq;mq;mq;mq;mq;mq;101210;mq;mq;mq;mq;mq;mq;mq;mq;mq;mq;mq;7.700000;-10;mq;mq;mq;mq;0.000000;0.000000;mq;mq;mq;710.000000;1108.000000;mq;mq;mq;mq;mq;mq;mq;mq;mq;mq;mq;mq;mq;mq;
07591;20110921030000;mq;-20;5;30;1.500000;280.850000;277.250000;78;mq;0;mq;mq;mq;mq;mq;mq;mq;mq;92160;mq;mq;mq;mq;mq;mq;mq;mq;mq;mq;mq;3.100000;-10;mq;mq;mq;mq;0.000000;0.000000;mq;mq;mq;710.000000;1103.000000;mq;mq;mq;mq;mq;mq;mq;mq;mq;mq;mq;mq;mq;mq;
07607;20110921030000;102050;-40;5;70;0.500000;282.350000;281.450000;94;55000;0;mq;mq;mq;mq;mq;mq;mq;mq;101330;mq;mq;mq;mq;mq;mq;mq;mq;mq;mq;mq;1.000000;-10;mq;mq;mq;mq;0.000000;0.000000;mq;mq;mq;710.000000;1101.000000;mq;mq;mq;mq;mq;mq;mq;mq;mq;mq;mq;mq;mq;mq;
07621;20110921030000;102070;-50;8;160;2.600000;284.350000;283.750000;96;40000;2;mq;mq;0;mq;mq;mq;mq;mq;97740;mq;mq;mq;mq;mq;mq;mq;mq;mq;mq;mq;3.100000;-10;mq;mq;0.000000;-30;0.000000;0.000000;mq;mq;mq;710.000000;1103.000000;3100.000000;mq;mq;mq;mq;mq;mq;mq;mq;mq;mq;mq;mq;mq;
07627;20110921030000;102090;-40;8;170;2.100000;284.450000;283.550000;94;mq;mq;mq;mq;mq;mq;mq;mq;mq;mq;97220;mq;mq;mq;mq;mq;mq;mq;mq;mq;mq;mq;5.700000;-10;mq;mq;mq;mq;0.000000;0.000000;mq;mq;mq;710.000000;1106.000000;mq;mq;mq;mq;mq;mq;mq;mq;mq;mq;mq;mq;mq;mq;
07630;20110921030000;102090;0;5;140;0.500000;285.150000;284.050000;93;30000;2;1;1;0;mq;mq;mq;mq;mq;100280;mq;mq;mq;mq;mq;mq;mq;mq;mq;mq;mq;2.600000;-10;mq;mq;0.000000;-30;0.000000;0.000000;mq;mq;mq;710.000000;1103.000000;3100.000000;mq;mq;mq;mq;mq;mq;mq;mq;mq;mq;mq;mq;mq;
07643;20110921030000;102020;-30;5;10;2.100000;286.850000;281.050000;68;50000;2;1;1;0;mq;mq;mq;mq;mq;101920;mq;mq;mq;mq;mq;mq;mq;mq;mq;mq;mq;3.600000;-10;mq;mq;mq;mq;0.000000;0.000000;mq;mq;mq;710.000000;1104.000000;mq;mq;mq;mq;mq;mq;mq;mq;mq;mq;mq;mq;mq;mq;
07650;20110921030000;101920;-50;6;80;1.500000;286.650000;280.450000;66;60000;2;1;1;0;mq;mq;mq;mq;mq;101530;mq;mq;mq;mq;mq;mq;mq;mq;mq;mq;mq;3.100000;-10;mq;mq;0.000000;-30;0.000000;0.000000;mq;mq;mq;710.000000;1103.000000;3100.000000;mq;mq;mq;mq;mq;mq;mq;mq;mq;mq;mq;mq;mq;
07661;20110921030000;101900;-80;7;10;2.100000;289.250000;275.650000;40;25000;2;1;1;0;mq;mq;mq;mq;mq;100310;mq;mq;mq;mq;mq;mq;mq;mq;mq;mq;mq;3.100000;-10;mq;mq;mq;mq;0.000000;0.000000;mq;mq;mq;710.000000;1103.000000;mq;mq;mq;mq;mq;mq;mq;mq;mq;mq;mq;mq;mq;mq;
07690;20110921030000;101880;-80;6;340;5.100000;291.650000;278.850000;43;30000;2;1;1;0;mq;mq;mq;mq;mq;101550;mq;mq;mq;mq;mq;mq;mq;mq;mq;mq;mq;8.700000;-10;mq;mq;0.000000;-30;0.000000;0.000000;mq;mq;mq;710.000000;1109.000000;3100.000000;mq;mq;mq;mq;mq;mq;mq;mq;mq;mq;mq;mq;mq;
07747;20110921030000;102020;-60;5;340;1.500000;288.150000;283.350000;73;60000;0;mq;mq;mq;mq;mq;mq;mq;mq;101490;mq;mq;mq;mq;mq;mq;mq;mq;mq;mq;mq;5.100000;-10;mq;mq;mq;mq;0.000000;0.000000;mq;mq;mq;710.000000;1105.000000;mq;mq;mq;mq;mq;mq;mq;mq;mq;mq;mq;mq;mq;mq;
07761;20110921030000;101910;-20;7;40;4.100000;286.750000;281.150000;69;25000;2;1;1;0;mq;mq;mq;mq;mq;101800;mq;mq;mq;mq;mq;mq;mq;mq;mq;mq;mq;6.700000;-10;mq;mq;0.000000;-30;0.000000;0.000000;mq;mq;mq;710.000000;1107.000000;3100.000000;mq;mq;mq;mq;mq;mq;mq;mq;mq;mq;mq;mq;mq;
07790;20110921030000;101810;-20;8;230;6.200000;290.650000;280.350000;51;15000;2;1;1;0;mq;mq;mq;mq;mq;101670;mq;mq;mq;mq;mq;mq;mq;mq;mq;mq;mq;8.700000;-10;mq;mq;0.000000;-30;0.000000;0.000000;mq;mq;mq;710.000000;1109.000000;3100.000000;mq;mq;mq;mq;mq;mq;mq;mq;mq;mq;mq;mq;mq;
61970;20110921030000;101760;mq;mq;mq;mq;295.750000;295.450000;98;mq;mq;mq;mq;mq;mq;mq;mq;mq;mq;mq;mq;mq;mq;mq;mq;mq;mq;mq;mq;mq;mq;mq;mq;mq;mq;mq;mq;0.000000;0.200000;mq;mq;mq;mq;mq;mq;mq;mq;mq;mq;mq;mq;mq;mq;mq;mq;mq;mq;mq;
61972;20110921030000;101620;mq;mq;120;3.100000;294.950000;294.750000;99;mq;mq;mq;mq;mq;mq;mq;mq;mq;mq;mq;mq;mq;mq;mq;mq;mq;mq;mq;mq;mq;mq;6.700000;-10;mq;mq;mq;mq;0.000000;0.000000;mq;mq;mq;710.000000;1107.000000;mq;mq;mq;mq;mq;mq;mq;mq;mq;mq;mq;mq;mq;mq;
61976;20110921030000;101900;mq;mq;100;8.200000;297.650000;295.350000;87;mq;mq;mq;mq;mq;mq;mq;mq;mq;mq;101750;mq;mq;mq;mq;mq;mq;mq;mq;mq;mq;mq;mq;mq;mq;mq;mq;mq;mq;mq;mq;mq;mq;mq;mq;mq;mq;mq;mq;mq;mq;mq;mq;mq;mq;mq;mq;mq;mq;
61980;20110921030000;102220;mq;mq;130;3.600000;295.050000;291.450000;80;10000;2;1;1;75;6;800;38;20;10;mq;mq;mq;mq;mq;mq;mq;mq;mq;mq;mq;mq;7.200000;-10;mq;mq;mq;mq;0.000000;0.000000;mq;mq;mq;710.000000;1107.000000;2437.000000;mq;3;8;630;5;6;1140;mq;mq;mq;mq;mq;mq;
61996;20110921030000;102140;mq;mq;290;9.800000;286.650000;231.150000;mq;mq;mq;mq;mq;mq;mq;mq;mq;mq;mq;mq;mq;mq;mq;mq;mq;mq;mq;mq;mq;mq;mq;13.900000;-10;mq;mq;mq;mq;0.000000;0.000000;mq;mq;mq;710.000000;1114.000000;mq;mq;mq;mq;mq;mq;mq;mq;mq;mq;mq;mq;mq;mq;
61997;20110921030000;99460;mq;mq;280;16.500000;276.150000;270.450000;66;mq;mq;mq;mq;mq;mq;mq;mq;mq;mq;mq;mq;mq;470;mq;mq;mq;mq;mq;mq;mq;mq;26.800000;-30;mq;mq;mq;mq;mq;0.200000;mq;mq;mq;1127.000000;mq;mq;mq;mq;mq;mq;mq;mq;mq;mq;mq;mq;mq;mq;mq;
61998;20110921030000;99100;mq;mq;310;12.300000;278.150000;275.550000;83;15000;2;1;1;90;3;800;35;20;18;mq;mq;mq;1160;mq;mq;mq;mq;mq;mq;mq;mq;18.000000;-10;mq;mq;mq;mq;0.000000;0.000000;mq;mq;mq;710.000000;1118.000000;mq;mq;3;6;690;6;2;6900;mq;mq;mq;mq;mq;mq;
67005;20110921030000;101600;mq;mq;200;3.100000;298.050000;293.950000;78;mq;0;mq;mq;mq;mq;mq;mq;mq;mq;mq;mq;mq;mq;mq;mq;mq;mq;mq;mq;mq;mq;4.100000;-10;mq;mq;mq;mq;0.000000;0.000000;mq;mq;mq;710.000000;1104.000000;mq;mq;mq;mq;mq;mq;mq;mq;mq;mq;mq;mq;mq;mq;
71805;20110921030000;101390;260;1;310;8.200000;283.750000;281.350000;85;60000;0;mq;mq;mq;mq;mq;mq;mq;mq;101300;mq;mq;mq;mq;mq;mq;mq;mq;mq;mq;mq;14.400000;-10;mq;mq;mq;mq;0.000000;0.000000;mq;mq;mq;710.000000;1114.000000;mq;mq;mq;mq;mq;mq;mq;mq;mq;mq;mq;mq;mq;mq;
78897;20110921030000;101420;90;0;100;1.500000;298.950000;297.150000;90;20000;25;8;6;75;5;450;38;20;12;mq;mq;mq;mq;mq;mq;mq;mq;mq;mq;mq;mq;mq;mq;mq;mq;mq;mq;mq;mq;mq;mq;mq;mq;mq;mq;mq;1;8;390;3;8;600;5;0;7800;mq;mq;mq;
78922;20110921030000;101370;60;0;90;6.200000;299.850000;296.950000;84;mq;mq;mq;mq;mq;mq;mq;mq;mq;mq;100930;mq;mq;mq;mq;mq;mq;mq;mq;mq;mq;mq;mq;mq;mq;mq;mq;mq;mq;mq;mq;mq;mq;mq;mq;mq;mq;mq;mq;mq;mq;mq;mq;mq;mq;mq;mq;mq;mq;
78925;20110921030000;101380;100;0;0;0.000000;298.650000;297.750000;95;18000;3;8;6;40;3;800;38;20;10;mq;mq;mq;mq;mq;mq;mq;mq;mq;mq;mq;mq;mq;mq;mq;mq;mq;mq;mq;mq;mq;mq;mq;mq;mq;mq;mq;2;8;690;mq;mq;mq;mq;mq;mq;mq;mq;mq;
81401;20110921030000;101290;mq;mq;160;1.000000;297.550000;295.850000;90;mq;mq;mq;mq;mq;mq;mq;mq;mq;mq;101230;mq;mq;mq;mq;mq;mq;mq;mq;mq;mq;mq;mq;mq;mq;mq;mq;mq;mq;0.000000;mq;mq;mq;mq;mq;mq;mq;mq;mq;mq;mq;mq;mq;mq;mq;mq;mq;mq;mq;
81405;20110921030000;101280;mq;mq;210;1.000000;298.050000;297.350000;96;15000;0;mq;mq;mq;mq;mq;mq;mq;mq;101190;mq;mq;mq;mq;mq;mq;mq;mq;mq;mq;mq;mq;mq;mq;mq;mq;mq;mq;0.000000;mq;mq;mq;mq;mq;mq;mq;mq;mq;mq;mq;mq;mq;mq;mq;mq;mq;mq;mq;
81408;20110921030000;101290;mq;mq;190;0.500000;297.950000;297.050000;95;mq;mq;mq;mq;mq;mq;mq;mq;mq;mq;101210;mq;mq;mq;mq;mq;mq;mq;mq;mq;mq;mq;mq;mq;mq;mq;mq;mq;mq;0.000000;mq;mq;mq;mq;mq;mq;mq;mq;mq;mq;mq;mq;mq;mq;mq;mq;mq;mq;mq;
89642;20110921030000;98100;170;3;130;11.800000;259.450000;250.250000;42;40000;2;1;1;40;1;1750;35;28;10;97550;mq;mq;mq;mq;mq;mq;mq;mq;mq;mq;18.000000;18.000000;-30;mq;mq;mq;mq;mq;mq;mq;mq;mq;1018.000000;1118.000000;mq;mq;1;6;1500;3;3;3300;mq;mq;mq;mq;mq;mq;
07005;20110921060000;102010;-20;5;180;2.600000;287.550000;284.350000;81;25000;2;1;1;100;5;1250;35;27;60;101120;mq;mq;mq;287.350000;mq;288.950000;mq;287.150000;mq;mq;mq;4.600000;-10;1;0.000000;0.000000;-60;0.000000;0.000000;mq;0.000000;0.000000;710.000000;1105.000000;3100.000000;mq;5;6;1200;8;3;3000;mq;mq;mq;mq;mq;mq;
07015;20110921060000;102010;0;5;200;3.100000;287.250000;284.250000;82;25000;1;mq;mq;90;7;1250;35;61;60;101440;mq;mq;mq;286.650000;mq;289.550000;mq;285.150000;mq;mq;mq;4.100000;-10;1;0.000000;0.000000;-60;0.000000;0.000000;mq;0.000000;0.000000;710.000000;1104.000000;3100.000000;mq;7;6;1200;mq;mq;mq;mq;mq;mq;mq;mq;mq;
07020;20110921060000;101930;10;3;220;8.200000;289.150000;287.850000;92;mq;mq;mq;mq;mq;mq;mq;mq;mq;mq;101670;mq;mq;mq;288.450000;mq;290.350000;mq;mq;mq;mq;mq;13.400000;-10;mq;mq;mq;mq;0.000000;0.200000;mq;0.200000;0.400000;710.000000;1113.000000;mq;mq;mq;mq;mq;mq;mq;mq;mq;mq;mq;mq;mq;mq;
07027;20110921060000;102060;10;3;200;2.600000;287.550000;284.150000;80;40000;2;1;1;90;7;1250;35;61;60;101260;mq;mq;mq;287.350000;mq;289.250000;mq;287.150000;mq;mq;mq;5.100000;-10;0;0.000000;0.000000;-60;0.000000;0.000000;mq;0.000000;0.000000;710.000000;1105.000000;3100.000000;mq;7;6;1230;mq;mq;mq;mq;mq;mq;mq;mq;mq;
07037;20110921060000;102090;10;3;200;3.600000;286.450000;285.150000;92;30000;2;1;1;90;7;1250;35;61;60;100270;mq;mq;mq;286.450000;mq;287.850000;mq;285.150000;mq;mq;mq;5.100000;-10;0;0.000000;0.000000;-60;0.000000;0.000000;mq;0.000000;0.000000;710.000000;1105.000000;3100.000000;mq;7;6;1290;mq;mq;mq;mq;mq;mq;mq;mq;mq;
07110;20110921060000;101980;20;3;220;6.200000;288.650000;286.450000;87;20000;2;1;1;100;8;450;38;61;60;100850;mq;mq;mq;287.950000;mq;289.250000;mq;287.150000;mq;mq;mq;9.800000;-10;1;0.000000;mq;mq;0.000000;0.000000;mq;0.200000;0.200000;710.000000;1110.000000;mq;mq;5;8;480;7;6;900;mq;mq;mq;mq;mq;mq;
07117;20110921060000;101940;10;3;230;6.200000;289.150000;285.650000;80;18000;2;1;1;100;8;800;35;61;60;101250;mq;mq;mq;288.350000;mq;290.050000;mq;mq;mq;mq;mq;10.300000;-10;mq;mq;mq;mq;0.000000;0.000000;mq;0.000000;mq;710.000000;1110.000000;2427.000000;mq;mq;mq;mq;mq;mq;mq;mq;mq;mq;mq;mq;mq;
07130;20110921060000;102140;20;3;190;2.600000;288.150000;285.050000;82;30000;0;mq;mq;100;mq;1250;mq;mq;mq;101620;mq;mq;mq;287.950000;mq;290.050000;mq;287.150000;mq;mq;mq;3.600000;-10;0;0.000000;mq;mq;0.000000;0.000000;mq;0.000000;0.000000;710.000000;1104.000000;mq;mq;mq;mq;mq;mq;mq;mq;mq;mq;mq;mq;mq;mq;
07139;20110921060000;102160;30;3;260;1.000000;286.950000;284.450000;85;25000;2;1;1;100;8;1250;35;61;60;100440;mq;mq;mq;286.850000;mq;289.350000;mq;286.150000;mq;mq;mq;1.500000;-10;1;0.000000;0.000000;-60;0.000000;0.000000;mq;0.000000;0.000000;710.000000;1102.000000;3100.000000;mq;8;6;1200;mq;mq;mq;mq;mq;mq;mq;mq;mq;
07149;20110921060000;102190;40;3;170;1.500000;287.650000;285.150000;85;25000;2;1;1;100;8;1250;35;61;60;101110;mq;mq;mq;287.550000;mq;289.950000;mq;287.150000;mq;mq;mq;2.600000;-10;0;0.000000;0.000000;-60;0.000000;0.000000;mq;0.000000;0.000000;710.000000;1103.000000;3100.000000;mq;8;6;1170;mq;mq;mq;mq;mq;mq;mq;mq;mq;
07168;20110921060000;102280;30;3;190;1.500000;281.750000;281.350000;97;400;43;4;4;101;mq;mq;62;61;60;100840;mq;mq;mq;279.850000;mq;289.050000;mq;277.150000;mq;mq;mq;2.100000;-10;1;0.000000;0.000000;-60;0.000000;0.000000;mq;0.000000;0.200000;710.000000;1102.000000;3100.000000;mq;mq;mq;mq;mq;mq;mq;mq;mq;mq;mq;mq;mq;
07181;20110921060000;102350;40;3;200;1.000000;279.850000;279.550000;98;200;46;4;1;40;3;30;36;20;10;98190;mq;mq;mq;279.450000;mq;287.650000;mq;276.150000;mq;mq;mq;1.500000;-10;1;0.000000;0.000000;-60;0.000000;0.200000;mq;0.400000;0.400000;710.000000;1102.000000;3100.000000;mq;3;7;30;mq;mq;mq;mq;mq;mq;mq;mq;mq;
07190;20110921060000;102370;70;3;240;1.500000;279.850000;279.150000;95;13000;0;mq;mq;mq;mq;mq;mq;mq;mq;100510;mq;mq;mq;278.850000;mq;288.150000;mq;276.150000;mq;mq;mq;2.600000;-10;0;0.000000;mq;mq;0.000000;0.000000;mq;0.000000;0.200000;710.000000;1103.000000;mq;mq;mq;mq;mq;mq;mq;mq;mq;mq;mq;mq;mq;mq;
07207;20110921060000;mq;mq;mq;280;2.100000;290.250000;284.250000;68;20000;2;1;1;100;8;800;35;20;10;mq;mq;mq;mq;289.950000;mq;290.550000;mq;mq;mq;mq;mq;7.200000;-10;mq;mq;mq;mq;0.000000;0.000000;mq;0.000000;mq;710.000000;1107.000000;2428.000000;mq;mq;mq;mq;mq;mq;mq;mq;mq;mq;mq;mq;mq;
07222;20110921060000;102170;30;3;130;1.000000;286.750000;286.150000;96;10000;2;1;1;90;7;1250;35;61;60;101860;mq;mq;mq;285.050000;mq;290.350000;mq;279.150000;mq;mq;mq;2.100000;-10;0;0.000000;mq;mq;0.000000;0.000000;mq;0.000000;0.000000;710.000000;1102.000000;mq;mq;7;6;1200;mq;mq;mq;mq;mq;mq;mq;mq;mq;
07240;20110921060000;102240;70;3;290;1.500000;284.450000;283.550000;94;15000;1;mq;mq;60;2;1250;35;20;12;100880;mq;mq;mq;284.350000;mq;289.550000;mq;282.150000;mq;mq;mq;3.600000;-10;1;0.000000;0.000000;-60;0.000000;0.000000;mq;0.000000;0.000000;710.000000;1104.000000;3100.000000;mq;2;6;1080;4;0;7800;mq;mq;mq;mq;mq;mq;
07255;20110921060000;102260;40;3;90;1.500000;282.450000;282.350000;99;1100;12;4;0;40;0;8000;30;20;11;100240;mq;mq;mq;282.250000;mq;290.650000;mq;278.150000;mq;mq;mq;2.100000;-10;0;0.000000;0.000000;-60;0.000000;0.000000;mq;0.200000;0.200000;710.000000;1102.000000;3100.000000;mq;3;0;7500;mq;mq;mq;mq;mq;mq;mq;mq;mq;
07280;20110921060000;102330;60;3;350;1.000000;280.650000;279.550000;93;45000;0;mq;mq;mq;mq;mq;mq;mq;mq;99560;mq;mq;mq;280.150000;mq;289.250000;mq;276.150000;mq;mq;mq;2.100000;-10;0;0.000000;mq;mq;0.000000;0.000000;mq;0.000000;0.000000;710.000000;1102.000000;mq;mq;mq;mq;mq;mq;mq;mq;mq;mq;mq;mq;mq;mq;
07299;20110921060000;102390;60;3;0;0.000000;279.550000;279.250000;98;3500;40;0;0;25;1;150;31;23;11;99050;mq;mq;mq;278.550000;mq;286.950000;mq;276.150000;mq;mq;mq;1.500000;-10;0;0.000000;0.000000;-60;0.000000;0.000000;mq;0.000000;0.000000;710.000000;1102.000000;3100.000000;mq;1;7;90;mq;mq;mq;mq;mq;mq;mq;mq;mq;
07314;20110921060000;102180;50;3;70;2.600000;288.550000;286.350000;87;20000;2;1;1;40;0;8000;30;20;12;101900;mq;mq;mq;288.550000;mq;291.750000;mq;mq;mq;mq;mq;5.100000;-10;mq;mq;mq;mq;0.000000;0.000000;mq;0.000000;0.000000;710.000000;1105.000000;2438.000000;mq;3;0;6000;mq;mq;mq;mq;mq;mq;mq;mq;mq;
07335;20110921060000;102220;20;3;330;1.000000;281.750000;281.350000;97;18000;11;1;1;60;0;8000;30;20;12;100750;mq;mq;mq;281.450000;mq;291.050000;mq;279.150000;mq;mq;mq;1.500000;-10;0;0.000000;mq;mq;0.000000;0.000000;mq;0.200000;0.200000;710.000000;1102.000000;mq;mq;5;0;7800;mq;mq;mq;mq;mq;mq;mq;mq;mq;
07434;20110921060000;102190;10;3;40;1.500000;283.050000;281.850000;92;40000;2;1;1;40;0;8000;30;20;11;97380;mq;mq;mq;282.950000;mq;289.250000;mq;282.150000;mq;mq;mq;2.600000;-10;0;0.000000;0.000000;-60;0.000000;0.000000;mq;0.000000;0.000000;710.000000;1103.000000;3100.000000;mq;3;0;7800;mq;mq;mq;mq;mq;mq;mq;mq;mq;
07460;20110921060000;102270;30;2;190;2.600000;281.450000;280.250000;92;30000;3;mq;mq;10;0;8000;30;20;11;98330;mq;mq;mq;280.650000;mq;288.950000;mq;278.150000;mq;mq;mq;5.100000;-10;0;0.000000;0.000000;-60;0.000000;0.000000;mq;0.000000;0.000000;710.000000;1105.000000;3100.000000;mq;1;0;6900;mq;mq;mq;mq;mq;mq;mq;mq;mq;
07471;20110921060000;mq;10;3;220;1.500000;275.550000;275.450000;99;2500;10;0;0;10;1;150;36;20;10;92620;85000;18070;mq;275.150000;mq;285.450000;mq;273.150000;mq;mq;mq;1.500000;-10;1;0.000000;0.000000;-60;0.000000;0.000000;mq;0.000000;0.000000;710.000000;1102.000000;3100.000000;mq;1;7;90;mq;mq;mq;mq;mq;mq;mq;mq;mq;
07481;20110921060000;102280;50;3;160;1.500000;283.450000;281.250000;86;15000;2;1;1;10;0;8000;30;20;11;99390;mq;mq;mq;282.650000;mq;289.950000;mq;280.150000;mq;mq;mq;3.100000;-10;1;0.000000;0.000000;-60;0.000000;0.000000;mq;0.000000;0.000000;710.000000;1103.000000;3100.000000;mq;1;0;7500;mq;mq;mq;mq;mq;mq;mq;mq;mq;
07510;20110921060000;102070;10;3;40;1.500000;284.050000;284.050000;100;4000;40;4;1;60;1;3500;30;28;11;101410;mq;mq;mq;283.750000;mq;293.450000;mq;281.150000;mq;mq;mq;3.100000;-10;1;0.000000;0.000000;-60;0.000000;0.000000;mq;0.000000;0.000000;710.000000;1103.000000;3100.000000;mq;1;3;4500;5;0;7800;mq;mq;mq;mq;mq;mq;
07535;20110921060000;102170;30;3;130;1.000000;281.550000;281.250000;98;10000;2;1;1;10;0;8000;30;20;11;99010;mq;mq;mq;281.450000;mq;292.650000;mq;279.150000;mq;mq;mq;2.100000;-10;1;0.000000;0.000000;-60;0.000000;0.000000;mq;0.000000;0.000000;710.000000;1102.000000;3100.000000;mq;1;0;6900;mq;mq;mq;mq;mq;mq;mq;mq;mq;
07558;20110921060000;102230;0;5;30;2.600000;282.050000;279.450000;84;60000;2;1;1;10;0;8000;30;20;11;93840;mq;mq;mq;282.050000;mq;289.950000;mq;280.150000;mq;mq;mq;4.100000;-10;0;0.000000;0.000000;-60;0.000000;0.000000;mq;0.000000;0.000000;710.000000;1104.000000;3100.000000;mq;1;0;7500;mq;mq;mq;mq;mq;mq;mq;mq;mq;
07577;20110921060000;102170;60;2;40;2.600000;284.750000;281.550000;81;20000;2;1;1;10;0;8000;30;20;11;101270;mq;mq;mq;284.350000;mq;292.750000;mq;283.150000;mq;mq;mq;5.100000;-10;0;0.000000;0.000000;-60;0.000000;0.000000;mq;0.000000;0.000000;710.000000;1105.000000;3100.000000;mq;1;0;6900;mq;mq;mq;mq;mq;mq;mq;mq;mq;
07591;20110921060000;mq;30;3;30;3.600000;281.750000;276.550000;70;mq;0;mq;mq;mq;mq;mq;mq;mq;mq;92190;mq;mq;mq;280.550000;mq;287.650000;mq;277.150000;mq;mq;mq;8.200000;-10;mq;mq;mq;mq;0.000000;0.000000;mq;0.000000;0.000000;710.000000;1108.000000;mq;mq;mq;mq;mq;mq;mq;mq;mq;mq;mq;mq;mq;mq;
07607;20110921060000;102080;20;3;80;2.100000;280.850000;279.950000;94;60000;0;mq;mq;mq;mq;mq;mq;mq;mq;101350;mq;mq;mq;280.750000;mq;293.950000;mq;279.150000;mq;mq;mq;2.100000;-10;mq;mq;mq;mq;0.000000;0.000000;mq;0.000000;0.000000;710.000000;1102.000000;mq;mq;mq;mq;mq;mq;mq;mq;mq;mq;mq;mq;mq;mq;
07621;20110921060000;102100;10;3;170;1.500000;283.050000;282.450000;96;60000;3;mq;mq;40;0;8000;30;20;11;97750;mq;mq;mq;282.650000;mq;291.850000;mq;279.150000;mq;mq;mq;2.600000;-10;0;0.000000;0.000000;-60;0.000000;0.000000;mq;0.000000;0.000000;710.000000;1103.000000;3100.000000;mq;3;0;7800;mq;mq;mq;mq;mq;mq;mq;mq;mq;
07627;20110921060000;102140;40;3;150;1.500000;284.250000;282.350000;88;30000;2;1;1;10;0;8000;30;20;11;97260;mq;mq;mq;282.150000;mq;288.350000;mq;278.150000;mq;mq;mq;5.100000;-10;0;0.000000;0.000000;-60;0.000000;0.000000;mq;0.000000;0.000000;710.000000;1105.000000;3100.000000;mq;1;0;7500;mq;mq;mq;mq;mq;mq;mq;mq;mq;
07630;20110921060000;102110;20;3;170;1.500000;284.250000;283.150000;93;30000;2;1;1;10;0;8000;30;20;11;100300;mq;mq;mq;284.050000;mq;294.450000;mq;280.150000;mq;mq;mq;2.600000;-10;0;0.000000;0.000000;-60;0.200000;0.200000;mq;0.200000;0.200000;710.000000;1103.000000;3100.000000;mq;1;0;7800;mq;mq;mq;mq;mq;mq;mq;mq;mq;
07643;20110921060000;102060;40;3;330;1.000000;285.750000;281.050000;73;75000;2;1;1;0;mq;mq;mq;mq;mq;101960;mq;mq;mq;285.350000;mq;294.250000;mq;284.150000;mq;mq;mq;1.500000;-10;0;0.000000;0.000000;-60;0.000000;0.000000;mq;0.000000;0.000000;710.000000;1102.000000;3100.000000;mq;mq;mq;mq;mq;mq;mq;mq;mq;mq;mq;mq;mq;
07650;20110921060000;101970;50;2;120;2.600000;285.450000;280.550000;72;60000;2;1;1;0;mq;mq;mq;mq;mq;101580;mq;mq;mq;283.250000;mq;294.250000;mq;280.150000;mq;mq;mq;3.600000;-10;0;0.000000;0.000000;-60;0.000000;0.000000;mq;0.000000;0.000000;710.000000;1104.000000;3100.000000;mq;mq;mq;mq;mq;mq;mq;mq;mq;mq;mq;mq;mq;
07661;20110921060000;101940;40;3;330;2.600000;290.550000;273.650000;32;30000;2;1;1;0;mq;mq;mq;mq;mq;100350;mq;mq;mq;288.250000;mq;293.150000;mq;mq;mq;mq;mq;3.600000;-10;mq;mq;mq;mq;0.000000;0.000000;mq;0.000000;0.000000;710.000000;1104.000000;mq;mq;mq;mq;mq;mq;mq;mq;mq;mq;mq;mq;mq;mq;
07690;20110921060000;101940;60;3;340;4.600000;291.050000;278.950000;45;50000;2;1;1;10;0;8000;30;20;12;101610;mq;mq;mq;290.750000;mq;295.350000;mq;290.150000;mq;mq;mq;7.200000;-10;0;0.000000;0.000000;-60;0.000000;0.000000;mq;0.000000;0.000000;710.000000;1107.000000;3100.000000;mq;1;0;6900;mq;mq;mq;mq;mq;mq;mq;mq;mq;
07747;20110921060000;102110;90;3;240;2.100000;286.050000;283.250000;83;30000;2;1;1;10;1;800;35;24;12;101580;mq;mq;mq;285.450000;mq;296.250000;mq;283.150000;mq;mq;mq;2.600000;-10;0;0.000000;0.000000;-60;0.000000;0.000000;mq;0.000000;0.000000;710.000000;1103.000000;3100.000000;mq;1;6;900;mq;mq;mq;mq;mq;mq;mq;mq;mq;
07761;20110921060000;101960;50;3;40;4.100000;287.350000;281.550000;68;40000;2;1;1;0;mq;mq;mq;mq;mq;101850;mq;mq;mq;286.150000;mq;294.950000;mq;285.150000;mq;mq;mq;6.200000;-10;0;0.000000;0.000000;-60;0.000000;0.000000;mq;0.000000;0.000000;710.000000;1106.000000;3100.000000;mq;mq;mq;mq;mq;mq;mq;mq;mq;mq;mq;mq;mq;
07790;20110921060000;101840;30;3;220;5.100000;292.050000;280.450000;47;15000;2;1;1;0;mq;mq;mq;mq;mq;101700;mq;mq;mq;289.450000;mq;293.250000;mq;285.150000;mq;mq;mq;8.700000;-10;0;0.000000;0.000000;-60;0.000000;0.000000;mq;0.000000;0.000000;710.000000;1109.000000;3100.000000;mq;mq;mq;mq;mq;mq;mq;mq;mq;mq;mq;mq;mq;
61970;20110921060000;101890;mq;mq;mq;mq;300.950000;296.150000;75;mq;mq;mq;mq;mq;mq;mq;mq;mq;mq;mq;mq;mq;mq;294.950000;mq;mq;mq;mq;mq;mq;mq;mq;mq;mq;mq;mq;mq;0.000000;mq;mq;mq;0.200000;mq;mq;mq;mq;mq;mq;mq;mq;mq;mq;mq;mq;mq;mq;mq;mq;
61972;20110921060000;101920;mq;mq;120;5.100000;298.650000;295.750000;84;mq;mq;mq;mq;mq;mq;mq;mq;mq;mq;mq;mq;mq;mq;293.150000;mq;mq;mq;mq;mq;mq;mq;8.700000;-10;mq;mq;mq;mq;0.000000;mq;mq;mq;0.200000;710.000000;1109.000000;mq;mq;mq;mq;mq;mq;mq;mq;mq;mq;mq;mq;mq;mq;
61976;20110921060000;101990;mq;mq;110;8.200000;299.850000;295.250000;76;mq;mq;mq;mq;mq;mq;mq;mq;mq;mq;101840;mq;mq;mq;mq;mq;mq;mq;mq;mq;mq;mq;mq;mq;mq;mq;mq;mq;mq;mq;mq;mq;mq;mq;mq;mq;mq;mq;mq;mq;mq;mq;mq;mq;mq;mq;mq;mq;mq;
61980;20110921060000;102240;mq;mq;100;6.200000;298.250000;291.950000;68;10000;2;1;1;60;3;800;38;23;10;mq;mq;mq;mq;294.150000;mq;mq;mq;293.150000;mq;mq;mq;10.300000;-10;mq;mq;mq;mq;0.000000;mq;mq;mq;0.000000;710.000000;1110.000000;2437.000000;mq;2;8;690;3;6;1350;5;3;3900;mq;mq;mq;
61997;20110921060000;99670;mq;mq;270;16.500000;276.150000;271.950000;74;mq;mq;mq;mq;mq;mq;mq;mq;mq;mq;mq;mq;mq;mq;274.850000;mq;mq;mq;274.150000;mq;mq;mq;28.800000;-60;mq;mq;mq;mq;mq;mq;mq;mq;4.000000;1129.000000;mq;mq;mq;mq;mq;mq;mq;mq;mq;mq;mq;mq;mq;mq;mq;
61998;20110921060000;99020;mq;mq;320;11.300000;278.550000;276.850000;89;10000;61;6;2;100;7;450;38;61;60;mq;mq;mq;mq;275.250000;mq;mq;mq;273.150000;mq;mq;mq;18.500000;-10;mq;mq;mq;mq;1.000000;mq;mq;mq;2.000000;710.000000;1119.000000;mq;mq;6;8;480;4;6;900;mq;mq;mq;mq;mq;mq;
67005;20110921060000;101750;mq;mq;180;5.100000;300.750000;295.050000;71;mq;0;mq;mq;mq;mq;mq;mq;mq;mq;mq;mq;mq;mq;297.250000;mq;mq;mq;296.150000;mq;mq;mq;7.200000;-10;mq;mq;mq;mq;0.000000;mq;mq;mq;0.000000;710.000000;1107.000000;mq;mq;mq;mq;mq;mq;mq;mq;mq;mq;mq;mq;mq;mq;
71805;20110921060000;101500;120;3;290;6.200000;284.950000;281.250000;78;60000;0;mq;mq;mq;mq;mq;mq;mq;mq;101420;mq;mq;mq;mq;283.650000;mq;288.850000;283.150000;mq;mq;mq;10.800000;-10;mq;mq;mq;mq;0.000000;0.000000;mq;0.400000;10.600000;710.000000;1111.000000;mq;mq;mq;mq;mq;mq;mq;mq;mq;mq;mq;mq;mq;mq;
78897;20110921060000;101340;-80;8;250;1.000000;297.550000;296.150000;92;15000;0;mq;mq;mq;mq;mq;mq;mq;mq;mq;mq;mq;60;mq;296.250000;mq;304.450000;mq;mq;mq;mq;mq;mq;mq;mq;mq;mq;mq;mq;0.200000;mq;0.600000;mq;mq;mq;mq;mq;mq;mq;mq;mq;mq;mq;mq;mq;mq;mq;mq;
78922;20110921060000;101260;-110;8;80;5.100000;300.650000;296.450000;78;mq;mq;mq;mq;mq;mq;mq;mq;mq;mq;100820;mq;mq;mq;mq;mq;mq;mq;mq;mq;mq;mq;mq;mq;mq;mq;mq;mq;mq;mq;mq;mq;mq;mq;mq;mq;mq;mq;mq;mq;mq;mq;mq;mq;mq;mq;mq;mq;mq;
78925;20110921060000;101260;-120;8;50;0.500000;298.050000;297.550000;97;50000;0;mq;mq;mq;mq;mq;mq;mq;mq;mq;mq;mq;mq;mq;296.750000;mq;304.950000;mq;mq;mq;mq;mq;mq;mq;mq;mq;mq;mq;mq;2.000000;mq;5.800000;mq;mq;mq;mq;mq;mq;mq;mq;mq;mq;mq;mq;mq;mq;mq;mq;
81401;20110921060000;101130;mq;mq;160;1.000000;297.250000;295.650000;91;mq;mq;mq;mq;mq;mq;mq;mq;mq;mq;101070;mq;mq;mq;mq;mq;mq;mq;mq;mq;mq;mq;mq;mq;mq;mq;mq;mq;mq;0.000000;0.000000;mq;mq;mq;mq;mq;mq;mq;mq;mq;mq;mq;mq;mq;mq;mq;mq;mq;mq;
81405;20110921060000;101150;mq;mq;0;0.000000;296.650000;296.350000;98;16000;0;mq;mq;90;mq;800;mq;mq;mq;101060;mq;mq;mq;mq;mq;mq;mq;296.150000;mq;mq;mq;mq;mq;mq;mq;mq;mq;mq;0.000000;0.000000;mq;mq;mq;mq;mq;mq;mq;mq;mq;mq;mq;mq;mq;mq;mq;mq;mq;mq;
81408;20110921060000;101120;mq;mq;0;0.000000;296.650000;296.150000;97;mq;mq;mq;mq;mq;mq;mq;mq;mq;mq;101040;mq;mq;mq;mq;mq;mq;mq;mq;mq;mq;mq;mq;mq;mq;mq;mq;mq;mq;0.000000;0.000000;mq;mq;mq;mq;mq;mq;mq;mq;mq;mq;mq;mq;mq;mq;mq;mq;mq;mq;
89642;20110921060000;98350;250;1;130;8.700000;259.250000;250.850000;45;40000;2;1;1;75;4;1750;35;28;10;97800;mq;mq;mq;mq;mq;mq;mq;274.150000;mq;mq;mq;18.000000;-60;mq;mq;mq;mq;mq;mq;mq;mq;mq;1118.000000;mq;mq;mq;4;6;1500;mq;mq;mq;mq;mq;mq;mq;mq;mq;
07005;20110921090000;102020;20;1;210;5.100000;290.050000;284.750000;71;30000;2;1;1;90;7;800;38;61;60;101140;mq;mq;mq;mq;mq;mq;mq;mq;mq;mq;mq;8.200000;-10;mq;mq;0.000000;-30;0.000000;0.000000;mq;mq;mq;710.000000;1108.000000;3100.000000;mq;1;8;780;7;6;1200;mq;mq;mq;mq;mq;mq;
07015;20110921090000;101990;-10;8;210;4.600000;289.450000;284.350000;72;30000;2;1;1;90;7;1250;35;61;60;101430;mq;mq;mq;mq;mq;mq;mq;mq;mq;mq;mq;7.700000;-10;mq;mq;0.000000;-30;0.000000;0.000000;mq;mq;mq;710.000000;1108.000000;3100.000000;mq;7;6;1200;mq;mq;mq;mq;mq;mq;mq;mq;mq;
07020;20110921090000;101970;40;3;240;8.700000;289.350000;288.350000;94;6000;60;6;2;100;8;800;36;61;60;101710;mq;mq;mq;mq;mq;mq;mq;mq;mq;mq;mq;13.900000;-10;mq;mq;mq;mq;0.200000;0.200000;mq;mq;mq;710.000000;1114.000000;mq;mq;6;7;780;mq;mq;mq;mq;mq;mq;mq;mq;mq;
07027;20110921090000;102070;20;3;210;7.700000;290.850000;284.850000;68;40000;2;1;1;90;6;800;35;20;11;101280;mq;mq;mq;mq;mq;mq;mq;mq;mq;mq;mq;10.800000;-10;mq;mq;0.000000;-30;0.000000;0.000000;mq;mq;mq;710.000000;1111.000000;3100.000000;mq;3;6;900;5;6;1230;mq;mq;mq;mq;mq;mq;
07037;20110921090000;102120;50;3;210;3.600000;289.350000;285.350000;77;30000;2;1;1;90;7;1250;35;61;60;100320;mq;mq;mq;mq;mq;mq;mq;mq;mq;mq;mq;5.100000;-10;mq;mq;0.000000;-30;0.000000;0.000000;mq;mq;mq;710.000000;1105.000000;3100.000000;mq;7;6;990;mq;mq;mq;mq;mq;mq;mq;mq;mq;
07110;20110921090000;102090;110;2;230;5.100000;288.550000;287.450000;93;3500;51;5;2;100;8;150;37;61;60;100960;mq;mq;mq;mq;mq;mq;mq;mq;mq;mq;mq;9.800000;-10;mq;mq;mq;mq;0.000000;0.200000;mq;mq;mq;710.000000;1110.000000;mq;mq;7;7;180;mq;mq;mq;mq;mq;mq;mq;mq;mq;
07117;20110921090000;102050;110;3;270;4.600000;288.650000;287.350000;92;12000;25;2;2;100;8;450;35;61;60;101360;mq;mq;mq;mq;mq;mq;mq;mq;mq;mq;mq;9.300000;-10;mq;mq;mq;mq;0.000000;0.200000;mq;mq;mq;710.000000;1109.000000;2427.000000;mq;mq;mq;mq;mq;mq;mq;mq;mq;mq;mq;mq;mq;
07130;20110921090000;102170;40;3;220;3.600000;290.450000;285.350000;72;35000;0;mq;mq;100;mq;1250;mq;mq;mq;101660;mq;mq;mq;mq;mq;mq;mq;mq;mq;mq;mq;5.700000;-10;mq;mq;mq;mq;0.000000;0.000000;mq;mq;mq;710.000000;1106.000000;mq;mq;mq;mq;mq;mq;mq;mq;mq;mq;mq;mq;mq;mq;
07139;20110921090000;102160;10;0;210;3.100000;290.050000;283.150000;64;30000;2;1;1;75;6;800;38;20;12;100450;mq;mq;mq;mq;mq;mq;mq;mq;mq;mq;mq;5.100000;-10;mq;mq;0.000000;-30;0.000000;0.000000;mq;mq;mq;710.000000;1105.000000;3100.000000;mq;1;8;600;6;0;7500;mq;mq;mq;mq;mq;mq;
07149;20110921090000;mq;30;3;200;2.100000;290.050000;285.750000;76;25000;2;1;1;90;7;1250;35;61;60;101140;mq;mq;mq;mq;mq;mq;mq;mq;mq;mq;mq;4.100000;-30;mq;mq;0.000000;-30;0.000000;0.000000;mq;mq;mq;170.000000;1104.000000;3100.000000;mq;7;6;1200;mq;mq;mq;mq;mq;mq;mq;mq;mq;
07168;20110921090000;102280;20;0;150;1.000000;286.950000;285.150000;89;19000;1;4;2;75;6;1250;35;20;10;100860;mq;mq;mq;mq;mq;mq;mq;mq;mq;mq;mq;2.100000;-10;mq;mq;0.000000;-30;0.000000;0.200000;mq;mq;mq;710.000000;1102.000000;3100.000000;mq;6;6;1380;mq;mq;mq;mq;mq;mq;mq;mq;mq;
07181;20110921090000;102230;10;0;280;1.000000;288.250000;284.450000;78;35000;0;mq;mq;mq;mq;mq;mq;mq;mq;98200;mq;mq;mq;mq;mq;mq;mq;mq;mq;mq;mq;2.600000;-10;mq;mq;mq;mq;0.000000;0.000000;mq;mq;mq;710.000000;1103.000000;mq;mq;mq;mq;mq;mq;mq;mq;mq;mq;mq;mq;mq;mq;
07190;20110921090000;102280;-30;8;180;0.500000;288.250000;283.050000;71;28000;0;mq;mq;mq;mq;mq;mq;mq;mq;100480;mq;mq;mq;mq;mq;mq;mq;mq;mq;mq;mq;2.600000;-10;mq;mq;mq;mq;0.000000;0.000000;mq;mq;mq;710.000000;1103.000000;mq;mq;mq;mq;mq;mq;mq;mq;mq;mq;mq;mq;mq;mq;
07207;20110921090000;mq;mq;mq;210;3.100000;291.450000;285.250000;67;20000;2;1;1;100;1;800;31;27;10;mq;mq;mq;mq;mq;mq;mq;mq;mq;mq;mq;mq;4.600000;-10;mq;mq;mq;mq;0.000000;0.000000;mq;mq;mq;710.000000;1105.000000;2428.000000;mq;mq;mq;mq;mq;mq;mq;mq;mq;mq;mq;mq;mq;
07222;20110921090000;102210;40;3;210;1.000000;291.250000;286.150000;72;20000;2;1;1;90;7;1250;35;20;11;101900;mq;mq;mq;mq;mq;mq;mq;mq;mq;mq;mq;2.100000;-10;mq;mq;mq;mq;0.000000;0.000000;mq;mq;mq;710.000000;1102.000000;mq;mq;7;6;1200;mq;mq;mq;mq;mq;mq;mq;mq;mq;
07240;20110921090000;102230;20;3;170;1.500000;290.750000;286.050000;74;19000;0;mq;mq;mq;mq;mq;mq;mq;mq;100900;mq;mq;mq;mq;mq;mq;mq;mq;mq;mq;mq;2.600000;-10;mq;mq;mq;mq;0.000000;0.000000;mq;mq;mq;710.000000;1103.000000;mq;mq;mq;mq;mq;mq;mq;mq;mq;mq;mq;mq;mq;mq;
07255;20110921090000;102250;40;2;70;1.000000;289.650000;285.450000;76;25000;2;1;1;75;0;8000;30;20;11;100280;mq;mq;mq;mq;mq;mq;mq;mq;mq;mq;mq;2.100000;-10;mq;mq;0.000000;-30;0.000000;0.000000;mq;mq;mq;710.000000;1102.000000;3100.000000;mq;6;0;7500;mq;mq;mq;mq;mq;mq;mq;mq;mq;
07280;20110921090000;102260;0;0;360;1.000000;287.450000;281.850000;69;55000;0;mq;mq;mq;mq;mq;mq;mq;mq;99560;mq;mq;mq;mq;mq;mq;mq;mq;mq;mq;mq;2.600000;-10;mq;mq;mq;mq;0.000000;0.000000;mq;mq;mq;710.000000;1103.000000;mq;mq;mq;mq;mq;mq;mq;mq;mq;mq;mq;mq;mq;mq;
07299;20110921090000;102240;-40;8;110;2.100000;288.550000;282.450000;67;25000;2;1;1;10;0;8000;30;20;11;99010;mq;mq;mq;mq;mq;mq;mq;mq;mq;mq;mq;3.600000;-10;mq;mq;0.000000;-30;0.000000;0.000000;mq;mq;mq;710.000000;1104.000000;3100.000000;mq;1;0;7500;mq;mq;mq;mq;mq;mq;mq;mq;mq;
07314;20110921090000;102260;90;3;80;2.600000;290.650000;287.350000;81;15000;2;1;1;90;0;8000;30;20;14;101990;mq;mq;mq;mq;mq;mq;mq;mq;mq;mq;mq;5.100000;-10;mq;mq;mq;mq;0.000000;0.000000;mq;mq;mq;710.000000;1105.000000;2437.000000;mq;7;0;6000;mq;mq;mq;mq;mq;mq;mq;mq;mq;
07335;20110921090000;102260;80;1;20;1.500000;288.850000;285.550000;81;30000;2;1;1;60;0;8000;30;20;12;100830;mq;mq;mq;mq;mq;mq;mq;mq;mq;mq;mq;2.600000;-10;mq;mq;mq;mq;0.000000;0.000000;mq;mq;mq;710.000000;1103.000000;mq;mq;5;0;7800;mq;mq;mq;mq;mq;mq;mq;mq;mq;
07434;20110921090000;102160;70;3;100;1.000000;288.850000;283.850000;72;40000;2;1;1;75;0;8000;30;20;12;97450;mq;mq;mq;mq;mq;mq;mq;mq;mq;mq;mq;2.100000;-10;mq;mq;0.000000;-30;0.000000;0.000000;mq;mq;mq;710.000000;1102.000000;3100.000000;mq;6;0;7800;mq;mq;mq;mq;mq;mq;mq;mq;mq;
07460;20110921090000;102160;0;0;210;2.600000;288.550000;283.150000;70;50000;2;1;1;40;0;8000;30;20;11;98330;mq;mq;mq;mq;mq;mq;mq;mq;mq;mq;mq;4.100000;-10;mq;mq;0.000000;-30;0.000000;0.000000;mq;mq;mq;710.000000;1104.000000;3100.000000;mq;3;0;6600;mq;mq;mq;mq;mq;mq;mq;mq;mq;
07471;20110921090000;mq;10;3;20;0.500000;283.450000;283.250000;99;20000;28;4;1;40;0;8000;30;20;11;92630;85000;18090;mq;mq;mq;mq;mq;mq;mq;mq;mq;1.500000;-10;mq;mq;0.000000;-30;0.000000;0.000000;mq;mq;mq;710.000000;1102.000000;3100.000000;mq;3;0;7500;mq;mq;mq;mq;mq;mq;mq;mq;mq;
07481;20110921090000;102230;0;0;0;0.000000;288.450000;282.750000;69;20000;2;1;1;25;0;8000;30;20;11;99390;mq;mq;mq;mq;mq;mq;mq;mq;mq;mq;mq;3.100000;-10;mq;mq;0.000000;-30;0.000000;0.000000;mq;mq;mq;710.000000;1103.000000;3100.000000;mq;2;0;7500;mq;mq;mq;mq;mq;mq;mq;mq;mq;
07510;20110921090000;102160;110;2;40;0.500000;292.450000;288.150000;76;30000;0;mq;mq;mq;mq;mq;mq;mq;mq;101520;mq;mq;mq;mq;mq;mq;mq;mq;mq;mq;mq;1.500000;-10;mq;mq;mq;mq;0.000000;0.000000;mq;mq;mq;710.000000;1102.000000;mq;mq;mq;mq;mq;mq;mq;mq;mq;mq;mq;mq;mq;mq;
07535;20110921090000;102150;70;3;310;1.000000;289.450000;284.550000;73;25000;2;1;1;40;0;8000;30;20;11;99080;mq;mq;mq;mq;mq;mq;mq;mq;mq;mq;mq;2.100000;-10;mq;mq;0.000000;-30;0.000000;0.200000;mq;mq;mq;710.000000;1102.000000;3100.000000;mq;3;0;6900;mq;mq;mq;mq;mq;mq;mq;mq;mq;
07558;20110921090000;102040;50;3;180;1.500000;290.250000;280.550000;53;60000;2;1;1;40;0;8000;30;20;11;93890;mq;mq;mq;mq;mq;mq;mq;mq;mq;mq;mq;2.600000;-10;mq;mq;0.000000;-30;0.000000;0.000000;mq;mq;mq;710.000000;1103.000000;3100.000000;mq;3;0;7500;mq;mq;mq;mq;mq;mq;mq;mq;mq;
07577;20110921090000;102120;-30;8;30;6.200000;290.450000;282.650000;60;30000;2;1;1;40;0;8000;30;20;11;101240;mq;mq;mq;mq;mq;mq;mq;mq;mq;mq;mq;9.800000;-10;mq;mq;0.000000;-30;0.000000;0.000000;mq;mq;mq;710.000000;1110.000000;3100.000000;mq;3;0;6900;mq;mq;mq;mq;mq;mq;mq;mq;mq;
07591;20110921090000;mq;-50;8;90;2.100000;289.650000;277.350000;44;mq;0;mq;mq;mq;mq;mq;mq;mq;mq;92140;mq;mq;mq;mq;mq;mq;mq;mq;mq;mq;mq;8.200000;-10;mq;mq;mq;mq;0.000000;0.000000;mq;mq;mq;710.000000;1108.000000;mq;mq;mq;mq;mq;mq;mq;mq;mq;mq;mq;mq;mq;mq;
07607;20110921090000;102130;80;3;60;1.000000;291.150000;286.250000;73;60000;0;mq;mq;mq;mq;mq;mq;mq;mq;101430;mq;mq;mq;mq;mq;mq;mq;mq;mq;mq;mq;2.600000;-10;mq;mq;mq;mq;0.000000;0.000000;mq;mq;mq;710.000000;1103.000000;mq;mq;mq;mq;mq;mq;mq;mq;mq;mq;mq;mq;mq;mq;
07621;20110921090000;101980;50;2;150;0.500000;293.950000;285.850000;60;60000;2;1;1;75;0;8000;30;20;12;97800;mq;mq;mq;mq;mq;mq;mq;mq;mq;mq;mq;1.500000;-10;mq;mq;0.000000;-30;0.000000;0.000000;mq;mq;mq;710.000000;1102.000000;3100.000000;mq;6;0;7800;mq;mq;mq;mq;mq;mq;mq;mq;mq;
07627;20110921090000;102000;20;3;100;0.500000;292.950000;285.250000;61;30000;2;1;1;50;0;8000;30;20;11;97280;mq;mq;mq;mq;mq;mq;mq;mq;mq;mq;mq;3.600000;-10;mq;mq;0.000000;-30;0.000000;0.000000;mq;mq;mq;710.000000;1104.000000;3100.000000;mq;4;0;7500;mq;mq;mq;mq;mq;mq;mq;mq;mq;
07630;20110921090000;102110;50;1;100;1.000000;292.150000;285.150000;64;30000;2;1;1;75;0;8000;30;20;11;100350;mq;mq;mq;mq;mq;mq;mq;mq;mq;mq;mq;2.600000;-10;mq;mq;0.000000;-30;0.000000;0.000000;mq;mq;mq;710.000000;1103.000000;3100.000000;mq;6;0;7800;mq;mq;mq;mq;mq;mq;mq;mq;mq;
07643;20110921090000;102080;30;2;30;3.600000;294.950000;280.750000;40;70000;2;1;1;50;0;8000;30;20;11;101990;mq;mq;mq;mq;mq;mq;mq;mq;mq;mq;mq;6.200000;-10;mq;mq;mq;mq;0.000000;0.000000;mq;mq;mq;710.000000;1106.000000;mq;mq;4;0;7800;mq;mq;mq;mq;mq;mq;mq;mq;mq;
07650;20110921090000;102000;40;2;260;1.500000;292.750000;282.950000;53;60000;2;1;1;25;0;8000;30;20;12;101620;mq;mq;mq;mq;mq;mq;mq;mq;mq;mq;mq;3.100000;-10;mq;mq;0.000000;-30;0.000000;0.000000;mq;mq;mq;710.000000;1103.000000;3100.000000;mq;2;0;7500;mq;mq;mq;mq;mq;mq;mq;mq;mq;
07661;20110921090000;101950;40;2;250;1.000000;294.650000;281.150000;42;35000;2;1;1;25;0;8000;30;20;12;100390;mq;mq;mq;mq;mq;mq;mq;mq;mq;mq;mq;2.600000;-10;mq;mq;mq;mq;0.000000;0.000000;mq;mq;mq;710.000000;1103.000000;mq;mq;2;0;4800;mq;mq;mq;mq;mq;mq;mq;mq;mq;
07690;20110921090000;101950;10;0;320;2.600000;297.850000;279.550000;31;50000;2;1;1;10;0;8000;30;20;12;101620;mq;mq;mq;mq;mq;mq;mq;mq;mq;mq;mq;6.700000;-10;mq;mq;0.000000;-30;0.000000;0.000000;mq;mq;mq;710.000000;1107.000000;3100.000000;mq;1;0;7800;mq;mq;mq;mq;mq;mq;mq;mq;mq;
07747;20110921090000;102120;20;1;160;1.500000;295.150000;283.950000;49;40000;2;1;1;60;0;8000;30;20;11;101600;mq;mq;mq;mq;mq;mq;mq;mq;mq;mq;mq;3.600000;-10;mq;mq;0.000000;-30;0.000000;0.000000;mq;mq;mq;710.000000;1104.000000;3100.000000;mq;5;0;7500;mq;mq;mq;mq;mq;mq;mq;mq;mq;
07761;20110921090000;101950;-10;8;200;1.500000;296.450000;282.850000;42;40000;2;1;1;0;mq;mq;mq;mq;mq;101840;mq;mq;mq;mq;mq;mq;mq;mq;mq;mq;mq;2.600000;-10;mq;mq;0.000000;-30;0.000000;0.000000;mq;mq;mq;710.000000;1103.000000;3100.000000;mq;mq;mq;mq;mq;mq;mq;mq;mq;mq;mq;mq;mq;
07790;20110921090000;101840;0;0;300;5.700000;299.850000;278.150000;25;15000;2;1;1;0;mq;mq;mq;mq;mq;101700;mq;mq;mq;mq;mq;mq;mq;mq;mq;mq;mq;10.800000;-10;mq;mq;0.000000;-30;0.000000;0.000000;mq;mq;mq;710.000000;1111.000000;3100.000000;mq;mq;mq;mq;mq;mq;mq;mq;mq;mq;mq;mq;mq;
61970;20110921090000;101720;mq;mq;mq;mq;302.750000;294.450000;61;mq;mq;mq;mq;mq;mq;mq;mq;mq;mq;mq;mq;mq;mq;mq;mq;mq;mq;mq;mq;mq;mq;mq;mq;mq;mq;mq;mq;0.000000;0.000000;mq;mq;mq;mq;mq;mq;mq;mq;mq;mq;mq;mq;mq;mq;mq;mq;mq;mq;mq;
61972;20110921090000;101860;mq;mq;80;4.600000;301.550000;294.850000;67;mq;mq;mq;mq;mq;mq;mq;mq;mq;mq;mq;mq;mq;60;mq;mq;mq;mq;mq;mq;mq;mq;8.200000;-10;mq;mq;mq;mq;0.000000;0.200000;mq;mq;mq;710.000000;1108.000000;mq;mq;mq;mq;mq;mq;mq;mq;mq;mq;mq;mq;mq;mq;
61976;20110921090000;101760;mq;mq;120;8.200000;300.850000;295.350000;72;mq;mq;mq;mq;mq;mq;mq;mq;mq;mq;101610;mq;mq;mq;mq;mq;mq;mq;mq;mq;mq;mq;mq;mq;mq;mq;mq;mq;mq;0.000000;mq;mq;mq;mq;mq;mq;mq;mq;mq;mq;mq;mq;mq;mq;mq;mq;mq;mq;mq;
61980;20110921090000;102080;mq;mq;80;6.700000;298.050000;292.850000;73;10000;15;0;0;60;4;800;38;20;10;mq;mq;mq;mq;mq;mq;mq;mq;mq;mq;mq;mq;9.800000;-10;mq;mq;mq;mq;0.000000;0.000000;mq;mq;mq;710.000000;1110.000000;2437.000000;mq;2;8;690;4;6;1200;mq;mq;mq;mq;mq;mq;
61996;20110921090000;102170;mq;mq;290;6.700000;286.750000;231.250000;mq;mq;mq;mq;mq;mq;mq;mq;mq;mq;mq;mq;mq;mq;mq;mq;mq;mq;mq;mq;mq;mq;mq;11.300000;-10;mq;mq;mq;mq;0.000000;0.200000;mq;mq;mq;710.000000;1111.000000;mq;mq;mq;mq;mq;mq;mq;mq;mq;mq;mq;mq;mq;mq;
61997;20110921090000;99790;mq;mq;290;15.900000;277.250000;273.250000;75;mq;mq;mq;mq;mq;mq;mq;mq;mq;mq;mq;mq;mq;720;mq;mq;mq;mq;mq;mq;mq;mq;28.800000;-30;mq;mq;mq;mq;mq;0.600000;mq;mq;mq;1129.000000;mq;mq;mq;mq;mq;mq;mq;mq;mq;mq;mq;mq;mq;mq;mq;
61998;20110921090000;99020;mq;mq;290;11.300000;280.350000;275.250000;70;20000;1;6;2;90;1;800;32;20;18;mq;mq;mq;460;mq;mq;mq;mq;mq;mq;mq;mq;15.400000;-10;mq;mq;mq;mq;0.000000;0.200000;mq;mq;mq;710.000000;1115.000000;mq;mq;1;8;780;7;2;6900;mq;mq;mq;mq;mq;mq;
67005;20110921090000;101600;mq;mq;180;5.100000;300.650000;295.350000;73;mq;0;mq;mq;mq;mq;mq;mq;mq;mq;mq;mq;mq;mq;mq;mq;mq;mq;mq;mq;mq;mq;7.700000;-10;mq;mq;mq;mq;0.000000;0.000000;mq;mq;mq;710.000000;1108.000000;mq;mq;mq;mq;mq;mq;mq;mq;mq;mq;mq;mq;mq;mq;
71805;20110921090000;101640;140;1;260;4.100000;284.850000;283.550000;92;30000;2;1;1;25;0;8000;30;20;11;101560;mq;mq;mq;mq;mq;mq;mq;mq;mq;mq;mq;8.200000;-10;mq;mq;0.000000;-30;0.000000;0.000000;mq;mq;mq;710.000000;1108.000000;3100.000000;mq;2;0;6300;mq;mq;mq;mq;mq;mq;mq;mq;mq;
78897;20110921090000;101240;-100;5;60;0.500000;296.950000;296.050000;95;12000;0;mq;mq;mq;mq;800;mq;mq;mq;mq;mq;mq;mq;mq;mq;mq;mq;mq;mq;mq;mq;mq;mq;mq;mq;mq;mq;mq;mq;mq;mq;mq;mq;mq;mq;mq;mq;mq;mq;mq;mq;mq;mq;mq;mq;mq;mq;mq;
78922;20110921090000;101210;-50;5;140;3.100000;300.550000;295.750000;75;mq;mq;mq;mq;mq;mq;mq;mq;mq;mq;100770;mq;mq;mq;mq;mq;mq;mq;mq;mq;mq;mq;mq;mq;mq;mq;mq;mq;mq;mq;mq;mq;mq;mq;mq;mq;mq;mq;mq;mq;mq;mq;mq;mq;mq;mq;mq;mq;mq;
78925;20110921090000;101220;-40;5;90;1.000000;297.350000;297.150000;99;40000;0;mq;mq;mq;mq;mq;mq;mq;mq;mq;mq;mq;10;mq;mq;mq;mq;mq;mq;mq;mq;mq;mq;mq;mq;mq;mq;mq;mq;mq;mq;mq;mq;mq;mq;mq;mq;mq;mq;mq;mq;mq;mq;mq;mq;mq;mq;mq;
81401;20110921090000;101160;mq;mq;0;0.000000;296.850000;295.650000;93;mq;mq;mq;mq;mq;mq;mq;mq;mq;mq;101100;mq;mq;mq;mq;mq;mq;mq;mq;mq;mq;mq;mq;mq;mq;mq;mq;mq;mq;0.000000;mq;mq;mq;mq;mq;mq;mq;mq;mq;mq;mq;mq;mq;mq;mq;mq;mq;mq;mq;
81405;20110921090000;101200;mq;mq;10;0.500000;296.550000;296.250000;98;13000;0;mq;mq;mq;mq;450;mq;mq;mq;101110;mq;mq;mq;mq;mq;mq;mq;mq;mq;mq;mq;mq;mq;mq;mq;mq;mq;mq;0.000000;mq;mq;mq;mq;mq;mq;mq;mq;mq;mq;mq;mq;mq;mq;mq;mq;mq;mq;mq;
81408;20110921090000;101180;mq;mq;310;0.500000;296.450000;296.150000;98;mq;mq;mq;mq;mq;mq;mq;mq;mq;mq;101100;mq;mq;mq;mq;mq;mq;mq;mq;mq;mq;mq;mq;mq;mq;mq;mq;mq;mq;0.000000;mq;mq;mq;mq;mq;mq;mq;mq;mq;mq;mq;mq;mq;mq;mq;mq;mq;mq;mq;
89642;20110921090000;98590;230;1;140;15.400000;258.050000;252.350000;58;30000;2;1;1;100;7;1250;35;61;60;98030;mq;mq;mq;mq;mq;mq;mq;mq;mq;mq;23.100000;23.100000;-30;mq;mq;mq;mq;mq;mq;mq;mq;mq;1023.000000;1123.000000;mq;mq;7;6;1290;mq;mq;mq;mq;mq;mq;mq;mq;mq;
07005;20110921120000;101940;-80;8;210;4.600000;290.850000;285.950000;73;30000;2;1;1;90;7;800;38;61;60;101060;mq;mq;mq;mq;mq;mq;mq;mq;mq;mq;mq;8.200000;-10;mq;mq;0.000000;-60;0.000000;0.000000;0.000000;mq;mq;710.000000;1108.000000;3100.000000;mq;6;8;750;7;6;1200;mq;mq;mq;mq;mq;mq;
07015;20110921120000;101910;-80;8;230;5.700000;291.350000;284.850000;66;30000;2;1;1;100;8;1250;35;61;60;101350;mq;mq;mq;mq;mq;mq;mq;mq;mq;mq;mq;8.700000;-10;mq;mq;0.000000;-60;0.000000;0.000000;0.000000;mq;mq;710.000000;1109.000000;3100.000000;mq;8;6;990;mq;mq;mq;mq;mq;mq;mq;mq;mq;
07020;20110921120000;102060;90;2;270;6.200000;288.150000;286.550000;90;8000;60;6;2;100;8;800;36;61;60;101800;mq;mq;mq;mq;mq;mq;mq;mq;mq;mq;mq;9.300000;-10;mq;mq;mq;mq;0.200000;0.400000;0.600000;mq;mq;710.000000;1109.000000;mq;mq;8;7;780;mq;mq;mq;mq;mq;mq;mq;mq;mq;
07027;20110921120000;102010;-60;7;220;7.200000;293.150000;287.550000;70;40000;2;1;1;90;7;800;35;61;60;101220;mq;mq;mq;mq;mq;mq;mq;mq;mq;mq;mq;10.800000;-10;mq;mq;0.000000;-60;0.000000;0.000000;0.000000;mq;mq;710.000000;1111.000000;3100.000000;mq;6;6;900;5;6;1230;mq;mq;mq;mq;mq;mq;
07037;20110921120000;102030;-70;7;220;5.100000;292.350000;286.050000;67;40000;2;1;1;90;7;800;35;61;60;100250;mq;mq;mq;mq;mq;mq;mq;mq;mq;mq;mq;7.200000;-10;mq;mq;0.000000;-60;0.000000;0.000000;0.000000;mq;mq;710.000000;1107.000000;3100.000000;mq;4;6;840;5;6;1170;mq;mq;mq;mq;mq;mq;
07110;20110921120000;102160;50;3;340;4.100000;285.750000;284.950000;95;4000;51;mq;mq;100;8;250;36;61;60;101010;mq;mq;mq;mq;mq;mq;mq;mq;mq;mq;mq;6.700000;-10;mq;mq;mq;mq;mq;mq;mq;mq;mq;710.000000;1107.000000;mq;mq;3;7;240;7;6;420;mq;mq;mq;mq;mq;mq;
07117;20110921120000;102120;60;2;310;4.100000;286.250000;285.450000;95;2000;51;5;2;100;8;450;35;61;60;101420;mq;mq;mq;mq;mq;mq;mq;mq;mq;mq;mq;7.200000;-10;mq;mq;mq;mq;0.400000;0.600000;0.800000;mq;mq;710.000000;1107.000000;2425.000000;mq;mq;mq;mq;mq;mq;mq;mq;mq;mq;mq;mq;mq;
07130;20110921120000;102140;-30;6;240;3.600000;292.550000;285.550000;64;50000;0;mq;mq;100;mq;1250;mq;mq;mq;101630;mq;mq;mq;mq;mq;mq;mq;mq;mq;mq;mq;6.700000;-10;mq;mq;mq;mq;0.000000;0.000000;0.000000;mq;mq;710.000000;1107.000000;mq;mq;mq;mq;mq;mq;mq;mq;mq;mq;mq;mq;mq;mq;
07139;20110921120000;102100;-40;8;230;2.600000;291.750000;284.350000;62;40000;2;1;1;90;7;1250;35;61;60;100410;mq;mq;mq;mq;mq;mq;mq;mq;mq;mq;mq;5.100000;-10;mq;mq;0.000000;-60;0.000000;0.000000;0.000000;mq;mq;710.000000;1105.000000;3100.000000;mq;7;6;990;mq;mq;mq;mq;mq;mq;mq;mq;mq;
07149;20110921120000;102110;-90;8;260;4.600000;292.050000;283.850000;59;25000;2;1;1;90;7;1250;35;61;60;101050;mq;mq;mq;mq;mq;mq;mq;mq;mq;mq;mq;7.200000;-10;mq;mq;0.000000;-60;0.000000;0.000000;0.000000;mq;mq;710.000000;1107.000000;3100.000000;mq;7;6;1050;mq;mq;mq;mq;mq;mq;mq;mq;mq;
07168;20110921120000;102110;-130;7;300;1.500000;294.250000;284.850000;55;25000;3;4;2;75;4;1250;32;20;11;100730;mq;mq;mq;mq;mq;mq;mq;mq;mq;mq;mq;6.200000;-10;mq;mq;0.000000;-60;0.000000;0.000000;0.200000;mq;mq;710.000000;1106.000000;3100.000000;mq;4;8;1200;5;0;7500;mq;mq;mq;mq;mq;mq;
07181;20110921120000;102060;-110;8;250;1.500000;292.550000;283.250000;55;60000;3;mq;mq;60;4;1250;31;20;11;98090;mq;mq;mq;mq;mq;mq;mq;mq;mq;mq;mq;4.600000;-10;mq;mq;0.000000;-60;0.000000;0.000000;0.000000;mq;mq;710.000000;1105.000000;3100.000000;mq;4;8;1080;4;0;6300;mq;mq;mq;mq;mq;mq;
07190;20110921120000;102110;-140;7;330;1.000000;293.450000;280.750000;44;50000;0;mq;mq;mq;mq;mq;mq;mq;mq;100340;mq;mq;mq;mq;mq;mq;mq;mq;mq;mq;mq;3.600000;-10;mq;mq;mq;mq;0.000000;0.000000;0.000000;mq;mq;710.000000;1104.000000;mq;mq;mq;mq;mq;mq;mq;mq;mq;mq;mq;mq;mq;mq;
07207;20110921120000;mq;mq;mq;260;4.100000;291.950000;286.150000;69;30000;2;1;1;100;1;800;31;27;10;mq;mq;mq;mq;mq;mq;mq;mq;mq;mq;mq;mq;6.200000;-10;mq;mq;mq;mq;0.000000;0.000000;0.000000;mq;mq;710.000000;1106.000000;2428.000000;mq;mq;mq;mq;mq;mq;mq;mq;mq;mq;mq;mq;mq;
07222;20110921120000;102180;-30;8;0;0.000000;292.550000;285.550000;64;30000;2;1;1;90;6;1250;35;20;11;101870;mq;mq;mq;mq;mq;mq;mq;mq;mq;mq;mq;3.100000;-10;mq;mq;mq;mq;0.000000;0.000000;0.000000;mq;mq;710.000000;1103.000000;mq;mq;6;6;1020;mq;mq;mq;mq;mq;mq;mq;mq;mq;
07240;20110921120000;102170;-50;8;310;2.100000;292.250000;284.250000;60;55000;0;mq;mq;100;mq;1250;mq;mq;mq;100850;mq;mq;mq;mq;mq;mq;mq;mq;mq;mq;mq;4.600000;-10;mq;mq;mq;mq;0.000000;0.000000;0.000000;mq;mq;710.000000;1105.000000;mq;mq;mq;mq;mq;mq;mq;mq;mq;mq;mq;mq;mq;mq;
07255;20110921120000;102110;-100;8;170;2.100000;294.650000;284.050000;51;35000;2;1;1;75;1;1250;31;20;11;100180;mq;mq;mq;mq;mq;mq;mq;mq;mq;mq;mq;4.100000;-10;mq;mq;0.000000;-60;0.000000;0.000000;0.000000;mq;mq;710.000000;1104.000000;3100.000000;mq;1;8;1080;6;0;7500;mq;mq;mq;mq;mq;mq;
07280;20110921120000;102110;-90;8;140;1.500000;293.850000;282.450000;48;60000;0;mq;mq;mq;mq;mq;mq;mq;mq;99470;mq;mq;mq;mq;mq;mq;mq;mq;mq;mq;mq;4.100000;-10;mq;mq;mq;mq;0.000000;0.000000;0.000000;mq;mq;710.000000;1104.000000;mq;mq;mq;mq;mq;mq;mq;mq;mq;mq;mq;mq;mq;mq;
07299;20110921120000;102050;-130;8;200;1.500000;293.250000;280.650000;44;45000;2;1;1;25;0;8000;30;20;11;98880;mq;mq;mq;mq;mq;mq;mq;mq;mq;mq;mq;4.100000;-10;mq;mq;0.000000;-60;0.000000;0.000000;0.000000;mq;mq;710.000000;1104.000000;3100.000000;mq;2;0;7500;mq;mq;mq;mq;mq;mq;mq;mq;mq;
07314;20110921120000;102230;-30;8;20;1.500000;292.550000;287.750000;74;15000;2;1;1;90;7;1250;31;20;16;101960;mq;mq;mq;mq;mq;mq;mq;mq;mq;mq;mq;2.600000;-10;mq;mq;mq;mq;0.000000;0.000000;0.000000;mq;mq;710.000000;1103.000000;2437.000000;mq;2;8;1200;6;2;6000;mq;mq;mq;mq;mq;mq;
07335;20110921120000;102150;-90;8;90;1.500000;293.850000;285.050000;57;30000;2;1;1;60;2;1250;35;20;12;100740;mq;mq;mq;mq;mq;mq;mq;mq;mq;mq;mq;4.100000;-10;mq;mq;mq;mq;0.000000;0.000000;0.000000;mq;mq;710.000000;1104.000000;mq;mq;2;6;1020;5;0;7800;mq;mq;mq;mq;mq;mq;
07434;20110921120000;102030;-50;8;60;1.500000;293.050000;285.550000;62;50000;2;1;1;90;0;8000;30;20;12;97400;mq;mq;mq;mq;mq;mq;mq;mq;mq;mq;mq;3.100000;-10;mq;mq;0.000000;-60;0.000000;0.000000;0.000000;mq;mq;710.000000;1103.000000;3100.000000;mq;7;0;7500;mq;mq;mq;mq;mq;mq;mq;mq;mq;
07460;20110921120000;102000;-80;8;70;1.000000;294.350000;282.850000;48;50000;2;1;1;60;0;8000;30;20;12;98250;mq;mq;mq;mq;mq;mq;mq;mq;mq;mq;mq;3.100000;-10;mq;mq;0.000000;-60;0.000000;0.000000;0.000000;mq;mq;710.000000;1103.000000;3100.000000;mq;5;0;6600;mq;mq;mq;mq;mq;mq;mq;mq;mq;
07471;20110921120000;mq;-90;7;140;1.000000;294.250000;270.350000;20;30000;3;4;1;60;0;8000;30;20;11;92540;85000;18010;mq;mq;mq;mq;mq;mq;mq;mq;mq;2.600000;-10;mq;mq;0.000000;-60;0.000000;0.000000;0.000000;mq;mq;710.000000;1103.000000;3100.000000;mq;5;0;7500;mq;mq;mq;mq;mq;mq;mq;mq;mq;
07481;20110921120000;102080;-110;7;310;0.500000;292.350000;282.850000;54;30000;2;1;1;60;0;8000;30;20;11;99280;mq;mq;mq;mq;mq;mq;mq;mq;mq;mq;mq;3.600000;-10;mq;mq;0.000000;-60;0.000000;0.000000;0.000000;mq;mq;710.000000;1104.000000;3100.000000;mq;5;0;7500;mq;mq;mq;mq;mq;mq;mq;mq;mq;
07510;20110921120000;102080;-70;8;30;2.600000;295.150000;287.050000;60;25000;2;1;1;75;1;3500;30;28;12;101450;mq;mq;mq;mq;mq;mq;mq;mq;mq;mq;mq;4.100000;-10;mq;mq;0.000000;-60;0.000000;0.000000;0.000000;mq;mq;710.000000;1104.000000;3100.000000;mq;1;3;3900;6;0;6900;mq;mq;mq;mq;mq;mq;
07535;20110921120000;102020;-70;8;310;1.000000;295.450000;285.150000;52;25000;2;1;1;90;1;3500;30;24;12;99010;mq;mq;mq;mq;mq;mq;mq;mq;mq;mq;mq;3.100000;-10;mq;mq;0.000000;-60;0.000000;0.000000;0.200000;mq;mq;710.000000;1103.000000;3100.000000;mq;1;3;2400;7;0;6900;mq;mq;mq;mq;mq;mq;
07558;20110921120000;101850;-60;8;180;2.600000;294.550000;281.750000;44;60000;2;1;1;50;0;8000;30;20;11;93830;mq;mq;mq;mq;mq;mq;mq;mq;mq;mq;mq;5.100000;-10;mq;mq;0.000000;-60;0.000000;0.000000;0.000000;mq;mq;710.000000;1105.000000;3100.000000;mq;4;0;7500;mq;mq;mq;mq;mq;mq;mq;mq;mq;
07577;20110921120000;101960;-140;8;30;5.700000;295.750000;283.550000;46;30000;2;1;1;50;0;8000;30;20;11;101100;mq;mq;mq;mq;mq;mq;mq;mq;mq;mq;mq;8.200000;-10;mq;mq;0.000000;-60;0.000000;0.000000;0.000000;mq;mq;710.000000;1108.000000;3100.000000;mq;4;0;6900;mq;mq;mq;mq;mq;mq;mq;mq;mq;
07591;20110921120000;mq;-150;8;210;2.600000;295.350000;276.950000;30;mq;0;mq;mq;mq;mq;mq;mq;mq;mq;91990;mq;mq;mq;mq;mq;mq;mq;mq;mq;mq;mq;4.600000;-10;mq;mq;mq;mq;0.000000;0.000000;0.000000;mq;mq;710.000000;1105.000000;mq;mq;mq;mq;mq;mq;mq;mq;mq;mq;mq;mq;mq;mq;
07607;20110921120000;101990;-120;8;70;2.100000;298.350000;286.250000;47;40000;0;mq;mq;mq;mq;mq;mq;mq;mq;101310;mq;mq;mq;mq;mq;mq;mq;mq;mq;mq;mq;5.100000;-10;mq;mq;mq;mq;0.000000;0.000000;0.000000;mq;mq;710.000000;1105.000000;mq;mq;mq;mq;mq;mq;mq;mq;mq;mq;mq;mq;mq;mq;
07621;20110921120000;101910;-30;8;90;2.100000;296.650000;286.550000;53;60000;2;1;1;40;0;8000;30;20;12;97770;mq;mq;mq;mq;mq;mq;mq;mq;mq;mq;mq;4.600000;-10;mq;mq;0.000000;-60;0.000000;0.000000;0.000000;mq;mq;710.000000;1105.000000;3100.000000;mq;3;0;7800;mq;mq;mq;mq;mq;mq;mq;mq;mq;
07627;20110921120000;101880;-50;6;10;1.500000;297.050000;287.150000;54;30000;2;1;1;50;0;8000;30;20;12;97230;mq;mq;mq;mq;mq;mq;mq;mq;mq;mq;mq;6.700000;-10;mq;mq;0.000000;-60;0.000000;0.000000;0.000000;mq;mq;710.000000;1107.000000;3100.000000;mq;4;0;6900;mq;mq;mq;mq;mq;mq;mq;mq;mq;
07630;20110921120000;101990;-90;8;350;2.100000;297.050000;283.350000;42;35000;2;1;1;90;1;3500;30;23;12;100260;mq;mq;mq;mq;mq;mq;mq;mq;mq;mq;mq;4.600000;-10;mq;mq;0.000000;-60;0.000000;0.000000;0.000000;mq;mq;710.000000;1105.000000;3100.000000;mq;1;3;4800;7;0;7800;mq;mq;mq;mq;mq;mq;
07643;20110921120000;101960;-120;8;200;4.100000;296.150000;284.550000;48;70000;2;1;1;90;0;8000;30;20;14;101870;mq;mq;mq;mq;mq;mq;mq;mq;mq;mq;mq;5.700000;-10;mq;mq;mq;mq;0.000000;0.000000;0.000000;mq;mq;710.000000;1106.000000;mq;mq;7;0;7800;mq;mq;mq;mq;mq;mq;mq;mq;mq;
07650;20110921120000;101870;-120;8;270;3.100000;297.750000;281.650000;36;60000;2;1;1;75;0;8000;30;20;12;101500;mq;mq;mq;mq;mq;mq;mq;mq;mq;mq;mq;5.700000;-10;mq;mq;0.000000;-60;0.000000;0.000000;0.000000;mq;mq;710.000000;1106.000000;3100.000000;mq;6;0;7500;mq;mq;mq;mq;mq;mq;mq;mq;mq;
07661;20110921120000;101860;-80;8;270;4.100000;295.550000;284.950000;51;35000;2;1;1;25;0;8000;30;20;12;100310;mq;mq;mq;mq;mq;mq;mq;mq;mq;mq;mq;6.200000;-10;mq;mq;mq;mq;0.000000;0.000000;0.000000;mq;mq;710.000000;1106.000000;mq;mq;2;0;4800;mq;mq;mq;mq;mq;mq;mq;mq;mq;
07690;20110921120000;101850;-100;8;190;5.100000;296.950000;286.750000;53;50000;2;1;1;40;0;8000;30;20;12;101520;mq;mq;mq;mq;mq;mq;mq;mq;mq;mq;mq;7.200000;-10;mq;mq;0.000000;-60;0.000000;0.000000;0.000000;mq;mq;710.000000;1107.000000;3100.000000;mq;3;0;7800;mq;mq;mq;mq;mq;mq;mq;mq;mq;
07747;20110921120000;101970;-140;8;110;2.100000;297.250000;284.250000;44;40000;2;1;1;75;0;8000;30;20;12;101460;mq;mq;mq;mq;mq;mq;mq;mq;mq;mq;mq;4.600000;-10;mq;mq;0.000000;-60;0.000000;0.000000;0.000000;mq;mq;710.000000;1105.000000;3100.000000;mq;6;0;7500;mq;mq;mq;mq;mq;mq;mq;mq;mq;
07761;20110921120000;101840;-100;8;300;5.100000;299.450000;277.250000;24;50000;2;1;1;0;mq;mq;mq;mq;mq;101740;mq;mq;mq;mq;mq;mq;mq;mq;mq;mq;mq;10.300000;-10;mq;mq;0.000000;-60;0.000000;0.000000;0.000000;mq;mq;710.000000;1110.000000;3100.000000;mq;mq;mq;mq;mq;mq;mq;mq;mq;mq;mq;mq;mq;
07790;20110921120000;101740;-100;8;310;8.700000;301.350000;278.250000;23;30000;2;1;1;0;mq;mq;mq;mq;mq;101600;mq;mq;mq;mq;mq;mq;mq;mq;mq;mq;mq;12.300000;-10;mq;mq;0.000000;-60;0.000000;0.000000;0.000000;mq;mq;710.000000;1112.000000;3100.000000;mq;mq;mq;mq;mq;mq;mq;mq;mq;mq;mq;mq;mq;
61968;20110921120000;101320;mq;mq;90;5.100000;302.050000;295.350000;67;mq;mq;mq;mq;mq;mq;mq;mq;mq;mq;mq;mq;mq;mq;mq;mq;mq;mq;mq;mq;mq;mq;11.300000;-10;mq;mq;mq;mq;0.000000;mq;0.000000;mq;mq;710.000000;1111.000000;mq;mq;mq;mq;mq;mq;mq;mq;mq;mq;mq;mq;mq;mq;
61970;20110921120000;101510;mq;mq;mq;mq;303.050000;290.550000;47;mq;mq;mq;mq;mq;mq;mq;mq;mq;mq;mq;mq;mq;mq;mq;mq;mq;mq;mq;mq;mq;mq;mq;mq;mq;mq;mq;mq;0.000000;mq;0.000000;mq;mq;mq;mq;mq;mq;mq;mq;mq;mq;mq;mq;mq;mq;mq;mq;mq;mq;
61972;20110921120000;101780;mq;mq;170;1.500000;298.550000;295.050000;81;mq;mq;mq;mq;mq;mq;mq;mq;mq;mq;mq;mq;mq;140;mq;mq;mq;mq;mq;mq;mq;mq;5.100000;-10;mq;mq;mq;mq;0.000000;mq;0.200000;mq;mq;710.000000;1105.000000;mq;mq;mq;mq;mq;mq;mq;mq;mq;mq;mq;mq;mq;mq;
61976;20110921120000;101680;mq;mq;100;7.200000;298.650000;295.150000;81;mq;mq;mq;mq;mq;mq;mq;mq;mq;mq;101530;mq;mq;mq;mq;mq;mq;mq;mq;mq;mq;mq;mq;mq;mq;mq;mq;mq;mq;mq;mq;mq;mq;mq;mq;mq;mq;mq;mq;mq;mq;mq;mq;mq;mq;mq;mq;mq;mq;
61980;20110921120000;102010;mq;mq;100;3.600000;297.150000;292.250000;74;10000;15;2;2;60;5;450;38;20;10;mq;mq;mq;mq;mq;mq;mq;mq;mq;mq;mq;mq;6.700000;-10;mq;mq;mq;mq;0.000000;mq;0.000000;mq;mq;710.000000;1107.000000;2437.000000;mq;2;8;540;5;6;1290;mq;mq;mq;mq;mq;mq;
67005;20110921120000;101410;mq;mq;100;2.100000;301.450000;295.250000;69;mq;0;mq;mq;mq;mq;mq;mq;mq;mq;mq;mq;mq;mq;mq;mq;mq;mq;mq;mq;mq;mq;4.600000;-10;mq;mq;mq;mq;0.000000;mq;0.000000;mq;mq;710.000000;1105.000000;mq;mq;mq;mq;mq;mq;mq;mq;mq;mq;mq;mq;mq;mq;
71805;20110921120000;101720;80;3;250;4.600000;287.450000;285.850000;90;14000;0;mq;mq;mq;mq;mq;mq;mq;mq;101640;mq;mq;mq;mq;mq;mq;mq;mq;mq;mq;mq;6.700000;-10;mq;mq;mq;mq;0.000000;0.000000;0.000000;mq;mq;710.000000;1107.000000;mq;mq;mq;mq;mq;mq;mq;mq;mq;mq;mq;mq;mq;mq;
78897;20110921120000;101410;170;0;230;2.600000;300.750000;296.950000;80;55000;0;mq;mq;mq;mq;mq;mq;mq;mq;mq;mq;mq;10;296.550000;mq;mq;304.450000;mq;mq;mq;mq;mq;mq;mq;mq;mq;mq;mq;mq;0.000000;mq;0.600000;mq;mq;mq;mq;mq;mq;mq;mq;mq;mq;mq;mq;mq;mq;mq;mq;
78922;20110921120000;101490;280;1;110;4.600000;303.250000;297.150000;70;mq;mq;mq;mq;mq;mq;mq;mq;mq;mq;101050;mq;mq;mq;mq;mq;mq;mq;mq;mq;mq;mq;mq;mq;mq;mq;mq;mq;mq;mq;mq;mq;mq;mq;mq;mq;mq;mq;mq;mq;mq;mq;mq;mq;mq;mq;mq;mq;mq;
78925;20110921120000;101510;290;2;40;1.500000;301.350000;298.550000;85;30000;2;1;1;75;4;800;32;20;12;mq;mq;mq;140;297.250000;mq;mq;304.950000;mq;mq;mq;mq;mq;mq;mq;mq;mq;mq;mq;mq;0.400000;mq;3.400000;mq;mq;mq;mq;4;8;750;4;0;7800;mq;mq;mq;mq;mq;mq;
81401;20110921120000;101390;mq;mq;150;2.100000;302.150000;296.850000;73;mq;mq;mq;mq;mq;mq;mq;mq;mq;mq;101330;mq;mq;mq;296.450000;mq;mq;mq;mq;mq;mq;mq;mq;mq;mq;mq;mq;mq;mq;0.000000;mq;mq;0.000000;mq;mq;mq;mq;mq;mq;mq;mq;mq;mq;mq;mq;mq;mq;mq;mq;
81405;20110921120000;101430;mq;mq;160;1.000000;301.150000;297.350000;80;10000;2;1;1;40;2;450;31;23;10;101340;mq;mq;mq;296.150000;mq;mq;mq;mq;mq;mq;mq;mq;mq;mq;mq;mq;mq;mq;0.000000;mq;mq;0.000000;mq;mq;mq;mq;mq;mq;mq;mq;mq;mq;mq;mq;mq;mq;mq;mq;
81408;20110921120000;101400;mq;mq;80;1.000000;302.550000;296.950000;72;mq;mq;mq;mq;mq;mq;mq;mq;mq;mq;101320;mq;mq;mq;296.050000;mq;mq;mq;mq;mq;mq;mq;mq;mq;mq;mq;mq;mq;mq;0.000000;mq;mq;0.000000;mq;mq;mq;mq;mq;mq;mq;mq;mq;mq;mq;mq;mq;mq;mq;mq;
89642;20110921120000;98880;290;2;140;15.900000;259.850000;254.650000;62;30000;36;3;2;100;7;1250;35;61;60;98320;mq;mq;mq;257.750000;mq;260.750000;mq;mq;mq;mq;23.700000;28.300000;-60;mq;mq;mq;mq;mq;mq;mq;mq;mq;1024.000000;1128.000000;mq;mq;7;6;1290;mq;mq;mq;mq;mq;mq;mq;mq;mq;
07005;20110921150000;101910;-30;8;210;4.100000;290.350000;287.250000;82;20000;3;5;2;100;8;450;38;61;60;101030;mq;mq;mq;mq;mq;mq;mq;mq;mq;mq;mq;8.700000;-10;mq;mq;0.000000;-30;0.000000;0.000000;mq;mq;mq;710.000000;1109.000000;3100.000000;mq;1;7;300;5;8;600;7;6;900;mq;mq;mq;
07015;20110921150000;101880;-30;5;260;4.600000;289.950000;287.450000;85;15000;21;6;2;100;8;800;35;61;60;101320;mq;mq;mq;mq;mq;mq;mq;mq;mq;mq;mq;11.800000;-10;mq;mq;0.000000;-30;0.200000;0.200000;mq;mq;mq;710.000000;1112.000000;3100.000000;mq;8;6;750;mq;mq;mq;mq;mq;mq;mq;mq;mq;
07020;20110921150000;102040;-20;8;250;6.700000;288.550000;284.750000;78;mq;mq;mq;mq;mq;mq;mq;mq;mq;mq;101780;mq;mq;mq;mq;mq;mq;mq;mq;mq;mq;mq;8.700000;-10;mq;mq;mq;mq;0.000000;0.000000;mq;mq;mq;710.000000;1109.000000;mq;mq;mq;mq;mq;mq;mq;mq;mq;mq;mq;mq;mq;mq;
07027;20110921150000;102030;10;3;240;6.200000;290.050000;287.650000;86;15000;50;5;2;100;8;800;35;61;60;101230;mq;mq;mq;mq;mq;mq;mq;mq;mq;mq;mq;8.700000;-10;mq;mq;0.000000;-30;0.000000;0.000000;mq;mq;mq;710.000000;1109.000000;3100.000000;mq;5;6;630;8;6;1020;mq;mq;mq;mq;mq;mq;
07037;20110921150000;101970;-70;6;230;3.100000;291.250000;286.750000;75;40000;2;1;1;90;7;800;35;61;60;100180;mq;mq;mq;mq;mq;mq;mq;mq;mq;mq;mq;5.700000;-10;mq;mq;0.000000;-30;0.000000;0.000000;mq;mq;mq;710.000000;1106.000000;3100.000000;mq;7;6;960;mq;mq;mq;mq;mq;mq;mq;mq;mq;
07110;20110921150000;102140;0;0;310;3.100000;288.450000;285.250000;81;30000;1;mq;mq;90;7;450;35;61;60;101010;mq;mq;mq;mq;mq;mq;mq;mq;mq;mq;mq;5.100000;-10;mq;mq;0.000000;-30;0.000000;0.000000;mq;mq;mq;710.000000;1105.000000;3100.000000;mq;4;6;420;6;6;720;mq;mq;mq;mq;mq;mq;
07117;20110921150000;102140;20;0;260;3.600000;287.350000;285.250000;87;20000;1;5;2;100;8;450;35;61;60;101440;mq;mq;mq;mq;mq;mq;mq;mq;mq;mq;mq;6.200000;-10;mq;mq;mq;mq;0.000000;1.000000;mq;mq;mq;710.000000;1106.000000;2428.000000;mq;mq;mq;mq;mq;mq;mq;mq;mq;mq;mq;mq;mq;
07130;20110921150000;102090;-50;6;240;3.600000;292.150000;286.150000;68;45000;0;mq;mq;100;mq;1250;mq;mq;mq;101580;mq;mq;mq;mq;mq;mq;mq;mq;mq;mq;mq;5.700000;-10;mq;mq;mq;mq;0.000000;0.000000;mq;mq;mq;710.000000;1106.000000;mq;mq;mq;mq;mq;mq;mq;mq;mq;mq;mq;mq;mq;mq;
07139;20110921150000;102040;-60;6;250;3.600000;291.550000;284.650000;64;40000;2;1;1;100;8;800;38;61;60;100350;mq;mq;mq;mq;mq;mq;mq;mq;mq;mq;mq;5.700000;-10;mq;mq;0.000000;-30;0.000000;0.000000;mq;mq;mq;710.000000;1106.000000;3100.000000;mq;2;8;780;8;6;1080;mq;mq;mq;mq;mq;mq;
07149;20110921150000;102030;-80;8;250;4.600000;293.250000;284.450000;57;25000;2;1;1;60;3;1250;35;20;11;100970;mq;mq;mq;mq;mq;mq;mq;mq;mq;mq;mq;8.200000;-10;mq;mq;0.000000;-30;0.000000;0.000000;mq;mq;mq;710.000000;1108.000000;3100.000000;mq;3;6;1080;5;0;7500;mq;mq;mq;mq;mq;mq;
07168;20110921150000;102030;-80;6;260;1.000000;293.850000;284.750000;56;25000;2;1;1;60;4;1250;32;20;11;100650;mq;mq;mq;mq;mq;mq;mq;mq;mq;mq;mq;5.700000;-10;mq;mq;0.000000;-30;0.000000;0.000000;mq;mq;mq;710.000000;1106.000000;3100.000000;mq;4;8;1350;4;0;7500;mq;mq;mq;mq;mq;mq;
07181;20110921150000;101990;-80;6;30;2.100000;291.750000;284.850000;64;60000;0;mq;mq;mq;mq;1250;mq;mq;mq;98010;mq;mq;mq;mq;mq;mq;mq;mq;mq;mq;mq;5.100000;-10;mq;mq;mq;mq;0.000000;0.000000;mq;mq;mq;710.000000;1105.000000;mq;mq;mq;mq;mq;mq;mq;mq;mq;mq;mq;mq;mq;mq;
07190;20110921150000;101950;-140;6;330;1.000000;295.150000;281.950000;43;55000;0;mq;mq;mq;mq;mq;mq;mq;mq;100200;mq;mq;mq;mq;mq;mq;mq;mq;mq;mq;mq;3.600000;-10;mq;mq;mq;mq;0.000000;0.000000;mq;mq;mq;710.000000;1104.000000;mq;mq;mq;mq;mq;mq;mq;mq;mq;mq;mq;mq;mq;mq;
07207;20110921150000;mq;mq;mq;270;4.600000;291.150000;286.650000;75;30000;2;1;1;100;1;800;31;27;10;mq;mq;mq;mq;mq;mq;mq;mq;mq;mq;mq;mq;7.200000;-10;mq;mq;mq;mq;0.000000;0.000000;mq;mq;mq;710.000000;1107.000000;2428.000000;mq;mq;mq;mq;mq;mq;mq;mq;mq;mq;mq;mq;mq;
07222;20110921150000;102130;-50;8;300;3.600000;291.950000;285.950000;68;30000;2;1;1;90;7;1250;35;61;60;101820;mq;mq;mq;mq;mq;mq;mq;mq;mq;mq;mq;5.700000;-10;mq;mq;mq;mq;0.000000;0.000000;mq;mq;mq;710.000000;1106.000000;mq;mq;7;6;1080;mq;mq;mq;mq;mq;mq;mq;mq;mq;
07240;20110921150000;102070;-90;6;270;3.100000;293.650000;285.050000;58;60000;0;mq;mq;mq;mq;1250;mq;mq;mq;100760;mq;mq;mq;mq;mq;mq;mq;mq;mq;mq;mq;4.600000;-10;mq;mq;mq;mq;0.000000;0.000000;mq;mq;mq;710.000000;1105.000000;mq;mq;mq;mq;mq;mq;mq;mq;mq;mq;mq;mq;mq;mq;
07255;20110921150000;102020;-90;6;20;1.000000;294.850000;283.350000;48;35000;2;1;1;90;1;1250;31;20;12;100090;mq;mq;mq;mq;mq;mq;mq;mq;mq;mq;mq;2.600000;-10;mq;mq;0.000000;-30;0.000000;0.000000;mq;mq;mq;710.000000;1103.000000;3100.000000;mq;1;8;1290;7;0;7500;mq;mq;mq;mq;mq;mq;
07280;20110921150000;101980;-120;6;50;1.000000;294.450000;280.650000;41;60000;0;mq;mq;mq;mq;mq;mq;mq;mq;99350;mq;mq;mq;mq;mq;mq;mq;mq;mq;mq;mq;3.600000;-10;mq;mq;mq;mq;0.000000;0.000000;mq;mq;mq;710.000000;1104.000000;mq;mq;mq;mq;mq;mq;mq;mq;mq;mq;mq;mq;mq;mq;
07299;20110921150000;101900;-130;6;330;1.500000;294.550000;282.750000;47;50000;2;1;1;75;0;8000;30;20;12;98750;mq;mq;mq;mq;mq;mq;mq;mq;mq;mq;mq;4.100000;-10;mq;mq;0.000000;-30;0.000000;0.000000;mq;mq;mq;710.000000;1104.000000;3100.000000;mq;6;0;7500;mq;mq;mq;mq;mq;mq;mq;mq;mq;
07314;20110921150000;102130;-100;8;320;4.100000;293.150000;287.250000;69;15000;2;1;1;90;0;8000;30;20;13;101860;mq;mq;mq;mq;mq;mq;mq;mq;mq;mq;mq;5.100000;-10;mq;mq;mq;mq;0.000000;0.000000;mq;mq;mq;710.000000;1105.000000;2437.000000;mq;7;0;6000;mq;mq;mq;mq;mq;mq;mq;mq;mq;
07335;20110921150000;102050;-90;8;210;0.500000;295.150000;284.850000;52;30000;2;1;1;75;2;1250;35;20;12;100650;mq;mq;mq;mq;mq;mq;mq;mq;mq;mq;mq;3.600000;-10;mq;mq;mq;mq;0.000000;0.000000;mq;mq;mq;710.000000;1104.000000;mq;mq;1;6;1200;6;0;7200;mq;mq;mq;mq;mq;mq;
07434;20110921150000;101960;-60;6;270;1.500000;293.450000;285.450000;60;50000;2;1;1;75;1;3500;30;28;12;97340;mq;mq;mq;mq;mq;mq;mq;mq;mq;mq;mq;3.100000;-10;mq;mq;0.000000;-30;0.000000;0.000000;mq;mq;mq;710.000000;1103.000000;3100.000000;mq;1;3;6000;6;0;6900;mq;mq;mq;mq;mq;mq;
07460;20110921150000;101880;-110;6;110;2.600000;295.250000;284.650000;51;50000;2;1;1;75;0;8000;30;20;12;98140;mq;mq;mq;mq;mq;mq;mq;mq;mq;mq;mq;4.600000;-10;mq;mq;0.000000;-30;0.000000;0.000000;mq;mq;mq;710.000000;1105.000000;3100.000000;mq;6;0;6000;mq;mq;mq;mq;mq;mq;mq;mq;mq;
07471;20110921150000;mq;-80;6;360;1.500000;295.850000;277.850000;31;35000;2;1;1;60;0;8000;30;20;11;92460;85000;17940;mq;mq;mq;mq;mq;mq;mq;mq;mq;4.100000;-10;mq;mq;0.000000;-30;0.000000;0.000000;mq;mq;mq;710.000000;1104.000000;3100.000000;mq;5;0;7500;mq;mq;mq;mq;mq;mq;mq;mq;mq;
07481;20110921150000;101960;-100;6;10;1.500000;294.050000;282.650000;48;40000;2;1;1;75;0;8000;30;20;12;99180;mq;mq;mq;mq;mq;mq;mq;mq;mq;mq;mq;4.600000;-10;mq;mq;0.000000;-30;0.000000;0.000000;mq;mq;mq;710.000000;1105.000000;3100.000000;mq;6;0;7500;mq;mq;mq;mq;mq;mq;mq;mq;mq;
07510;20110921150000;101970;-110;6;20;2.600000;297.350000;285.350000;47;30000;2;1;1;50;0;mq;30;20;12;101340;mq;mq;mq;mq;mq;mq;mq;mq;mq;mq;mq;4.600000;-10;mq;mq;0.000000;-30;0.000000;0.000000;mq;mq;mq;710.000000;1105.000000;3100.000000;mq;4;0;6900;mq;mq;mq;mq;mq;mq;mq;mq;mq;
07535;20110921150000;101890;-100;7;50;1.000000;297.550000;284.550000;44;25000;2;1;1;75;2;3500;30;24;11;98910;mq;mq;mq;mq;mq;mq;mq;mq;mq;mq;mq;2.600000;-10;mq;mq;0.000000;-30;0.000000;0.000000;mq;mq;mq;710.000000;1103.000000;3100.000000;mq;2;3;2400;6;0;6900;mq;mq;mq;mq;mq;mq;
07558;20110921150000;101670;-110;6;330;5.100000;296.550000;279.750000;34;60000;2;1;1;60;0;8000;30;20;12;93720;mq;mq;mq;mq;mq;mq;mq;mq;mq;mq;mq;6.700000;-10;mq;mq;0.000000;-30;0.000000;0.000000;mq;mq;mq;710.000000;1107.000000;3100.000000;mq;5;0;7500;mq;mq;mq;mq;mq;mq;mq;mq;mq;
07577;20110921150000;101810;-150;6;20;4.100000;297.150000;284.150000;44;30000;2;1;1;60;0;8000;30;20;11;100950;mq;mq;mq;mq;mq;mq;mq;mq;mq;mq;mq;8.700000;-10;mq;mq;0.000000;-30;0.000000;0.000000;mq;mq;mq;710.000000;1109.000000;3100.000000;mq;5;0;6900;mq;mq;mq;mq;mq;mq;mq;mq;mq;
07591;20110921150000;mq;-120;6;190;2.100000;296.350000;278.250000;31;mq;0;mq;mq;mq;mq;mq;mq;mq;mq;91870;mq;mq;mq;mq;mq;mq;mq;mq;mq;mq;mq;6.700000;-10;mq;mq;mq;mq;0.000000;0.000000;mq;mq;mq;710.000000;1107.000000;mq;mq;mq;mq;mq;mq;mq;mq;mq;mq;mq;mq;mq;mq;
07607;20110921150000;101870;-120;6;90;1.500000;300.350000;287.050000;44;60000;0;mq;mq;mq;mq;mq;mq;mq;mq;101190;mq;mq;mq;mq;mq;mq;mq;mq;mq;mq;mq;4.600000;-10;mq;mq;mq;mq;0.000000;0.000000;mq;mq;mq;710.000000;1105.000000;mq;mq;mq;mq;mq;mq;mq;mq;mq;mq;mq;mq;mq;mq;
07621;20110921150000;101790;-90;7;90;1.000000;298.250000;287.050000;50;60000;2;1;1;40;1;2250;31;20;11;97680;mq;mq;mq;mq;mq;mq;mq;mq;mq;mq;mq;4.600000;-10;mq;mq;0.000000;-30;0.000000;0.000000;mq;mq;mq;710.000000;1105.000000;3100.000000;mq;1;8;1800;3;0;7800;mq;mq;mq;mq;mq;mq;
07627;20110921150000;101800;-70;6;30;1.500000;297.450000;286.350000;50;40000;2;1;1;25;1;1250;31;20;12;97160;mq;mq;mq;mq;mq;mq;mq;mq;mq;mq;mq;4.100000;-10;mq;mq;0.000000;-30;0.000000;0.000000;mq;mq;mq;710.000000;1104.000000;3100.000000;mq;1;8;1380;mq;mq;mq;mq;mq;mq;mq;mq;mq;
07630;20110921150000;101840;-140;7;330;1.500000;299.150000;282.450000;35;35000;2;1;1;60;0;8000;30;20;12;100120;mq;mq;mq;mq;mq;mq;mq;mq;mq;mq;mq;4.100000;-10;mq;mq;0.000000;-30;0.000000;0.000000;mq;mq;mq;710.000000;1104.000000;3100.000000;mq;5;0;7800;mq;mq;mq;mq;mq;mq;mq;mq;mq;
07643;20110921150000;101800;-160;7;220;5.700000;295.650000;285.250000;52;70000;2;1;1;100;0;8000;30;20;18;101710;mq;mq;mq;mq;mq;mq;mq;mq;mq;mq;mq;7.200000;-10;mq;mq;mq;mq;0.000000;0.000000;mq;mq;mq;710.000000;1107.000000;mq;mq;8;2;7800;mq;mq;mq;mq;mq;mq;mq;mq;mq;
07650;20110921150000;101730;-140;6;250;4.100000;299.250000;283.850000;38;60000;2;1;1;90;1;3500;30;23;12;101360;mq;mq;mq;mq;mq;mq;mq;mq;mq;mq;mq;5.100000;-10;mq;mq;0.000000;-30;0.000000;0.000000;mq;mq;mq;710.000000;1105.000000;3100.000000;mq;1;3;4800;7;0;7500;mq;mq;mq;mq;mq;mq;
07661;20110921150000;101720;-140;6;330;6.700000;295.250000;283.750000;48;mq;mq;mq;mq;mq;mq;mq;mq;mq;mq;100170;mq;mq;mq;mq;mq;mq;mq;mq;mq;mq;mq;10.300000;-10;mq;mq;mq;mq;0.000000;0.000000;mq;mq;mq;710.000000;1110.000000;mq;mq;mq;mq;mq;mq;mq;mq;mq;mq;mq;mq;mq;mq;
07690;20110921150000;101740;-110;6;200;4.100000;296.450000;289.050000;63;50000;2;1;1;90;0;8000;30;20;12;101410;mq;mq;mq;mq;mq;mq;mq;mq;mq;mq;mq;7.200000;-10;mq;mq;0.000000;-30;0.000000;0.000000;mq;mq;mq;710.000000;1107.000000;3100.000000;mq;7;0;7800;mq;mq;mq;mq;mq;mq;mq;mq;mq;
07747;20110921150000;101820;-150;6;110;2.600000;297.750000;285.650000;47;40000;2;1;1;25;1;2250;31;20;11;101310;mq;mq;mq;mq;mq;mq;mq;mq;mq;mq;mq;5.700000;-10;mq;mq;0.000000;-30;0.000000;0.000000;mq;mq;mq;710.000000;1106.000000;3100.000000;mq;1;8;2400;mq;mq;mq;mq;mq;mq;mq;mq;mq;
07761;20110921150000;101770;-70;8;320;4.100000;298.450000;281.050000;33;50000;2;1;1;10;0;8000;30;20;12;101670;mq;mq;mq;mq;mq;mq;mq;mq;mq;mq;mq;8.700000;-10;mq;mq;0.000000;-30;0.000000;0.000000;mq;mq;mq;710.000000;1109.000000;3100.000000;mq;1;0;7800;mq;mq;mq;mq;mq;mq;mq;mq;mq;
07790;20110921150000;101640;-100;6;300;7.200000;299.250000;279.350000;28;30000;2;1;1;10;0;8000;30;20;12;101500;mq;mq;mq;mq;mq;mq;mq;mq;mq;mq;mq;12.300000;-10;mq;mq;0.000000;-30;0.000000;0.000000;mq;mq;mq;710.000000;1112.000000;3100.000000;mq;1;0;7800;mq;mq;mq;mq;mq;mq;mq;mq;mq;
61970;20110921150000;101620;mq;mq;mq;mq;299.750000;294.950000;75;mq;mq;mq;mq;mq;mq;mq;mq;mq;mq;mq;mq;mq;60;mq;mq;mq;mq;mq;mq;mq;mq;mq;mq;mq;mq;mq;mq;0.000000;0.000000;mq;mq;mq;mq;mq;mq;mq;mq;mq;mq;mq;mq;mq;mq;mq;mq;mq;mq;mq;
61972;20110921150000;101780;mq;mq;50;0.500000;297.750000;295.250000;86;mq;mq;mq;mq;mq;mq;mq;mq;mq;mq;mq;mq;mq;90;mq;mq;mq;mq;mq;mq;mq;mq;4.600000;-10;mq;mq;mq;mq;0.000000;0.000000;mq;mq;mq;710.000000;1105.000000;mq;mq;mq;mq;mq;mq;mq;mq;mq;mq;mq;mq;mq;mq;
61976;20110921150000;101870;mq;mq;100;8.200000;297.550000;294.250000;82;mq;mq;mq;mq;mq;mq;mq;mq;mq;mq;101720;mq;mq;mq;mq;mq;mq;mq;mq;mq;mq;mq;mq;mq;mq;mq;mq;mq;mq;mq;mq;mq;mq;mq;mq;mq;mq;mq;mq;mq;mq;mq;mq;mq;mq;mq;mq;mq;mq;
61980;20110921150000;102110;mq;mq;120;5.100000;295.850000;292.050000;79;10000;2;1;1;60;5;800;38;20;10;mq;mq;mq;mq;mq;mq;mq;mq;mq;mq;mq;mq;7.700000;-10;mq;mq;mq;mq;0.000000;0.000000;mq;mq;mq;710.000000;1108.000000;mq;mq;2;8;600;5;6;1200;mq;mq;mq;mq;mq;mq;
61997;20110921150000;100200;mq;mq;270;16.500000;277.250000;272.650000;72;mq;mq;mq;mq;mq;mq;mq;mq;mq;mq;mq;mq;mq;1210;mq;mq;mq;mq;mq;mq;mq;mq;25.700000;-30;mq;mq;mq;mq;mq;0.000000;mq;mq;mq;1126.000000;mq;mq;mq;mq;mq;mq;mq;mq;mq;mq;mq;mq;mq;mq;mq;
67005;20110921150000;101540;mq;mq;80;1.500000;299.150000;295.050000;78;25000;2;1;1;60;1;800;38;23;14;mq;mq;mq;mq;mq;mq;mq;mq;mq;mq;mq;mq;2.600000;-10;mq;mq;mq;mq;0.000000;0.000000;mq;mq;mq;710.000000;1103.000000;mq;mq;1;8;630;5;0;9000;mq;mq;mq;mq;mq;mq;
71805;20110921150000;101710;-10;8;250;6.200000;288.650000;286.350000;86;30000;2;1;1;75;2;1250;35;23;11;101630;mq;mq;mq;mq;mq;mq;mq;mq;mq;mq;mq;9.300000;-10;mq;mq;0.000000;-30;0.000000;0.000000;mq;mq;mq;710.000000;1109.000000;3100.000000;mq;2;6;1200;5;3;2100;mq;mq;mq;mq;mq;mq;
78897;20110921150000;101430;20;0;170;5.100000;303.650000;298.050000;72;12000;2;1;1;50;4;800;38;20;12;mq;mq;mq;mq;mq;mq;mq;mq;mq;mq;mq;mq;mq;mq;mq;mq;mq;mq;mq;mq;mq;mq;mq;mq;mq;mq;mq;4;8;750;4;0;7800;mq;mq;mq;mq;mq;mq;
78922;20110921150000;101490;0;0;150;7.200000;302.950000;296.650000;69;mq;mq;mq;mq;mq;mq;mq;mq;mq;mq;101050;mq;mq;mq;mq;mq;mq;mq;mq;mq;mq;mq;mq;mq;mq;mq;mq;mq;mq;mq;mq;mq;mq;mq;mq;mq;mq;mq;mq;mq;mq;mq;mq;mq;mq;mq;mq;mq;mq;
78925;20110921150000;101510;0;0;80;5.100000;305.050000;297.950000;66;30000;2;1;1;60;4;800;32;20;12;mq;mq;mq;60;mq;mq;mq;mq;mq;mq;mq;mq;mq;mq;mq;mq;mq;mq;mq;mq;mq;mq;mq;mq;mq;mq;mq;4;8;900;mq;mq;mq;mq;mq;mq;mq;mq;mq;
81401;20110921150000;101320;mq;mq;160;1.500000;304.750000;296.550000;62;mq;mq;mq;mq;mq;mq;mq;mq;mq;mq;101260;mq;mq;mq;mq;mq;mq;mq;mq;mq;mq;mq;mq;mq;mq;mq;mq;mq;mq;0.000000;mq;mq;mq;mq;mq;mq;mq;mq;mq;mq;mq;mq;mq;mq;mq;mq;mq;mq;mq;
81405;20110921150000;101320;mq;mq;140;2.600000;305.750000;296.150000;57;55000;0;mq;mq;75;mq;1250;mq;mq;mq;101230;mq;mq;mq;mq;mq;mq;mq;mq;mq;mq;mq;mq;mq;mq;mq;mq;mq;mq;0.000000;mq;mq;mq;mq;mq;mq;mq;mq;mq;mq;mq;mq;mq;mq;mq;mq;mq;mq;mq;
81408;20110921150000;101280;mq;mq;120;1.500000;305.850000;295.650000;55;mq;mq;mq;mq;mq;mq;mq;mq;mq;mq;101200;mq;mq;mq;mq;mq;mq;mq;mq;mq;mq;mq;mq;mq;mq;mq;mq;mq;mq;0.000000;mq;mq;mq;mq;mq;mq;mq;mq;mq;mq;mq;mq;mq;mq;mq;mq;mq;mq;mq;
07005;20110921180000;101960;50;3;250;3.100000;288.550000;287.450000;93;mq;mq;mq;mq;mq;mq;mq;mq;mq;mq;101080;mq;mq;mq;287.450000;mq;291.150000;mq;mq;mq;mq;mq;8.200000;-10;mq;mq;mq;mq;0.200000;0.200000;mq;0.200000;mq;710.000000;1108.000000;mq;mq;mq;mq;mq;mq;mq;mq;mq;mq;mq;mq;mq;mq;
07015;20110921180000;101880;0;5;230;5.700000;289.650000;287.650000;88;12000;61;6;2;100;7;800;35;61;60;101320;mq;mq;mq;287.250000;mq;291.950000;mq;mq;mq;mq;mq;8.700000;-10;mq;mq;0.000000;-60;0.000000;0.000000;mq;0.200000;mq;710.000000;1109.000000;3100.000000;mq;6;6;600;7;6;810;mq;mq;mq;mq;mq;mq;
07020;20110921180000;102090;50;3;270;8.200000;288.350000;283.950000;75;20000;1;6;2;60;4;800;34;20;11;101830;mq;mq;mq;287.550000;mq;289.650000;mq;mq;mq;mq;mq;10.800000;-10;mq;mq;mq;mq;0.000000;0.000000;mq;0.600000;mq;710.000000;1111.000000;mq;mq;1;8;780;3;6;990;mq;mq;mq;mq;mq;mq;
07027;20110921180000;102070;40;3;260;4.600000;289.650000;287.450000;87;50000;0;mq;mq;100;mq;450;mq;mq;mq;101270;mq;mq;mq;287.450000;mq;293.350000;mq;mq;mq;mq;mq;6.700000;-10;mq;mq;mq;mq;0.000000;0.000000;mq;0.000000;mq;710.000000;1107.000000;mq;mq;mq;mq;mq;mq;mq;mq;mq;mq;mq;mq;mq;mq;
07037;20110921180000;102020;40;3;280;2.100000;289.550000;287.350000;87;1200;10;mq;mq;100;mq;800;mq;mq;mq;100220;mq;mq;mq;286.150000;mq;292.750000;mq;mq;mq;mq;mq;3.600000;-10;mq;mq;mq;mq;0.000000;0.000000;mq;0.000000;mq;710.000000;1104.000000;mq;mq;mq;mq;mq;mq;mq;mq;mq;mq;mq;mq;mq;mq;
07110;20110921180000;102230;80;2;290;2.600000;286.650000;281.650000;72;30000;2;mq;mq;10;1;800;35;20;11;101090;mq;mq;mq;285.650000;mq;289.050000;mq;mq;mq;mq;mq;5.100000;-10;mq;mq;0.000000;-60;0.000000;0.000000;mq;mq;mq;710.000000;1105.000000;3100.000000;mq;1;6;930;mq;mq;mq;mq;mq;mq;mq;mq;mq;
07117;20110921180000;102200;60;3;260;3.100000;286.650000;282.850000;78;25000;2;1;1;10;0;8000;30;20;11;101500;mq;mq;mq;285.650000;mq;289.250000;mq;mq;mq;mq;mq;7.200000;-10;mq;mq;mq;mq;0.000000;0.000000;mq;2.000000;mq;710.000000;1107.000000;2438.000000;mq;mq;mq;mq;mq;mq;mq;mq;mq;mq;mq;mq;mq;
07130;20110921180000;102110;20;3;250;2.100000;290.950000;286.250000;74;35000;0;mq;mq;mq;mq;mq;mq;mq;mq;101600;mq;mq;mq;288.050000;mq;293.550000;mq;mq;mq;mq;mq;6.700000;-10;mq;mq;mq;mq;0.000000;0.000000;mq;0.000000;mq;710.000000;1107.000000;mq;mq;mq;mq;mq;mq;mq;mq;mq;mq;mq;mq;mq;mq;
07139;20110921180000;102080;30;3;230;3.100000;290.350000;285.050000;71;mq;mq;mq;mq;mq;mq;mq;mq;mq;mq;100380;mq;mq;mq;286.950000;mq;292.150000;mq;mq;mq;mq;mq;5.100000;-10;mq;mq;mq;mq;0.000000;0.000000;mq;0.000000;mq;710.000000;1105.000000;mq;mq;mq;mq;mq;mq;mq;mq;mq;mq;mq;mq;mq;mq;
07149;20110921180000;102090;50;3;230;2.600000;291.050000;284.350000;65;20000;2;1;1;90;7;1250;35;61;60;101020;mq;mq;mq;287.650000;mq;293.550000;mq;mq;mq;mq;mq;4.100000;-10;mq;mq;0.000000;-60;0.000000;0.000000;mq;0.000000;mq;710.000000;1104.000000;3100.000000;mq;7;6;1080;mq;mq;mq;mq;mq;mq;mq;mq;mq;
07168;20110921180000;102110;50;3;290;2.600000;287.950000;285.250000;84;20000;0;mq;mq;mq;mq;mq;mq;mq;mq;100700;mq;mq;mq;281.650000;mq;295.450000;mq;mq;mq;mq;mq;3.100000;-10;mq;mq;mq;mq;0.000000;0.000000;mq;0.200000;mq;710.000000;1103.000000;mq;mq;mq;mq;mq;mq;mq;mq;mq;mq;mq;mq;mq;mq;
07181;20110921180000;102080;40;3;30;1.500000;288.050000;284.250000;78;60000;0;mq;mq;mq;mq;mq;mq;mq;mq;98050;mq;mq;mq;279.950000;mq;293.550000;mq;mq;mq;mq;mq;2.600000;-10;mq;mq;mq;mq;0.000000;0.000000;mq;0.000000;mq;710.000000;1103.000000;mq;mq;mq;mq;mq;mq;mq;mq;mq;mq;mq;mq;mq;mq;
07190;20110921180000;102030;40;3;340;2.100000;289.250000;283.750000;70;8000;0;mq;mq;mq;mq;mq;mq;mq;mq;100240;mq;mq;mq;279.850000;mq;295.550000;mq;mq;mq;mq;mq;3.100000;-10;mq;mq;mq;mq;0.000000;0.000000;mq;0.000000;mq;710.000000;1103.000000;mq;mq;mq;mq;mq;mq;mq;mq;mq;mq;mq;mq;mq;mq;
07207;20110921180000;mq;mq;mq;320;2.600000;289.750000;287.550000;87;20000;2;1;1;90;1;800;31;27;10;mq;mq;mq;mq;289.750000;mq;292.150000;mq;mq;mq;mq;mq;5.100000;-10;mq;mq;mq;mq;0.000000;0.000000;mq;0.000000;mq;710.000000;1105.000000;2428.000000;mq;mq;mq;mq;mq;mq;mq;mq;mq;mq;mq;mq;mq;
07222;20110921180000;102180;50;3;320;1.000000;289.550000;285.550000;77;20000;2;1;1;75;4;1250;35;20;11;101870;mq;mq;mq;286.550000;mq;292.950000;mq;mq;mq;mq;mq;3.600000;-10;mq;mq;mq;mq;0.000000;0.000000;mq;0.000000;mq;710.000000;1104.000000;mq;mq;4;6;1080;3;0;7500;mq;mq;mq;mq;mq;mq;
07240;20110921180000;102100;20;3;320;1.500000;291.250000;284.550000;65;30000;2;1;1;75;4;1250;35;20;11;100780;mq;mq;mq;284.450000;mq;294.050000;mq;mq;mq;mq;mq;3.100000;-10;mq;mq;0.000000;-60;0.000000;0.000000;mq;0.000000;mq;710.000000;1103.000000;3100.000000;mq;4;6;1170;6;0;7500;mq;mq;mq;mq;mq;mq;
07255;20110921180000;102070;30;3;360;1.500000;291.550000;286.450000;72;20000;0;mq;mq;mq;mq;mq;mq;mq;mq;100120;mq;mq;mq;282.450000;mq;295.650000;mq;mq;mq;mq;mq;2.600000;-10;mq;mq;mq;mq;0.000000;0.000000;mq;0.000000;mq;710.000000;1103.000000;mq;mq;mq;mq;mq;mq;mq;mq;mq;mq;mq;mq;mq;mq;
07280;20110921180000;102040;20;3;160;1.500000;290.250000;282.950000;62;26000;0;mq;mq;mq;mq;mq;mq;mq;mq;99370;mq;mq;mq;280.650000;mq;295.550000;mq;mq;mq;mq;mq;2.600000;-10;mq;mq;mq;mq;0.000000;0.000000;mq;0.000000;mq;710.000000;1103.000000;mq;mq;mq;mq;mq;mq;mq;mq;mq;mq;mq;mq;mq;mq;
07299;20110921180000;102040;70;3;230;1.500000;288.150000;284.550000;79;50000;2;1;1;75;0;8000;30;20;12;98820;mq;mq;mq;279.650000;mq;295.150000;mq;mq;mq;mq;mq;2.100000;-10;mq;mq;0.000000;-60;0.000000;0.000000;mq;0.000000;mq;710.000000;1102.000000;3100.000000;mq;6;0;7500;mq;mq;mq;mq;mq;mq;mq;mq;mq;
07314;20110921180000;102170;40;3;330;7.700000;291.550000;287.450000;77;15000;2;1;1;75;0;8000;30;20;14;101900;mq;mq;mq;288.550000;mq;293.650000;mq;mq;mq;mq;mq;9.800000;-10;mq;mq;mq;mq;0.000000;0.000000;mq;0.000000;mq;710.000000;1110.000000;2437.000000;mq;6;0;6000;mq;mq;mq;mq;mq;mq;mq;mq;mq;
07335;20110921180000;102100;30;3;10;2.600000;291.050000;285.450000;70;60000;0;mq;mq;mq;mq;mq;mq;mq;mq;100680;mq;mq;mq;281.650000;mq;295.550000;mq;mq;mq;mq;mq;3.100000;-10;mq;mq;mq;mq;0.000000;0.000000;mq;0.000000;mq;710.000000;1103.000000;mq;mq;mq;mq;mq;mq;mq;mq;mq;mq;mq;mq;mq;mq;
07434;20110921180000;102040;20;3;350;2.100000;290.150000;285.250000;73;60000;0;mq;mq;mq;mq;mq;mq;mq;mq;97360;mq;mq;mq;283.050000;mq;294.050000;mq;mq;mq;mq;mq;3.100000;-10;mq;mq;mq;mq;0.000000;0.000000;mq;0.000000;mq;710.000000;1103.000000;mq;mq;mq;mq;mq;mq;mq;mq;mq;mq;mq;mq;mq;mq;
07460;20110921180000;102010;80;3;10;1.500000;291.350000;284.450000;64;50000;2;1;1;90;3;3500;30;23;12;98220;mq;mq;mq;281.450000;mq;295.750000;mq;mq;mq;mq;mq;2.600000;-10;mq;mq;0.000000;-60;0.000000;0.000000;mq;0.000000;mq;710.000000;1103.000000;3100.000000;mq;3;3;6300;6;0;7800;mq;mq;mq;mq;mq;mq;
07471;20110921180000;mq;60;3;250;1.500000;288.150000;281.650000;65;20000;0;mq;mq;mq;mq;mq;mq;mq;mq;92520;85000;18000;mq;275.250000;mq;296.150000;mq;mq;mq;mq;mq;2.100000;-10;mq;mq;mq;mq;0.000000;0.000000;mq;0.000000;mq;710.000000;1102.000000;mq;mq;mq;mq;mq;mq;mq;mq;mq;mq;mq;mq;mq;mq;
07481;20110921180000;101980;0;5;20;2.100000;291.850000;284.150000;61;50000;2;1;1;90;0;8000;30;20;12;99180;mq;mq;mq;283.450000;mq;294.350000;mq;mq;mq;mq;mq;3.600000;-10;mq;mq;0.000000;-60;0.000000;0.000000;mq;0.000000;mq;710.000000;1104.000000;3100.000000;mq;7;0;7500;mq;mq;mq;mq;mq;mq;mq;mq;mq;
07510;20110921180000;102020;50;3;350;3.100000;294.650000;286.550000;60;30000;2;1;1;40;0;mq;30;20;11;101390;mq;mq;mq;284.050000;mq;297.650000;mq;mq;mq;mq;mq;6.700000;-10;mq;mq;0.000000;-60;0.000000;0.000000;mq;0.000000;mq;710.000000;1107.000000;3100.000000;mq;3;0;6900;mq;mq;mq;mq;mq;mq;mq;mq;mq;
07535;20110921180000;101950;20;3;320;1.500000;294.050000;284.150000;53;mq;mq;mq;mq;mq;mq;mq;mq;mq;mq;98930;mq;mq;mq;281.650000;mq;298.150000;mq;mq;mq;mq;mq;3.100000;-10;mq;mq;mq;mq;0.000000;0.000000;mq;0.200000;mq;710.000000;1103.000000;mq;mq;mq;mq;mq;mq;mq;mq;mq;mq;mq;mq;mq;mq;
07558;20110921180000;101880;50;3;360;2.600000;291.050000;282.150000;56;mq;mq;mq;mq;mq;mq;mq;mq;mq;mq;93770;mq;mq;mq;281.950000;mq;298.850000;mq;mq;mq;mq;mq;6.700000;-10;mq;mq;mq;mq;0.000000;0.000000;mq;0.000000;mq;710.000000;1107.000000;mq;mq;mq;mq;mq;mq;mq;mq;mq;mq;mq;mq;mq;mq;
07577;20110921180000;101860;40;3;40;2.100000;293.250000;284.750000;58;20000;0;mq;mq;mq;mq;mq;mq;mq;mq;100990;mq;mq;mq;284.850000;mq;297.550000;mq;mq;mq;mq;mq;7.700000;-10;mq;mq;mq;mq;0.000000;0.000000;mq;0.000000;mq;710.000000;1108.000000;mq;mq;mq;mq;mq;mq;mq;mq;mq;mq;mq;mq;mq;mq;
07591;20110921180000;mq;60;3;40;0.500000;290.750000;280.150000;50;mq;0;mq;mq;mq;mq;mq;mq;mq;mq;91930;mq;mq;mq;281.250000;mq;297.050000;mq;mq;mq;mq;mq;2.600000;-10;mq;mq;mq;mq;0.000000;0.000000;mq;0.000000;mq;710.000000;1103.000000;mq;mq;mq;mq;mq;mq;mq;mq;mq;mq;mq;mq;mq;mq;
07607;20110921180000;101920;50;3;130;0.500000;297.150000;286.350000;51;60000;0;mq;mq;mq;mq;mq;mq;mq;mq;101240;mq;mq;mq;280.750000;mq;300.750000;mq;mq;mq;mq;mq;2.600000;-10;mq;mq;mq;mq;0.000000;0.000000;mq;0.000000;mq;710.000000;1103.000000;mq;mq;mq;mq;mq;mq;mq;mq;mq;mq;mq;mq;mq;mq;
07621;20110921180000;101900;50;3;190;1.000000;294.150000;288.050000;68;60000;2;1;1;40;0;8000;30;20;11;97730;mq;mq;mq;283.050000;mq;298.350000;mq;mq;mq;mq;mq;2.600000;-10;mq;mq;0.000000;-60;0.000000;0.000000;mq;0.000000;mq;710.000000;1103.000000;3100.000000;mq;3;0;7800;mq;mq;mq;mq;mq;mq;mq;mq;mq;
07627;20110921180000;101960;50;3;200;1.000000;291.150000;287.050000;77;mq;mq;mq;mq;mq;mq;mq;mq;mq;mq;97210;mq;mq;mq;283.650000;mq;298.050000;mq;mq;mq;mq;mq;2.100000;-10;mq;mq;mq;mq;0.000000;0.000000;mq;0.000000;mq;710.000000;1102.000000;mq;mq;mq;mq;mq;mq;mq;mq;mq;mq;mq;mq;mq;mq;
07630;20110921180000;101890;40;3;320;2.100000;297.250000;282.450000;39;40000;2;1;1;25;0;8000;30;20;12;100160;mq;mq;mq;284.250000;mq;300.250000;mq;mq;mq;mq;mq;3.100000;-10;mq;mq;0.000000;-60;0.000000;0.000000;mq;0.000000;mq;710.000000;1103.000000;3100.000000;mq;2;0;7800;mq;mq;mq;mq;mq;mq;mq;mq;mq;
07643;20110921180000;101800;0;5;230;3.600000;293.250000;287.650000;70;60000;2;1;1;90;2;1750;35;20;12;101710;mq;mq;mq;285.750000;mq;297.050000;mq;mq;mq;mq;mq;5.700000;-10;mq;mq;mq;mq;0.000000;0.000000;mq;0.000000;mq;710.000000;1106.000000;mq;mq;2;6;1500;7;0;7800;mq;mq;mq;mq;mq;mq;
07650;20110921180000;101790;50;3;250;4.100000;293.850000;287.050000;65;60000;2;1;1;90;1;3500;30;23;12;101410;mq;mq;mq;285.550000;mq;299.550000;mq;mq;mq;mq;mq;9.300000;-10;mq;mq;0.000000;-60;0.000000;0.000000;mq;0.000000;mq;710.000000;1109.000000;3100.000000;mq;1;3;4800;7;0;7500;mq;mq;mq;mq;mq;mq;
07661;20110921180000;101700;-40;5;330;10.300000;291.950000;287.650000;76;30000;2;1;1;75;0;8000;30;20;16;100130;mq;mq;mq;290.550000;mq;296.250000;mq;mq;mq;mq;mq;12.900000;-10;mq;mq;mq;mq;0.000000;0.000000;mq;0.000000;mq;710.000000;1113.000000;mq;mq;6;2;4800;mq;mq;mq;mq;mq;mq;mq;mq;mq;
07690;20110921180000;101770;30;3;150;1.000000;294.350000;288.250000;68;50000;2;1;1;90;0;8000;30;20;12;101440;mq;mq;mq;291.050000;mq;299.450000;mq;mq;mq;mq;mq;2.100000;-10;mq;mq;0.000000;-60;0.000000;0.000000;mq;0.000000;mq;710.000000;1102.000000;3100.000000;mq;7;0;7800;mq;mq;mq;mq;mq;mq;mq;mq;mq;
07747;20110921180000;101830;10;3;0;0.000000;295.050000;287.650000;63;60000;0;mq;mq;mq;mq;mq;mq;mq;mq;101320;mq;mq;mq;286.050000;mq;298.750000;mq;mq;mq;mq;mq;2.100000;-10;mq;mq;mq;mq;0.000000;0.000000;mq;0.000000;mq;710.000000;1102.000000;mq;mq;mq;mq;mq;mq;mq;mq;mq;mq;mq;mq;mq;mq;
07761;20110921180000;101820;40;2;50;1.500000;293.050000;282.850000;52;50000;2;1;1;75;0;8000;30;20;12;101710;mq;mq;mq;287.350000;mq;299.850000;mq;mq;mq;mq;mq;3.600000;-10;mq;mq;0.000000;-60;0.000000;0.000000;mq;0.000000;mq;710.000000;1104.000000;3100.000000;mq;6;0;7800;mq;mq;mq;mq;mq;mq;mq;mq;mq;
07790;20110921180000;101690;50;3;190;1.500000;293.750000;279.350000;39;30000;2;1;1;60;0;8000;30;20;12;101550;mq;mq;mq;292.050000;mq;301.550000;mq;mq;mq;mq;mq;4.600000;-10;mq;mq;0.000000;-60;0.000000;0.000000;mq;0.000000;mq;710.000000;1105.000000;3100.000000;mq;5;0;7800;mq;mq;mq;mq;mq;mq;mq;mq;mq;
61968;20110921180000;101640;mq;mq;90;6.700000;298.950000;295.050000;79;mq;mq;mq;mq;mq;mq;mq;mq;mq;mq;mq;mq;mq;20;mq;mq;302.750000;mq;mq;mq;mq;mq;12.300000;-10;mq;mq;mq;mq;0.000000;mq;mq;0.000000;mq;710.000000;1112.000000;mq;mq;mq;mq;mq;mq;mq;mq;mq;mq;mq;mq;mq;mq;
61970;20110921180000;101690;mq;mq;mq;mq;298.750000;296.850000;89;mq;mq;mq;mq;mq;mq;mq;mq;mq;mq;mq;mq;mq;20;mq;mq;303.550000;mq;mq;mq;mq;mq;mq;mq;mq;mq;mq;mq;0.000000;mq;mq;0.000000;mq;mq;mq;mq;mq;mq;mq;mq;mq;mq;mq;mq;mq;mq;mq;mq;mq;
61972;20110921180000;101950;mq;mq;160;2.600000;295.850000;294.850000;94;mq;mq;mq;mq;mq;mq;mq;mq;mq;mq;mq;mq;mq;170;mq;mq;302.050000;mq;mq;mq;mq;mq;4.100000;-10;mq;mq;mq;mq;0.000000;mq;mq;0.200000;mq;710.000000;1104.000000;mq;mq;mq;mq;mq;mq;mq;mq;mq;mq;mq;mq;mq;mq;
61976;20110921180000;102050;mq;mq;120;7.200000;297.250000;294.350000;84;mq;mq;mq;mq;mq;mq;mq;mq;mq;mq;101900;mq;mq;40;mq;mq;mq;mq;mq;mq;mq;mq;mq;mq;mq;mq;mq;mq;mq;mq;mq;mq;mq;mq;mq;mq;mq;mq;mq;mq;mq;mq;mq;mq;mq;mq;mq;mq;mq;
61980;20110921180000;102250;mq;mq;130;3.600000;295.550000;292.150000;81;10000;2;1;1;60;5;800;38;20;10;mq;mq;mq;mq;mq;mq;299.350000;mq;mq;mq;mq;mq;6.200000;-10;mq;mq;mq;mq;0.000000;mq;mq;0.000000;mq;710.000000;1106.000000;mq;mq;2;8;600;5;6;1380;mq;mq;mq;mq;mq;mq;
67005;20110921180000;101690;mq;mq;200;2.100000;298.250000;295.150000;83;mq;0;mq;mq;mq;mq;mq;mq;mq;mq;mq;mq;mq;40;mq;mq;301.650000;mq;mq;mq;mq;mq;3.100000;-10;mq;mq;mq;mq;0.000000;mq;mq;0.000000;mq;710.000000;1103.000000;mq;mq;mq;mq;mq;mq;mq;mq;mq;mq;mq;mq;mq;mq;
71805;20110921180000;101710;0;5;260;6.200000;287.450000;285.650000;89;19000;0;mq;mq;mq;mq;1250;mq;mq;mq;101630;mq;mq;mq;mq;284.750000;289.750000;mq;mq;mq;mq;mq;9.300000;-10;mq;mq;mq;mq;0.000000;0.000000;mq;0.000000;mq;710.000000;1109.000000;mq;mq;mq;mq;mq;mq;mq;mq;mq;mq;mq;mq;mq;mq;
78897;20110921180000;101260;-170;8;160;4.600000;301.250000;297.050000;78;55000;0;mq;mq;mq;mq;mq;mq;mq;mq;mq;mq;mq;mq;mq;296.550000;304.150000;mq;mq;mq;mq;mq;mq;mq;mq;mq;mq;mq;mq;mq;6.000000;mq;6.200000;mq;mq;mq;mq;mq;mq;mq;mq;mq;mq;mq;mq;mq;mq;mq;mq;
78922;20110921180000;101260;-230;6;180;9.300000;300.350000;295.550000;75;mq;mq;mq;mq;mq;mq;mq;mq;mq;mq;100820;mq;mq;mq;mq;mq;mq;mq;mq;mq;mq;mq;mq;mq;mq;mq;mq;mq;mq;mq;mq;mq;mq;mq;mq;mq;mq;mq;mq;mq;mq;mq;mq;mq;mq;mq;mq;mq;mq;
78925;20110921180000;101230;-280;6;90;5.700000;303.850000;297.050000;67;30000;25;8;6;60;4;800;32;20;12;mq;mq;mq;mq;mq;297.250000;305.350000;mq;mq;mq;mq;mq;mq;mq;mq;mq;mq;mq;mq;mq;0.200000;mq;mq;mq;mq;mq;mq;4;8;840;3;0;7800;mq;mq;mq;mq;mq;mq;
81401;20110921180000;100990;mq;mq;70;2.100000;303.150000;298.050000;74;mq;mq;mq;mq;mq;mq;mq;mq;mq;mq;100930;mq;mq;mq;mq;mq;mq;mq;mq;mq;mq;mq;mq;mq;mq;mq;mq;mq;mq;0.800000;0.800000;mq;mq;mq;mq;mq;mq;mq;mq;mq;mq;mq;mq;mq;mq;mq;mq;mq;mq;
81405;20110921180000;101030;mq;mq;10;4.100000;304.050000;297.650000;69;10000;2;1;1;60;4;800;38;23;10;100940;mq;mq;mq;mq;mq;mq;mq;mq;mq;mq;mq;mq;mq;mq;mq;mq;mq;mq;0.000000;0.000000;mq;mq;mq;mq;mq;mq;mq;mq;mq;mq;mq;mq;mq;mq;mq;mq;mq;mq;
81408;20110921180000;100930;mq;mq;140;1.500000;307.250000;294.350000;47;mq;mq;mq;mq;mq;mq;mq;mq;mq;mq;100850;mq;mq;mq;mq;mq;mq;mq;mq;mq;mq;mq;mq;mq;mq;mq;mq;mq;mq;0.000000;0.000000;mq;mq;mq;mq;mq;mq;mq;mq;mq;mq;mq;mq;mq;mq;mq;mq;mq;mq;
89642;20110921180000;98920;10;2;130;17.000000;260.250000;256.750000;72;mq;mq;mq;mq;mq;mq;mq;mq;mq;mq;98360;mq;mq;mq;mq;mq;mq;mq;mq;mq;mq;22.600000;30.900000;-60;mq;mq;mq;mq;mq;mq;mq;mq;mq;1023.000000;1131.000000;mq;mq;mq;mq;mq;mq;mq;mq;mq;mq;mq;mq;mq;mq;
07005;20110921210000;102030;60;1;250;5.100000;287.850000;286.350000;91;mq;mq;mq;mq;mq;mq;mq;mq;mq;mq;101140;mq;mq;mq;mq;mq;mq;mq;mq;mq;mq;mq;8.200000;-10;mq;mq;mq;mq;0.000000;0.000000;mq;mq;mq;710.000000;1108.000000;mq;mq;mq;mq;mq;mq;mq;mq;mq;mq;mq;mq;mq;mq;
07015;20110921210000;101950;70;1;250;5.100000;288.150000;285.450000;84;60000;1;6;1;0;mq;mq;mq;mq;mq;101390;mq;mq;mq;mq;mq;mq;mq;mq;mq;mq;mq;10.300000;-10;mq;mq;0.000000;-30;0.000000;0.000000;mq;mq;mq;710.000000;1110.000000;3100.000000;mq;mq;mq;mq;mq;mq;mq;mq;mq;mq;mq;mq;mq;
07020;20110921210000;102160;70;1;270;8.700000;288.350000;284.750000;79;18000;2;1;1;40;3;800;32;20;10;101900;mq;mq;mq;mq;mq;mq;mq;mq;mq;mq;mq;11.800000;-10;mq;mq;mq;mq;0.000000;0.000000;mq;mq;mq;710.000000;1112.000000;mq;mq;3;8;780;mq;mq;mq;mq;mq;mq;mq;mq;mq;
07027;20110921210000;102200;120;1;260;3.100000;287.050000;284.750000;86;60000;0;mq;mq;100;mq;800;mq;mq;mq;101390;mq;mq;mq;mq;mq;mq;mq;mq;mq;mq;mq;7.700000;-10;mq;mq;mq;mq;0.000000;0.000000;mq;mq;mq;710.000000;1108.000000;mq;mq;mq;mq;mq;mq;mq;mq;mq;mq;mq;mq;mq;mq;
07037;20110921210000;102100;70;1;280;4.100000;288.350000;287.550000;95;4400;61;mq;mq;100;mq;150;mq;mq;mq;100290;mq;mq;mq;mq;mq;mq;mq;mq;mq;mq;mq;5.700000;-10;mq;mq;mq;mq;0.200000;0.200000;mq;mq;mq;710.000000;1106.000000;mq;mq;mq;mq;mq;mq;mq;mq;mq;mq;mq;mq;mq;mq;
07110;20110921210000;102340;90;1;220;2.600000;282.850000;281.450000;91;25000;2;mq;mq;10;1;800;35;20;10;101180;mq;mq;mq;mq;mq;mq;mq;mq;mq;mq;mq;3.100000;-10;mq;mq;mq;mq;0.000000;0.000000;mq;mq;mq;710.000000;1103.000000;mq;mq;1;6;960;mq;mq;mq;mq;mq;mq;mq;mq;mq;
07117;20110921210000;102280;70;2;230;4.100000;284.750000;282.450000;86;20000;2;1;1;10;0;8000;30;20;11;101570;mq;mq;mq;mq;mq;mq;mq;mq;mq;mq;mq;5.100000;-10;mq;mq;mq;mq;0.000000;0.000000;mq;mq;mq;710.000000;1105.000000;2428.000000;mq;mq;mq;mq;mq;mq;mq;mq;mq;mq;mq;mq;mq;
07130;20110921210000;102290;170;2;320;2.600000;287.150000;285.150000;88;40000;0;mq;mq;100;mq;450;mq;mq;mq;101770;mq;mq;mq;mq;mq;mq;mq;mq;mq;mq;mq;7.700000;-10;mq;mq;mq;mq;0.000000;0.000000;mq;mq;mq;710.000000;1108.000000;mq;mq;mq;mq;mq;mq;mq;mq;mq;mq;mq;mq;mq;mq;
07139;20110921210000;102150;60;2;250;2.600000;289.150000;285.350000;78;mq;mq;mq;mq;mq;mq;mq;mq;mq;mq;100440;mq;mq;mq;mq;mq;mq;mq;mq;mq;mq;mq;4.600000;-10;mq;mq;mq;mq;0.000000;0.000000;mq;mq;mq;710.000000;1105.000000;mq;mq;mq;mq;mq;mq;mq;mq;mq;mq;mq;mq;mq;mq;
07149;20110921210000;102120;30;2;280;2.100000;290.250000;285.150000;72;20000;2;1;1;90;7;1250;35;61;60;101050;mq;mq;mq;mq;mq;mq;mq;mq;mq;mq;mq;3.100000;-10;mq;mq;0.000000;-30;0.000000;0.000000;mq;mq;mq;710.000000;1103.000000;3100.000000;mq;7;6;1050;mq;mq;mq;mq;mq;mq;mq;mq;mq;
07168;20110921210000;102150;20;0;0;0.000000;284.650000;282.750000;88;20000;0;mq;mq;mq;mq;mq;mq;mq;mq;100720;mq;mq;mq;mq;mq;mq;mq;mq;mq;mq;mq;1.000000;-10;mq;mq;mq;mq;0.000000;0.000000;mq;mq;mq;710.000000;1101.000000;mq;mq;mq;mq;mq;mq;mq;mq;mq;mq;mq;mq;mq;mq;
07181;20110921210000;102150;30;0;0;0.000000;285.650000;283.550000;87;60000;0;mq;mq;mq;mq;mq;mq;mq;mq;98080;mq;mq;mq;mq;mq;mq;mq;mq;mq;mq;mq;1.000000;-10;mq;mq;mq;mq;0.000000;0.000000;mq;mq;mq;710.000000;1101.000000;mq;mq;mq;mq;mq;mq;mq;mq;mq;mq;mq;mq;mq;mq;
07190;20110921210000;102120;60;1;320;1.500000;285.450000;282.950000;85;35000;0;mq;mq;mq;mq;mq;mq;mq;mq;100300;mq;mq;mq;mq;mq;mq;mq;mq;mq;mq;mq;2.600000;-10;mq;mq;mq;mq;0.000000;0.000000;mq;mq;mq;710.000000;1103.000000;mq;mq;mq;mq;mq;mq;mq;mq;mq;mq;mq;mq;mq;mq;
07207;20110921210000;mq;mq;mq;320;4.100000;288.850000;285.750000;82;mq;mq;mq;mq;mq;mq;mq;mq;mq;mq;mq;mq;mq;mq;mq;mq;mq;mq;mq;mq;mq;mq;8.700000;-10;mq;mq;mq;mq;0.000000;0.000000;mq;mq;mq;710.000000;1109.000000;mq;mq;mq;mq;mq;mq;mq;mq;mq;mq;mq;mq;mq;mq;
07222;20110921210000;102270;90;3;290;2.600000;289.450000;286.350000;82;20000;2;1;1;90;7;1250;35;61;60;101960;mq;mq;mq;mq;mq;mq;mq;mq;mq;mq;mq;3.600000;-10;mq;mq;mq;mq;0.000000;0.000000;mq;mq;mq;710.000000;1104.000000;mq;mq;7;6;1080;mq;mq;mq;mq;mq;mq;mq;mq;mq;
07240;20110921210000;102210;90;2;310;0.500000;287.750000;284.850000;83;30000;2;1;1;75;4;1250;35;20;11;100870;mq;mq;mq;mq;mq;mq;mq;mq;mq;mq;mq;1.500000;-10;mq;mq;0.000000;-30;0.000000;0.000000;mq;mq;mq;710.000000;1102.000000;3100.000000;mq;4;6;1080;6;0;7500;mq;mq;mq;mq;mq;mq;
07255;20110921210000;102170;70;1;10;0.500000;287.550000;285.450000;87;20000;0;mq;mq;mq;mq;mq;mq;mq;mq;100190;mq;mq;mq;mq;mq;mq;mq;mq;mq;mq;mq;2.600000;-10;mq;mq;mq;mq;0.000000;0.000000;mq;mq;mq;710.000000;1103.000000;mq;mq;mq;mq;mq;mq;mq;mq;mq;mq;mq;mq;mq;mq;
07280;20110921210000;102120;50;1;330;2.100000;287.450000;283.250000;76;45000;0;mq;mq;90;mq;mq;mq;mq;mq;99420;mq;mq;mq;mq;mq;mq;mq;mq;mq;mq;mq;3.600000;-10;mq;mq;mq;mq;0.000000;0.000000;mq;mq;mq;710.000000;1104.000000;mq;mq;mq;mq;mq;mq;mq;mq;mq;mq;mq;mq;mq;mq;
07299;20110921210000;102140;40;1;0;0.000000;283.650000;282.450000;92;30000;2;1;1;75;0;8000;30;20;12;98860;mq;mq;mq;mq;mq;mq;mq;mq;mq;mq;mq;1.500000;-10;mq;mq;0.000000;-30;0.000000;0.000000;mq;mq;mq;710.000000;1102.000000;3100.000000;mq;6;0;7500;mq;mq;mq;mq;mq;mq;mq;mq;mq;
07314;20110921210000;102270;100;1;350;6.700000;290.950000;287.050000;78;15000;2;1;1;40;0;8000;30;20;11;102000;mq;mq;mq;mq;mq;mq;mq;mq;mq;mq;mq;9.800000;-10;mq;mq;mq;mq;0.000000;0.000000;mq;mq;mq;710.000000;1110.000000;mq;mq;3;0;6000;mq;mq;mq;mq;mq;mq;mq;mq;mq;
07335;20110921210000;102220;100;1;330;0.500000;286.650000;284.550000;87;30000;0;mq;mq;mq;mq;mq;mq;mq;mq;100780;mq;mq;mq;mq;mq;mq;mq;mq;mq;mq;mq;1.500000;-10;mq;mq;mq;mq;0.000000;0.000000;mq;mq;mq;710.000000;1102.000000;mq;mq;mq;mq;mq;mq;mq;mq;mq;mq;mq;mq;mq;mq;
07434;20110921210000;102120;60;2;360;3.600000;288.850000;285.250000;79;55000;0;mq;mq;mq;mq;mq;mq;mq;mq;97420;mq;mq;mq;mq;mq;mq;mq;mq;mq;mq;mq;6.200000;-10;mq;mq;mq;mq;0.000000;0.000000;mq;mq;mq;710.000000;1106.000000;mq;mq;mq;mq;mq;mq;mq;mq;mq;mq;mq;mq;mq;mq;
07460;20110921210000;102150;60;1;240;1.500000;285.850000;283.550000;86;15000;2;1;1;0;mq;mq;mq;mq;mq;98280;mq;mq;mq;mq;mq;mq;mq;mq;mq;mq;mq;1.500000;-10;mq;mq;0.000000;-30;0.000000;0.000000;mq;mq;mq;710.000000;1102.000000;3100.000000;mq;mq;mq;mq;mq;mq;mq;mq;mq;mq;mq;mq;mq;
07471;20110921210000;mq;80;1;310;1.500000;282.650000;280.950000;89;20000;0;mq;mq;mq;mq;mq;mq;mq;mq;92600;85000;18060;mq;mq;mq;mq;mq;mq;mq;mq;mq;3.100000;-10;mq;mq;mq;mq;0.000000;0.000000;mq;mq;mq;710.000000;1103.000000;mq;mq;mq;mq;mq;mq;mq;mq;mq;mq;mq;mq;mq;mq;
07481;20110921210000;102040;30;0;0;0.000000;288.650000;284.250000;75;30000;2;1;1;50;0;8000;30;20;12;99210;mq;mq;mq;mq;mq;mq;mq;mq;mq;mq;mq;1.500000;-10;mq;mq;0.000000;-30;0.000000;0.000000;mq;mq;mq;710.000000;1102.000000;3100.000000;mq;4;0;7500;mq;mq;mq;mq;mq;mq;mq;mq;mq;
07510;20110921210000;102150;120;1;350;4.600000;289.950000;287.550000;86;30000;2;1;1;0;mq;mq;mq;mq;mq;101510;mq;mq;mq;mq;mq;mq;mq;mq;mq;mq;mq;6.700000;-10;mq;mq;0.000000;-30;0.000000;0.000000;mq;mq;mq;710.000000;1107.000000;3100.000000;mq;mq;mq;mq;mq;mq;mq;mq;mq;mq;mq;mq;mq;
07535;20110921210000;102090;60;1;140;2.100000;287.050000;283.850000;81;mq;mq;mq;mq;mq;mq;mq;mq;mq;mq;98990;mq;mq;mq;mq;mq;mq;mq;mq;mq;mq;mq;3.100000;-10;mq;mq;mq;mq;0.000000;0.000000;mq;mq;mq;710.000000;1103.000000;mq;mq;mq;mq;mq;mq;mq;mq;mq;mq;mq;mq;mq;mq;
07558;20110921210000;101980;30;0;360;4.600000;288.350000;284.550000;78;mq;mq;mq;mq;mq;mq;mq;mq;mq;mq;93800;mq;mq;mq;mq;mq;mq;mq;mq;mq;mq;mq;6.200000;-10;mq;mq;mq;mq;0.000000;0.000000;mq;mq;mq;710.000000;1106.000000;mq;mq;mq;mq;mq;mq;mq;mq;mq;mq;mq;mq;mq;mq;
07577;20110921210000;101950;80;3;350;1.000000;290.150000;283.750000;66;20000;0;mq;mq;mq;mq;mq;mq;mq;mq;101070;mq;mq;mq;mq;mq;mq;mq;mq;mq;mq;mq;4.100000;-10;mq;mq;mq;mq;0.000000;0.000000;mq;mq;mq;710.000000;1104.000000;mq;mq;mq;mq;mq;mq;mq;mq;mq;mq;mq;mq;mq;mq;
07591;20110921210000;mq;60;3;210;0.500000;287.050000;280.350000;64;mq;0;mq;mq;mq;mq;mq;mq;mq;mq;91990;mq;mq;mq;mq;mq;mq;mq;mq;mq;mq;mq;2.100000;-10;mq;mq;mq;mq;0.000000;0.000000;mq;mq;mq;710.000000;1102.000000;mq;mq;mq;mq;mq;mq;mq;mq;mq;mq;mq;mq;mq;mq;
07607;20110921210000;102060;120;1;40;2.600000;291.050000;286.350000;74;60000;0;mq;mq;mq;mq;mq;mq;mq;mq;101360;mq;mq;mq;mq;mq;mq;mq;mq;mq;mq;mq;4.100000;-10;mq;mq;mq;mq;0.000000;0.000000;mq;mq;mq;710.000000;1104.000000;mq;mq;mq;mq;mq;mq;mq;mq;mq;mq;mq;mq;mq;mq;
07621;20110921210000;102110;120;3;180;2.100000;288.550000;286.950000;90;50000;2;1;1;0;mq;mq;mq;mq;mq;97850;mq;mq;mq;mq;mq;mq;mq;mq;mq;mq;mq;4.100000;-10;mq;mq;0.000000;-30;0.000000;0.000000;mq;mq;mq;710.000000;1104.000000;3100.000000;mq;mq;mq;mq;mq;mq;mq;mq;mq;mq;mq;mq;mq;
07627;20110921210000;102110;80;3;0;0.000000;287.250000;285.850000;91;mq;mq;mq;mq;mq;mq;mq;mq;mq;mq;97290;mq;mq;mq;mq;mq;mq;mq;mq;mq;mq;mq;1.500000;-10;mq;mq;mq;mq;0.000000;0.000000;mq;mq;mq;710.000000;1102.000000;mq;mq;mq;mq;mq;mq;mq;mq;mq;mq;mq;mq;mq;mq;
07630;20110921210000;101990;70;1;330;2.100000;292.750000;283.750000;56;40000;2;1;1;25;0;8000;30;20;12;100230;mq;mq;mq;mq;mq;mq;mq;mq;mq;mq;mq;3.100000;-10;mq;mq;0.000000;-30;0.000000;0.000000;mq;mq;mq;710.000000;1103.000000;3100.000000;mq;2;0;7800;mq;mq;mq;mq;mq;mq;mq;mq;mq;
07643;20110921210000;101850;50;1;270;2.100000;291.150000;285.850000;71;50000;2;1;1;40;0;8000;30;20;11;101760;mq;mq;mq;mq;mq;mq;mq;mq;mq;mq;mq;2.600000;-10;mq;mq;mq;mq;0.000000;0.000000;mq;mq;mq;710.000000;1103.000000;mq;mq;3;0;7800;mq;mq;mq;mq;mq;mq;mq;mq;mq;
07650;20110921210000;101820;30;0;290;2.600000;292.050000;287.150000;73;60000;2;1;1;50;1;3500;30;23;12;101440;mq;mq;mq;mq;mq;mq;mq;mq;mq;mq;mq;6.700000;-10;mq;mq;0.000000;-30;0.000000;0.000000;mq;mq;mq;710.000000;1107.000000;3100.000000;mq;1;3;3900;4;0;7500;mq;mq;mq;mq;mq;mq;
07661;20110921210000;101730;30;0;340;8.700000;291.550000;285.550000;68;mq;mq;mq;mq;mq;mq;mq;mq;mq;mq;100160;mq;mq;mq;mq;mq;mq;mq;mq;mq;mq;mq;14.400000;-10;mq;mq;mq;mq;0.000000;0.000000;mq;mq;mq;710.000000;1114.000000;mq;mq;mq;mq;mq;mq;mq;mq;mq;mq;mq;mq;mq;mq;
07690;20110921210000;101780;10;0;320;3.600000;292.450000;286.150000;67;50000;2;1;1;50;0;8000;30;20;12;101450;mq;mq;mq;mq;mq;mq;mq;mq;mq;mq;mq;4.100000;-10;mq;mq;0.000000;-30;0.000000;0.000000;mq;mq;mq;710.000000;1104.000000;3100.000000;mq;4;0;7800;mq;mq;mq;mq;mq;mq;mq;mq;mq;
07747;20110921210000;101860;20;0;240;2.600000;291.250000;285.950000;71;60000;0;mq;mq;mq;mq;mq;mq;mq;mq;101340;mq;mq;mq;mq;mq;mq;mq;mq;mq;mq;mq;4.100000;-10;mq;mq;mq;mq;0.000000;0.000000;mq;mq;mq;710.000000;1104.000000;mq;mq;mq;mq;mq;mq;mq;mq;mq;mq;mq;mq;mq;mq;
07761;20110921210000;101870;50;0;40;3.600000;289.350000;282.550000;64;20000;2;1;1;40;0;8000;30;20;12;101760;mq;mq;mq;mq;mq;mq;mq;mq;mq;mq;mq;5.100000;-10;mq;mq;0.000000;-30;0.000000;0.000000;mq;mq;mq;710.000000;1105.000000;3100.000000;mq;3;0;7800;mq;mq;mq;mq;mq;mq;mq;mq;mq;
07790;20110921210000;101720;30;0;220;4.100000;293.950000;278.750000;37;30000;2;1;1;10;0;8000;30;20;12;101580;mq;mq;mq;mq;mq;mq;mq;mq;mq;mq;mq;7.200000;-10;mq;mq;0.000000;-30;0.000000;0.000000;mq;mq;mq;710.000000;1107.000000;3100.000000;mq;1;0;7800;mq;mq;mq;mq;mq;mq;mq;mq;mq;
61968;20110921210000;101590;mq;mq;100;6.700000;298.650000;294.950000;80;mq;mq;mq;mq;mq;mq;mq;mq;mq;mq;mq;mq;mq;70;mq;mq;mq;mq;mq;mq;mq;mq;12.900000;-10;mq;mq;mq;mq;0.000000;0.000000;mq;mq;mq;710.000000;1113.000000;mq;mq;mq;mq;mq;mq;mq;mq;mq;mq;mq;mq;mq;mq;
61970;20110921210000;101690;mq;mq;mq;mq;297.750000;296.550000;93;mq;mq;mq;mq;mq;mq;mq;mq;mq;mq;mq;mq;mq;10;mq;mq;mq;mq;mq;mq;mq;mq;mq;mq;mq;mq;mq;mq;0.000000;0.000000;mq;mq;mq;mq;mq;mq;mq;mq;mq;mq;mq;mq;mq;mq;mq;mq;mq;mq;mq;
61972;20110921210000;101970;mq;mq;160;3.600000;295.550000;294.550000;94;mq;mq;mq;mq;mq;mq;mq;mq;mq;mq;mq;mq;mq;230;mq;mq;mq;mq;mq;mq;mq;mq;7.200000;-10;mq;mq;mq;mq;0.000000;0.000000;mq;mq;mq;710.000000;1107.000000;mq;mq;mq;mq;mq;mq;mq;mq;mq;mq;mq;mq;mq;mq;
61980;20110921210000;102140;mq;mq;170;2.600000;295.250000;292.450000;84;35000;0;mq;mq;100;mq;1250;mq;mq;mq;mq;mq;mq;mq;mq;mq;mq;mq;mq;mq;mq;mq;4.600000;-10;mq;mq;mq;mq;0.000000;0.000000;mq;mq;mq;710.000000;1105.000000;mq;mq;mq;mq;mq;mq;mq;mq;mq;mq;mq;mq;mq;mq;
61997;20110921210000;100290;mq;mq;260;18.000000;277.350000;273.350000;75;mq;mq;mq;mq;mq;mq;mq;mq;mq;mq;mq;mq;mq;1100;mq;mq;mq;mq;mq;mq;mq;mq;32.400000;-30;mq;mq;mq;mq;mq;0.000000;mq;mq;mq;1132.000000;mq;mq;mq;mq;mq;mq;mq;mq;mq;mq;mq;mq;mq;mq;mq;
67005;20110921210000;101620;mq;mq;340;1.500000;297.250000;295.650000;91;mq;0;mq;mq;mq;mq;mq;mq;mq;mq;mq;mq;mq;80;mq;mq;mq;mq;mq;mq;mq;mq;1.500000;-10;mq;mq;mq;mq;0.000000;0.000000;mq;mq;mq;710.000000;1102.000000;mq;mq;mq;mq;mq;mq;mq;mq;mq;mq;mq;mq;mq;mq;
71805;20110921210000;101790;80;3;280;9.800000;287.250000;285.250000;88;30000;2;1;1;10;1;450;31;20;10;101710;mq;mq;mq;mq;mq;mq;mq;mq;mq;mq;mq;13.900000;-10;mq;mq;0.000000;-30;0.000000;0.000000;mq;mq;mq;710.000000;1114.000000;3100.000000;mq;1;8;480;mq;mq;mq;mq;mq;mq;mq;mq;mq;
78897;20110921210000;101310;50;1;120;2.600000;301.150000;297.150000;79;10000;2;1;1;75;3;800;33;24;12;mq;mq;mq;80;mq;mq;mq;mq;mq;mq;mq;mq;mq;mq;mq;mq;mq;mq;mq;mq;mq;mq;mq;mq;mq;mq;mq;3;8;690;3;3;4800;mq;mq;mq;mq;mq;mq;
78922;20110921210000;101280;20;3;40;3.100000;299.050000;296.750000;87;mq;mq;mq;mq;mq;mq;mq;mq;mq;mq;100840;mq;mq;mq;mq;mq;mq;mq;mq;mq;mq;mq;mq;mq;mq;mq;mq;mq;mq;mq;mq;mq;mq;mq;mq;mq;mq;mq;mq;mq;mq;mq;mq;mq;mq;mq;mq;mq;mq;
78925;20110921210000;101230;0;5;0;0.000000;301.150000;298.350000;85;20000;15;8;6;75;5;800;39;20;12;mq;mq;mq;50;mq;mq;mq;mq;mq;mq;mq;mq;mq;mq;mq;mq;mq;mq;mq;mq;mq;mq;mq;mq;mq;mq;mq;1;9;600;4;8;750;5;0;7800;mq;mq;mq;
81401;20110921210000;101000;mq;mq;70;1.500000;300.850000;297.250000;81;mq;mq;mq;mq;mq;mq;mq;mq;mq;mq;100940;mq;mq;mq;mq;mq;mq;mq;mq;mq;mq;mq;mq;mq;mq;mq;mq;mq;mq;0.000000;mq;mq;mq;mq;mq;mq;mq;mq;mq;mq;mq;mq;mq;mq;mq;mq;mq;mq;mq;
81405;20110921210000;101050;mq;mq;90;3.100000;302.050000;297.650000;77;45000;0;mq;mq;mq;mq;mq;mq;mq;mq;100960;mq;mq;mq;mq;mq;mq;mq;mq;mq;mq;mq;mq;mq;mq;mq;mq;mq;mq;0.000000;mq;mq;mq;mq;mq;mq;mq;mq;mq;mq;mq;mq;mq;mq;mq;mq;mq;mq;mq;
81408;20110921210000;101020;mq;mq;140;1.000000;297.850000;296.050000;90;mq;mq;mq;mq;mq;mq;mq;mq;mq;mq;100940;mq;mq;mq;mq;mq;mq;mq;mq;mq;mq;mq;mq;mq;mq;mq;mq;mq;mq;2.000000;mq;mq;mq;mq;mq;mq;mq;mq;mq;mq;mq;mq;mq;mq;mq;mq;mq;mq;mq;
89642;20110921210000;98730;-180;6;140;19.000000;260.450000;258.150000;81;mq;mq;mq;mq;mq;mq;mq;mq;mq;mq;98180;mq;mq;mq;mq;mq;mq;mq;mq;mq;mq;25.700000;31.900000;-30;mq;mq;mq;mq;mq;mq;mq;mq;mq;1026.000000;1132.000000;mq;mq;mq;mq;mq;mq;mq;mq;mq;mq;mq;mq;mq;mq;
07005;20110922000000;102030;0;5;250;3.600000;286.350000;283.550000;83;mq;mq;mq;mq;mq;mq;mq;mq;mq;mq;101140;mq;mq;mq;mq;mq;mq;mq;mq;mq;mq;mq;7.200000;-10;mq;mq;mq;mq;0.000000;0.000000;0.000000;mq;mq;710.000000;1107.000000;mq;mq;mq;mq;mq;mq;mq;mq;mq;mq;mq;mq;mq;mq;
07015;20110922000000;101960;0;4;260;5.100000;286.550000;284.050000;85;40000;1;6;1;25;2;1250;35;20;10;101390;mq;mq;mq;mq;mq;mq;mq;mq;mq;mq;mq;8.200000;-10;mq;mq;0.000000;-60;0.000000;0.000000;0.000000;mq;mq;710.000000;1108.000000;3100.000000;mq;2;6;1320;mq;mq;mq;mq;mq;mq;mq;mq;mq;
07020;20110922000000;102160;0;0;260;8.200000;288.450000;285.350000;82;mq;mq;mq;mq;mq;mq;mq;mq;mq;mq;101900;mq;mq;mq;mq;mq;mq;mq;mq;mq;mq;mq;10.800000;-10;mq;mq;mq;mq;0.000000;0.000000;0.000000;mq;mq;710.000000;1111.000000;mq;mq;mq;mq;mq;mq;mq;mq;mq;mq;mq;mq;mq;mq;
07027;20110922000000;102200;-10;8;230;3.100000;283.750000;282.350000;91;60000;0;mq;mq;mq;mq;mq;mq;mq;mq;101380;mq;mq;mq;mq;mq;mq;mq;mq;mq;mq;mq;4.600000;-10;mq;mq;mq;mq;0.000000;0.000000;0.000000;mq;mq;710.000000;1105.000000;mq;mq;mq;mq;mq;mq;mq;mq;mq;mq;mq;mq;mq;mq;
07037;20110922000000;102140;30;3;270;2.100000;286.750000;285.350000;91;23000;0;mq;mq;100;mq;450;mq;mq;mq;100320;mq;mq;mq;mq;mq;mq;mq;mq;mq;mq;mq;7.200000;-10;mq;mq;mq;mq;0.000000;0.000000;0.200000;mq;mq;710.000000;1107.000000;mq;mq;mq;mq;mq;mq;mq;mq;mq;mq;mq;mq;mq;mq;
07110;20110922000000;102330;10;4;240;2.100000;283.050000;282.250000;95;40000;0;mq;mq;mq;mq;mq;mq;mq;mq;101170;mq;mq;mq;mq;mq;mq;mq;mq;mq;mq;mq;2.600000;-10;mq;mq;mq;mq;0.000000;0.000000;0.000000;mq;mq;710.000000;1103.000000;mq;mq;mq;mq;mq;mq;mq;mq;mq;mq;mq;mq;mq;mq;
07117;20110922000000;102260;-20;6;230;4.100000;284.250000;282.850000;91;20000;2;1;1;10;0;8000;30;20;11;101550;mq;mq;mq;mq;mq;mq;mq;mq;mq;mq;mq;6.200000;-10;mq;mq;mq;mq;0.000000;0.000000;0.000000;mq;mq;710.000000;1106.000000;2428.000000;mq;mq;mq;mq;mq;mq;mq;mq;mq;mq;mq;mq;mq;
07130;20110922000000;102290;0;4;300;1.500000;285.750000;284.450000;92;35000;0;mq;mq;100;mq;800;mq;mq;mq;101770;mq;mq;mq;mq;mq;mq;mq;mq;mq;mq;mq;2.600000;-10;mq;mq;mq;mq;0.000000;0.000000;0.000000;mq;mq;710.000000;1103.000000;mq;mq;mq;mq;mq;mq;mq;mq;mq;mq;mq;mq;mq;mq;
07139;20110922000000;102190;30;3;310;3.100000;287.650000;284.950000;84;mq;mq;mq;mq;mq;mq;mq;mq;mq;mq;100470;mq;mq;mq;mq;mq;mq;mq;mq;mq;mq;mq;6.700000;-10;mq;mq;mq;mq;0.000000;0.000000;0.000000;mq;mq;710.000000;1107.000000;mq;mq;mq;mq;mq;mq;mq;mq;mq;mq;mq;mq;mq;mq;
07149;20110922000000;102090;-30;7;250;2.600000;289.350000;285.350000;77;20000;2;1;1;90;7;1250;35;61;60;101020;mq;mq;mq;mq;mq;mq;mq;mq;mq;mq;mq;4.100000;-10;mq;mq;0.000000;-60;0.000000;0.000000;0.000000;mq;mq;710.000000;1104.000000;3100.000000;mq;7;6;1170;mq;mq;mq;mq;mq;mq;mq;mq;mq;
07168;20110922000000;102170;10;0;0;0.000000;282.150000;281.050000;93;17000;0;mq;mq;mq;mq;mq;mq;mq;mq;100730;mq;mq;mq;mq;mq;mq;mq;mq;mq;mq;mq;1.000000;-10;mq;mq;mq;mq;0.000000;0.000000;0.000000;mq;mq;710.000000;1101.000000;mq;mq;mq;mq;mq;mq;mq;mq;mq;mq;mq;mq;mq;mq;
07181;20110922000000;102150;-10;5;200;1.000000;284.550000;283.250000;92;50000;0;mq;mq;mq;mq;mq;mq;mq;mq;98070;mq;mq;mq;mq;mq;mq;mq;mq;mq;mq;mq;2.600000;-10;mq;mq;mq;mq;0.000000;0.000000;0.000000;mq;mq;710.000000;1103.000000;mq;mq;mq;mq;mq;mq;mq;mq;mq;mq;mq;mq;mq;mq;
07190;20110922000000;102120;-10;5;200;1.000000;283.050000;281.950000;93;8000;0;mq;mq;mq;mq;mq;mq;mq;mq;100290;mq;mq;mq;mq;mq;mq;mq;mq;mq;mq;mq;1.500000;-10;mq;mq;mq;mq;0.000000;0.000000;0.000000;mq;mq;710.000000;1102.000000;mq;mq;mq;mq;mq;mq;mq;mq;mq;mq;mq;mq;mq;mq;
07207;20110922000000;mq;mq;mq;10;4.100000;285.950000;282.050000;77;20000;2;1;1;50;4;3500;30;27;10;mq;mq;mq;mq;mq;mq;mq;mq;mq;mq;mq;mq;8.200000;-10;mq;mq;mq;mq;0.000000;0.000000;0.000000;mq;mq;710.000000;1108.000000;2428.000000;mq;mq;mq;mq;mq;mq;mq;mq;mq;mq;mq;mq;mq;
07222;20110922000000;102230;-40;6;320;1.000000;288.250000;286.750000;91;19000;0;mq;mq;mq;mq;1250;mq;mq;mq;101920;mq;mq;mq;mq;mq;mq;mq;mq;mq;mq;mq;3.100000;-10;mq;mq;mq;mq;0.000000;0.000000;0.000000;mq;mq;710.000000;1103.000000;mq;mq;mq;mq;mq;mq;mq;mq;mq;mq;mq;mq;mq;mq;
07240;20110922000000;102210;-10;8;270;0.500000;285.150000;283.850000;92;30000;2;1;1;75;0;8000;30;20;11;100860;mq;mq;mq;mq;mq;mq;mq;mq;mq;mq;mq;2.100000;-10;mq;mq;0.000000;-60;0.000000;0.000000;0.000000;mq;mq;710.000000;1102.000000;3100.000000;mq;6;0;7500;mq;mq;mq;mq;mq;mq;mq;mq;mq;
07255;20110922000000;102210;30;1;340;1.000000;285.650000;284.750000;94;20000;0;mq;mq;mq;mq;mq;mq;mq;mq;100220;mq;mq;mq;mq;mq;mq;mq;mq;mq;mq;mq;2.600000;-10;mq;mq;mq;mq;0.000000;0.000000;0.000000;mq;mq;710.000000;1103.000000;mq;mq;mq;mq;mq;mq;mq;mq;mq;mq;mq;mq;mq;mq;
07280;20110922000000;102130;-10;5;330;3.100000;285.450000;282.950000;85;55000;0;mq;mq;mq;mq;mq;mq;mq;mq;99410;mq;mq;mq;mq;mq;mq;mq;mq;mq;mq;mq;4.100000;-10;mq;mq;mq;mq;0.000000;0.000000;0.000000;mq;mq;710.000000;1104.000000;mq;mq;mq;mq;mq;mq;mq;mq;mq;mq;mq;mq;mq;mq;
07299;20110922000000;102180;20;3;150;0.500000;281.950000;281.450000;97;16000;0;mq;mq;mq;mq;mq;mq;mq;mq;98880;mq;mq;mq;mq;mq;mq;mq;mq;mq;mq;mq;1.500000;-10;mq;mq;mq;mq;0.000000;0.000000;0.000000;mq;mq;710.000000;1102.000000;mq;mq;mq;mq;mq;mq;mq;mq;mq;mq;mq;mq;mq;mq;
07314;20110922000000;102270;0;0;360;5.100000;290.450000;287.150000;81;mq;mq;mq;mq;mq;mq;mq;mq;mq;mq;102000;mq;mq;mq;mq;mq;mq;mq;mq;mq;mq;mq;7.200000;-10;mq;mq;mq;mq;0.000000;0.000000;0.000000;mq;mq;710.000000;1107.000000;mq;mq;mq;mq;mq;mq;mq;mq;mq;mq;mq;mq;mq;mq;
07335;20110922000000;102270;40;1;330;1.000000;285.350000;283.950000;91;23000;0;mq;mq;mq;mq;mq;mq;mq;mq;100820;mq;mq;mq;mq;mq;mq;mq;mq;mq;mq;mq;3.100000;-10;mq;mq;mq;mq;0.000000;0.000000;0.000000;mq;mq;710.000000;1103.000000;mq;mq;mq;mq;mq;mq;mq;mq;mq;mq;mq;mq;mq;mq;
07434;20110922000000;102140;0;4;10;3.600000;287.950000;284.150000;78;60000;0;mq;mq;mq;mq;mq;mq;mq;mq;97420;mq;mq;mq;mq;mq;mq;mq;mq;mq;mq;mq;6.200000;-10;mq;mq;mq;mq;0.000000;0.000000;0.000000;mq;mq;710.000000;1106.000000;mq;mq;mq;mq;mq;mq;mq;mq;mq;mq;mq;mq;mq;mq;
07460;20110922000000;102200;20;0;0;0.000000;283.550000;282.350000;92;30000;0;mq;mq;mq;mq;mq;mq;mq;mq;98300;mq;mq;mq;mq;mq;mq;mq;mq;mq;mq;mq;1.000000;-10;mq;mq;mq;mq;0.000000;0.000000;0.000000;mq;mq;710.000000;1101.000000;mq;mq;mq;mq;mq;mq;mq;mq;mq;mq;mq;mq;mq;mq;
07471;20110922000000;mq;-20;8;230;1.500000;280.150000;279.450000;95;20000;0;mq;mq;mq;mq;mq;mq;mq;mq;92580;85000;18040;mq;mq;mq;mq;mq;mq;mq;mq;mq;2.600000;-10;mq;mq;mq;mq;0.000000;0.000000;0.000000;mq;mq;710.000000;1103.000000;mq;mq;mq;mq;mq;mq;mq;mq;mq;mq;mq;mq;mq;mq;
07481;20110922000000;102100;30;3;0;0.000000;285.950000;283.450000;85;20000;2;1;1;0;mq;mq;mq;mq;mq;99240;mq;mq;mq;mq;mq;mq;mq;mq;mq;mq;mq;1.500000;-10;mq;mq;0.000000;-60;0.000000;0.000000;0.000000;mq;mq;710.000000;1102.000000;3100.000000;mq;mq;mq;mq;mq;mq;mq;mq;mq;mq;mq;mq;mq;
07510;20110922000000;102170;10;1;360;1.500000;287.850000;287.250000;96;30000;2;1;1;0;mq;mq;mq;mq;mq;101520;mq;mq;mq;mq;mq;mq;mq;mq;mq;mq;mq;4.100000;-10;mq;mq;0.000000;-60;0.000000;0.000000;0.000000;mq;mq;710.000000;1104.000000;3100.000000;mq;mq;mq;mq;mq;mq;mq;mq;mq;mq;mq;mq;mq;
07535;20110922000000;102120;10;1;120;1.500000;284.550000;283.750000;95;mq;mq;mq;mq;mq;mq;mq;mq;mq;mq;99000;mq;mq;mq;mq;mq;mq;mq;mq;mq;mq;mq;2.600000;-10;mq;mq;mq;mq;0.000000;0.000000;0.000000;mq;mq;710.000000;1103.000000;mq;mq;mq;mq;mq;mq;mq;mq;mq;mq;mq;mq;mq;mq;
07558;20110922000000;102050;20;2;280;1.500000;286.950000;284.450000;85;mq;mq;mq;mq;mq;mq;mq;mq;mq;mq;93820;mq;mq;mq;mq;mq;mq;mq;mq;mq;mq;mq;3.600000;-10;mq;mq;mq;mq;0.000000;0.000000;0.000000;mq;mq;710.000000;1104.000000;mq;mq;mq;mq;mq;mq;mq;mq;mq;mq;mq;mq;mq;mq;
07577;20110922000000;101930;-20;8;40;4.100000;289.450000;283.950000;70;20000;0;mq;mq;mq;mq;mq;mq;mq;mq;101050;mq;mq;mq;mq;mq;mq;mq;mq;mq;mq;mq;6.700000;-10;mq;mq;mq;mq;0.000000;0.000000;0.000000;mq;mq;710.000000;1107.000000;mq;mq;mq;mq;mq;mq;mq;mq;mq;mq;mq;mq;mq;mq;
07591;20110922000000;mq;-10;6;0;0.000000;284.650000;279.950000;73;mq;0;mq;mq;mq;mq;mq;mq;mq;mq;91980;mq;mq;mq;mq;mq;mq;mq;mq;mq;mq;mq;1.500000;-10;mq;mq;mq;mq;0.000000;0.000000;0.000000;mq;mq;710.000000;1102.000000;mq;mq;mq;mq;mq;mq;mq;mq;mq;mq;mq;mq;mq;mq;
07607;20110922000000;102160;90;3;250;1.500000;287.050000;285.050000;88;55000;0;mq;mq;75;mq;mq;mq;mq;mq;101450;mq;mq;mq;mq;mq;mq;mq;mq;mq;mq;mq;1.500000;-10;mq;mq;mq;mq;0.000000;0.000000;0.000000;mq;mq;710.000000;1102.000000;mq;mq;mq;mq;mq;mq;mq;mq;mq;mq;mq;mq;mq;mq;
07621;20110922000000;102160;50;2;250;2.100000;288.450000;287.150000;92;25000;2;1;1;25;2;1250;35;20;10;97900;mq;mq;mq;mq;mq;mq;mq;mq;mq;mq;mq;4.100000;-10;mq;mq;0.000000;-60;0.000000;0.000000;0.000000;mq;mq;710.000000;1104.000000;3100.000000;mq;2;6;1200;mq;mq;mq;mq;mq;mq;mq;mq;mq;
07627;20110922000000;102180;20;0;210;1.000000;284.850000;283.550000;92;mq;mq;mq;mq;mq;mq;mq;mq;mq;mq;97310;mq;mq;mq;mq;mq;mq;mq;mq;mq;mq;mq;1.500000;-10;mq;mq;mq;mq;0.000000;0.000000;0.000000;mq;mq;710.000000;1102.000000;mq;mq;mq;mq;mq;mq;mq;mq;mq;mq;mq;mq;mq;mq;
07630;20110922000000;102060;40;1;180;1.500000;287.450000;284.450000;82;55000;0;mq;mq;mq;mq;mq;mq;mq;mq;100270;mq;mq;mq;mq;mq;mq;mq;mq;mq;mq;mq;2.100000;-10;mq;mq;mq;mq;0.000000;0.000000;0.000000;mq;mq;710.000000;1102.000000;mq;mq;mq;mq;mq;mq;mq;mq;mq;mq;mq;mq;mq;mq;
07643;20110922000000;101880;20;1;330;2.100000;288.350000;284.550000;78;50000;2;1;1;0;mq;mq;mq;mq;mq;101780;mq;mq;mq;mq;mq;mq;mq;mq;mq;mq;mq;2.600000;-10;mq;mq;mq;mq;0.000000;0.000000;0.000000;mq;mq;710.000000;1103.000000;mq;mq;mq;mq;mq;mq;mq;mq;mq;mq;mq;mq;mq;mq;
07650;20110922000000;101770;-50;8;110;1.000000;287.550000;285.250000;86;45000;0;mq;mq;mq;mq;mq;mq;mq;mq;101390;mq;mq;mq;mq;mq;mq;mq;mq;mq;mq;mq;3.100000;-10;mq;mq;mq;mq;0.000000;0.000000;0.000000;mq;mq;710.000000;1103.000000;mq;mq;mq;mq;mq;mq;mq;mq;mq;mq;mq;mq;mq;mq;
07661;20110922000000;101720;-20;8;320;3.100000;290.750000;284.350000;66;mq;mq;mq;mq;mq;mq;mq;mq;mq;mq;100140;mq;mq;mq;mq;mq;mq;mq;mq;mq;mq;mq;4.100000;-10;mq;mq;mq;mq;0.000000;0.000000;0.000000;mq;mq;710.000000;1104.000000;mq;mq;mq;mq;mq;mq;mq;mq;mq;mq;mq;mq;mq;mq;
07690;20110922000000;101720;-60;6;330;3.100000;293.050000;282.050000;49;50000;2;1;1;50;0;8000;30;20;12;101390;mq;mq;mq;mq;mq;mq;mq;mq;mq;mq;mq;5.100000;-10;mq;mq;0.000000;-60;0.000000;0.000000;0.000000;mq;mq;710.000000;1105.000000;3100.000000;mq;4;0;7800;mq;mq;mq;mq;mq;mq;mq;mq;mq;
07747;20110922000000;101870;10;3;240;1.500000;289.550000;285.750000;78;20000;0;mq;mq;mq;mq;mq;mq;mq;mq;101350;mq;mq;mq;mq;mq;mq;mq;mq;mq;mq;mq;3.600000;-10;mq;mq;mq;mq;0.000000;0.000000;0.000000;mq;mq;710.000000;1104.000000;mq;mq;mq;mq;mq;mq;mq;mq;mq;mq;mq;mq;mq;mq;
07761;20110922000000;101840;-30;5;50;3.100000;286.850000;282.250000;74;20000;2;1;1;90;0;8000;30;20;11;101730;mq;mq;mq;mq;mq;mq;mq;mq;mq;mq;mq;4.100000;-10;mq;mq;0.000000;-60;0.000000;0.000000;0.000000;mq;mq;710.000000;1104.000000;3100.000000;mq;7;0;7800;mq;mq;mq;mq;mq;mq;mq;mq;mq;
07790;20110922000000;101670;-50;7;220;6.200000;292.350000;279.150000;42;60000;0;mq;mq;mq;mq;mq;mq;mq;mq;101530;mq;mq;mq;mq;mq;mq;mq;mq;mq;mq;mq;8.700000;-10;mq;mq;mq;mq;0.000000;0.000000;0.000000;mq;mq;710.000000;1109.000000;mq;mq;mq;mq;mq;mq;mq;mq;mq;mq;mq;mq;mq;mq;
61968;20110922000000;101450;mq;mq;90;6.200000;298.550000;294.050000;76;mq;mq;mq;mq;mq;mq;mq;mq;mq;mq;mq;mq;mq;20;mq;mq;mq;mq;mq;mq;mq;mq;12.900000;-10;mq;mq;mq;mq;0.000000;mq;0.000000;mq;mq;710.000000;1113.000000;mq;mq;mq;mq;mq;mq;mq;mq;mq;mq;mq;mq;mq;mq;
61970;20110922000000;101570;mq;mq;mq;mq;298.550000;297.150000;92;mq;mq;mq;mq;mq;mq;mq;mq;mq;mq;mq;mq;mq;mq;mq;mq;mq;mq;mq;mq;mq;mq;mq;mq;mq;mq;mq;mq;0.000000;mq;0.000000;mq;mq;mq;mq;mq;mq;mq;mq;mq;mq;mq;mq;mq;mq;mq;mq;mq;mq;
61972;20110922000000;101870;mq;mq;150;4.100000;295.550000;293.450000;88;mq;mq;mq;mq;mq;mq;mq;mq;mq;mq;mq;mq;mq;270;mq;mq;mq;mq;mq;mq;mq;mq;9.300000;-10;mq;mq;mq;mq;0.000000;mq;0.000000;mq;mq;710.000000;1109.000000;mq;mq;mq;mq;mq;mq;mq;mq;mq;mq;mq;mq;mq;mq;
61980;20110922000000;102060;mq;mq;190;3.100000;294.850000;292.050000;84;10000;2;1;1;60;5;800;38;20;10;mq;mq;mq;mq;mq;mq;mq;mq;mq;mq;mq;mq;4.600000;-10;mq;mq;mq;mq;0.000000;mq;0.000000;mq;mq;710.000000;1105.000000;mq;mq;1;8;690;5;6;1500;mq;mq;mq;mq;mq;mq;
67005;20110922000000;101490;mq;mq;0;0.000000;297.350000;295.450000;89;mq;0;mq;mq;mq;mq;mq;mq;mq;mq;mq;mq;mq;10;mq;mq;mq;mq;mq;mq;mq;mq;0.500000;-10;mq;mq;mq;mq;0.000000;mq;0.000000;mq;mq;710.000000;1101.000000;mq;mq;mq;mq;mq;mq;mq;mq;mq;mq;mq;mq;mq;mq;
71805;20110922000000;101970;180;3;280;9.300000;286.150000;285.050000;93;30000;2;1;1;10;1;450;31;20;11;101890;mq;mq;mq;mq;mq;mq;mq;mq;mq;mq;mq;13.400000;-10;mq;mq;0.000000;-60;0.000000;0.000000;0.000000;mq;mq;710.000000;1113.000000;3100.000000;mq;1;8;360;mq;mq;mq;mq;mq;mq;mq;mq;mq;
78897;20110922000000;101460;150;2;80;2.100000;299.950000;297.050000;84;10000;2;1;1;75;2;800;38;24;13;mq;mq;mq;130;296.550000;mq;304.150000;mq;mq;mq;mq;mq;mq;mq;mq;mq;mq;mq;mq;mq;0.000000;mq;5.800000;mq;mq;mq;mq;2;8;600;6;0;7800;mq;mq;mq;mq;mq;mq;
78922;20110922000000;101380;100;2;110;7.700000;300.950000;297.150000;80;mq;mq;mq;mq;mq;mq;mq;mq;mq;mq;100940;mq;mq;mq;mq;mq;mq;mq;mq;mq;mq;mq;mq;mq;mq;mq;mq;mq;mq;mq;mq;mq;mq;mq;mq;mq;mq;mq;mq;mq;mq;mq;mq;mq;mq;mq;mq;mq;mq;
78925;20110922000000;101390;160;1;50;3.100000;299.750000;297.750000;89;20000;1;8;6;60;3;800;32;20;12;mq;mq;mq;110;297.250000;mq;305.350000;mq;mq;mq;mq;mq;mq;mq;mq;mq;mq;mq;mq;mq;0.600000;mq;3.400000;mq;mq;mq;mq;3;8;750;4;0;7800;mq;mq;mq;mq;mq;mq;
81401;20110922000000;101240;mq;mq;0;0.000000;298.450000;297.050000;92;mq;mq;mq;mq;mq;mq;mq;mq;mq;mq;101180;mq;mq;mq;mq;mq;306.150000;mq;mq;mq;mq;mq;mq;mq;mq;mq;mq;mq;mq;0.000000;0.000000;mq;mq;mq;mq;mq;mq;mq;mq;mq;mq;mq;mq;mq;mq;mq;mq;mq;mq;
81405;20110922000000;101250;mq;mq;0;0.000000;299.650000;297.350000;87;45000;0;mq;mq;mq;mq;mq;mq;mq;mq;101160;mq;mq;mq;mq;mq;305.850000;mq;mq;mq;mq;mq;mq;mq;mq;mq;mq;mq;mq;0.000000;0.000000;mq;mq;mq;mq;mq;mq;mq;mq;mq;mq;mq;mq;mq;mq;mq;mq;mq;mq;
81408;20110922000000;101220;mq;mq;0;0.000000;296.950000;296.150000;95;mq;mq;mq;mq;mq;mq;mq;mq;mq;mq;101140;mq;mq;mq;mq;mq;308.250000;mq;mq;mq;mq;mq;mq;mq;mq;mq;mq;mq;mq;0.000000;2.000000;mq;mq;mq;mq;mq;mq;mq;mq;mq;mq;mq;mq;mq;mq;mq;mq;mq;mq;
89642;20110922000000;98580;-150;6;140;15.900000;261.250000;259.250000;83;800;70;7;7;100;7;1750;35;61;60;98030;mq;mq;mq;258.750000;mq;261.750000;mq;mq;mq;mq;24.700000;31.900000;-60;mq;mq;mq;mq;mq;mq;mq;mq;mq;1025.000000;1132.000000;mq;mq;7;6;1500;mq;mq;mq;mq;mq;mq;mq;mq;mq;
07005;20110922030000;102030;-10;8;210;3.600000;285.050000;283.650000;91;mq;mq;mq;mq;mq;mq;mq;mq;mq;mq;101130;mq;mq;mq;mq;mq;mq;mq;mq;mq;mq;mq;4.600000;-10;mq;mq;mq;mq;0.000000;0.000000;mq;mq;mq;710.000000;1105.000000;mq;mq;mq;mq;mq;mq;mq;mq;mq;mq;mq;mq;mq;mq;
07015;20110922030000;101970;10;2;240;3.600000;285.450000;283.150000;86;30000;0;mq;mq;75;6;1250;35;20;10;101400;mq;mq;mq;mq;mq;mq;mq;mq;mq;mq;mq;5.700000;-10;mq;mq;0.000000;-30;0.000000;0.000000;mq;mq;mq;710.000000;1106.000000;3100.000000;mq;6;6;1440;mq;mq;mq;mq;mq;mq;mq;mq;mq;
07020;20110922030000;102160;0;5;280;6.700000;288.350000;285.450000;83;mq;mq;mq;mq;mq;mq;mq;mq;mq;mq;101900;mq;mq;mq;mq;mq;mq;mq;mq;mq;mq;mq;10.300000;-10;mq;mq;mq;mq;0.000000;0.000000;mq;mq;mq;710.000000;1110.000000;mq;mq;mq;mq;mq;mq;mq;mq;mq;mq;mq;mq;mq;mq;
07027;20110922030000;102200;0;0;210;3.600000;282.350000;281.550000;95;50000;0;mq;mq;mq;mq;1250;mq;mq;mq;101380;mq;mq;mq;mq;mq;mq;mq;mq;mq;mq;mq;4.600000;-10;mq;mq;mq;mq;0.000000;0.000000;mq;mq;mq;710.000000;1105.000000;mq;mq;mq;mq;mq;mq;mq;mq;mq;mq;mq;mq;mq;mq;
07037;20110922030000;102170;10;2;260;2.600000;283.750000;282.950000;95;23000;0;mq;mq;mq;mq;mq;mq;mq;mq;100330;mq;mq;mq;mq;mq;mq;mq;mq;mq;mq;mq;4.600000;-10;mq;mq;mq;mq;0.000000;0.000000;mq;mq;mq;710.000000;1105.000000;mq;mq;mq;mq;mq;mq;mq;mq;mq;mq;mq;mq;mq;mq;
07110;20110922030000;102290;-30;6;230;2.600000;284.650000;284.150000;97;20000;2;1;1;50;4;800;35;20;10;101140;mq;mq;mq;mq;mq;mq;mq;mq;mq;mq;mq;2.600000;-10;mq;mq;mq;mq;0.000000;0.000000;mq;mq;mq;710.000000;1103.000000;mq;mq;3;6;660;mq;mq;mq;mq;mq;mq;mq;mq;mq;
07117;20110922030000;102240;-20;8;230;4.100000;284.550000;283.650000;94;20000;2;1;1;10;0;8000;30;20;11;101530;mq;mq;mq;mq;mq;mq;mq;mq;mq;mq;mq;6.200000;-10;mq;mq;mq;mq;0.000000;0.000000;mq;mq;mq;710.000000;1106.000000;2428.000000;mq;mq;mq;mq;mq;mq;mq;mq;mq;mq;mq;mq;mq;
07130;20110922030000;102300;0;4;270;1.500000;282.250000;281.750000;97;20000;0;mq;mq;mq;mq;mq;mq;mq;mq;101770;mq;mq;mq;mq;mq;mq;mq;mq;mq;mq;mq;2.100000;-10;mq;mq;mq;mq;0.000000;0.000000;mq;mq;mq;710.000000;1102.000000;mq;mq;mq;mq;mq;mq;mq;mq;mq;mq;mq;mq;mq;mq;
07139;20110922030000;102230;20;2;10;0.500000;284.250000;281.850000;85;mq;mq;mq;mq;mq;mq;mq;mq;mq;mq;100490;mq;mq;mq;mq;mq;mq;mq;mq;mq;mq;mq;3.100000;-10;mq;mq;mq;mq;0.000000;0.000000;mq;mq;mq;710.000000;1103.000000;mq;mq;mq;mq;mq;mq;mq;mq;mq;mq;mq;mq;mq;mq;
07149;20110922030000;102120;30;2;320;3.100000;288.850000;285.550000;81;17000;2;1;1;90;7;450;35;61;60;101050;mq;mq;mq;mq;mq;mq;mq;mq;mq;mq;mq;4.600000;-10;mq;mq;0.000000;-30;0.000000;0.000000;mq;mq;mq;710.000000;1105.000000;3100.000000;mq;3;6;450;7;6;600;mq;mq;mq;mq;mq;mq;
07168;20110922030000;102140;-20;5;100;0.500000;283.850000;282.950000;94;17000;0;mq;mq;mq;mq;mq;mq;mq;mq;100710;mq;mq;mq;mq;mq;mq;mq;mq;mq;mq;mq;1.500000;-10;mq;mq;mq;mq;0.000000;0.000000;mq;mq;mq;710.000000;1102.000000;mq;mq;mq;mq;mq;mq;mq;mq;mq;mq;mq;mq;mq;mq;
07181;20110922030000;102130;-30;5;230;2.100000;283.850000;282.950000;94;35000;0;mq;mq;mq;mq;1250;mq;mq;mq;98040;mq;mq;mq;mq;mq;mq;mq;mq;mq;mq;mq;3.100000;-10;mq;mq;mq;mq;0.000000;0.000000;mq;mq;mq;710.000000;1103.000000;mq;mq;mq;mq;mq;mq;mq;mq;mq;mq;mq;mq;mq;mq;
07190;20110922030000;102110;-10;7;340;0.500000;282.850000;281.650000;92;16000;0;mq;mq;mq;mq;mq;mq;mq;mq;100280;mq;mq;mq;mq;mq;mq;mq;mq;mq;mq;mq;2.100000;-10;mq;mq;mq;mq;0.000000;0.000000;mq;mq;mq;710.000000;1102.000000;mq;mq;mq;mq;mq;mq;mq;mq;mq;mq;mq;mq;mq;mq;
07207;20110922030000;mq;mq;mq;20;3.100000;284.450000;281.350000;81;20000;2;1;1;50;4;3500;30;27;10;mq;mq;mq;mq;mq;mq;mq;mq;mq;mq;mq;mq;4.600000;-10;mq;mq;mq;mq;0.000000;0.000000;mq;mq;mq;710.000000;1105.000000;2428.000000;mq;mq;mq;mq;mq;mq;mq;mq;mq;mq;mq;mq;mq;
07222;20110922030000;102250;20;3;20;2.600000;287.350000;284.150000;81;20000;2;1;1;90;7;800;35;61;60;101940;mq;mq;mq;mq;mq;mq;mq;mq;mq;mq;mq;5.700000;-10;mq;mq;mq;mq;0.000000;0.000000;mq;mq;mq;710.000000;1106.000000;mq;mq;7;6;780;mq;mq;mq;mq;mq;mq;mq;mq;mq;
07240;20110922030000;102190;-10;7;280;1.000000;286.950000;284.850000;87;30000;2;mq;mq;90;7;800;35;61;60;100850;mq;mq;mq;mq;mq;mq;mq;mq;mq;mq;mq;1.500000;-10;mq;mq;0.000000;-30;0.000000;0.000000;mq;mq;mq;710.000000;1102.000000;3100.000000;mq;7;6;930;mq;mq;mq;mq;mq;mq;mq;mq;mq;
07255;20110922030000;102180;-30;8;250;0.500000;285.750000;284.650000;93;18000;0;mq;mq;90;mq;800;mq;mq;mq;100190;mq;mq;mq;mq;mq;mq;mq;mq;mq;mq;mq;1.500000;-10;mq;mq;mq;mq;0.000000;0.000000;mq;mq;mq;710.000000;1102.000000;mq;mq;mq;mq;mq;mq;mq;mq;mq;mq;mq;mq;mq;mq;
07280;20110922030000;102130;-10;6;350;2.600000;284.450000;282.550000;88;28000;0;mq;mq;mq;mq;mq;mq;mq;mq;99400;mq;mq;mq;mq;mq;mq;mq;mq;mq;mq;mq;3.100000;-10;mq;mq;mq;mq;0.000000;0.000000;mq;mq;mq;710.000000;1103.000000;mq;mq;mq;mq;mq;mq;mq;mq;mq;mq;mq;mq;mq;mq;
07299;20110922030000;102180;-20;6;0;0.000000;280.250000;279.850000;97;9000;11;2;2;60;0;mq;30;20;12;98860;mq;mq;mq;mq;mq;mq;mq;mq;mq;mq;mq;1.000000;-10;mq;mq;0.000000;-30;0.000000;0.000000;mq;mq;mq;710.000000;1101.000000;3100.000000;mq;5;0;6900;mq;mq;mq;mq;mq;mq;mq;mq;mq;
07314;20110922030000;102270;0;4;10;4.600000;290.250000;287.850000;86;15000;2;1;1;60;0;8000;30;20;11;102000;mq;mq;mq;mq;mq;mq;mq;mq;mq;mq;mq;6.200000;-10;mq;mq;mq;mq;0.000000;0.000000;mq;mq;mq;710.000000;1106.000000;2437.000000;mq;5;0;6000;mq;mq;mq;mq;mq;mq;mq;mq;mq;
07335;20110922030000;102260;-20;5;300;1.000000;283.450000;282.850000;96;11000;0;mq;mq;mq;mq;1250;mq;mq;mq;100800;mq;mq;mq;mq;mq;mq;mq;mq;mq;mq;mq;2.600000;-10;mq;mq;mq;mq;0.000000;0.000000;mq;mq;mq;710.000000;1103.000000;mq;mq;mq;mq;mq;mq;mq;mq;mq;mq;mq;mq;mq;mq;
07434;20110922030000;102150;-20;6;20;2.100000;286.250000;283.750000;85;45000;0;mq;mq;mq;mq;mq;mq;mq;mq;97400;mq;mq;mq;mq;mq;mq;mq;mq;mq;mq;mq;3.600000;-10;mq;mq;mq;mq;0.000000;0.000000;mq;mq;mq;710.000000;1104.000000;mq;mq;mq;mq;mq;mq;mq;mq;mq;mq;mq;mq;mq;mq;
07460;20110922030000;102270;30;3;0;0.000000;281.250000;280.650000;96;20000;0;mq;mq;0;mq;mq;mq;mq;mq;98330;mq;mq;mq;mq;mq;mq;mq;mq;mq;mq;mq;1.000000;-10;mq;mq;0.000000;-30;0.000000;0.000000;mq;mq;mq;710.000000;1101.000000;3100.000000;mq;mq;mq;mq;mq;mq;mq;mq;mq;mq;mq;mq;mq;
07471;20110922030000;mq;10;4;0;0.000000;277.850000;277.450000;97;16000;0;mq;mq;mq;mq;mq;mq;mq;mq;92570;85000;18030;mq;mq;mq;mq;mq;mq;mq;mq;mq;2.100000;-10;mq;mq;mq;mq;0.000000;0.000000;mq;mq;mq;710.000000;1102.000000;mq;mq;mq;mq;mq;mq;mq;mq;mq;mq;mq;mq;mq;mq;
07481;20110922030000;102090;-30;7;110;2.100000;284.150000;282.450000;89;10000;2;1;1;10;0;8000;30;20;11;99210;mq;mq;mq;mq;mq;mq;mq;mq;mq;mq;mq;2.600000;-10;mq;mq;0.000000;-30;0.000000;0.000000;mq;mq;mq;710.000000;1103.000000;3100.000000;mq;1;0;7800;mq;mq;mq;mq;mq;mq;mq;mq;mq;
07510;20110922030000;102160;-10;7;300;0.500000;286.250000;286.250000;100;10000;11;0;0;0;mq;mq;mq;mq;mq;101510;mq;mq;mq;mq;mq;mq;mq;mq;mq;mq;mq;3.100000;-10;mq;mq;0.000000;-30;0.000000;0.000000;mq;mq;mq;710.000000;1103.000000;3100.000000;mq;mq;mq;mq;mq;mq;mq;mq;mq;mq;mq;mq;mq;
07535;20110922030000;102100;-30;7;20;1.000000;283.850000;283.550000;98;mq;mq;mq;mq;mq;mq;mq;mq;mq;mq;98970;mq;mq;mq;mq;mq;mq;mq;mq;mq;mq;mq;2.600000;-10;mq;mq;mq;mq;0.000000;0.000000;mq;mq;mq;710.000000;1103.000000;mq;mq;mq;mq;mq;mq;mq;mq;mq;mq;mq;mq;mq;mq;
07558;20110922030000;102060;-40;7;20;2.100000;285.250000;283.850000;91;mq;mq;mq;mq;mq;mq;mq;mq;mq;mq;93780;mq;mq;mq;mq;mq;mq;mq;mq;mq;mq;mq;2.600000;-10;mq;mq;mq;mq;0.000000;0.000000;mq;mq;mq;710.000000;1103.000000;mq;mq;mq;mq;mq;mq;mq;mq;mq;mq;mq;mq;mq;mq;
07577;20110922030000;101900;-30;5;10;4.600000;288.550000;283.950000;74;20000;0;mq;mq;mq;mq;mq;mq;mq;mq;101020;mq;mq;mq;mq;mq;mq;mq;mq;mq;mq;mq;9.300000;-10;mq;mq;mq;mq;0.000000;0.000000;mq;mq;mq;710.000000;1109.000000;mq;mq;mq;mq;mq;mq;mq;mq;mq;mq;mq;mq;mq;mq;
07591;20110922030000;mq;-50;8;40;3.600000;282.850000;279.550000;80;mq;0;mq;mq;mq;mq;mq;mq;mq;mq;91930;mq;mq;mq;mq;mq;mq;mq;mq;mq;mq;mq;5.100000;-10;mq;mq;mq;mq;0.000000;0.000000;mq;mq;mq;710.000000;1105.000000;mq;mq;mq;mq;mq;mq;mq;mq;mq;mq;mq;mq;mq;mq;
07607;20110922030000;102190;20;3;310;1.000000;285.050000;284.150000;94;17000;0;mq;mq;mq;mq;mq;mq;mq;mq;101470;mq;mq;mq;mq;mq;mq;mq;mq;mq;mq;mq;2.100000;-10;mq;mq;mq;mq;0.000000;0.000000;mq;mq;mq;710.000000;1102.000000;mq;mq;mq;mq;mq;mq;mq;mq;mq;mq;mq;mq;mq;mq;
07621;20110922030000;102150;0;0;240;2.100000;289.250000;287.750000;91;20000;2;mq;mq;90;7;450;36;61;60;97900;mq;mq;mq;mq;mq;mq;mq;mq;mq;mq;mq;3.600000;-10;mq;mq;0.000000;-30;0.000000;0.200000;mq;mq;mq;710.000000;1104.000000;3100.000000;mq;7;7;300;mq;mq;mq;mq;mq;mq;mq;mq;mq;
07627;20110922030000;102200;20;3;180;1.000000;284.850000;283.950000;94;mq;mq;mq;mq;mq;mq;mq;mq;mq;mq;97330;mq;mq;mq;mq;mq;mq;mq;mq;mq;mq;mq;1.500000;-10;mq;mq;mq;mq;0.000000;0.200000;mq;mq;mq;710.000000;1102.000000;mq;mq;mq;mq;mq;mq;mq;mq;mq;mq;mq;mq;mq;mq;
07630;20110922030000;102090;20;3;210;0.500000;285.750000;283.950000;89;40000;2;1;1;0;mq;mq;mq;mq;mq;100290;mq;mq;mq;mq;mq;mq;mq;mq;mq;mq;mq;3.600000;-10;mq;mq;0.000000;-30;0.000000;0.000000;mq;mq;mq;710.000000;1104.000000;3100.000000;mq;mq;mq;mq;mq;mq;mq;mq;mq;mq;mq;mq;mq;
07643;20110922030000;101840;-40;8;350;3.100000;287.450000;283.650000;78;50000;2;mq;mq;0;mq;mq;mq;mq;mq;101740;mq;mq;mq;mq;mq;mq;mq;mq;mq;mq;mq;3.100000;-10;mq;mq;mq;mq;0.000000;0.000000;mq;mq;mq;710.000000;1103.000000;mq;mq;mq;mq;mq;mq;mq;mq;mq;mq;mq;mq;mq;mq;
07650;20110922030000;101730;-50;8;150;2.600000;285.350000;283.750000;90;30000;2;1;1;10;0;8000;30;20;12;101340;mq;mq;mq;mq;mq;mq;mq;mq;mq;mq;mq;3.100000;-10;mq;mq;0.000000;-30;0.000000;0.000000;mq;mq;mq;710.000000;1103.000000;3100.000000;mq;1;0;7500;mq;mq;mq;mq;mq;mq;mq;mq;mq;
07661;20110922030000;101660;-70;8;60;2.100000;289.150000;284.150000;72;20000;2;1;1;0;mq;mq;mq;mq;mq;100070;mq;mq;mq;mq;mq;mq;mq;mq;mq;mq;mq;4.600000;-10;mq;mq;mq;mq;0.000000;0.000000;mq;mq;mq;710.000000;1105.000000;mq;mq;mq;mq;mq;mq;mq;mq;mq;mq;mq;mq;mq;mq;
07690;20110922030000;101660;-60;8;340;3.600000;292.250000;280.950000;48;50000;2;1;1;40;0;8000;30;20;12;101330;mq;mq;mq;mq;mq;mq;mq;mq;mq;mq;mq;5.100000;-10;mq;mq;0.000000;-30;0.000000;0.000000;mq;mq;mq;710.000000;1105.000000;3100.000000;mq;3;0;7800;mq;mq;mq;mq;mq;mq;mq;mq;mq;
07747;20110922030000;101870;-10;6;270;3.100000;288.050000;284.450000;79;20000;0;mq;mq;mq;mq;mq;mq;mq;mq;101340;mq;mq;mq;mq;mq;mq;mq;mq;mq;mq;mq;4.100000;-10;mq;mq;mq;mq;0.000000;0.000000;mq;mq;mq;710.000000;1104.000000;mq;mq;mq;mq;mq;mq;mq;mq;mq;mq;mq;mq;mq;mq;
07761;20110922030000;101780;-60;7;40;3.600000;286.850000;281.850000;72;20000;2;1;1;90;0;8000;30;20;16;101670;mq;mq;mq;mq;mq;mq;mq;mq;mq;mq;mq;4.600000;-10;mq;mq;0.000000;-30;0.000000;0.000000;mq;mq;mq;710.000000;1105.000000;3100.000000;mq;7;0;7800;mq;mq;mq;mq;mq;mq;mq;mq;mq;
07790;20110922030000;101640;-30;6;210;5.100000;291.050000;279.250000;46;40000;2;1;1;25;0;8000;30;20;12;101500;mq;mq;mq;mq;mq;mq;mq;mq;mq;mq;mq;7.700000;-10;mq;mq;0.000000;-30;0.000000;0.000000;mq;mq;mq;710.000000;1108.000000;3100.000000;mq;2;0;6900;mq;mq;mq;mq;mq;mq;mq;mq;mq;
61968;20110922030000;101530;mq;mq;100;5.700000;298.550000;294.250000;77;mq;mq;mq;mq;mq;mq;mq;mq;mq;mq;mq;mq;mq;0;mq;mq;mq;mq;mq;mq;mq;mq;13.900000;-10;mq;mq;mq;mq;0.000000;0.000000;mq;mq;mq;710.000000;1114.000000;mq;mq;mq;mq;mq;mq;mq;mq;mq;mq;mq;mq;mq;mq;
61970;20110922030000;101670;mq;mq;mq;mq;298.350000;296.250000;88;mq;mq;mq;mq;mq;mq;mq;mq;mq;mq;mq;mq;mq;mq;mq;mq;mq;mq;mq;mq;mq;mq;mq;mq;mq;mq;mq;mq;0.000000;0.000000;mq;mq;mq;mq;mq;mq;mq;mq;mq;mq;mq;mq;mq;mq;mq;mq;mq;mq;mq;
61972;20110922030000;101950;mq;mq;160;4.600000;295.750000;293.850000;89;mq;mq;mq;mq;mq;mq;mq;mq;mq;mq;mq;mq;mq;330;mq;mq;mq;mq;mq;mq;mq;mq;9.800000;-10;mq;mq;mq;mq;0.000000;0.000000;mq;mq;mq;710.000000;1110.000000;mq;mq;mq;mq;mq;mq;mq;mq;mq;mq;mq;mq;mq;mq;
61976;20110922030000;101890;mq;mq;120;7.200000;297.250000;294.550000;85;mq;mq;mq;mq;mq;mq;mq;mq;mq;mq;101740;mq;mq;mq;mq;mq;mq;mq;mq;mq;mq;mq;mq;mq;mq;mq;mq;mq;mq;mq;mq;mq;mq;mq;mq;mq;mq;mq;mq;mq;mq;mq;mq;mq;mq;mq;mq;mq;mq;
61980;20110922030000;102190;mq;mq;170;1.500000;294.950000;292.150000;84;10000;2;1;1;90;7;800;38;61;60;mq;mq;mq;mq;mq;mq;mq;mq;mq;mq;mq;mq;3.100000;-10;mq;mq;mq;mq;0.000000;0.000000;mq;mq;mq;710.000000;1103.000000;2437.000000;mq;2;8;690;7;6;1500;mq;mq;mq;mq;mq;mq;
61996;20110922030000;101900;mq;mq;300;9.800000;286.250000;230.950000;mq;mq;mq;mq;mq;mq;mq;mq;mq;mq;mq;mq;mq;mq;mq;mq;mq;mq;mq;mq;mq;mq;mq;14.900000;-10;mq;mq;mq;mq;1.000000;2.000000;mq;mq;mq;710.000000;1115.000000;mq;mq;mq;mq;mq;mq;mq;mq;mq;mq;mq;mq;mq;mq;
67005;20110922030000;101560;mq;mq;150;2.100000;298.050000;296.250000;90;25000;2;1;1;75;2;800;38;23;14;mq;mq;mq;mq;mq;mq;mq;mq;mq;mq;mq;mq;2.600000;-10;mq;mq;mq;mq;0.000000;0.000000;mq;mq;mq;710.000000;1103.000000;mq;mq;1;8;630;3;3;3000;6;0;9000;mq;mq;mq;
71805;20110922030000;102080;110;1;290;7.700000;285.850000;284.550000;92;40000;0;mq;mq;mq;mq;mq;mq;mq;mq;102000;mq;mq;mq;mq;mq;mq;mq;mq;mq;mq;mq;12.900000;-10;mq;mq;mq;mq;0.000000;0.000000;mq;mq;mq;710.000000;1113.000000;mq;mq;mq;mq;mq;mq;mq;mq;mq;mq;mq;mq;mq;mq;
78897;20110922030000;101550;90;0;100;1.500000;298.950000;296.050000;84;10000;2;1;1;60;2;800;32;20;12;mq;mq;mq;130;mq;mq;mq;mq;mq;mq;mq;mq;mq;mq;mq;mq;mq;mq;mq;mq;mq;mq;mq;mq;mq;mq;mq;2;8;600;5;0;7800;mq;mq;mq;mq;mq;mq;
78922;20110922030000;101480;100;0;120;7.700000;301.350000;296.050000;73;mq;mq;mq;mq;mq;mq;mq;mq;mq;mq;101040;mq;mq;mq;mq;mq;mq;mq;mq;mq;mq;mq;mq;mq;mq;mq;mq;mq;mq;mq;mq;mq;mq;mq;mq;mq;mq;mq;mq;mq;mq;mq;mq;mq;mq;mq;mq;mq;mq;
78925;20110922030000;101480;90;1;70;3.100000;300.250000;297.350000;84;20000;2;1;1;25;2;800;32;20;10;mq;mq;mq;100;mq;mq;mq;mq;mq;mq;mq;mq;mq;mq;mq;mq;mq;mq;mq;mq;mq;mq;mq;mq;mq;mq;mq;2;8;780;mq;mq;mq;mq;mq;mq;mq;mq;mq;
81401;20110922030000;101230;mq;mq;100;0.500000;297.450000;296.450000;94;mq;mq;mq;mq;mq;mq;mq;mq;mq;mq;101170;mq;mq;mq;mq;mq;mq;mq;mq;mq;mq;mq;mq;mq;mq;mq;mq;mq;mq;0.000000;mq;mq;mq;mq;mq;mq;mq;mq;mq;mq;mq;mq;mq;mq;mq;mq;mq;mq;mq;
81405;20110922030000;101280;mq;mq;0;0.000000;298.150000;297.150000;94;35000;0;mq;mq;mq;mq;mq;mq;mq;mq;101190;mq;mq;mq;mq;mq;mq;mq;mq;mq;mq;mq;mq;mq;mq;mq;mq;mq;mq;0.000000;mq;mq;mq;mq;mq;mq;mq;mq;mq;mq;mq;mq;mq;mq;mq;mq;mq;mq;mq;
81408;20110922030000;101260;mq;mq;0;0.000000;296.350000;295.850000;97;mq;mq;mq;mq;mq;mq;mq;mq;mq;mq;101180;mq;mq;mq;mq;mq;mq;mq;mq;mq;mq;mq;mq;mq;mq;mq;mq;mq;mq;0.000000;mq;mq;mq;mq;mq;mq;mq;mq;mq;mq;mq;mq;mq;mq;mq;mq;mq;mq;mq;
89642;20110922030000;98290;-290;6;130;17.000000;262.450000;260.550000;84;500;71;7;7;100;7;1750;35;61;60;97740;mq;mq;mq;mq;mq;mq;mq;mq;mq;mq;26.200000;32.900000;-30;mq;mq;mq;mq;mq;mq;mq;mq;mq;1026.000000;1133.000000;mq;mq;7;6;1500;mq;mq;mq;mq;mq;mq;mq;mq;mq;
07005;20110922060000;102100;80;2;210;4.100000;285.550000;283.950000;90;25000;2;1;1;75;6;450;38;20;10;101210;mq;mq;mq;284.450000;mq;288.550000;mq;283.150000;mq;mq;mq;5.700000;-10;1;0.000000;mq;mq;0.000000;0.000000;mq;0.000000;0.200000;710.000000;1106.000000;mq;mq;1;8;390;4;6;1500;mq;mq;mq;mq;mq;mq;
07015;20110922060000;102020;50;3;230;4.100000;285.650000;283.750000;88;30000;2;mq;mq;75;6;1750;35;20;10;101450;mq;mq;mq;284.650000;mq;289.750000;mq;284.150000;mq;mq;mq;5.700000;-10;1;0.000000;0.000000;-60;0.000000;0.000000;mq;0.000000;0.200000;710.000000;1106.000000;3100.000000;mq;6;6;1800;mq;mq;mq;mq;mq;mq;mq;mq;mq;
07020;20110922060000;102210;50;3;270;6.700000;288.250000;285.350000;83;12000;2;1;1;75;5;800;33;26;11;101950;mq;mq;mq;288.150000;mq;288.550000;mq;mq;mq;mq;mq;9.800000;-10;mq;mq;mq;mq;0.000000;0.000000;mq;0.000000;0.600000;710.000000;1110.000000;mq;mq;2;8;780;3;3;1800;mq;mq;mq;mq;mq;mq;
07027;20110922060000;102250;50;3;220;2.600000;282.250000;281.750000;97;40000;2;1;1;10;1;3500;30;21;11;101430;mq;mq;mq;281.050000;mq;289.650000;mq;278.150000;mq;mq;mq;3.600000;-10;0;0.000000;0.000000;-60;0.000000;0.000000;mq;0.000000;0.000000;710.000000;1104.000000;3100.000000;mq;1;3;3300;mq;mq;mq;mq;mq;mq;mq;mq;mq;
07037;20110922060000;102220;50;2;260;3.100000;283.250000;282.650000;96;15000;2;1;1;60;5;1250;35;20;10;100380;mq;mq;mq;282.550000;mq;289.550000;mq;278.150000;mq;mq;mq;5.100000;-10;1;0.000000;0.000000;-60;0.000000;0.000000;mq;0.200000;0.200000;710.000000;1105.000000;3100.000000;mq;5;6;1260;mq;mq;mq;mq;mq;mq;mq;mq;mq;
07110;20110922060000;102340;50;3;300;1.500000;285.550000;284.950000;96;15000;2;1;1;75;6;1250;38;20;10;101190;mq;mq;mq;282.050000;mq;286.650000;mq;278.150000;mq;mq;mq;4.100000;-10;0;0.000000;0.000000;-60;0.000000;0.000000;mq;0.000000;mq;710.000000;1104.000000;3100.000000;mq;6;6;1320;mq;mq;mq;mq;mq;mq;mq;mq;mq;
07117;20110922060000;102300;70;2;230;3.600000;285.450000;284.650000;95;10000;2;1;1;60;5;800;35;20;10;101600;mq;mq;mq;284.150000;mq;286.550000;mq;mq;mq;mq;mq;5.700000;-10;mq;mq;mq;mq;0.000000;0.000000;mq;0.000000;mq;710.000000;1106.000000;2437.000000;mq;mq;mq;mq;mq;mq;mq;mq;mq;mq;mq;mq;mq;
07130;20110922060000;102370;70;3;0;0.000000;281.050000;280.750000;98;19000;0;mq;mq;mq;mq;mq;mq;mq;mq;101840;mq;mq;mq;281.050000;mq;290.950000;mq;276.150000;mq;mq;mq;1.500000;-10;0;0.000000;mq;mq;0.000000;0.000000;mq;0.000000;0.000000;710.000000;1102.000000;mq;mq;mq;mq;mq;mq;mq;mq;mq;mq;mq;mq;mq;mq;
07139;20110922060000;102330;80;2;260;1.500000;281.150000;280.050000;93;30000;2;1;1;10;1;450;35;20;12;100570;mq;mq;mq;281.050000;mq;290.350000;mq;277.150000;mq;mq;mq;2.600000;-10;1;0.000000;0.000000;-60;0.000000;0.000000;mq;0.000000;0.000000;710.000000;1103.000000;3100.000000;mq;1;6;480;mq;mq;mq;mq;mq;mq;mq;mq;mq;
07149;20110922060000;102250;120;3;300;3.100000;286.850000;283.850000;82;25000;2;1;1;75;6;450;38;20;10;101170;mq;mq;mq;286.850000;mq;291.050000;mq;285.150000;mq;mq;mq;4.600000;-10;0;0.000000;0.000000;-60;0.000000;0.000000;mq;0.000000;0.000000;710.000000;1105.000000;3100.000000;mq;1;8;420;6;6;930;mq;mq;mq;mq;mq;mq;
07168;20110922060000;102220;90;3;0;0.000000;285.250000;283.950000;92;16000;2;1;1;90;7;1250;35;61;60;100800;mq;mq;mq;281.550000;mq;287.850000;mq;280.150000;mq;mq;mq;1.500000;-10;0;0.000000;0.000000;-60;0.000000;0.000000;mq;0.000000;0.200000;710.000000;1102.000000;3100.000000;mq;7;6;1290;mq;mq;mq;mq;mq;mq;mq;mq;mq;
07190;20110922060000;102160;60;3;180;2.100000;284.350000;283.250000;93;14000;0;mq;mq;100;mq;1250;mq;mq;mq;100340;mq;mq;mq;282.350000;mq;289.150000;mq;279.150000;mq;mq;mq;3.100000;-10;0;0.000000;mq;mq;0.000000;0.000000;mq;0.000000;0.000000;710.000000;1103.000000;mq;mq;mq;mq;mq;mq;mq;mq;mq;mq;mq;mq;mq;mq;
07207;20110922060000;mq;mq;mq;10;2.600000;285.050000;282.650000;85;20000;2;1;1;40;3;800;31;20;11;mq;mq;mq;mq;283.950000;mq;289.750000;mq;mq;mq;mq;mq;3.600000;-10;mq;mq;mq;mq;0.000000;0.000000;mq;0.000000;mq;710.000000;1104.000000;2428.000000;mq;mq;mq;mq;mq;mq;mq;mq;mq;mq;mq;mq;mq;
07222;20110922060000;102360;100;3;350;2.100000;284.750000;282.450000;86;20000;2;1;1;50;4;800;35;20;10;102040;mq;mq;mq;284.650000;mq;290.050000;mq;282.150000;mq;mq;mq;3.100000;-10;0;0.000000;mq;mq;0.000000;0.000000;mq;0.000000;0.000000;710.000000;1103.000000;mq;mq;4;6;900;mq;mq;mq;mq;mq;mq;mq;mq;mq;
07240;20110922060000;102260;70;3;340;1.500000;287.350000;285.950000;91;20000;3;mq;mq;90;7;450;35;61;60;100920;mq;mq;mq;284.950000;mq;291.250000;mq;283.150000;mq;mq;mq;3.600000;-10;0;0.000000;0.000000;-60;0.000000;0.000000;mq;0.000000;0.000000;710.000000;1104.000000;3100.000000;mq;3;6;360;7;6;960;mq;mq;mq;mq;mq;mq;
07255;20110922060000;102270;80;2;320;1.500000;285.450000;284.550000;94;15000;2;1;1;100;8;1250;35;61;60;100270;mq;mq;mq;284.750000;mq;291.550000;mq;281.150000;mq;mq;mq;3.100000;-10;0;0.000000;0.000000;-60;0.000000;0.000000;mq;0.000000;0.000000;710.000000;1103.000000;3100.000000;mq;8;6;990;mq;mq;mq;mq;mq;mq;mq;mq;mq;
07280;20110922060000;102250;90;3;330;1.500000;281.550000;280.650000;94;9000;0;mq;mq;mq;mq;mq;mq;mq;mq;99490;mq;mq;mq;281.450000;mq;290.250000;mq;278.150000;mq;mq;mq;2.100000;-10;0;0.000000;mq;mq;0.000000;0.000000;mq;0.000000;0.000000;710.000000;1102.000000;mq;mq;mq;mq;mq;mq;mq;mq;mq;mq;mq;mq;mq;mq;
07299;20110922060000;102240;60;3;0;0.000000;280.550000;280.250000;98;11000;11;2;2;75;0;mq;30;20;12;98920;mq;mq;mq;279.450000;mq;288.150000;mq;278.150000;mq;mq;mq;1.000000;-10;0;0.000000;0.000000;-60;0.000000;0.000000;mq;0.000000;0.000000;710.000000;1101.000000;3100.000000;mq;6;0;6900;mq;mq;mq;mq;mq;mq;mq;mq;mq;
07314;20110922060000;102310;40;3;10;3.100000;290.050000;288.250000;89;15000;2;1;1;100;8;1250;35;20;10;102040;mq;mq;mq;289.950000;mq;291.750000;mq;mq;mq;mq;mq;5.700000;-10;mq;mq;mq;mq;0.000000;0.000000;mq;0.000000;0.000000;710.000000;1106.000000;2437.000000;mq;8;6;1380;mq;mq;mq;mq;mq;mq;mq;mq;mq;
07335;20110922060000;102300;50;3;310;0.500000;284.650000;284.150000;97;10000;2;1;1;90;7;1250;35;61;60;100850;mq;mq;mq;282.650000;mq;290.950000;mq;281.150000;mq;mq;mq;1.500000;-10;0;0.000000;mq;mq;0.000000;0.200000;mq;0.200000;0.200000;710.000000;1102.000000;mq;mq;7;6;990;mq;mq;mq;mq;mq;mq;mq;mq;mq;
07434;20110922060000;102190;40;2;20;2.600000;286.350000;283.750000;84;40000;2;1;1;10;0;8000;30;20;11;97440;mq;mq;mq;286.050000;mq;290.050000;mq;284.150000;mq;mq;mq;4.600000;-10;0;0.000000;0.000000;-60;0.000000;0.000000;mq;0.000000;0.000000;710.000000;1105.000000;3100.000000;mq;1;0;7800;mq;mq;mq;mq;mq;mq;mq;mq;mq;
07460;20110922060000;102300;30;3;350;0.500000;280.950000;280.550000;97;20000;11;mq;mq;10;0;8000;30;20;11;98360;mq;mq;mq;279.650000;mq;291.350000;mq;276.150000;mq;mq;mq;1.000000;-10;1;0.000000;0.000000;-60;0.000000;0.200000;mq;0.200000;0.200000;710.000000;1101.000000;3100.000000;mq;1;0;6900;mq;mq;mq;mq;mq;mq;mq;mq;mq;
07471;20110922060000;mq;20;2;230;1.000000;277.050000;276.950000;99;500;41;4;0;10;1;30;36;20;11;92590;85000;18050;mq;276.650000;mq;288.150000;mq;273.150000;mq;mq;mq;1.500000;-10;1;0.000000;0.000000;-60;0.000000;0.000000;mq;0.000000;0.000000;710.000000;1102.000000;3100.000000;mq;1;7;30;mq;mq;mq;mq;mq;mq;mq;mq;mq;
07481;20110922060000;102170;70;3;0;0.000000;283.150000;281.950000;92;3000;40;0;0;25;1;30;36;20;12;99280;mq;mq;mq;282.650000;mq;291.850000;mq;278.150000;mq;mq;mq;1.000000;-10;1;0.000000;0.000000;-60;0.000000;0.000000;mq;0.000000;0.000000;710.000000;1101.000000;3100.000000;mq;1;7;30;mq;mq;mq;mq;mq;mq;mq;mq;mq;
07510;20110922060000;102220;50;3;330;1.000000;284.950000;284.950000;100;3000;11;0;0;10;0;mq;30;20;11;101560;mq;mq;mq;284.150000;mq;294.650000;mq;281.150000;mq;mq;mq;2.100000;-10;0;0.000000;0.000000;-60;0.000000;0.000000;mq;0.000000;0.000000;710.000000;1102.000000;3100.000000;mq;1;0;7800;mq;mq;mq;mq;mq;mq;mq;mq;mq;
07535;20110922060000;102200;70;3;140;1.000000;281.650000;281.350000;98;10000;11;0;0;25;0;8000;30;20;11;99040;mq;mq;mq;280.950000;mq;294.050000;mq;279.150000;mq;mq;mq;2.100000;-10;1;0.000000;0.000000;-60;0.000000;0.000000;mq;0.000000;0.200000;710.000000;1102.000000;3100.000000;mq;2;0;6900;mq;mq;mq;mq;mq;mq;mq;mq;mq;
07558;20110922060000;102120;20;3;30;2.600000;283.850000;282.650000;92;40000;2;1;1;10;0;8000;30;20;11;93800;mq;mq;mq;283.650000;mq;290.950000;mq;282.150000;mq;mq;mq;4.100000;-10;0;0.000000;0.000000;-60;0.000000;0.200000;mq;0.200000;0.200000;710.000000;1104.000000;3100.000000;mq;1;0;7800;mq;mq;mq;mq;mq;mq;mq;mq;mq;
07577;20110922060000;101960;50;1;10;3.600000;287.350000;283.950000;80;20000;2;1;1;10;0;8000;30;20;11;101070;mq;mq;mq;286.850000;mq;293.250000;mq;286.150000;mq;mq;mq;6.200000;-10;0;0.000000;0.000000;-60;0.000000;0.000000;mq;0.000000;0.000000;710.000000;1106.000000;3100.000000;mq;1;0;6900;mq;mq;mq;mq;mq;mq;mq;mq;mq;
07591;20110922060000;mq;20;2;50;1.000000;281.850000;278.550000;80;mq;0;mq;mq;mq;mq;mq;mq;mq;mq;91950;mq;mq;mq;280.950000;mq;290.750000;mq;277.150000;mq;mq;mq;4.100000;-10;mq;mq;mq;mq;0.000000;0.000000;mq;0.000000;0.000000;710.000000;1104.000000;mq;mq;mq;mq;mq;mq;mq;mq;mq;mq;mq;mq;mq;mq;
07607;20110922060000;102230;40;3;280;1.000000;284.850000;284.250000;96;100;47;4;4;101;mq;mq;62;61;60;101510;mq;mq;mq;284.350000;mq;297.050000;mq;281.150000;mq;mq;mq;1.500000;-10;0;0.000000;0.000000;-60;0.000000;0.000000;mq;0.000000;0.000000;710.000000;1102.000000;3100.000000;mq;mq;mq;mq;mq;mq;mq;mq;mq;mq;mq;mq;mq;
07621;20110922060000;102210;20;3;190;1.500000;287.150000;286.350000;95;22000;3;mq;mq;50;2;250;35;23;11;97920;mq;mq;mq;286.950000;mq;293.950000;mq;285.150000;mq;mq;mq;2.600000;-10;0;0.000000;0.000000;-60;0.000000;0.000000;mq;0.200000;0.200000;710.000000;1103.000000;3100.000000;mq;1;7;270;mq;mq;mq;mq;mq;mq;mq;mq;mq;
07627;20110922060000;102210;30;0;120;1.000000;285.750000;284.850000;94;30000;2;1;1;40;3;3500;30;23;10;97360;mq;mq;mq;283.250000;mq;291.150000;mq;280.150000;mq;mq;mq;3.600000;-10;0;0.000000;0.000000;-60;0.000000;0.000000;mq;0.200000;0.200000;710.000000;1104.000000;3100.000000;mq;3;3;3900;mq;mq;mq;mq;mq;mq;mq;mq;mq;
07630;20110922060000;102150;60;1;180;1.500000;285.650000;284.250000;91;40000;2;1;1;25;0;8000;30;20;11;100350;mq;mq;mq;284.950000;mq;297.250000;mq;282.150000;mq;mq;mq;2.600000;-10;0;0.000000;0.000000;-60;0.000000;0.000000;mq;0.000000;0.000000;710.000000;1103.000000;3100.000000;mq;2;0;7800;mq;mq;mq;mq;mq;mq;mq;mq;mq;
07643;20110922060000;101860;20;3;0;0.000000;286.550000;283.350000;81;50000;2;mq;mq;0;mq;mq;mq;mq;mq;101760;mq;mq;mq;286.450000;mq;293.250000;mq;284.150000;mq;mq;mq;1.500000;-10;0;0.000000;mq;mq;0.000000;0.000000;mq;0.000000;0.000000;710.000000;1102.000000;mq;mq;mq;mq;mq;mq;mq;mq;mq;mq;mq;mq;mq;mq;
07650;20110922060000;101740;10;1;180;1.000000;285.050000;283.450000;90;30000;2;1;1;10;1;3500;30;23;10;101350;mq;mq;mq;284.050000;mq;293.850000;mq;281.150000;mq;mq;mq;3.100000;-10;0;0.000000;0.000000;-60;0.000000;0.000000;mq;0.000000;0.000000;710.000000;1103.000000;3100.000000;mq;1;3;3000;mq;mq;mq;mq;mq;mq;mq;mq;mq;
07661;20110922060000;101610;-40;6;90;4.100000;290.150000;281.050000;55;30000;2;1;1;40;0;8000;30;20;14;100030;mq;mq;mq;288.250000;mq;292.150000;mq;mq;mq;mq;mq;5.100000;-10;mq;mq;mq;mq;0.000000;0.000000;mq;0.000000;0.000000;710.000000;1105.000000;mq;mq;3;2;4800;mq;mq;mq;mq;mq;mq;mq;mq;mq;
07690;20110922060000;101690;30;3;330;4.100000;291.250000;280.950000;51;50000;2;1;1;40;1;1750;35;20;12;101360;mq;mq;mq;291.150000;mq;294.350000;mq;290.150000;mq;mq;mq;5.700000;-10;0;0.000000;0.000000;-60;0.000000;0.000000;mq;0.000000;0.000000;710.000000;1106.000000;3100.000000;mq;1;6;1500;3;0;7800;mq;mq;mq;mq;mq;mq;
07747;20110922060000;101890;30;2;210;2.100000;290.050000;283.650000;66;40000;2;1;1;10;1;3500;30;24;10;101370;mq;mq;mq;287.750000;mq;294.950000;mq;284.150000;mq;mq;mq;3.100000;-10;0;0.000000;mq;mq;0.000000;0.000000;mq;0.000000;0.000000;710.000000;1103.000000;mq;mq;1;3;3000;mq;mq;mq;mq;mq;mq;mq;mq;mq;
07761;20110922060000;101760;-20;7;40;4.100000;287.050000;281.850000;71;40000;2;1;1;50;1;800;35;20;12;101650;mq;mq;mq;286.150000;mq;293.150000;mq;285.150000;mq;mq;mq;6.200000;-10;0;0.000000;0.000000;-60;0.000000;0.000000;mq;0.000000;0.000000;710.000000;1106.000000;3100.000000;mq;1;6;900;4;0;7800;mq;mq;mq;mq;mq;mq;
07790;20110922060000;101630;-10;6;220;4.100000;291.750000;279.250000;44;40000;2;1;1;60;0;8000;30;20;12;101490;mq;mq;mq;290.650000;mq;295.850000;mq;288.150000;mq;mq;mq;6.700000;-10;0;0.000000;0.000000;-60;0.000000;0.000000;mq;0.000000;0.000000;710.000000;1107.000000;3100.000000;mq;5;0;6900;mq;mq;mq;mq;mq;mq;mq;mq;mq;
61968;20110922060000;101650;mq;mq;90;6.700000;301.050000;294.350000;67;mq;mq;mq;mq;mq;mq;mq;mq;mq;mq;mq;mq;mq;mq;298.250000;mq;mq;mq;mq;mq;mq;mq;14.400000;-10;mq;mq;mq;mq;0.000000;mq;mq;mq;0.000000;710.000000;1114.000000;mq;mq;mq;mq;mq;mq;mq;mq;mq;mq;mq;mq;mq;mq;
61970;20110922060000;101870;mq;mq;mq;mq;301.050000;296.250000;75;mq;mq;mq;mq;mq;mq;mq;mq;mq;mq;mq;mq;mq;mq;297.650000;mq;mq;mq;mq;mq;mq;mq;mq;mq;mq;mq;mq;mq;0.000000;mq;mq;mq;0.000000;mq;mq;mq;mq;mq;mq;mq;mq;mq;mq;mq;mq;mq;mq;mq;mq;
61972;20110922060000;102100;mq;mq;140;7.200000;298.950000;293.750000;73;mq;mq;mq;mq;mq;mq;mq;mq;mq;mq;mq;mq;mq;mq;295.350000;mq;mq;mq;mq;mq;mq;mq;11.300000;-10;mq;mq;mq;mq;0.000000;mq;mq;mq;0.200000;710.000000;1111.000000;mq;mq;mq;mq;mq;mq;mq;mq;mq;mq;mq;mq;mq;mq;
61976;20110922060000;101980;mq;mq;110;8.200000;299.850000;294.850000;74;mq;mq;mq;mq;mq;mq;mq;mq;mq;mq;101830;mq;mq;mq;mq;mq;mq;mq;mq;mq;mq;mq;mq;mq;mq;mq;mq;mq;mq;mq;mq;mq;mq;mq;mq;mq;mq;mq;mq;mq;mq;mq;mq;mq;mq;mq;mq;mq;mq;
61980;20110922060000;102230;mq;mq;80;3.100000;297.850000;292.450000;72;10000;2;1;1;75;6;800;38;20;10;mq;mq;mq;mq;294.650000;mq;mq;mq;293.150000;mq;mq;mq;4.600000;-10;mq;mq;mq;mq;0.000000;mq;mq;mq;0.000000;710.000000;1105.000000;2437.000000;mq;4;8;690;5;6;1500;mq;mq;mq;mq;mq;mq;
61996;20110922060000;101850;mq;mq;290;8.700000;286.650000;231.150000;mq;mq;mq;mq;mq;mq;mq;mq;mq;mq;mq;mq;mq;mq;mq;286.050000;mq;mq;mq;286.150000;mq;mq;mq;14.900000;-10;mq;mq;mq;mq;0.000000;mq;mq;mq;5.000000;710.000000;1115.000000;mq;mq;mq;mq;mq;mq;mq;mq;mq;mq;mq;mq;mq;mq;
67005;20110922060000;101750;mq;mq;170;3.600000;301.250000;295.450000;71;20000;2;1;1;75;6;800;38;20;11;mq;mq;mq;mq;297.050000;mq;mq;mq;296.150000;mq;mq;mq;5.100000;-10;mq;mq;mq;mq;0.000000;mq;mq;mq;0.000000;710.000000;1105.000000;mq;mq;5;8;630;mq;mq;mq;mq;mq;mq;mq;mq;mq;
71805;20110922060000;102150;60;3;280;6.200000;285.250000;284.650000;96;28000;0;mq;mq;mq;mq;mq;mq;mq;mq;102060;mq;mq;mq;mq;285.150000;mq;288.750000;284.150000;mq;mq;mq;9.300000;-10;mq;mq;mq;mq;0.000000;0.000000;mq;0.000000;0.000000;710.000000;1109.000000;mq;mq;mq;mq;mq;mq;mq;mq;mq;mq;mq;mq;mq;mq;
78897;20110922060000;101390;-160;8;80;2.100000;298.650000;296.850000;90;25000;2;1;1;90;3;800;38;23;12;mq;mq;mq;50;mq;296.550000;mq;304.150000;275.150000;mq;mq;mq;mq;mq;mq;mq;mq;mq;mq;mq;0.000000;mq;5.600000;mq;mq;mq;mq;2;8;600;3;3;3000;mq;mq;mq;mq;mq;mq;
78922;20110922060000;101310;-170;8;110;5.100000;300.950000;296.950000;79;mq;mq;mq;mq;mq;mq;mq;mq;mq;mq;100870;mq;mq;mq;mq;mq;mq;mq;mq;mq;mq;mq;mq;mq;mq;mq;mq;mq;mq;mq;mq;mq;mq;mq;mq;mq;mq;mq;mq;mq;mq;mq;mq;mq;mq;mq;mq;mq;mq;
78925;20110922060000;101300;-180;8;70;1.500000;299.550000;297.350000;88;50000;0;mq;mq;mq;mq;1250;mq;mq;mq;mq;mq;mq;40;mq;297.250000;mq;305.350000;mq;mq;mq;mq;mq;mq;mq;mq;mq;mq;mq;mq;0.000000;mq;1.200000;mq;mq;mq;mq;mq;mq;mq;mq;mq;mq;mq;mq;mq;mq;mq;mq;
81401;20110922060000;101060;mq;mq;0;0.000000;296.650000;295.850000;95;mq;mq;mq;mq;mq;mq;mq;mq;mq;mq;101000;mq;mq;mq;mq;mq;mq;mq;mq;mq;mq;mq;mq;mq;mq;mq;mq;mq;mq;0.000000;0.000000;mq;mq;mq;mq;mq;mq;mq;mq;mq;mq;mq;mq;mq;mq;mq;mq;mq;mq;
81405;20110922060000;101090;mq;mq;160;1.000000;297.450000;296.950000;97;22000;0;mq;mq;mq;mq;mq;mq;mq;mq;101000;mq;mq;mq;mq;mq;mq;mq;296.150000;mq;mq;mq;mq;mq;mq;mq;mq;mq;mq;0.000000;0.000000;mq;mq;mq;mq;mq;mq;mq;mq;mq;mq;mq;mq;mq;mq;mq;mq;mq;mq;
81408;20110922060000;101090;mq;mq;0;0.000000;295.450000;294.950000;97;mq;mq;mq;mq;mq;mq;mq;mq;mq;mq;101010;mq;mq;mq;mq;mq;mq;mq;mq;mq;mq;mq;mq;mq;mq;mq;mq;mq;mq;0.200000;0.200000;mq;mq;mq;mq;mq;mq;mq;mq;mq;mq;mq;mq;mq;mq;mq;mq;mq;mq;
89642;20110922060000;98150;-140;8;80;7.200000;262.350000;260.350000;84;8000;36;7;3;100;7;450;35;61;60;97600;mq;mq;mq;mq;mq;mq;mq;274.150000;mq;mq;mq;32.900000;-60;mq;mq;mq;mq;mq;mq;mq;mq;mq;1133.000000;mq;mq;mq;3;7;390;7;6;1200;mq;mq;mq;mq;mq;mq;
07005;20110922090000;102170;80;3;220;4.600000;289.250000;286.150000;82;30000;2;1;1;60;5;800;38;20;10;101290;mq;mq;mq;mq;mq;mq;mq;mq;mq;mq;mq;6.700000;-10;mq;mq;0.000000;-30;0.000000;0.000000;mq;mq;mq;710.000000;1107.000000;3100.000000;mq;2;8;600;4;6;1200;mq;mq;mq;mq;mq;mq;
07015;20110922090000;102100;90;2;240;5.700000;288.950000;285.150000;78;25000;2;1;1;50;4;450;38;20;10;101540;mq;mq;mq;mq;mq;mq;mq;mq;mq;mq;mq;8.700000;-10;mq;mq;0.000000;-30;0.000000;0.000000;mq;mq;mq;710.000000;1109.000000;3100.000000;mq;3;8;510;mq;mq;mq;mq;mq;mq;mq;mq;mq;
07020;20110922090000;102330;120;2;280;5.100000;289.550000;285.150000;75;20000;2;1;1;40;1;1250;35;27;11;102070;mq;mq;mq;mq;mq;mq;mq;mq;mq;mq;mq;8.200000;-10;mq;mq;mq;mq;0.000000;0.000000;mq;mq;mq;710.000000;1108.000000;mq;mq;1;6;990;mq;mq;mq;mq;mq;mq;mq;mq;mq;
07027;20110922090000;102330;100;1;260;4.600000;289.050000;285.750000;81;30000;2;1;1;40;3;800;38;23;11;101530;mq;mq;mq;mq;mq;mq;mq;mq;mq;mq;mq;6.700000;-10;mq;mq;0.000000;-30;0.000000;0.000000;mq;mq;mq;710.000000;1107.000000;3100.000000;mq;1;8;750;3;6;1500;mq;mq;mq;mq;mq;mq;
07037;20110922090000;102290;100;3;250;3.600000;288.150000;285.050000;82;20000;2;1;1;25;1;1250;35;20;11;100480;mq;mq;mq;mq;mq;mq;mq;mq;mq;mq;mq;5.100000;-10;mq;mq;0.000000;-30;0.000000;0.000000;mq;mq;mq;710.000000;1105.000000;3100.000000;mq;1;6;1380;mq;mq;mq;mq;mq;mq;mq;mq;mq;
07110;20110922090000;102420;100;2;250;2.100000;289.250000;285.250000;77;15000;2;1;1;50;3;450;32;23;11;101290;mq;mq;mq;mq;mq;mq;mq;mq;mq;mq;mq;4.100000;-10;mq;mq;0.000000;-30;0.000000;0.000000;mq;mq;mq;710.000000;1104.000000;3100.000000;mq;3;8;480;3;0;7500;mq;mq;mq;mq;mq;mq;
07117;20110922090000;102390;100;1;250;3.600000;288.950000;286.050000;83;12000;2;1;1;60;5;800;32;23;11;101700;mq;mq;mq;mq;mq;mq;mq;mq;mq;mq;mq;7.200000;-10;mq;mq;mq;mq;0.000000;0.000000;mq;mq;mq;710.000000;1107.000000;2427.000000;mq;mq;mq;mq;mq;mq;mq;mq;mq;mq;mq;mq;mq;
07130;20110922090000;102460;100;2;280;1.500000;287.350000;284.150000;81;25000;0;mq;mq;mq;mq;mq;mq;mq;mq;101940;mq;mq;mq;mq;mq;mq;mq;mq;mq;mq;mq;3.100000;-10;mq;mq;mq;mq;0.000000;0.000000;mq;mq;mq;710.000000;1103.000000;mq;mq;mq;mq;mq;mq;mq;mq;mq;mq;mq;mq;mq;mq;
07139;20110922090000;102380;90;2;300;3.100000;288.450000;283.650000;73;35000;2;1;1;40;3;450;32;20;11;100660;mq;mq;mq;mq;mq;mq;mq;mq;mq;mq;mq;5.100000;-10;mq;mq;0.000000;-30;0.000000;0.000000;mq;mq;mq;710.000000;1105.000000;3100.000000;mq;3;8;540;mq;mq;mq;mq;mq;mq;mq;mq;mq;
07149;20110922090000;102310;70;2;290;1.500000;289.550000;282.950000;65;25000;2;1;1;10;1;800;31;20;10;101240;mq;mq;mq;mq;mq;mq;mq;mq;mq;mq;mq;4.100000;-10;mq;mq;0.000000;-30;0.000000;0.000000;mq;mq;mq;710.000000;1104.000000;3100.000000;mq;1;8;690;mq;mq;mq;mq;mq;mq;mq;mq;mq;
07168;20110922090000;102320;110;2;360;2.100000;289.050000;285.250000;78;16000;2;1;1;90;7;450;38;61;60;100910;mq;mq;mq;mq;mq;mq;mq;mq;mq;mq;mq;4.600000;-10;mq;mq;0.000000;-30;0.000000;0.000000;mq;mq;mq;710.000000;1105.000000;3100.000000;mq;2;8;480;7;6;690;mq;mq;mq;mq;mq;mq;
07181;20110922090000;102230;100;1;310;2.600000;287.750000;284.850000;83;19000;0;mq;mq;100;mq;450;mq;mq;mq;98190;mq;mq;mq;mq;mq;mq;mq;mq;mq;mq;mq;4.100000;-10;mq;mq;mq;mq;0.000000;0.000000;mq;mq;mq;710.000000;1104.000000;mq;mq;mq;mq;mq;mq;mq;mq;mq;mq;mq;mq;mq;mq;
07190;20110922090000;102200;70;2;170;2.100000;289.450000;284.550000;73;21000;0;mq;mq;mq;mq;1750;mq;mq;mq;100410;mq;mq;mq;mq;mq;mq;mq;mq;mq;mq;mq;4.600000;-10;mq;mq;mq;mq;0.000000;0.000000;mq;mq;mq;710.000000;1105.000000;mq;mq;mq;mq;mq;mq;mq;mq;mq;mq;mq;mq;mq;mq;
07207;20110922090000;mq;mq;mq;340;2.100000;289.850000;284.350000;70;20000;2;1;1;40;3;800;31;20;11;mq;mq;mq;mq;mq;mq;mq;mq;mq;mq;mq;mq;5.100000;-10;mq;mq;mq;mq;0.000000;0.000000;mq;mq;mq;710.000000;1105.000000;2428.000000;mq;mq;mq;mq;mq;mq;mq;mq;mq;mq;mq;mq;mq;
07222;20110922090000;102440;90;1;40;2.100000;289.150000;283.250000;68;30000;2;1;1;10;1;800;31;20;10;102130;mq;mq;mq;mq;mq;mq;mq;mq;mq;mq;mq;4.100000;-10;mq;mq;mq;mq;0.000000;0.000000;mq;mq;mq;710.000000;1104.000000;mq;mq;1;8;690;mq;mq;mq;mq;mq;mq;mq;mq;mq;
07240;20110922090000;102370;120;2;20;1.500000;289.750000;283.850000;68;60000;0;mq;mq;90;mq;1250;mq;mq;mq;101040;mq;mq;mq;mq;mq;mq;mq;mq;mq;mq;mq;4.100000;-10;mq;mq;mq;mq;0.000000;0.000000;mq;mq;mq;710.000000;1104.000000;mq;mq;mq;mq;mq;mq;mq;mq;mq;mq;mq;mq;mq;mq;
07255;20110922090000;102330;80;2;290;1.000000;288.250000;285.050000;81;15000;2;1;1;100;8;1250;35;61;60;100350;mq;mq;mq;mq;mq;mq;mq;mq;mq;mq;mq;2.600000;-10;mq;mq;0.000000;-30;0.000000;0.000000;mq;mq;mq;710.000000;1103.000000;3100.000000;mq;8;6;990;mq;mq;mq;mq;mq;mq;mq;mq;mq;
07280;20110922090000;102240;70;2;0;0.000000;289.550000;285.550000;77;40000;0;mq;mq;100;mq;1250;mq;mq;mq;99560;mq;mq;mq;mq;mq;mq;mq;mq;mq;mq;mq;2.100000;-10;mq;mq;mq;mq;0.000000;0.000000;mq;mq;mq;710.000000;1102.000000;mq;mq;mq;mq;mq;mq;mq;mq;mq;mq;mq;mq;mq;mq;
07299;20110922090000;102190;60;0;150;1.000000;289.550000;284.450000;72;12000;2;1;1;75;1;3500;30;28;12;98980;mq;mq;mq;mq;mq;mq;mq;mq;mq;mq;mq;3.100000;-10;mq;mq;0.000000;-30;0.000000;0.000000;mq;mq;mq;710.000000;1103.000000;3100.000000;mq;1;3;3000;6;0;7500;mq;mq;mq;mq;mq;mq;
07314;20110922090000;102420;100;3;10;3.600000;289.950000;288.150000;89;12000;2;1;1;100;8;1250;38;61;60;102140;mq;mq;mq;mq;mq;mq;mq;mq;mq;mq;mq;5.700000;-10;mq;mq;mq;mq;0.000000;0.000000;mq;mq;mq;710.000000;1106.000000;2437.000000;mq;2;8;1380;6;6;1500;mq;mq;mq;mq;mq;mq;
07335;20110922090000;102390;110;3;360;3.600000;288.350000;286.150000;87;26000;0;mq;mq;100;mq;450;mq;mq;mq;100960;mq;mq;mq;mq;mq;mq;mq;mq;mq;mq;mq;5.100000;-10;mq;mq;mq;mq;0.000000;0.000000;mq;mq;mq;710.000000;1105.000000;mq;mq;mq;mq;mq;mq;mq;mq;mq;mq;mq;mq;mq;mq;
07434;20110922090000;102220;90;1;50;5.100000;290.250000;283.850000;66;20000;2;1;1;25;1;800;31;20;11;97530;mq;mq;mq;mq;mq;mq;mq;mq;mq;mq;mq;7.700000;-10;mq;mq;0.000000;-30;0.000000;0.000000;mq;mq;mq;710.000000;1108.000000;3100.000000;mq;1;8;690;mq;mq;mq;mq;mq;mq;mq;mq;mq;
07460;20110922090000;102270;80;1;210;0.500000;289.550000;282.950000;65;15000;3;4;0;25;1;800;31;20;11;98440;mq;mq;mq;mq;mq;mq;mq;mq;mq;mq;mq;1.500000;-10;mq;mq;0.000000;-30;0.000000;0.000000;mq;mq;mq;710.000000;1102.000000;3100.000000;mq;1;8;930;mq;mq;mq;mq;mq;mq;mq;mq;mq;
07471;20110922090000;mq;40;1;110;1.000000;287.750000;282.750000;72;40000;2;4;0;10;0;mq;30;20;11;92630;85000;18090;mq;mq;mq;mq;mq;mq;mq;mq;mq;2.600000;-10;mq;mq;0.000000;-30;0.000000;0.000000;mq;mq;mq;710.000000;1103.000000;3100.000000;mq;1;0;7800;mq;mq;mq;mq;mq;mq;mq;mq;mq;
07481;20110922090000;102210;80;1;20;2.600000;287.950000;284.750000;81;15000;2;4;0;25;1;450;31;20;12;99360;mq;mq;mq;mq;mq;mq;mq;mq;mq;mq;mq;4.100000;-10;mq;mq;0.000000;-30;0.000000;0.200000;mq;mq;mq;710.000000;1104.000000;3100.000000;mq;1;8;300;mq;mq;mq;mq;mq;mq;mq;mq;mq;
07510;20110922090000;102310;110;1;20;2.600000;291.050000;287.550000;80;20000;2;1;1;10;0;mq;30;20;11;101670;mq;mq;mq;mq;mq;mq;mq;mq;mq;mq;mq;5.100000;-10;mq;mq;0.000000;-30;0.000000;0.000000;mq;mq;mq;710.000000;1105.000000;3100.000000;mq;1;0;7800;mq;mq;mq;mq;mq;mq;mq;mq;mq;
07535;20110922090000;102190;70;2;340;1.000000;288.850000;285.450000;80;mq;mq;mq;mq;mq;mq;mq;mq;mq;mq;99110;mq;mq;mq;mq;mq;mq;mq;mq;mq;mq;mq;2.600000;-10;mq;mq;mq;mq;0.000000;0.000000;mq;mq;mq;710.000000;1103.000000;mq;mq;mq;mq;mq;mq;mq;mq;mq;mq;mq;mq;mq;mq;
07558;20110922090000;101960;40;1;170;1.500000;290.750000;283.350000;62;60000;2;1;1;10;0;8000;30;20;11;93840;mq;mq;mq;mq;mq;mq;mq;mq;mq;mq;mq;3.100000;-10;mq;mq;0.000000;-30;0.000000;0.000000;mq;mq;mq;710.000000;1103.000000;3100.000000;mq;1;0;7800;mq;mq;mq;mq;mq;mq;mq;mq;mq;
07577;20110922090000;101950;10;3;30;6.700000;292.450000;284.250000;59;30000;2;1;1;10;0;8000;30;20;11;101080;mq;mq;mq;mq;mq;mq;mq;mq;mq;mq;mq;11.300000;-10;mq;mq;0.000000;-30;0.000000;0.000000;mq;mq;mq;710.000000;1111.000000;3100.000000;mq;1;0;6900;mq;mq;mq;mq;mq;mq;mq;mq;mq;
07591;20110922090000;mq;-80;6;210;2.100000;290.450000;279.050000;47;mq;0;mq;mq;mq;mq;mq;mq;mq;mq;91870;mq;mq;mq;mq;mq;mq;mq;mq;mq;mq;mq;5.100000;-10;mq;mq;mq;mq;0.000000;0.000000;mq;mq;mq;710.000000;1105.000000;mq;mq;mq;mq;mq;mq;mq;mq;mq;mq;mq;mq;mq;mq;
07607;20110922090000;102300;80;1;40;0.500000;287.650000;287.150000;97;4000;28;4;2;100;8;80;36;61;60;101590;mq;mq;mq;mq;mq;mq;mq;mq;mq;mq;mq;2.100000;-10;mq;mq;0.000000;-30;0.000000;0.000000;mq;mq;mq;710.000000;1102.000000;3100.000000;mq;8;7;60;mq;mq;mq;mq;mq;mq;mq;mq;mq;
07621;20110922090000;102190;50;2;260;2.600000;291.550000;288.650000;83;22000;2;1;1;50;3;450;38;23;10;97970;mq;mq;mq;mq;mq;mq;mq;mq;mq;mq;mq;6.700000;-10;mq;mq;0.000000;-30;0.000000;0.000000;mq;mq;mq;710.000000;1107.000000;3100.000000;mq;3;8;300;mq;mq;mq;mq;mq;mq;mq;mq;mq;
07627;20110922090000;102110;30;0;0;0.000000;293.050000;286.950000;68;40000;2;1;1;25;2;2250;31;23;10;97390;mq;mq;mq;mq;mq;mq;mq;mq;mq;mq;mq;1.500000;-10;mq;mq;0.000000;-30;0.000000;0.200000;mq;mq;mq;710.000000;1102.000000;3100.000000;mq;1;8;1800;mq;mq;mq;mq;mq;mq;mq;mq;mq;
07630;20110922090000;102200;80;1;270;2.100000;291.750000;286.650000;72;20000;2;1;1;10;1;250;36;20;11;100430;mq;mq;mq;mq;mq;mq;mq;mq;mq;mq;mq;mq;mq;mq;mq;0.000000;-30;0.000000;0.000000;mq;mq;mq;3100.000000;mq;mq;mq;1;7;270;mq;mq;mq;mq;mq;mq;mq;mq;mq;
07643;20110922090000;101880;30;1;30;1.500000;296.250000;282.950000;43;50000;2;1;1;0;mq;mq;mq;mq;mq;101790;mq;mq;mq;mq;mq;mq;mq;mq;mq;mq;mq;4.600000;-10;mq;mq;mq;mq;0.000000;0.000000;mq;mq;mq;710.000000;1105.000000;mq;mq;mq;mq;mq;mq;mq;mq;mq;mq;mq;mq;mq;mq;
07650;20110922090000;101740;10;0;360;1.000000;293.150000;283.850000;55;60000;2;1;1;10;0;8000;30;20;11;101360;mq;mq;mq;mq;mq;mq;mq;mq;mq;mq;mq;3.100000;-10;mq;mq;0.000000;-30;0.000000;0.000000;mq;mq;mq;710.000000;1103.000000;3100.000000;mq;1;0;7500;mq;mq;mq;mq;mq;mq;mq;mq;mq;
07661;20110922090000;101660;70;2;110;1.500000;295.150000;280.550000;39;35000;2;1;1;40;0;8000;30;20;14;100100;mq;mq;mq;mq;mq;mq;mq;mq;mq;mq;mq;4.600000;-10;mq;mq;mq;mq;0.000000;0.000000;mq;mq;mq;710.000000;1105.000000;mq;mq;3;2;4800;mq;mq;mq;mq;mq;mq;mq;mq;mq;
07690;20110922090000;101710;20;3;100;2.600000;296.050000;289.550000;67;50000;2;1;1;10;0;mq;30;20;11;101380;mq;mq;mq;mq;mq;mq;mq;mq;mq;mq;mq;3.100000;-10;mq;mq;0.000000;-30;0.000000;0.000000;mq;mq;mq;710.000000;1103.000000;3100.000000;mq;1;0;7800;mq;mq;mq;mq;mq;mq;mq;mq;mq;
07747;20110922090000;101890;10;2;320;5.100000;299.350000;283.550000;37;40000;2;1;1;10;1;1750;32;20;11;101380;mq;mq;mq;mq;mq;mq;mq;mq;mq;mq;mq;9.800000;-10;mq;mq;mq;mq;0.000000;0.000000;mq;mq;mq;710.000000;1110.000000;mq;mq;1;8;1800;mq;mq;mq;mq;mq;mq;mq;mq;mq;
07761;20110922090000;101770;20;2;230;1.500000;297.050000;286.250000;51;40000;2;1;1;25;0;8000;30;20;12;101670;mq;mq;mq;mq;mq;mq;mq;mq;mq;mq;mq;2.100000;-10;mq;mq;0.000000;-30;0.000000;0.000000;mq;mq;mq;710.000000;1102.000000;3100.000000;mq;2;0;7800;mq;mq;mq;mq;mq;mq;mq;mq;mq;
07790;20110922090000;101660;30;1;190;2.100000;299.050000;280.150000;30;60000;2;1;1;60;0;8000;30;20;12;101520;mq;mq;mq;mq;mq;mq;mq;mq;mq;mq;mq;4.100000;-10;mq;mq;0.000000;-30;0.000000;0.000000;mq;mq;mq;710.000000;1104.000000;3100.000000;mq;5;0;7800;mq;mq;mq;mq;mq;mq;mq;mq;mq;
61968;20110922090000;101550;mq;mq;100;6.700000;302.350000;294.350000;62;mq;mq;mq;mq;mq;mq;mq;mq;mq;mq;mq;mq;mq;50;mq;mq;mq;mq;mq;mq;mq;mq;13.400000;-10;mq;mq;mq;mq;0.000000;0.000000;mq;mq;mq;710.000000;1113.000000;mq;mq;mq;mq;mq;mq;mq;mq;mq;mq;mq;mq;mq;mq;
61970;20110922090000;101720;mq;mq;mq;mq;302.650000;297.050000;72;mq;mq;mq;mq;mq;mq;mq;mq;mq;mq;mq;mq;mq;0;mq;mq;mq;mq;mq;mq;mq;mq;mq;mq;mq;mq;mq;mq;0.000000;0.000000;mq;mq;mq;mq;mq;mq;mq;mq;mq;mq;mq;mq;mq;mq;mq;mq;mq;mq;mq;
61972;20110922090000;102030;mq;mq;150;7.200000;300.250000;293.150000;65;mq;mq;mq;mq;mq;mq;mq;mq;mq;mq;mq;mq;mq;170;mq;mq;mq;mq;mq;mq;mq;mq;13.400000;-10;mq;mq;mq;mq;0.000000;0.000000;mq;mq;mq;710.000000;1113.000000;mq;mq;mq;mq;mq;mq;mq;mq;mq;mq;mq;mq;mq;mq;
61976;20110922090000;101800;mq;mq;110;7.200000;300.650000;294.250000;68;mq;mq;mq;mq;mq;mq;mq;mq;mq;mq;101650;mq;mq;40;mq;mq;mq;mq;mq;mq;mq;mq;mq;mq;mq;mq;mq;mq;mq;0.000000;mq;mq;mq;mq;mq;mq;mq;mq;mq;mq;mq;mq;mq;mq;mq;mq;mq;mq;mq;
61980;20110922090000;102010;mq;mq;70;2.600000;297.950000;292.150000;70;10000;2;1;1;60;5;800;38;20;10;mq;mq;mq;mq;mq;mq;mq;mq;mq;mq;mq;mq;4.100000;-10;mq;mq;mq;mq;0.000000;0.000000;mq;mq;mq;710.000000;1104.000000;2437.000000;mq;2;8;780;5;6;1500;mq;mq;mq;mq;mq;mq;
61996;20110922090000;101810;mq;mq;270;7.700000;285.850000;230.650000;mq;mq;mq;mq;mq;mq;mq;mq;mq;mq;mq;mq;mq;mq;mq;mq;mq;mq;mq;mq;mq;mq;mq;12.300000;-10;mq;mq;mq;mq;2.000000;2.000000;mq;mq;mq;710.000000;1112.000000;mq;mq;mq;mq;mq;mq;mq;mq;mq;mq;mq;mq;mq;mq;
67005;20110922090000;101610;mq;mq;160;3.100000;301.450000;295.950000;72;20000;2;1;1;60;3;800;38;23;11;mq;mq;mq;10;mq;mq;mq;mq;mq;mq;mq;mq;4.600000;-10;mq;mq;mq;mq;0.000000;0.000000;mq;mq;mq;710.000000;1105.000000;mq;mq;2;8;660;5;3;3000;mq;mq;mq;mq;mq;mq;
71805;20110922090000;102270;120;3;290;5.100000;284.950000;283.550000;91;40000;2;1;1;0;mq;mq;mq;mq;mq;102180;mq;mq;mq;mq;mq;mq;mq;mq;mq;mq;mq;8.700000;-10;mq;mq;0.000000;-30;0.000000;0.000000;mq;mq;mq;710.000000;1109.000000;3100.000000;mq;mq;mq;mq;mq;mq;mq;mq;mq;mq;mq;mq;mq;
78897;20110922090000;101400;10;3;100;3.100000;298.750000;296.450000;87;12000;2;8;6;60;2;800;38;23;12;mq;mq;mq;160;mq;mq;mq;mq;mq;mq;mq;mq;mq;mq;mq;mq;mq;mq;mq;mq;mq;mq;mq;mq;mq;mq;mq;2;8;600;3;0;7800;mq;mq;mq;mq;mq;mq;
78922;20110922090000;101320;10;3;100;6.200000;300.750000;297.150000;81;mq;mq;mq;mq;mq;mq;mq;mq;mq;mq;100880;mq;mq;mq;mq;mq;mq;mq;mq;mq;mq;mq;mq;mq;mq;mq;mq;mq;mq;mq;mq;mq;mq;mq;mq;mq;mq;mq;mq;mq;mq;mq;mq;mq;mq;mq;mq;mq;mq;
78925;20110922090000;101310;10;3;60;3.600000;300.350000;297.850000;86;50000;0;mq;mq;mq;mq;800;mq;mq;mq;mq;mq;mq;90;mq;mq;mq;mq;mq;mq;mq;mq;mq;mq;mq;mq;mq;mq;mq;mq;mq;mq;mq;mq;mq;mq;mq;mq;mq;mq;mq;mq;mq;mq;mq;mq;mq;mq;mq;
81401;20110922090000;101150;mq;mq;0;0.000000;296.250000;295.550000;96;mq;mq;mq;mq;mq;mq;mq;mq;mq;mq;101090;mq;mq;mq;mq;mq;mq;mq;mq;mq;mq;mq;mq;mq;mq;mq;mq;mq;mq;0.000000;mq;mq;mq;mq;mq;mq;mq;mq;mq;mq;mq;mq;mq;mq;mq;mq;mq;mq;mq;
81405;20110922090000;101170;mq;mq;0;0.000000;296.550000;296.250000;98;29000;0;mq;mq;mq;mq;1250;mq;mq;mq;101080;mq;mq;mq;mq;mq;mq;mq;mq;mq;mq;mq;mq;mq;mq;mq;mq;mq;mq;0.000000;mq;mq;mq;mq;mq;mq;mq;mq;mq;mq;mq;mq;mq;mq;mq;mq;mq;mq;mq;
81408;20110922090000;101180;mq;mq;0;0.000000;295.050000;294.750000;98;mq;mq;mq;mq;mq;mq;mq;mq;mq;mq;101100;mq;mq;mq;mq;mq;mq;mq;mq;mq;mq;mq;mq;mq;mq;mq;mq;mq;mq;0.000000;mq;mq;mq;mq;mq;mq;mq;mq;mq;mq;mq;mq;mq;mq;mq;mq;mq;mq;mq;
89642;20110922090000;97990;-160;6;30;3.600000;260.750000;258.650000;83;3000;71;7;3;100;7;450;35;61;60;97440;mq;mq;mq;mq;mq;mq;mq;mq;mq;mq;mq;18.000000;-30;mq;mq;mq;mq;mq;mq;mq;mq;mq;1118.000000;mq;mq;mq;4;7;390;7;6;1200;mq;mq;mq;mq;mq;mq;
07005;20110922120000;102170;0;0;260;6.200000;289.350000;284.950000;75;30000;2;1;1;90;7;800;38;61;60;101290;mq;mq;mq;mq;mq;mq;mq;mq;mq;mq;mq;10.800000;-10;mq;mq;0.000000;-60;0.000000;0.000000;0.000000;mq;mq;710.000000;1111.000000;3100.000000;mq;5;8;600;5;6;1500;mq;mq;mq;mq;mq;mq;
07015;20110922120000;102080;-20;6;250;5.700000;290.650000;284.650000;68;35000;25;8;6;90;7;800;38;61;60;101520;mq;mq;mq;mq;mq;mq;mq;mq;mq;mq;mq;9.300000;-10;mq;mq;0.000000;-60;0.000000;0.000000;0.000000;mq;mq;710.000000;1109.000000;3100.000000;mq;5;8;840;5;6;1380;mq;mq;mq;mq;mq;mq;
07020;20110922120000;102360;30;1;270;5.100000;290.050000;285.550000;75;20000;2;1;1;40;1;800;32;27;10;102100;mq;mq;mq;mq;mq;mq;mq;mq;mq;mq;mq;8.200000;-10;mq;mq;mq;mq;0.000000;0.000000;0.000000;mq;mq;710.000000;1108.000000;mq;mq;2;8;780;mq;mq;mq;mq;mq;mq;mq;mq;mq;
07027;20110922120000;102290;-40;8;250;4.600000;291.250000;283.850000;62;30000;2;1;1;60;5;1250;38;20;11;101490;mq;mq;mq;mq;mq;mq;mq;mq;mq;mq;mq;7.700000;-10;mq;mq;0.000000;-60;0.000000;0.000000;0.000000;mq;mq;710.000000;1108.000000;3100.000000;mq;2;8;990;4;6;1500;mq;mq;mq;mq;mq;mq;
07037;20110922120000;102240;-40;8;280;2.600000;289.650000;285.250000;75;20000;2;1;1;100;7;1250;35;61;60;100440;mq;mq;mq;mq;mq;mq;mq;mq;mq;mq;mq;5.700000;-10;mq;mq;0.000000;-60;0.000000;0.000000;0.000000;mq;mq;710.000000;1106.000000;3100.000000;mq;7;6;1470;mq;mq;mq;mq;mq;mq;mq;mq;mq;
07110;20110922120000;102390;-30;8;280;1.500000;290.250000;283.650000;65;40000;0;mq;mq;mq;mq;800;mq;mq;mq;101260;mq;mq;mq;mq;mq;mq;mq;mq;mq;mq;mq;6.700000;-10;mq;mq;mq;mq;0.000000;0.200000;0.200000;mq;mq;710.000000;1107.000000;mq;mq;mq;mq;mq;mq;mq;mq;mq;mq;mq;mq;mq;mq;
07117;20110922120000;102400;10;0;280;4.100000;289.450000;284.550000;73;12000;2;1;1;40;3;800;32;20;11;101710;mq;mq;mq;mq;mq;mq;mq;mq;mq;mq;mq;7.200000;-10;mq;mq;mq;mq;0.000000;0.000000;0.000000;mq;mq;710.000000;1107.000000;2437.000000;mq;mq;mq;mq;mq;mq;mq;mq;mq;mq;mq;mq;mq;
07130;20110922120000;102370;-80;8;310;2.100000;291.250000;284.350000;64;40000;0;mq;mq;75;mq;1250;mq;mq;mq;101860;mq;mq;mq;mq;mq;mq;mq;mq;mq;mq;mq;4.100000;-10;mq;mq;mq;mq;0.000000;0.000000;0.000000;mq;mq;710.000000;1104.000000;mq;mq;mq;mq;mq;mq;mq;mq;mq;mq;mq;mq;mq;mq;
07139;20110922120000;102310;-60;8;270;3.100000;289.950000;283.350000;65;30000;2;1;1;90;7;800;38;61;60;100600;mq;mq;mq;mq;mq;mq;mq;mq;mq;mq;mq;5.100000;-10;mq;mq;0.000000;-60;0.000000;0.000000;0.000000;mq;mq;710.000000;1105.000000;3100.000000;mq;3;8;780;7;6;1380;mq;mq;mq;mq;mq;mq;
07149;20110922120000;102230;-70;8;260;1.500000;292.150000;281.750000;51;25000;2;1;1;40;3;1250;35;20;10;101170;mq;mq;mq;mq;mq;mq;mq;mq;mq;mq;mq;6.700000;-10;mq;mq;0.000000;-60;0.000000;0.000000;0.000000;mq;mq;710.000000;1107.000000;3100.000000;mq;3;6;1200;mq;mq;mq;mq;mq;mq;mq;mq;mq;
07168;20110922120000;102230;-70;8;250;2.100000;291.750000;285.050000;65;20000;2;1;1;75;6;800;32;20;10;100840;mq;mq;mq;mq;mq;mq;mq;mq;mq;mq;mq;4.100000;-10;mq;mq;0.000000;-60;0.000000;0.000000;0.000000;mq;mq;710.000000;1104.000000;3100.000000;mq;6;8;690;mq;mq;mq;mq;mq;mq;mq;mq;mq;
07181;20110922120000;102140;-50;8;300;1.500000;290.150000;285.650000;75;50000;3;mq;mq;60;5;800;32;20;10;98140;mq;mq;mq;mq;mq;mq;mq;mq;mq;mq;mq;3.600000;-10;mq;mq;0.000000;-60;0.000000;0.000000;0.000000;mq;mq;710.000000;1104.000000;3100.000000;mq;5;8;690;mq;mq;mq;mq;mq;mq;mq;mq;mq;
07190;20110922120000;102060;-110;8;80;0.500000;293.850000;284.250000;54;35000;0;mq;mq;75;mq;1250;mq;mq;mq;100300;mq;mq;mq;mq;mq;mq;mq;mq;mq;mq;mq;4.100000;-10;mq;mq;mq;mq;0.000000;0.000000;0.000000;mq;mq;710.000000;1104.000000;mq;mq;mq;mq;mq;mq;mq;mq;mq;mq;mq;mq;mq;mq;
07207;20110922120000;mq;mq;mq;290;3.600000;291.250000;285.650000;70;30000;2;1;1;50;3;800;31;27;11;mq;mq;mq;mq;mq;mq;mq;mq;mq;mq;mq;mq;6.200000;-10;mq;mq;mq;mq;0.000000;0.000000;0.000000;mq;mq;710.000000;1106.000000;2428.000000;mq;mq;mq;mq;mq;mq;mq;mq;mq;mq;mq;mq;mq;
07222;20110922120000;102350;-90;8;30;2.600000;291.750000;282.750000;56;30000;2;1;1;40;3;1250;31;20;10;102040;mq;mq;mq;mq;mq;mq;mq;mq;mq;mq;mq;5.100000;-10;mq;mq;mq;mq;0.000000;0.000000;0.000000;mq;mq;710.000000;1105.000000;mq;mq;3;8;990;mq;mq;mq;mq;mq;mq;mq;mq;mq;
07240;20110922120000;102290;-80;8;280;2.100000;291.150000;282.750000;58;60000;0;mq;mq;mq;mq;800;mq;mq;mq;100960;mq;mq;mq;mq;mq;mq;mq;mq;mq;mq;mq;5.100000;-10;mq;mq;mq;mq;0.000000;0.000000;0.000000;mq;mq;710.000000;1105.000000;mq;mq;mq;mq;mq;mq;mq;mq;mq;mq;mq;mq;mq;mq;
07255;20110922120000;102230;-60;8;250;1.500000;293.350000;284.850000;58;20000;2;1;1;75;6;800;38;20;10;100290;mq;mq;mq;mq;mq;mq;mq;mq;mq;mq;mq;4.100000;-10;mq;mq;0.000000;-60;0.000000;0.000000;0.000000;mq;mq;710.000000;1104.000000;3100.000000;mq;3;8;780;5;6;1290;mq;mq;mq;mq;mq;mq;
07280;20110922120000;102100;-100;8;360;4.100000;293.350000;283.750000;54;60000;0;mq;mq;100;mq;1250;mq;mq;mq;99460;mq;mq;mq;mq;mq;mq;mq;mq;mq;mq;mq;6.700000;-10;mq;mq;mq;mq;0.000000;0.000000;0.000000;mq;mq;710.000000;1107.000000;mq;mq;mq;mq;mq;mq;mq;mq;mq;mq;mq;mq;mq;mq;
07299;20110922120000;102040;-110;8;340;1.500000;292.950000;283.650000;55;20000;2;1;1;75;3;800;31;20;12;98870;mq;mq;mq;mq;mq;mq;mq;mq;mq;mq;mq;4.600000;-10;mq;mq;0.000000;-60;0.000000;0.000000;0.000000;mq;mq;710.000000;1105.000000;3100.000000;mq;3;8;930;5;0;7500;mq;mq;mq;mq;mq;mq;
07314;20110922120000;102380;-30;8;340;3.100000;290.750000;287.850000;83;20000;2;1;1;90;7;1250;38;20;10;102110;mq;mq;mq;mq;mq;mq;mq;mq;mq;mq;mq;5.100000;-10;mq;mq;mq;mq;0.000000;0.000000;0.000000;mq;mq;710.000000;1105.000000;2438.000000;mq;2;8;1380;6;6;1500;mq;mq;mq;mq;mq;mq;
07335;20110922120000;102300;-80;8;340;2.100000;290.950000;286.250000;74;55000;0;mq;mq;100;mq;450;mq;mq;mq;100880;mq;mq;mq;mq;mq;mq;mq;mq;mq;mq;mq;4.600000;-10;mq;mq;mq;mq;0.000000;0.000000;0.000000;mq;mq;710.000000;1105.000000;mq;mq;mq;mq;mq;mq;mq;mq;mq;mq;mq;mq;mq;mq;
07434;20110922120000;102140;-50;6;10;3.600000;291.650000;284.450000;63;30000;2;1;1;25;2;800;31;20;11;97480;mq;mq;mq;mq;mq;mq;mq;mq;mq;mq;mq;7.200000;-10;mq;mq;0.000000;-60;0.000000;0.000000;0.000000;mq;mq;710.000000;1107.000000;3100.000000;mq;2;8;810;mq;mq;mq;mq;mq;mq;mq;mq;mq;
07460;20110922120000;102090;-120;8;40;2.100000;293.350000;284.050000;55;55000;0;mq;mq;mq;mq;1250;mq;mq;mq;98320;mq;mq;mq;mq;mq;mq;mq;mq;mq;mq;mq;7.700000;-10;mq;mq;mq;mq;0.000000;0.000000;0.000000;mq;mq;710.000000;1108.000000;mq;mq;mq;mq;mq;mq;mq;mq;mq;mq;mq;mq;mq;mq;
07471;20110922120000;mq;-90;7;50;2.600000;292.350000;281.050000;48;40000;2;4;0;10;0;mq;30;20;11;92540;85000;18010;mq;mq;mq;mq;mq;mq;mq;mq;mq;4.600000;-10;mq;mq;0.000000;-60;0.000000;0.000000;0.000000;mq;mq;710.000000;1105.000000;3100.000000;mq;1;0;7800;mq;mq;mq;mq;mq;mq;mq;mq;mq;
07481;20110922120000;102000;-140;8;350;5.700000;293.850000;284.750000;56;20000;2;4;0;10;1;1250;31;20;11;99220;mq;mq;mq;mq;mq;mq;mq;mq;mq;mq;mq;8.200000;-10;mq;mq;0.000000;-60;0.000000;0.000000;0.200000;mq;mq;710.000000;1108.000000;3100.000000;mq;1;8;1200;mq;mq;mq;mq;mq;mq;mq;mq;mq;
07510;20110922120000;102210;-90;8;360;4.100000;295.450000;286.550000;57;45000;0;mq;mq;mq;mq;800;mq;mq;mq;101580;mq;mq;mq;mq;mq;mq;mq;mq;mq;mq;mq;6.200000;-10;mq;mq;mq;mq;0.000000;0.000000;0.000000;mq;mq;710.000000;1106.000000;mq;mq;mq;mq;mq;mq;mq;mq;mq;mq;mq;mq;mq;mq;
07535;20110922120000;102040;-80;8;320;2.100000;295.350000;283.850000;48;25000;2;1;1;0;mq;mq;mq;mq;mq;99030;mq;mq;mq;mq;mq;mq;mq;mq;mq;mq;mq;5.100000;-10;mq;mq;0.000000;-60;0.000000;0.000000;0.000000;mq;mq;710.000000;1105.000000;3100.000000;mq;mq;mq;mq;mq;mq;mq;mq;mq;mq;mq;mq;mq;
07558;20110922120000;101720;-90;8;360;5.700000;296.450000;275.850000;26;60000;2;1;1;0;mq;mq;mq;mq;mq;93750;mq;mq;mq;mq;mq;mq;mq;mq;mq;mq;mq;10.300000;-10;mq;mq;0.000000;-60;0.000000;0.000000;0.000000;mq;mq;710.000000;1110.000000;3100.000000;mq;mq;mq;mq;mq;mq;mq;mq;mq;mq;mq;mq;mq;
07577;20110922120000;101820;-120;8;20;8.200000;296.350000;284.050000;46;30000;2;1;1;10;0;8000;30;20;11;100960;mq;mq;mq;mq;mq;mq;mq;mq;mq;mq;13.900000;14.400000;-10;mq;mq;0.000000;-60;0.000000;0.000000;0.000000;mq;mq;1014.000000;710.000000;1114.000000;3100.000000;1;0;6900;mq;mq;mq;mq;mq;mq;mq;mq;mq;
07591;20110922120000;mq;-110;8;210;3.100000;296.150000;281.450000;39;mq;0;mq;mq;mq;mq;mq;mq;mq;mq;91760;mq;mq;mq;mq;mq;mq;mq;mq;mq;mq;mq;6.700000;-10;mq;mq;mq;mq;0.000000;0.000000;0.000000;mq;mq;710.000000;1107.000000;mq;mq;mq;mq;mq;mq;mq;mq;mq;mq;mq;mq;mq;mq;
07607;20110922120000;102150;-130;8;340;2.100000;296.750000;286.350000;52;19000;0;mq;mq;mq;mq;mq;mq;mq;mq;101460;mq;mq;mq;mq;mq;mq;mq;mq;mq;mq;mq;5.100000;-10;mq;mq;mq;mq;0.000000;0.000000;0.000000;mq;mq;710.000000;1105.000000;mq;mq;mq;mq;mq;mq;mq;mq;mq;mq;mq;mq;mq;mq;
07621;20110922120000;102060;-80;7;360;2.100000;294.450000;289.650000;74;22000;2;1;1;75;6;800;32;20;10;97890;mq;mq;mq;mq;mq;mq;mq;mq;mq;mq;mq;4.600000;-10;mq;mq;0.000000;-60;0.000000;0.000000;0.000000;mq;mq;710.000000;1105.000000;3100.000000;mq;6;8;750;mq;mq;mq;mq;mq;mq;mq;mq;mq;
07627;20110922120000;101980;-90;7;340;2.100000;295.550000;285.450000;53;mq;mq;mq;mq;mq;mq;mq;mq;mq;mq;97300;mq;mq;mq;mq;mq;mq;mq;mq;mq;mq;mq;5.700000;-10;mq;mq;mq;mq;0.000000;0.000000;0.200000;mq;mq;710.000000;1106.000000;mq;mq;mq;mq;mq;mq;mq;mq;mq;mq;mq;mq;mq;mq;
07630;20110922120000;102040;-120;8;330;3.100000;297.150000;284.850000;46;30000;2;1;1;0;mq;mq;mq;mq;mq;100310;mq;mq;mq;mq;mq;mq;mq;mq;mq;mq;mq;7.200000;-10;mq;mq;0.000000;-60;0.000000;0.000000;0.000000;mq;mq;710.000000;1107.000000;3100.000000;mq;mq;mq;mq;mq;mq;mq;mq;mq;mq;mq;mq;mq;
07643;20110922120000;101740;-140;8;190;3.100000;300.050000;283.750000;36;60000;0;mq;mq;mq;mq;mq;mq;mq;mq;101650;mq;mq;mq;mq;mq;mq;mq;mq;mq;mq;mq;4.600000;-10;mq;mq;mq;mq;0.000000;0.000000;0.000000;mq;mq;710.000000;1105.000000;mq;mq;mq;mq;mq;mq;mq;mq;mq;mq;mq;mq;mq;mq;
07650;20110922120000;101610;-120;8;290;3.100000;300.150000;282.050000;32;60000;2;1;1;10;0;8000;30;20;11;101240;mq;mq;mq;mq;mq;mq;mq;mq;mq;mq;mq;6.700000;-10;mq;mq;0.000000;-60;0.000000;0.000000;0.000000;mq;mq;710.000000;1107.000000;3100.000000;mq;1;0;7500;mq;mq;mq;mq;mq;mq;mq;mq;mq;
07661;20110922120000;101600;-50;8;220;2.100000;295.550000;288.450000;64;mq;mq;mq;mq;mq;mq;mq;mq;mq;mq;100050;mq;mq;mq;mq;mq;mq;mq;mq;mq;mq;mq;5.100000;-10;mq;mq;mq;mq;0.000000;0.000000;0.000000;mq;mq;710.000000;1105.000000;mq;mq;mq;mq;mq;mq;mq;mq;mq;mq;mq;mq;mq;mq;
07690;20110922120000;101630;-70;8;120;2.600000;296.250000;290.050000;68;50000;2;1;1;25;0;mq;30;20;11;101310;mq;mq;mq;mq;mq;mq;mq;mq;mq;mq;mq;3.600000;-10;mq;mq;0.000000;-60;0.000000;0.000000;0.000000;mq;mq;710.000000;1104.000000;3100.000000;mq;2;0;7800;mq;mq;mq;mq;mq;mq;mq;mq;mq;
07747;20110922120000;101740;-140;8;350;4.100000;303.450000;280.650000;24;40000;2;1;1;10;1;1750;32;24;10;101240;mq;mq;mq;mq;mq;mq;mq;mq;mq;mq;mq;7.200000;-10;mq;mq;mq;mq;0.000000;0.000000;0.000000;mq;mq;710.000000;1107.000000;mq;mq;1;8;1800;mq;mq;mq;mq;mq;mq;mq;mq;mq;
07761;20110922120000;101660;-110;7;220;4.600000;297.850000;289.550000;60;40000;2;1;1;10;1;1250;31;20;10;101560;mq;mq;mq;mq;mq;mq;mq;mq;mq;mq;mq;6.700000;-10;mq;mq;0.000000;-60;0.000000;0.000000;0.000000;mq;mq;710.000000;1107.000000;3100.000000;mq;1;8;990;mq;mq;mq;mq;mq;mq;mq;mq;mq;
07790;20110922120000;101600;-60;8;100;3.100000;299.350000;285.750000;43;60000;2;1;1;50;1;1250;31;20;12;101460;mq;mq;mq;mq;mq;mq;mq;mq;mq;mq;mq;5.700000;-10;mq;mq;0.000000;-60;0.000000;0.000000;0.000000;mq;mq;710.000000;1106.000000;3100.000000;mq;1;8;1200;4;0;7800;mq;mq;mq;mq;mq;mq;
61968;20110922120000;101430;mq;mq;mq;mq;301.950000;293.950000;62;mq;mq;mq;mq;mq;mq;mq;mq;mq;mq;mq;mq;mq;110;mq;mq;mq;mq;mq;mq;mq;mq;9.800000;-10;mq;mq;mq;mq;0.000000;mq;0.000000;mq;mq;710.000000;1110.000000;mq;mq;mq;mq;mq;mq;mq;mq;mq;mq;mq;mq;mq;mq;
61970;20110922120000;101540;mq;mq;mq;mq;302.150000;297.750000;77;mq;mq;mq;mq;mq;mq;mq;mq;mq;mq;mq;mq;mq;30;mq;mq;mq;mq;mq;mq;mq;mq;mq;mq;mq;mq;mq;mq;0.000000;mq;0.000000;mq;mq;mq;mq;mq;mq;mq;mq;mq;mq;mq;mq;mq;mq;mq;mq;mq;mq;
61972;20110922120000;101890;mq;mq;150;7.200000;299.250000;292.850000;68;mq;mq;mq;mq;mq;mq;mq;mq;mq;mq;mq;mq;mq;110;mq;mq;mq;mq;mq;mq;mq;mq;12.300000;-10;mq;mq;mq;mq;0.000000;mq;0.000000;mq;mq;710.000000;1112.000000;mq;mq;mq;mq;mq;mq;mq;mq;mq;mq;mq;mq;mq;mq;
61976;20110922120000;101660;mq;mq;120;7.200000;299.650000;293.750000;70;mq;mq;mq;mq;mq;mq;mq;mq;mq;mq;101510;mq;mq;mq;mq;mq;mq;mq;mq;mq;mq;mq;mq;mq;mq;mq;mq;mq;mq;mq;mq;mq;mq;mq;mq;mq;mq;mq;mq;mq;mq;mq;mq;mq;mq;mq;mq;mq;mq;
61980;20110922120000;101890;mq;mq;70;2.600000;297.850000;292.250000;71;10000;2;1;1;60;5;800;38;23;10;mq;mq;mq;mq;mq;mq;mq;mq;mq;mq;mq;mq;3.600000;-10;mq;mq;mq;mq;0.000000;mq;0.000000;mq;mq;710.000000;1104.000000;2437.000000;mq;2;8;780;4;6;1500;mq;mq;mq;mq;mq;mq;
61997;20110922120000;101360;mq;mq;250;7.200000;278.450000;274.350000;75;mq;mq;mq;mq;mq;mq;mq;mq;mq;mq;mq;mq;mq;1370;mq;mq;mq;mq;mq;mq;mq;mq;21.100000;-60;mq;mq;mq;mq;mq;mq;0.200000;mq;mq;1121.000000;mq;mq;mq;mq;mq;mq;mq;mq;mq;mq;mq;mq;mq;mq;mq;
61998;20110922120000;98620;mq;mq;270;13.900000;276.150000;272.550000;77;20000;1;8;6;75;3;800;38;27;18;mq;mq;mq;mq;mq;mq;mq;mq;mq;mq;mq;mq;20.600000;-10;mq;mq;mq;mq;0.000000;mq;1.000000;mq;mq;710.000000;1121.000000;mq;mq;1;8;600;3;6;990;6;0;6900;mq;mq;mq;
67005;20110922120000;101450;mq;mq;160;3.100000;301.350000;296.250000;74;9000;15;2;2;90;4;800;33;23;60;mq;mq;mq;40;mq;mq;mq;mq;mq;mq;mq;mq;5.100000;-10;mq;mq;mq;mq;0.000000;mq;0.000000;mq;mq;710.000000;1105.000000;mq;mq;1;9;600;6;3;3000;mq;mq;mq;mq;mq;mq;
71805;20110922120000;102370;110;1;270;4.100000;288.250000;284.650000;79;40000;2;1;1;25;0;8000;30;20;11;102290;mq;mq;mq;mq;mq;mq;mq;mq;mq;mq;mq;8.700000;-10;mq;mq;0.000000;-60;0.000000;0.000000;0.000000;mq;mq;710.000000;1109.000000;3100.000000;mq;2;0;6300;mq;mq;mq;mq;mq;mq;mq;mq;mq;
78897;20110922120000;101560;160;1;80;2.600000;299.550000;297.350000;88;17000;0;mq;mq;mq;mq;1250;mq;mq;mq;mq;mq;mq;150;298.250000;mq;mq;304.150000;mq;mq;mq;mq;mq;mq;mq;mq;mq;mq;mq;mq;0.200000;mq;5.800000;mq;mq;mq;mq;mq;mq;mq;mq;mq;mq;mq;mq;mq;mq;mq;mq;
78922;20110922120000;101540;220;3;140;7.700000;299.950000;297.250000;85;mq;mq;mq;mq;mq;mq;mq;mq;mq;mq;101100;mq;mq;mq;mq;mq;mq;mq;mq;mq;mq;mq;mq;mq;mq;mq;mq;mq;mq;mq;mq;mq;mq;mq;mq;mq;mq;mq;mq;mq;mq;mq;mq;mq;mq;mq;mq;mq;mq;
78925;20110922120000;101520;210;1;170;0.500000;298.150000;297.850000;98;7000;91;9;6;75;6;800;39;20;10;mq;mq;mq;10;297.750000;mq;mq;305.350000;mq;mq;mq;mq;mq;mq;mq;mq;mq;mq;mq;mq;38.000000;mq;38.900000;mq;mq;mq;mq;1;8;600;4;6;990;mq;mq;mq;mq;mq;mq;
81401;20110922120000;101350;mq;mq;160;1.500000;299.450000;296.950000;86;mq;mq;mq;mq;mq;mq;mq;mq;mq;mq;101290;mq;mq;mq;296.250000;mq;mq;mq;mq;mq;mq;mq;mq;mq;mq;mq;mq;mq;mq;0.000000;mq;mq;0.800000;mq;mq;mq;mq;mq;mq;mq;mq;mq;mq;mq;mq;mq;mq;mq;mq;
81405;20110922120000;101370;mq;mq;140;2.100000;301.950000;297.250000;76;10000;2;1;1;40;2;450;31;23;12;101280;mq;mq;mq;296.250000;mq;mq;mq;mq;mq;mq;mq;mq;mq;mq;mq;mq;mq;mq;0.000000;mq;mq;0.000000;mq;mq;mq;mq;mq;mq;mq;mq;mq;mq;mq;mq;mq;mq;mq;mq;
81408;20110922120000;101350;mq;mq;150;1.500000;301.750000;297.350000;77;mq;mq;mq;mq;mq;mq;mq;mq;mq;mq;101270;mq;mq;mq;294.850000;mq;mq;mq;mq;mq;mq;mq;mq;mq;mq;mq;mq;mq;mq;0.000000;mq;mq;2.000000;mq;mq;mq;mq;mq;mq;mq;mq;mq;mq;mq;mq;mq;mq;mq;mq;
89642;20110922120000;97770;-220;8;280;0.500000;260.150000;258.050000;83;1500;71;7;3;100;7;450;37;61;60;97220;mq;mq;mq;260.150000;mq;262.850000;mq;mq;mq;mq;mq;18.000000;-60;mq;mq;mq;mq;mq;mq;mq;mq;mq;1118.000000;mq;mq;mq;7;7;330;mq;mq;mq;mq;mq;mq;mq;mq;mq;
07005;20110922150000;102160;-10;8;270;5.700000;289.950000;284.850000;72;30000;2;1;1;40;2;800;32;20;12;101280;mq;mq;mq;mq;mq;mq;mq;mq;mq;mq;mq;9.300000;-10;mq;mq;0.000000;-30;0.000000;0.000000;mq;mq;mq;710.000000;1109.000000;3100.000000;mq;2;8;750;mq;mq;mq;mq;mq;mq;mq;mq;mq;
07015;20110922150000;102070;-10;7;260;7.700000;290.850000;284.150000;65;25000;2;1;1;75;6;800;38;20;10;101510;mq;mq;mq;mq;mq;mq;mq;mq;mq;mq;mq;10.300000;-10;mq;mq;0.000000;-30;0.000000;0.000000;mq;mq;mq;710.000000;1110.000000;3100.000000;mq;1;8;870;6;6;1800;mq;mq;mq;mq;mq;mq;
07020;20110922150000;102310;-50;6;260;7.200000;290.050000;285.750000;76;20000;2;1;1;60;2;800;38;27;11;102050;mq;mq;mq;mq;mq;mq;mq;mq;mq;mq;mq;9.300000;-10;mq;mq;mq;mq;0.000000;0.000000;mq;mq;mq;710.000000;1109.000000;mq;mq;1;8;780;3;0;6000;mq;mq;mq;mq;mq;mq;
07027;20110922150000;102240;-50;6;270;4.100000;290.750000;283.650000;63;30000;2;1;1;60;4;1250;38;20;11;101440;mq;mq;mq;mq;mq;mq;mq;mq;mq;mq;mq;7.700000;-10;mq;mq;0.000000;-30;0.000000;0.000000;mq;mq;mq;710.000000;1108.000000;3100.000000;mq;3;8;990;mq;mq;mq;mq;mq;mq;mq;mq;mq;
07037;20110922150000;102190;-40;8;270;3.600000;291.850000;283.450000;58;20000;2;1;1;100;7;1250;35;61;60;100400;mq;mq;mq;mq;mq;mq;mq;mq;mq;mq;mq;6.700000;-10;mq;mq;0.000000;-30;0.000000;0.000000;mq;mq;mq;710.000000;1107.000000;3100.000000;mq;1;8;1080;7;6;1500;mq;mq;mq;mq;mq;mq;
07110;20110922150000;102330;-60;6;300;3.600000;289.750000;284.050000;69;15000;2;1;1;60;4;1250;32;20;11;101200;mq;mq;mq;mq;mq;mq;mq;mq;mq;mq;mq;6.700000;-10;mq;mq;0.000000;-30;0.000000;0.000000;mq;mq;mq;710.000000;1107.000000;3100.000000;mq;4;8;1110;4;0;7500;mq;mq;mq;mq;mq;mq;
07117;20110922150000;102340;-60;6;300;3.600000;290.350000;284.350000;68;12000;2;1;1;40;3;800;31;22;11;101650;mq;mq;mq;mq;mq;mq;mq;mq;mq;mq;mq;6.200000;-10;mq;mq;mq;mq;0.000000;0.000000;mq;mq;mq;710.000000;1106.000000;2437.000000;mq;mq;mq;mq;mq;mq;mq;mq;mq;mq;mq;mq;mq;
07130;20110922150000;102280;-90;7;260;2.600000;292.850000;282.750000;52;45000;0;mq;mq;90;mq;1250;mq;mq;mq;101770;mq;mq;mq;mq;mq;mq;mq;mq;mq;mq;mq;3.100000;-10;mq;mq;mq;mq;0.000000;0.000000;mq;mq;mq;710.000000;1103.000000;mq;mq;mq;mq;mq;mq;mq;mq;mq;mq;mq;mq;mq;mq;
07139;20110922150000;102260;-50;8;290;2.100000;290.050000;284.150000;68;30000;2;1;1;90;6;800;38;20;12;100550;mq;mq;mq;mq;mq;mq;mq;mq;mq;mq;mq;4.600000;-10;mq;mq;0.000000;-30;0.000000;0.000000;mq;mq;mq;710.000000;1105.000000;3100.000000;mq;2;8;690;5;6;1380;mq;mq;mq;mq;mq;mq;
07149;20110922150000;102210;-30;6;350;2.600000;291.650000;281.850000;53;25000;2;1;1;90;7;1250;35;20;10;101140;mq;mq;mq;mq;mq;mq;mq;mq;mq;mq;mq;6.200000;-10;mq;mq;0.000000;-30;0.000000;0.000000;mq;mq;mq;710.000000;1106.000000;3100.000000;mq;7;6;1200;mq;mq;mq;mq;mq;mq;mq;mq;mq;
07168;20110922150000;102150;-80;6;290;3.600000;292.750000;282.950000;53;20000;2;1;1;60;5;1250;31;20;10;100760;mq;mq;mq;mq;mq;mq;mq;mq;mq;mq;mq;8.200000;-10;mq;mq;0.000000;-30;0.000000;0.000000;mq;mq;mq;710.000000;1108.000000;3100.000000;mq;5;8;1200;mq;mq;mq;mq;mq;mq;mq;mq;mq;
07181;20110922150000;102070;-60;8;320;4.100000;291.350000;284.450000;64;60000;0;mq;mq;mq;mq;1250;mq;mq;mq;98080;mq;mq;mq;mq;mq;mq;mq;mq;mq;mq;mq;7.200000;-10;mq;mq;mq;mq;0.000000;0.000000;mq;mq;mq;710.000000;1107.000000;mq;mq;mq;mq;mq;mq;mq;mq;mq;mq;mq;mq;mq;mq;
07190;20110922150000;102010;-50;8;340;1.000000;295.150000;283.350000;47;55000;0;mq;mq;mq;mq;1250;mq;mq;mq;100250;mq;mq;mq;mq;mq;mq;mq;mq;mq;mq;mq;4.100000;-10;mq;mq;mq;mq;0.000000;0.000000;mq;mq;mq;710.000000;1104.000000;mq;mq;mq;mq;mq;mq;mq;mq;mq;mq;mq;mq;mq;mq;
07207;20110922150000;mq;mq;mq;290;4.100000;291.150000;284.450000;65;30000;2;1;1;50;3;800;31;27;11;mq;mq;mq;mq;mq;mq;mq;mq;mq;mq;mq;mq;6.200000;-10;mq;mq;mq;mq;0.000000;0.000000;mq;mq;mq;710.000000;1106.000000;2428.000000;mq;mq;mq;mq;mq;mq;mq;mq;mq;mq;mq;mq;mq;
07222;20110922150000;102260;-90;8;30;2.100000;293.050000;282.850000;52;30000;2;1;1;40;3;1250;31;20;10;101950;mq;mq;mq;mq;mq;mq;mq;mq;mq;mq;mq;4.100000;-10;mq;mq;mq;mq;0.000000;0.000000;mq;mq;mq;710.000000;1104.000000;mq;mq;3;8;1200;mq;mq;mq;mq;mq;mq;mq;mq;mq;
07240;20110922150000;102210;-70;7;310;2.600000;293.550000;282.150000;48;60000;0;mq;mq;mq;mq;mq;mq;mq;mq;100890;mq;mq;mq;mq;mq;mq;mq;mq;mq;mq;mq;5.100000;-10;mq;mq;mq;mq;0.000000;0.000000;mq;mq;mq;710.000000;1105.000000;mq;mq;mq;mq;mq;mq;mq;mq;mq;mq;mq;mq;mq;mq;
07255;20110922150000;102130;-90;7;290;3.100000;294.450000;284.450000;53;30000;2;1;1;50;3;1250;38;20;11;100200;mq;mq;mq;mq;mq;mq;mq;mq;mq;mq;mq;4.600000;-10;mq;mq;0.000000;-30;0.000000;0.000000;mq;mq;mq;710.000000;1105.000000;3100.000000;mq;2;8;1080;mq;mq;mq;mq;mq;mq;mq;mq;mq;
07280;20110922150000;102090;-20;7;330;3.600000;292.450000;283.450000;56;60000;0;mq;mq;100;mq;1250;mq;mq;mq;99440;mq;mq;mq;mq;mq;mq;mq;mq;mq;mq;mq;6.700000;-10;mq;mq;mq;mq;0.000000;0.000000;mq;mq;mq;710.000000;1107.000000;mq;mq;mq;mq;mq;mq;mq;mq;mq;mq;mq;mq;mq;mq;
07299;20110922150000;101940;-80;7;20;1.500000;294.350000;283.850000;51;30000;2;1;1;50;2;1250;34;20;12;98790;mq;mq;mq;mq;mq;mq;mq;mq;mq;mq;mq;4.100000;-10;mq;mq;0.000000;-30;0.000000;0.000000;mq;mq;mq;710.000000;1104.000000;3100.000000;mq;1;8;1230;3;0;7500;mq;mq;mq;mq;mq;mq;
07314;20110922150000;102300;-80;8;340;2.100000;291.450000;287.750000;79;mq;mq;mq;mq;mq;mq;mq;mq;mq;mq;102030;mq;mq;mq;mq;mq;mq;mq;mq;mq;mq;mq;4.100000;-10;mq;mq;mq;mq;0.000000;0.000000;mq;mq;mq;710.000000;1104.000000;mq;mq;mq;mq;mq;mq;mq;mq;mq;mq;mq;mq;mq;mq;
07335;20110922150000;102200;-90;7;340;2.100000;293.450000;283.550000;53;40000;2;1;1;60;4;1250;31;20;11;100790;mq;mq;mq;mq;mq;mq;mq;mq;mq;mq;mq;4.600000;-10;mq;mq;mq;mq;0.000000;0.000000;mq;mq;mq;710.000000;1105.000000;mq;mq;4;8;1200;mq;mq;mq;mq;mq;mq;mq;mq;mq;
07434;20110922150000;102070;-70;6;350;4.600000;291.350000;284.850000;66;45000;2;1;1;90;1;800;31;20;12;97410;mq;mq;mq;mq;mq;mq;mq;mq;mq;mq;mq;7.200000;-10;mq;mq;0.000000;-30;0.000000;0.000000;mq;mq;mq;710.000000;1107.000000;3100.000000;mq;1;8;900;7;0;7800;mq;mq;mq;mq;mq;mq;
07460;20110922150000;101990;-90;6;40;3.600000;293.750000;284.350000;55;40000;2;1;1;10;1;1250;31;20;11;98230;mq;mq;mq;mq;mq;mq;mq;mq;mq;mq;mq;6.200000;-10;mq;mq;0.000000;-30;0.000000;0.000000;mq;mq;mq;710.000000;1106.000000;3100.000000;mq;1;8;1380;mq;mq;mq;mq;mq;mq;mq;mq;mq;
07471;20110922150000;mq;-90;6;70;1.000000;294.750000;281.650000;43;20000;0;mq;mq;mq;mq;1250;mq;mq;mq;92450;85000;17930;mq;mq;mq;mq;mq;mq;mq;mq;mq;5.100000;-10;mq;mq;mq;mq;0.000000;0.000000;mq;mq;mq;710.000000;1105.000000;mq;mq;mq;mq;mq;mq;mq;mq;mq;mq;mq;mq;mq;mq;
07481;20110922150000;101930;-70;7;350;5.100000;293.950000;284.250000;54;30000;2;1;1;25;1;1250;31;20;11;99150;mq;mq;mq;mq;mq;mq;mq;mq;mq;mq;mq;8.700000;-10;mq;mq;0.000000;-30;0.000000;0.000000;mq;mq;mq;710.000000;1109.000000;3100.000000;mq;1;8;1200;mq;mq;mq;mq;mq;mq;mq;mq;mq;
07510;20110922150000;102100;-110;6;20;3.600000;295.250000;284.950000;52;40000;2;1;1;25;1;1250;31;20;11;101470;mq;mq;mq;mq;mq;mq;mq;mq;mq;mq;mq;7.700000;-10;mq;mq;0.000000;-30;0.000000;0.000000;mq;mq;mq;710.000000;1108.000000;3100.000000;mq;1;8;1290;mq;mq;mq;mq;mq;mq;mq;mq;mq;
07535;20110922150000;101890;-120;6;320;2.100000;297.850000;280.950000;34;25000;2;1;1;0;mq;mq;mq;mq;mq;98910;mq;mq;mq;mq;mq;mq;mq;mq;mq;mq;mq;6.700000;-10;mq;mq;0.000000;-30;0.000000;0.000000;mq;mq;mq;710.000000;1107.000000;3100.000000;mq;mq;mq;mq;mq;mq;mq;mq;mq;mq;mq;mq;mq;
07558;20110922150000;101640;-60;8;320;5.700000;296.850000;276.150000;26;60000;2;1;1;0;mq;mq;mq;mq;mq;93690;mq;mq;mq;mq;mq;mq;mq;mq;mq;mq;mq;10.300000;-10;mq;mq;0.000000;-30;0.000000;0.000000;mq;mq;mq;710.000000;1110.000000;3100.000000;mq;mq;mq;mq;mq;mq;mq;mq;mq;mq;mq;mq;mq;
07577;20110922150000;101710;-110;7;30;7.700000;297.050000;283.350000;42;40000;2;1;1;40;0;8000;30;20;11;100850;mq;mq;mq;mq;mq;mq;mq;mq;mq;mq;mq;14.400000;-10;mq;mq;0.000000;-30;0.000000;0.000000;mq;mq;mq;710.000000;1114.000000;3100.000000;mq;3;0;6900;mq;mq;mq;mq;mq;mq;mq;mq;mq;
07591;20110922150000;mq;-110;6;210;4.600000;296.950000;280.550000;35;mq;0;mq;mq;mq;mq;mq;mq;mq;mq;91650;mq;mq;mq;mq;mq;mq;mq;mq;mq;mq;mq;8.700000;-10;mq;mq;mq;mq;0.000000;0.000000;mq;mq;mq;710.000000;1109.000000;mq;mq;mq;mq;mq;mq;mq;mq;mq;mq;mq;mq;mq;mq;
07607;20110922150000;101980;-160;6;50;0.500000;297.950000;286.550000;49;60000;0;mq;mq;mq;mq;1750;mq;mq;mq;101300;mq;mq;mq;mq;mq;mq;mq;mq;mq;mq;mq;6.200000;-10;mq;mq;mq;mq;0.000000;0.000000;mq;mq;mq;710.000000;1106.000000;mq;mq;mq;mq;mq;mq;mq;mq;mq;mq;mq;mq;mq;mq;
07621;20110922150000;102000;-80;6;350;1.500000;293.350000;287.250000;68;22000;2;1;1;90;7;800;35;61;60;97810;mq;mq;mq;mq;mq;mq;mq;mq;mq;mq;mq;4.600000;-10;mq;mq;0.000000;-30;0.000000;0.000000;mq;mq;mq;710.000000;1105.000000;3100.000000;mq;7;6;900;mq;mq;mq;mq;mq;mq;mq;mq;mq;
07627;20110922150000;101890;-90;6;320;2.600000;295.250000;287.650000;62;30000;2;1;1;90;7;1250;35;20;10;97210;mq;mq;mq;mq;mq;mq;mq;mq;mq;mq;mq;5.100000;-10;mq;mq;0.000000;-30;0.000000;0.000000;mq;mq;mq;710.000000;1105.000000;3100.000000;mq;7;6;1200;mq;mq;mq;mq;mq;mq;mq;mq;mq;
07630;20110922150000;101880;-150;6;310;4.600000;299.450000;280.450000;30;30000;2;1;1;0;mq;mq;mq;mq;mq;100160;mq;mq;mq;mq;mq;mq;mq;mq;mq;mq;mq;7.700000;-10;mq;mq;0.000000;-30;0.000000;0.000000;mq;mq;mq;710.000000;1108.000000;3100.000000;mq;mq;mq;mq;mq;mq;mq;mq;mq;mq;mq;mq;mq;
07650;20110922150000;101480;-130;6;330;6.700000;301.150000;281.450000;29;60000;2;1;1;10;1;3500;30;23;10;101110;mq;mq;mq;mq;mq;mq;mq;mq;mq;mq;mq;11.800000;-10;mq;mq;0.000000;-30;0.000000;0.000000;mq;mq;mq;710.000000;1112.000000;3100.000000;mq;1;3;3000;mq;mq;mq;mq;mq;mq;mq;mq;mq;
07661;20110922150000;101500;-90;8;260;3.100000;297.250000;282.450000;39;35000;2;1;1;0;mq;mq;mq;mq;mq;99960;mq;mq;mq;mq;mq;mq;mq;mq;mq;mq;mq;5.700000;-10;mq;mq;mq;mq;0.000000;0.000000;mq;mq;mq;710.000000;1106.000000;mq;mq;mq;mq;mq;mq;mq;mq;mq;mq;mq;mq;mq;mq;
07690;20110922150000;101550;-80;6;140;2.100000;296.250000;290.250000;69;50000;2;1;1;10;0;mq;30;20;11;101230;mq;mq;mq;mq;mq;mq;mq;mq;mq;mq;mq;3.600000;-10;mq;mq;0.000000;-30;0.000000;0.000000;mq;mq;mq;710.000000;1104.000000;3100.000000;mq;1;0;7800;mq;mq;mq;mq;mq;mq;mq;mq;mq;
07747;20110922150000;101630;-110;7;330;4.100000;303.050000;283.050000;29;40000;2;1;1;10;1;1750;32;24;10;101130;mq;mq;mq;mq;mq;mq;mq;mq;mq;mq;mq;8.200000;-10;mq;mq;mq;mq;0.000000;0.000000;mq;mq;mq;710.000000;1108.000000;mq;mq;1;8;1800;mq;mq;mq;mq;mq;mq;mq;mq;mq;
07761;20110922150000;101580;-80;6;220;4.100000;297.150000;290.450000;66;40000;2;1;1;10;1;1250;31;20;11;101480;mq;mq;mq;mq;mq;mq;mq;mq;mq;mq;mq;6.700000;-10;mq;mq;0.000000;-30;0.000000;0.000000;mq;mq;mq;710.000000;1107.000000;3100.000000;mq;1;8;1080;mq;mq;mq;mq;mq;mq;mq;mq;mq;
07790;20110922150000;101510;-90;6;100;2.600000;298.450000;287.250000;50;60000;2;1;1;10;1;1250;31;20;11;101370;mq;mq;mq;mq;mq;mq;mq;mq;mq;mq;mq;5.100000;-10;mq;mq;0.000000;-30;0.000000;0.000000;mq;mq;mq;710.000000;1105.000000;3100.000000;mq;1;8;1200;mq;mq;mq;mq;mq;mq;mq;mq;mq;
61968;20110922150000;101550;mq;mq;80;2.600000;298.650000;293.850000;75;mq;mq;mq;mq;mq;mq;mq;mq;mq;mq;mq;mq;mq;70;mq;mq;mq;mq;mq;mq;mq;mq;6.200000;-10;mq;mq;mq;mq;0.000000;0.000000;mq;mq;mq;710.000000;1106.000000;mq;mq;mq;mq;mq;mq;mq;mq;mq;mq;mq;mq;mq;mq;
61970;20110922150000;101530;mq;mq;mq;mq;299.250000;297.450000;90;mq;mq;mq;mq;mq;mq;mq;mq;mq;mq;mq;mq;mq;mq;mq;mq;mq;mq;mq;mq;mq;mq;mq;mq;mq;mq;mq;mq;0.000000;0.000000;mq;mq;mq;mq;mq;mq;mq;mq;mq;mq;mq;mq;mq;mq;mq;mq;mq;mq;mq;
61972;20110922150000;101940;mq;mq;180;7.200000;296.750000;293.450000;82;mq;mq;mq;mq;mq;mq;mq;mq;mq;mq;mq;mq;mq;160;mq;mq;mq;mq;mq;mq;mq;mq;13.900000;-10;mq;mq;mq;mq;0.000000;0.000000;mq;mq;mq;710.000000;1114.000000;mq;mq;mq;mq;mq;mq;mq;mq;mq;mq;mq;mq;mq;mq;
61976;20110922150000;101820;mq;mq;130;7.200000;297.350000;293.650000;80;mq;mq;mq;mq;mq;mq;mq;mq;mq;mq;101670;mq;mq;mq;mq;mq;mq;mq;mq;mq;mq;mq;mq;mq;mq;mq;mq;mq;mq;mq;mq;mq;mq;mq;mq;mq;mq;mq;mq;mq;mq;mq;mq;mq;mq;mq;mq;mq;mq;
61980;20110922150000;102040;mq;mq;120;2.600000;295.450000;292.050000;81;10000;2;1;1;50;3;800;38;23;10;mq;mq;mq;mq;mq;mq;mq;mq;mq;mq;mq;mq;5.100000;-10;mq;mq;mq;mq;0.000000;0.000000;mq;mq;mq;710.000000;1105.000000;mq;mq;1;8;780;3;6;1380;mq;mq;mq;mq;mq;mq;
61997;20110922150000;101540;mq;mq;290;5.700000;277.850000;273.950000;76;mq;mq;mq;mq;mq;mq;mq;mq;mq;mq;mq;mq;mq;1320;mq;mq;mq;mq;mq;mq;mq;mq;14.900000;-30;mq;mq;mq;mq;mq;0.000000;mq;mq;mq;1115.000000;mq;mq;mq;mq;mq;mq;mq;mq;mq;mq;mq;mq;mq;mq;mq;
61998;20110922150000;99140;mq;mq;250;9.300000;273.750000;273.350000;97;mq;mq;mq;mq;mq;mq;mq;mq;mq;mq;mq;mq;mq;40;mq;mq;mq;mq;mq;mq;mq;mq;14.400000;-10;mq;mq;mq;mq;0.600000;0.600000;mq;mq;mq;710.000000;1114.000000;mq;mq;mq;mq;mq;mq;mq;mq;mq;mq;mq;mq;mq;mq;
67005;20110922150000;101540;mq;mq;0;0.000000;299.650000;296.350000;82;15000;2;1;1;60;5;800;38;23;10;mq;mq;mq;0;mq;mq;mq;mq;mq;mq;mq;mq;2.600000;-10;mq;mq;mq;mq;0.000000;0.000000;mq;mq;mq;710.000000;1103.000000;mq;mq;2;8;600;4;6;1500;mq;mq;mq;mq;mq;mq;
71805;20110922150000;102410;40;1;230;4.100000;290.250000;285.350000;73;40000;2;1;1;50;0;8000;30;20;11;102330;mq;mq;mq;mq;mq;mq;mq;mq;mq;mq;mq;7.700000;-10;mq;mq;0.000000;-30;0.000000;0.000000;mq;mq;mq;710.000000;1108.000000;3100.000000;mq;4;0;6300;mq;mq;mq;mq;mq;mq;mq;mq;mq;
78897;20110922150000;101680;120;0;100;7.700000;304.150000;296.550000;64;50000;0;mq;mq;mq;mq;800;mq;mq;mq;mq;mq;mq;250;mq;mq;mq;mq;mq;mq;mq;mq;mq;mq;mq;mq;mq;mq;mq;mq;mq;mq;mq;mq;mq;mq;mq;mq;mq;mq;mq;mq;mq;mq;mq;mq;mq;mq;mq;
78922;20110922150000;101590;50;0;120;9.800000;302.350000;296.350000;70;mq;mq;mq;mq;mq;mq;mq;mq;mq;mq;101150;mq;mq;mq;mq;mq;mq;mq;mq;mq;mq;mq;mq;mq;mq;mq;mq;mq;mq;mq;mq;mq;mq;mq;mq;mq;mq;mq;mq;mq;mq;mq;mq;mq;mq;mq;mq;mq;mq;
78925;20110922150000;101640;120;1;70;8.200000;302.450000;297.750000;76;16000;1;6;2;90;3;800;38;20;12;mq;mq;mq;130;mq;mq;mq;mq;mq;mq;mq;mq;mq;mq;mq;mq;mq;mq;mq;mq;mq;mq;mq;mq;mq;mq;mq;2;8;780;7;0;7800;mq;mq;mq;mq;mq;mq;
81401;20110922150000;101280;mq;mq;130;2.100000;305.050000;294.550000;54;mq;mq;mq;mq;mq;mq;mq;mq;mq;mq;101220;mq;mq;mq;mq;mq;mq;mq;mq;mq;mq;mq;mq;mq;mq;mq;mq;mq;mq;0.000000;mq;mq;mq;mq;mq;mq;mq;mq;mq;mq;mq;mq;mq;mq;mq;mq;mq;mq;mq;
81405;20110922150000;101280;mq;mq;110;3.100000;304.750000;295.750000;59;60000;0;mq;mq;100;mq;1250;mq;mq;mq;101190;mq;mq;mq;mq;mq;mq;mq;mq;mq;mq;mq;mq;mq;mq;mq;mq;mq;mq;0.000000;mq;mq;mq;mq;mq;mq;mq;mq;mq;mq;mq;mq;mq;mq;mq;mq;mq;mq;mq;
81408;20110922150000;101270;mq;mq;130;2.100000;305.350000;297.150000;62;mq;mq;mq;mq;mq;mq;mq;mq;mq;mq;101190;mq;mq;mq;mq;mq;mq;mq;mq;mq;mq;mq;mq;mq;mq;mq;mq;mq;mq;0.000000;mq;mq;mq;mq;mq;mq;mq;mq;mq;mq;mq;mq;mq;mq;mq;mq;mq;mq;mq;
89642;20110922150000;97560;-210;7;0;0.000000;259.650000;257.350000;81;mq;mq;mq;mq;mq;mq;mq;mq;mq;mq;97010;mq;mq;mq;mq;mq;mq;mq;mq;mq;mq;mq;mq;mq;mq;mq;mq;mq;mq;mq;mq;mq;mq;mq;mq;mq;mq;mq;mq;mq;mq;mq;mq;mq;mq;mq;mq;mq;mq;
07005;20110922180000;102190;20;3;250;3.100000;287.050000;284.050000;82;mq;mq;mq;mq;mq;mq;mq;mq;mq;mq;101300;mq;mq;mq;285.550000;mq;290.750000;mq;mq;mq;mq;mq;6.200000;-10;mq;mq;mq;mq;0.000000;0.000000;mq;0.000000;mq;710.000000;1106.000000;mq;mq;mq;mq;mq;mq;mq;mq;mq;mq;mq;mq;mq;mq;
07015;20110922180000;102110;40;3;270;4.600000;288.850000;284.050000;73;30000;2;1;1;90;7;800;38;61;60;101550;mq;mq;mq;285.650000;mq;291.550000;mq;mq;mq;mq;mq;7.700000;-10;mq;mq;0.000000;-60;0.000000;0.000000;mq;0.000000;mq;710.000000;1108.000000;3100.000000;mq;1;8;870;7;6;1800;mq;mq;mq;mq;mq;mq;
07020;20110922180000;102270;-40;6;270;6.700000;288.450000;285.050000;80;20000;2;1;1;75;2;1250;35;27;11;102010;mq;mq;mq;288.250000;mq;290.350000;mq;mq;mq;mq;mq;8.700000;-10;mq;mq;mq;mq;0.000000;0.000000;mq;0.000000;mq;710.000000;1109.000000;mq;mq;2;6;1200;4;3;2400;mq;mq;mq;mq;mq;mq;
07027;20110922180000;102260;20;2;360;0.500000;288.250000;285.150000;82;21000;0;mq;mq;mq;mq;1250;mq;mq;mq;101460;mq;mq;mq;282.250000;mq;292.450000;mq;mq;mq;mq;mq;5.700000;-10;mq;mq;mq;mq;0.000000;0.000000;mq;0.000000;mq;710.000000;1106.000000;mq;mq;mq;mq;mq;mq;mq;mq;mq;mq;mq;mq;mq;mq;
07037;20110922180000;102250;30;3;310;2.100000;286.650000;283.850000;83;27000;0;mq;mq;mq;mq;800;mq;mq;mq;100430;mq;mq;mq;283.250000;mq;291.850000;mq;mq;mq;mq;mq;4.100000;-10;mq;mq;mq;mq;0.000000;0.000000;mq;0.000000;mq;710.000000;1104.000000;mq;mq;mq;mq;mq;mq;mq;mq;mq;mq;mq;mq;mq;mq;
07110;20110922180000;102300;-40;6;300;1.500000;287.950000;283.350000;74;20000;2;1;1;40;1;1250;35;20;11;101160;mq;mq;mq;285.350000;mq;291.550000;mq;mq;mq;mq;mq;4.600000;-10;mq;mq;0.000000;-60;0.000000;0.000000;mq;0.200000;mq;710.000000;1105.000000;3100.000000;mq;1;6;1230;3;0;7500;mq;mq;mq;mq;mq;mq;
07117;20110922180000;102310;-40;5;280;2.600000;287.450000;284.750000;84;12000;2;1;1;75;3;2250;30;22;11;101610;mq;mq;mq;285.250000;mq;290.850000;mq;mq;mq;mq;mq;5.100000;-10;mq;mq;mq;mq;0.000000;0.000000;mq;0.000000;mq;710.000000;1105.000000;2427.000000;mq;mq;mq;mq;mq;mq;mq;mq;mq;mq;mq;mq;mq;
07130;20110922180000;102270;-20;5;30;3.100000;289.050000;284.450000;74;30000;0;mq;mq;mq;mq;mq;mq;mq;mq;101750;mq;mq;mq;280.950000;mq;293.750000;mq;mq;mq;mq;mq;4.100000;-10;mq;mq;mq;mq;0.000000;0.000000;mq;0.000000;mq;710.000000;1104.000000;mq;mq;mq;mq;mq;mq;mq;mq;mq;mq;mq;mq;mq;mq;
07139;20110922180000;102250;-20;5;220;1.000000;288.650000;283.150000;70;mq;mq;mq;mq;mq;mq;mq;mq;mq;mq;100530;mq;mq;mq;281.150000;mq;291.450000;mq;mq;mq;mq;mq;2.600000;-10;mq;mq;mq;mq;0.000000;0.000000;mq;0.000000;mq;710.000000;1103.000000;mq;mq;mq;mq;mq;mq;mq;mq;mq;mq;mq;mq;mq;mq;
07149;20110922180000;102190;-20;5;310;2.100000;289.450000;282.350000;63;25000;2;1;1;60;4;1250;35;20;11;101120;mq;mq;mq;286.450000;mq;293.450000;mq;mq;mq;mq;mq;6.200000;-10;mq;mq;0.000000;-60;0.000000;0.000000;mq;0.000000;mq;710.000000;1106.000000;3100.000000;mq;4;6;1440;3;0;7500;mq;mq;mq;mq;mq;mq;
07168;20110922180000;102180;10;3;310;1.000000;287.950000;283.150000;73;20000;0;mq;mq;mq;mq;mq;mq;mq;mq;100770;mq;mq;mq;285.250000;mq;293.550000;mq;mq;mq;mq;mq;3.600000;-10;mq;mq;mq;mq;0.000000;0.000000;mq;0.000000;mq;710.000000;1104.000000;mq;mq;mq;mq;mq;mq;mq;mq;mq;mq;mq;mq;mq;mq;
07181;20110922180000;102180;40;3;340;1.000000;286.150000;283.150000;82;60000;0;mq;mq;mq;mq;mq;mq;mq;mq;98120;mq;mq;mq;284.850000;mq;292.150000;mq;mq;mq;mq;mq;3.600000;-10;mq;mq;mq;mq;0.000000;0.000000;mq;0.000000;mq;710.000000;1104.000000;mq;mq;mq;mq;mq;mq;mq;mq;mq;mq;mq;mq;mq;mq;
07190;20110922180000;102090;50;3;320;2.600000;290.050000;284.550000;70;50000;0;mq;mq;90;mq;1750;mq;mq;mq;100300;mq;mq;mq;284.350000;mq;295.350000;mq;mq;mq;mq;mq;5.100000;-10;mq;mq;mq;mq;0.000000;0.000000;mq;0.000000;mq;710.000000;1105.000000;mq;mq;mq;mq;mq;mq;mq;mq;mq;mq;mq;mq;mq;mq;
07207;20110922180000;mq;mq;mq;300;2.600000;289.150000;284.550000;74;30000;2;1;1;40;3;3500;30;27;11;mq;mq;mq;mq;284.650000;mq;291.750000;mq;mq;mq;mq;mq;5.100000;-10;mq;mq;mq;mq;0.000000;0.000000;mq;0.000000;mq;710.000000;1105.000000;2428.000000;mq;mq;mq;mq;mq;mq;mq;mq;mq;mq;mq;mq;mq;
07222;20110922180000;102210;-50;5;360;1.500000;289.450000;282.650000;64;30000;2;1;1;10;1;1250;34;20;11;101900;mq;mq;mq;283.750000;mq;293.750000;mq;mq;mq;mq;mq;3.100000;-10;mq;mq;mq;mq;0.000000;0.000000;mq;0.000000;mq;710.000000;1103.000000;mq;mq;1;6;1350;mq;mq;mq;mq;mq;mq;mq;mq;mq;
07240;20110922180000;102190;-30;6;340;2.100000;290.450000;282.150000;58;35000;2;1;1;10;0;8000;30;20;12;100860;mq;mq;mq;287.350000;mq;293.650000;mq;mq;mq;mq;mq;5.100000;-10;mq;mq;0.000000;-60;0.000000;0.000000;mq;0.000000;mq;710.000000;1105.000000;3100.000000;mq;1;0;7800;mq;mq;mq;mq;mq;mq;mq;mq;mq;
07255;20110922180000;102150;-10;5;340;1.500000;290.550000;284.350000;67;20000;0;mq;mq;mq;mq;mq;mq;mq;mq;100190;mq;mq;mq;285.450000;mq;295.050000;mq;mq;mq;mq;mq;3.600000;-10;mq;mq;mq;mq;0.000000;0.000000;mq;0.000000;mq;710.000000;1104.000000;mq;mq;mq;mq;mq;mq;mq;mq;mq;mq;mq;mq;mq;mq;
07280;20110922180000;102100;-10;5;310;1.500000;290.850000;283.250000;61;60000;0;mq;mq;100;mq;1750;mq;mq;mq;99430;mq;mq;mq;281.550000;mq;294.150000;mq;mq;mq;mq;mq;2.600000;-10;mq;mq;mq;mq;0.000000;0.000000;mq;0.000000;mq;710.000000;1103.000000;mq;mq;mq;mq;mq;mq;mq;mq;mq;mq;mq;mq;mq;mq;
07299;20110922180000;102030;40;3;290;2.600000;289.650000;285.450000;76;25000;2;1;1;60;4;1250;34;20;12;98830;mq;mq;mq;280.550000;mq;294.850000;mq;mq;mq;mq;mq;4.100000;-10;mq;mq;0.000000;-60;0.000000;0.000000;mq;0.000000;mq;710.000000;1104.000000;3100.000000;mq;4;6;1380;3;0;7800;mq;mq;mq;mq;mq;mq;
07314;20110922180000;102220;-80;6;330;2.600000;290.950000;285.850000;72;25000;2;1;1;10;0;8000;30;20;11;101950;mq;mq;mq;289.350000;mq;291.950000;mq;mq;mq;mq;mq;4.100000;-10;mq;mq;mq;mq;0.000000;0.000000;mq;0.000000;mq;710.000000;1104.000000;2428.000000;mq;1;0;6000;mq;mq;mq;mq;mq;mq;mq;mq;mq;
07335;20110922180000;102170;-50;5;10;2.100000;289.650000;283.050000;65;60000;0;mq;mq;mq;mq;mq;mq;mq;mq;100740;mq;mq;mq;284.650000;mq;293.850000;mq;mq;mq;mq;mq;5.100000;-10;mq;mq;mq;mq;0.000000;0.000000;mq;0.000000;mq;710.000000;1105.000000;mq;mq;mq;mq;mq;mq;mq;mq;mq;mq;mq;mq;mq;mq;
07434;20110922180000;102100;-20;5;20;3.100000;288.250000;284.250000;77;55000;0;mq;mq;mq;mq;mq;mq;mq;mq;97390;mq;mq;mq;286.350000;mq;292.250000;mq;mq;mq;mq;mq;6.200000;-10;mq;mq;mq;mq;0.000000;0.000000;mq;0.000000;mq;710.000000;1106.000000;mq;mq;mq;mq;mq;mq;mq;mq;mq;mq;mq;mq;mq;mq;
07460;20110922180000;102100;50;3;360;3.100000;289.250000;284.150000;72;30000;2;1;1;10;0;8000;30;20;11;98280;mq;mq;mq;280.850000;mq;294.550000;mq;mq;mq;mq;mq;6.700000;-10;mq;mq;0.000000;-60;0.000000;0.000000;mq;0.000000;mq;710.000000;1107.000000;3100.000000;mq;1;0;7500;mq;mq;mq;mq;mq;mq;mq;mq;mq;
07471;20110922180000;mq;50;3;60;0.500000;287.550000;281.950000;69;20000;0;mq;mq;mq;mq;mq;mq;mq;mq;92500;mq;mq;mq;277.050000;mq;294.850000;mq;mq;mq;mq;mq;5.100000;-10;mq;mq;mq;mq;0.000000;0.000000;mq;0.000000;mq;710.000000;1105.000000;mq;mq;mq;mq;mq;mq;mq;mq;mq;mq;mq;mq;mq;mq;
07481;20110922180000;101980;20;3;350;3.600000;290.950000;284.250000;65;30000;2;1;1;0;mq;mq;mq;mq;mq;99170;mq;mq;mq;283.250000;mq;294.650000;mq;mq;mq;mq;mq;7.700000;-10;mq;mq;0.000000;-60;0.000000;0.000000;mq;0.200000;mq;710.000000;1108.000000;3100.000000;mq;mq;mq;mq;mq;mq;mq;mq;mq;mq;mq;mq;mq;
07510;20110922180000;102100;-10;5;10;4.100000;291.750000;286.150000;70;40000;2;1;1;25;0;mq;30;20;11;101460;mq;mq;mq;284.950000;mq;296.050000;mq;mq;mq;mq;mq;6.700000;-10;mq;mq;0.000000;-60;0.000000;0.000000;mq;0.000000;mq;710.000000;1107.000000;3100.000000;mq;2;0;7800;mq;mq;mq;mq;mq;mq;mq;mq;mq;
07535;20110922180000;101900;-30;5;330;2.100000;293.750000;283.550000;52;mq;mq;mq;mq;mq;mq;mq;mq;mq;mq;98880;mq;mq;mq;281.750000;mq;298.250000;mq;mq;mq;mq;mq;4.600000;-10;mq;mq;mq;mq;0.000000;0.000000;mq;0.000000;mq;710.000000;1105.000000;mq;mq;mq;mq;mq;mq;mq;mq;mq;mq;mq;mq;mq;mq;
07558;20110922180000;101760;-10;5;320;5.100000;291.950000;280.350000;47;mq;mq;mq;mq;mq;mq;mq;mq;mq;mq;93680;mq;mq;mq;283.850000;mq;297.550000;mq;mq;mq;mq;mq;9.800000;-10;mq;mq;mq;mq;0.000000;0.000000;mq;0.000000;mq;710.000000;1110.000000;mq;mq;mq;mq;mq;mq;mq;mq;mq;mq;mq;mq;mq;mq;
07577;20110922180000;101740;30;3;20;5.700000;294.550000;284.550000;53;20000;0;mq;mq;mq;mq;mq;mq;mq;mq;100880;mq;mq;mq;287.350000;mq;297.450000;mq;mq;mq;mq;mq;10.800000;-10;mq;mq;mq;mq;0.000000;0.000000;mq;0.000000;mq;710.000000;1111.000000;mq;mq;mq;mq;mq;mq;mq;mq;mq;mq;mq;mq;mq;mq;
07591;20110922180000;mq;60;3;280;1.000000;291.550000;282.350000;55;mq;0;mq;mq;mq;mq;mq;mq;mq;mq;91710;mq;mq;mq;281.750000;mq;297.350000;mq;mq;mq;mq;mq;5.100000;-10;mq;mq;mq;mq;0.000000;0.000000;mq;0.000000;mq;710.000000;1105.000000;mq;mq;mq;mq;mq;mq;mq;mq;mq;mq;mq;mq;mq;mq;
07607;20110922180000;101970;-20;5;20;2.600000;295.750000;287.050000;58;60000;0;mq;mq;100;mq;1750;mq;mq;mq;101280;mq;mq;mq;284.850000;mq;298.950000;mq;mq;mq;mq;mq;4.600000;-10;mq;mq;mq;mq;0.000000;0.000000;mq;0.000000;mq;710.000000;1105.000000;mq;mq;mq;mq;mq;mq;mq;mq;mq;mq;mq;mq;mq;mq;
07621;20110922180000;102000;-10;5;220;2.100000;291.950000;289.150000;84;20000;2;1;1;100;8;1250;35;61;60;97800;mq;mq;mq;287.150000;mq;294.750000;mq;mq;mq;mq;mq;3.100000;-10;mq;mq;0.000000;-60;0.000000;0.000000;mq;0.000000;mq;710.000000;1103.000000;3100.000000;mq;8;6;1080;mq;mq;mq;mq;mq;mq;mq;mq;mq;
07627;20110922180000;101930;0;5;230;0.500000;292.950000;288.150000;74;mq;mq;mq;mq;mq;mq;mq;mq;mq;mq;97210;mq;mq;mq;285.050000;mq;296.950000;mq;mq;mq;mq;mq;2.100000;-10;mq;mq;mq;mq;0.000000;0.000000;mq;0.200000;mq;710.000000;1102.000000;mq;mq;mq;mq;mq;mq;mq;mq;mq;mq;mq;mq;mq;mq;
07630;20110922180000;101880;-20;5;300;2.600000;295.650000;281.750000;41;30000;2;1;1;0;mq;mq;mq;mq;mq;100140;mq;mq;mq;285.550000;mq;299.650000;mq;mq;mq;mq;mq;5.700000;-10;mq;mq;0.000000;-60;0.000000;0.000000;mq;0.000000;mq;710.000000;1106.000000;3100.000000;mq;mq;mq;mq;mq;mq;mq;mq;mq;mq;mq;mq;mq;
07643;20110922180000;101620;30;3;0;0.000000;296.050000;285.950000;53;50000;2;1;1;0;mq;mq;mq;mq;mq;101530;mq;mq;mq;286.550000;mq;300.750000;mq;mq;mq;mq;mq;2.100000;-10;mq;mq;mq;mq;0.000000;0.000000;mq;0.000000;mq;710.000000;1102.000000;mq;mq;mq;mq;mq;mq;mq;mq;mq;mq;mq;mq;mq;mq;
07650;20110922180000;101490;10;3;310;6.200000;296.650000;280.250000;35;60000;2;1;1;0;mq;mq;mq;mq;mq;101120;mq;mq;mq;285.050000;mq;301.750000;mq;mq;mq;mq;mq;11.300000;-10;mq;mq;0.000000;-60;0.000000;0.000000;mq;0.000000;mq;710.000000;1111.000000;3100.000000;mq;mq;mq;mq;mq;mq;mq;mq;mq;mq;mq;mq;mq;
07661;20110922180000;101490;-30;5;260;1.500000;293.450000;289.050000;76;30000;2;1;1;0;mq;mq;mq;mq;mq;99930;mq;mq;mq;290.250000;mq;297.550000;mq;mq;mq;mq;mq;3.600000;-10;mq;mq;mq;mq;0.000000;0.000000;mq;0.000000;mq;710.000000;1104.000000;mq;mq;mq;mq;mq;mq;mq;mq;mq;mq;mq;mq;mq;mq;
07690;20110922180000;101560;0;5;120;1.500000;294.750000;288.850000;69;50000;2;1;1;0;mq;mq;mq;mq;mq;101230;mq;mq;mq;291.250000;mq;297.050000;mq;mq;mq;mq;mq;2.100000;-10;mq;mq;0.000000;-60;0.000000;0.000000;mq;0.000000;mq;710.000000;1102.000000;3100.000000;mq;mq;mq;mq;mq;mq;mq;mq;mq;mq;mq;mq;mq;
07747;20110922180000;101680;40;3;310;5.700000;298.550000;283.550000;39;60000;0;mq;mq;mq;mq;mq;mq;mq;mq;101170;mq;mq;mq;290.050000;mq;304.050000;mq;mq;mq;mq;mq;10.300000;-10;mq;mq;mq;mq;0.000000;0.000000;mq;0.000000;mq;710.000000;1110.000000;mq;mq;mq;mq;mq;mq;mq;mq;mq;mq;mq;mq;mq;mq;
07761;20110922180000;101590;0;5;210;2.100000;294.150000;288.950000;72;35000;2;1;1;10;1;800;35;20;11;101480;mq;mq;mq;287.050000;mq;298.150000;mq;mq;mq;mq;mq;3.100000;-10;mq;mq;0.000000;-60;0.000000;0.000000;mq;0.000000;mq;710.000000;1103.000000;3100.000000;mq;1;6;900;mq;mq;mq;mq;mq;mq;mq;mq;mq;
07790;20110922180000;101510;0;5;190;1.500000;292.650000;289.350000;81;60000;2;1;1;10;0;8000;30;20;11;101370;mq;mq;mq;291.750000;mq;300.050000;mq;mq;mq;mq;mq;1.500000;-10;mq;mq;0.000000;-60;0.000000;0.000000;mq;0.000000;mq;710.000000;1102.000000;3100.000000;mq;1;0;7800;mq;mq;mq;mq;mq;mq;mq;mq;mq;
61968;20110922180000;101680;mq;mq;90;4.100000;298.550000;293.750000;75;mq;mq;mq;mq;mq;mq;mq;mq;mq;mq;mq;mq;mq;40;mq;mq;303.450000;mq;mq;mq;mq;mq;8.700000;-10;mq;mq;mq;mq;0.000000;mq;mq;0.000000;mq;710.000000;1109.000000;mq;mq;mq;mq;mq;mq;mq;mq;mq;mq;mq;mq;mq;mq;
61970;20110922180000;101680;mq;mq;mq;mq;298.650000;297.450000;93;mq;mq;mq;mq;mq;mq;mq;mq;mq;mq;mq;mq;mq;mq;mq;mq;303.050000;mq;mq;mq;mq;mq;mq;mq;mq;mq;mq;mq;0.000000;mq;mq;0.000000;mq;mq;mq;mq;mq;mq;mq;mq;mq;mq;mq;mq;mq;mq;mq;mq;mq;
61972;20110922180000;102070;mq;mq;170;6.700000;295.650000;292.650000;83;mq;mq;mq;mq;mq;mq;mq;mq;mq;mq;mq;mq;mq;120;mq;mq;301.050000;mq;mq;mq;mq;mq;12.300000;-10;mq;mq;mq;mq;0.000000;mq;mq;0.000000;mq;710.000000;1112.000000;mq;mq;mq;mq;mq;mq;mq;mq;mq;mq;mq;mq;mq;mq;
61976;20110922180000;101960;mq;mq;130;7.200000;296.850000;293.350000;81;mq;mq;mq;mq;mq;mq;mq;mq;mq;mq;101810;mq;mq;mq;mq;mq;mq;mq;mq;mq;mq;mq;mq;mq;mq;mq;mq;mq;mq;mq;mq;mq;mq;mq;mq;mq;mq;mq;mq;mq;mq;mq;mq;mq;mq;mq;mq;mq;mq;
61980;20110922180000;102190;mq;mq;160;2.600000;294.150000;290.150000;78;10000;2;1;1;25;2;800;38;20;10;mq;mq;mq;mq;mq;mq;298.250000;mq;mq;mq;mq;mq;5.700000;-10;mq;mq;mq;mq;0.000000;mq;mq;0.000000;mq;710.000000;1106.000000;mq;mq;1;8;690;mq;mq;mq;mq;mq;mq;mq;mq;mq;
67005;20110922180000;101710;mq;mq;350;2.600000;299.350000;296.450000;84;mq;0;mq;mq;mq;mq;mq;mq;mq;mq;mq;mq;mq;20;mq;mq;302.150000;mq;mq;mq;mq;mq;3.600000;-10;mq;mq;mq;mq;0.000000;mq;mq;0.000000;mq;710.000000;1104.000000;mq;mq;mq;mq;mq;mq;mq;mq;mq;mq;mq;mq;mq;mq;
71805;20110922180000;102350;-60;5;260;5.700000;289.450000;285.250000;76;40000;2;1;1;40;0;8000;30;20;11;102270;mq;mq;mq;mq;284.850000;291.050000;mq;mq;mq;mq;mq;9.800000;-10;mq;mq;0.000000;-60;0.000000;0.000000;mq;0.000000;mq;710.000000;1110.000000;3100.000000;mq;3;0;6300;mq;mq;mq;mq;mq;mq;mq;mq;mq;
78897;20110922180000;101460;-220;7;120;8.700000;304.150000;296.250000;63;12000;2;1;1;90;5;800;38;20;12;mq;mq;mq;200;mq;298.250000;304.750000;mq;mq;mq;mq;mq;mq;mq;mq;mq;mq;mq;mq;mq;0.000000;mq;0.200000;mq;mq;mq;mq;5;8;690;5;6;1500;7;0;7800;mq;mq;mq;
78922;20110922180000;101400;-190;6;110;9.800000;302.150000;296.350000;71;mq;mq;mq;mq;mq;mq;mq;mq;mq;mq;100960;mq;mq;mq;mq;mq;mq;mq;mq;mq;mq;mq;mq;mq;mq;mq;mq;mq;mq;mq;mq;mq;mq;mq;mq;mq;mq;mq;mq;mq;mq;mq;mq;mq;mq;mq;mq;mq;mq;
78925;20110922180000;101390;-250;6;70;8.200000;302.850000;297.950000;75;12000;2;6;2;90;3;800;38;20;12;mq;mq;mq;160;mq;297.750000;303.050000;mq;mq;mq;mq;mq;mq;mq;mq;mq;mq;mq;mq;mq;6.000000;mq;mq;mq;mq;mq;mq;3;8;780;7;0;7800;mq;mq;mq;mq;mq;mq;
81401;20110922180000;100930;mq;mq;50;3.100000;305.550000;297.050000;61;mq;mq;mq;mq;mq;mq;mq;mq;mq;mq;100870;mq;mq;mq;mq;mq;mq;mq;mq;mq;mq;mq;mq;mq;mq;mq;mq;mq;mq;0.000000;0.000000;mq;mq;mq;mq;mq;mq;mq;mq;mq;mq;mq;mq;mq;mq;mq;mq;mq;mq;
81405;20110922180000;100990;mq;mq;90;5.100000;304.750000;298.350000;69;20000;17;9;1;75;5;450;39;23;12;100900;mq;mq;mq;mq;mq;mq;mq;mq;mq;mq;mq;mq;mq;mq;mq;mq;mq;mq;0.000000;0.000000;mq;mq;mq;mq;mq;mq;mq;mq;mq;mq;mq;mq;mq;mq;mq;mq;mq;mq;
81408;20110922180000;100980;mq;mq;90;3.100000;304.650000;296.450000;62;mq;mq;mq;mq;mq;mq;mq;mq;mq;mq;100900;mq;mq;mq;mq;mq;mq;mq;mq;mq;mq;mq;mq;mq;mq;mq;mq;mq;mq;0.000000;0.000000;mq;mq;mq;mq;mq;mq;mq;mq;mq;mq;mq;mq;mq;mq;mq;mq;mq;mq;
89642;20110922180000;97440;-120;6;0;0.000000;259.450000;257.150000;81;mq;mq;mq;mq;mq;mq;mq;mq;mq;mq;96890;mq;mq;mq;mq;mq;mq;mq;mq;mq;mq;mq;mq;mq;mq;mq;mq;mq;mq;mq;mq;mq;mq;mq;mq;mq;mq;mq;mq;mq;mq;mq;mq;mq;mq;mq;mq;mq;mq;
07005;20110922210000;102220;20;1;210;2.100000;284.850000;283.450000;91;mq;mq;mq;mq;mq;mq;mq;mq;mq;mq;101320;mq;mq;mq;mq;mq;mq;mq;mq;mq;mq;mq;2.100000;-10;mq;mq;mq;mq;0.000000;0.000000;mq;mq;mq;710.000000;1102.000000;mq;mq;mq;mq;mq;mq;mq;mq;mq;mq;mq;mq;mq;mq;
07015;20110922210000;102150;30;0;240;2.600000;286.050000;284.150000;88;30000;2;1;1;75;2;1750;35;20;11;101580;mq;mq;mq;mq;mq;mq;mq;mq;mq;mq;mq;3.100000;-10;mq;mq;0.000000;-30;0.000000;0.000000;mq;mq;mq;710.000000;1103.000000;3100.000000;mq;2;6;1800;6;0;6000;mq;mq;mq;mq;mq;mq;
07020;20110922210000;102270;0;0;270;4.600000;288.350000;285.150000;81;20000;2;1;1;40;2;800;38;27;60;102010;mq;mq;mq;mq;mq;mq;mq;mq;mq;mq;mq;7.200000;-10;mq;mq;mq;mq;0.000000;0.000000;mq;mq;mq;710.000000;1107.000000;mq;mq;1;8;780;mq;mq;mq;mq;mq;mq;mq;mq;mq;
07027;20110922210000;102290;20;0;190;1.500000;284.950000;282.850000;87;21000;0;mq;mq;mq;mq;mq;mq;mq;mq;101480;mq;mq;mq;mq;mq;mq;mq;mq;mq;mq;mq;1.500000;-10;mq;mq;mq;mq;0.000000;0.000000;mq;mq;mq;710.000000;1102.000000;mq;mq;mq;mq;mq;mq;mq;mq;mq;mq;mq;mq;mq;mq;
07037;20110922210000;102300;30;3;0;0.000000;283.650000;282.750000;94;18000;0;mq;mq;mq;mq;1250;mq;mq;mq;100460;mq;mq;mq;mq;mq;mq;mq;mq;mq;mq;mq;1.500000;-10;mq;mq;mq;mq;0.000000;0.000000;mq;mq;mq;710.000000;1102.000000;mq;mq;mq;mq;mq;mq;mq;mq;mq;mq;mq;mq;mq;mq;
07110;20110922210000;102340;20;0;120;0.500000;282.150000;281.050000;93;12000;2;1;1;40;0;8000;30;20;11;101180;mq;mq;mq;mq;mq;mq;mq;mq;mq;mq;mq;1.000000;-10;mq;mq;0.000000;-30;0.000000;0.000000;mq;mq;mq;710.000000;1101.000000;3100.000000;mq;3;0;7500;mq;mq;mq;mq;mq;mq;mq;mq;mq;
07117;20110922210000;102310;0;0;230;2.100000;285.550000;284.150000;91;15000;2;1;1;25;2;2250;30;21;11;101610;mq;mq;mq;mq;mq;mq;mq;mq;mq;mq;mq;2.600000;-10;mq;mq;mq;mq;0.000000;0.000000;mq;mq;mq;710.000000;1103.000000;2427.000000;mq;mq;mq;mq;mq;mq;mq;mq;mq;mq;mq;mq;mq;
07130;20110922210000;102300;30;0;330;1.000000;285.450000;284.150000;92;15000;0;mq;mq;mq;mq;mq;mq;mq;mq;101780;mq;mq;mq;mq;mq;mq;mq;mq;mq;mq;mq;2.600000;-10;mq;mq;mq;mq;0.000000;0.000000;mq;mq;mq;710.000000;1103.000000;mq;mq;mq;mq;mq;mq;mq;mq;mq;mq;mq;mq;mq;mq;
07139;20110922210000;102290;20;1;330;0.500000;285.550000;282.550000;82;mq;mq;mq;mq;mq;mq;mq;mq;mq;mq;100550;mq;mq;mq;mq;mq;mq;mq;mq;mq;mq;mq;3.100000;-10;mq;mq;mq;mq;0.000000;0.000000;mq;mq;mq;710.000000;1103.000000;mq;mq;mq;mq;mq;mq;mq;mq;mq;mq;mq;mq;mq;mq;
07149;20110922210000;102250;40;1;0;0.000000;284.250000;282.350000;88;25000;2;1;1;25;1;1750;35;20;11;101160;mq;mq;mq;mq;mq;mq;mq;mq;mq;mq;mq;2.600000;-10;mq;mq;0.000000;-30;0.000000;0.000000;mq;mq;mq;710.000000;1103.000000;3100.000000;mq;1;6;1500;mq;mq;mq;mq;mq;mq;mq;mq;mq;
07168;20110922210000;102240;40;0;290;0.500000;283.750000;281.150000;84;20000;0;mq;mq;mq;mq;mq;mq;mq;mq;100810;mq;mq;mq;mq;mq;mq;mq;mq;mq;mq;mq;2.600000;-10;mq;mq;mq;mq;0.000000;0.000000;mq;mq;mq;710.000000;1103.000000;mq;mq;mq;mq;mq;mq;mq;mq;mq;mq;mq;mq;mq;mq;
07181;20110922210000;102250;30;1;0;0.000000;283.650000;282.450000;92;60000;0;mq;mq;mq;mq;mq;mq;mq;mq;98150;mq;mq;mq;mq;mq;mq;mq;mq;mq;mq;mq;1.500000;-10;mq;mq;mq;mq;0.000000;0.000000;mq;mq;mq;710.000000;1102.000000;mq;mq;mq;mq;mq;mq;mq;mq;mq;mq;mq;mq;mq;mq;
07190;20110922210000;102170;60;1;320;1.000000;286.150000;283.150000;82;50000;0;mq;mq;mq;mq;30;mq;mq;mq;100360;mq;mq;mq;mq;mq;mq;mq;mq;mq;mq;mq;2.600000;-10;mq;mq;mq;mq;0.000000;0.000000;mq;mq;mq;710.000000;1103.000000;mq;mq;mq;mq;mq;mq;mq;mq;mq;mq;mq;mq;mq;mq;
07207;20110922210000;mq;mq;mq;350;3.600000;287.050000;284.350000;84;20000;2;1;1;0;mq;mq;mq;mq;mq;mq;mq;mq;mq;mq;mq;mq;mq;mq;mq;mq;mq;5.100000;-10;mq;mq;mq;mq;0.000000;0.000000;mq;mq;mq;710.000000;1105.000000;2428.000000;mq;mq;mq;mq;mq;mq;mq;mq;mq;mq;mq;mq;mq;
07222;20110922210000;102250;30;1;340;1.000000;285.750000;283.150000;84;15000;2;1;1;0;mq;mq;mq;mq;mq;101930;mq;mq;mq;mq;mq;mq;mq;mq;mq;mq;mq;1.500000;-10;mq;mq;mq;mq;0.000000;0.000000;mq;mq;mq;710.000000;1102.000000;mq;mq;mq;mq;mq;mq;mq;mq;mq;mq;mq;mq;mq;mq;
07240;20110922210000;102250;40;1;340;1.500000;286.150000;282.950000;81;25000;2;1;1;0;mq;mq;mq;mq;mq;100900;mq;mq;mq;mq;mq;mq;mq;mq;mq;mq;mq;2.100000;-10;mq;mq;0.000000;-30;0.000000;0.000000;mq;mq;mq;710.000000;1102.000000;3100.000000;mq;mq;mq;mq;mq;mq;mq;mq;mq;mq;mq;mq;mq;
07255;20110922210000;102200;30;1;40;1.000000;287.050000;283.850000;81;20000;0;mq;mq;mq;mq;mq;mq;mq;mq;100220;mq;mq;mq;mq;mq;mq;mq;mq;mq;mq;mq;2.100000;-10;mq;mq;mq;mq;0.000000;0.000000;mq;mq;mq;710.000000;1102.000000;mq;mq;mq;mq;mq;mq;mq;mq;mq;mq;mq;mq;mq;mq;
07280;20110922210000;102140;20;0;350;2.100000;287.850000;283.250000;74;60000;0;mq;mq;90;mq;1250;mq;mq;mq;99450;mq;mq;mq;mq;mq;mq;mq;mq;mq;mq;mq;4.100000;-10;mq;mq;mq;mq;0.000000;0.000000;mq;mq;mq;710.000000;1104.000000;mq;mq;mq;mq;mq;mq;mq;mq;mq;mq;mq;mq;mq;mq;
07299;20110922210000;102120;40;1;60;1.000000;285.950000;284.050000;88;30000;2;1;1;10;1;1250;35;20;11;98870;mq;mq;mq;mq;mq;mq;mq;mq;mq;mq;mq;4.100000;-10;mq;mq;0.000000;-30;0.000000;0.000000;mq;mq;mq;710.000000;1104.000000;3100.000000;mq;1;6;1380;mq;mq;mq;mq;mq;mq;mq;mq;mq;
07314;20110922210000;102220;0;0;350;3.600000;290.650000;286.950000;79;25000;2;1;1;0;mq;mq;mq;mq;mq;101950;mq;mq;mq;mq;mq;mq;mq;mq;mq;mq;mq;4.600000;-10;mq;mq;mq;mq;0.000000;0.000000;mq;mq;mq;710.000000;1105.000000;mq;mq;mq;mq;mq;mq;mq;mq;mq;mq;mq;mq;mq;mq;
07335;20110922210000;102230;40;1;360;1.500000;285.550000;282.050000;79;60000;0;mq;mq;mq;mq;mq;mq;mq;mq;100780;mq;mq;mq;mq;mq;mq;mq;mq;mq;mq;mq;2.100000;-10;mq;mq;mq;mq;0.000000;0.000000;mq;mq;mq;710.000000;1102.000000;mq;mq;mq;mq;mq;mq;mq;mq;mq;mq;mq;mq;mq;mq;
07434;20110922210000;102140;10;0;40;2.600000;286.750000;283.550000;81;50000;0;mq;mq;mq;mq;mq;mq;mq;mq;97400;mq;mq;mq;mq;mq;mq;mq;mq;mq;mq;mq;4.100000;-10;mq;mq;mq;mq;0.000000;0.000000;mq;mq;mq;710.000000;1104.000000;mq;mq;mq;mq;mq;mq;mq;mq;mq;mq;mq;mq;mq;mq;
07460;20110922210000;102190;40;1;300;1.500000;286.150000;282.550000;79;30000;2;1;1;10;0;8000;30;20;11;98320;mq;mq;mq;mq;mq;mq;mq;mq;mq;mq;mq;2.600000;-10;mq;mq;0.000000;-30;0.000000;0.000000;mq;mq;mq;710.000000;1103.000000;3100.000000;mq;1;0;7500;mq;mq;mq;mq;mq;mq;mq;mq;mq;
07471;20110922210000;mq;70;1;320;0.500000;285.950000;283.450000;85;20000;0;mq;mq;100;mq;450;mq;mq;mq;92570;85000;18030;mq;mq;mq;mq;mq;mq;mq;mq;mq;2.100000;-10;mq;mq;mq;mq;0.000000;0.000000;mq;mq;mq;710.000000;1102.000000;mq;mq;mq;mq;mq;mq;mq;mq;mq;mq;mq;mq;mq;mq;
07481;20110922210000;102030;20;1;330;3.600000;287.650000;284.250000;80;30000;2;1;1;0;mq;mq;mq;mq;mq;99190;mq;mq;mq;mq;mq;mq;mq;mq;mq;mq;mq;5.100000;-10;mq;mq;0.000000;-30;0.000000;0.000000;mq;mq;mq;710.000000;1105.000000;3100.000000;mq;mq;mq;mq;mq;mq;mq;mq;mq;mq;mq;mq;mq;
07510;20110922210000;102140;30;0;20;2.600000;288.850000;286.550000;86;40000;2;1;1;25;0;mq;30;20;11;101490;mq;mq;mq;mq;mq;mq;mq;mq;mq;mq;mq;4.100000;-10;mq;mq;0.000000;-30;0.000000;0.000000;mq;mq;mq;710.000000;1104.000000;3100.000000;mq;2;0;7800;mq;mq;mq;mq;mq;mq;mq;mq;mq;
07535;20110922210000;102040;80;1;300;2.100000;288.350000;285.450000;83;mq;mq;mq;mq;mq;mq;mq;mq;mq;mq;98960;mq;mq;mq;mq;mq;mq;mq;mq;mq;mq;mq;3.100000;-10;mq;mq;mq;mq;0.000000;0.000000;mq;mq;mq;710.000000;1103.000000;mq;mq;mq;mq;mq;mq;mq;mq;mq;mq;mq;mq;mq;mq;
07558;20110922210000;101900;60;1;300;2.600000;289.350000;282.050000;62;mq;mq;mq;mq;mq;mq;mq;mq;mq;mq;93740;mq;mq;mq;mq;mq;mq;mq;mq;mq;mq;mq;3.600000;-10;mq;mq;mq;mq;0.000000;0.000000;mq;mq;mq;710.000000;1104.000000;mq;mq;mq;mq;mq;mq;mq;mq;mq;mq;mq;mq;mq;mq;
07577;20110922210000;101830;80;1;360;6.700000;292.750000;283.750000;56;20000;0;mq;mq;mq;mq;mq;mq;mq;mq;100960;mq;mq;mq;mq;mq;mq;mq;mq;mq;mq;mq;14.900000;-10;mq;mq;mq;mq;0.000000;0.000000;mq;mq;mq;710.000000;1115.000000;mq;mq;mq;mq;mq;mq;mq;mq;mq;mq;mq;mq;mq;mq;
07591;20110922210000;mq;130;1;0;0.000000;286.550000;282.250000;75;mq;0;mq;mq;mq;mq;mq;mq;mq;mq;91840;mq;mq;mq;mq;mq;mq;mq;mq;mq;mq;mq;3.100000;-10;mq;mq;mq;mq;0.000000;0.000000;mq;mq;mq;710.000000;1103.000000;mq;mq;mq;mq;mq;mq;mq;mq;mq;mq;mq;mq;mq;mq;
07607;20110922210000;102070;90;1;10;1.500000;291.050000;285.950000;72;60000;0;mq;mq;90;mq;1250;mq;mq;mq;101370;mq;mq;mq;mq;mq;mq;mq;mq;mq;mq;mq;2.600000;-10;mq;mq;mq;mq;0.000000;0.000000;mq;mq;mq;710.000000;1103.000000;mq;mq;mq;mq;mq;mq;mq;mq;mq;mq;mq;mq;mq;mq;
07621;20110922210000;102020;0;0;190;1.500000;290.950000;289.150000;89;15000;2;1;1;100;8;1250;35;61;60;97800;mq;mq;mq;mq;mq;mq;mq;mq;mq;mq;mq;2.100000;-10;mq;mq;0.000000;-30;0.000000;0.000000;mq;mq;mq;710.000000;1102.000000;3100.000000;mq;8;6;1200;mq;mq;mq;mq;mq;mq;mq;mq;mq;
07627;20110922210000;102030;60;0;120;0.500000;290.350000;287.650000;84;mq;mq;mq;mq;mq;mq;mq;mq;mq;mq;97270;mq;mq;mq;mq;mq;mq;mq;mq;mq;mq;mq;1.500000;-10;mq;mq;mq;mq;0.000000;0.000000;mq;mq;mq;710.000000;1102.000000;mq;mq;mq;mq;mq;mq;mq;mq;mq;mq;mq;mq;mq;mq;
07630;20110922210000;101990;90;0;320;3.100000;291.950000;284.050000;60;30000;2;1;1;0;mq;mq;mq;mq;mq;100230;mq;mq;mq;mq;mq;mq;mq;mq;mq;mq;mq;5.100000;-10;mq;mq;0.000000;-30;0.000000;0.000000;mq;mq;mq;710.000000;1105.000000;3100.000000;mq;mq;mq;mq;mq;mq;mq;mq;mq;mq;mq;mq;mq;
07643;20110922210000;101760;140;1;360;2.100000;292.650000;284.150000;58;50000;2;1;1;0;mq;mq;mq;mq;mq;101670;mq;mq;mq;mq;mq;mq;mq;mq;mq;mq;mq;3.100000;-10;mq;mq;mq;mq;0.000000;0.000000;mq;mq;mq;710.000000;1103.000000;mq;mq;mq;mq;mq;mq;mq;mq;mq;mq;mq;mq;mq;mq;
07650;20110922210000;101580;90;1;330;4.600000;293.950000;283.450000;51;60000;2;1;1;0;mq;mq;mq;mq;mq;101210;mq;mq;mq;mq;mq;mq;mq;mq;mq;mq;mq;8.200000;-10;mq;mq;0.000000;-30;0.000000;0.000000;mq;mq;mq;710.000000;1108.000000;3100.000000;mq;mq;mq;mq;mq;mq;mq;mq;mq;mq;mq;mq;mq;
07661;20110922210000;101530;30;1;120;5.700000;292.050000;284.350000;61;mq;mq;mq;mq;mq;mq;mq;mq;mq;mq;99960;mq;mq;mq;mq;mq;mq;mq;mq;mq;mq;mq;6.700000;-10;mq;mq;mq;mq;0.000000;0.000000;mq;mq;mq;710.000000;1107.000000;mq;mq;mq;mq;mq;mq;mq;mq;mq;mq;mq;mq;mq;mq;
07690;20110922210000;101620;60;1;320;3.600000;292.650000;284.950000;61;50000;2;1;1;0;mq;mq;mq;mq;mq;101290;mq;mq;mq;mq;mq;mq;mq;mq;mq;mq;mq;4.600000;-10;mq;mq;0.000000;-30;0.000000;0.000000;mq;mq;mq;710.000000;1105.000000;3100.000000;mq;mq;mq;mq;mq;mq;mq;mq;mq;mq;mq;mq;mq;
07747;20110922210000;101780;100;3;250;1.500000;296.450000;284.550000;47;60000;0;mq;mq;mq;mq;mq;mq;mq;mq;101270;mq;mq;mq;mq;mq;mq;mq;mq;mq;mq;mq;10.800000;-10;mq;mq;mq;mq;0.000000;0.000000;mq;mq;mq;710.000000;1111.000000;mq;mq;mq;mq;mq;mq;mq;mq;mq;mq;mq;mq;mq;mq;
07761;20110922210000;101630;40;1;60;3.100000;290.150000;287.250000;83;30000;2;1;1;0;mq;mq;mq;mq;mq;101520;mq;mq;mq;mq;mq;mq;mq;mq;mq;mq;mq;4.100000;-10;mq;mq;0.000000;-30;0.000000;0.000000;mq;mq;mq;710.000000;1104.000000;3100.000000;mq;mq;mq;mq;mq;mq;mq;mq;mq;mq;mq;mq;mq;
07790;20110922210000;101580;70;1;210;2.100000;290.250000;286.750000;80;20000;2;1;1;0;mq;mq;mq;mq;mq;101440;mq;mq;mq;mq;mq;mq;mq;mq;mq;mq;mq;3.600000;-10;mq;mq;0.000000;-30;0.000000;0.000000;mq;mq;mq;710.000000;1104.000000;3100.000000;mq;mq;mq;mq;mq;mq;mq;mq;mq;mq;mq;mq;mq;
61968;20110922210000;101570;mq;mq;90;6.200000;298.150000;294.250000;79;mq;mq;mq;mq;mq;mq;mq;mq;mq;mq;mq;mq;mq;mq;mq;mq;mq;mq;mq;mq;mq;mq;12.300000;-10;mq;mq;mq;mq;0.000000;0.000000;mq;mq;mq;710.000000;1112.000000;mq;mq;mq;mq;mq;mq;mq;mq;mq;mq;mq;mq;mq;mq;
61970;20110922210000;101660;mq;mq;mq;mq;298.350000;296.950000;92;mq;mq;mq;mq;mq;mq;mq;mq;mq;mq;mq;mq;mq;mq;mq;mq;mq;mq;mq;mq;mq;mq;mq;mq;mq;mq;mq;mq;0.000000;0.000000;mq;mq;mq;mq;mq;mq;mq;mq;mq;mq;mq;mq;mq;mq;mq;mq;mq;mq;mq;
61972;20110922210000;102040;mq;mq;170;6.200000;294.950000;291.550000;81;mq;mq;mq;mq;mq;mq;mq;mq;mq;mq;mq;mq;mq;70;mq;mq;mq;mq;mq;mq;mq;mq;11.800000;-10;mq;mq;mq;mq;0.000000;0.000000;mq;mq;mq;710.000000;1112.000000;mq;mq;mq;mq;mq;mq;mq;mq;mq;mq;mq;mq;mq;mq;
61980;20110922210000;102040;mq;mq;160;3.600000;293.050000;289.450000;80;50000;0;mq;mq;mq;mq;mq;mq;mq;mq;mq;mq;mq;mq;mq;mq;mq;mq;mq;mq;mq;mq;4.600000;-10;mq;mq;mq;mq;0.000000;0.000000;mq;mq;mq;710.000000;1105.000000;mq;mq;mq;mq;mq;mq;mq;mq;mq;mq;mq;mq;mq;mq;
67005;20110922210000;101630;mq;mq;30;2.100000;298.950000;296.250000;85;mq;0;mq;mq;mq;mq;mq;mq;mq;mq;mq;mq;mq;10;mq;mq;mq;mq;mq;mq;mq;mq;5.100000;-10;mq;mq;mq;mq;0.000000;0.000000;mq;mq;mq;710.000000;1105.000000;mq;mq;mq;mq;mq;mq;mq;mq;mq;mq;mq;mq;mq;mq;
71805;20110922210000;102270;-80;6;260;4.600000;286.550000;284.950000;90;40000;2;1;1;60;4;3500;30;28;11;102190;mq;mq;mq;mq;mq;mq;mq;mq;mq;mq;mq;7.200000;-10;mq;mq;0.000000;-30;0.000000;0.000000;mq;mq;mq;710.000000;1107.000000;3100.000000;mq;4;3;2400;3;0;6300;mq;mq;mq;mq;mq;mq;
78897;20110922210000;101490;30;3;90;4.600000;302.650000;297.050000;72;28000;0;mq;mq;mq;mq;800;mq;mq;mq;mq;mq;mq;180;mq;mq;mq;mq;mq;mq;mq;mq;mq;mq;mq;mq;mq;mq;mq;mq;mq;mq;mq;mq;mq;mq;mq;mq;mq;mq;mq;mq;mq;mq;mq;mq;mq;mq;mq;
78922;20110922210000;101380;-20;5;100;8.200000;301.750000;296.850000;75;mq;mq;mq;mq;mq;mq;mq;mq;mq;mq;100940;mq;mq;mq;mq;mq;mq;mq;mq;mq;mq;mq;mq;mq;mq;mq;mq;mq;mq;mq;mq;mq;mq;mq;mq;mq;mq;mq;mq;mq;mq;mq;mq;mq;mq;mq;mq;mq;mq;
78925;20110922210000;101340;-50;6;70;6.200000;301.950000;297.750000;78;15000;2;1;1;90;4;800;38;20;12;mq;mq;mq;110;mq;mq;mq;mq;mq;mq;mq;mq;mq;mq;mq;mq;mq;mq;mq;mq;mq;mq;mq;mq;mq;mq;mq;3;8;690;7;0;7800;mq;mq;mq;mq;mq;mq;
81401;20110922210000;100970;mq;mq;70;2.100000;300.150000;297.050000;83;mq;mq;mq;mq;mq;mq;mq;mq;mq;mq;100910;mq;mq;mq;mq;mq;mq;mq;mq;mq;mq;mq;mq;mq;mq;mq;mq;mq;mq;0.000000;mq;mq;mq;mq;mq;mq;mq;mq;mq;mq;mq;mq;mq;mq;mq;mq;mq;mq;mq;
81405;20110922210000;101010;mq;mq;230;0.500000;299.650000;297.150000;86;10000;2;9;1;50;3;450;38;23;60;100920;mq;mq;mq;mq;mq;mq;mq;mq;mq;mq;mq;mq;mq;mq;mq;mq;mq;mq;0.000000;mq;mq;mq;mq;mq;mq;mq;mq;mq;mq;mq;mq;mq;mq;mq;mq;mq;mq;mq;
81408;20110922210000;101020;mq;mq;30;2.100000;301.050000;297.050000;79;mq;mq;mq;mq;mq;mq;mq;mq;mq;mq;100940;mq;mq;mq;mq;mq;mq;mq;mq;mq;mq;mq;mq;mq;mq;mq;mq;mq;mq;0.000000;mq;mq;mq;mq;mq;mq;mq;mq;mq;mq;mq;mq;mq;mq;mq;mq;mq;mq;mq;
89642;20110922210000;97440;0;5;20;1.000000;259.450000;257.150000;81;mq;mq;mq;mq;mq;mq;mq;mq;mq;mq;96890;mq;mq;mq;mq;mq;mq;mq;mq;mq;mq;mq;mq;mq;mq;mq;mq;mq;mq;mq;mq;mq;mq;mq;mq;mq;mq;mq;mq;mq;mq;mq;mq;mq;mq;mq;mq;mq;mq;
07005;20110923000000;102160;-60;8;180;2.600000;283.650000;282.550000;93;mq;mq;mq;mq;mq;mq;mq;mq;mq;mq;101260;mq;mq;mq;mq;mq;mq;mq;mq;mq;mq;mq;3.100000;-10;mq;mq;mq;mq;0.200000;0.200000;0.200000;mq;mq;710.000000;1103.000000;mq;mq;mq;mq;mq;mq;mq;mq;mq;mq;mq;mq;mq;mq;
07015;20110923000000;102100;-50;8;230;1.500000;283.850000;282.750000;93;8000;2;1;1;0;mq;mq;mq;mq;mq;101530;mq;mq;mq;mq;mq;mq;mq;mq;mq;mq;mq;3.100000;-10;mq;mq;0.000000;-60;0.000000;0.000000;0.000000;mq;mq;710.000000;1103.000000;3100.000000;mq;mq;mq;mq;mq;mq;mq;mq;mq;mq;mq;mq;mq;
07020;20110923000000;102240;-40;8;270;3.600000;287.850000;284.450000;80;20000;2;1;1;40;2;800;38;20;10;101970;mq;mq;mq;mq;mq;mq;mq;mq;mq;mq;mq;6.200000;-10;mq;mq;mq;mq;0.000000;0.000000;0.000000;mq;mq;710.000000;1106.000000;mq;mq;1;8;780;mq;mq;mq;mq;mq;mq;mq;mq;mq;
07027;20110923000000;102260;-40;8;200;3.100000;282.350000;281.750000;96;10000;0;mq;mq;mq;mq;mq;mq;mq;mq;101440;mq;mq;mq;mq;mq;mq;mq;mq;mq;mq;mq;3.600000;-10;mq;mq;mq;mq;0.200000;0.200000;0.200000;mq;mq;710.000000;1104.000000;mq;mq;mq;mq;mq;mq;mq;mq;mq;mq;mq;mq;mq;mq;
07037;20110923000000;102240;-70;8;190;1.000000;281.950000;281.850000;99;2800;10;mq;mq;mq;mq;mq;mq;mq;mq;100390;mq;mq;mq;mq;mq;mq;mq;mq;mq;mq;mq;1.500000;-10;mq;mq;mq;mq;0.000000;0.000000;0.000000;mq;mq;710.000000;1102.000000;mq;mq;mq;mq;mq;mq;mq;mq;mq;mq;mq;mq;mq;mq;
07110;20110923000000;102250;-100;8;150;1.000000;280.950000;280.350000;96;600;45;mq;mq;100;mq;450;mq;mq;mq;101080;mq;mq;mq;mq;mq;mq;mq;mq;mq;mq;mq;1.000000;-10;mq;mq;mq;mq;0.000000;0.000000;0.000000;mq;mq;710.000000;1101.000000;mq;mq;mq;mq;mq;mq;mq;mq;mq;mq;mq;mq;mq;mq;
07117;20110923000000;102220;-90;8;210;3.100000;284.750000;283.850000;94;15000;2;1;1;25;2;800;31;21;10;101520;mq;mq;mq;mq;mq;mq;mq;mq;mq;mq;mq;4.600000;-10;mq;mq;mq;mq;0.000000;0.000000;0.000000;mq;mq;710.000000;1105.000000;2437.000000;mq;mq;mq;mq;mq;mq;mq;mq;mq;mq;mq;mq;mq;
07130;20110923000000;102260;-50;8;300;0.500000;282.150000;281.850000;98;100;45;mq;mq;mq;mq;450;mq;mq;mq;101730;mq;mq;mq;mq;mq;mq;mq;mq;mq;mq;mq;1.000000;-10;mq;mq;mq;mq;0.000000;0.000000;0.000000;mq;mq;710.000000;1101.000000;mq;mq;mq;mq;mq;mq;mq;mq;mq;mq;mq;mq;mq;mq;
07139;20110923000000;102260;-50;8;320;0.500000;281.050000;279.650000;91;mq;mq;mq;mq;mq;mq;mq;mq;mq;mq;100500;mq;mq;mq;mq;mq;mq;mq;mq;mq;mq;mq;1.000000;-10;mq;mq;mq;mq;0.000000;0.000000;0.000000;mq;mq;710.000000;1101.000000;mq;mq;mq;mq;mq;mq;mq;mq;mq;mq;mq;mq;mq;mq;
07149;20110923000000;102230;-30;8;0;0.000000;282.750000;281.950000;95;25000;2;1;1;10;0;8000;30;20;11;101130;mq;mq;mq;mq;mq;mq;mq;mq;mq;mq;mq;1.000000;-10;mq;mq;0.000000;-60;0.000000;0.000000;0.000000;mq;mq;710.000000;1101.000000;3100.000000;mq;1;0;7500;mq;mq;mq;mq;mq;mq;mq;mq;mq;
07168;20110923000000;102240;-20;8;340;1.000000;281.550000;279.850000;89;20000;0;mq;mq;mq;mq;mq;mq;mq;mq;100790;mq;mq;mq;mq;mq;mq;mq;mq;mq;mq;mq;2.100000;-10;mq;mq;mq;mq;0.000000;0.000000;0.000000;mq;mq;710.000000;1102.000000;mq;mq;mq;mq;mq;mq;mq;mq;mq;mq;mq;mq;mq;mq;
07181;20110923000000;102230;-50;7;220;0.500000;281.950000;281.450000;97;35000;0;mq;mq;mq;mq;mq;mq;mq;mq;98100;mq;mq;mq;mq;mq;mq;mq;mq;mq;mq;mq;1.000000;-10;mq;mq;mq;mq;0.200000;0.200000;0.200000;mq;mq;710.000000;1101.000000;mq;mq;mq;mq;mq;mq;mq;mq;mq;mq;mq;mq;mq;mq;
07190;20110923000000;102140;-40;7;250;0.500000;284.950000;283.050000;88;35000;0;mq;mq;90;mq;1250;mq;mq;mq;100320;mq;mq;mq;mq;mq;mq;mq;mq;mq;mq;mq;2.100000;-10;mq;mq;mq;mq;0.000000;0.000000;0.000000;mq;mq;710.000000;1102.000000;mq;mq;mq;mq;mq;mq;mq;mq;mq;mq;mq;mq;mq;mq;
07207;20110923000000;mq;mq;mq;50;4.600000;285.750000;284.350000;91;20000;2;1;1;0;mq;mq;mq;mq;mq;mq;mq;mq;mq;mq;mq;mq;mq;mq;mq;mq;mq;5.700000;-10;mq;mq;mq;mq;0.000000;0.000000;0.000000;mq;mq;710.000000;1106.000000;2428.000000;mq;mq;mq;mq;mq;mq;mq;mq;mq;mq;mq;mq;mq;
07222;20110923000000;102170;-80;8;20;0.500000;283.250000;282.050000;92;19000;0;mq;mq;mq;mq;mq;mq;mq;mq;101850;mq;mq;mq;mq;mq;mq;mq;mq;mq;mq;mq;2.600000;-10;mq;mq;mq;mq;0.000000;0.000000;0.000000;mq;mq;710.000000;1103.000000;mq;mq;mq;mq;mq;mq;mq;mq;mq;mq;mq;mq;mq;mq;
07240;20110923000000;102190;-70;8;350;1.500000;284.050000;282.150000;88;25000;2;1;1;0;mq;mq;mq;mq;mq;100830;mq;mq;mq;mq;mq;mq;mq;mq;mq;mq;mq;2.600000;-10;mq;mq;0.000000;-60;0.000000;0.000000;0.000000;mq;mq;710.000000;1103.000000;3100.000000;mq;mq;mq;mq;mq;mq;mq;mq;mq;mq;mq;mq;mq;
07255;20110923000000;102150;-60;8;340;1.500000;285.850000;283.950000;88;20000;0;mq;mq;100;mq;1250;mq;mq;mq;100160;mq;mq;mq;mq;mq;mq;mq;mq;mq;mq;mq;2.100000;-10;mq;mq;mq;mq;0.000000;0.000000;0.000000;mq;mq;710.000000;1102.000000;mq;mq;mq;mq;mq;mq;mq;mq;mq;mq;mq;mq;mq;mq;
07280;20110923000000;102130;-40;7;330;2.600000;285.150000;282.750000;85;55000;0;mq;mq;75;mq;1250;mq;mq;mq;99410;mq;mq;mq;mq;mq;mq;mq;mq;mq;mq;mq;3.100000;-10;mq;mq;mq;mq;0.000000;0.000000;0.000000;mq;mq;710.000000;1103.000000;mq;mq;mq;mq;mq;mq;mq;mq;mq;mq;mq;mq;mq;mq;
07299;20110923000000;102120;-30;7;100;1.000000;283.450000;282.950000;97;14000;0;mq;mq;75;mq;1250;mq;mq;mq;98840;mq;mq;mq;mq;mq;mq;mq;mq;mq;mq;mq;3.100000;-10;mq;mq;mq;mq;0.000000;0.000000;0.000000;mq;mq;710.000000;1103.000000;mq;mq;mq;mq;mq;mq;mq;mq;mq;mq;mq;mq;mq;mq;
07314;20110923000000;102120;-100;8;40;4.600000;289.950000;286.250000;79;20000;2;1;1;0;mq;mq;mq;mq;mq;101850;mq;mq;mq;mq;mq;mq;mq;mq;mq;mq;mq;6.200000;-10;mq;mq;mq;mq;0.000000;0.000000;0.000000;mq;mq;710.000000;1106.000000;2438.000000;mq;mq;mq;mq;mq;mq;mq;mq;mq;mq;mq;mq;mq;
07335;20110923000000;102170;-70;8;10;1.500000;282.850000;280.950000;88;50000;0;mq;mq;mq;mq;mq;mq;mq;mq;100710;mq;mq;mq;mq;mq;mq;mq;mq;mq;mq;mq;2.100000;-10;mq;mq;mq;mq;0.000000;0.000000;0.000000;mq;mq;710.000000;1102.000000;mq;mq;mq;mq;mq;mq;mq;mq;mq;mq;mq;mq;mq;mq;
07434;20110923000000;102040;-110;8;40;3.600000;285.950000;282.950000;82;35000;0;mq;mq;mq;mq;mq;mq;mq;mq;97290;mq;mq;mq;mq;mq;mq;mq;mq;mq;mq;mq;4.600000;-10;mq;mq;mq;mq;0.000000;0.000000;0.000000;mq;mq;710.000000;1105.000000;mq;mq;mq;mq;mq;mq;mq;mq;mq;mq;mq;mq;mq;mq;
07460;20110923000000;102150;-80;7;110;0.500000;283.050000;281.850000;92;25000;2;1;1;0;mq;mq;mq;mq;mq;98240;mq;mq;mq;mq;mq;mq;mq;mq;mq;mq;mq;1.500000;-10;mq;mq;0.000000;-60;0.000000;0.000000;0.000000;mq;mq;710.000000;1102.000000;3100.000000;mq;mq;mq;mq;mq;mq;mq;mq;mq;mq;mq;mq;mq;
07471;20110923000000;mq;-70;8;270;0.500000;285.050000;283.150000;88;19000;0;mq;mq;100;mq;450;mq;mq;mq;92500;mq;mq;mq;mq;mq;mq;mq;mq;mq;mq;mq;2.100000;-10;mq;mq;mq;mq;0.000000;0.000000;0.000000;mq;mq;710.000000;1102.000000;mq;mq;mq;mq;mq;mq;mq;mq;mq;mq;mq;mq;mq;mq;
07481;20110923000000;102010;-40;8;310;2.100000;285.850000;283.550000;86;20000;2;1;1;0;mq;mq;mq;mq;mq;99150;mq;mq;mq;mq;mq;mq;mq;mq;mq;mq;mq;3.600000;-10;mq;mq;0.000000;-60;0.000000;0.000000;0.000000;mq;mq;710.000000;1104.000000;3100.000000;mq;mq;mq;mq;mq;mq;mq;mq;mq;mq;mq;mq;mq;
07510;20110923000000;102010;-130;8;20;2.100000;287.850000;286.050000;89;45000;0;mq;mq;mq;mq;mq;mq;mq;mq;101360;mq;mq;mq;mq;mq;mq;mq;mq;mq;mq;mq;3.100000;-10;mq;mq;mq;mq;0.000000;0.000000;0.000000;mq;mq;710.000000;1103.000000;mq;mq;mq;mq;mq;mq;mq;mq;mq;mq;mq;mq;mq;mq;
07535;20110923000000;102000;-80;8;0;0.000000;284.250000;283.450000;95;mq;mq;mq;mq;mq;mq;mq;mq;mq;mq;98880;mq;mq;mq;mq;mq;mq;mq;mq;mq;mq;mq;2.100000;-10;mq;mq;mq;mq;0.000000;0.000000;0.000000;mq;mq;710.000000;1102.000000;mq;mq;mq;mq;mq;mq;mq;mq;mq;mq;mq;mq;mq;mq;
07558;20110923000000;101910;-60;8;20;4.100000;286.550000;281.850000;73;mq;mq;mq;mq;mq;mq;mq;mq;mq;mq;93680;mq;mq;mq;mq;mq;mq;mq;mq;mq;mq;mq;6.200000;-10;mq;mq;mq;mq;0.000000;0.000000;0.000000;mq;mq;710.000000;1106.000000;mq;mq;mq;mq;mq;mq;mq;mq;mq;mq;mq;mq;mq;mq;
07577;20110923000000;101820;-20;8;40;4.600000;289.750000;284.250000;70;20000;0;mq;mq;mq;mq;mq;mq;mq;mq;100940;mq;mq;mq;mq;mq;mq;mq;mq;mq;mq;mq;8.700000;-10;mq;mq;mq;mq;0.000000;0.000000;0.000000;mq;mq;710.000000;1109.000000;mq;mq;mq;mq;mq;mq;mq;mq;mq;mq;mq;mq;mq;mq;
07591;20110923000000;mq;0;0;10;1.000000;284.050000;281.450000;84;mq;0;mq;mq;mq;mq;mq;mq;mq;mq;91840;mq;mq;mq;mq;mq;mq;mq;mq;mq;mq;mq;2.100000;-10;mq;mq;mq;mq;0.000000;0.000000;0.000000;mq;mq;710.000000;1102.000000;mq;mq;mq;mq;mq;mq;mq;mq;mq;mq;mq;mq;mq;mq;
07607;20110923000000;101970;-110;8;360;0.500000;286.550000;284.950000;90;50000;0;mq;mq;100;mq;mq;mq;mq;mq;101260;mq;mq;mq;mq;mq;mq;mq;mq;mq;mq;mq;1.500000;-10;mq;mq;mq;mq;0.000000;0.000000;0.000000;mq;mq;710.000000;1102.000000;mq;mq;mq;mq;mq;mq;mq;mq;mq;mq;mq;mq;mq;mq;
07621;20110923000000;101940;-110;8;240;1.000000;288.550000;287.450000;93;12000;2;1;1;40;3;1250;35;20;10;97690;mq;mq;mq;mq;mq;mq;mq;mq;mq;mq;mq;1.500000;-10;mq;mq;0.000000;-60;0.000000;0.000000;0.000000;mq;mq;710.000000;1102.000000;3100.000000;mq;3;6;1080;mq;mq;mq;mq;mq;mq;mq;mq;mq;
07627;20110923000000;101980;-120;8;0;0.000000;286.350000;285.250000;93;mq;mq;mq;mq;mq;mq;mq;mq;mq;mq;97150;mq;mq;mq;mq;mq;mq;mq;mq;mq;mq;mq;1.500000;-10;mq;mq;mq;mq;0.000000;0.000000;0.000000;mq;mq;710.000000;1102.000000;mq;mq;mq;mq;mq;mq;mq;mq;mq;mq;mq;mq;mq;mq;
07630;20110923000000;101930;-80;7;270;1.500000;289.250000;284.650000;74;35000;0;mq;mq;mq;mq;mq;mq;mq;mq;100150;mq;mq;mq;mq;mq;mq;mq;mq;mq;mq;mq;3.100000;-10;mq;mq;mq;mq;0.000000;0.000000;0.000000;mq;mq;710.000000;1103.000000;mq;mq;mq;mq;mq;mq;mq;mq;mq;mq;mq;mq;mq;mq;
07643;20110923000000;101720;-50;8;360;3.600000;290.150000;284.850000;71;55000;0;mq;mq;mq;mq;mq;mq;mq;mq;101620;mq;mq;mq;mq;mq;mq;mq;mq;mq;mq;mq;6.200000;-10;mq;mq;mq;mq;0.000000;0.000000;0.000000;mq;mq;710.000000;1106.000000;mq;mq;mq;mq;mq;mq;mq;mq;mq;mq;mq;mq;mq;mq;
07650;20110923000000;101550;-40;8;320;3.600000;291.150000;284.650000;66;60000;2;1;1;0;mq;mq;mq;mq;mq;101170;mq;mq;mq;mq;mq;mq;mq;mq;mq;mq;mq;6.200000;-10;mq;mq;0.000000;-60;0.000000;0.000000;0.000000;mq;mq;710.000000;1106.000000;3100.000000;mq;mq;mq;mq;mq;mq;mq;mq;mq;mq;mq;mq;mq;
07661;20110923000000;101500;-40;8;110;4.600000;290.450000;284.050000;66;mq;mq;mq;mq;mq;mq;mq;mq;mq;mq;99920;mq;mq;mq;mq;mq;mq;mq;mq;mq;mq;mq;6.200000;-10;mq;mq;mq;mq;0.000000;0.000000;0.000000;mq;mq;710.000000;1106.000000;mq;mq;mq;mq;mq;mq;mq;mq;mq;mq;mq;mq;mq;mq;
07690;20110923000000;101530;-90;8;340;2.600000;292.050000;283.350000;57;30000;2;1;1;0;mq;mq;mq;mq;mq;101200;mq;mq;mq;mq;mq;mq;mq;mq;mq;mq;mq;5.700000;-10;mq;mq;0.000000;-60;0.000000;0.000000;0.000000;mq;mq;710.000000;1106.000000;3100.000000;mq;mq;mq;mq;mq;mq;mq;mq;mq;mq;mq;mq;mq;
07747;20110923000000;101710;-70;8;300;5.700000;295.450000;284.550000;50;60000;0;mq;mq;mq;mq;mq;mq;mq;mq;101200;mq;mq;mq;mq;mq;mq;mq;mq;mq;mq;mq;9.800000;-10;mq;mq;mq;mq;0.000000;0.000000;0.000000;mq;mq;710.000000;1110.000000;mq;mq;mq;mq;mq;mq;mq;mq;mq;mq;mq;mq;mq;mq;
07761;20110923000000;101530;-100;6;50;2.600000;288.150000;285.450000;84;20000;2;1;1;0;mq;mq;mq;mq;mq;101420;mq;mq;mq;mq;mq;mq;mq;mq;mq;mq;mq;5.100000;-10;mq;mq;0.000000;-60;0.000000;0.000000;0.000000;mq;mq;710.000000;1105.000000;3100.000000;mq;mq;mq;mq;mq;mq;mq;mq;mq;mq;mq;mq;mq;
07790;20110923000000;101510;-70;8;230;2.100000;288.850000;286.350000;85;60000;0;mq;mq;mq;mq;mq;mq;mq;mq;101370;mq;mq;mq;mq;mq;mq;mq;mq;mq;mq;mq;2.600000;-10;mq;mq;mq;mq;0.000000;0.000000;0.000000;mq;mq;710.000000;1103.000000;mq;mq;mq;mq;mq;mq;mq;mq;mq;mq;mq;mq;mq;mq;
61968;20110923000000;101450;mq;mq;90;5.100000;297.850000;293.150000;75;mq;mq;mq;mq;mq;mq;mq;mq;mq;mq;mq;mq;mq;0;mq;mq;mq;mq;mq;mq;mq;mq;10.800000;-10;mq;mq;mq;mq;0.000000;mq;0.000000;mq;mq;710.000000;1111.000000;mq;mq;mq;mq;mq;mq;mq;mq;mq;mq;mq;mq;mq;mq;
61970;20110923000000;101540;mq;mq;mq;mq;298.350000;296.250000;88;mq;mq;mq;mq;mq;mq;mq;mq;mq;mq;mq;mq;mq;mq;mq;mq;mq;mq;mq;mq;mq;mq;mq;mq;mq;mq;mq;mq;0.000000;mq;0.000000;mq;mq;mq;mq;mq;mq;mq;mq;mq;mq;mq;mq;mq;mq;mq;mq;mq;mq;
61972;20110923000000;101900;mq;mq;160;5.100000;295.250000;291.650000;80;mq;mq;mq;mq;mq;mq;mq;mq;mq;mq;mq;mq;mq;30;mq;mq;mq;mq;mq;mq;mq;mq;10.800000;-10;mq;mq;mq;mq;0.000000;mq;0.000000;mq;mq;710.000000;1111.000000;mq;mq;mq;mq;mq;mq;mq;mq;mq;mq;mq;mq;mq;mq;
61980;20110923000000;101920;mq;mq;120;5.700000;293.650000;289.650000;78;10000;2;1;1;25;2;800;38;20;10;mq;mq;mq;mq;mq;mq;mq;mq;mq;mq;mq;mq;7.700000;-10;mq;mq;mq;mq;0.000000;mq;0.000000;mq;mq;710.000000;1108.000000;mq;mq;1;8;690;mq;mq;mq;mq;mq;mq;mq;mq;mq;
67005;20110923000000;101490;mq;mq;340;1.500000;298.250000;296.650000;91;mq;61;mq;mq;mq;mq;mq;mq;mq;mq;mq;mq;mq;0;mq;mq;mq;mq;mq;mq;mq;mq;3.100000;-10;mq;mq;mq;mq;0.200000;mq;0.200000;mq;mq;710.000000;1103.000000;mq;mq;mq;mq;mq;mq;mq;mq;mq;mq;mq;mq;mq;mq;
71805;20110923000000;102340;60;0;250;4.100000;285.050000;284.550000;97;18000;0;mq;mq;mq;mq;mq;mq;mq;mq;102250;mq;mq;mq;mq;mq;mq;mq;mq;mq;mq;mq;5.100000;-10;mq;mq;mq;mq;0.000000;0.000000;0.000000;mq;mq;710.000000;1105.000000;mq;mq;mq;mq;mq;mq;mq;mq;mq;mq;mq;mq;mq;mq;
78897;20110923000000;101610;120;3;80;2.600000;300.550000;296.350000;78;21000;0;mq;mq;mq;mq;800;mq;mq;mq;mq;mq;mq;150;298.650000;mq;304.750000;mq;mq;mq;mq;mq;mq;mq;mq;mq;mq;mq;mq;mq;0.000000;mq;0.200000;mq;mq;mq;mq;mq;mq;mq;mq;mq;mq;mq;mq;mq;mq;mq;mq;
78922;20110923000000;101500;120;1;100;8.700000;301.650000;296.150000;72;mq;mq;mq;mq;mq;mq;mq;mq;mq;mq;101060;mq;mq;mq;mq;mq;mq;mq;mq;mq;mq;mq;mq;mq;mq;mq;mq;mq;mq;mq;mq;mq;mq;mq;mq;mq;mq;mq;mq;mq;mq;mq;mq;mq;mq;mq;mq;mq;mq;
78925;20110923000000;101450;110;3;60;4.600000;301.250000;297.250000;79;16000;2;1;1;90;3;800;38;20;12;mq;mq;mq;60;297.750000;mq;303.050000;mq;mq;mq;mq;mq;mq;mq;mq;mq;mq;mq;mq;mq;0.000000;mq;44.500000;mq;mq;mq;mq;2;8;780;7;0;7800;mq;mq;mq;mq;mq;mq;
81401;20110923000000;101140;mq;mq;130;0.500000;298.450000;296.850000;91;mq;mq;mq;mq;mq;mq;mq;mq;mq;mq;101080;mq;mq;mq;mq;mq;307.750000;mq;mq;mq;mq;mq;mq;mq;mq;mq;mq;mq;mq;0.000000;0.000000;mq;mq;mq;mq;mq;mq;mq;mq;mq;mq;mq;mq;mq;mq;mq;mq;mq;mq;
81405;20110923000000;101190;mq;mq;190;1.000000;298.950000;296.850000;88;55000;0;mq;mq;mq;mq;1250;mq;mq;mq;101100;mq;mq;mq;mq;mq;305.950000;mq;mq;mq;mq;mq;mq;mq;mq;mq;mq;mq;mq;0.000000;0.000000;mq;mq;mq;mq;mq;mq;mq;mq;mq;mq;mq;mq;mq;mq;mq;mq;mq;mq;
81408;20110923000000;101180;mq;mq;0;0.000000;297.850000;296.950000;95;mq;mq;mq;mq;mq;mq;mq;mq;mq;mq;101100;mq;mq;mq;mq;mq;307.550000;mq;mq;mq;mq;mq;mq;mq;mq;mq;mq;mq;mq;0.000000;0.000000;mq;mq;mq;mq;mq;mq;mq;mq;mq;mq;mq;mq;mq;mq;mq;mq;mq;mq;
89642;20110923000000;97560;120;2;100;2.600000;260.350000;258.050000;81;6000;70;7;7;90;4;450;37;21;12;97010;mq;mq;mq;259.250000;mq;260.350000;mq;mq;mq;mq;mq;mq;mq;mq;mq;mq;mq;mq;mq;mq;mq;mq;mq;mq;mq;mq;4;7;450;4;4;2400;7;0;4800;mq;mq;mq;
07005;20110923030000;102080;-80;8;170;2.100000;283.150000;282.350000;95;mq;mq;mq;mq;mq;mq;mq;mq;mq;mq;101180;mq;mq;mq;mq;mq;mq;mq;mq;mq;mq;mq;3.100000;-10;mq;mq;mq;mq;0.000000;0.000000;mq;mq;mq;710.000000;1103.000000;mq;mq;mq;mq;mq;mq;mq;mq;mq;mq;mq;mq;mq;mq;
07015;20110923030000;102050;-60;8;190;1.500000;281.950000;281.350000;96;700;41;mq;4;0;mq;mq;mq;mq;mq;101470;mq;mq;mq;mq;mq;mq;mq;mq;mq;mq;mq;2.600000;-10;mq;mq;0.000000;-30;0.000000;0.200000;mq;mq;mq;710.000000;1103.000000;3100.000000;mq;mq;mq;mq;mq;mq;mq;mq;mq;mq;mq;mq;mq;
07020;20110923030000;102120;-110;7;270;2.600000;287.650000;284.450000;81;20000;2;1;1;40;2;800;38;20;10;101860;mq;mq;mq;mq;mq;mq;mq;mq;mq;mq;mq;4.600000;-10;mq;mq;mq;mq;0.000000;0.000000;mq;mq;mq;710.000000;1105.000000;mq;mq;1;8;780;mq;mq;mq;mq;mq;mq;mq;mq;mq;
07027;20110923030000;102160;-110;6;190;2.600000;280.750000;280.350000;97;7000;0;mq;mq;mq;mq;mq;mq;mq;mq;101330;mq;mq;mq;mq;mq;mq;mq;mq;mq;mq;mq;3.100000;-10;mq;mq;mq;mq;0.000000;0.000000;mq;mq;mq;710.000000;1103.000000;mq;mq;mq;mq;mq;mq;mq;mq;mq;mq;mq;mq;mq;mq;
07037;20110923030000;102150;-90;8;170;1.000000;281.950000;281.950000;100;400;45;mq;mq;mq;mq;800;mq;mq;mq;100300;mq;mq;mq;mq;mq;mq;mq;mq;mq;mq;mq;2.100000;-10;mq;mq;mq;mq;0.000000;0.000000;mq;mq;mq;710.000000;1102.000000;mq;mq;mq;mq;mq;mq;mq;mq;mq;mq;mq;mq;mq;mq;
07110;20110923030000;102130;-120;6;140;1.500000;280.850000;280.450000;97;100;41;4;4;50;4;30;36;20;10;100960;mq;mq;mq;mq;mq;mq;mq;mq;mq;mq;mq;2.100000;-10;mq;mq;mq;mq;0.000000;0.000000;mq;mq;mq;710.000000;1102.000000;mq;mq;4;7;20;mq;mq;mq;mq;mq;mq;mq;mq;mq;
07117;20110923030000;102120;-110;6;210;3.100000;284.050000;283.250000;95;15000;2;1;1;25;2;800;31;21;10;101410;mq;mq;mq;mq;mq;mq;mq;mq;mq;mq;mq;3.600000;-10;mq;mq;mq;mq;0.200000;0.200000;mq;mq;mq;710.000000;1104.000000;2437.000000;mq;mq;mq;mq;mq;mq;mq;mq;mq;mq;mq;mq;mq;
07130;20110923030000;102140;-120;7;0;0.000000;280.650000;280.550000;99;100;45;mq;mq;mq;mq;450;mq;mq;mq;101610;mq;mq;mq;mq;mq;mq;mq;mq;mq;mq;mq;0.500000;-10;mq;mq;mq;mq;0.000000;0.200000;mq;mq;mq;710.000000;1101.000000;mq;mq;mq;mq;mq;mq;mq;mq;mq;mq;mq;mq;mq;mq;
07139;20110923030000;102180;-90;6;0;0.000000;279.250000;278.250000;93;mq;mq;mq;mq;mq;mq;mq;mq;mq;mq;100410;mq;mq;mq;mq;mq;mq;mq;mq;mq;mq;mq;1.000000;-10;mq;mq;mq;mq;0.200000;0.200000;mq;mq;mq;710.000000;1101.000000;mq;mq;mq;mq;mq;mq;mq;mq;mq;mq;mq;mq;mq;mq;
07149;20110923030000;102140;-90;8;270;1.500000;281.750000;281.350000;97;15000;2;1;1;10;0;8000;30;20;11;101040;mq;mq;mq;mq;mq;mq;mq;mq;mq;mq;mq;2.100000;-10;mq;mq;0.000000;-30;0.000000;0.000000;mq;mq;mq;710.000000;1102.000000;3100.000000;mq;1;0;7500;mq;mq;mq;mq;mq;mq;mq;mq;mq;
07168;20110923030000;102160;-80;7;300;2.600000;280.950000;279.750000;92;19000;0;mq;mq;mq;mq;mq;mq;mq;mq;100710;mq;mq;mq;mq;mq;mq;mq;mq;mq;mq;mq;3.100000;-10;mq;mq;mq;mq;0.000000;0.000000;mq;mq;mq;710.000000;1103.000000;mq;mq;mq;mq;mq;mq;mq;mq;mq;mq;mq;mq;mq;mq;
07181;20110923030000;102160;-80;7;240;0.500000;280.550000;280.150000;97;13000;0;mq;mq;mq;mq;mq;mq;mq;mq;98020;mq;mq;mq;mq;mq;mq;mq;mq;mq;mq;mq;1.000000;-10;mq;mq;mq;mq;0.000000;0.000000;mq;mq;mq;710.000000;1101.000000;mq;mq;mq;mq;mq;mq;mq;mq;mq;mq;mq;mq;mq;mq;
07190;20110923030000;102050;-90;6;360;1.000000;284.550000;283.250000;92;45000;0;mq;mq;100;mq;1750;mq;mq;mq;100230;mq;mq;mq;mq;mq;mq;mq;mq;mq;mq;mq;2.600000;-10;mq;mq;mq;mq;0.000000;0.000000;mq;mq;mq;710.000000;1103.000000;mq;mq;mq;mq;mq;mq;mq;mq;mq;mq;mq;mq;mq;mq;
07207;20110923030000;mq;mq;mq;80;4.100000;285.250000;283.850000;91;20000;2;1;1;0;mq;mq;mq;mq;mq;mq;mq;mq;mq;mq;mq;mq;mq;mq;mq;mq;mq;5.100000;-10;mq;mq;mq;mq;0.000000;0.000000;mq;mq;mq;710.000000;1105.000000;2428.000000;mq;mq;mq;mq;mq;mq;mq;mq;mq;mq;mq;mq;mq;
07222;20110923030000;102050;-120;7;30;1.000000;281.850000;280.950000;94;15000;2;1;1;0;mq;mq;mq;mq;mq;101730;mq;mq;mq;mq;mq;mq;mq;mq;mq;mq;mq;2.600000;-10;mq;mq;mq;mq;0.000000;0.000000;mq;mq;mq;710.000000;1103.000000;mq;mq;mq;mq;mq;mq;mq;mq;mq;mq;mq;mq;mq;mq;
07240;20110923030000;102080;-110;8;350;1.500000;282.650000;281.550000;93;20000;2;mq;mq;0;mq;mq;mq;mq;mq;100720;mq;mq;mq;mq;mq;mq;mq;mq;mq;mq;mq;2.100000;-10;mq;mq;0.000000;-30;0.000000;0.000000;mq;mq;mq;710.000000;1102.000000;3100.000000;mq;mq;mq;mq;mq;mq;mq;mq;mq;mq;mq;mq;mq;
07255;20110923030000;102040;-130;8;10;1.500000;283.550000;282.650000;94;20000;0;mq;mq;mq;mq;mq;mq;mq;mq;100030;mq;mq;mq;mq;mq;mq;mq;mq;mq;mq;mq;1.500000;-10;mq;mq;mq;mq;0.000000;0.000000;mq;mq;mq;710.000000;1102.000000;mq;mq;mq;mq;mq;mq;mq;mq;mq;mq;mq;mq;mq;mq;
07280;20110923030000;102040;-100;8;340;2.600000;284.250000;282.150000;87;55000;0;mq;mq;mq;mq;mq;mq;mq;mq;99310;mq;mq;mq;mq;mq;mq;mq;mq;mq;mq;mq;4.100000;-10;mq;mq;mq;mq;0.000000;0.000000;mq;mq;mq;710.000000;1104.000000;mq;mq;mq;mq;mq;mq;mq;mq;mq;mq;mq;mq;mq;mq;
07299;20110923030000;102060;-60;6;310;0.500000;283.150000;282.650000;97;10000;2;1;1;90;7;1750;35;61;60;98780;mq;mq;mq;mq;mq;mq;mq;mq;mq;mq;mq;1.000000;-10;mq;mq;0.000000;-30;0.000000;0.000000;mq;mq;mq;710.000000;1101.000000;3100.000000;mq;7;6;1500;mq;mq;mq;mq;mq;mq;mq;mq;mq;
07314;20110923030000;101970;-160;7;80;4.600000;288.650000;284.850000;78;mq;mq;mq;mq;mq;mq;mq;mq;mq;mq;101690;mq;mq;mq;mq;mq;mq;mq;mq;mq;mq;mq;8.200000;-10;mq;mq;mq;mq;0.000000;0.000000;mq;mq;mq;710.000000;1108.000000;mq;mq;mq;mq;mq;mq;mq;mq;mq;mq;mq;mq;mq;mq;
07335;20110923030000;102060;-120;8;330;1.000000;280.650000;279.950000;95;30000;0;mq;mq;mq;mq;mq;mq;mq;mq;100590;mq;mq;mq;mq;mq;mq;mq;mq;mq;mq;mq;1.500000;-10;mq;mq;mq;mq;0.000000;0.000000;mq;mq;mq;710.000000;1102.000000;mq;mq;mq;mq;mq;mq;mq;mq;mq;mq;mq;mq;mq;mq;
07434;20110923030000;101890;-140;8;30;3.600000;286.150000;282.550000;79;40000;0;mq;mq;mq;mq;mq;mq;mq;mq;97150;mq;mq;mq;mq;mq;mq;mq;mq;mq;mq;mq;5.100000;-10;mq;mq;mq;mq;0.000000;0.000000;mq;mq;mq;710.000000;1105.000000;mq;mq;mq;mq;mq;mq;mq;mq;mq;mq;mq;mq;mq;mq;
07460;20110923030000;102100;-80;6;0;0.000000;280.350000;279.750000;96;5000;45;mq;mq;25;2;30;36;20;10;98160;mq;mq;mq;mq;mq;mq;mq;mq;mq;mq;mq;1.000000;-10;mq;mq;0.000000;-30;0.000000;0.000000;mq;mq;mq;710.000000;1101.000000;3100.000000;mq;2;7;30;mq;mq;mq;mq;mq;mq;mq;mq;mq;
07471;20110923030000;mq;-100;6;0;0.000000;284.050000;282.850000;92;19000;0;mq;mq;100;mq;450;mq;mq;mq;92400;85000;17890;mq;mq;mq;mq;mq;mq;mq;mq;mq;1.500000;-10;mq;mq;mq;mq;0.000000;0.000000;mq;mq;mq;710.000000;1102.000000;mq;mq;mq;mq;mq;mq;mq;mq;mq;mq;mq;mq;mq;mq;
07481;20110923030000;101950;-70;7;340;1.500000;284.850000;282.950000;88;10000;2;1;1;0;mq;mq;mq;mq;mq;99080;mq;mq;mq;mq;mq;mq;mq;mq;mq;mq;mq;2.600000;-10;mq;mq;0.000000;-30;0.000000;0.000000;mq;mq;mq;710.000000;1103.000000;3100.000000;mq;mq;mq;mq;mq;mq;mq;mq;mq;mq;mq;mq;mq;
07510;20110923030000;101850;-160;6;20;1.500000;285.950000;285.150000;95;6000;2;1;1;10;0;mq;30;20;11;101200;mq;mq;mq;mq;mq;mq;mq;mq;mq;mq;mq;2.600000;-10;mq;mq;0.000000;-30;0.000000;0.000000;mq;mq;mq;710.000000;1103.000000;3100.000000;mq;1;0;7800;mq;mq;mq;mq;mq;mq;mq;mq;mq;
07535;20110923030000;101860;-150;6;0;0.000000;282.950000;282.650000;98;mq;mq;mq;mq;mq;mq;mq;mq;mq;mq;98730;mq;mq;mq;mq;mq;mq;mq;mq;mq;mq;mq;1.000000;-10;mq;mq;mq;mq;0.000000;0.000000;mq;mq;mq;710.000000;1101.000000;mq;mq;mq;mq;mq;mq;mq;mq;mq;mq;mq;mq;mq;mq;
07558;20110923030000;101830;-120;6;40;2.100000;284.850000;281.550000;80;mq;mq;mq;mq;mq;mq;mq;mq;mq;mq;93560;mq;mq;mq;mq;mq;mq;mq;mq;mq;mq;mq;3.600000;-10;mq;mq;mq;mq;0.000000;0.000000;mq;mq;mq;710.000000;1104.000000;mq;mq;mq;mq;mq;mq;mq;mq;mq;mq;mq;mq;mq;mq;
07577;20110923030000;101750;-70;6;50;3.600000;288.150000;283.950000;76;20000;0;mq;mq;mq;mq;mq;mq;mq;mq;100870;mq;mq;mq;mq;mq;mq;mq;mq;mq;mq;mq;7.700000;-10;mq;mq;mq;mq;0.000000;0.000000;mq;mq;mq;710.000000;1108.000000;mq;mq;mq;mq;mq;mq;mq;mq;mq;mq;mq;mq;mq;mq;
07591;20110923030000;mq;-80;6;230;1.000000;283.150000;280.250000;82;mq;0;mq;mq;mq;mq;mq;mq;mq;mq;91760;mq;mq;mq;mq;mq;mq;mq;mq;mq;mq;mq;3.600000;-10;mq;mq;mq;mq;0.000000;0.000000;mq;mq;mq;710.000000;1104.000000;mq;mq;mq;mq;mq;mq;mq;mq;mq;mq;mq;mq;mq;mq;
07607;20110923030000;101870;-100;6;0;0.000000;284.650000;283.750000;94;18000;0;mq;mq;75;mq;mq;mq;mq;mq;101160;mq;mq;mq;mq;mq;mq;mq;mq;mq;mq;mq;1.000000;-10;mq;mq;mq;mq;0.000000;0.000000;mq;mq;mq;710.000000;1101.000000;mq;mq;mq;mq;mq;mq;mq;mq;mq;mq;mq;mq;mq;mq;
07621;20110923030000;101820;-110;6;250;1.000000;288.950000;288.150000;95;12000;2;mq;mq;100;8;800;35;61;60;97580;mq;mq;mq;mq;mq;mq;mq;mq;mq;mq;mq;1.500000;-10;mq;mq;0.000000;-30;0.000000;0.000000;mq;mq;mq;710.000000;1102.000000;3100.000000;mq;8;6;780;mq;mq;mq;mq;mq;mq;mq;mq;mq;
07627;20110923030000;101890;-120;6;140;1.000000;284.550000;283.650000;94;mq;mq;mq;mq;mq;mq;mq;mq;mq;mq;97030;mq;mq;mq;mq;mq;mq;mq;mq;mq;mq;mq;1.500000;-10;mq;mq;mq;mq;0.000000;0.000000;mq;mq;mq;710.000000;1102.000000;mq;mq;mq;mq;mq;mq;mq;mq;mq;mq;mq;mq;mq;mq;
07630;20110923030000;101820;-120;6;160;0.500000;286.350000;284.050000;86;20000;2;1;1;0;mq;mq;mq;mq;mq;100030;mq;mq;mq;mq;mq;mq;mq;mq;mq;mq;mq;1.000000;-10;mq;mq;0.000000;-30;0.000000;0.000000;mq;mq;mq;710.000000;1101.000000;3100.000000;mq;mq;mq;mq;mq;mq;mq;mq;mq;mq;mq;mq;mq;
07643;20110923030000;101650;-70;6;340;2.600000;288.050000;284.050000;77;50000;2;1;1;0;mq;mq;mq;mq;mq;101550;mq;mq;mq;mq;mq;mq;mq;mq;mq;mq;mq;5.700000;-10;mq;mq;mq;mq;0.000000;0.000000;mq;mq;mq;710.000000;1106.000000;mq;mq;mq;mq;mq;mq;mq;mq;mq;mq;mq;mq;mq;mq;
07650;20110923030000;101510;-50;6;140;2.100000;285.750000;282.750000;82;45000;0;mq;mq;0;mq;mq;mq;mq;mq;101120;mq;mq;mq;mq;mq;mq;mq;mq;mq;mq;mq;3.600000;-10;mq;mq;mq;mq;0.000000;0.000000;mq;mq;mq;710.000000;1104.000000;mq;mq;mq;mq;mq;mq;mq;mq;mq;mq;mq;mq;mq;mq;
07661;20110923030000;101450;-50;6;100;3.100000;289.750000;284.250000;70;20000;2;1;1;0;mq;mq;mq;mq;mq;99870;mq;mq;mq;mq;mq;mq;mq;mq;mq;mq;mq;7.200000;-10;mq;mq;mq;mq;0.000000;0.000000;mq;mq;mq;710.000000;1107.000000;mq;mq;mq;mq;mq;mq;mq;mq;mq;mq;mq;mq;mq;mq;
07690;20110923030000;101490;-40;6;330;2.100000;291.550000;282.650000;56;30000;2;1;1;0;mq;mq;mq;mq;mq;101160;mq;mq;mq;mq;mq;mq;mq;mq;mq;mq;mq;3.600000;-10;mq;mq;0.000000;-30;0.000000;0.000000;mq;mq;mq;710.000000;1104.000000;3100.000000;mq;mq;mq;mq;mq;mq;mq;mq;mq;mq;mq;mq;mq;
07747;20110923030000;101640;-80;8;260;1.500000;290.950000;284.750000;67;60000;0;mq;mq;mq;mq;mq;mq;mq;mq;101120;mq;mq;mq;mq;mq;mq;mq;mq;mq;mq;mq;2.100000;-10;mq;mq;mq;mq;0.000000;0.000000;mq;mq;mq;710.000000;1102.000000;mq;mq;mq;mq;mq;mq;mq;mq;mq;mq;mq;mq;mq;mq;
07761;20110923030000;101500;-30;7;50;4.100000;286.650000;283.850000;83;20000;2;1;1;0;mq;mq;mq;mq;mq;101390;mq;mq;mq;mq;mq;mq;mq;mq;mq;mq;mq;5.100000;-10;mq;mq;0.000000;-30;0.000000;0.000000;mq;mq;mq;710.000000;1105.000000;3100.000000;mq;mq;mq;mq;mq;mq;mq;mq;mq;mq;mq;mq;mq;
07790;20110923030000;101440;-70;7;210;2.600000;287.850000;285.550000;86;20000;2;1;1;0;mq;mq;mq;mq;mq;101300;mq;mq;mq;mq;mq;mq;mq;mq;mq;mq;mq;3.100000;-10;mq;mq;0.000000;-30;0.000000;0.000000;mq;mq;mq;710.000000;1103.000000;3100.000000;mq;mq;mq;mq;mq;mq;mq;mq;mq;mq;mq;mq;mq;
61970;20110923030000;101670;mq;mq;mq;mq;298.150000;296.250000;89;mq;mq;mq;mq;mq;mq;mq;mq;mq;mq;mq;mq;mq;0;mq;mq;mq;mq;mq;mq;mq;mq;mq;mq;mq;mq;mq;mq;0.000000;0.000000;mq;mq;mq;mq;mq;mq;mq;mq;mq;mq;mq;mq;mq;mq;mq;mq;mq;mq;mq;
61972;20110923030000;101910;mq;mq;160;4.600000;295.150000;291.950000;82;mq;mq;mq;mq;mq;mq;mq;mq;mq;mq;mq;mq;mq;mq;mq;mq;mq;mq;mq;mq;mq;mq;11.300000;-10;mq;mq;mq;mq;0.000000;0.000000;mq;mq;mq;710.000000;1111.000000;mq;mq;mq;mq;mq;mq;mq;mq;mq;mq;mq;mq;mq;mq;
61976;20110923030000;101820;mq;mq;130;8.200000;296.950000;293.250000;80;mq;mq;mq;mq;mq;mq;mq;mq;mq;mq;101670;mq;mq;mq;mq;mq;mq;mq;mq;mq;mq;mq;mq;mq;mq;mq;mq;mq;mq;mq;mq;mq;mq;mq;mq;mq;mq;mq;mq;mq;mq;mq;mq;mq;mq;mq;mq;mq;mq;
61980;20110923030000;102020;mq;mq;130;5.100000;294.150000;290.150000;78;10000;2;1;1;10;1;800;31;20;10;mq;mq;mq;mq;mq;mq;mq;mq;mq;mq;mq;mq;7.700000;-10;mq;mq;mq;mq;0.000000;0.000000;mq;mq;mq;710.000000;1108.000000;2427.000000;mq;1;8;690;mq;mq;mq;mq;mq;mq;mq;mq;mq;
61997;20110923030000;101470;mq;mq;310;9.800000;279.250000;276.550000;83;mq;mq;mq;mq;mq;mq;mq;mq;mq;mq;mq;mq;mq;850;mq;mq;mq;mq;mq;mq;mq;mq;mq;mq;mq;mq;mq;mq;mq;0.400000;mq;mq;mq;mq;mq;mq;mq;mq;mq;mq;mq;mq;mq;mq;mq;mq;mq;mq;mq;
67005;20110923030000;101590;mq;mq;10;1.500000;297.450000;295.850000;91;20000;1;6;1;75;5;800;38;23;10;mq;mq;mq;30;mq;mq;mq;mq;mq;mq;mq;mq;2.100000;-10;mq;mq;mq;mq;0.000000;1.000000;mq;mq;mq;710.000000;1102.000000;mq;mq;2;8;660;4;6;1500;mq;mq;mq;mq;mq;mq;
71805;20110923030000;102270;-60;6;250;4.100000;286.450000;286.250000;99;200;45;mq;mq;101;mq;mq;62;61;60;102190;mq;mq;mq;mq;mq;mq;mq;mq;mq;mq;mq;6.700000;-10;mq;mq;mq;mq;0.000000;0.000000;mq;mq;mq;710.000000;1107.000000;mq;mq;mq;mq;mq;mq;mq;mq;mq;mq;mq;mq;mq;mq;
78897;20110923030000;101600;-10;8;80;3.600000;300.050000;296.550000;81;20000;2;1;1;50;2;800;38;20;12;mq;mq;mq;50;mq;mq;mq;mq;mq;mq;mq;mq;mq;mq;mq;mq;mq;mq;mq;mq;mq;mq;mq;mq;mq;mq;mq;2;8;870;4;0;7800;mq;mq;mq;mq;mq;mq;
78922;20110923030000;101510;10;0;90;9.800000;301.550000;296.250000;73;mq;mq;mq;mq;mq;mq;mq;mq;mq;mq;101070;mq;mq;mq;mq;mq;mq;mq;mq;mq;mq;mq;mq;mq;mq;mq;mq;mq;mq;mq;mq;mq;mq;mq;mq;mq;mq;mq;mq;mq;mq;mq;mq;mq;mq;mq;mq;mq;mq;
78925;20110923030000;101510;60;0;60;5.100000;301.050000;296.850000;78;15000;2;1;1;75;4;1250;38;20;12;mq;mq;mq;30;mq;mq;mq;mq;mq;mq;mq;mq;mq;mq;mq;mq;mq;mq;mq;mq;mq;mq;mq;mq;mq;mq;mq;2;8;990;3;6;1500;5;0;7800;mq;mq;mq;
81401;20110923030000;101210;mq;mq;130;0.500000;297.550000;296.550000;94;mq;mq;mq;mq;mq;mq;mq;mq;mq;mq;101150;mq;mq;mq;mq;mq;mq;mq;mq;mq;mq;mq;mq;mq;mq;mq;mq;mq;mq;0.000000;mq;mq;mq;mq;mq;mq;mq;mq;mq;mq;mq;mq;mq;mq;mq;mq;mq;mq;mq;
81405;20110923030000;101220;mq;mq;0;0.000000;297.450000;296.750000;96;40000;0;mq;mq;mq;mq;mq;mq;mq;mq;101130;mq;mq;mq;mq;mq;mq;mq;mq;mq;mq;mq;mq;mq;mq;mq;mq;mq;mq;0.000000;mq;mq;mq;mq;mq;mq;mq;mq;mq;mq;mq;mq;mq;mq;mq;mq;mq;mq;mq;
81408;20110923030000;101180;mq;mq;360;0.500000;296.750000;296.050000;96;mq;mq;mq;mq;mq;mq;mq;mq;mq;mq;101100;mq;mq;mq;mq;mq;mq;mq;mq;mq;mq;mq;mq;mq;mq;mq;mq;mq;mq;0.000000;mq;mq;mq;mq;mq;mq;mq;mq;mq;mq;mq;mq;mq;mq;mq;mq;mq;mq;mq;
89642;20110923030000;97670;110;2;110;3.600000;261.550000;259.050000;80;12000;23;7;2;75;0;8000;30;20;11;97120;mq;mq;mq;mq;mq;mq;mq;mq;mq;mq;mq;mq;mq;mq;mq;mq;mq;mq;mq;mq;mq;mq;mq;mq;mq;mq;6;0;4800;mq;mq;mq;mq;mq;mq;mq;mq;mq;
07005;20110923060000;102060;-20;6;170;2.600000;282.550000;281.750000;95;12000;2;1;1;25;1;800;31;20;11;101160;mq;mq;mq;282.550000;mq;287.050000;mq;281.150000;mq;mq;mq;3.600000;-10;0;0.000000;0.000000;-60;0.000000;0.200000;mq;0.400000;0.400000;710.000000;1104.000000;3100.000000;mq;1;8;900;mq;mq;mq;mq;mq;mq;mq;mq;mq;
07015;20110923060000;102050;0;5;200;0.500000;280.950000;280.550000;97;400;41;mq;4;50;0;8000;30;20;11;101470;mq;mq;mq;280.750000;mq;288.850000;mq;277.150000;mq;mq;mq;1.500000;-10;1;0.000000;0.000000;-60;0.000000;0.000000;mq;0.200000;0.200000;710.000000;1102.000000;3100.000000;mq;4;0;6900;mq;mq;mq;mq;mq;mq;mq;mq;mq;
07020;20110923060000;102070;-60;6;270;2.100000;287.250000;284.450000;83;mq;mq;mq;mq;mq;mq;mq;mq;mq;mq;101800;mq;mq;mq;287.150000;mq;288.450000;mq;mq;mq;mq;mq;4.100000;-10;mq;mq;mq;mq;0.000000;0.000000;mq;0.000000;0.000000;710.000000;1104.000000;mq;mq;mq;mq;mq;mq;mq;mq;mq;mq;mq;mq;mq;mq;
07027;20110923060000;102110;-50;6;130;1.000000;279.850000;279.550000;98;8000;2;1;1;10;1;3500;30;23;11;101280;mq;mq;mq;279.750000;mq;288.250000;mq;276.150000;mq;mq;mq;2.100000;-10;0;0.000000;0.000000;-60;0.000000;0.000000;mq;0.200000;0.200000;710.000000;1102.000000;3100.000000;mq;1;3;4500;mq;mq;mq;mq;mq;mq;mq;mq;mq;
07037;20110923060000;102140;-20;5;260;0.500000;280.950000;280.950000;100;400;42;4;0;25;2;30;36;20;10;100280;mq;mq;mq;280.350000;mq;286.750000;mq;275.150000;mq;mq;mq;1.500000;-10;1;0.000000;0.000000;-60;0.000000;0.200000;mq;0.200000;0.200000;710.000000;1102.000000;3100.000000;mq;2;7;30;mq;mq;mq;mq;mq;mq;mq;mq;mq;
07110;20110923060000;102020;-110;6;140;2.100000;280.750000;280.450000;98;5000;11;4;0;25;0;8000;30;20;11;100850;mq;mq;mq;279.750000;mq;287.850000;mq;276.150000;mq;mq;mq;2.600000;-10;0;0.000000;mq;mq;0.000000;0.000000;mq;0.000000;0.200000;710.000000;1103.000000;mq;mq;2;0;6900;mq;mq;mq;mq;mq;mq;mq;mq;mq;
07117;20110923060000;102030;-90;6;190;3.100000;283.750000;282.050000;89;20000;2;1;1;75;5;2250;30;21;12;101320;mq;mq;mq;283.650000;mq;287.350000;mq;mq;mq;mq;mq;3.600000;-10;mq;mq;mq;mq;0.000000;0.000000;mq;0.200000;mq;710.000000;1104.000000;2428.000000;mq;mq;mq;mq;mq;mq;mq;mq;mq;mq;mq;mq;mq;
07130;20110923060000;102080;-60;6;190;0.500000;279.550000;279.450000;99;50;45;mq;mq;101;mq;mq;62;61;60;101550;mq;mq;mq;279.550000;mq;288.950000;mq;276.150000;mq;mq;mq;2.100000;-10;1;0.000000;mq;mq;0.000000;0.000000;mq;0.200000;0.200000;710.000000;1102.000000;mq;mq;mq;mq;mq;mq;mq;mq;mq;mq;mq;mq;mq;mq;
07139;20110923060000;102140;-40;5;20;1.000000;279.150000;278.250000;94;1000;10;2;2;100;8;80;36;61;60;100370;mq;mq;mq;278.950000;mq;288.550000;mq;275.150000;mq;mq;mq;2.100000;-10;1;0.000000;0.000000;-60;0.000000;0.000000;mq;0.200000;0.200000;710.000000;1102.000000;3100.000000;mq;8;7;30;mq;mq;mq;mq;mq;mq;mq;mq;mq;
07149;20110923060000;102130;-10;5;0;0.000000;281.150000;280.850000;98;14000;11;0;0;40;1;3500;30;23;11;101030;mq;mq;mq;280.750000;mq;289.750000;mq;277.150000;mq;mq;mq;1.000000;-10;0;0.000000;0.000000;-60;0.000000;0.000000;mq;0.000000;0.000000;710.000000;1101.000000;3100.000000;mq;1;3;3900;3;0;7500;mq;mq;mq;mq;mq;mq;
07168;20110923060000;102130;-20;5;320;1.000000;282.650000;281.550000;93;18000;2;1;1;90;7;1250;35;61;60;100690;mq;mq;mq;279.850000;mq;287.850000;mq;278.150000;mq;mq;mq;1.500000;-10;0;0.000000;0.000000;-60;0.000000;0.000000;mq;0.000000;0.000000;710.000000;1102.000000;3100.000000;mq;7;6;1380;mq;mq;mq;mq;mq;mq;mq;mq;mq;
07181;20110923060000;102150;-20;5;0;0.000000;280.250000;279.950000;98;4000;40;0;0;0;mq;mq;mq;mq;mq;98000;mq;mq;mq;279.750000;mq;286.150000;mq;275.150000;mq;mq;mq;1.000000;-10;0;0.000000;0.000000;-60;0.200000;0.200000;mq;0.400000;0.400000;710.000000;1101.000000;3100.000000;mq;mq;mq;mq;mq;mq;mq;mq;mq;mq;mq;mq;mq;
07190;20110923060000;102050;-10;5;330;1.500000;283.650000;282.250000;91;40000;0;mq;mq;mq;mq;1750;mq;mq;mq;100220;mq;mq;mq;283.650000;mq;290.050000;mq;281.150000;mq;mq;mq;3.100000;-10;0;0.000000;mq;mq;0.000000;0.000000;mq;0.000000;0.000000;710.000000;1103.000000;mq;mq;mq;mq;mq;mq;mq;mq;mq;mq;mq;mq;mq;mq;
07207;20110923060000;mq;mq;mq;90;4.600000;285.750000;283.150000;84;20000;2;1;1;10;1;3500;30;24;10;mq;mq;mq;mq;285.150000;mq;289.150000;mq;mq;mq;mq;mq;6.200000;-10;mq;mq;mq;mq;0.200000;0.200000;mq;0.200000;mq;710.000000;1106.000000;2428.000000;mq;mq;mq;mq;mq;mq;mq;mq;mq;mq;mq;mq;mq;
07222;20110923060000;102000;-50;5;0;0.000000;282.150000;281.550000;96;7000;2;1;1;10;0;8000;30;20;11;101680;mq;mq;mq;281.550000;mq;289.450000;mq;276.150000;mq;mq;mq;2.600000;-10;0;0.000000;mq;mq;0.000000;0.000000;mq;0.000000;0.000000;710.000000;1103.000000;mq;mq;1;0;7500;mq;mq;mq;mq;mq;mq;mq;mq;mq;
07240;20110923060000;102040;-40;5;340;1.500000;282.750000;281.550000;92;15000;2;mq;mq;0;mq;mq;mq;mq;mq;100680;mq;mq;mq;282.450000;mq;290.450000;mq;280.150000;mq;mq;mq;2.600000;-10;0;0.000000;0.000000;-60;0.000000;0.000000;mq;0.000000;0.000000;710.000000;1103.000000;3100.000000;mq;mq;mq;mq;mq;mq;mq;mq;mq;mq;mq;mq;mq;
07255;20110923060000;102040;-10;5;130;1.000000;282.150000;281.650000;97;25000;11;0;0;10;0;8000;30;20;11;100020;mq;mq;mq;282.150000;mq;290.450000;mq;278.150000;mq;mq;mq;1.500000;-10;0;0.000000;0.000000;-60;0.000000;0.000000;mq;0.000000;0.000000;710.000000;1102.000000;3100.000000;mq;1;0;7500;mq;mq;mq;mq;mq;mq;mq;mq;mq;
07280;20110923060000;102030;-20;5;340;2.600000;283.250000;281.350000;88;55000;0;mq;mq;mq;mq;1250;mq;mq;mq;99290;mq;mq;mq;283.050000;mq;290.850000;mq;280.150000;mq;mq;mq;4.600000;-10;0;0.000000;mq;mq;0.000000;0.000000;mq;0.000000;0.000000;710.000000;1105.000000;mq;mq;mq;mq;mq;mq;mq;mq;mq;mq;mq;mq;mq;mq;
07299;20110923060000;102030;-30;6;0;0.000000;283.150000;282.850000;98;7000;11;2;2;75;6;1750;35;20;10;98750;mq;mq;mq;282.650000;mq;289.550000;mq;281.150000;mq;mq;mq;1.000000;-10;0;0.000000;0.000000;-60;0.000000;0.000000;mq;0.000000;0.000000;710.000000;1101.000000;3100.000000;mq;6;6;1500;mq;mq;mq;mq;mq;mq;mq;mq;mq;
07314;20110923060000;101940;-30;6;70;3.600000;287.850000;284.650000;81;20000;2;1;1;10;0;8000;30;20;11;101660;mq;mq;mq;287.750000;mq;291.050000;mq;mq;mq;mq;mq;7.700000;-10;mq;mq;mq;mq;0.000000;0.000000;mq;0.000000;0.000000;710.000000;1108.000000;2428.000000;mq;1;0;6000;mq;mq;mq;mq;mq;mq;mq;mq;mq;
07335;20110923060000;102020;-40;5;340;1.500000;280.250000;279.650000;96;21000;11;0;0;10;0;8000;30;20;11;100550;mq;mq;mq;280.250000;mq;289.550000;mq;277.150000;mq;mq;mq;2.100000;-10;0;0.000000;mq;mq;0.000000;0.000000;mq;0.000000;0.000000;710.000000;1102.000000;mq;mq;1;0;7800;mq;mq;mq;mq;mq;mq;mq;mq;mq;
07434;20110923060000;101850;-50;5;60;4.100000;285.450000;282.950000;85;20000;2;1;1;10;0;8000;30;20;11;97100;mq;mq;mq;285.050000;mq;288.250000;mq;284.150000;mq;mq;mq;7.700000;-10;0;0.000000;0.000000;-60;0.000000;0.000000;mq;0.000000;0.000000;710.000000;1108.000000;3100.000000;mq;1;0;7800;mq;mq;mq;mq;mq;mq;mq;mq;mq;
07460;20110923060000;102040;-30;5;350;1.500000;282.550000;282.450000;99;10000;11;mq;mq;75;6;450;35;20;10;98130;mq;mq;mq;279.850000;mq;289.250000;mq;277.150000;mq;mq;mq;2.100000;-10;0;0.000000;0.000000;-60;0.000000;0.000000;mq;0.000000;0.000000;710.000000;1102.000000;3100.000000;mq;2;6;390;5;6;900;mq;mq;mq;mq;mq;mq;
07471;20110923060000;mq;-30;5;0;0.000000;284.050000;281.250000;83;30000;2;1;1;90;7;450;36;61;60;92370;85000;17860;mq;283.950000;mq;287.550000;mq;282.150000;mq;mq;mq;2.100000;-10;0;0.000000;0.000000;-60;0.000000;0.000000;mq;0.000000;0.000000;710.000000;1102.000000;3100.000000;mq;7;7;390;mq;mq;mq;mq;mq;mq;mq;mq;mq;
07481;20110923060000;101980;20;3;360;1.500000;283.950000;282.550000;91;9000;11;1;1;75;6;250;36;20;10;99100;mq;mq;mq;283.850000;mq;290.950000;mq;279.150000;mq;mq;mq;2.600000;-10;0;0.000000;0.000000;-60;0.000000;0.000000;mq;0.000000;0.200000;710.000000;1103.000000;3100.000000;mq;6;7;210;mq;mq;mq;mq;mq;mq;mq;mq;mq;
07510;20110923060000;101820;-40;6;0;0.000000;283.750000;283.750000;100;5000;11;0;0;10;0;mq;30;20;11;101160;mq;mq;mq;283.450000;mq;291.750000;mq;281.150000;mq;mq;mq;1.500000;-10;0;0.000000;0.000000;-60;0.000000;0.000000;mq;0.000000;0.000000;710.000000;1102.000000;3100.000000;mq;1;0;7800;mq;mq;mq;mq;mq;mq;mq;mq;mq;
07535;20110923060000;101880;-10;5;130;1.000000;281.250000;280.950000;98;300;46;4;0;10;0;8000;30;20;11;98720;mq;mq;mq;281.150000;mq;293.750000;mq;279.150000;mq;mq;mq;1.500000;-10;0;0.000000;0.000000;-60;0.000000;0.200000;mq;0.200000;0.200000;710.000000;1102.000000;3100.000000;mq;1;0;7500;mq;mq;mq;mq;mq;mq;mq;mq;mq;
07558;20110923060000;101860;-10;5;30;2.600000;283.750000;280.950000;83;60000;2;1;1;10;1;1750;35;20;11;93550;mq;mq;mq;283.450000;mq;291.950000;mq;282.150000;mq;mq;mq;4.600000;-10;0;0.000000;0.000000;-60;0.000000;0.000000;mq;0.000000;0.000000;710.000000;1105.000000;3100.000000;mq;1;6;1800;mq;mq;mq;mq;mq;mq;mq;mq;mq;
07591;20110923060000;mq;50;3;0;0.000000;282.050000;280.150000;88;mq;0;mq;mq;mq;mq;mq;mq;mq;mq;91810;mq;mq;mq;281.950000;mq;291.450000;mq;278.150000;mq;mq;mq;1.500000;-10;mq;mq;mq;mq;0.000000;0.000000;mq;0.000000;0.000000;710.000000;1102.000000;mq;mq;mq;mq;mq;mq;mq;mq;mq;mq;mq;mq;mq;mq;
07607;20110923060000;101800;-80;6;110;0.500000;282.850000;282.050000;95;12000;0;mq;mq;mq;mq;mq;mq;mq;mq;101080;mq;mq;mq;282.550000;mq;295.750000;mq;280.150000;mq;mq;mq;1.500000;-10;mq;mq;mq;mq;0.000000;0.000000;mq;0.000000;0.000000;710.000000;1102.000000;mq;mq;mq;mq;mq;mq;mq;mq;mq;mq;mq;mq;mq;mq;
07621;20110923060000;101780;-70;5;300;0.500000;286.850000;286.250000;96;300;46;mq;mq;25;2;800;35;20;10;97510;mq;mq;mq;286.850000;mq;291.950000;mq;283.150000;mq;mq;mq;1.500000;-10;0;0.000000;0.000000;-60;0.000000;0.000000;mq;0.000000;0.000000;710.000000;1102.000000;3100.000000;mq;2;6;780;mq;mq;mq;mq;mq;mq;mq;mq;mq;
07627;20110923060000;101860;-30;5;180;1.000000;284.250000;283.450000;95;20000;11;0;0;10;1;800;35;20;10;97000;mq;mq;mq;283.450000;mq;292.950000;mq;280.150000;mq;mq;mq;2.100000;-10;0;0.000000;0.000000;-60;0.000000;0.000000;mq;0.000000;0.200000;710.000000;1102.000000;3100.000000;mq;1;6;780;mq;mq;mq;mq;mq;mq;mq;mq;mq;
07630;20110923060000;101820;-10;5;180;1.500000;285.450000;284.050000;91;20000;2;1;1;10;1;3500;30;23;10;100020;mq;mq;mq;285.350000;mq;295.650000;mq;282.150000;mq;mq;mq;2.600000;-10;1;0.000000;0.000000;-60;0.000000;0.000000;mq;0.000000;0.000000;710.000000;1103.000000;3100.000000;mq;1;3;3300;mq;mq;mq;mq;mq;mq;mq;mq;mq;
07643;20110923060000;101670;20;2;280;2.100000;287.550000;283.550000;77;50000;2;1;1;10;0;8000;30;20;11;101570;mq;mq;mq;287.250000;mq;296.050000;mq;286.150000;mq;mq;mq;4.100000;-10;0;0.000000;mq;mq;0.000000;0.000000;mq;0.000000;0.000000;710.000000;1104.000000;mq;mq;1;0;7800;mq;mq;mq;mq;mq;mq;mq;mq;mq;
07650;20110923060000;101570;60;3;140;2.600000;285.850000;282.850000;82;30000;3;mq;mq;10;0;8000;30;20;12;101180;mq;mq;mq;285.050000;mq;296.650000;mq;283.150000;mq;mq;mq;3.600000;-10;0;0.000000;0.000000;-60;0.000000;0.000000;mq;0.000000;0.000000;710.000000;1104.000000;3100.000000;mq;1;0;7800;mq;mq;mq;mq;mq;mq;mq;mq;mq;
07661;20110923060000;101490;40;3;120;3.600000;289.050000;284.250000;73;20000;2;1;1;0;mq;mq;mq;mq;mq;99910;mq;mq;mq;287.850000;mq;293.650000;mq;mq;mq;mq;mq;6.700000;-10;mq;mq;mq;mq;0.000000;0.000000;mq;0.000000;0.000000;710.000000;1107.000000;mq;mq;mq;mq;mq;mq;mq;mq;mq;mq;mq;mq;mq;mq;
07690;20110923060000;101540;50;3;330;3.100000;291.850000;282.350000;54;50000;2;1;1;10;1;450;35;20;12;101210;mq;mq;mq;291.250000;mq;294.750000;mq;290.150000;mq;mq;mq;4.100000;-10;0;0.000000;0.000000;-60;0.000000;0.000000;mq;0.000000;0.000000;710.000000;1104.000000;3100.000000;mq;1;6;480;mq;mq;mq;mq;mq;mq;mq;mq;mq;
07747;20110923060000;101670;30;3;260;1.000000;288.650000;284.650000;77;40000;2;1;1;0;mq;mq;mq;mq;mq;101150;mq;mq;mq;288.350000;mq;298.450000;mq;285.150000;mq;mq;mq;3.600000;-10;0;0.000000;mq;mq;0.000000;0.000000;mq;0.000000;0.000000;710.000000;1104.000000;mq;mq;mq;mq;mq;mq;mq;mq;mq;mq;mq;mq;mq;mq;
07761;20110923060000;101510;10;3;50;3.100000;287.250000;283.650000;79;40000;2;1;1;10;1;800;35;20;10;101400;mq;mq;mq;285.950000;mq;294.050000;mq;285.150000;mq;mq;mq;5.100000;-10;0;0.000000;0.000000;-60;0.000000;0.000000;mq;0.000000;0.000000;710.000000;1105.000000;3100.000000;mq;1;6;750;mq;mq;mq;mq;mq;mq;mq;mq;mq;
07790;20110923060000;101470;30;3;210;2.100000;289.250000;285.650000;79;40000;2;1;1;0;mq;mq;mq;mq;mq;101330;mq;mq;mq;287.850000;mq;292.650000;mq;285.150000;mq;mq;mq;3.100000;-10;0;0.000000;0.000000;-60;0.000000;0.000000;mq;0.000000;0.000000;710.000000;1103.000000;3100.000000;mq;mq;mq;mq;mq;mq;mq;mq;mq;mq;mq;mq;mq;
61970;20110923060000;101780;mq;mq;mq;mq;300.950000;296.150000;75;mq;mq;mq;mq;mq;mq;mq;mq;mq;mq;mq;mq;mq;mq;298.050000;mq;mq;mq;mq;mq;mq;mq;mq;mq;mq;mq;mq;mq;0.000000;mq;mq;mq;0.000000;mq;mq;mq;mq;mq;mq;mq;mq;mq;mq;mq;mq;mq;mq;mq;mq;
61972;20110923060000;101980;mq;mq;150;7.700000;297.850000;291.750000;69;mq;mq;mq;mq;mq;mq;mq;mq;mq;mq;mq;mq;mq;mq;294.850000;mq;mq;mq;mq;mq;mq;mq;14.900000;-10;mq;mq;mq;mq;0.000000;mq;mq;mq;0.000000;710.000000;1115.000000;mq;mq;mq;mq;mq;mq;mq;mq;mq;mq;mq;mq;mq;mq;
61976;20110923060000;101890;mq;mq;120;8.200000;299.550000;293.350000;69;mq;mq;mq;mq;mq;mq;mq;mq;mq;mq;101740;mq;mq;mq;mq;mq;mq;mq;mq;mq;mq;mq;mq;mq;mq;mq;mq;mq;mq;mq;mq;mq;mq;mq;mq;mq;mq;mq;mq;mq;mq;mq;mq;mq;mq;mq;mq;mq;mq;
61980;20110923060000;102060;mq;mq;60;6.700000;298.350000;291.550000;66;12000;2;1;1;10;1;800;31;20;10;mq;mq;mq;mq;292.650000;mq;mq;mq;291.150000;mq;mq;mq;8.200000;-10;mq;mq;mq;mq;0.000000;mq;mq;mq;0.000000;710.000000;1108.000000;2427.000000;mq;1;8;780;mq;mq;mq;mq;mq;mq;mq;mq;mq;
61997;20110923060000;101390;mq;mq;360;6.700000;278.350000;277.450000;94;mq;mq;mq;mq;mq;mq;mq;mq;mq;mq;mq;mq;mq;mq;276.450000;mq;mq;mq;276.150000;mq;mq;mq;15.400000;-60;mq;mq;mq;mq;mq;mq;mq;mq;0.600000;1115.000000;mq;mq;mq;mq;mq;mq;mq;mq;mq;mq;mq;mq;mq;mq;mq;
61998;20110923060000;101010;mq;mq;250;9.300000;275.150000;272.050000;80;15000;2;1;1;90;5;800;38;23;10;mq;mq;mq;mq;273.550000;mq;mq;mq;273.150000;mq;mq;mq;12.900000;-10;mq;mq;mq;mq;0.000000;mq;mq;mq;2.000000;710.000000;1113.000000;mq;mq;1;8;600;5;6;990;mq;mq;mq;mq;mq;mq;
67005;20110923060000;101710;mq;mq;80;1.500000;301.350000;296.050000;73;30000;3;6;2;40;2;800;38;23;10;mq;mq;mq;mq;297.150000;mq;mq;mq;296.150000;mq;mq;mq;3.100000;-10;mq;mq;mq;mq;0.000000;mq;mq;mq;1.000000;710.000000;1103.000000;mq;mq;2;8;690;mq;mq;mq;mq;mq;mq;mq;mq;mq;
71805;20110923060000;102160;-110;6;250;4.600000;286.850000;286.850000;100;800;45;mq;mq;101;mq;mq;62;61;60;102080;mq;mq;mq;mq;284.950000;mq;290.150000;284.150000;mq;mq;mq;6.200000;-10;mq;mq;mq;mq;0.000000;0.000000;mq;0.000000;0.000000;710.000000;1106.000000;mq;mq;mq;mq;mq;mq;mq;mq;mq;mq;mq;mq;mq;mq;
78897;20110923060000;101460;-140;8;80;3.100000;299.950000;295.750000;78;20000;2;1;1;50;2;800;38;20;12;mq;mq;mq;70;mq;298.650000;mq;304.750000;275.150000;mq;mq;mq;mq;mq;mq;mq;mq;mq;mq;mq;0.000000;mq;0.200000;mq;mq;mq;mq;2;8;870;4;0;7800;mq;mq;mq;mq;mq;mq;
78922;20110923060000;101350;-160;8;80;9.300000;301.150000;296.050000;74;mq;mq;mq;mq;mq;mq;mq;mq;mq;mq;100910;mq;mq;mq;mq;mq;mq;mq;mq;mq;mq;mq;mq;mq;mq;mq;mq;mq;mq;mq;mq;mq;mq;mq;mq;mq;mq;mq;mq;mq;mq;mq;mq;mq;mq;mq;mq;mq;mq;
78925;20110923060000;101340;-170;8;60;6.200000;300.750000;296.550000;78;30000;0;mq;mq;mq;mq;1250;mq;mq;mq;mq;mq;mq;40;mq;297.750000;mq;303.050000;mq;mq;mq;mq;mq;mq;mq;mq;mq;mq;mq;mq;0.200000;mq;44.700000;mq;mq;mq;mq;mq;mq;mq;mq;mq;mq;mq;mq;mq;mq;mq;mq;
81401;20110923060000;101050;mq;mq;170;1.000000;297.050000;296.050000;94;mq;mq;mq;mq;mq;mq;mq;mq;mq;mq;100990;mq;mq;mq;mq;mq;mq;mq;mq;mq;mq;mq;mq;mq;mq;mq;mq;mq;mq;0.000000;0.000000;mq;mq;mq;mq;mq;mq;mq;mq;mq;mq;mq;mq;mq;mq;mq;mq;mq;mq;
81405;20110923060000;101060;mq;mq;140;1.000000;296.650000;296.150000;97;35000;0;mq;mq;mq;mq;mq;mq;mq;mq;100970;mq;mq;mq;mq;mq;mq;mq;295.150000;mq;mq;mq;mq;mq;mq;mq;mq;mq;mq;0.000000;0.000000;mq;mq;mq;mq;mq;mq;mq;mq;mq;mq;mq;mq;mq;mq;mq;mq;mq;mq;
81408;20110923060000;101040;mq;mq;0;0.000000;295.550000;295.050000;97;mq;mq;mq;mq;mq;mq;mq;mq;mq;mq;100960;mq;mq;mq;mq;mq;mq;mq;mq;mq;mq;mq;mq;mq;mq;mq;mq;mq;mq;0.000000;0.000000;mq;mq;mq;mq;mq;mq;mq;mq;mq;mq;mq;mq;mq;mq;mq;mq;mq;mq;
89642;20110923060000;97810;140;2;100;1.500000;261.250000;258.450000;77;20000;1;7;1;25;2;3500;30;23;11;97260;mq;mq;mq;mq;mq;mq;mq;mq;mq;mq;mq;mq;mq;mq;mq;mq;mq;mq;mq;mq;mq;mq;mq;mq;mq;mq;2;3;2400;mq;mq;mq;mq;mq;mq;mq;mq;mq;
07005;20110923090000;102080;30;1;190;2.100000;288.250000;286.250000;88;20000;2;1;1;40;1;450;31;20;11;101190;mq;mq;mq;mq;mq;mq;mq;mq;mq;mq;mq;3.600000;-10;mq;mq;0.000000;-30;0.000000;0.000000;mq;mq;mq;710.000000;1104.000000;3100.000000;mq;1;8;480;3;0;7500;mq;mq;mq;mq;mq;mq;
07015;20110923090000;102050;20;1;270;2.600000;288.350000;285.250000;82;15000;2;4;0;40;1;450;31;20;11;101490;mq;mq;mq;mq;mq;mq;mq;mq;mq;mq;mq;3.600000;-10;mq;mq;0.000000;-30;0.000000;0.000000;mq;mq;mq;710.000000;1104.000000;3100.000000;mq;1;8;450;3;0;6900;mq;mq;mq;mq;mq;mq;
07020;20110923090000;102050;-10;8;200;2.100000;289.050000;285.050000;77;18000;2;1;1;75;5;800;32;23;10;101790;mq;mq;mq;mq;mq;mq;mq;mq;mq;mq;mq;4.100000;-10;mq;mq;mq;mq;0.000000;0.000000;mq;mq;mq;710.000000;1104.000000;mq;mq;5;8;780;3;3;2400;mq;mq;mq;mq;mq;mq;
07027;20110923090000;102080;10;0;140;2.100000;286.350000;284.750000;90;15000;2;1;1;50;1;450;32;23;11;101270;mq;mq;mq;mq;mq;mq;mq;mq;mq;mq;mq;3.100000;-10;mq;mq;0.000000;-30;0.000000;0.000000;mq;mq;mq;710.000000;1103.000000;3100.000000;mq;1;8;300;3;0;7500;mq;mq;mq;mq;mq;mq;
07037;20110923090000;102100;10;0;220;1.500000;287.250000;285.850000;91;10000;1;4;0;50;2;250;31;23;11;100290;mq;mq;mq;mq;mq;mq;mq;mq;mq;mq;mq;3.100000;-10;mq;mq;0.000000;-30;0.000000;0.000000;mq;mq;mq;710.000000;1103.000000;3100.000000;mq;2;8;240;3;0;7500;mq;mq;mq;mq;mq;mq;
07110;20110923090000;101950;-40;7;160;3.600000;287.850000;284.850000;82;15000;2;1;1;10;0;8000;30;20;11;100810;mq;mq;mq;mq;mq;mq;mq;mq;mq;mq;mq;5.100000;-10;mq;mq;mq;mq;0.000000;0.000000;mq;mq;mq;710.000000;1105.000000;mq;mq;1;0;6900;mq;mq;mq;mq;mq;mq;mq;mq;mq;
07117;20110923090000;101960;-50;7;160;1.500000;289.550000;283.650000;68;15000;2;1;1;25;0;8000;30;20;19;101270;mq;mq;mq;mq;mq;mq;mq;mq;mq;mq;mq;3.600000;-10;mq;mq;mq;mq;0.000000;0.000000;mq;mq;mq;710.000000;1104.000000;2427.000000;mq;mq;mq;mq;mq;mq;mq;mq;mq;mq;mq;mq;mq;
07130;20110923090000;102030;-40;8;70;0.500000;287.350000;285.750000;90;14000;0;mq;mq;mq;mq;mq;mq;mq;mq;101510;mq;mq;mq;mq;mq;mq;mq;mq;mq;mq;mq;2.600000;-10;mq;mq;mq;mq;0.000000;0.000000;mq;mq;mq;710.000000;1103.000000;mq;mq;mq;mq;mq;mq;mq;mq;mq;mq;mq;mq;mq;mq;
07139;20110923090000;102080;-20;8;70;1.500000;286.450000;284.150000;86;6000;1;4;1;40;1;250;31;20;11;100350;mq;mq;mq;mq;mq;mq;mq;mq;mq;mq;mq;2.600000;-10;mq;mq;0.000000;-30;0.000000;0.000000;mq;mq;mq;710.000000;1103.000000;3100.000000;mq;1;8;180;3;0;7500;mq;mq;mq;mq;mq;mq;
07149;20110923090000;102110;10;0;70;2.100000;289.250000;283.350000;68;14000;2;1;1;40;1;800;31;20;11;101040;mq;mq;mq;mq;mq;mq;mq;mq;mq;mq;mq;4.100000;-10;mq;mq;0.000000;-30;0.000000;0.000000;mq;mq;mq;710.000000;1104.000000;3100.000000;mq;1;8;600;3;0;7500;mq;mq;mq;mq;mq;mq;
07168;20110923090000;102120;20;0;30;1.000000;287.250000;284.050000;81;15000;2;1;1;90;7;1250;35;61;60;100710;mq;mq;mq;mq;mq;mq;mq;mq;mq;mq;mq;2.100000;-10;mq;mq;0.000000;-30;0.000000;0.000000;mq;mq;mq;710.000000;1102.000000;3100.000000;mq;7;6;1350;mq;mq;mq;mq;mq;mq;mq;mq;mq;
07181;20110923090000;102070;30;0;10;1.500000;287.150000;283.750000;80;19000;0;mq;mq;mq;mq;mq;mq;mq;mq;98030;mq;mq;mq;mq;mq;mq;mq;mq;mq;mq;mq;3.100000;-10;mq;mq;mq;mq;0.000000;0.000000;mq;mq;mq;710.000000;1103.000000;mq;mq;mq;mq;mq;mq;mq;mq;mq;mq;mq;mq;mq;mq;
07190;20110923090000;102030;20;0;10;3.100000;289.950000;283.350000;65;45000;0;mq;mq;mq;mq;mq;mq;mq;mq;100240;mq;mq;mq;mq;mq;mq;mq;mq;mq;mq;mq;6.200000;-10;mq;mq;mq;mq;0.000000;0.000000;mq;mq;mq;710.000000;1106.000000;mq;mq;mq;mq;mq;mq;mq;mq;mq;mq;mq;mq;mq;mq;
07207;20110923090000;mq;mq;mq;110;4.100000;289.750000;285.450000;76;20000;2;1;1;10;0;8000;30;20;11;mq;mq;mq;mq;mq;mq;mq;mq;mq;mq;mq;mq;7.700000;-10;mq;mq;mq;mq;0.000000;0.000000;mq;mq;mq;710.000000;1108.000000;2428.000000;mq;mq;mq;mq;mq;mq;mq;mq;mq;mq;mq;mq;mq;
07222;20110923090000;101930;-60;8;80;3.100000;288.950000;284.950000;77;15000;2;1;1;10;0;8000;30;20;11;101620;mq;mq;mq;mq;mq;mq;mq;mq;mq;mq;mq;4.600000;-10;mq;mq;mq;mq;0.000000;0.200000;mq;mq;mq;710.000000;1105.000000;mq;mq;1;0;7500;mq;mq;mq;mq;mq;mq;mq;mq;mq;
07240;20110923090000;101970;-40;8;80;4.600000;289.250000;283.750000;70;30000;0;mq;mq;mq;mq;mq;mq;mq;mq;100640;mq;mq;mq;mq;mq;mq;mq;mq;mq;mq;mq;6.700000;-10;mq;mq;mq;mq;0.000000;0.200000;mq;mq;mq;710.000000;1107.000000;mq;mq;mq;mq;mq;mq;mq;mq;mq;mq;mq;mq;mq;mq;
07255;20110923090000;101970;-10;8;110;3.100000;289.850000;284.550000;71;28000;2;1;1;10;0;8000;30;20;11;100010;mq;mq;mq;mq;mq;mq;mq;mq;mq;mq;mq;4.600000;-10;mq;mq;0.000000;-30;0.000000;0.000000;mq;mq;mq;710.000000;1105.000000;3100.000000;mq;1;0;7500;mq;mq;mq;mq;mq;mq;mq;mq;mq;
07280;20110923090000;101960;0;0;30;3.600000;289.950000;282.850000;63;55000;0;mq;mq;mq;mq;mq;mq;mq;mq;99290;mq;mq;mq;mq;mq;mq;mq;mq;mq;mq;mq;5.700000;-10;mq;mq;mq;mq;0.000000;0.000000;mq;mq;mq;710.000000;1106.000000;mq;mq;mq;mq;mq;mq;mq;mq;mq;mq;mq;mq;mq;mq;
07299;20110923090000;101960;0;0;10;1.000000;288.950000;285.150000;78;10000;2;1;1;10;1;800;38;20;10;98750;mq;mq;mq;mq;mq;mq;mq;mq;mq;mq;mq;2.600000;-10;mq;mq;0.000000;-30;0.000000;0.000000;mq;mq;mq;710.000000;1103.000000;3100.000000;mq;1;8;600;mq;mq;mq;mq;mq;mq;mq;mq;mq;
07314;20110923090000;101870;-60;8;70;3.100000;290.550000;286.050000;75;20000;2;1;1;10;0;8000;30;20;11;101600;mq;mq;mq;mq;mq;mq;mq;mq;mq;mq;mq;5.700000;-10;mq;mq;mq;mq;0.000000;0.000000;mq;mq;mq;710.000000;1106.000000;2438.000000;mq;1;0;6000;mq;mq;mq;mq;mq;mq;mq;mq;mq;
07335;20110923090000;101920;-60;8;40;2.100000;288.750000;284.550000;76;30000;2;1;1;10;0;8000;30;20;11;100490;mq;mq;mq;mq;mq;mq;mq;mq;mq;mq;mq;3.600000;-10;mq;mq;mq;mq;0.000000;0.000000;mq;mq;mq;710.000000;1104.000000;mq;mq;1;0;7800;mq;mq;mq;mq;mq;mq;mq;mq;mq;
07434;20110923090000;101750;-30;8;70;4.600000;289.150000;284.150000;72;20000;2;1;1;0;mq;mq;mq;mq;mq;97070;mq;mq;mq;mq;mq;mq;mq;mq;mq;mq;mq;7.200000;-10;mq;mq;0.000000;-30;0.000000;0.000000;mq;mq;mq;710.000000;1107.000000;3100.000000;mq;mq;mq;mq;mq;mq;mq;mq;mq;mq;mq;mq;mq;
07460;20110923090000;101920;-40;8;190;0.500000;288.050000;283.450000;74;15000;2;1;1;25;2;800;31;20;10;98090;mq;mq;mq;mq;mq;mq;mq;mq;mq;mq;mq;1.500000;-10;mq;mq;0.000000;-30;0.000000;0.000000;mq;mq;mq;710.000000;1102.000000;3100.000000;mq;2;8;840;mq;mq;mq;mq;mq;mq;mq;mq;mq;
07471;20110923090000;mq;-10;8;100;1.000000;288.350000;282.050000;66;19000;0;mq;mq;mq;mq;mq;mq;mq;mq;92360;85000;17850;mq;mq;mq;mq;mq;mq;mq;mq;mq;2.600000;-10;mq;mq;mq;mq;0.000000;0.000000;mq;mq;mq;710.000000;1103.000000;mq;mq;mq;mq;mq;mq;mq;mq;mq;mq;mq;mq;mq;mq;
07481;20110923090000;102000;30;0;10;2.100000;284.750000;283.850000;94;1700;28;4;2;100;8;80;36;61;60;99130;mq;mq;mq;mq;mq;mq;mq;mq;mq;mq;mq;4.100000;-10;mq;mq;0.000000;-30;0.000000;0.000000;mq;mq;mq;710.000000;1104.000000;3100.000000;mq;8;7;60;mq;mq;mq;mq;mq;mq;mq;mq;mq;
07510;20110923090000;101750;-50;7;100;1.000000;290.950000;286.050000;73;20000;2;1;1;10;0;mq;30;20;11;101110;mq;mq;mq;mq;mq;mq;mq;mq;mq;mq;mq;2.600000;-10;mq;mq;0.000000;-30;0.000000;0.000000;mq;mq;mq;710.000000;1103.000000;3100.000000;mq;1;0;7800;mq;mq;mq;mq;mq;mq;mq;mq;mq;
07535;20110923090000;101760;-30;8;340;1.500000;288.850000;285.550000;81;15000;2;4;0;10;0;8000;30;20;11;98690;mq;mq;mq;mq;mq;mq;mq;mq;mq;mq;mq;2.100000;-10;mq;mq;0.000000;-30;0.000000;0.000000;mq;mq;mq;710.000000;1102.000000;3100.000000;mq;1;0;7500;mq;mq;mq;mq;mq;mq;mq;mq;mq;
07558;20110923090000;101680;10;0;50;1.500000;290.050000;281.250000;56;60000;2;1;1;10;0;8000;30;20;11;93560;mq;mq;mq;mq;mq;mq;mq;mq;mq;mq;mq;3.100000;-10;mq;mq;0.000000;-30;0.000000;0.000000;mq;mq;mq;710.000000;1103.000000;3100.000000;mq;1;0;7800;mq;mq;mq;mq;mq;mq;mq;mq;mq;
07577;20110923090000;101770;30;0;30;6.700000;292.150000;284.450000;61;20000;0;mq;mq;mq;mq;mq;mq;mq;mq;100900;mq;mq;mq;mq;mq;mq;mq;mq;mq;mq;mq;11.800000;-10;mq;mq;mq;mq;0.000000;0.000000;mq;mq;mq;710.000000;1112.000000;mq;mq;mq;mq;mq;mq;mq;mq;mq;mq;mq;mq;mq;mq;
07591;20110923090000;mq;10;0;220;1.500000;290.050000;280.950000;55;mq;0;mq;mq;mq;mq;mq;mq;mq;mq;91820;mq;mq;mq;mq;mq;mq;mq;mq;mq;mq;mq;2.600000;-10;mq;mq;mq;mq;0.000000;0.000000;mq;mq;mq;710.000000;1103.000000;mq;mq;mq;mq;mq;mq;mq;mq;mq;mq;mq;mq;mq;mq;
07607;20110923090000;101720;-50;8;140;1.000000;292.050000;286.650000;71;50000;0;mq;mq;mq;mq;mq;mq;mq;mq;101030;mq;mq;mq;mq;mq;mq;mq;mq;mq;mq;mq;2.600000;-10;mq;mq;mq;mq;0.000000;0.000000;mq;mq;mq;710.000000;1103.000000;mq;mq;mq;mq;mq;mq;mq;mq;mq;mq;mq;mq;mq;mq;
07621;20110923090000;101650;-50;7;40;1.500000;292.250000;288.750000;80;15000;1;4;1;50;0;8000;30;20;11;97460;mq;mq;mq;mq;mq;mq;mq;mq;mq;mq;mq;3.100000;-10;mq;mq;0.000000;-30;0.000000;0.000000;mq;mq;mq;710.000000;1103.000000;3100.000000;mq;4;0;6900;mq;mq;mq;mq;mq;mq;mq;mq;mq;
07627;20110923090000;101670;-40;8;110;2.100000;292.650000;286.350000;67;30000;2;1;1;25;1;800;31;23;11;96960;mq;mq;mq;mq;mq;mq;mq;mq;mq;mq;mq;5.100000;-10;mq;mq;0.000000;-30;0.000000;0.200000;mq;mq;mq;710.000000;1105.000000;3100.000000;mq;1;8;780;mq;mq;mq;mq;mq;mq;mq;mq;mq;
07630;20110923090000;101740;-30;8;100;0.500000;293.150000;285.850000;63;25000;2;1;1;10;0;8000;30;20;11;99990;mq;mq;mq;mq;mq;mq;mq;mq;mq;mq;mq;2.100000;-10;mq;mq;0.000000;-30;0.000000;0.000000;mq;mq;mq;710.000000;1102.000000;3100.000000;mq;1;0;7500;mq;mq;mq;mq;mq;mq;mq;mq;mq;
07643;20110923090000;101680;20;0;30;6.200000;295.650000;282.450000;43;50000;2;1;1;10;0;8000;30;20;11;101590;mq;mq;mq;mq;mq;mq;mq;mq;mq;mq;mq;9.300000;-10;mq;mq;mq;mq;0.000000;0.000000;mq;mq;mq;710.000000;1109.000000;mq;mq;1;0;7800;mq;mq;mq;mq;mq;mq;mq;mq;mq;
07650;20110923090000;101610;50;1;260;1.500000;293.650000;284.850000;57;30000;2;1;1;10;0;8000;30;20;12;101230;mq;mq;mq;mq;mq;mq;mq;mq;mq;mq;mq;3.100000;-10;mq;mq;0.000000;-30;0.000000;0.000000;mq;mq;mq;710.000000;1103.000000;3100.000000;mq;1;0;7800;mq;mq;mq;mq;mq;mq;mq;mq;mq;
07661;20110923090000;101560;100;1;100;1.000000;296.850000;280.050000;34;25000;2;1;1;10;0;8000;30;20;11;100010;mq;mq;mq;mq;mq;mq;mq;mq;mq;mq;mq;2.100000;-10;mq;mq;mq;mq;0.000000;0.000000;mq;mq;mq;710.000000;1102.000000;mq;mq;1;0;4800;mq;mq;mq;mq;mq;mq;mq;mq;mq;
07690;20110923090000;101580;50;2;140;1.000000;296.350000;288.950000;63;50000;2;1;1;10;1;800;35;20;12;101260;mq;mq;mq;mq;mq;mq;mq;mq;mq;mq;mq;1.500000;-10;mq;mq;0.000000;-30;0.000000;0.000000;mq;mq;mq;710.000000;1102.000000;3100.000000;mq;1;6;900;mq;mq;mq;mq;mq;mq;mq;mq;mq;
07747;20110923090000;101690;30;1;190;1.000000;297.850000;284.750000;44;40000;2;1;1;0;mq;mq;mq;mq;mq;101180;mq;mq;mq;mq;mq;mq;mq;mq;mq;mq;mq;3.100000;-10;mq;mq;mq;mq;0.000000;0.000000;mq;mq;mq;710.000000;1103.000000;mq;mq;mq;mq;mq;mq;mq;mq;mq;mq;mq;mq;mq;mq;
07761;20110923090000;101500;0;0;260;1.500000;296.950000;287.050000;54;45000;2;1;1;10;1;1250;31;20;10;101400;mq;mq;mq;mq;mq;mq;mq;mq;mq;mq;mq;3.100000;-10;mq;mq;0.000000;-30;0.000000;0.000000;mq;mq;mq;710.000000;1103.000000;3100.000000;mq;1;8;1080;mq;mq;mq;mq;mq;mq;mq;mq;mq;
07790;20110923090000;101530;60;0;60;2.600000;297.350000;290.850000;67;50000;2;1;1;10;1;800;31;20;10;101390;mq;mq;mq;mq;mq;mq;mq;mq;mq;mq;mq;4.100000;-10;mq;mq;0.000000;-30;0.000000;0.000000;mq;mq;mq;710.000000;1104.000000;3100.000000;mq;1;8;780;mq;mq;mq;mq;mq;mq;mq;mq;mq;
61970;20110923090000;101650;mq;mq;mq;mq;302.550000;296.550000;70;mq;mq;mq;mq;mq;mq;mq;mq;mq;mq;mq;mq;mq;mq;mq;mq;mq;mq;mq;mq;mq;mq;mq;mq;mq;mq;mq;mq;0.000000;0.000000;mq;mq;mq;mq;mq;mq;mq;mq;mq;mq;mq;mq;mq;mq;mq;mq;mq;mq;mq;
61972;20110923090000;101890;mq;mq;150;7.200000;299.350000;291.450000;62;mq;mq;mq;mq;mq;mq;mq;mq;mq;mq;mq;mq;mq;mq;mq;mq;mq;mq;mq;mq;mq;mq;12.900000;-10;mq;mq;mq;mq;0.000000;0.000000;mq;mq;mq;710.000000;1113.000000;mq;mq;mq;mq;mq;mq;mq;mq;mq;mq;mq;mq;mq;mq;
61976;20110923090000;101680;mq;mq;110;7.200000;300.550000;293.650000;66;mq;mq;mq;mq;mq;mq;mq;mq;mq;mq;101530;mq;mq;mq;mq;mq;mq;mq;mq;mq;mq;mq;mq;mq;mq;mq;mq;mq;mq;0.000000;mq;mq;mq;mq;mq;mq;mq;mq;mq;mq;mq;mq;mq;mq;mq;mq;mq;mq;mq;
61980;20110923090000;101880;mq;mq;70;4.100000;298.450000;291.650000;66;12000;2;1;1;40;3;800;38;20;10;mq;mq;mq;mq;mq;mq;mq;mq;mq;mq;mq;mq;6.200000;-10;mq;mq;mq;mq;0.000000;0.000000;mq;mq;mq;710.000000;1106.000000;2437.000000;mq;2;8;780;mq;mq;mq;mq;mq;mq;mq;mq;mq;
61997;20110923090000;101080;mq;mq;310;8.200000;280.750000;279.550000;92;mq;mq;mq;mq;mq;mq;mq;mq;mq;mq;mq;mq;mq;mq;mq;mq;mq;mq;mq;mq;mq;mq;17.000000;-30;mq;mq;mq;mq;mq;0.200000;mq;mq;mq;1117.000000;mq;mq;mq;mq;mq;mq;mq;mq;mq;mq;mq;mq;mq;mq;mq;
61998;20110923090000;101180;mq;mq;230;12.900000;276.950000;270.350000;62;20000;2;1;1;50;4;800;38;23;10;mq;mq;mq;2690;mq;mq;mq;mq;mq;mq;mq;mq;17.500000;-10;mq;mq;mq;mq;0.000000;0.000000;mq;mq;mq;710.000000;1117.000000;mq;mq;1;8;600;4;6;990;mq;mq;mq;mq;mq;mq;
67005;20110923090000;101530;mq;mq;50;2.600000;301.650000;295.450000;69;30000;2;1;1;40;3;800;32;20;10;mq;mq;mq;mq;mq;mq;mq;mq;mq;mq;mq;mq;5.700000;-10;mq;mq;mq;mq;0.000000;0.000000;mq;mq;mq;710.000000;1106.000000;mq;mq;3;8;660;mq;mq;mq;mq;mq;mq;mq;mq;mq;
71805;20110923090000;102050;-110;5;250;4.100000;286.550000;286.550000;100;1000;10;mq;mq;100;mq;80;mq;mq;mq;101970;mq;mq;mq;mq;mq;mq;mq;mq;mq;mq;mq;5.100000;-10;mq;mq;mq;mq;0.000000;0.000000;mq;mq;mq;710.000000;1105.000000;mq;mq;mq;mq;mq;mq;mq;mq;mq;mq;mq;mq;mq;mq;
78897;20110923090000;101420;-40;6;190;0.500000;297.850000;295.150000;85;20000;2;1;1;50;2;800;38;20;12;mq;mq;mq;20;mq;mq;mq;mq;mq;mq;mq;mq;mq;mq;mq;mq;mq;mq;mq;mq;mq;mq;mq;mq;mq;mq;mq;2;8;780;4;0;7800;mq;mq;mq;mq;mq;mq;
78922;20110923090000;101330;-20;5;70;8.200000;300.850000;296.050000;75;mq;mq;mq;mq;mq;mq;mq;mq;mq;mq;100890;mq;mq;mq;mq;mq;mq;mq;mq;mq;mq;mq;mq;mq;mq;mq;mq;mq;mq;mq;mq;mq;mq;mq;mq;mq;mq;mq;mq;mq;mq;mq;mq;mq;mq;mq;mq;mq;mq;
78925;20110923090000;101320;-20;5;60;3.100000;300.250000;296.250000;79;28000;0;mq;mq;mq;mq;800;mq;mq;mq;mq;mq;mq;10;mq;mq;mq;mq;mq;mq;mq;mq;mq;mq;mq;mq;mq;mq;mq;mq;mq;mq;mq;mq;mq;mq;mq;mq;mq;mq;mq;mq;mq;mq;mq;mq;mq;mq;mq;
81401;20110923090000;101120;mq;mq;140;1.500000;296.550000;295.750000;95;mq;mq;mq;mq;mq;mq;mq;mq;mq;mq;101060;mq;mq;mq;mq;mq;mq;mq;mq;mq;mq;mq;mq;mq;mq;mq;mq;mq;mq;0.200000;mq;mq;mq;mq;mq;mq;mq;mq;mq;mq;mq;mq;mq;mq;mq;mq;mq;mq;mq;
81405;20110923090000;101180;mq;mq;0;0.000000;295.450000;295.150000;98;28000;0;mq;mq;mq;mq;450;mq;mq;mq;101090;mq;mq;mq;mq;mq;mq;mq;mq;mq;mq;mq;mq;mq;mq;mq;mq;mq;mq;0.000000;mq;mq;mq;mq;mq;mq;mq;mq;mq;mq;mq;mq;mq;mq;mq;mq;mq;mq;mq;
81408;20110923090000;101160;mq;mq;0;0.000000;295.150000;294.850000;98;mq;mq;mq;mq;mq;mq;mq;mq;mq;mq;101080;mq;mq;mq;mq;mq;mq;mq;mq;mq;mq;mq;mq;mq;mq;mq;mq;mq;mq;0.200000;mq;mq;mq;mq;mq;mq;mq;mq;mq;mq;mq;mq;mq;mq;mq;mq;mq;mq;mq;
89642;20110923090000;97910;100;1;130;1.500000;258.250000;254.850000;73;30000;2;1;1;50;3;1250;35;23;11;97360;mq;mq;mq;mq;mq;mq;mq;mq;mq;mq;mq;mq;mq;mq;mq;mq;mq;mq;mq;mq;mq;mq;mq;mq;mq;mq;3;6;1200;mq;mq;mq;mq;mq;mq;mq;mq;mq;
07005;20110923120000;101950;-120;8;230;2.600000;291.250000;283.350000;60;30000;2;1;1;75;4;800;32;20;11;101070;mq;mq;mq;mq;mq;mq;mq;mq;mq;mq;mq;4.100000;-10;mq;mq;0.000000;-60;0.000000;0.000000;0.000000;mq;mq;710.000000;1104.000000;3100.000000;mq;4;8;750;4;0;7500;mq;mq;mq;mq;mq;mq;
07015;20110923120000;101950;-100;6;210;3.600000;291.550000;282.650000;56;28000;0;mq;mq;mq;mq;1250;mq;mq;mq;101390;mq;mq;mq;mq;mq;mq;mq;mq;mq;mq;mq;6.700000;-10;mq;mq;mq;mq;0.000000;0.000000;0.000000;mq;mq;710.000000;1107.000000;mq;mq;mq;mq;mq;mq;mq;mq;mq;mq;mq;mq;mq;mq;
07020;20110923120000;101950;-100;8;220;4.100000;290.650000;284.850000;69;20000;2;1;1;75;5;1250;32;25;14;101690;mq;mq;mq;mq;mq;mq;mq;mq;mq;mq;mq;5.700000;-10;mq;mq;mq;mq;0.000000;0.000000;0.000000;mq;mq;710.000000;1106.000000;mq;mq;5;8;990;3;3;2400;mq;mq;mq;mq;mq;mq;
07027;20110923120000;101900;-160;8;130;1.000000;291.050000;283.650000;62;30000;2;1;1;40;3;800;32;20;11;101110;mq;mq;mq;mq;mq;mq;mq;mq;mq;mq;mq;5.700000;-10;mq;mq;0.000000;-60;0.000000;0.000000;0.000000;mq;mq;710.000000;1106.000000;3100.000000;mq;3;8;870;mq;mq;mq;mq;mq;mq;mq;mq;mq;
07037;20110923120000;101940;-140;8;150;1.500000;290.550000;283.650000;64;15000;1;4;1;60;3;800;31;20;11;100150;mq;mq;mq;mq;mq;mq;mq;mq;mq;mq;mq;5.100000;-10;mq;mq;0.000000;-60;0.000000;0.000000;0.000000;mq;mq;710.000000;1105.000000;3100.000000;mq;3;8;840;5;0;7500;mq;mq;mq;mq;mq;mq;
07110;20110923120000;101770;-160;8;210;3.600000;290.950000;283.550000;62;25000;2;1;1;60;5;800;35;20;11;100650;mq;mq;mq;mq;mq;mq;mq;mq;mq;mq;mq;7.200000;-10;mq;mq;mq;mq;0.000000;0.000000;0.000000;mq;mq;710.000000;1107.000000;mq;mq;5;6;960;mq;mq;mq;mq;mq;mq;mq;mq;mq;
07117;20110923120000;101820;-140;7;360;2.600000;291.550000;285.550000;68;20000;2;1;1;60;4;450;32;20;12;101130;mq;mq;mq;mq;mq;mq;mq;mq;mq;mq;mq;5.100000;-10;mq;mq;mq;mq;0.000000;0.000000;0.000000;mq;mq;710.000000;1105.000000;2428.000000;mq;mq;mq;mq;mq;mq;mq;mq;mq;mq;mq;mq;mq;
07130;20110923120000;101830;-190;7;140;3.600000;292.650000;283.350000;55;35000;0;mq;mq;90;mq;1250;mq;mq;mq;101320;mq;mq;mq;mq;mq;mq;mq;mq;mq;mq;mq;6.700000;-10;mq;mq;mq;mq;0.000000;0.000000;0.000000;mq;mq;710.000000;1107.000000;mq;mq;mq;mq;mq;mq;mq;mq;mq;mq;mq;mq;mq;mq;
07139;20110923120000;101880;-170;6;60;1.500000;290.850000;282.450000;58;20000;1;4;1;40;3;800;31;20;11;100180;mq;mq;mq;mq;mq;mq;mq;mq;mq;mq;mq;3.600000;-10;mq;mq;0.000000;-60;0.000000;0.000000;0.000000;mq;mq;710.000000;1104.000000;3100.000000;mq;3;8;900;mq;mq;mq;mq;mq;mq;mq;mq;mq;
07149;20110923120000;101930;-170;7;110;2.100000;291.250000;282.850000;58;20000;2;1;1;50;3;1250;35;20;11;100870;mq;mq;mq;mq;mq;mq;mq;mq;mq;mq;mq;4.600000;-10;mq;mq;0.000000;-60;0.000000;0.000000;0.000000;mq;mq;710.000000;1105.000000;3100.000000;mq;3;6;1140;mq;mq;mq;mq;mq;mq;mq;mq;mq;
07168;20110923120000;101940;-160;8;50;1.500000;291.150000;280.850000;51;20000;2;1;1;50;4;1250;32;23;10;100550;mq;mq;mq;mq;mq;mq;mq;mq;mq;mq;mq;4.600000;-10;mq;mq;0.000000;-60;0.000000;0.000000;0.000000;mq;mq;710.000000;1105.000000;3100.000000;mq;4;8;1200;mq;mq;mq;mq;mq;mq;mq;mq;mq;
07181;20110923120000;101860;-150;8;20;2.600000;290.950000;283.850000;63;60000;0;mq;mq;mq;mq;1250;mq;mq;mq;97880;mq;mq;mq;mq;mq;mq;mq;mq;mq;mq;mq;5.100000;-10;mq;mq;mq;mq;0.000000;0.000000;0.000000;mq;mq;710.000000;1105.000000;mq;mq;mq;mq;mq;mq;mq;mq;mq;mq;mq;mq;mq;mq;
07190;20110923120000;101840;-160;7;30;3.100000;293.650000;281.950000;47;55000;0;mq;mq;mq;mq;mq;mq;mq;mq;100080;mq;mq;mq;mq;mq;mq;mq;mq;mq;mq;mq;6.700000;-10;mq;mq;mq;mq;0.000000;0.000000;0.000000;mq;mq;710.000000;1107.000000;mq;mq;mq;mq;mq;mq;mq;mq;mq;mq;mq;mq;mq;mq;
07207;20110923120000;mq;mq;mq;120;3.100000;291.150000;285.350000;69;25000;2;1;1;40;1;800;31;20;11;mq;mq;mq;mq;mq;mq;mq;mq;mq;mq;mq;mq;7.200000;-10;mq;mq;mq;mq;0.000000;0.000000;0.000000;mq;mq;710.000000;1107.000000;2428.000000;mq;mq;mq;mq;mq;mq;mq;mq;mq;mq;mq;mq;mq;
07222;20110923120000;101740;-190;8;80;4.100000;292.950000;284.150000;57;30000;2;1;1;10;1;1250;31;20;11;101430;mq;mq;mq;mq;mq;mq;mq;mq;mq;mq;mq;7.700000;-10;mq;mq;mq;mq;0.000000;0.000000;0.200000;mq;mq;710.000000;1108.000000;mq;mq;1;8;1080;mq;mq;mq;mq;mq;mq;mq;mq;mq;
07240;20110923120000;101800;-150;7;100;3.100000;293.350000;283.450000;53;18000;0;mq;mq;mq;mq;1250;mq;mq;mq;100490;mq;mq;mq;mq;mq;mq;mq;mq;mq;mq;mq;7.200000;-10;mq;mq;mq;mq;0.000000;0.000000;0.200000;mq;mq;710.000000;1107.000000;mq;mq;mq;mq;mq;mq;mq;mq;mq;mq;mq;mq;mq;mq;
07255;20110923120000;101770;-170;8;60;3.100000;293.750000;282.650000;49;35000;2;1;1;10;1;1250;31;20;11;99840;mq;mq;mq;mq;mq;mq;mq;mq;mq;mq;mq;7.200000;-10;mq;mq;0.000000;-60;0.000000;0.200000;0.200000;mq;mq;710.000000;1107.000000;3100.000000;mq;1;8;1290;mq;mq;mq;mq;mq;mq;mq;mq;mq;
07280;20110923120000;101750;-170;8;40;2.100000;293.650000;283.450000;52;55000;0;mq;mq;mq;mq;mq;mq;mq;mq;99120;mq;mq;mq;mq;mq;mq;mq;mq;mq;mq;mq;7.200000;-10;mq;mq;mq;mq;0.000000;0.000000;0.000000;mq;mq;710.000000;1107.000000;mq;mq;mq;mq;mq;mq;mq;mq;mq;mq;mq;mq;mq;mq;
07299;20110923120000;101740;-170;8;40;2.100000;293.250000;284.950000;59;20000;2;1;1;40;1;1250;31;20;11;98580;mq;mq;mq;mq;mq;mq;mq;mq;mq;mq;mq;4.600000;-10;mq;mq;0.000000;-60;0.000000;0.000000;0.000000;mq;mq;710.000000;1105.000000;3100.000000;mq;1;8;990;3;0;7500;mq;mq;mq;mq;mq;mq;
07314;20110923120000;101690;-180;8;50;2.600000;294.150000;286.550000;62;mq;mq;mq;mq;mq;mq;mq;mq;mq;mq;101420;mq;mq;mq;mq;mq;mq;mq;mq;mq;mq;mq;5.100000;-10;mq;mq;mq;mq;0.000000;0.000000;0.000000;mq;mq;710.000000;1105.000000;mq;mq;mq;mq;mq;mq;mq;mq;mq;mq;mq;mq;mq;mq;
07335;20110923120000;101700;-190;8;70;4.100000;294.150000;283.950000;52;40000;2;1;1;10;0;8000;30;20;11;100300;mq;mq;mq;mq;mq;mq;mq;mq;mq;mq;mq;8.200000;-10;mq;mq;mq;mq;0.000000;0.000000;0.000000;mq;mq;710.000000;1108.000000;mq;mq;1;0;7800;mq;mq;mq;mq;mq;mq;mq;mq;mq;
07434;20110923120000;101580;-100;8;110;2.100000;293.650000;283.450000;52;50000;2;1;1;0;mq;mq;mq;mq;mq;96970;mq;mq;mq;mq;mq;mq;mq;mq;mq;mq;mq;4.600000;-10;mq;mq;0.000000;-60;0.000000;0.000000;0.000000;mq;mq;710.000000;1105.000000;3100.000000;mq;mq;mq;mq;mq;mq;mq;mq;mq;mq;mq;mq;mq;
07460;20110923120000;101660;-190;8;100;2.100000;292.950000;283.650000;55;30000;2;1;1;10;0;8000;30;20;11;97900;mq;mq;mq;mq;mq;mq;mq;mq;mq;mq;mq;6.700000;-10;mq;mq;0.000000;-60;0.000000;0.000000;0.000000;mq;mq;710.000000;1107.000000;3100.000000;mq;1;0;6900;mq;mq;mq;mq;mq;mq;mq;mq;mq;
07471;20110923120000;mq;-150;8;350;1.000000;292.450000;281.150000;48;60000;2;1;1;10;0;mq;30;20;11;92210;85000;17710;mq;mq;mq;mq;mq;mq;mq;mq;mq;4.600000;-10;mq;mq;0.000000;-60;0.000000;0.000000;0.000000;mq;mq;710.000000;1105.000000;3100.000000;mq;1;0;7500;mq;mq;mq;mq;mq;mq;mq;mq;mq;
07481;20110923120000;101780;-160;8;70;1.500000;290.350000;285.450000;73;20000;2;4;1;10;1;450;31;61;60;98970;mq;mq;mq;mq;mq;mq;mq;mq;mq;mq;mq;4.100000;-10;mq;mq;0.000000;-60;0.000000;0.000000;0.000000;mq;mq;710.000000;1104.000000;3100.000000;mq;1;8;450;mq;mq;mq;mq;mq;mq;mq;mq;mq;
07510;20110923120000;101560;-180;8;70;2.100000;296.350000;284.750000;48;20000;2;1;1;10;0;mq;30;20;11;100930;mq;mq;mq;mq;mq;mq;mq;mq;mq;mq;mq;4.600000;-10;mq;mq;0.000000;-60;0.000000;0.000000;0.000000;mq;mq;710.000000;1105.000000;3100.000000;mq;1;0;7800;mq;mq;mq;mq;mq;mq;mq;mq;mq;
07535;20110923120000;101510;-150;8;120;1.500000;297.350000;284.950000;46;30000;2;4;0;10;0;8000;30;20;11;98540;mq;mq;mq;mq;mq;mq;mq;mq;mq;mq;mq;4.100000;-10;mq;mq;0.000000;-60;0.000000;0.000000;0.000000;mq;mq;710.000000;1104.000000;3100.000000;mq;1;0;7500;mq;mq;mq;mq;mq;mq;mq;mq;mq;
07558;20110923120000;101350;-130;8;160;1.500000;297.050000;280.250000;34;50000;2;1;1;25;0;8000;30;20;11;93430;mq;mq;mq;mq;mq;mq;mq;mq;mq;mq;mq;5.100000;-10;mq;mq;0.000000;-60;0.000000;0.000000;0.000000;mq;mq;710.000000;1105.000000;3100.000000;mq;2;0;7800;mq;mq;mq;mq;mq;mq;mq;mq;mq;
07577;20110923120000;101610;-150;8;30;5.700000;295.250000;284.950000;52;25000;2;1;1;50;0;8000;30;20;12;100750;mq;mq;mq;mq;mq;mq;mq;mq;mq;mq;mq;10.300000;-10;mq;mq;0.000000;-60;0.000000;0.000000;0.000000;mq;mq;710.000000;1110.000000;3100.000000;mq;4;0;7500;mq;mq;mq;mq;mq;mq;mq;mq;mq;
07591;20110923120000;mq;-170;8;190;3.100000;296.750000;282.350000;40;mq;0;mq;mq;mq;mq;mq;mq;mq;mq;91650;mq;mq;mq;mq;mq;mq;mq;mq;mq;mq;mq;7.200000;-10;mq;mq;mq;mq;0.000000;0.000000;0.000000;mq;mq;710.000000;1107.000000;mq;mq;mq;mq;mq;mq;mq;mq;mq;mq;mq;mq;mq;mq;
07607;20110923120000;101500;-210;8;110;2.600000;297.750000;286.950000;51;45000;0;mq;mq;mq;mq;mq;mq;mq;mq;100820;mq;mq;mq;mq;mq;mq;mq;mq;mq;mq;mq;5.100000;-10;mq;mq;mq;mq;0.000000;0.000000;0.000000;mq;mq;710.000000;1105.000000;mq;mq;mq;mq;mq;mq;mq;mq;mq;mq;mq;mq;mq;mq;
07621;20110923120000;101410;-170;8;90;1.500000;296.650000;288.650000;61;15000;1;4;1;60;2;2250;31;23;11;97290;mq;mq;mq;mq;mq;mq;mq;mq;mq;mq;mq;5.100000;-10;mq;mq;0.000000;-60;0.000000;0.000000;0.000000;mq;mq;710.000000;1105.000000;3100.000000;mq;2;8;2400;5;0;6900;mq;mq;mq;mq;mq;mq;
07627;20110923120000;101430;-170;8;130;1.500000;296.650000;286.550000;53;30000;2;1;1;40;1;1250;32;27;12;96790;mq;mq;mq;mq;mq;mq;mq;mq;mq;mq;mq;4.600000;-10;mq;mq;0.000000;-60;0.000000;0.000000;0.200000;mq;mq;710.000000;1105.000000;3100.000000;mq;1;8;1200;3;0;7500;mq;mq;mq;mq;mq;mq;
07630;20110923120000;101520;-190;8;90;1.500000;297.850000;284.450000;43;35000;2;1;1;25;0;8000;30;20;11;99800;mq;mq;mq;mq;mq;mq;mq;mq;mq;mq;mq;4.600000;-10;mq;mq;0.000000;-60;0.000000;0.000000;0.000000;mq;mq;710.000000;1105.000000;3100.000000;mq;2;0;7500;mq;mq;mq;mq;mq;mq;mq;mq;mq;
07643;20110923120000;101530;-150;8;340;3.600000;299.550000;281.050000;31;50000;2;1;1;10;0;8000;30;20;11;101440;mq;mq;mq;mq;mq;mq;mq;mq;mq;mq;mq;6.700000;-10;mq;mq;mq;mq;0.000000;0.000000;0.000000;mq;mq;710.000000;1107.000000;mq;mq;1;0;7800;mq;mq;mq;mq;mq;mq;mq;mq;mq;
07650;20110923120000;101480;-120;8;270;3.100000;298.950000;281.850000;34;50000;2;1;1;25;0;8000;30;20;12;101110;mq;mq;mq;mq;mq;mq;mq;mq;mq;mq;mq;4.100000;-10;mq;mq;0.000000;-60;0.000000;0.000000;0.000000;mq;mq;710.000000;1104.000000;3100.000000;mq;2;0;7500;mq;mq;mq;mq;mq;mq;mq;mq;mq;
07661;20110923120000;101510;-50;7;230;4.100000;295.550000;289.150000;67;mq;mq;mq;mq;mq;mq;mq;mq;mq;mq;99960;mq;mq;mq;mq;mq;mq;mq;mq;mq;mq;mq;5.700000;-10;mq;mq;mq;mq;0.000000;0.000000;0.000000;mq;mq;710.000000;1106.000000;mq;mq;mq;mq;mq;mq;mq;mq;mq;mq;mq;mq;mq;mq;
07690;20110923120000;101540;-40;7;150;2.100000;296.450000;291.150000;72;50000;2;1;1;10;1;800;31;20;12;101220;mq;mq;mq;mq;mq;mq;mq;mq;mq;mq;mq;3.100000;-10;mq;mq;0.000000;-60;0.000000;0.000000;0.000000;mq;mq;710.000000;1103.000000;3100.000000;mq;1;8;900;mq;mq;mq;mq;mq;mq;mq;mq;mq;
07747;20110923120000;101550;-140;6;80;3.600000;298.450000;286.950000;49;40000;2;1;1;10;1;1750;32;20;11;101040;mq;mq;mq;mq;mq;mq;mq;mq;mq;mq;mq;7.700000;-10;mq;mq;mq;mq;0.000000;0.000000;0.000000;mq;mq;710.000000;1108.000000;mq;mq;1;8;1800;mq;mq;mq;mq;mq;mq;mq;mq;mq;
07761;20110923120000;101420;-80;8;240;5.700000;297.950000;290.150000;62;45000;2;1;1;10;1;1250;31;20;10;101320;mq;mq;mq;mq;mq;mq;mq;mq;mq;mq;mq;7.200000;-10;mq;mq;0.000000;-60;0.000000;0.000000;0.000000;mq;mq;710.000000;1107.000000;3100.000000;mq;1;8;1380;mq;mq;mq;mq;mq;mq;mq;mq;mq;
07790;20110923120000;101450;-80;8;10;3.600000;298.050000;288.950000;57;50000;2;1;1;10;1;800;31;20;10;101310;mq;mq;mq;mq;mq;mq;mq;mq;mq;mq;mq;6.700000;-10;mq;mq;0.000000;-60;0.000000;0.000000;0.000000;mq;mq;710.000000;1107.000000;3100.000000;mq;1;8;780;mq;mq;mq;mq;mq;mq;mq;mq;mq;
61968;20110923120000;101360;mq;mq;80;5.100000;302.650000;292.950000;56;mq;mq;mq;mq;mq;mq;mq;mq;mq;mq;mq;mq;mq;mq;mq;mq;mq;mq;mq;mq;mq;mq;9.300000;-10;mq;mq;mq;mq;0.000000;mq;0.000000;mq;mq;710.000000;1109.000000;mq;mq;mq;mq;mq;mq;mq;mq;mq;mq;mq;mq;mq;mq;
61970;20110923120000;101450;mq;mq;mq;mq;302.250000;296.650000;72;mq;mq;mq;mq;mq;mq;mq;mq;mq;mq;mq;mq;mq;mq;mq;mq;mq;mq;mq;mq;mq;mq;mq;mq;mq;mq;mq;mq;0.000000;mq;0.000000;mq;mq;mq;mq;mq;mq;mq;mq;mq;mq;mq;mq;mq;mq;mq;mq;mq;mq;
61972;20110923120000;101700;mq;mq;150;6.700000;298.550000;292.250000;68;mq;mq;mq;mq;mq;mq;mq;mq;mq;mq;mq;mq;mq;mq;mq;mq;mq;mq;mq;mq;mq;mq;13.400000;-10;mq;mq;mq;mq;0.000000;mq;0.000000;mq;mq;710.000000;1113.000000;mq;mq;mq;mq;mq;mq;mq;mq;mq;mq;mq;mq;mq;mq;
61976;20110923120000;101570;mq;mq;110;6.200000;299.850000;293.450000;68;mq;mq;mq;mq;mq;mq;mq;mq;mq;mq;101420;mq;mq;mq;mq;mq;mq;mq;mq;mq;mq;mq;mq;mq;mq;mq;mq;mq;mq;mq;mq;mq;mq;mq;mq;mq;mq;mq;mq;mq;mq;mq;mq;mq;mq;mq;mq;mq;mq;
61980;20110923120000;101750;mq;mq;60;3.100000;298.150000;291.550000;67;12000;2;1;1;40;3;800;38;20;10;mq;mq;mq;mq;mq;mq;mq;mq;mq;mq;mq;mq;4.100000;-10;mq;mq;mq;mq;0.000000;mq;0.000000;mq;mq;710.000000;1104.000000;2437.000000;mq;2;8;750;3;6;1500;mq;mq;mq;mq;mq;mq;
61996;20110923120000;102120;mq;mq;210;4.100000;285.850000;230.650000;mq;mq;mq;mq;mq;mq;mq;mq;mq;mq;mq;mq;mq;mq;320;mq;mq;mq;mq;mq;mq;mq;mq;9.800000;-10;mq;mq;mq;mq;0.000000;mq;2.000000;mq;mq;710.000000;1110.000000;mq;mq;mq;mq;mq;mq;mq;mq;mq;mq;mq;mq;mq;mq;
61997;20110923120000;100540;mq;mq;310;17.500000;282.350000;278.750000;78;mq;mq;mq;mq;mq;mq;mq;mq;mq;mq;mq;mq;mq;mq;mq;mq;mq;mq;mq;mq;mq;mq;26.800000;-60;mq;mq;mq;mq;mq;mq;0.600000;mq;mq;1127.000000;mq;mq;mq;mq;mq;mq;mq;mq;mq;mq;mq;mq;mq;mq;mq;
67005;20110923120000;101370;mq;mq;320;5.700000;301.550000;295.050000;68;30000;2;1;1;60;5;800;38;20;10;mq;mq;mq;mq;mq;mq;mq;mq;mq;mq;mq;mq;7.200000;-10;mq;mq;mq;mq;0.000000;mq;0.000000;mq;mq;710.000000;1107.000000;mq;mq;3;8;660;mq;mq;mq;mq;mq;mq;mq;mq;mq;
71805;20110923120000;102100;50;3;260;4.100000;286.550000;286.550000;100;100;44;4;2;100;8;30;36;61;60;102020;mq;mq;mq;mq;mq;mq;mq;mq;mq;mq;mq;7.700000;-10;mq;mq;0.000000;-60;0.000000;0.000000;0.000000;mq;mq;710.000000;1108.000000;3100.000000;mq;8;7;30;mq;mq;mq;mq;mq;mq;mq;mq;mq;
78897;20110923120000;101610;190;2;80;4.100000;301.650000;297.650000;79;24000;0;mq;mq;mq;mq;mq;mq;mq;mq;mq;mq;mq;50;297.050000;mq;mq;304.750000;mq;mq;mq;mq;mq;mq;mq;mq;mq;mq;mq;mq;0.200000;mq;0.200000;mq;mq;mq;mq;mq;mq;mq;mq;mq;mq;mq;mq;mq;mq;mq;mq;
78922;20110923120000;101540;210;2;60;8.700000;302.850000;296.050000;67;mq;mq;mq;mq;mq;mq;mq;mq;mq;mq;101100;mq;mq;mq;mq;mq;mq;mq;mq;mq;mq;mq;mq;mq;mq;mq;mq;mq;mq;mq;mq;mq;mq;mq;mq;mq;mq;mq;mq;mq;mq;mq;mq;mq;mq;mq;mq;mq;mq;
78925;20110923120000;101440;120;0;50;5.700000;302.450000;296.450000;70;18000;0;mq;mq;mq;mq;800;mq;mq;mq;mq;mq;mq;mq;299.950000;mq;mq;303.050000;mq;mq;mq;mq;mq;mq;mq;mq;mq;mq;mq;mq;0.000000;mq;6.600000;mq;mq;mq;mq;mq;mq;mq;mq;mq;mq;mq;mq;mq;mq;mq;mq;
81401;20110923120000;mq;mq;mq;140;3.600000;301.650000;296.350000;73;mq;mq;mq;mq;mq;mq;mq;mq;mq;mq;mq;mq;mq;mq;296.550000;mq;mq;mq;mq;mq;mq;mq;mq;mq;mq;mq;mq;mq;0.000000;0.000000;mq;mq;0.200000;mq;mq;mq;mq;mq;mq;mq;mq;mq;mq;mq;mq;mq;mq;mq;mq;
81405;20110923120000;101370;mq;mq;140;3.100000;301.350000;297.550000;80;12000;2;1;1;25;2;450;31;20;10;101280;mq;mq;mq;295.350000;mq;mq;mq;mq;mq;mq;mq;mq;mq;mq;mq;mq;mq;mq;0.000000;mq;mq;0.000000;mq;mq;mq;mq;mq;mq;mq;mq;mq;mq;mq;mq;mq;mq;mq;mq;
81408;20110923120000;101350;mq;mq;150;1.500000;301.550000;297.350000;78;mq;mq;mq;mq;mq;mq;mq;mq;mq;mq;101270;mq;mq;mq;295.050000;mq;mq;mq;mq;mq;mq;mq;mq;mq;mq;mq;mq;mq;mq;0.000000;mq;mq;0.200000;mq;mq;mq;mq;mq;mq;mq;mq;mq;mq;mq;mq;mq;mq;mq;mq;
89642;20110923120000;97900;-20;8;130;4.600000;256.450000;252.550000;69;40000;2;1;1;10;0;8000;30;20;11;97340;mq;mq;mq;256.350000;mq;261.950000;mq;mq;mq;mq;mq;mq;mq;mq;mq;mq;mq;mq;mq;mq;mq;mq;mq;mq;mq;mq;1;0;4800;mq;mq;mq;mq;mq;mq;mq;mq;mq;
07005;20110923150000;101810;-140;7;320;1.500000;290.550000;283.850000;65;30000;2;1;1;75;5;800;31;20;11;100930;mq;mq;mq;mq;mq;mq;mq;mq;mq;mq;mq;4.100000;-10;mq;mq;0.000000;-30;0.000000;0.000000;mq;mq;mq;710.000000;1104.000000;3100.000000;mq;5;8;750;mq;mq;mq;mq;mq;mq;mq;mq;mq;
07015;20110923150000;101820;-130;6;170;2.100000;292.150000;281.450000;50;40000;2;1;1;60;3;1250;31;20;11;101260;mq;mq;mq;mq;mq;mq;mq;mq;mq;mq;mq;4.600000;-10;mq;mq;0.000000;-30;0.000000;0.000000;mq;mq;mq;710.000000;1105.000000;3100.000000;mq;3;8;1200;4;0;6900;mq;mq;mq;mq;mq;mq;
07020;20110923150000;101780;-170;8;220;3.600000;290.250000;285.150000;72;18000;2;1;1;60;2;800;32;25;11;101520;mq;mq;mq;mq;mq;mq;mq;mq;mq;mq;mq;5.100000;-10;mq;mq;mq;mq;0.000000;0.000000;mq;mq;mq;710.000000;1105.000000;mq;mq;2;8;780;mq;mq;mq;mq;mq;mq;mq;mq;mq;
07027;20110923150000;101710;-190;8;190;2.100000;293.150000;283.250000;53;30000;2;1;1;10;1;1250;31;20;11;100920;mq;mq;mq;mq;mq;mq;mq;mq;mq;mq;mq;4.600000;-10;mq;mq;0.000000;-30;0.000000;0.000000;mq;mq;mq;710.000000;1105.000000;3100.000000;mq;1;8;1200;mq;mq;mq;mq;mq;mq;mq;mq;mq;
07037;20110923150000;101760;-170;8;200;1.500000;291.950000;282.950000;56;20000;2;1;1;40;3;2250;34;20;10;99980;mq;mq;mq;mq;mq;mq;mq;mq;mq;mq;mq;3.600000;-10;mq;mq;0.000000;-30;0.000000;0.000000;mq;mq;mq;710.000000;1104.000000;3100.000000;mq;3;6;1800;mq;mq;mq;mq;mq;mq;mq;mq;mq;
07110;20110923150000;101580;-180;7;200;4.600000;293.150000;282.950000;52;25000;2;1;1;60;4;1250;35;20;11;100470;mq;mq;mq;mq;mq;mq;mq;mq;mq;mq;mq;7.200000;-10;mq;mq;mq;mq;0.000000;0.000000;mq;mq;mq;710.000000;1107.000000;mq;mq;4;6;1140;3;0;6900;mq;mq;mq;mq;mq;mq;
07117;20110923150000;101610;-200;8;50;4.100000;291.250000;285.950000;71;20000;2;1;1;60;1;450;32;20;12;100930;mq;mq;mq;mq;mq;mq;mq;mq;mq;mq;mq;6.200000;-10;mq;mq;mq;mq;0.000000;0.000000;mq;mq;mq;710.000000;1106.000000;2428.000000;mq;mq;mq;mq;mq;mq;mq;mq;mq;mq;mq;mq;mq;
07130;20110923150000;101610;-210;6;130;3.100000;293.950000;282.550000;48;35000;0;mq;mq;mq;mq;mq;mq;mq;mq;101110;mq;mq;mq;mq;mq;mq;mq;mq;mq;mq;mq;6.200000;-10;mq;mq;mq;mq;0.000000;0.000000;mq;mq;mq;710.000000;1106.000000;mq;mq;mq;mq;mq;mq;mq;mq;mq;mq;mq;mq;mq;mq;
07139;20110923150000;101650;-210;6;70;2.600000;292.850000;282.450000;51;30000;2;1;1;10;1;1250;31;20;11;99970;mq;mq;mq;mq;mq;mq;mq;mq;mq;mq;mq;5.700000;-10;mq;mq;0.000000;-30;0.000000;0.000000;mq;mq;mq;710.000000;1106.000000;3100.000000;mq;1;8;990;mq;mq;mq;mq;mq;mq;mq;mq;mq;
07149;20110923150000;101740;-180;6;80;2.600000;293.250000;281.850000;48;25000;2;1;1;25;1;1750;35;20;11;100690;mq;mq;mq;mq;mq;mq;mq;mq;mq;mq;mq;4.600000;-10;mq;mq;0.000000;-30;0.000000;0.000000;mq;mq;mq;710.000000;1105.000000;3100.000000;mq;1;6;1500;mq;mq;mq;mq;mq;mq;mq;mq;mq;
07168;20110923150000;101760;-170;6;60;2.600000;292.750000;282.350000;51;20000;2;1;1;25;2;1250;31;20;10;100380;mq;mq;mq;mq;mq;mq;mq;mq;mq;mq;mq;5.100000;-10;mq;mq;0.000000;-30;0.000000;0.000000;mq;mq;mq;710.000000;1105.000000;3100.000000;mq;2;8;1200;mq;mq;mq;mq;mq;mq;mq;mq;mq;
07181;20110923150000;101720;-130;6;80;2.100000;291.750000;282.750000;56;60000;0;mq;mq;mq;mq;mq;mq;mq;mq;97750;mq;mq;mq;mq;mq;mq;mq;mq;mq;mq;mq;5.100000;-10;mq;mq;mq;mq;0.000000;0.000000;mq;mq;mq;710.000000;1105.000000;mq;mq;mq;mq;mq;mq;mq;mq;mq;mq;mq;mq;mq;mq;
07190;20110923150000;101690;-140;6;350;3.100000;294.750000;281.950000;44;50000;0;mq;mq;mq;mq;mq;mq;mq;mq;99940;mq;mq;mq;mq;mq;mq;mq;mq;mq;mq;mq;6.200000;-10;mq;mq;mq;mq;0.000000;0.000000;mq;mq;mq;710.000000;1106.000000;mq;mq;mq;mq;mq;mq;mq;mq;mq;mq;mq;mq;mq;mq;
07207;20110923150000;mq;mq;mq;150;2.100000;291.450000;284.250000;63;25000;2;1;1;10;0;8000;30;20;11;mq;mq;mq;mq;mq;mq;mq;mq;mq;mq;mq;mq;4.600000;-10;mq;mq;mq;mq;0.000000;0.000000;mq;mq;mq;710.000000;1105.000000;2428.000000;mq;mq;mq;mq;mq;mq;mq;mq;mq;mq;mq;mq;mq;
07222;20110923150000;101520;-210;6;90;3.100000;294.850000;284.550000;52;30000;2;1;1;10;0;8000;30;20;11;101220;mq;mq;mq;mq;mq;mq;mq;mq;mq;mq;mq;6.700000;-10;mq;mq;mq;mq;0.000000;0.000000;mq;mq;mq;710.000000;1107.000000;mq;mq;1;0;7800;mq;mq;mq;mq;mq;mq;mq;mq;mq;
07240;20110923150000;101580;-210;6;90;3.100000;294.550000;283.650000;50;60000;0;mq;mq;mq;mq;mq;mq;mq;mq;100280;mq;mq;mq;mq;mq;mq;mq;mq;mq;mq;mq;6.200000;-10;mq;mq;mq;mq;0.000000;0.000000;mq;mq;mq;710.000000;1106.000000;mq;mq;mq;mq;mq;mq;mq;mq;mq;mq;mq;mq;mq;mq;
07255;20110923150000;101580;-180;6;100;2.100000;295.150000;282.650000;45;40000;2;1;1;10;0;8000;30;20;11;99660;mq;mq;mq;mq;mq;mq;mq;mq;mq;mq;mq;6.700000;-10;mq;mq;0.000000;-30;0.000000;0.000000;mq;mq;mq;710.000000;1107.000000;3100.000000;mq;1;0;7500;mq;mq;mq;mq;mq;mq;mq;mq;mq;
07280;20110923150000;101600;-140;7;70;3.600000;294.350000;282.550000;47;60000;0;mq;mq;mq;mq;mq;mq;mq;mq;98980;mq;mq;mq;mq;mq;mq;mq;mq;mq;mq;mq;5.100000;-10;mq;mq;mq;mq;0.000000;0.000000;mq;mq;mq;710.000000;1105.000000;mq;mq;mq;mq;mq;mq;mq;mq;mq;mq;mq;mq;mq;mq;
07299;20110923150000;101590;-130;6;350;2.600000;294.250000;284.550000;54;20000;2;1;1;40;1;1250;31;20;11;98450;mq;mq;mq;mq;mq;mq;mq;mq;mq;mq;mq;5.700000;-10;mq;mq;0.000000;-30;0.000000;0.000000;mq;mq;mq;710.000000;1106.000000;3100.000000;mq;1;8;1200;3;0;7500;mq;mq;mq;mq;mq;mq;
07314;20110923150000;101470;-220;6;340;3.600000;294.250000;288.350000;69;25000;2;1;1;10;0;8000;30;20;11;101200;mq;mq;mq;mq;mq;mq;mq;mq;mq;mq;mq;4.100000;-10;mq;mq;mq;mq;0.000000;0.000000;mq;mq;mq;710.000000;1104.000000;2428.000000;mq;1;0;6000;mq;mq;mq;mq;mq;mq;mq;mq;mq;
07335;20110923150000;101490;-200;7;60;4.100000;295.350000;282.850000;45;40000;2;1;1;10;0;8000;30;20;11;100100;mq;mq;mq;mq;mq;mq;mq;mq;mq;mq;mq;7.200000;-10;mq;mq;mq;mq;0.000000;0.000000;mq;mq;mq;710.000000;1107.000000;mq;mq;1;0;7800;mq;mq;mq;mq;mq;mq;mq;mq;mq;
07434;20110923150000;101360;-160;6;100;1.000000;296.750000;281.950000;39;50000;2;1;1;10;0;8000;30;20;19;96810;mq;mq;mq;mq;mq;mq;mq;mq;mq;mq;mq;2.600000;-10;mq;mq;0.000000;-30;0.000000;0.000000;mq;mq;mq;710.000000;1103.000000;3100.000000;mq;1;1;6900;mq;mq;mq;mq;mq;mq;mq;mq;mq;
07460;20110923150000;101420;-200;6;60;2.100000;295.650000;284.050000;48;30000;2;1;1;10;1;1250;31;20;11;97700;mq;mq;mq;mq;mq;mq;mq;mq;mq;mq;mq;4.600000;-10;mq;mq;0.000000;-30;0.000000;0.000000;mq;mq;mq;710.000000;1105.000000;3100.000000;mq;1;8;1380;mq;mq;mq;mq;mq;mq;mq;mq;mq;
07471;20110923150000;mq;-140;6;340;1.000000;295.550000;276.650000;29;20000;0;mq;mq;mq;mq;mq;mq;mq;mq;92070;85000;17580;mq;mq;mq;mq;mq;mq;mq;mq;mq;3.600000;-10;mq;mq;mq;mq;0.000000;0.000000;mq;mq;mq;710.000000;1104.000000;mq;mq;mq;mq;mq;mq;mq;mq;mq;mq;mq;mq;mq;mq;
07481;20110923150000;101580;-170;6;50;2.100000;293.150000;283.850000;55;20000;2;1;1;0;mq;mq;mq;mq;mq;98800;mq;mq;mq;mq;mq;mq;mq;mq;mq;mq;mq;4.600000;-10;mq;mq;0.000000;-30;0.000000;0.000000;mq;mq;mq;710.000000;1105.000000;3100.000000;mq;mq;mq;mq;mq;mq;mq;mq;mq;mq;mq;mq;mq;
07510;20110923150000;101320;-230;6;130;2.100000;298.150000;285.350000;45;20000;2;1;1;40;0;mq;30;20;11;100700;mq;mq;mq;mq;mq;mq;mq;mq;mq;mq;mq;5.100000;-10;mq;mq;0.000000;-30;0.000000;0.000000;mq;mq;mq;710.000000;1105.000000;3100.000000;mq;3;0;7800;mq;mq;mq;mq;mq;mq;mq;mq;mq;
07535;20110923150000;101280;-200;6;130;1.500000;300.350000;281.750000;31;30000;2;1;1;25;0;8000;30;20;11;98340;mq;mq;mq;mq;mq;mq;mq;mq;mq;mq;mq;3.100000;-10;mq;mq;0.000000;-30;0.000000;0.000000;mq;mq;mq;710.000000;1103.000000;3100.000000;mq;2;0;7500;mq;mq;mq;mq;mq;mq;mq;mq;mq;
07558;20110923150000;101140;-130;6;210;3.100000;299.250000;280.350000;30;50000;2;1;1;25;0;8000;30;20;11;93300;mq;mq;mq;mq;mq;mq;mq;mq;mq;mq;mq;7.200000;-10;mq;mq;0.000000;-30;0.000000;0.000000;mq;mq;mq;710.000000;1107.000000;3100.000000;mq;2;0;7800;mq;mq;mq;mq;mq;mq;mq;mq;mq;
07577;20110923150000;101450;-150;6;20;3.600000;296.850000;285.850000;50;25000;2;1;1;25;1;3500;30;28;12;100600;mq;mq;mq;mq;mq;mq;mq;mq;mq;mq;mq;7.200000;-10;mq;mq;0.000000;-30;0.000000;0.000000;mq;mq;mq;710.000000;1107.000000;3100.000000;mq;1;3;3900;mq;mq;mq;mq;mq;mq;mq;mq;mq;
07591;20110923150000;mq;-90;6;220;5.100000;296.750000;281.250000;37;mq;0;mq;mq;mq;mq;mq;mq;mq;mq;91560;mq;mq;mq;mq;mq;mq;mq;mq;mq;mq;mq;10.300000;-10;mq;mq;mq;mq;0.000000;0.000000;mq;mq;mq;710.000000;1110.000000;mq;mq;mq;mq;mq;mq;mq;mq;mq;mq;mq;mq;mq;mq;
07607;20110923150000;101270;-220;6;120;3.600000;299.350000;287.750000;49;60000;0;mq;mq;mq;mq;mq;mq;mq;mq;100600;mq;mq;mq;mq;mq;mq;mq;mq;mq;mq;mq;5.700000;-10;mq;mq;mq;mq;0.000000;0.000000;mq;mq;mq;710.000000;1106.000000;mq;mq;mq;mq;mq;mq;mq;mq;mq;mq;mq;mq;mq;mq;
07621;20110923150000;101200;-180;6;70;2.600000;297.950000;287.750000;53;20000;2;1;1;40;2;2250;31;23;11;97110;mq;mq;mq;mq;mq;mq;mq;mq;mq;mq;mq;5.100000;-10;mq;mq;0.000000;-30;0.000000;0.000000;mq;mq;mq;710.000000;1105.000000;3100.000000;mq;2;8;2400;3;0;6900;mq;mq;mq;mq;mq;mq;
07627;20110923150000;101210;-180;6;110;1.000000;298.250000;286.150000;47;20000;2;1;1;50;2;1250;32;26;12;96610;mq;mq;mq;mq;mq;mq;mq;mq;mq;mq;mq;3.100000;-10;mq;mq;0.000000;-30;0.000000;0.000000;mq;mq;mq;710.000000;1103.000000;3100.000000;mq;2;8;1200;mq;mq;mq;mq;mq;mq;mq;mq;mq;
07630;20110923150000;101270;-230;7;70;2.600000;300.650000;282.050000;31;45000;2;1;1;60;0;8000;30;20;11;99570;mq;mq;mq;mq;mq;mq;mq;mq;mq;mq;mq;4.100000;-10;mq;mq;0.000000;-30;0.000000;0.000000;mq;mq;mq;710.000000;1104.000000;3100.000000;mq;5;0;7500;mq;mq;mq;mq;mq;mq;mq;mq;mq;
07643;20110923150000;101390;-140;6;200;4.600000;298.150000;285.050000;44;50000;2;1;1;10;0;8000;30;20;11;101300;mq;mq;mq;mq;mq;mq;mq;mq;mq;mq;mq;6.200000;-10;mq;mq;mq;mq;0.000000;0.000000;mq;mq;mq;710.000000;1106.000000;mq;mq;1;0;7800;mq;mq;mq;mq;mq;mq;mq;mq;mq;
07650;20110923150000;101380;-100;7;250;3.100000;300.950000;277.250000;22;50000;2;1;1;25;0;8000;30;20;12;101010;mq;mq;mq;mq;mq;mq;mq;mq;mq;mq;mq;5.100000;-10;mq;mq;0.000000;-30;0.000000;0.000000;mq;mq;mq;710.000000;1105.000000;3100.000000;mq;2;0;6300;mq;mq;mq;mq;mq;mq;mq;mq;mq;
07661;20110923150000;101420;-80;8;250;1.500000;296.250000;290.050000;68;20000;2;1;1;25;1;450;31;20;18;99880;mq;mq;mq;mq;mq;mq;mq;mq;mq;mq;mq;4.600000;-10;mq;mq;mq;mq;0.000000;0.000000;mq;mq;mq;710.000000;1105.000000;mq;mq;1;8;480;mq;mq;mq;mq;mq;mq;mq;mq;mq;
07690;20110923150000;101450;-90;6;180;2.600000;297.350000;290.150000;64;50000;2;1;1;25;1;800;31;20;12;101130;mq;mq;mq;mq;mq;mq;mq;mq;mq;mq;mq;3.600000;-10;mq;mq;0.000000;-30;0.000000;0.000000;mq;mq;mq;710.000000;1104.000000;3100.000000;mq;1;8;900;mq;mq;mq;mq;mq;mq;mq;mq;mq;
07747;20110923150000;101420;-130;7;130;4.600000;297.550000;285.150000;46;40000;2;1;1;60;1;1750;32;20;11;100910;mq;mq;mq;mq;mq;mq;mq;mq;mq;mq;mq;7.700000;-10;mq;mq;mq;mq;0.000000;0.000000;mq;mq;mq;710.000000;1108.000000;mq;mq;1;8;1800;5;0;7800;mq;mq;mq;mq;mq;mq;
07761;20110923150000;101360;-60;7;220;4.100000;297.550000;290.050000;63;40000;2;1;1;25;2;1250;38;20;10;101260;mq;mq;mq;mq;mq;mq;mq;mq;mq;mq;mq;6.200000;-10;mq;mq;0.000000;-30;0.000000;0.000000;mq;mq;mq;710.000000;1106.000000;3100.000000;mq;1;8;1290;mq;mq;mq;mq;mq;mq;mq;mq;mq;
07790;20110923150000;101380;-70;8;30;1.500000;297.750000;290.450000;64;60000;2;1;1;10;1;800;32;23;10;101240;mq;mq;mq;mq;mq;mq;mq;mq;mq;mq;mq;4.600000;-10;mq;mq;0.000000;-30;0.000000;0.000000;mq;mq;mq;710.000000;1105.000000;3100.000000;mq;1;8;900;mq;mq;mq;mq;mq;mq;mq;mq;mq;
61968;20110923150000;101470;mq;mq;70;4.100000;298.650000;292.750000;70;mq;mq;mq;mq;mq;mq;mq;mq;mq;mq;mq;mq;mq;mq;mq;mq;mq;mq;mq;mq;mq;mq;8.200000;-10;mq;mq;mq;mq;0.000000;0.000000;mq;mq;mq;710.000000;1108.000000;mq;mq;mq;mq;mq;mq;mq;mq;mq;mq;mq;mq;mq;mq;
61970;20110923150000;101500;mq;mq;mq;mq;298.950000;296.450000;86;mq;mq;mq;mq;mq;mq;mq;mq;mq;mq;mq;mq;mq;mq;mq;mq;mq;mq;mq;mq;mq;mq;mq;mq;mq;mq;mq;mq;0.000000;0.000000;mq;mq;mq;mq;mq;mq;mq;mq;mq;mq;mq;mq;mq;mq;mq;mq;mq;mq;mq;
61972;20110923150000;101770;mq;mq;180;5.700000;296.350000;292.550000;79;mq;mq;mq;mq;mq;mq;mq;mq;mq;mq;mq;mq;mq;mq;mq;mq;mq;mq;mq;mq;mq;mq;10.300000;-10;mq;mq;mq;mq;0.000000;0.000000;mq;mq;mq;710.000000;1110.000000;mq;mq;mq;mq;mq;mq;mq;mq;mq;mq;mq;mq;mq;mq;
61976;20110923150000;101720;mq;mq;140;6.200000;297.150000;292.650000;76;mq;mq;mq;mq;mq;mq;mq;mq;mq;mq;101570;mq;mq;mq;mq;mq;mq;mq;mq;mq;mq;mq;mq;mq;mq;mq;mq;mq;mq;mq;mq;mq;mq;mq;mq;mq;mq;mq;mq;mq;mq;mq;mq;mq;mq;mq;mq;mq;mq;
61980;20110923150000;101910;mq;mq;120;2.100000;296.450000;291.950000;76;10000;2;1;1;75;6;800;38;20;10;mq;mq;mq;mq;mq;mq;mq;mq;mq;mq;mq;mq;4.100000;-10;mq;mq;mq;mq;0.000000;0.000000;mq;mq;mq;710.000000;1104.000000;mq;mq;2;8;750;6;6;1380;mq;mq;mq;mq;mq;mq;
61996;20110923150000;102300;mq;mq;210;1.500000;282.650000;228.650000;mq;mq;mq;mq;mq;mq;mq;mq;mq;mq;mq;mq;mq;mq;450;mq;mq;mq;mq;mq;mq;mq;mq;4.100000;-10;mq;mq;mq;mq;0.000000;0.000000;mq;mq;mq;710.000000;1104.000000;mq;mq;mq;mq;mq;mq;mq;mq;mq;mq;mq;mq;mq;mq;
61998;20110923150000;101530;mq;mq;20;2.100000;274.250000;270.450000;76;mq;mq;mq;mq;mq;mq;mq;mq;mq;mq;mq;mq;mq;2380;mq;mq;mq;mq;mq;mq;mq;mq;3.100000;-10;mq;mq;mq;mq;0.000000;0.000000;mq;mq;mq;710.000000;1103.000000;mq;mq;mq;mq;mq;mq;mq;mq;mq;mq;mq;mq;mq;mq;
67005;20110923150000;101470;mq;mq;310;4.100000;300.050000;295.250000;75;30000;2;1;1;75;6;800;38;20;10;mq;mq;mq;mq;mq;mq;mq;mq;mq;mq;mq;mq;6.700000;-10;mq;mq;mq;mq;0.000000;0.000000;mq;mq;mq;710.000000;1107.000000;mq;mq;6;8;600;mq;mq;mq;mq;mq;mq;mq;mq;mq;
71805;20110923150000;102040;-60;8;230;4.100000;289.050000;288.750000;98;3500;10;4;2;75;6;80;36;20;10;101960;mq;mq;mq;mq;mq;mq;mq;mq;mq;mq;mq;6.200000;-10;mq;mq;0.000000;-30;0.000000;0.000000;mq;mq;mq;710.000000;1106.000000;3100.000000;mq;6;7;60;mq;mq;mq;mq;mq;mq;mq;mq;mq;
78897;20110923150000;101620;10;0;60;7.200000;303.950000;296.050000;63;35000;2;1;1;75;4;800;38;20;12;mq;mq;mq;mq;mq;mq;mq;mq;mq;mq;mq;mq;mq;mq;mq;mq;mq;mq;mq;mq;mq;mq;mq;mq;mq;mq;mq;3;8;900;3;0;7800;mq;mq;mq;mq;mq;mq;
78922;20110923150000;101530;-10;8;80;7.200000;303.450000;296.150000;65;mq;mq;mq;mq;mq;mq;mq;mq;mq;mq;101090;mq;mq;mq;mq;mq;mq;mq;mq;mq;mq;mq;mq;mq;mq;mq;mq;mq;mq;mq;mq;mq;mq;mq;mq;mq;mq;mq;mq;mq;mq;mq;mq;mq;mq;mq;mq;mq;mq;
78925;20110923150000;101520;80;0;50;6.200000;303.850000;296.550000;65;18000;2;1;1;60;5;800;32;20;10;mq;mq;mq;mq;mq;mq;mq;mq;mq;mq;mq;mq;mq;mq;mq;mq;mq;mq;mq;mq;mq;mq;mq;mq;mq;mq;mq;5;8;900;mq;mq;mq;mq;mq;mq;mq;mq;mq;
81401;20110923150000;101240;mq;mq;130;2.600000;305.650000;296.350000;58;mq;mq;mq;mq;mq;mq;mq;mq;mq;mq;101180;mq;mq;mq;mq;mq;mq;mq;mq;mq;mq;mq;mq;mq;mq;mq;mq;mq;mq;0.000000;mq;mq;mq;mq;mq;mq;mq;mq;mq;mq;mq;mq;mq;mq;mq;mq;mq;mq;mq;
81405;20110923150000;101280;mq;mq;130;3.600000;305.050000;296.050000;59;12000;2;1;1;50;4;800;32;20;10;101190;mq;mq;mq;mq;mq;mq;mq;mq;mq;mq;mq;mq;mq;mq;mq;mq;mq;mq;0.000000;mq;mq;mq;mq;mq;mq;mq;mq;mq;mq;mq;mq;mq;mq;mq;mq;mq;mq;mq;
81408;20110923150000;101250;mq;mq;120;3.100000;305.450000;296.150000;58;mq;mq;mq;mq;mq;mq;mq;mq;mq;mq;101170;mq;mq;mq;mq;mq;mq;mq;mq;mq;mq;mq;mq;mq;mq;mq;mq;mq;mq;0.000000;mq;mq;mq;mq;mq;mq;mq;mq;mq;mq;mq;mq;mq;mq;mq;mq;mq;mq;mq;
89642;20110923150000;97820;-80;8;100;2.600000;257.050000;252.850000;67;mq;mq;mq;mq;mq;mq;mq;mq;mq;mq;97260;mq;mq;mq;mq;mq;mq;mq;mq;mq;mq;mq;mq;mq;mq;mq;mq;mq;mq;mq;mq;mq;mq;mq;mq;mq;mq;mq;mq;mq;mq;mq;mq;mq;mq;mq;mq;mq;mq;
07005;20110923180000;101730;-80;6;60;1.500000;288.550000;283.750000;73;mq;mq;mq;mq;mq;mq;mq;mq;mq;mq;100850;mq;mq;mq;282.650000;mq;291.450000;mq;mq;mq;mq;mq;2.100000;-10;mq;mq;mq;mq;0.000000;0.000000;mq;0.000000;mq;710.000000;1102.000000;mq;mq;mq;mq;mq;mq;mq;mq;mq;mq;mq;mq;mq;mq;
07015;20110923180000;101760;-60;6;150;1.000000;288.350000;283.150000;71;35000;2;1;1;90;3;3500;30;23;11;101200;mq;mq;mq;280.950000;mq;292.750000;mq;mq;mq;mq;mq;2.600000;-10;mq;mq;0.000000;-60;0.000000;0.000000;mq;0.000000;mq;710.000000;1103.000000;3100.000000;mq;3;3;3000;7;0;6900;mq;mq;mq;mq;mq;mq;
07020;20110923180000;101680;-100;7;110;2.600000;286.650000;284.150000;85;18000;2;1;1;75;1;800;32;25;11;101420;mq;mq;mq;286.650000;mq;291.250000;mq;mq;mq;mq;mq;3.600000;-10;mq;mq;mq;mq;0.000000;0.000000;mq;0.000000;mq;710.000000;1104.000000;mq;mq;1;8;780;3;0;6000;mq;mq;mq;mq;mq;mq;
07027;20110923180000;101640;-80;6;20;2.100000;288.350000;284.750000;79;40000;61;mq;mq;mq;mq;mq;mq;mq;mq;100840;mq;mq;mq;279.850000;mq;293.550000;mq;mq;mq;mq;mq;5.100000;-10;mq;mq;mq;mq;0.000000;0.000000;mq;0.000000;mq;710.000000;1105.000000;mq;mq;mq;mq;mq;mq;mq;mq;mq;mq;mq;mq;mq;mq;
07037;20110923180000;101710;-80;6;70;2.600000;286.750000;283.150000;79;17000;0;mq;mq;mq;mq;mq;mq;mq;mq;99900;mq;mq;mq;280.850000;mq;292.050000;mq;mq;mq;mq;mq;2.600000;-10;mq;mq;mq;mq;0.000000;0.000000;mq;0.000000;mq;710.000000;1103.000000;mq;mq;mq;mq;mq;mq;mq;mq;mq;mq;mq;mq;mq;mq;
07110;20110923180000;101530;-70;6;260;2.100000;288.750000;283.050000;69;25000;2;1;1;25;1;1250;35;20;11;100400;mq;mq;mq;280.750000;mq;293.350000;mq;mq;mq;mq;mq;5.100000;-10;mq;mq;mq;mq;0.000000;0.000000;mq;0.000000;mq;710.000000;1105.000000;mq;mq;1;6;990;mq;mq;mq;mq;mq;mq;mq;mq;mq;
07117;20110923180000;101530;-90;5;80;2.600000;288.950000;286.450000;85;15000;2;1;1;75;2;2250;30;22;15;100840;mq;mq;mq;283.650000;mq;292.350000;mq;mq;mq;mq;mq;6.200000;-10;mq;mq;mq;mq;0.000000;0.000000;mq;0.000000;mq;710.000000;1106.000000;2427.000000;mq;mq;mq;mq;mq;mq;mq;mq;mq;mq;mq;mq;mq;
07130;20110923180000;101520;-100;6;80;2.100000;289.950000;283.750000;67;40000;0;mq;mq;mq;mq;mq;mq;mq;mq;101010;mq;mq;mq;279.350000;mq;294.150000;mq;mq;mq;mq;mq;4.100000;-10;mq;mq;mq;mq;0.000000;0.000000;mq;0.000000;mq;710.000000;1104.000000;mq;mq;mq;mq;mq;mq;mq;mq;mq;mq;mq;mq;mq;mq;
07139;20110923180000;101590;-80;6;50;1.500000;289.650000;283.050000;65;mq;mq;mq;mq;mq;mq;mq;mq;mq;mq;99890;mq;mq;mq;279.050000;mq;293.350000;mq;mq;mq;mq;mq;2.600000;-10;mq;mq;mq;mq;0.000000;0.000000;mq;0.000000;mq;710.000000;1103.000000;mq;mq;mq;mq;mq;mq;mq;mq;mq;mq;mq;mq;mq;mq;
07149;20110923180000;101700;-60;6;100;2.100000;289.750000;282.150000;61;25000;2;1;1;75;0;8000;30;20;11;100630;mq;mq;mq;281.150000;mq;293.650000;mq;mq;mq;mq;mq;3.600000;-10;mq;mq;0.000000;-60;0.000000;0.000000;mq;0.000000;mq;710.000000;1104.000000;3100.000000;mq;6;0;7500;mq;mq;mq;mq;mq;mq;mq;mq;mq;
07168;20110923180000;101700;-70;6;20;1.000000;290.150000;282.550000;61;20000;0;mq;mq;mq;mq;mq;mq;mq;mq;100310;mq;mq;mq;282.650000;mq;293.450000;mq;mq;mq;mq;mq;2.600000;-10;mq;mq;mq;mq;0.000000;0.000000;mq;0.000000;mq;710.000000;1103.000000;mq;mq;mq;mq;mq;mq;mq;mq;mq;mq;mq;mq;mq;mq;
07181;20110923180000;101740;-40;6;70;1.500000;287.150000;283.150000;77;60000;0;mq;mq;75;mq;mq;mq;mq;mq;97710;mq;mq;mq;280.150000;mq;292.050000;mq;mq;mq;mq;mq;2.100000;-10;mq;mq;mq;mq;0.000000;0.000000;mq;0.000000;mq;710.000000;1102.000000;mq;mq;mq;mq;mq;mq;mq;mq;mq;mq;mq;mq;mq;mq;
07190;20110923180000;101730;10;3;20;2.100000;290.150000;283.050000;63;9000;0;mq;mq;mq;mq;1750;mq;mq;mq;99950;mq;mq;mq;283.750000;mq;294.950000;mq;mq;mq;mq;mq;5.100000;-10;mq;mq;mq;mq;0.000000;0.000000;mq;0.000000;mq;710.000000;1105.000000;mq;mq;mq;mq;mq;mq;mq;mq;mq;mq;mq;mq;mq;mq;
07207;20110923180000;mq;mq;mq;340;0.500000;289.950000;282.850000;63;25000;2;1;1;10;0;8000;30;20;11;mq;mq;mq;mq;285.550000;mq;291.950000;mq;mq;mq;mq;mq;1.500000;-10;mq;mq;mq;mq;0.000000;0.000000;mq;0.000000;mq;710.000000;1102.000000;2428.000000;mq;mq;mq;mq;mq;mq;mq;mq;mq;mq;mq;mq;mq;
07222;20110923180000;101440;-90;6;50;1.000000;292.450000;283.950000;58;30000;2;1;1;10;0;8000;30;20;11;101130;mq;mq;mq;282.150000;mq;294.950000;mq;mq;mq;mq;mq;4.100000;-10;mq;mq;mq;mq;0.000000;0.000000;mq;0.200000;mq;710.000000;1104.000000;mq;mq;1;0;7800;mq;mq;mq;mq;mq;mq;mq;mq;mq;
07240;20110923180000;101540;-60;6;70;2.100000;290.550000;284.350000;67;30000;2;1;1;10;0;8000;30;20;11;100220;mq;mq;mq;282.750000;mq;294.650000;mq;mq;mq;mq;mq;3.600000;-10;mq;mq;0.000000;-60;0.000000;0.000000;mq;0.200000;mq;710.000000;1104.000000;3100.000000;mq;1;0;8400;mq;mq;mq;mq;mq;mq;mq;mq;mq;
07255;20110923180000;101550;-50;6;90;2.600000;291.350000;283.250000;59;20000;0;mq;mq;mq;mq;mq;mq;mq;mq;99610;mq;mq;mq;281.950000;mq;295.450000;mq;mq;mq;mq;mq;4.100000;-10;mq;mq;mq;mq;0.000000;0.000000;mq;0.200000;mq;710.000000;1104.000000;mq;mq;mq;mq;mq;mq;mq;mq;mq;mq;mq;mq;mq;mq;
07280;20110923180000;101620;-20;5;90;1.500000;290.350000;283.050000;62;60000;0;mq;mq;mq;mq;mq;mq;mq;mq;98960;mq;mq;mq;283.250000;mq;294.950000;mq;mq;mq;mq;mq;3.600000;-10;mq;mq;mq;mq;0.000000;0.000000;mq;0.000000;mq;710.000000;1104.000000;mq;mq;mq;mq;mq;mq;mq;mq;mq;mq;mq;mq;mq;mq;
07299;20110923180000;101680;10;3;320;2.600000;287.350000;284.550000;83;20000;2;1;1;40;1;3500;30;23;11;98460;mq;mq;mq;283.150000;mq;294.550000;mq;mq;mq;mq;mq;3.600000;-10;mq;mq;0.000000;-60;0.000000;0.000000;mq;0.000000;mq;710.000000;1104.000000;3100.000000;mq;1;3;3300;3;0;7500;mq;mq;mq;mq;mq;mq;
07314;20110923180000;101400;-70;6;340;4.600000;292.350000;289.050000;81;mq;mq;mq;mq;mq;mq;mq;mq;mq;mq;101130;mq;mq;mq;287.850000;mq;294.850000;mq;mq;mq;mq;mq;6.700000;-10;mq;mq;mq;mq;0.000000;0.000000;mq;0.000000;mq;710.000000;1107.000000;mq;mq;mq;mq;mq;mq;mq;mq;mq;mq;mq;mq;mq;mq;
07335;20110923180000;101440;-60;7;50;2.600000;292.050000;283.850000;59;55000;0;mq;mq;mq;mq;mq;mq;mq;mq;100040;mq;mq;mq;280.250000;mq;295.850000;mq;mq;mq;mq;mq;4.600000;-10;mq;mq;mq;mq;0.000000;0.000000;mq;0.000000;mq;710.000000;1105.000000;mq;mq;mq;mq;mq;mq;mq;mq;mq;mq;mq;mq;mq;mq;
07434;20110923180000;101350;-70;6;30;1.500000;292.850000;280.550000;45;5000;0;mq;mq;mq;mq;mq;mq;mq;mq;96740;mq;mq;mq;285.450000;mq;296.850000;mq;mq;mq;mq;mq;2.100000;-10;mq;mq;mq;mq;0.000000;0.000000;mq;0.000000;mq;710.000000;1102.000000;mq;mq;mq;mq;mq;mq;mq;mq;mq;mq;mq;mq;mq;mq;
07460;20110923180000;101470;-10;5;20;1.500000;290.650000;284.250000;66;40000;2;1;1;10;1;3500;30;23;11;97690;mq;mq;mq;282.550000;mq;296.150000;mq;mq;mq;mq;mq;3.100000;-10;mq;mq;0.000000;-60;0.000000;0.000000;mq;0.000000;mq;710.000000;1103.000000;3100.000000;mq;1;3;3600;mq;mq;mq;mq;mq;mq;mq;mq;mq;
07471;20110923180000;mq;20;3;300;1.000000;289.550000;281.250000;58;20000;0;mq;mq;mq;mq;mq;mq;mq;mq;92090;85000;17600;mq;284.050000;mq;296.350000;mq;mq;mq;mq;mq;3.600000;-10;mq;mq;mq;mq;0.000000;0.000000;mq;0.000000;mq;710.000000;1104.000000;mq;mq;mq;mq;mq;mq;mq;mq;mq;mq;mq;mq;mq;mq;
07481;20110923180000;101560;-30;6;30;1.000000;291.550000;284.350000;63;20000;2;1;1;0;mq;mq;mq;mq;mq;98770;mq;mq;mq;283.950000;mq;293.550000;mq;mq;mq;mq;mq;3.600000;-10;mq;mq;0.000000;-60;0.000000;0.000000;mq;0.000000;mq;710.000000;1104.000000;3100.000000;mq;mq;mq;mq;mq;mq;mq;mq;mq;mq;mq;mq;mq;
07510;20110923180000;101290;-40;6;70;1.500000;295.750000;287.050000;58;40000;2;1;1;50;0;mq;30;20;11;100660;mq;mq;mq;283.550000;mq;298.750000;mq;mq;mq;mq;mq;4.100000;-10;mq;mq;0.000000;-60;0.000000;0.000000;mq;0.000000;mq;710.000000;1104.000000;3100.000000;mq;4;0;7800;mq;mq;mq;mq;mq;mq;mq;mq;mq;
07535;20110923180000;101270;-50;6;80;1.000000;295.550000;283.650000;47;mq;mq;mq;mq;mq;mq;mq;mq;mq;mq;98290;mq;mq;mq;281.250000;mq;300.450000;mq;mq;mq;mq;mq;1.500000;-10;mq;mq;mq;mq;0.000000;0.000000;mq;0.000000;mq;710.000000;1102.000000;mq;mq;mq;mq;mq;mq;mq;mq;mq;mq;mq;mq;mq;mq;
07558;20110923180000;101290;0;5;90;2.600000;293.750000;281.350000;45;mq;mq;mq;mq;mq;mq;mq;mq;mq;mq;93300;mq;mq;mq;283.750000;mq;299.950000;mq;mq;mq;mq;mq;4.100000;-10;mq;mq;mq;mq;0.000000;0.000000;mq;0.000000;mq;710.000000;1104.000000;mq;mq;mq;mq;mq;mq;mq;mq;mq;mq;mq;mq;mq;mq;
07577;20110923180000;101470;10;3;10;2.100000;293.850000;285.050000;57;20000;0;mq;mq;mq;mq;mq;mq;mq;mq;100610;mq;mq;mq;289.050000;mq;297.650000;mq;mq;mq;mq;mq;3.600000;-10;mq;mq;mq;mq;0.000000;0.000000;mq;0.000000;mq;710.000000;1104.000000;mq;mq;mq;mq;mq;mq;mq;mq;mq;mq;mq;mq;mq;mq;
07591;20110923180000;mq;90;1;280;1.500000;291.250000;283.150000;59;mq;0;mq;mq;mq;mq;mq;mq;mq;mq;91650;mq;mq;mq;281.950000;mq;297.050000;mq;mq;mq;mq;mq;4.100000;-10;mq;mq;mq;mq;0.000000;0.000000;mq;0.000000;mq;710.000000;1104.000000;mq;mq;mq;mq;mq;mq;mq;mq;mq;mq;mq;mq;mq;mq;
07607;20110923180000;101220;-60;8;70;1.500000;295.750000;288.550000;64;60000;0;mq;mq;mq;mq;mq;mq;mq;mq;100540;mq;mq;mq;282.750000;mq;299.950000;mq;mq;mq;mq;mq;3.100000;-10;mq;mq;mq;mq;0.000000;0.000000;mq;0.000000;mq;710.000000;1103.000000;mq;mq;mq;mq;mq;mq;mq;mq;mq;mq;mq;mq;mq;mq;
07621;20110923180000;101230;-20;5;110;1.000000;294.450000;290.650000;79;20000;2;1;1;75;4;2250;32;23;12;97090;mq;mq;mq;286.750000;mq;298.350000;mq;mq;mq;mq;mq;3.100000;-10;mq;mq;0.000000;-60;0.000000;0.000000;mq;0.000000;mq;710.000000;1103.000000;3100.000000;mq;3;8;1800;5;3;3300;5;0;6900;mq;mq;mq;
07627;20110923180000;101300;-20;5;180;1.500000;291.450000;288.550000;83;mq;mq;mq;mq;mq;mq;mq;mq;mq;mq;96590;mq;mq;mq;283.850000;mq;299.350000;mq;mq;mq;mq;mq;2.600000;-10;mq;mq;mq;mq;0.000000;0.000000;mq;0.200000;mq;710.000000;1103.000000;mq;mq;mq;mq;mq;mq;mq;mq;mq;mq;mq;mq;mq;mq;
07630;20110923180000;101240;-40;6;60;1.500000;299.050000;280.650000;31;60000;0;mq;mq;mq;mq;mq;mq;mq;mq;99530;mq;mq;mq;285.450000;mq;301.250000;mq;mq;mq;mq;mq;2.600000;-10;mq;mq;mq;mq;0.000000;0.000000;mq;0.000000;mq;710.000000;1103.000000;mq;mq;mq;mq;mq;mq;mq;mq;mq;mq;mq;mq;mq;mq;
07643;20110923180000;101420;30;3;230;3.100000;293.650000;287.950000;70;50000;2;1;1;0;mq;mq;mq;mq;mq;101330;mq;mq;mq;287.550000;mq;301.050000;mq;mq;mq;mq;mq;3.600000;-10;mq;mq;mq;mq;0.000000;0.000000;mq;0.000000;mq;710.000000;1104.000000;mq;mq;mq;mq;mq;mq;mq;mq;mq;mq;mq;mq;mq;mq;
07650;20110923180000;101430;50;1;200;2.100000;294.450000;283.850000;51;30000;2;1;1;25;0;8000;30;20;12;101060;mq;mq;mq;285.950000;mq;301.150000;mq;mq;mq;mq;mq;3.100000;-10;mq;mq;0.000000;-60;0.000000;0.000000;mq;0.000000;mq;710.000000;1103.000000;3100.000000;mq;2;0;6900;mq;mq;mq;mq;mq;mq;mq;mq;mq;
07661;20110923180000;101430;10;0;50;0.500000;293.350000;289.350000;78;20000;2;1;1;40;1;450;31;20;18;99870;mq;mq;mq;288.850000;mq;298.050000;mq;mq;mq;mq;mq;1.000000;-10;mq;mq;mq;mq;0.000000;0.000000;mq;0.000000;mq;710.000000;1101.000000;mq;mq;1;8;480;3;2;4800;mq;mq;mq;mq;mq;mq;
07690;20110923180000;101430;-20;8;70;1.000000;295.750000;290.650000;73;50000;2;1;1;10;1;800;34;20;12;101110;mq;mq;mq;291.850000;mq;297.450000;mq;mq;mq;mq;mq;2.600000;-10;mq;mq;0.000000;-60;0.000000;0.000000;mq;0.000000;mq;710.000000;1103.000000;3100.000000;mq;1;6;900;mq;mq;mq;mq;mq;mq;mq;mq;mq;
07747;20110923180000;101420;0;5;70;1.500000;294.750000;287.150000;62;60000;0;mq;mq;mq;mq;mq;mq;mq;mq;100910;mq;mq;mq;288.650000;mq;299.650000;mq;mq;mq;mq;mq;3.600000;-10;mq;mq;mq;mq;0.000000;0.000000;mq;0.000000;mq;710.000000;1104.000000;mq;mq;mq;mq;mq;mq;mq;mq;mq;mq;mq;mq;mq;mq;
07761;20110923180000;101400;40;3;170;1.500000;295.350000;290.050000;72;20000;2;1;1;40;3;1250;35;20;11;101300;mq;mq;mq;287.250000;mq;298.750000;mq;mq;mq;mq;mq;3.100000;-10;mq;mq;0.000000;-60;0.000000;0.000000;mq;0.000000;mq;710.000000;1103.000000;3100.000000;mq;3;6;1200;mq;mq;mq;mq;mq;mq;mq;mq;mq;
07790;20110923180000;101420;40;3;190;1.000000;292.850000;290.250000;85;20000;2;1;1;10;1;3500;30;23;12;101280;mq;mq;mq;289.250000;mq;298.950000;mq;mq;mq;mq;mq;1.500000;-10;mq;mq;0.000000;-60;0.000000;0.000000;mq;0.000000;mq;710.000000;1102.000000;3100.000000;mq;1;3;2400;mq;mq;mq;mq;mq;mq;mq;mq;mq;
61968;20110923180000;101610;mq;mq;70;4.100000;297.850000;293.350000;76;mq;mq;mq;mq;mq;mq;mq;mq;mq;mq;mq;mq;mq;mq;mq;mq;303.450000;mq;mq;mq;mq;mq;10.300000;-10;mq;mq;mq;mq;0.000000;mq;mq;0.000000;mq;710.000000;1110.000000;mq;mq;mq;mq;mq;mq;mq;mq;mq;mq;mq;mq;mq;mq;
61970;20110923180000;101660;mq;mq;mq;mq;298.250000;296.450000;90;mq;mq;mq;mq;mq;mq;mq;mq;mq;mq;mq;mq;mq;mq;mq;mq;302.850000;mq;mq;mq;mq;mq;mq;mq;mq;mq;mq;mq;0.000000;mq;mq;0.000000;mq;mq;mq;mq;mq;mq;mq;mq;mq;mq;mq;mq;mq;mq;mq;mq;mq;
61972;20110923180000;101940;mq;mq;180;4.600000;295.050000;292.750000;87;mq;mq;mq;mq;mq;mq;mq;mq;mq;mq;mq;mq;mq;mq;mq;mq;300.150000;mq;mq;mq;mq;mq;7.700000;-10;mq;mq;mq;mq;0.000000;mq;mq;0.000000;mq;710.000000;1108.000000;mq;mq;mq;mq;mq;mq;mq;mq;mq;mq;mq;mq;mq;mq;
61976;20110923180000;101890;mq;mq;140;6.200000;296.950000;292.450000;76;mq;mq;mq;mq;mq;mq;mq;mq;mq;mq;101740;mq;mq;mq;mq;mq;mq;mq;mq;mq;mq;mq;mq;mq;mq;mq;mq;mq;mq;mq;mq;mq;mq;mq;mq;mq;mq;mq;mq;mq;mq;mq;mq;mq;mq;mq;mq;mq;mq;
61980;20110923180000;102040;mq;mq;180;2.100000;293.750000;290.150000;80;10000;2;1;1;0;mq;mq;mq;mq;mq;mq;mq;mq;mq;mq;mq;299.350000;mq;mq;mq;mq;mq;3.600000;-10;mq;mq;mq;mq;0.000000;mq;mq;0.000000;mq;710.000000;1104.000000;mq;mq;mq;mq;mq;mq;mq;mq;mq;mq;mq;mq;mq;mq;
61996;20110923180000;102320;mq;mq;210;4.100000;282.650000;228.650000;mq;mq;mq;mq;mq;mq;mq;mq;mq;mq;mq;mq;mq;mq;520;mq;mq;289.250000;mq;mq;mq;mq;mq;5.700000;-10;mq;mq;mq;mq;0.000000;mq;mq;2.000000;mq;710.000000;1106.000000;mq;mq;mq;mq;mq;mq;mq;mq;mq;mq;mq;mq;mq;mq;
61997;20110923180000;99960;mq;mq;300;14.900000;279.450000;278.250000;92;mq;mq;mq;mq;mq;mq;mq;mq;mq;mq;mq;mq;mq;mq;mq;mq;282.650000;mq;mq;mq;mq;mq;29.800000;-60;mq;mq;mq;mq;mq;mq;mq;18.000000;mq;1130.000000;mq;mq;mq;mq;mq;mq;mq;mq;mq;mq;mq;mq;mq;mq;mq;
67005;20110923180000;101610;mq;mq;300;2.600000;299.250000;295.550000;80;mq;0;mq;mq;mq;mq;mq;mq;mq;mq;mq;mq;mq;mq;mq;mq;303.150000;mq;mq;mq;mq;mq;4.100000;-10;mq;mq;mq;mq;0.000000;mq;mq;0.000000;mq;710.000000;1104.000000;mq;mq;mq;mq;mq;mq;mq;mq;mq;mq;mq;mq;mq;mq;
71805;20110923180000;101890;-150;7;220;3.600000;287.450000;286.950000;97;300;46;4;2;100;8;30;36;61;60;101810;mq;mq;mq;mq;285.550000;289.450000;mq;mq;mq;mq;mq;9.800000;-10;mq;mq;0.000000;-60;0.000000;0.000000;mq;0.000000;mq;710.000000;1110.000000;3100.000000;mq;8;7;30;mq;mq;mq;mq;mq;mq;mq;mq;mq;
78897;20110923180000;101380;-240;8;60;7.200000;303.650000;295.550000;62;40000;0;mq;mq;mq;mq;1250;mq;mq;mq;mq;mq;mq;mq;mq;296.450000;304.250000;mq;mq;mq;mq;mq;mq;mq;mq;mq;mq;mq;mq;mq;5.000000;mq;4.900000;mq;mq;mq;mq;mq;mq;mq;mq;mq;mq;mq;mq;mq;mq;mq;mq;
78922;20110923180000;101270;-260;8;80;7.700000;302.650000;294.850000;63;mq;mq;mq;mq;mq;mq;mq;mq;mq;mq;100830;mq;mq;mq;mq;mq;mq;mq;mq;mq;mq;mq;mq;mq;mq;mq;mq;mq;mq;mq;mq;mq;mq;mq;mq;mq;mq;mq;mq;mq;mq;mq;mq;mq;mq;mq;mq;mq;mq;
78925;20110923180000;101260;-260;7;60;7.200000;303.550000;296.250000;65;18000;2;1;1;50;4;800;32;20;10;mq;mq;mq;mq;mq;299.950000;304.350000;mq;mq;mq;mq;mq;mq;mq;mq;mq;mq;mq;mq;mq;0.000000;mq;mq;mq;mq;mq;mq;4;8;930;mq;mq;mq;mq;mq;mq;mq;mq;mq;
81401;20110923180000;100980;mq;mq;170;3.100000;306.950000;294.050000;47;mq;mq;mq;mq;mq;mq;mq;mq;mq;mq;100920;mq;mq;mq;mq;mq;mq;mq;mq;mq;mq;mq;mq;mq;mq;mq;mq;mq;mq;0.000000;0.000000;mq;mq;mq;mq;mq;mq;mq;mq;mq;mq;mq;mq;mq;mq;mq;mq;mq;mq;
81405;20110923180000;101060;mq;mq;80;5.100000;302.850000;298.650000;78;10000;25;8;6;75;6;800;32;20;10;100970;mq;mq;mq;mq;mq;mq;mq;mq;mq;mq;mq;mq;mq;mq;mq;mq;mq;mq;0.400000;0.400000;mq;mq;mq;mq;mq;mq;mq;mq;mq;mq;mq;mq;mq;mq;mq;mq;mq;mq;
81408;20110923180000;101010;mq;mq;110;3.600000;307.350000;294.750000;48;mq;mq;mq;mq;mq;mq;mq;mq;mq;mq;100930;mq;mq;mq;mq;mq;mq;mq;mq;mq;mq;mq;mq;mq;mq;mq;mq;mq;mq;0.000000;0.000000;mq;mq;mq;mq;mq;mq;mq;mq;mq;mq;mq;mq;mq;mq;mq;mq;mq;mq;
89642;20110923180000;97700;-110;7;120;4.100000;258.450000;254.150000;67;mq;mq;mq;mq;mq;mq;mq;mq;mq;mq;97150;mq;mq;mq;mq;mq;mq;mq;mq;mq;mq;mq;mq;mq;mq;mq;mq;mq;mq;mq;mq;mq;mq;mq;mq;mq;mq;mq;mq;mq;mq;mq;mq;mq;mq;mq;mq;mq;mq;
07005;20110923210000;101690;-50;8;100;2.100000;285.350000;282.950000;85;mq;mq;mq;mq;mq;mq;mq;mq;mq;mq;100800;mq;mq;mq;mq;mq;mq;mq;mq;mq;mq;mq;3.100000;-10;mq;mq;mq;mq;0.000000;0.000000;mq;mq;mq;710.000000;1103.000000;mq;mq;mq;mq;mq;mq;mq;mq;mq;mq;mq;mq;mq;mq;
07015;20110923210000;101730;-40;8;0;0.000000;285.050000;282.750000;86;15000;2;1;1;60;1;3500;30;23;11;101160;mq;mq;mq;mq;mq;mq;mq;mq;mq;mq;mq;1.000000;-10;mq;mq;0.000000;-30;0.000000;0.000000;mq;mq;mq;710.000000;1101.000000;3100.000000;mq;1;3;3000;5;0;6900;mq;mq;mq;mq;mq;mq;
07020;20110923210000;101630;-60;8;100;3.100000;284.950000;283.550000;91;18000;2;1;1;25;2;800;32;20;10;101360;mq;mq;mq;mq;mq;mq;mq;mq;mq;mq;mq;5.100000;-10;mq;mq;mq;mq;0.000000;0.000000;mq;mq;mq;710.000000;1105.000000;mq;mq;2;8;780;mq;mq;mq;mq;mq;mq;mq;mq;mq;
07027;20110923210000;101610;-40;8;0;0.000000;284.550000;283.650000;94;15000;0;mq;mq;mq;mq;mq;mq;mq;mq;100800;mq;mq;mq;mq;mq;mq;mq;mq;mq;mq;mq;1.000000;-10;mq;mq;mq;mq;0.000000;0.000000;mq;mq;mq;710.000000;1101.000000;mq;mq;mq;mq;mq;mq;mq;mq;mq;mq;mq;mq;mq;mq;
07037;20110923210000;101680;-50;7;80;2.600000;284.650000;282.350000;86;25000;0;mq;mq;mq;mq;mq;mq;mq;mq;99850;mq;mq;mq;mq;mq;mq;mq;mq;mq;mq;mq;4.100000;-10;mq;mq;mq;mq;0.000000;0.000000;mq;mq;mq;710.000000;1104.000000;mq;mq;mq;mq;mq;mq;mq;mq;mq;mq;mq;mq;mq;mq;
07110;20110923210000;101550;0;0;60;1.500000;284.050000;282.850000;92;2100;10;mq;mq;75;mq;1750;mq;mq;mq;100400;mq;mq;mq;mq;mq;mq;mq;mq;mq;mq;mq;2.100000;-10;mq;mq;mq;mq;0.000000;0.000000;mq;mq;mq;710.000000;1102.000000;mq;mq;mq;mq;mq;mq;mq;mq;mq;mq;mq;mq;mq;mq;
07117;20110923210000;101530;0;4;190;4.100000;287.350000;284.650000;84;15000;2;1;1;75;2;2250;30;22;15;100840;mq;mq;mq;mq;mq;mq;mq;mq;mq;mq;mq;6.200000;-10;mq;mq;mq;mq;0.000000;0.000000;mq;mq;mq;710.000000;1106.000000;2427.000000;mq;mq;mq;mq;mq;mq;mq;mq;mq;mq;mq;mq;mq;
07130;20110923210000;101520;-10;8;0;0.000000;285.750000;283.650000;87;22000;0;mq;mq;mq;mq;mq;mq;mq;mq;101000;mq;mq;mq;mq;mq;mq;mq;mq;mq;mq;mq;1.000000;-10;mq;mq;mq;mq;0.000000;0.000000;mq;mq;mq;710.000000;1101.000000;mq;mq;mq;mq;mq;mq;mq;mq;mq;mq;mq;mq;mq;mq;
07139;20110923210000;101610;-10;7;30;1.500000;283.850000;282.150000;89;mq;mq;mq;mq;mq;mq;mq;mq;mq;mq;99880;mq;mq;mq;mq;mq;mq;mq;mq;mq;mq;mq;2.600000;-10;mq;mq;mq;mq;0.000000;0.000000;mq;mq;mq;710.000000;1103.000000;mq;mq;mq;mq;mq;mq;mq;mq;mq;mq;mq;mq;mq;mq;
07149;20110923210000;101670;-50;8;100;1.000000;284.650000;282.750000;88;25000;2;1;1;50;0;8000;30;20;11;100580;mq;mq;mq;mq;mq;mq;mq;mq;mq;mq;mq;3.100000;-10;mq;mq;0.000000;-30;0.000000;0.000000;mq;mq;mq;710.000000;1103.000000;3100.000000;mq;4;0;7500;mq;mq;mq;mq;mq;mq;mq;mq;mq;
07168;20110923210000;101700;-40;8;0;0.000000;283.650000;281.050000;84;20000;0;mq;mq;mq;mq;mq;mq;mq;mq;100270;mq;mq;mq;mq;mq;mq;mq;mq;mq;mq;mq;1.000000;-10;mq;mq;mq;mq;0.000000;0.000000;mq;mq;mq;710.000000;1101.000000;mq;mq;mq;mq;mq;mq;mq;mq;mq;mq;mq;mq;mq;mq;
07181;20110923210000;101760;-20;8;70;1.500000;284.550000;281.550000;82;60000;0;mq;mq;mq;mq;mq;mq;mq;mq;97690;mq;mq;mq;mq;mq;mq;mq;mq;mq;mq;mq;2.100000;-10;mq;mq;mq;mq;0.000000;0.000000;mq;mq;mq;710.000000;1102.000000;mq;mq;mq;mq;mq;mq;mq;mq;mq;mq;mq;mq;mq;mq;
07190;20110923210000;101770;10;0;340;1.000000;285.750000;282.250000;79;45000;0;mq;mq;mq;mq;1750;mq;mq;mq;99960;mq;mq;mq;mq;mq;mq;mq;mq;mq;mq;mq;2.600000;-10;mq;mq;mq;mq;0.000000;0.000000;mq;mq;mq;710.000000;1103.000000;mq;mq;mq;mq;mq;mq;mq;mq;mq;mq;mq;mq;mq;mq;
07207;20110923210000;mq;mq;mq;350;3.100000;287.950000;283.550000;75;25000;2;1;1;10;0;8000;30;20;11;mq;mq;mq;mq;mq;mq;mq;mq;mq;mq;mq;mq;4.100000;-10;mq;mq;mq;mq;0.000000;0.000000;mq;mq;mq;710.000000;1104.000000;2428.000000;mq;mq;mq;mq;mq;mq;mq;mq;mq;mq;mq;mq;mq;
07222;20110923210000;101450;10;2;20;0.500000;288.850000;284.250000;74;30000;2;1;1;0;mq;mq;mq;mq;mq;101140;mq;mq;mq;mq;mq;mq;mq;mq;mq;mq;mq;1.500000;-10;mq;mq;mq;mq;0.000000;0.000000;mq;mq;mq;710.000000;1102.000000;mq;mq;mq;mq;mq;mq;mq;mq;mq;mq;mq;mq;mq;mq;
07240;20110923210000;101520;-40;8;60;2.600000;286.450000;283.250000;81;30000;2;1;1;0;mq;mq;mq;mq;mq;100180;mq;mq;mq;mq;mq;mq;mq;mq;mq;mq;mq;3.600000;-10;mq;mq;0.000000;-30;0.000000;0.000000;mq;mq;mq;710.000000;1104.000000;3100.000000;mq;mq;mq;mq;mq;mq;mq;mq;mq;mq;mq;mq;mq;
07255;20110923210000;101540;-40;8;70;2.600000;287.850000;283.650000;76;20000;0;mq;mq;mq;mq;mq;mq;mq;mq;99570;mq;mq;mq;mq;mq;mq;mq;mq;mq;mq;mq;3.600000;-10;mq;mq;mq;mq;0.000000;0.000000;mq;mq;mq;710.000000;1104.000000;mq;mq;mq;mq;mq;mq;mq;mq;mq;mq;mq;mq;mq;mq;
07280;20110923210000;101640;-10;8;330;1.500000;286.750000;282.750000;77;45000;0;mq;mq;mq;mq;mq;mq;mq;mq;98950;mq;mq;mq;mq;mq;mq;mq;mq;mq;mq;mq;2.600000;-10;mq;mq;mq;mq;0.000000;0.000000;mq;mq;mq;710.000000;1103.000000;mq;mq;mq;mq;mq;mq;mq;mq;mq;mq;mq;mq;mq;mq;
07299;20110923210000;101760;40;1;330;2.100000;283.950000;283.050000;94;20000;2;1;1;40;1;3500;30;23;11;98500;mq;mq;mq;mq;mq;mq;mq;mq;mq;mq;mq;3.600000;-10;mq;mq;0.000000;-30;0.000000;0.000000;mq;mq;mq;710.000000;1104.000000;3100.000000;mq;1;3;3300;mq;mq;mq;mq;mq;mq;mq;mq;mq;
07314;20110923210000;101410;10;1;40;1.500000;291.850000;288.950000;83;mq;mq;mq;mq;mq;mq;mq;mq;mq;mq;101140;mq;mq;mq;mq;mq;mq;mq;mq;mq;mq;mq;3.600000;-10;mq;mq;mq;mq;0.000000;0.000000;mq;mq;mq;710.000000;1104.000000;mq;mq;mq;mq;mq;mq;mq;mq;mq;mq;mq;mq;mq;mq;
07335;20110923210000;101450;-10;8;50;1.500000;288.350000;283.550000;73;55000;0;mq;mq;mq;mq;mq;mq;mq;mq;100030;mq;mq;mq;mq;mq;mq;mq;mq;mq;mq;mq;2.100000;-10;mq;mq;mq;mq;0.000000;0.000000;mq;mq;mq;710.000000;1102.000000;mq;mq;mq;mq;mq;mq;mq;mq;mq;mq;mq;mq;mq;mq;
07434;20110923210000;101390;-10;8;60;2.600000;289.350000;284.550000;73;60000;0;mq;mq;mq;mq;mq;mq;mq;mq;96730;mq;mq;mq;mq;mq;mq;mq;mq;mq;mq;mq;4.600000;-10;mq;mq;mq;mq;0.000000;0.000000;mq;mq;mq;710.000000;1105.000000;mq;mq;mq;mq;mq;mq;mq;mq;mq;mq;mq;mq;mq;mq;
07460;20110923210000;101550;20;0;200;0.500000;285.950000;283.350000;84;40000;2;1;1;0;mq;mq;mq;mq;mq;97710;mq;mq;mq;mq;mq;mq;mq;mq;mq;mq;mq;2.600000;-10;mq;mq;0.000000;-30;0.000000;0.000000;mq;mq;mq;710.000000;1103.000000;3100.000000;mq;mq;mq;mq;mq;mq;mq;mq;mq;mq;mq;mq;mq;
07471;20110923210000;mq;40;0;230;1.500000;282.950000;280.850000;87;20000;0;mq;mq;mq;mq;mq;mq;mq;mq;92130;85000;17650;mq;mq;mq;mq;mq;mq;mq;mq;mq;2.600000;-10;mq;mq;mq;mq;0.000000;0.000000;mq;mq;mq;710.000000;1103.000000;mq;mq;mq;mq;mq;mq;mq;mq;mq;mq;mq;mq;mq;mq;
07481;20110923210000;101610;20;1;160;0.500000;288.350000;284.550000;78;20000;2;1;1;0;mq;mq;mq;mq;mq;98790;mq;mq;mq;mq;mq;mq;mq;mq;mq;mq;mq;2.600000;-10;mq;mq;0.000000;-30;0.000000;0.000000;mq;mq;mq;710.000000;1103.000000;3100.000000;mq;mq;mq;mq;mq;mq;mq;mq;mq;mq;mq;mq;mq;
07510;20110923210000;101320;20;2;320;0.500000;290.650000;287.550000;82;40000;2;1;1;60;0;mq;30;20;12;100680;mq;mq;mq;mq;mq;mq;mq;mq;mq;mq;mq;2.600000;-10;mq;mq;0.000000;-30;0.000000;0.000000;mq;mq;mq;710.000000;1103.000000;3100.000000;mq;5;0;7200;mq;mq;mq;mq;mq;mq;mq;mq;mq;
07535;20110923210000;101350;10;1;140;2.100000;289.150000;283.850000;71;mq;mq;mq;mq;mq;mq;mq;mq;mq;mq;98300;mq;mq;mq;mq;mq;mq;mq;mq;mq;mq;mq;3.600000;-10;mq;mq;mq;mq;0.000000;0.000000;mq;mq;mq;710.000000;1104.000000;mq;mq;mq;mq;mq;mq;mq;mq;mq;mq;mq;mq;mq;mq;
07558;20110923210000;101480;90;1;100;2.600000;290.450000;282.650000;60;mq;mq;mq;mq;mq;mq;mq;mq;mq;mq;93390;mq;mq;mq;mq;mq;mq;mq;mq;mq;mq;mq;5.100000;-10;mq;mq;mq;mq;0.000000;0.000000;mq;mq;mq;710.000000;1105.000000;mq;mq;mq;mq;mq;mq;mq;mq;mq;mq;mq;mq;mq;mq;
07577;20110923210000;101580;90;1;360;1.000000;288.550000;284.550000;77;20000;0;mq;mq;mq;mq;mq;mq;mq;mq;100700;mq;mq;mq;mq;mq;mq;mq;mq;mq;mq;mq;1.500000;-10;mq;mq;mq;mq;0.000000;0.000000;mq;mq;mq;710.000000;1102.000000;mq;mq;mq;mq;mq;mq;mq;mq;mq;mq;mq;mq;mq;mq;
07591;20110923210000;mq;120;2;30;1.000000;288.250000;283.050000;71;mq;0;mq;mq;mq;mq;mq;mq;mq;mq;91770;mq;mq;mq;mq;mq;mq;mq;mq;mq;mq;mq;1.500000;-10;mq;mq;mq;mq;0.000000;0.000000;mq;mq;mq;710.000000;1102.000000;mq;mq;mq;mq;mq;mq;mq;mq;mq;mq;mq;mq;mq;mq;
07607;20110923210000;101250;20;3;0;0.000000;291.750000;288.650000;82;40000;0;mq;mq;100;mq;mq;mq;mq;mq;100560;mq;mq;mq;mq;mq;mq;mq;mq;mq;mq;mq;1.500000;-10;mq;mq;mq;mq;0.000000;0.000000;mq;mq;mq;710.000000;1102.000000;mq;mq;mq;mq;mq;mq;mq;mq;mq;mq;mq;mq;mq;mq;
07621;20110923210000;101240;-30;7;160;3.100000;291.650000;289.050000;85;20000;2;1;1;90;1;2250;32;28;12;97060;mq;mq;mq;mq;mq;mq;mq;mq;mq;mq;mq;3.600000;-10;mq;mq;0.000000;-30;0.000000;0.000000;mq;mq;mq;710.000000;1104.000000;3100.000000;mq;1;8;1800;3;3;3300;6;0;6000;mq;mq;mq;
07627;20110923210000;101330;0;0;0;0.000000;289.950000;287.550000;86;mq;mq;mq;mq;mq;mq;mq;mq;mq;mq;96590;mq;mq;mq;mq;mq;mq;mq;mq;mq;mq;mq;4.100000;-10;mq;mq;mq;mq;0.000000;0.000000;mq;mq;mq;710.000000;1104.000000;mq;mq;mq;mq;mq;mq;mq;mq;mq;mq;mq;mq;mq;mq;
07630;20110923210000;101300;40;1;150;5.100000;295.550000;284.350000;49;25000;2;1;1;90;6;3500;30;28;11;99570;mq;mq;mq;mq;mq;mq;mq;mq;mq;mq;mq;7.700000;-10;mq;mq;0.000000;-30;0.000000;0.000000;mq;mq;mq;710.000000;1108.000000;3100.000000;mq;3;3;3600;4;3;4200;mq;mq;mq;mq;mq;mq;
07643;20110923210000;101510;90;1;70;0.500000;289.950000;287.450000;85;20000;2;1;1;0;mq;mq;mq;mq;mq;101420;mq;mq;mq;mq;mq;mq;mq;mq;mq;mq;mq;1.000000;-10;mq;mq;mq;mq;0.000000;0.000000;mq;mq;mq;710.000000;1101.000000;mq;mq;mq;mq;mq;mq;mq;mq;mq;mq;mq;mq;mq;mq;
07650;20110923210000;101550;110;1;180;2.100000;290.550000;284.550000;68;30000;2;1;1;25;0;8000;30;20;12;101170;mq;mq;mq;mq;mq;mq;mq;mq;mq;mq;mq;3.100000;-10;mq;mq;0.000000;-30;0.000000;0.000000;mq;mq;mq;710.000000;1103.000000;3100.000000;mq;2;0;6900;mq;mq;mq;mq;mq;mq;mq;mq;mq;
07661;20110923210000;101540;100;1;350;2.100000;291.750000;289.550000;87;mq;mq;mq;mq;mq;mq;mq;mq;mq;mq;99970;mq;mq;mq;mq;mq;mq;mq;mq;mq;mq;mq;2.600000;-10;mq;mq;mq;mq;0.000000;0.000000;mq;mq;mq;710.000000;1103.000000;mq;mq;mq;mq;mq;mq;mq;mq;mq;mq;mq;mq;mq;mq;
07690;20110923210000;101540;100;1;330;3.600000;293.950000;285.350000;58;50000;2;1;1;10;0;8000;30;20;12;101210;mq;mq;mq;mq;mq;mq;mq;mq;mq;mq;mq;5.100000;-10;mq;mq;0.000000;-30;0.000000;0.000000;mq;mq;mq;710.000000;1105.000000;3100.000000;mq;1;0;7800;mq;mq;mq;mq;mq;mq;mq;mq;mq;
07747;20110923210000;101430;10;1;340;2.600000;293.750000;286.250000;62;60000;0;mq;mq;mq;mq;mq;mq;mq;mq;100920;mq;mq;mq;mq;mq;mq;mq;mq;mq;mq;mq;3.600000;-10;mq;mq;mq;mq;0.000000;0.000000;mq;mq;mq;710.000000;1104.000000;mq;mq;mq;mq;mq;mq;mq;mq;mq;mq;mq;mq;mq;mq;
07761;20110923210000;101520;110;2;40;2.600000;291.850000;288.350000;80;20000;2;1;1;0;mq;mq;mq;mq;mq;101410;mq;mq;mq;mq;mq;mq;mq;mq;mq;mq;mq;3.600000;-10;mq;mq;0.000000;-30;0.000000;0.000000;mq;mq;mq;710.000000;1104.000000;3100.000000;mq;mq;mq;mq;mq;mq;mq;mq;mq;mq;mq;mq;mq;
07790;20110923210000;101500;80;1;160;0.500000;289.850000;288.550000;92;20000;2;1;1;0;mq;mq;mq;mq;mq;101360;mq;mq;mq;mq;mq;mq;mq;mq;mq;mq;mq;1.500000;-10;mq;mq;0.000000;-30;0.000000;0.000000;mq;mq;mq;710.000000;1102.000000;3100.000000;mq;mq;mq;mq;mq;mq;mq;mq;mq;mq;mq;mq;mq;
61968;20110923210000;101560;mq;mq;80;5.700000;297.950000;293.250000;75;mq;mq;mq;mq;mq;mq;mq;mq;mq;mq;mq;mq;mq;mq;mq;mq;mq;mq;mq;mq;mq;mq;11.800000;-10;mq;mq;mq;mq;0.000000;0.000000;mq;mq;mq;710.000000;1112.000000;mq;mq;mq;mq;mq;mq;mq;mq;mq;mq;mq;mq;mq;mq;
61970;20110923210000;101660;mq;mq;mq;mq;297.850000;296.450000;92;mq;mq;mq;mq;mq;mq;mq;mq;mq;mq;mq;mq;mq;mq;mq;mq;mq;mq;mq;mq;mq;mq;mq;mq;mq;mq;mq;mq;0.000000;0.000000;mq;mq;mq;mq;mq;mq;mq;mq;mq;mq;mq;mq;mq;mq;mq;mq;mq;mq;mq;
61972;20110923210000;102000;mq;mq;180;6.200000;294.950000;292.550000;86;mq;mq;mq;mq;mq;mq;mq;mq;mq;mq;mq;mq;mq;mq;mq;mq;mq;mq;mq;mq;mq;mq;11.300000;-10;mq;mq;mq;mq;0.000000;0.000000;mq;mq;mq;710.000000;1111.000000;mq;mq;mq;mq;mq;mq;mq;mq;mq;mq;mq;mq;mq;mq;
61980;20110923210000;101950;mq;mq;170;3.600000;293.050000;289.450000;80;10000;2;1;1;10;1;1750;35;20;10;mq;mq;mq;mq;mq;mq;mq;mq;mq;mq;mq;mq;5.100000;-10;mq;mq;mq;mq;0.000000;0.000000;mq;mq;mq;710.000000;1105.000000;mq;mq;1;6;1500;mq;mq;mq;mq;mq;mq;mq;mq;mq;
61998;20110923210000;101480;mq;mq;320;5.100000;274.450000;272.050000;84;mq;mq;mq;mq;mq;mq;mq;mq;mq;mq;mq;mq;mq;1440;mq;mq;mq;mq;mq;mq;mq;mq;11.300000;-10;mq;mq;mq;mq;0.000000;0.000000;mq;mq;mq;710.000000;1111.000000;mq;mq;mq;mq;mq;mq;mq;mq;mq;mq;mq;mq;mq;mq;
67005;20110923210000;101550;mq;mq;340;4.100000;298.650000;295.750000;84;mq;0;mq;mq;mq;mq;mq;mq;mq;mq;mq;mq;mq;mq;mq;mq;mq;mq;mq;mq;mq;mq;6.700000;-10;mq;mq;mq;mq;0.000000;0.000000;mq;mq;mq;710.000000;1107.000000;mq;mq;mq;mq;mq;mq;mq;mq;mq;mq;mq;mq;mq;mq;
71805;20110923210000;101890;0;5;250;1.500000;287.350000;287.150000;99;100;42;4;4;100;8;30;36;61;60;101810;mq;mq;mq;mq;mq;mq;mq;mq;mq;mq;mq;4.100000;-10;mq;mq;0.000000;-30;0.000000;0.000000;mq;mq;mq;710.000000;1104.000000;3100.000000;mq;8;7;30;mq;mq;mq;mq;mq;mq;mq;mq;mq;
78897;20110923210000;101320;-60;5;50;5.100000;302.650000;295.650000;66;45000;0;mq;mq;mq;mq;800;mq;mq;mq;mq;mq;mq;mq;mq;mq;mq;mq;mq;mq;mq;mq;mq;mq;mq;mq;mq;mq;mq;mq;mq;mq;mq;mq;mq;mq;mq;mq;mq;mq;mq;mq;mq;mq;mq;mq;mq;mq;mq;
78922;20110923210000;101230;-40;5;60;8.200000;302.150000;295.650000;68;mq;mq;mq;mq;mq;mq;mq;mq;mq;mq;100790;mq;mq;mq;mq;mq;mq;mq;mq;mq;mq;mq;mq;mq;mq;mq;mq;mq;mq;mq;mq;mq;mq;mq;mq;mq;mq;mq;mq;mq;mq;mq;mq;mq;mq;mq;mq;mq;mq;
78925;20110923210000;101220;-40;5;60;5.700000;302.550000;296.550000;70;18000;2;1;1;40;3;800;32;20;10;mq;mq;mq;mq;mq;mq;mq;mq;mq;mq;mq;mq;mq;mq;mq;mq;mq;mq;mq;mq;mq;mq;mq;mq;mq;mq;mq;3;8;840;mq;mq;mq;mq;mq;mq;mq;mq;mq;
81401;20110923210000;100930;mq;mq;60;3.100000;303.050000;297.250000;71;mq;mq;mq;mq;mq;mq;mq;mq;mq;mq;100870;mq;mq;mq;mq;mq;mq;mq;mq;mq;mq;mq;mq;mq;mq;mq;mq;mq;mq;0.000000;mq;mq;mq;mq;mq;mq;mq;mq;mq;mq;mq;mq;mq;mq;mq;mq;mq;mq;mq;
81405;20110923210000;101150;mq;mq;210;2.100000;297.950000;296.750000;93;10000;29;9;8;60;5;800;38;27;10;101060;mq;mq;mq;mq;mq;mq;mq;mq;mq;mq;mq;mq;mq;mq;mq;mq;mq;mq;14.000000;mq;mq;mq;mq;mq;mq;mq;mq;mq;mq;mq;mq;mq;mq;mq;mq;mq;mq;mq;
81408;20110923210000;101050;mq;mq;100;3.600000;303.250000;295.150000;62;mq;mq;mq;mq;mq;mq;mq;mq;mq;mq;100970;mq;mq;mq;mq;mq;mq;mq;mq;mq;mq;mq;mq;mq;mq;mq;mq;mq;mq;0.000000;mq;mq;mq;mq;mq;mq;mq;mq;mq;mq;mq;mq;mq;mq;mq;mq;mq;mq;mq;
89642;20110923210000;97570;-130;7;130;7.700000;257.850000;251.650000;56;mq;mq;mq;mq;mq;mq;mq;mq;mq;mq;97020;mq;mq;mq;mq;mq;mq;mq;mq;mq;mq;mq;mq;mq;mq;mq;mq;mq;mq;mq;mq;mq;mq;mq;mq;mq;mq;mq;mq;mq;mq;mq;mq;mq;mq;mq;mq;mq;mq;
07005;20110924000000;101660;-40;7;120;2.600000;283.750000;281.850000;88;mq;mq;mq;mq;mq;mq;mq;mq;mq;mq;100760;mq;mq;mq;mq;mq;mq;mq;mq;mq;mq;mq;3.100000;-10;mq;mq;mq;mq;0.000000;0.000000;0.000000;mq;mq;710.000000;1103.000000;mq;mq;mq;mq;mq;mq;mq;mq;mq;mq;mq;mq;mq;mq;
07015;20110924000000;101680;-50;6;100;1.000000;283.150000;281.750000;91;12000;2;1;1;60;1;3500;30;23;11;101110;mq;mq;mq;mq;mq;mq;mq;mq;mq;mq;mq;1.500000;-10;mq;mq;0.000000;-60;0.200000;0.200000;0.200000;mq;mq;710.000000;1102.000000;3100.000000;mq;1;3;3000;5;0;6900;mq;mq;mq;mq;mq;mq;
07020;20110924000000;101520;-100;8;150;4.600000;287.250000;283.650000;79;mq;mq;mq;mq;mq;mq;mq;mq;mq;mq;101260;mq;mq;mq;mq;mq;mq;mq;mq;mq;mq;mq;6.200000;-10;mq;mq;mq;mq;0.000000;0.000000;0.000000;mq;mq;710.000000;1106.000000;mq;mq;mq;mq;mq;mq;mq;mq;mq;mq;mq;mq;mq;mq;
07027;20110924000000;101560;-50;8;0;0.000000;282.750000;282.450000;98;200;45;mq;mq;mq;mq;mq;mq;mq;mq;100750;mq;mq;mq;mq;mq;mq;mq;mq;mq;mq;mq;0.500000;-10;mq;mq;mq;mq;0.200000;0.200000;0.200000;mq;mq;710.000000;1101.000000;mq;mq;mq;mq;mq;mq;mq;mq;mq;mq;mq;mq;mq;mq;
07037;20110924000000;101650;-40;7;100;2.100000;282.950000;282.150000;95;18000;0;mq;mq;mq;mq;mq;mq;mq;mq;99810;mq;mq;mq;mq;mq;mq;mq;mq;mq;mq;mq;2.600000;-10;mq;mq;mq;mq;0.000000;0.000000;0.000000;mq;mq;710.000000;1103.000000;mq;mq;mq;mq;mq;mq;mq;mq;mq;mq;mq;mq;mq;mq;
07110;20110924000000;101460;-90;8;120;0.500000;283.750000;283.150000;96;9000;0;mq;mq;100;mq;1250;mq;mq;mq;100310;mq;mq;mq;mq;mq;mq;mq;mq;mq;mq;mq;2.100000;-10;mq;mq;mq;mq;0.000000;0.000000;0.000000;mq;mq;710.000000;1102.000000;mq;mq;mq;mq;mq;mq;mq;mq;mq;mq;mq;mq;mq;mq;
07117;20110924000000;101440;-90;8;240;1.000000;287.750000;284.550000;81;15000;2;1;1;75;2;2250;30;22;15;100750;mq;mq;mq;mq;mq;mq;mq;mq;mq;mq;mq;3.100000;-10;mq;mq;mq;mq;0.000000;0.000000;0.000000;mq;mq;710.000000;1103.000000;2427.000000;mq;mq;mq;mq;mq;mq;mq;mq;mq;mq;mq;mq;mq;
07130;20110924000000;101480;-40;7;300;0.500000;283.150000;282.850000;98;6000;0;mq;mq;mq;mq;mq;mq;mq;mq;100960;mq;mq;mq;mq;mq;mq;mq;mq;mq;mq;mq;1.000000;-10;mq;mq;mq;mq;0.000000;0.000000;0.000000;mq;mq;710.000000;1101.000000;mq;mq;mq;mq;mq;mq;mq;mq;mq;mq;mq;mq;mq;mq;
07139;20110924000000;101560;-60;7;360;2.100000;282.250000;280.850000;91;mq;mq;mq;mq;mq;mq;mq;mq;mq;mq;99820;mq;mq;mq;mq;mq;mq;mq;mq;mq;mq;mq;2.100000;-10;mq;mq;mq;mq;0.000000;0.000000;0.000000;mq;mq;710.000000;1102.000000;mq;mq;mq;mq;mq;mq;mq;mq;mq;mq;mq;mq;mq;mq;
07149;20110924000000;101620;-50;8;40;1.000000;283.750000;281.850000;88;25000;2;1;1;0;mq;mq;mq;mq;mq;100530;mq;mq;mq;mq;mq;mq;mq;mq;mq;mq;mq;1.500000;-10;mq;mq;0.000000;-60;0.000000;0.000000;0.000000;mq;mq;710.000000;1102.000000;3100.000000;mq;mq;mq;mq;mq;mq;mq;mq;mq;mq;mq;mq;mq;
07168;20110924000000;101640;-70;8;160;0.500000;281.450000;280.250000;92;19000;0;mq;mq;mq;mq;mq;mq;mq;mq;100200;mq;mq;mq;mq;mq;mq;mq;mq;mq;mq;mq;2.100000;-10;mq;mq;mq;mq;0.200000;0.200000;0.200000;mq;mq;710.000000;1102.000000;mq;mq;mq;mq;mq;mq;mq;mq;mq;mq;mq;mq;mq;mq;
07181;20110924000000;101670;-90;8;150;0.500000;284.050000;281.950000;87;35000;0;mq;mq;90;mq;mq;mq;mq;mq;97600;mq;mq;mq;mq;mq;mq;mq;mq;mq;mq;mq;3.600000;-10;mq;mq;mq;mq;0.000000;0.000000;0.000000;mq;mq;710.000000;1104.000000;mq;mq;mq;mq;mq;mq;mq;mq;mq;mq;mq;mq;mq;mq;
07190;20110924000000;101730;-60;7;300;1.500000;282.450000;280.750000;89;50000;0;mq;mq;mq;mq;mq;mq;mq;mq;99900;mq;mq;mq;mq;mq;mq;mq;mq;mq;mq;mq;2.600000;-10;mq;mq;mq;mq;0.000000;0.000000;0.000000;mq;mq;710.000000;1103.000000;mq;mq;mq;mq;mq;mq;mq;mq;mq;mq;mq;mq;mq;mq;
07207;20110924000000;mq;mq;mq;360;4.100000;286.550000;284.250000;86;20000;2;1;1;0;mq;mq;mq;mq;mq;mq;mq;mq;mq;mq;mq;mq;mq;mq;mq;mq;mq;5.100000;-10;mq;mq;mq;mq;0.000000;0.000000;0.000000;mq;mq;710.000000;1105.000000;2428.000000;mq;mq;mq;mq;mq;mq;mq;mq;mq;mq;mq;mq;mq;
07222;20110924000000;101390;-60;8;0;0.000000;285.250000;283.650000;90;15000;0;mq;mq;mq;mq;mq;mq;mq;mq;101080;mq;mq;mq;mq;mq;mq;mq;mq;mq;mq;mq;1.500000;-10;mq;mq;mq;mq;0.000000;0.000000;0.000000;mq;mq;710.000000;1102.000000;mq;mq;mq;mq;mq;mq;mq;mq;mq;mq;mq;mq;mq;mq;
07240;20110924000000;101450;-70;8;60;4.100000;285.850000;283.050000;83;30000;2;1;1;0;mq;mq;mq;mq;mq;100110;mq;mq;mq;mq;mq;mq;mq;mq;mq;mq;mq;5.700000;-10;mq;mq;0.000000;-60;0.000000;0.000000;0.000000;mq;mq;710.000000;1106.000000;3100.000000;mq;mq;mq;mq;mq;mq;mq;mq;mq;mq;mq;mq;mq;
07255;20110924000000;101470;-90;8;80;2.600000;284.850000;282.950000;88;20000;0;mq;mq;mq;mq;mq;mq;mq;mq;99480;mq;mq;mq;mq;mq;mq;mq;mq;mq;mq;mq;3.600000;-10;mq;mq;mq;mq;0.000000;0.000000;0.000000;mq;mq;710.000000;1104.000000;mq;mq;mq;mq;mq;mq;mq;mq;mq;mq;mq;mq;mq;mq;
07280;20110924000000;101590;-70;7;330;1.500000;284.750000;282.450000;86;40000;0;mq;mq;mq;mq;mq;mq;mq;mq;98880;mq;mq;mq;mq;mq;mq;mq;mq;mq;mq;mq;3.100000;-10;mq;mq;mq;mq;0.000000;0.000000;0.000000;mq;mq;710.000000;1103.000000;mq;mq;mq;mq;mq;mq;mq;mq;mq;mq;mq;mq;mq;mq;
07299;20110924000000;101750;-40;8;230;1.500000;281.650000;281.050000;96;6000;0;mq;mq;mq;mq;mq;mq;mq;mq;98460;mq;mq;mq;mq;mq;mq;mq;mq;mq;mq;mq;1.500000;-10;mq;mq;mq;mq;0.000000;0.000000;0.000000;mq;mq;710.000000;1102.000000;mq;mq;mq;mq;mq;mq;mq;mq;mq;mq;mq;mq;mq;mq;
07314;20110924000000;101380;-30;7;50;2.100000;291.550000;288.250000;81;mq;mq;mq;mq;mq;mq;mq;mq;mq;mq;101110;mq;mq;mq;mq;mq;mq;mq;mq;mq;mq;mq;4.100000;-10;mq;mq;mq;mq;0.000000;0.000000;0.000000;mq;mq;710.000000;1104.000000;mq;mq;mq;mq;mq;mq;mq;mq;mq;mq;mq;mq;mq;mq;
07335;20110924000000;101420;-50;6;340;1.500000;284.250000;282.550000;89;35000;0;mq;mq;mq;mq;mq;mq;mq;mq;99980;mq;mq;mq;mq;mq;mq;mq;mq;mq;mq;mq;2.100000;-10;mq;mq;mq;mq;0.000000;0.000000;0.000000;mq;mq;710.000000;1102.000000;mq;mq;mq;mq;mq;mq;mq;mq;mq;mq;mq;mq;mq;mq;
07434;20110924000000;101380;-30;5;60;1.500000;288.250000;284.250000;77;50000;0;mq;mq;mq;mq;mq;mq;mq;mq;96700;mq;mq;mq;mq;mq;mq;mq;mq;mq;mq;mq;3.100000;-10;mq;mq;mq;mq;0.000000;0.000000;0.000000;mq;mq;710.000000;1103.000000;mq;mq;mq;mq;mq;mq;mq;mq;mq;mq;mq;mq;mq;mq;
07460;20110924000000;101490;-70;8;140;2.100000;285.150000;282.750000;85;35000;0;mq;mq;mq;mq;mq;mq;mq;mq;97640;mq;mq;mq;mq;mq;mq;mq;mq;mq;mq;mq;4.100000;-10;mq;mq;mq;mq;0.000000;0.000000;0.000000;mq;mq;710.000000;1104.000000;mq;mq;mq;mq;mq;mq;mq;mq;mq;mq;mq;mq;mq;mq;
07471;20110924000000;mq;-40;8;280;0.500000;280.750000;279.850000;94;20000;0;mq;mq;mq;mq;mq;mq;mq;mq;92090;85000;17610;mq;mq;mq;mq;mq;mq;mq;mq;mq;1.500000;-10;mq;mq;mq;mq;0.000000;0.000000;0.000000;mq;mq;710.000000;1102.000000;mq;mq;mq;mq;mq;mq;mq;mq;mq;mq;mq;mq;mq;mq;
07481;20110924000000;101570;-60;8;160;1.500000;287.050000;284.950000;87;10000;2;1;1;0;mq;mq;mq;mq;mq;98730;mq;mq;mq;mq;mq;mq;mq;mq;mq;mq;mq;2.600000;-10;mq;mq;0.000000;-60;0.000000;0.000000;0.000000;mq;mq;710.000000;1103.000000;3100.000000;mq;mq;mq;mq;mq;mq;mq;mq;mq;mq;mq;mq;mq;
07510;20110924000000;101300;-20;6;330;0.500000;290.550000;287.850000;84;30000;2;1;1;90;3;3500;30;23;12;100660;mq;mq;mq;mq;mq;mq;mq;mq;mq;mq;mq;2.100000;-10;mq;mq;0.000000;-60;0.000000;0.000000;0.000000;mq;mq;710.000000;1102.000000;3100.000000;mq;5;3;3300;5;0;6900;mq;mq;mq;mq;mq;mq;
07535;20110924000000;101350;-10;7;90;0.500000;288.750000;280.250000;57;mq;mq;mq;mq;mq;mq;mq;mq;mq;mq;98290;mq;mq;mq;mq;mq;mq;mq;mq;mq;mq;mq;3.100000;-10;mq;mq;mq;mq;0.000000;0.000000;0.000000;mq;mq;710.000000;1103.000000;mq;mq;mq;mq;mq;mq;mq;mq;mq;mq;mq;mq;mq;mq;
07558;20110924000000;101470;-60;8;30;1.000000;288.450000;282.550000;68;mq;mq;mq;mq;mq;mq;mq;mq;mq;mq;93330;mq;mq;mq;mq;mq;mq;mq;mq;mq;mq;mq;3.100000;-10;mq;mq;mq;mq;0.000000;0.000000;0.000000;mq;mq;710.000000;1103.000000;mq;mq;mq;mq;mq;mq;mq;mq;mq;mq;mq;mq;mq;mq;
07577;20110924000000;101590;0;4;0;0.000000;286.350000;284.550000;89;20000;0;mq;mq;mq;mq;mq;mq;mq;mq;100700;mq;mq;mq;mq;mq;mq;mq;mq;mq;mq;mq;1.500000;-10;mq;mq;mq;mq;0.000000;0.000000;0.000000;mq;mq;710.000000;1102.000000;mq;mq;mq;mq;mq;mq;mq;mq;mq;mq;mq;mq;mq;mq;
07591;20110924000000;mq;10;0;40;3.600000;285.650000;282.250000;80;mq;0;mq;mq;mq;mq;mq;mq;mq;mq;91780;mq;mq;mq;mq;mq;mq;mq;mq;mq;mq;mq;4.600000;-10;mq;mq;mq;mq;0.000000;0.000000;0.000000;mq;mq;710.000000;1105.000000;mq;mq;mq;mq;mq;mq;mq;mq;mq;mq;mq;mq;mq;mq;
07607;20110924000000;101300;50;0;20;2.100000;290.850000;289.750000;93;11000;61;mq;mq;100;mq;mq;mq;mq;mq;100610;mq;mq;mq;mq;mq;mq;mq;mq;mq;mq;mq;2.600000;-10;mq;mq;mq;mq;0.800000;1.000000;1.000000;mq;mq;710.000000;1103.000000;mq;mq;mq;mq;mq;mq;mq;mq;mq;mq;mq;mq;mq;mq;
07621;20110924000000;101340;90;3;270;3.100000;291.350000;289.350000;88;8000;81;8;6;100;4;1250;32;28;60;97150;mq;mq;mq;mq;mq;mq;mq;mq;mq;mq;mq;5.700000;-10;mq;mq;0.000000;-60;1.000000;1.000000;1.000000;mq;mq;710.000000;1106.000000;3100.000000;mq;3;8;1290;4;8;1800;7;3;2700;mq;mq;mq;
07627;20110924000000;101240;-100;6;210;1.500000;289.150000;285.850000;81;mq;mq;mq;mq;mq;mq;mq;mq;mq;mq;96490;mq;mq;mq;mq;mq;mq;mq;mq;mq;mq;mq;6.700000;-10;mq;mq;mq;mq;0.000000;0.000000;0.000000;mq;mq;710.000000;1107.000000;mq;mq;mq;mq;mq;mq;mq;mq;mq;mq;mq;mq;mq;mq;
07630;20110924000000;101250;-60;5;150;3.100000;293.750000;284.350000;55;60000;0;mq;mq;100;mq;mq;mq;mq;mq;99510;mq;mq;mq;mq;mq;mq;mq;mq;mq;mq;mq;7.200000;-10;mq;mq;mq;mq;0.000000;0.000000;0.000000;mq;mq;710.000000;1107.000000;mq;mq;mq;mq;mq;mq;mq;mq;mq;mq;mq;mq;mq;mq;
07643;20110924000000;101520;0;4;10;2.100000;288.050000;286.250000;89;10000;2;1;1;0;mq;mq;mq;mq;mq;101420;mq;mq;mq;mq;mq;mq;mq;mq;mq;mq;mq;3.100000;-10;mq;mq;mq;mq;0.000000;0.000000;0.000000;mq;mq;710.000000;1103.000000;mq;mq;mq;mq;mq;mq;mq;mq;mq;mq;mq;mq;mq;mq;
07650;20110924000000;101490;-60;8;140;1.500000;288.450000;284.050000;75;45000;0;mq;mq;mq;mq;mq;mq;mq;mq;101110;mq;mq;mq;mq;mq;mq;mq;mq;mq;mq;mq;2.600000;-10;mq;mq;mq;mq;0.000000;0.000000;0.000000;mq;mq;710.000000;1103.000000;mq;mq;mq;mq;mq;mq;mq;mq;mq;mq;mq;mq;mq;mq;
07661;20110924000000;101500;-40;8;80;0.500000;290.550000;288.050000;85;mq;mq;mq;mq;mq;mq;mq;mq;mq;mq;99930;mq;mq;mq;mq;mq;mq;mq;mq;mq;mq;mq;3.100000;-10;mq;mq;mq;mq;0.000000;0.000000;0.000000;mq;mq;710.000000;1103.000000;mq;mq;mq;mq;mq;mq;mq;mq;mq;mq;mq;mq;mq;mq;
07690;20110924000000;101500;-40;8;330;4.600000;293.650000;284.550000;56;50000;2;1;1;10;0;8000;30;20;12;101170;mq;mq;mq;mq;mq;mq;mq;mq;mq;mq;mq;6.200000;-10;mq;mq;0.000000;-60;0.000000;0.000000;0.000000;mq;mq;710.000000;1106.000000;3100.000000;mq;1;0;7800;mq;mq;mq;mq;mq;mq;mq;mq;mq;
07747;20110924000000;101380;-60;6;0;0.000000;291.950000;286.750000;72;55000;0;mq;mq;mq;mq;mq;mq;mq;mq;100860;mq;mq;mq;mq;mq;mq;mq;mq;mq;mq;mq;3.100000;-10;mq;mq;mq;mq;0.000000;0.000000;0.000000;mq;mq;710.000000;1103.000000;mq;mq;mq;mq;mq;mq;mq;mq;mq;mq;mq;mq;mq;mq;
07761;20110924000000;101480;-40;8;50;3.600000;290.150000;287.250000;83;20000;2;1;1;0;mq;mq;mq;mq;mq;101370;mq;mq;mq;mq;mq;mq;mq;mq;mq;mq;mq;4.600000;-10;mq;mq;0.000000;-60;0.000000;0.000000;0.000000;mq;mq;710.000000;1105.000000;3100.000000;mq;mq;mq;mq;mq;mq;mq;mq;mq;mq;mq;mq;mq;
07790;20110924000000;101490;-10;8;230;1.500000;289.450000;287.450000;88;40000;0;mq;mq;mq;mq;mq;mq;mq;mq;101350;mq;mq;mq;mq;mq;mq;mq;mq;mq;mq;mq;2.600000;-10;mq;mq;mq;mq;0.000000;0.000000;0.000000;mq;mq;710.000000;1103.000000;mq;mq;mq;mq;mq;mq;mq;mq;mq;mq;mq;mq;mq;mq;
61968;20110924000000;101450;mq;mq;90;6.700000;297.650000;292.950000;75;mq;mq;mq;mq;mq;mq;mq;mq;mq;mq;mq;mq;mq;0;mq;mq;mq;mq;mq;mq;mq;mq;12.900000;-10;mq;mq;mq;mq;0.000000;mq;0.000000;mq;mq;710.000000;1113.000000;mq;mq;mq;mq;mq;mq;mq;mq;mq;mq;mq;mq;mq;mq;
61970;20110924000000;101570;mq;mq;mq;mq;297.750000;295.450000;87;mq;mq;mq;mq;mq;mq;mq;mq;mq;mq;mq;mq;mq;20;mq;mq;mq;mq;mq;mq;mq;mq;mq;mq;mq;mq;mq;mq;0.000000;mq;0.000000;mq;mq;mq;mq;mq;mq;mq;mq;mq;mq;mq;mq;mq;mq;mq;mq;mq;mq;
61972;20110924000000;101910;mq;mq;170;6.700000;294.850000;291.050000;79;mq;mq;mq;mq;mq;mq;mq;mq;mq;mq;mq;mq;mq;10;mq;mq;mq;mq;mq;mq;mq;mq;14.900000;-10;mq;mq;mq;mq;0.000000;mq;0.000000;mq;mq;710.000000;1115.000000;mq;mq;mq;mq;mq;mq;mq;mq;mq;mq;mq;mq;mq;mq;
61980;20110924000000;101870;mq;mq;170;3.600000;292.250000;288.350000;78;10000;2;1;1;0;mq;mq;mq;mq;mq;mq;mq;mq;mq;mq;mq;mq;mq;mq;mq;mq;mq;5.100000;-10;mq;mq;mq;mq;0.000000;mq;0.000000;mq;mq;710.000000;1105.000000;mq;mq;mq;mq;mq;mq;mq;mq;mq;mq;mq;mq;mq;mq;
61996;20110924000000;102330;mq;mq;170;3.100000;281.150000;227.750000;mq;mq;mq;mq;mq;mq;mq;mq;mq;mq;mq;mq;mq;mq;500;mq;mq;mq;mq;mq;mq;mq;mq;4.600000;-10;mq;mq;mq;mq;0.200000;mq;0.200000;mq;mq;710.000000;1105.000000;mq;mq;mq;mq;mq;mq;mq;mq;mq;mq;mq;mq;mq;mq;
61998;20110924000000;101430;mq;mq;10;4.100000;274.750000;272.450000;85;20000;0;mq;mq;10;0;8000;30;20;11;mq;mq;mq;1090;mq;mq;mq;mq;mq;mq;mq;mq;10.800000;-10;mq;mq;mq;mq;0.000000;mq;0.000000;mq;mq;710.000000;1111.000000;mq;mq;1;0;6900;mq;mq;mq;mq;mq;mq;mq;mq;mq;
67005;20110924000000;101520;mq;mq;10;2.600000;298.350000;294.650000;80;mq;0;mq;mq;mq;mq;mq;mq;mq;mq;mq;mq;mq;30;mq;mq;mq;mq;mq;mq;mq;mq;4.100000;-10;mq;mq;mq;mq;0.000000;mq;0.000000;mq;mq;710.000000;1104.000000;mq;mq;mq;mq;mq;mq;mq;mq;mq;mq;mq;mq;mq;mq;
71805;20110924000000;101930;40;0;260;3.100000;287.150000;287.150000;100;300;45;mq;mq;101;mq;mq;62;61;60;101850;mq;mq;mq;mq;mq;mq;mq;mq;mq;mq;mq;4.600000;-10;mq;mq;mq;mq;0.000000;0.200000;0.200000;mq;mq;710.000000;1105.000000;mq;mq;mq;mq;mq;mq;mq;mq;mq;mq;mq;mq;mq;mq;
78897;20110924000000;101430;110;3;60;3.100000;300.750000;295.250000;72;25000;1;8;6;90;3;800;38;20;12;mq;mq;mq;mq;296.450000;mq;304.250000;mq;mq;mq;mq;mq;mq;mq;mq;mq;mq;mq;mq;mq;0.000000;mq;4.900000;mq;mq;mq;mq;2;8;780;3;0;7800;mq;mq;mq;mq;mq;mq;
78922;20110924000000;101330;100;3;70;8.700000;301.150000;296.050000;74;mq;mq;mq;mq;mq;mq;mq;mq;mq;mq;100890;mq;mq;mq;mq;mq;mq;mq;mq;mq;mq;mq;mq;mq;mq;mq;mq;mq;mq;mq;mq;mq;mq;mq;mq;mq;mq;mq;mq;mq;mq;mq;mq;mq;mq;mq;mq;mq;mq;
78925;20110924000000;101360;140;3;50;5.100000;300.950000;296.350000;76;15000;2;1;1;25;2;800;38;20;10;mq;mq;mq;mq;299.950000;mq;304.350000;mq;mq;mq;mq;mq;mq;mq;mq;mq;mq;mq;mq;mq;0.000000;mq;0.200000;mq;mq;mq;mq;2;8;900;mq;mq;mq;mq;mq;mq;mq;mq;mq;
81401;20110924000000;101160;mq;mq;80;1.500000;299.850000;297.350000;86;mq;mq;mq;mq;mq;mq;mq;mq;mq;mq;101100;mq;mq;mq;mq;mq;307.950000;mq;mq;mq;mq;mq;mq;mq;mq;mq;mq;mq;mq;0.000000;0.000000;mq;mq;mq;mq;mq;mq;mq;mq;mq;mq;mq;mq;mq;mq;mq;mq;mq;mq;
81405;20110924000000;101280;mq;mq;140;1.500000;297.450000;296.950000;97;40000;0;mq;mq;mq;mq;mq;mq;mq;mq;101190;mq;mq;mq;mq;mq;306.350000;mq;mq;mq;mq;mq;mq;mq;mq;mq;mq;mq;mq;0.000000;14.000000;mq;mq;mq;mq;mq;mq;mq;mq;mq;mq;mq;mq;mq;mq;mq;mq;mq;mq;
81408;20110924000000;101290;mq;mq;0;0.000000;298.150000;296.250000;89;mq;mq;mq;mq;mq;mq;mq;mq;mq;mq;101210;mq;mq;mq;mq;mq;307.650000;mq;mq;mq;mq;mq;mq;mq;mq;mq;mq;mq;mq;0.000000;0.000000;mq;mq;mq;mq;mq;mq;mq;mq;mq;mq;mq;mq;mq;mq;mq;mq;mq;mq;
89642;20110924000000;97450;-120;6;130;8.700000;258.850000;251.550000;50;40000;2;1;1;75;1;1250;35;21;12;96900;mq;mq;mq;256.150000;mq;260.050000;mq;mq;mq;mq;mq;15.400000;-60;mq;mq;mq;mq;mq;mq;mq;mq;mq;1115.000000;mq;mq;mq;1;6;1080;6;0;4800;mq;mq;mq;mq;mq;mq;
07005;20110924030000;101570;-90;8;110;3.100000;282.550000;281.150000;91;mq;mq;mq;mq;mq;mq;mq;mq;mq;mq;100670;mq;mq;mq;mq;mq;mq;mq;mq;mq;mq;mq;3.100000;-10;mq;mq;mq;mq;0.000000;0.000000;mq;mq;mq;710.000000;1103.000000;mq;mq;mq;mq;mq;mq;mq;mq;mq;mq;mq;mq;mq;mq;
07015;20110924030000;101600;-80;8;80;1.500000;282.450000;281.550000;94;6000;11;mq;mq;50;0;8000;30;20;11;101030;mq;mq;mq;mq;mq;mq;mq;mq;mq;mq;mq;1.500000;-10;mq;mq;0.000000;-30;0.000000;0.000000;mq;mq;mq;710.000000;1102.000000;3100.000000;mq;4;0;6900;mq;mq;mq;mq;mq;mq;mq;mq;mq;
07020;20110924030000;101380;-140;8;150;4.100000;287.750000;283.350000;75;mq;mq;mq;mq;mq;mq;mq;mq;mq;mq;101120;mq;mq;mq;mq;mq;mq;mq;mq;mq;mq;mq;5.700000;-10;mq;mq;mq;mq;0.000000;0.000000;mq;mq;mq;710.000000;1106.000000;mq;mq;mq;mq;mq;mq;mq;mq;mq;mq;mq;mq;mq;mq;
07027;20110924030000;101450;-120;7;140;3.600000;281.650000;281.350000;98;3700;10;mq;mq;mq;mq;mq;mq;mq;mq;100630;mq;mq;mq;mq;mq;mq;mq;mq;mq;mq;mq;4.100000;-10;mq;mq;mq;mq;0.000000;0.000000;mq;mq;mq;710.000000;1104.000000;mq;mq;mq;mq;mq;mq;mq;mq;mq;mq;mq;mq;mq;mq;
07037;20110924030000;101560;-90;7;120;2.600000;282.150000;281.550000;96;15000;0;mq;mq;mq;mq;mq;mq;mq;mq;99720;mq;mq;mq;mq;mq;mq;mq;mq;mq;mq;mq;4.100000;-10;mq;mq;mq;mq;0.000000;0.000000;mq;mq;mq;710.000000;1104.000000;mq;mq;mq;mq;mq;mq;mq;mq;mq;mq;mq;mq;mq;mq;
07110;20110924030000;101340;-110;8;150;0.500000;284.850000;284.250000;96;20000;2;1;1;90;7;450;35;61;60;100200;mq;mq;mq;mq;mq;mq;mq;mq;mq;mq;mq;2.100000;-10;mq;mq;mq;mq;0.000000;0.000000;mq;mq;mq;710.000000;1102.000000;mq;mq;3;6;450;7;6;1290;mq;mq;mq;mq;mq;mq;
07117;20110924030000;101340;-110;7;200;3.600000;286.150000;283.150000;82;15000;2;1;1;75;2;2250;30;22;15;100640;mq;mq;mq;mq;mq;mq;mq;mq;mq;mq;mq;5.100000;-10;mq;mq;mq;mq;0.000000;0.000000;mq;mq;mq;710.000000;1105.000000;2427.000000;mq;mq;mq;mq;mq;mq;mq;mq;mq;mq;mq;mq;mq;
07130;20110924030000;101380;-100;7;0;0.000000;281.750000;281.650000;99;900;45;mq;mq;mq;mq;mq;mq;mq;mq;100860;mq;mq;mq;mq;mq;mq;mq;mq;mq;mq;mq;1.000000;-10;mq;mq;mq;mq;0.200000;0.200000;mq;mq;mq;710.000000;1101.000000;mq;mq;mq;mq;mq;mq;mq;mq;mq;mq;mq;mq;mq;mq;
07139;20110924030000;101500;-70;8;60;0.500000;280.750000;279.550000;92;mq;mq;mq;mq;mq;mq;mq;mq;mq;mq;99750;mq;mq;mq;mq;mq;mq;mq;mq;mq;mq;mq;1.000000;-10;mq;mq;mq;mq;0.000000;0.200000;mq;mq;mq;710.000000;1101.000000;mq;mq;mq;mq;mq;mq;mq;mq;mq;mq;mq;mq;mq;mq;
07149;20110924030000;101550;-80;6;330;1.000000;281.250000;280.150000;93;25000;2;1;1;0;mq;mq;mq;mq;mq;100450;mq;mq;mq;mq;mq;mq;mq;mq;mq;mq;mq;2.100000;-10;mq;mq;0.000000;-30;0.000000;0.000000;mq;mq;mq;710.000000;1102.000000;3100.000000;mq;mq;mq;mq;mq;mq;mq;mq;mq;mq;mq;mq;mq;
07168;20110924030000;101580;-70;8;0;0.000000;278.650000;277.950000;95;200;45;mq;mq;mq;mq;mq;mq;mq;mq;100130;mq;mq;mq;mq;mq;mq;mq;mq;mq;mq;mq;0.500000;-10;mq;mq;mq;mq;0.000000;0.000000;mq;mq;mq;710.000000;1101.000000;mq;mq;mq;mq;mq;mq;mq;mq;mq;mq;mq;mq;mq;mq;
07181;20110924030000;101650;-60;8;10;0.500000;281.250000;280.850000;97;8000;0;mq;mq;mq;mq;mq;mq;mq;mq;97540;mq;mq;mq;mq;mq;mq;mq;mq;mq;mq;mq;1.500000;-10;mq;mq;mq;mq;0.000000;0.000000;mq;mq;mq;710.000000;1102.000000;mq;mq;mq;mq;mq;mq;mq;mq;mq;mq;mq;mq;mq;mq;
07190;20110924030000;101700;-40;7;330;1.500000;281.150000;280.050000;93;17000;0;mq;mq;mq;mq;mq;mq;mq;mq;99860;mq;mq;mq;mq;mq;mq;mq;mq;mq;mq;mq;2.600000;-10;mq;mq;mq;mq;0.000000;0.000000;mq;mq;mq;710.000000;1103.000000;mq;mq;mq;mq;mq;mq;mq;mq;mq;mq;mq;mq;mq;mq;
07207;20110924030000;mq;mq;mq;30;3.100000;285.250000;283.350000;88;20000;2;1;1;0;mq;mq;mq;mq;mq;mq;mq;mq;mq;mq;mq;mq;mq;mq;mq;mq;mq;3.600000;-10;mq;mq;mq;mq;0.000000;0.000000;mq;mq;mq;710.000000;1104.000000;2428.000000;mq;mq;mq;mq;mq;mq;mq;mq;mq;mq;mq;mq;mq;
07222;20110924030000;101310;-80;8;0;0.000000;284.250000;282.950000;92;20000;2;1;1;0;mq;mq;mq;mq;mq;101000;mq;mq;mq;mq;mq;mq;mq;mq;mq;mq;mq;1.000000;-10;mq;mq;mq;mq;0.000000;0.000000;mq;mq;mq;710.000000;1101.000000;mq;mq;mq;mq;mq;mq;mq;mq;mq;mq;mq;mq;mq;mq;
07240;20110924030000;101410;-50;6;50;2.100000;284.150000;282.450000;89;25000;2;mq;mq;0;mq;mq;mq;mq;mq;100060;mq;mq;mq;mq;mq;mq;mq;mq;mq;mq;mq;3.100000;-10;mq;mq;0.000000;-30;0.000000;0.000000;mq;mq;mq;710.000000;1103.000000;3100.000000;mq;mq;mq;mq;mq;mq;mq;mq;mq;mq;mq;mq;mq;
07255;20110924030000;101430;-40;8;80;2.600000;283.750000;282.350000;91;20000;0;mq;mq;mq;mq;mq;mq;mq;mq;99440;mq;mq;mq;mq;mq;mq;mq;mq;mq;mq;mq;3.100000;-10;mq;mq;mq;mq;0.000000;0.000000;mq;mq;mq;710.000000;1103.000000;mq;mq;mq;mq;mq;mq;mq;mq;mq;mq;mq;mq;mq;mq;
07280;20110924030000;101580;-30;7;330;2.100000;283.050000;281.450000;90;35000;0;mq;mq;mq;mq;mq;mq;mq;mq;98850;mq;mq;mq;mq;mq;mq;mq;mq;mq;mq;mq;2.600000;-10;mq;mq;mq;mq;0.000000;0.000000;mq;mq;mq;710.000000;1103.000000;mq;mq;mq;mq;mq;mq;mq;mq;mq;mq;mq;mq;mq;mq;
07299;20110924030000;101720;-50;6;190;1.000000;280.050000;279.650000;97;4000;10;0;0;25;2;250;36;20;10;98410;mq;mq;mq;mq;mq;mq;mq;mq;mq;mq;mq;1.500000;-10;mq;mq;0.000000;-30;0.000000;0.000000;mq;mq;mq;710.000000;1102.000000;3100.000000;mq;2;7;240;mq;mq;mq;mq;mq;mq;mq;mq;mq;
07314;20110924030000;101330;-50;6;50;0.500000;289.750000;287.250000;85;20000;2;1;1;0;mq;mq;mq;mq;mq;101060;mq;mq;mq;mq;mq;mq;mq;mq;mq;mq;mq;1.500000;-10;mq;mq;mq;mq;0.000000;0.000000;mq;mq;mq;710.000000;1102.000000;2438.000000;mq;mq;mq;mq;mq;mq;mq;mq;mq;mq;mq;mq;mq;
07335;20110924030000;101370;-60;8;0;0.000000;283.050000;282.150000;94;23000;0;mq;mq;mq;mq;mq;mq;mq;mq;99920;mq;mq;mq;mq;mq;mq;mq;mq;mq;mq;mq;1.500000;-10;mq;mq;mq;mq;0.000000;0.000000;mq;mq;mq;710.000000;1102.000000;mq;mq;mq;mq;mq;mq;mq;mq;mq;mq;mq;mq;mq;mq;
07434;20110924030000;101370;-20;8;50;1.500000;287.650000;283.850000;78;50000;0;mq;mq;mq;mq;mq;mq;mq;mq;96680;mq;mq;mq;mq;mq;mq;mq;mq;mq;mq;mq;2.100000;-10;mq;mq;mq;mq;0.000000;0.000000;mq;mq;mq;710.000000;1102.000000;mq;mq;mq;mq;mq;mq;mq;mq;mq;mq;mq;mq;mq;mq;
07460;20110924030000;101470;-30;8;180;2.600000;284.350000;281.550000;83;15000;0;mq;mq;0;mq;mq;mq;mq;mq;97610;mq;mq;mq;mq;mq;mq;mq;mq;mq;mq;mq;7.700000;-10;mq;mq;0.000000;-30;0.000000;0.000000;mq;mq;mq;710.000000;1108.000000;3100.000000;mq;mq;mq;mq;mq;mq;mq;mq;mq;mq;mq;mq;mq;
07471;20110924030000;mq;-40;8;220;1.000000;279.950000;279.550000;97;17000;0;mq;mq;mq;mq;mq;mq;mq;mq;92050;85000;17580;mq;mq;mq;mq;mq;mq;mq;mq;mq;2.100000;-10;mq;mq;mq;mq;0.000000;0.000000;mq;mq;mq;710.000000;1102.000000;mq;mq;mq;mq;mq;mq;mq;mq;mq;mq;mq;mq;mq;mq;
07481;20110924030000;101550;-30;7;160;3.100000;285.950000;284.050000;88;4000;10;0;0;0;mq;mq;mq;mq;mq;98700;mq;mq;mq;mq;mq;mq;mq;mq;mq;mq;mq;5.100000;-10;mq;mq;0.000000;-30;0.000000;0.000000;mq;mq;mq;710.000000;1105.000000;3100.000000;mq;mq;mq;mq;mq;mq;mq;mq;mq;mq;mq;mq;mq;
07510;20110924030000;101330;30;3;200;1.500000;289.750000;287.750000;88;30000;2;1;1;90;5;3500;30;28;12;100690;mq;mq;mq;mq;mq;mq;mq;mq;mq;mq;mq;2.600000;-10;mq;mq;0.000000;-30;0.000000;0.000000;mq;mq;mq;710.000000;1103.000000;3100.000000;mq;5;3;3300;7;0;6900;mq;mq;mq;mq;mq;mq;
07535;20110924030000;101390;10;0;110;1.500000;285.950000;282.550000;80;mq;mq;mq;mq;mq;mq;mq;mq;mq;mq;98300;mq;mq;mq;mq;mq;mq;mq;mq;mq;mq;mq;2.100000;-10;mq;mq;mq;mq;0.000000;0.000000;mq;mq;mq;710.000000;1102.000000;mq;mq;mq;mq;mq;mq;mq;mq;mq;mq;mq;mq;mq;mq;
07558;20110924030000;101420;-70;8;40;2.600000;287.650000;281.550000;67;mq;mq;mq;mq;mq;mq;mq;mq;mq;mq;93260;mq;mq;mq;mq;mq;mq;mq;mq;mq;mq;mq;3.600000;-10;mq;mq;mq;mq;0.000000;0.000000;mq;mq;mq;710.000000;1104.000000;mq;mq;mq;mq;mq;mq;mq;mq;mq;mq;mq;mq;mq;mq;
07577;20110924030000;101550;-40;8;0;0.000000;284.450000;283.350000;93;18000;0;mq;mq;mq;mq;mq;mq;mq;mq;100660;mq;mq;mq;mq;mq;mq;mq;mq;mq;mq;mq;1.000000;-10;mq;mq;mq;mq;0.000000;0.000000;mq;mq;mq;710.000000;1101.000000;mq;mq;mq;mq;mq;mq;mq;mq;mq;mq;mq;mq;mq;mq;
07591;20110924030000;mq;0;5;0;0.000000;284.150000;281.550000;84;mq;0;mq;mq;mq;mq;mq;mq;mq;mq;91780;mq;mq;mq;mq;mq;mq;mq;mq;mq;mq;mq;3.600000;-10;mq;mq;mq;mq;0.000000;0.000000;mq;mq;mq;710.000000;1104.000000;mq;mq;mq;mq;mq;mq;mq;mq;mq;mq;mq;mq;mq;mq;
07607;20110924030000;101350;50;1;280;4.600000;291.450000;290.150000;92;19000;61;mq;mq;100;mq;2250;mq;mq;mq;100660;mq;mq;mq;mq;mq;mq;mq;mq;mq;mq;mq;10.800000;-10;mq;mq;mq;mq;3.000000;7.000000;mq;mq;mq;710.000000;1111.000000;mq;mq;mq;mq;mq;mq;mq;mq;mq;mq;mq;mq;mq;mq;
07621;20110924030000;101360;10;0;220;3.100000;290.350000;289.350000;94;10000;61;mq;mq;90;5;1250;39;28;60;97160;mq;mq;mq;mq;mq;mq;mq;mq;mq;mq;mq;5.100000;-10;mq;mq;0.000000;-30;0.800000;3.000000;mq;mq;mq;710.000000;1105.000000;3100.000000;mq;3;8;990;1;9;1200;3;8;1800;7;3;3000;
07627;20110924030000;101350;120;3;60;1.500000;289.950000;287.250000;84;mq;mq;mq;mq;mq;mq;mq;mq;mq;mq;96610;mq;mq;mq;mq;mq;mq;mq;mq;mq;mq;mq;4.100000;-10;mq;mq;mq;mq;0.000000;0.000000;mq;mq;mq;710.000000;1104.000000;mq;mq;mq;mq;mq;mq;mq;mq;mq;mq;mq;mq;mq;mq;
07630;20110924030000;101340;80;3;170;1.500000;292.450000;284.250000;59;30000;2;1;1;100;2;2250;32;28;60;99590;mq;mq;mq;mq;mq;mq;mq;mq;mq;mq;mq;4.100000;-10;mq;mq;0.000000;-30;0.000000;0.000000;mq;mq;mq;710.000000;1104.000000;3100.000000;mq;2;8;2100;7;3;3900;mq;mq;mq;mq;mq;mq;
07643;20110924030000;101470;-50;6;360;2.600000;286.650000;284.550000;87;20000;2;mq;mq;0;mq;mq;mq;mq;mq;101370;mq;mq;mq;mq;mq;mq;mq;mq;mq;mq;mq;3.600000;-10;mq;mq;mq;mq;0.000000;0.000000;mq;mq;mq;710.000000;1104.000000;mq;mq;mq;mq;mq;mq;mq;mq;mq;mq;mq;mq;mq;mq;
07650;20110924030000;101450;-40;8;130;1.000000;286.450000;282.550000;77;20000;2;1;1;40;0;8000;30;20;12;101070;mq;mq;mq;mq;mq;mq;mq;mq;mq;mq;mq;2.600000;-10;mq;mq;0.000000;-30;0.000000;0.000000;mq;mq;mq;710.000000;1103.000000;3100.000000;mq;3;0;6900;mq;mq;mq;mq;mq;mq;mq;mq;mq;
07661;20110924030000;101460;-40;8;350;1.500000;290.650000;286.350000;76;20000;2;1;1;25;0;8000;30;20;18;99890;mq;mq;mq;mq;mq;mq;mq;mq;mq;mq;mq;2.600000;-10;mq;mq;mq;mq;0.000000;0.000000;mq;mq;mq;710.000000;1103.000000;mq;mq;2;2;4800;mq;mq;mq;mq;mq;mq;mq;mq;mq;
07690;20110924030000;101500;0;4;330;4.100000;293.050000;284.050000;56;50000;2;1;1;10;0;8000;30;20;12;101170;mq;mq;mq;mq;mq;mq;mq;mq;mq;mq;mq;6.200000;-10;mq;mq;0.000000;-30;0.000000;0.000000;mq;mq;mq;710.000000;1106.000000;3100.000000;mq;1;0;7800;mq;mq;mq;mq;mq;mq;mq;mq;mq;
07747;20110924030000;101280;-90;8;50;2.100000;293.150000;291.650000;91;22000;0;mq;mq;90;mq;150;mq;mq;mq;100770;mq;mq;mq;mq;mq;mq;mq;mq;mq;mq;mq;4.600000;-10;mq;mq;mq;mq;0.000000;0.000000;mq;mq;mq;710.000000;1105.000000;mq;mq;mq;mq;mq;mq;mq;mq;mq;mq;mq;mq;mq;mq;
07761;20110924030000;101480;0;0;40;2.600000;289.250000;286.750000;85;20000;2;1;1;40;0;8000;30;20;12;101370;mq;mq;mq;mq;mq;mq;mq;mq;mq;mq;mq;4.100000;-10;mq;mq;0.000000;-30;0.000000;0.000000;mq;mq;mq;710.000000;1104.000000;3100.000000;mq;3;0;6900;mq;mq;mq;mq;mq;mq;mq;mq;mq;
07790;20110924030000;101460;-30;6;130;0.500000;289.950000;287.050000;83;20000;2;1;1;0;mq;mq;mq;mq;mq;101320;mq;mq;mq;mq;mq;mq;mq;mq;mq;mq;mq;3.100000;-10;mq;mq;0.000000;-30;0.000000;0.000000;mq;mq;mq;710.000000;1103.000000;3100.000000;mq;mq;mq;mq;mq;mq;mq;mq;mq;mq;mq;mq;mq;
61968;20110924030000;101580;mq;mq;100;4.600000;297.850000;292.950000;74;mq;mq;mq;mq;mq;mq;mq;mq;mq;mq;mq;mq;mq;10;mq;mq;mq;mq;mq;mq;mq;mq;9.800000;-10;mq;mq;mq;mq;0.000000;0.000000;mq;mq;mq;710.000000;1110.000000;mq;mq;mq;mq;mq;mq;mq;mq;mq;mq;mq;mq;mq;mq;
61970;20110924030000;101680;mq;mq;mq;mq;297.450000;295.550000;89;mq;mq;mq;mq;mq;mq;mq;mq;mq;mq;mq;mq;mq;10;mq;mq;mq;mq;mq;mq;mq;mq;mq;mq;mq;mq;mq;mq;0.000000;0.000000;mq;mq;mq;mq;mq;mq;mq;mq;mq;mq;mq;mq;mq;mq;mq;mq;mq;mq;mq;
61972;20110924030000;102000;mq;mq;170;6.700000;294.850000;291.250000;80;mq;mq;mq;mq;mq;mq;mq;mq;mq;mq;mq;mq;mq;90;mq;mq;mq;mq;mq;mq;mq;mq;12.900000;-10;mq;mq;mq;mq;0.000000;0.000000;mq;mq;mq;710.000000;1113.000000;mq;mq;mq;mq;mq;mq;mq;mq;mq;mq;mq;mq;mq;mq;
61976;20110924030000;101820;mq;mq;130;6.200000;296.750000;291.850000;74;mq;mq;mq;mq;mq;mq;mq;mq;mq;mq;101670;mq;mq;mq;mq;mq;mq;mq;mq;mq;mq;mq;mq;mq;mq;mq;mq;mq;mq;mq;mq;mq;mq;mq;mq;mq;mq;mq;mq;mq;mq;mq;mq;mq;mq;mq;mq;mq;mq;
61980;20110924030000;102000;mq;mq;160;3.600000;292.850000;288.250000;75;12000;2;1;1;10;1;800;31;20;10;mq;mq;mq;mq;mq;mq;mq;mq;mq;mq;mq;mq;5.700000;-10;mq;mq;mq;mq;0.000000;0.000000;mq;mq;mq;710.000000;1106.000000;2437.000000;mq;1;8;750;mq;mq;mq;mq;mq;mq;mq;mq;mq;
61996;20110924030000;102460;mq;mq;110;1.000000;285.450000;230.450000;mq;mq;mq;mq;mq;mq;mq;mq;mq;mq;mq;mq;mq;mq;470;mq;mq;mq;mq;mq;mq;mq;mq;2.600000;-10;mq;mq;mq;mq;0.000000;0.000000;mq;mq;mq;710.000000;1103.000000;mq;mq;mq;mq;mq;mq;mq;mq;mq;mq;mq;mq;mq;mq;
61997;20110924030000;100350;mq;mq;240;9.300000;274.650000;268.350000;63;mq;mq;mq;mq;mq;mq;mq;mq;mq;mq;mq;mq;mq;mq;mq;mq;mq;mq;mq;mq;mq;mq;24.200000;-30;mq;mq;mq;mq;mq;0.000000;mq;mq;mq;1124.000000;mq;mq;mq;mq;mq;mq;mq;mq;mq;mq;mq;mq;mq;mq;mq;
67005;20110924030000;101620;mq;mq;20;2.600000;298.150000;294.850000;82;20000;2;1;1;50;4;800;38;20;10;mq;mq;mq;30;mq;mq;mq;mq;mq;mq;mq;mq;4.100000;-10;mq;mq;mq;mq;0.000000;0.000000;mq;mq;mq;710.000000;1104.000000;mq;mq;3;8;600;mq;mq;mq;mq;mq;mq;mq;mq;mq;
71805;20110924030000;101880;-50;6;280;2.600000;287.950000;287.950000;100;1000;45;mq;mq;100;mq;80;mq;mq;mq;101800;mq;mq;mq;mq;mq;mq;mq;mq;mq;mq;mq;5.100000;-10;mq;mq;mq;mq;0.000000;0.000000;mq;mq;mq;710.000000;1105.000000;mq;mq;mq;mq;mq;mq;mq;mq;mq;mq;mq;mq;mq;mq;
78897;20110924030000;101460;30;0;40;0.500000;299.650000;295.050000;76;25000;2;1;1;90;3;800;38;20;12;mq;mq;mq;mq;mq;mq;mq;mq;mq;mq;mq;mq;mq;mq;mq;mq;mq;mq;mq;mq;mq;mq;mq;mq;mq;mq;mq;1;8;780;3;0;7800;mq;mq;mq;mq;mq;mq;
78922;20110924030000;101360;30;0;60;7.200000;300.050000;296.950000;83;mq;mq;mq;mq;mq;mq;mq;mq;mq;mq;100920;mq;mq;mq;mq;mq;mq;mq;mq;mq;mq;mq;mq;mq;mq;mq;mq;mq;mq;mq;mq;mq;mq;mq;mq;mq;mq;mq;mq;mq;mq;mq;mq;mq;mq;mq;mq;mq;mq;
78925;20110924030000;101350;-10;8;50;4.600000;300.350000;297.050000;82;15000;2;1;1;25;2;800;32;20;10;mq;mq;mq;mq;mq;mq;mq;mq;mq;mq;mq;mq;mq;mq;mq;mq;mq;mq;mq;mq;mq;mq;mq;mq;mq;mq;mq;2;8;690;mq;mq;mq;mq;mq;mq;mq;mq;mq;
81401;20110924030000;101210;mq;mq;140;1.000000;298.550000;296.750000;90;mq;mq;mq;mq;mq;mq;mq;mq;mq;mq;101150;mq;mq;mq;mq;mq;mq;mq;mq;mq;mq;mq;mq;mq;mq;mq;mq;mq;mq;0.000000;mq;mq;mq;mq;mq;mq;mq;mq;mq;mq;mq;mq;mq;mq;mq;mq;mq;mq;mq;
81405;20110924030000;101270;mq;mq;0;0.000000;297.450000;296.750000;96;28000;0;mq;mq;mq;mq;450;mq;mq;mq;101180;mq;mq;mq;mq;mq;mq;mq;mq;mq;mq;mq;mq;mq;mq;mq;mq;mq;mq;0.000000;mq;mq;mq;mq;mq;mq;mq;mq;mq;mq;mq;mq;mq;mq;mq;mq;mq;mq;mq;
81408;20110924030000;101280;mq;mq;0;0.000000;296.250000;295.550000;96;mq;mq;mq;mq;mq;mq;mq;mq;mq;mq;101200;mq;mq;mq;mq;mq;mq;mq;mq;mq;mq;mq;mq;mq;mq;mq;mq;mq;mq;0.000000;mq;mq;mq;mq;mq;mq;mq;mq;mq;mq;mq;mq;mq;mq;mq;mq;mq;mq;mq;
89642;20110924030000;97390;-60;6;130;7.200000;259.650000;251.850000;48;40000;2;1;1;75;1;2250;30;23;12;96840;mq;mq;mq;mq;mq;mq;mq;mq;mq;mq;mq;mq;mq;mq;mq;mq;mq;mq;mq;mq;mq;mq;mq;mq;mq;mq;1;3;2100;6;0;4800;mq;mq;mq;mq;mq;mq;
07005;20110924060000;101530;-40;6;120;2.600000;281.950000;280.850000;93;9000;2;1;1;10;1;3500;30;23;11;100630;mq;mq;mq;281.450000;mq;288.550000;mq;280.150000;mq;mq;mq;3.600000;-10;1;0.000000;mq;mq;0.200000;0.200000;mq;0.200000;0.200000;710.000000;1104.000000;mq;mq;1;3;3000;mq;mq;mq;mq;mq;mq;mq;mq;mq;
07015;20110924060000;101560;-40;6;100;1.000000;281.750000;281.350000;97;400;41;mq;mq;50;0;8000;30;20;11;100990;mq;mq;mq;281.550000;mq;288.350000;mq;278.150000;mq;mq;mq;1.500000;-10;1;0.000000;0.000000;-60;0.000000;0.000000;mq;0.200000;0.200000;710.000000;1102.000000;3100.000000;mq;4;0;6900;mq;mq;mq;mq;mq;mq;mq;mq;mq;
07020;20110924060000;101380;0;4;170;4.600000;287.450000;283.450000;77;18000;2;1;1;60;2;1250;32;25;11;101120;mq;mq;mq;284.650000;mq;287.950000;mq;mq;mq;mq;mq;6.200000;-10;mq;mq;mq;mq;0.000000;0.000000;mq;0.000000;0.000000;710.000000;1106.000000;mq;mq;2;8;990;mq;mq;mq;mq;mq;mq;mq;mq;mq;
07027;20110924060000;101430;-20;6;100;2.100000;280.950000;280.550000;97;12000;2;1;1;10;0;8000;30;20;11;100610;mq;mq;mq;280.250000;mq;288.350000;mq;278.150000;mq;mq;mq;4.600000;-10;0;0.000000;0.000000;-60;0.200000;0.200000;mq;0.400000;0.400000;710.000000;1105.000000;3100.000000;mq;1;0;7500;mq;mq;mq;mq;mq;mq;mq;mq;mq;
07037;20110924060000;101510;-60;6;100;2.600000;281.250000;281.150000;99;10000;2;1;1;0;mq;mq;mq;mq;mq;99660;mq;mq;mq;280.950000;mq;286.750000;mq;275.150000;mq;mq;mq;3.100000;-10;0;0.000000;0.000000;-60;0.200000;0.200000;mq;0.200000;0.200000;710.000000;1103.000000;3100.000000;mq;mq;mq;mq;mq;mq;mq;mq;mq;mq;mq;mq;mq;
07110;20110924060000;101380;30;3;200;1.500000;283.550000;282.650000;94;20000;2;1;1;90;4;250;35;20;11;100230;mq;mq;mq;283.150000;mq;288.750000;mq;279.150000;mq;mq;mq;3.600000;-10;0;0.000000;mq;mq;0.000000;0.000000;mq;0.000000;0.000000;710.000000;1104.000000;mq;mq;3;7;270;3;6;1500;7;0;6000;mq;mq;mq;
07117;20110924060000;101340;10;3;260;1.500000;287.050000;282.450000;74;15000;2;1;1;90;7;800;35;22;10;100650;mq;mq;mq;285.050000;mq;288.950000;mq;mq;mq;mq;mq;3.600000;-10;mq;mq;mq;mq;0.000000;0.000000;mq;0.000000;mq;710.000000;1104.000000;2427.000000;mq;mq;mq;mq;mq;mq;mq;mq;mq;mq;mq;mq;mq;
07130;20110924060000;101420;30;3;300;0.500000;281.050000;280.950000;99;200;45;mq;mq;mq;mq;mq;mq;mq;mq;100890;mq;mq;mq;280.950000;mq;289.850000;mq;277.150000;mq;mq;mq;1.000000;-10;0;0.000000;mq;mq;0.000000;0.000000;mq;0.200000;0.200000;710.000000;1101.000000;mq;mq;mq;mq;mq;mq;mq;mq;mq;mq;mq;mq;mq;mq;
07139;20110924060000;101480;-30;6;20;1.000000;279.050000;278.050000;93;15000;2;1;1;10;1;3500;30;23;10;99720;mq;mq;mq;279.050000;mq;289.550000;mq;276.150000;mq;mq;mq;1.000000;-10;1;0.000000;0.000000;-60;0.000000;0.000000;mq;0.200000;0.200000;710.000000;1101.000000;3100.000000;mq;1;3;3000;mq;mq;mq;mq;mq;mq;mq;mq;mq;
07149;20110924060000;101490;-50;7;70;0.500000;282.650000;282.150000;97;17000;2;1;1;0;mq;mq;mq;mq;mq;100400;mq;mq;mq;280.550000;mq;289.750000;mq;277.150000;mq;mq;mq;1.500000;-10;0;0.000000;0.000000;-60;0.000000;0.200000;mq;0.200000;0.200000;710.000000;1102.000000;3100.000000;mq;mq;mq;mq;mq;mq;mq;mq;mq;mq;mq;mq;mq;
07168;20110924060000;101570;10;4;0;0.000000;278.150000;277.450000;95;700;41;4;0;0;mq;mq;mq;mq;mq;100120;mq;mq;mq;277.850000;mq;290.150000;mq;275.150000;mq;mq;mq;1.000000;-10;0;0.000000;0.000000;-60;0.000000;0.000000;mq;0.200000;0.200000;710.000000;1101.000000;3100.000000;mq;mq;mq;mq;mq;mq;mq;mq;mq;mq;mq;mq;mq;
07181;20110924060000;101670;10;3;0;0.000000;280.550000;280.150000;97;5000;10;mq;mq;mq;mq;1250;mq;mq;mq;97550;mq;mq;mq;280.150000;mq;287.050000;mq;276.150000;mq;mq;mq;0.500000;-10;mq;mq;mq;mq;0.000000;0.000000;mq;0.000000;0.000000;710.000000;1101.000000;mq;mq;mq;mq;mq;mq;mq;mq;mq;mq;mq;mq;mq;mq;
07190;20110924060000;101720;20;3;0;0.000000;280.650000;279.950000;95;12000;0;mq;mq;mq;mq;mq;mq;mq;mq;99880;mq;mq;mq;280.350000;mq;290.150000;mq;278.150000;mq;mq;mq;2.100000;-10;0;0.000000;mq;mq;0.000000;0.200000;mq;0.200000;0.200000;710.000000;1102.000000;mq;mq;mq;mq;mq;mq;mq;mq;mq;mq;mq;mq;mq;mq;
07207;20110924060000;mq;mq;mq;60;2.100000;286.250000;281.750000;74;20000;2;1;1;40;0;8000;30;20;12;mq;mq;mq;mq;285.050000;mq;289.850000;mq;mq;mq;mq;mq;3.100000;-10;mq;mq;mq;mq;0.000000;0.000000;mq;0.000000;mq;710.000000;1103.000000;2428.000000;mq;mq;mq;mq;mq;mq;mq;mq;mq;mq;mq;mq;mq;
07222;20110924060000;101350;30;3;0;0.000000;283.450000;282.650000;95;10000;11;0;0;10;1;3500;30;23;10;101030;mq;mq;mq;283.350000;mq;292.650000;mq;278.150000;mq;mq;mq;1.000000;-10;0;0.000000;mq;mq;0.000000;0.000000;mq;0.000000;0.200000;710.000000;1101.000000;mq;mq;1;3;3900;mq;mq;mq;mq;mq;mq;mq;mq;mq;
07240;20110924060000;101410;0;5;70;1.000000;283.150000;281.750000;91;25000;2;mq;mq;10;0;8000;30;20;11;100060;mq;mq;mq;282.950000;mq;290.450000;mq;280.150000;mq;mq;mq;2.100000;-10;0;0.000000;0.000000;-60;0.000000;0.000000;mq;0.000000;0.200000;710.000000;1102.000000;3100.000000;mq;1;0;8400;mq;mq;mq;mq;mq;mq;mq;mq;mq;
07255;20110924060000;101460;20;3;90;2.100000;282.950000;282.150000;95;18000;2;1;1;50;1;3500;30;23;14;99460;mq;mq;mq;282.850000;mq;291.350000;mq;281.150000;mq;mq;mq;3.600000;-10;0;0.000000;0.000000;-60;0.000000;0.000000;mq;0.000000;0.200000;710.000000;1104.000000;3100.000000;mq;1;3;3300;4;0;7800;mq;mq;mq;mq;mq;mq;
07280;20110924060000;101610;20;2;330;1.000000;281.350000;280.450000;94;25000;0;mq;mq;mq;mq;150;mq;mq;mq;98870;mq;mq;mq;280.850000;mq;290.350000;mq;277.150000;mq;mq;mq;1.500000;-10;0;0.000000;mq;mq;0.000000;0.000000;mq;0.000000;0.000000;710.000000;1102.000000;mq;mq;mq;mq;mq;mq;mq;mq;mq;mq;mq;mq;mq;mq;
07299;20110924060000;101730;30;3;270;0.500000;281.150000;280.850000;98;200;46;4;0;0;mq;mq;mq;mq;mq;98440;mq;mq;mq;279.750000;mq;287.450000;mq;278.150000;mq;mq;mq;3.100000;-10;1;0.000000;0.000000;-60;0.000000;0.000000;mq;0.000000;0.000000;710.000000;1103.000000;3100.000000;mq;mq;mq;mq;mq;mq;mq;mq;mq;mq;mq;mq;mq;
07314;20110924060000;101410;80;3;170;2.100000;289.550000;287.750000;89;15000;2;1;1;90;7;3500;30;25;10;101140;mq;mq;mq;289.150000;mq;292.450000;mq;mq;mq;mq;mq;2.600000;-10;mq;mq;mq;mq;0.000000;0.000000;mq;0.000000;0.000000;710.000000;1103.000000;2427.000000;mq;7;3;2400;mq;mq;mq;mq;mq;mq;mq;mq;mq;
07335;20110924060000;101420;40;3;330;0.500000;281.850000;281.050000;95;15000;11;0;0;50;3;3500;30;23;11;99960;mq;mq;mq;281.650000;mq;292.050000;mq;280.150000;mq;mq;mq;1.500000;-10;0;0.000000;mq;mq;0.000000;0.000000;mq;0.000000;0.000000;710.000000;1102.000000;mq;mq;3;3;2700;mq;mq;mq;mq;mq;mq;mq;mq;mq;
07434;20110924060000;101420;30;3;60;1.500000;286.650000;283.250000;80;60000;0;mq;mq;mq;mq;mq;mq;mq;mq;96710;mq;mq;mq;286.450000;mq;292.850000;mq;285.150000;mq;mq;mq;2.600000;-10;0;0.000000;mq;mq;0.000000;0.000000;mq;0.000000;0.000000;710.000000;1103.000000;mq;mq;mq;mq;mq;mq;mq;mq;mq;mq;mq;mq;mq;mq;
07460;20110924060000;101490;20;3;180;2.600000;284.550000;281.550000;82;30000;3;mq;mq;60;1;3500;30;28;11;97630;mq;mq;mq;284.050000;mq;290.750000;mq;282.150000;mq;mq;mq;5.700000;-10;0;0.000000;0.000000;-60;0.000000;0.000000;mq;0.000000;0.000000;710.000000;1106.000000;3100.000000;mq;1;3;3000;5;0;7500;mq;mq;mq;mq;mq;mq;
07471;20110924060000;mq;0;5;270;0.500000;279.850000;279.550000;98;40000;2;1;1;40;2;3500;30;23;11;92050;85000;17580;mq;279.050000;mq;289.450000;mq;276.150000;mq;mq;mq;1.500000;-10;1;0.000000;0.000000;-60;0.000000;0.000000;mq;0.000000;0.000000;710.000000;1102.000000;3100.000000;mq;2;3;3000;mq;mq;mq;mq;mq;mq;mq;mq;mq;
07481;20110924060000;101540;-20;6;0;0.000000;284.850000;283.750000;93;5000;2;1;1;25;0;mq;30;20;11;98680;mq;mq;mq;284.350000;mq;291.550000;mq;281.150000;mq;mq;mq;1.500000;-10;0;0.000000;0.000000;-60;0.000000;0.000000;mq;0.000000;0.000000;710.000000;1102.000000;3100.000000;mq;2;0;7500;mq;mq;mq;mq;mq;mq;mq;mq;mq;
07510;20110924060000;101430;100;3;220;0.500000;289.150000;287.150000;88;45000;0;mq;mq;mq;mq;1250;mq;mq;mq;100790;mq;mq;mq;289.050000;mq;295.750000;mq;287.150000;mq;mq;mq;2.600000;-10;0;0.000000;mq;mq;0.000000;0.000000;mq;0.000000;0.000000;710.000000;1103.000000;mq;mq;mq;mq;mq;mq;mq;mq;mq;mq;mq;mq;mq;mq;
07535;20110924060000;101440;70;3;120;2.100000;287.550000;283.750000;78;20000;2;1;1;90;3;3500;30;23;12;98370;mq;mq;mq;285.750000;mq;295.450000;mq;284.150000;mq;mq;mq;3.100000;-10;0;0.000000;0.000000;-60;0.000000;0.000000;mq;0.000000;0.000000;710.000000;1103.000000;3100.000000;mq;3;3;3900;7;0;7500;mq;mq;mq;mq;mq;mq;
07558;20110924060000;101480;50;3;310;2.600000;287.750000;281.250000;65;60000;14;1;1;90;4;3500;30;27;11;93310;mq;mq;mq;286.550000;mq;293.650000;mq;285.150000;mq;mq;mq;4.600000;-10;0;0.000000;0.000000;-60;0.000000;0.000000;mq;0.000000;0.000000;710.000000;1105.000000;3100.000000;mq;4;3;3000;4;0;7500;mq;mq;mq;mq;mq;mq;
07577;20110924060000;101580;30;3;0;0.000000;284.250000;283.650000;96;40000;2;1;1;25;0;8000;30;20;11;100690;mq;mq;mq;283.850000;mq;293.850000;mq;281.150000;mq;mq;mq;1.000000;-10;0;0.000000;0.000000;-60;0.000000;0.000000;mq;0.000000;0.000000;710.000000;1101.000000;3100.000000;mq;2;0;7800;mq;mq;mq;mq;mq;mq;mq;mq;mq;
07591;20110924060000;mq;-10;5;20;4.600000;285.050000;281.550000;79;mq;0;mq;mq;mq;mq;mq;mq;mq;mq;91770;mq;mq;mq;283.350000;mq;291.250000;mq;279.150000;mq;mq;mq;6.700000;-10;mq;mq;mq;mq;0.000000;0.000000;mq;0.000000;0.000000;710.000000;1107.000000;mq;mq;mq;mq;mq;mq;mq;mq;mq;mq;mq;mq;mq;mq;
07621;20110924060000;101490;110;3;250;2.600000;289.450000;288.450000;94;9000;60;mq;mq;100;5;450;32;28;60;97270;mq;mq;mq;289.450000;mq;294.350000;mq;289.150000;mq;mq;mq;5.100000;-10;2;0.000000;0.000000;-60;0.400000;0.800000;mq;5.000000;5.400000;710.000000;1105.000000;3100.000000;mq;5;7;300;3;8;1800;7;3;2400;mq;mq;mq;
07627;20110924060000;101470;90;3;160;0.500000;288.350000;286.350000;88;20000;2;1;1;90;4;1750;35;27;60;96700;mq;mq;mq;288.150000;mq;291.550000;mq;287.150000;mq;mq;mq;2.100000;-10;0;0.000000;0.000000;-60;0.000000;0.000000;mq;0.000000;0.200000;710.000000;1102.000000;3100.000000;mq;4;6;1800;3;3;3000;6;4;3900;mq;mq;mq;
07630;20110924060000;101410;70;3;150;3.600000;291.250000;287.350000;78;10000;25;8;6;90;1;1250;38;28;60;99660;mq;mq;mq;291.250000;mq;299.050000;mq;289.150000;mq;mq;mq;5.700000;-10;1;0.000000;0.000000;-60;0.600000;0.600000;mq;0.600000;0.600000;710.000000;1106.000000;3100.000000;mq;1;6;1350;7;3;3900;mq;mq;mq;mq;mq;mq;
07643;20110924060000;101500;30;3;10;2.600000;286.650000;284.650000;88;25000;2;mq;mq;90;0;8000;30;20;11;101400;mq;mq;mq;286.550000;mq;293.650000;mq;286.150000;mq;mq;mq;3.600000;-10;0;0.000000;mq;mq;0.000000;0.000000;mq;0.000000;0.000000;710.000000;1104.000000;mq;mq;7;0;7800;mq;mq;mq;mq;mq;mq;mq;mq;mq;
07650;20110924060000;101470;20;3;100;1.000000;288.250000;283.450000;73;30000;2;1;1;60;2;3500;30;23;12;101090;mq;mq;mq;286.050000;mq;294.450000;mq;284.150000;mq;mq;mq;3.600000;-10;0;0.000000;0.000000;-60;0.000000;0.000000;mq;0.000000;0.000000;710.000000;1104.000000;3100.000000;mq;2;3;3300;5;0;7200;mq;mq;mq;mq;mq;mq;
07661;20110924060000;101490;20;3;120;4.100000;289.650000;284.950000;74;mq;mq;mq;mq;mq;mq;mq;mq;mq;mq;99910;mq;mq;mq;289.550000;mq;293.350000;mq;mq;mq;mq;mq;5.700000;-10;mq;mq;mq;mq;0.000000;0.000000;mq;0.000000;0.000000;710.000000;1106.000000;mq;mq;mq;mq;mq;mq;mq;mq;mq;mq;mq;mq;mq;mq;
07690;20110924060000;101520;20;3;340;4.100000;292.650000;283.950000;57;50000;0;mq;mq;mq;mq;mq;mq;mq;mq;101190;mq;mq;mq;292.350000;mq;295.750000;mq;292.150000;mq;mq;mq;6.200000;-10;mq;mq;mq;mq;0.000000;0.000000;mq;0.000000;0.000000;710.000000;1106.000000;mq;mq;mq;mq;mq;mq;mq;mq;mq;mq;mq;mq;mq;mq;
07747;20110924060000;101390;100;3;330;2.100000;292.150000;290.850000;92;9000;50;6;5;100;8;250;37;61;60;100870;mq;mq;mq;291.850000;mq;294.750000;mq;290.150000;mq;mq;mq;6.700000;-10;0;0.000000;0.000000;-60;0.000000;0.000000;mq;0.000000;0.000000;710.000000;1107.000000;3100.000000;mq;2;7;180;8;7;300;mq;mq;mq;mq;mq;mq;
07761;20110924060000;101530;50;3;50;3.100000;289.350000;286.650000;84;25000;2;1;1;60;1;800;35;23;14;101420;mq;mq;mq;288.350000;mq;295.350000;mq;288.150000;mq;mq;mq;4.100000;-10;0;0.000000;0.000000;-60;0.000000;0.000000;mq;0.000000;0.000000;710.000000;1104.000000;3100.000000;mq;1;6;750;5;0;6900;mq;mq;mq;mq;mq;mq;
07790;20110924060000;101510;50;3;220;2.600000;289.950000;287.050000;83;20000;2;1;1;10;1;800;35;20;10;101370;mq;mq;mq;288.750000;mq;292.950000;mq;286.150000;mq;mq;mq;3.100000;-10;0;0.000000;0.000000;-60;0.000000;0.000000;mq;0.000000;0.000000;710.000000;1103.000000;3100.000000;mq;1;6;900;mq;mq;mq;mq;mq;mq;mq;mq;mq;
61968;20110924060000;101720;mq;mq;100;5.700000;301.050000;292.550000;60;mq;mq;mq;mq;mq;mq;mq;mq;mq;mq;mq;mq;mq;mq;297.550000;mq;mq;mq;mq;mq;mq;mq;10.800000;-10;mq;mq;mq;mq;0.000000;mq;mq;mq;0.000000;710.000000;1111.000000;mq;mq;mq;mq;mq;mq;mq;mq;mq;mq;mq;mq;mq;mq;
61970;20110924060000;101870;mq;mq;mq;mq;300.250000;295.650000;76;mq;mq;mq;mq;mq;mq;mq;mq;mq;mq;mq;mq;mq;mq;297.150000;mq;mq;mq;mq;mq;mq;mq;mq;mq;mq;mq;mq;mq;0.000000;mq;mq;mq;0.000000;mq;mq;mq;mq;mq;mq;mq;mq;mq;mq;mq;mq;mq;mq;mq;mq;
61972;20110924060000;102190;mq;mq;180;8.700000;297.450000;292.050000;72;mq;mq;mq;mq;mq;mq;mq;mq;mq;mq;mq;mq;mq;mq;294.750000;mq;mq;mq;mq;mq;mq;mq;13.900000;-10;mq;mq;mq;mq;0.000000;mq;mq;mq;0.000000;710.000000;1114.000000;mq;mq;mq;mq;mq;mq;mq;mq;mq;mq;mq;mq;mq;mq;
61976;20110924060000;101900;mq;mq;130;7.200000;299.650000;292.050000;63;mq;mq;mq;mq;mq;mq;mq;mq;mq;mq;101750;mq;mq;10;mq;mq;mq;mq;mq;mq;mq;mq;mq;mq;mq;mq;mq;mq;mq;mq;mq;mq;mq;mq;mq;mq;mq;mq;mq;mq;mq;mq;mq;mq;mq;mq;mq;mq;mq;
61980;20110924060000;102060;mq;mq;60;5.100000;298.350000;291.750000;67;12000;2;1;1;25;2;800;31;20;10;mq;mq;mq;mq;292.050000;mq;mq;mq;291.150000;mq;mq;mq;6.700000;-10;mq;mq;mq;mq;0.000000;mq;mq;mq;0.000000;710.000000;1107.000000;2437.000000;mq;2;8;750;mq;mq;mq;mq;mq;mq;mq;mq;mq;
61996;20110924060000;102430;mq;mq;350;1.000000;285.450000;230.450000;mq;mq;mq;mq;mq;mq;mq;mq;mq;mq;mq;mq;mq;mq;mq;280.150000;mq;mq;mq;279.150000;mq;mq;mq;3.100000;-10;mq;mq;mq;mq;0.000000;mq;mq;mq;2.000000;710.000000;1103.000000;mq;mq;mq;mq;mq;mq;mq;mq;mq;mq;mq;mq;mq;mq;
67005;20110924060000;101770;mq;mq;60;3.100000;300.550000;295.050000;72;20000;2;1;1;50;4;800;38;20;10;mq;mq;mq;mq;298.050000;mq;mq;mq;297.150000;mq;mq;mq;5.100000;-10;mq;mq;mq;mq;0.000000;mq;mq;mq;0.000000;710.000000;1105.000000;mq;mq;4;8;660;mq;mq;mq;mq;mq;mq;mq;mq;mq;
71805;20110924060000;101790;-90;7;90;5.100000;285.150000;285.150000;100;400;45;mq;mq;101;mq;mq;62;61;60;101710;mq;mq;mq;mq;285.150000;mq;287.950000;285.150000;mq;mq;mq;8.200000;-10;mq;mq;mq;mq;0.000000;0.000000;mq;0.200000;0.200000;710.000000;1108.000000;mq;mq;mq;mq;mq;mq;mq;mq;mq;mq;mq;mq;mq;mq;
78897;20110924060000;101230;-230;7;40;2.100000;299.650000;295.750000;79;20000;0;mq;mq;mq;mq;1250;mq;mq;mq;mq;mq;mq;mq;mq;296.450000;mq;304.250000;mq;mq;mq;mq;mq;mq;mq;mq;mq;mq;mq;mq;0.000000;mq;4.900000;mq;mq;mq;mq;mq;mq;mq;mq;mq;mq;mq;mq;mq;mq;mq;mq;
78922;20110924060000;101140;-220;7;80;8.200000;298.850000;295.150000;80;mq;mq;mq;mq;mq;mq;mq;mq;mq;mq;100700;mq;mq;mq;mq;mq;mq;mq;mq;mq;mq;mq;mq;mq;mq;mq;mq;mq;mq;mq;mq;mq;mq;mq;mq;mq;mq;mq;mq;mq;mq;mq;mq;mq;mq;mq;mq;mq;mq;
78925;20110924060000;101130;-220;8;50;3.100000;299.650000;297.350000;87;40000;0;mq;mq;mq;mq;800;mq;mq;mq;mq;mq;mq;mq;mq;299.650000;mq;304.350000;mq;mq;mq;mq;mq;mq;mq;mq;mq;mq;mq;mq;0.200000;mq;0.200000;mq;mq;mq;mq;mq;mq;mq;mq;mq;mq;mq;mq;mq;mq;mq;mq;
81401;20110924060000;101040;mq;mq;0;0.000000;297.150000;295.950000;93;mq;mq;mq;mq;mq;mq;mq;mq;mq;mq;100980;mq;mq;mq;mq;mq;mq;mq;mq;mq;mq;mq;mq;mq;mq;mq;mq;mq;mq;0.000000;0.000000;mq;mq;mq;mq;mq;mq;mq;mq;mq;mq;mq;mq;mq;mq;mq;mq;mq;mq;
81405;20110924060000;101130;mq;mq;140;0.500000;296.950000;296.250000;96;30000;0;mq;mq;mq;mq;800;mq;mq;mq;101040;mq;mq;mq;mq;mq;mq;mq;295.150000;mq;mq;mq;mq;mq;mq;mq;mq;mq;mq;0.000000;0.000000;mq;mq;mq;mq;mq;mq;mq;mq;mq;mq;mq;mq;mq;mq;mq;mq;mq;mq;
81408;20110924060000;101110;mq;mq;0;0.000000;295.350000;294.650000;96;mq;mq;mq;mq;mq;mq;mq;mq;mq;mq;101030;mq;mq;mq;mq;mq;mq;mq;mq;mq;mq;mq;mq;mq;mq;mq;mq;mq;mq;0.000000;0.000000;mq;mq;mq;mq;mq;mq;mq;mq;mq;mq;mq;mq;mq;mq;mq;mq;mq;mq;
89642;20110924060000;97410;20;3;100;5.700000;260.250000;252.650000;49;40000;2;1;1;40;1;2250;30;23;12;96860;mq;mq;mq;mq;mq;mq;mq;mq;mq;mq;mq;mq;mq;mq;mq;mq;mq;mq;mq;mq;mq;mq;mq;mq;mq;mq;1;3;2100;3;0;4800;mq;mq;mq;mq;mq;mq;
07005;20110924090000;101540;30;2;140;1.500000;288.250000;284.650000;79;15000;2;1;1;10;0;8000;30;20;11;100660;mq;mq;mq;mq;mq;mq;mq;mq;mq;mq;mq;3.100000;-10;mq;mq;0.000000;-30;0.000000;0.000000;mq;mq;mq;710.000000;1103.000000;3100.000000;mq;1;0;7500;mq;mq;mq;mq;mq;mq;mq;mq;mq;
07015;20110924090000;101570;20;2;130;1.000000;288.550000;283.750000;73;18000;1;4;0;10;0;8000;30;20;11;101010;mq;mq;mq;mq;mq;mq;mq;mq;mq;mq;mq;2.100000;-10;mq;mq;0.000000;-30;0.000000;0.200000;mq;mq;mq;710.000000;1102.000000;3100.000000;mq;1;0;6900;mq;mq;mq;mq;mq;mq;mq;mq;mq;
07020;20110924090000;101470;90;3;200;5.100000;289.550000;286.850000;84;15000;2;1;1;100;8;1250;35;61;60;101210;mq;mq;mq;mq;mq;mq;mq;mq;mq;mq;mq;6.700000;-10;mq;mq;mq;mq;0.000000;0.000000;mq;mq;mq;710.000000;1107.000000;mq;mq;8;6;1200;mq;mq;mq;mq;mq;mq;mq;mq;mq;
07027;20110924090000;101480;80;3;130;2.100000;289.650000;285.950000;79;25000;2;1;1;25;0;8000;30;20;11;100690;mq;mq;mq;mq;mq;mq;mq;mq;mq;mq;mq;3.100000;-10;mq;mq;0.000000;-30;0.000000;0.000000;mq;mq;mq;710.000000;1103.000000;3100.000000;mq;2;0;8400;mq;mq;mq;mq;mq;mq;mq;mq;mq;
07037;20110924090000;101510;60;1;150;2.100000;289.850000;285.350000;75;15000;2;1;1;10;0;8000;30;20;11;99720;mq;mq;mq;mq;mq;mq;mq;mq;mq;mq;mq;3.100000;-10;mq;mq;0.000000;-30;0.000000;0.000000;mq;mq;mq;710.000000;1103.000000;3100.000000;mq;1;0;7500;mq;mq;mq;mq;mq;mq;mq;mq;mq;
07110;20110924090000;101430;80;3;170;3.600000;289.450000;286.150000;81;17000;2;1;1;75;6;1250;35;20;10;100310;mq;mq;mq;mq;mq;mq;mq;mq;mq;mq;mq;5.700000;-10;mq;mq;mq;mq;0.000000;0.000000;mq;mq;mq;710.000000;1106.000000;mq;mq;3;6;1080;5;6;1500;mq;mq;mq;mq;mq;mq;
07117;20110924090000;101450;110;3;250;4.100000;289.650000;285.450000;76;14000;2;1;1;75;1;800;35;27;10;100760;mq;mq;mq;mq;mq;mq;mq;mq;mq;mq;mq;6.200000;-10;mq;mq;mq;mq;0.000000;0.000000;mq;mq;mq;710.000000;1106.000000;2427.000000;mq;mq;mq;mq;mq;mq;mq;mq;mq;mq;mq;mq;mq;
07130;20110924090000;101500;100;1;150;1.000000;288.150000;285.050000;82;13000;0;mq;mq;mq;mq;1250;mq;mq;mq;100990;mq;mq;mq;mq;mq;mq;mq;mq;mq;mq;mq;2.600000;-10;mq;mq;mq;mq;0.000000;0.000000;mq;mq;mq;710.000000;1103.000000;mq;mq;mq;mq;mq;mq;mq;mq;mq;mq;mq;mq;mq;mq;
07139;20110924090000;101510;90;2;0;0.000000;289.350000;284.050000;71;20000;2;1;1;25;2;3500;30;23;10;99810;mq;mq;mq;mq;mq;mq;mq;mq;mq;mq;mq;1.500000;-10;mq;mq;0.000000;-30;0.000000;0.000000;mq;mq;mq;710.000000;1102.000000;3100.000000;mq;2;3;2700;mq;mq;mq;mq;mq;mq;mq;mq;mq;
07149;20110924090000;101530;60;1;90;0.500000;289.350000;284.050000;71;18000;2;1;1;25;0;8000;30;20;11;100460;mq;mq;mq;mq;mq;mq;mq;mq;mq;mq;mq;2.100000;-10;mq;mq;0.000000;-30;0.000000;0.000000;mq;mq;mq;710.000000;1102.000000;3100.000000;mq;2;0;7500;mq;mq;mq;mq;mq;mq;mq;mq;mq;
07168;20110924090000;101540;20;0;100;1.500000;288.850000;283.850000;72;15000;2;4;0;10;0;8000;30;20;11;100140;mq;mq;mq;mq;mq;mq;mq;mq;mq;mq;mq;3.600000;-10;mq;mq;0.000000;-30;0.000000;0.000000;mq;mq;mq;710.000000;1104.000000;3100.000000;mq;1;0;7500;mq;mq;mq;mq;mq;mq;mq;mq;mq;
07181;20110924090000;101570;30;1;160;1.000000;289.650000;284.550000;72;19000;0;mq;mq;mq;mq;mq;mq;mq;mq;97580;mq;mq;mq;mq;mq;mq;mq;mq;mq;mq;mq;2.100000;-10;mq;mq;mq;mq;0.000000;0.000000;mq;mq;mq;710.000000;1102.000000;mq;mq;mq;mq;mq;mq;mq;mq;mq;mq;mq;mq;mq;mq;
07190;20110924090000;101680;10;0;180;1.000000;288.650000;283.650000;72;18000;0;mq;mq;mq;mq;mq;mq;mq;mq;99890;mq;mq;mq;mq;mq;mq;mq;mq;mq;mq;mq;2.100000;-10;mq;mq;mq;mq;0.000000;0.000000;mq;mq;mq;710.000000;1102.000000;mq;mq;mq;mq;mq;mq;mq;mq;mq;mq;mq;mq;mq;mq;
07207;20110924090000;mq;mq;mq;160;1.500000;291.950000;285.950000;68;30000;2;1;1;50;2;800;31;20;12;mq;mq;mq;mq;mq;mq;mq;mq;mq;mq;mq;mq;2.100000;-10;mq;mq;mq;mq;0.000000;0.000000;mq;mq;mq;710.000000;1102.000000;2418.000000;mq;mq;mq;mq;mq;mq;mq;mq;mq;mq;mq;mq;mq;
07222;20110924090000;101470;130;1;350;1.000000;288.350000;285.650000;84;15000;2;1;1;75;6;1750;35;20;10;101160;mq;mq;mq;mq;mq;mq;mq;mq;mq;mq;mq;2.600000;-10;mq;mq;mq;mq;0.000000;0.000000;mq;mq;mq;710.000000;1103.000000;mq;mq;6;6;1500;mq;mq;mq;mq;mq;mq;mq;mq;mq;
07240;20110924090000;101480;100;3;80;0.500000;289.350000;284.750000;74;45000;0;mq;mq;mq;mq;mq;mq;mq;mq;100160;mq;mq;mq;mq;mq;mq;mq;mq;mq;mq;mq;3.100000;-10;mq;mq;mq;mq;0.000000;0.000000;mq;mq;mq;710.000000;1103.000000;mq;mq;mq;mq;mq;mq;mq;mq;mq;mq;mq;mq;mq;mq;
07255;20110924090000;101480;70;1;100;1.000000;289.350000;285.150000;76;20000;2;1;1;60;0;8000;30;20;11;99530;mq;mq;mq;mq;mq;mq;mq;mq;mq;mq;mq;2.600000;-10;mq;mq;0.000000;-30;0.000000;0.000000;mq;mq;mq;710.000000;1103.000000;3100.000000;mq;5;0;7800;mq;mq;mq;mq;mq;mq;mq;mq;mq;
07280;20110924090000;101620;60;1;80;1.500000;286.550000;284.250000;86;18000;0;mq;mq;mq;mq;mq;mq;mq;mq;98930;mq;mq;mq;mq;mq;mq;mq;mq;mq;mq;mq;3.100000;-10;mq;mq;mq;mq;0.000000;0.000000;mq;mq;mq;710.000000;1103.000000;mq;mq;mq;mq;mq;mq;mq;mq;mq;mq;mq;mq;mq;mq;
07299;20110924090000;101600;-20;8;150;1.000000;290.250000;285.350000;73;15000;1;4;0;10;0;8000;30;20;11;98420;mq;mq;mq;mq;mq;mq;mq;mq;mq;mq;mq;3.100000;-10;mq;mq;0.000000;-30;0.000000;0.000000;mq;mq;mq;710.000000;1103.000000;3100.000000;mq;1;0;6900;mq;mq;mq;mq;mq;mq;mq;mq;mq;
07314;20110924090000;101530;120;3;320;4.100000;291.350000;288.750000;85;12000;2;1;1;100;8;3500;30;25;10;101260;mq;mq;mq;mq;mq;mq;mq;mq;mq;mq;mq;5.700000;-10;mq;mq;mq;mq;0.000000;0.000000;mq;mq;mq;710.000000;1106.000000;2437.000000;mq;8;3;2400;mq;mq;mq;mq;mq;mq;mq;mq;mq;
07335;20110924090000;101490;110;1;190;1.000000;289.450000;285.750000;79;20000;2;1;1;75;2;1750;35;28;11;100070;mq;mq;mq;mq;mq;mq;mq;mq;mq;mq;mq;2.100000;-10;mq;mq;mq;mq;0.000000;0.000000;mq;mq;mq;710.000000;1102.000000;mq;mq;2;6;1500;3;3;3600;mq;mq;mq;mq;mq;mq;
07434;20110924090000;101470;130;1;170;0.500000;291.950000;284.950000;64;60000;2;1;1;40;3;3500;30;28;12;96840;mq;mq;mq;mq;mq;mq;mq;mq;mq;mq;mq;2.100000;-10;mq;mq;0.000000;-30;0.000000;0.000000;mq;mq;mq;710.000000;1102.000000;3100.000000;mq;2;3;3000;mq;mq;mq;mq;mq;mq;mq;mq;mq;
07460;20110924090000;101460;60;2;170;1.000000;291.250000;284.350000;64;30000;2;1;1;90;2;3500;30;28;12;97690;mq;mq;mq;mq;mq;mq;mq;mq;mq;mq;mq;5.100000;-10;mq;mq;0.000000;-30;0.000000;0.000000;mq;mq;mq;710.000000;1105.000000;3100.000000;mq;2;3;3000;7;0;7500;mq;mq;mq;mq;mq;mq;
07471;20110924090000;mq;70;1;10;1.000000;291.450000;283.250000;59;35000;2;1;1;75;2;3500;30;23;11;92120;85000;17630;mq;mq;mq;mq;mq;mq;mq;mq;mq;1.500000;-10;mq;mq;0.000000;-30;0.000000;0.000000;mq;mq;mq;710.000000;1102.000000;3100.000000;mq;2;3;3000;5;0;7800;mq;mq;mq;mq;mq;mq;
07481;20110924090000;101540;70;1;170;1.500000;291.750000;287.250000;75;15000;2;1;1;50;0;mq;30;20;11;98750;mq;mq;mq;mq;mq;mq;mq;mq;mq;mq;mq;3.600000;-10;mq;mq;0.000000;-30;0.000000;0.000000;mq;mq;mq;710.000000;1104.000000;3100.000000;mq;4;0;7500;mq;mq;mq;mq;mq;mq;mq;mq;mq;
07510;20110924090000;101500;70;0;280;3.100000;290.450000;289.950000;97;12000;21;6;2;100;5;800;35;27;60;100860;mq;mq;mq;mq;mq;mq;mq;mq;mq;mq;mq;4.600000;-10;mq;mq;0.000000;-30;0.600000;2.000000;mq;mq;mq;710.000000;1105.000000;3100.000000;mq;2;6;780;7;3;3000;mq;mq;mq;mq;mq;mq;
07535;20110924090000;101550;140;3;190;1.500000;290.550000;287.050000;80;20000;2;8;6;100;1;1750;35;23;12;98510;mq;mq;mq;mq;mq;mq;mq;mq;mq;mq;mq;2.600000;-10;mq;mq;0.000000;-30;0.000000;0.200000;mq;mq;mq;710.000000;1103.000000;3100.000000;mq;1;6;1500;6;3;3000;7;0;7500;mq;mq;mq;
07558;20110924090000;101470;110;2;120;2.600000;292.450000;278.150000;39;50000;2;1;1;90;2;3500;30;27;11;93420;mq;mq;mq;mq;mq;mq;mq;mq;mq;mq;mq;5.700000;-10;mq;mq;0.000000;-30;0.000000;0.000000;mq;mq;mq;710.000000;1106.000000;3100.000000;mq;2;3;2400;6;0;7500;mq;mq;mq;mq;mq;mq;
07577;20110924090000;101630;70;1;30;0.500000;291.250000;286.150000;72;25000;2;1;1;75;0;8000;30;20;11;100760;mq;mq;mq;mq;mq;mq;mq;mq;mq;mq;mq;2.600000;-10;mq;mq;0.000000;-30;0.000000;0.000000;mq;mq;mq;710.000000;1103.000000;3100.000000;mq;6;0;7800;mq;mq;mq;mq;mq;mq;mq;mq;mq;
07591;20110924090000;mq;30;0;70;2.100000;290.950000;283.050000;60;mq;0;mq;mq;mq;mq;mq;mq;mq;mq;91800;mq;mq;mq;mq;mq;mq;mq;mq;mq;mq;mq;5.700000;-10;mq;mq;mq;mq;0.000000;0.000000;mq;mq;mq;710.000000;1106.000000;mq;mq;mq;mq;mq;mq;mq;mq;mq;mq;mq;mq;mq;mq;
07607;20110924090000;101570;mq;mq;120;1.500000;291.350000;290.550000;95;10000;21;8;6;100;8;250;39;28;60;100880;mq;mq;mq;mq;mq;mq;mq;mq;mq;mq;mq;2.100000;-10;mq;mq;mq;mq;0.000000;mq;mq;mq;mq;710.000000;1102.000000;mq;mq;3;8;240;7;3;2700;mq;mq;mq;mq;mq;mq;
07621;20110924090000;101590;110;2;320;0.500000;290.550000;288.850000;90;12000;21;6;2;100;5;250;32;28;60;97380;mq;mq;mq;mq;mq;mq;mq;mq;mq;mq;mq;2.600000;-10;mq;mq;0.000000;-30;0.000000;2.000000;mq;mq;mq;710.000000;1103.000000;3100.000000;mq;5;7;270;3;8;1200;7;3;2400;mq;mq;mq;
07627;20110924090000;101560;130;3;320;3.100000;290.950000;287.250000;79;20000;2;1;1;100;8;800;38;61;60;96830;mq;mq;mq;mq;mq;mq;mq;mq;mq;mq;mq;4.600000;-10;mq;mq;0.000000;-30;0.000000;0.000000;mq;mq;mq;710.000000;1105.000000;3100.000000;mq;4;8;600;8;6;990;mq;mq;mq;mq;mq;mq;
07630;20110924090000;101560;150;2;280;3.600000;292.850000;288.250000;75;30000;2;1;1;90;2;800;38;23;11;99810;mq;mq;mq;mq;mq;mq;mq;mq;mq;mq;mq;5.100000;-10;mq;mq;0.000000;-30;0.000000;0.000000;mq;mq;mq;710.000000;1105.000000;3100.000000;mq;1;8;780;5;3;3900;7;0;7800;mq;mq;mq;
07643;20110924090000;101600;110;1;40;3.100000;292.750000;285.550000;63;25000;2;1;1;100;7;450;35;61;60;101510;mq;mq;mq;mq;mq;mq;mq;mq;mq;mq;mq;4.600000;-10;mq;mq;mq;mq;0.000000;0.000000;mq;mq;mq;710.000000;1105.000000;mq;mq;7;6;450;mq;mq;mq;mq;mq;mq;mq;mq;mq;
07650;20110924090000;101610;150;1;300;2.100000;296.050000;285.650000;52;30000;2;1;1;75;3;3500;30;23;12;101240;mq;mq;mq;mq;mq;mq;mq;mq;mq;mq;mq;3.600000;-10;mq;mq;0.000000;-30;0.000000;0.000000;mq;mq;mq;710.000000;1104.000000;3100.000000;mq;3;3;3300;5;0;6300;mq;mq;mq;mq;mq;mq;
07661;20110924090000;101630;170;3;260;1.500000;294.450000;290.050000;76;25000;2;1;1;90;2;450;32;20;18;100080;mq;mq;mq;mq;mq;mq;mq;mq;mq;mq;mq;3.600000;-10;mq;mq;mq;mq;0.000000;0.000000;mq;mq;mq;710.000000;1104.000000;mq;mq;2;8;480;5;2;4800;mq;mq;mq;mq;mq;mq;
07690;20110924090000;101630;120;1;70;1.500000;297.950000;284.850000;44;40000;2;1;1;90;1;2600;32;20;12;101310;mq;mq;mq;mq;mq;mq;mq;mq;mq;mq;mq;4.100000;-10;mq;mq;0.000000;-30;0.000000;0.000000;mq;mq;mq;710.000000;1104.000000;3100.000000;mq;1;8;2400;7;0;7800;mq;mq;mq;mq;mq;mq;
07747;20110924090000;101500;120;2;50;2.600000;293.550000;289.950000;80;15000;3;5;2;100;8;250;35;61;60;100990;mq;mq;mq;mq;mq;mq;mq;mq;mq;mq;mq;4.100000;-10;mq;mq;0.000000;-30;0.000000;0.000000;mq;mq;mq;710.000000;1104.000000;3100.000000;mq;4;7;240;7;6;480;mq;mq;mq;mq;mq;mq;
07761;20110924090000;101570;50;2;220;2.600000;296.350000;288.650000;62;25000;2;1;1;75;1;1250;32;20;12;101470;mq;mq;mq;mq;mq;mq;mq;mq;mq;mq;mq;3.100000;-10;mq;mq;0.000000;-30;0.000000;0.000000;mq;mq;mq;710.000000;1103.000000;3100.000000;mq;1;8;990;6;0;6300;mq;mq;mq;mq;mq;mq;
07790;20110924090000;101610;100;1;110;2.100000;297.450000;291.350000;69;20000;2;1;1;40;1;800;38;20;11;101470;mq;mq;mq;mq;mq;mq;mq;mq;mq;mq;mq;3.600000;-10;mq;mq;0.000000;-30;0.000000;0.000000;mq;mq;mq;710.000000;1104.000000;3100.000000;mq;1;8;900;3;0;7500;mq;mq;mq;mq;mq;mq;
61968;20110924090000;101610;mq;mq;90;4.600000;301.850000;291.950000;55;mq;mq;mq;mq;mq;mq;mq;mq;mq;mq;mq;mq;mq;80;mq;mq;mq;mq;mq;mq;mq;mq;9.300000;-10;mq;mq;mq;mq;0.000000;0.000000;mq;mq;mq;710.000000;1109.000000;mq;mq;mq;mq;mq;mq;mq;mq;mq;mq;mq;mq;mq;mq;
61970;20110924090000;101800;mq;mq;mq;mq;302.150000;295.650000;68;mq;mq;mq;mq;mq;mq;mq;mq;mq;mq;mq;mq;mq;150;mq;mq;mq;mq;mq;mq;mq;mq;mq;mq;mq;mq;mq;mq;0.000000;0.000000;mq;mq;mq;mq;mq;mq;mq;mq;mq;mq;mq;mq;mq;mq;mq;mq;mq;mq;mq;
61972;20110924090000;102200;mq;mq;170;9.300000;298.850000;290.550000;60;mq;mq;mq;mq;mq;mq;mq;mq;mq;mq;mq;mq;mq;310;mq;mq;mq;mq;mq;mq;mq;mq;17.000000;-10;mq;mq;mq;mq;0.000000;0.000000;mq;mq;mq;710.000000;1117.000000;mq;mq;mq;mq;mq;mq;mq;mq;mq;mq;mq;mq;mq;mq;
61976;20110924090000;101710;mq;mq;130;8.200000;300.550000;292.650000;62;mq;mq;mq;mq;mq;mq;mq;mq;mq;mq;101560;mq;mq;30;mq;mq;mq;mq;mq;mq;mq;mq;mq;mq;mq;mq;mq;mq;mq;0.000000;mq;mq;mq;mq;mq;mq;mq;mq;mq;mq;mq;mq;mq;mq;mq;mq;mq;mq;mq;
61980;20110924090000;101880;mq;mq;50;2.600000;298.450000;291.850000;67;12000;2;1;1;60;5;800;38;20;10;mq;mq;mq;0;mq;mq;mq;mq;mq;mq;mq;mq;5.100000;-10;mq;mq;mq;mq;0.000000;0.000000;mq;mq;mq;710.000000;1105.000000;2437.000000;mq;2;8;750;4;6;1200;mq;mq;mq;mq;mq;mq;
61997;20110924090000;100220;mq;mq;310;11.800000;275.550000;269.850000;66;mq;mq;mq;mq;mq;mq;mq;mq;mq;mq;mq;mq;mq;mq;mq;mq;mq;mq;mq;mq;mq;mq;19.000000;-30;mq;mq;mq;mq;mq;0.800000;mq;mq;mq;1119.000000;mq;mq;mq;mq;mq;mq;mq;mq;mq;mq;mq;mq;mq;mq;mq;
67005;20110924090000;101680;mq;mq;290;5.100000;299.650000;295.050000;76;mq;0;mq;mq;mq;mq;mq;mq;mq;mq;mq;mq;mq;150;mq;mq;mq;mq;mq;mq;mq;mq;6.700000;-10;mq;mq;mq;mq;0.000000;0.000000;mq;mq;mq;710.000000;1107.000000;mq;mq;mq;mq;mq;mq;mq;mq;mq;mq;mq;mq;mq;mq;
71805;20110924090000;101750;-40;6;80;4.100000;284.550000;284.550000;100;3300;10;mq;mq;100;mq;80;mq;mq;mq;101670;mq;mq;mq;mq;mq;mq;mq;mq;mq;mq;mq;7.700000;-10;mq;mq;mq;mq;0.400000;0.600000;mq;mq;mq;710.000000;1108.000000;mq;mq;mq;mq;mq;mq;mq;mq;mq;mq;mq;mq;mq;mq;
78897;20110924090000;101240;10;3;0;0.000000;299.650000;295.250000;77;12000;2;1;1;90;4;800;38;20;12;mq;mq;mq;mq;mq;mq;mq;mq;mq;mq;mq;mq;mq;mq;mq;mq;mq;mq;mq;mq;mq;mq;mq;mq;mq;mq;mq;2;8;690;3;6;1200;6;0;7800;mq;mq;mq;
78922;20110924090000;101140;0;5;70;6.700000;299.950000;296.450000;81;mq;mq;mq;mq;mq;mq;mq;mq;mq;mq;100700;mq;mq;mq;mq;mq;mq;mq;mq;mq;mq;mq;mq;mq;mq;mq;mq;mq;mq;mq;mq;mq;mq;mq;mq;mq;mq;mq;mq;mq;mq;mq;mq;mq;mq;mq;mq;mq;mq;
78925;20110924090000;101150;20;3;350;1.000000;298.250000;297.050000;93;40000;0;mq;mq;90;mq;800;mq;mq;mq;mq;mq;mq;mq;mq;mq;mq;mq;mq;mq;mq;mq;mq;mq;mq;mq;mq;mq;mq;mq;mq;mq;mq;mq;mq;mq;mq;mq;mq;mq;mq;mq;mq;mq;mq;mq;mq;mq;mq;
81401;20110924090000;101180;mq;mq;0;0.000000;296.050000;295.250000;95;mq;mq;mq;mq;mq;mq;mq;mq;mq;mq;101120;mq;mq;mq;mq;mq;mq;mq;mq;mq;mq;mq;mq;mq;mq;mq;mq;mq;mq;0.000000;mq;mq;mq;mq;mq;mq;mq;mq;mq;mq;mq;mq;mq;mq;mq;mq;mq;mq;mq;
81405;20110924090000;101220;mq;mq;250;1.000000;295.350000;295.150000;99;18000;0;mq;mq;90;mq;30;mq;mq;mq;101130;mq;mq;mq;mq;mq;mq;mq;mq;mq;mq;mq;mq;mq;mq;mq;mq;mq;mq;0.200000;mq;mq;mq;mq;mq;mq;mq;mq;mq;mq;mq;mq;mq;mq;mq;mq;mq;mq;mq;
81408;20110924090000;101170;mq;mq;0;0.000000;294.550000;294.050000;97;mq;mq;mq;mq;mq;mq;mq;mq;mq;mq;101090;mq;mq;mq;mq;mq;mq;mq;mq;mq;mq;mq;mq;mq;mq;mq;mq;mq;mq;0.000000;mq;mq;mq;mq;mq;mq;mq;mq;mq;mq;mq;mq;mq;mq;mq;mq;mq;mq;mq;
89642;20110924090000;97680;270;3;110;2.100000;257.550000;251.950000;59;40000;2;1;1;40;3;2250;30;23;12;97130;mq;mq;mq;mq;mq;mq;mq;mq;mq;mq;mq;mq;mq;mq;mq;mq;mq;mq;mq;mq;mq;mq;mq;mq;mq;mq;3;3;1800;mq;mq;mq;mq;mq;mq;mq;mq;mq;
07005;20110924120000;101490;-40;8;140;3.100000;292.850000;282.950000;53;25000;2;1;1;40;1;1250;31;20;12;100620;mq;mq;mq;mq;mq;mq;mq;mq;mq;mq;mq;4.600000;-10;mq;mq;0.000000;-60;0.000000;0.000000;0.000000;mq;mq;710.000000;1105.000000;3100.000000;mq;1;8;990;3;0;7500;mq;mq;mq;mq;mq;mq;
07015;20110924120000;101520;-40;8;180;1.500000;293.550000;283.650000;53;30000;1;4;0;10;1;1250;31;20;10;100970;mq;mq;mq;mq;mq;mq;mq;mq;mq;mq;mq;4.100000;-10;mq;mq;0.000000;-60;0.000000;0.000000;0.200000;mq;mq;710.000000;1104.000000;3100.000000;mq;1;8;1290;mq;mq;mq;mq;mq;mq;mq;mq;mq;
07020;20110924120000;101530;60;1;240;2.600000;291.550000;286.450000;72;18000;2;1;1;75;5;1250;33;23;11;101270;mq;mq;mq;mq;mq;mq;mq;mq;mq;mq;mq;4.100000;-10;mq;mq;mq;mq;0.000000;0.000000;0.000000;mq;mq;710.000000;1104.000000;mq;mq;1;6;1200;4;3;1800;mq;mq;mq;mq;mq;mq;
07027;20110924120000;101440;-30;7;180;3.600000;294.750000;285.850000;57;30000;2;1;1;60;1;1250;31;20;11;100660;mq;mq;mq;mq;mq;mq;mq;mq;mq;mq;mq;6.200000;-10;mq;mq;0.000000;-60;0.000000;0.000000;0.000000;mq;mq;710.000000;1106.000000;3100.000000;mq;1;8;1200;5;0;8400;mq;mq;mq;mq;mq;mq;
07037;20110924120000;101490;0;0;210;2.600000;293.150000;284.850000;59;35000;0;mq;mq;mq;mq;mq;mq;mq;mq;99720;mq;mq;mq;mq;mq;mq;mq;mq;mq;mq;mq;4.100000;-10;mq;mq;mq;mq;0.000000;0.000000;0.000000;mq;mq;710.000000;1104.000000;mq;mq;mq;mq;mq;mq;mq;mq;mq;mq;mq;mq;mq;mq;
07110;20110924120000;101440;10;1;180;5.700000;291.450000;284.750000;65;55000;0;mq;mq;90;mq;800;mq;mq;mq;100320;mq;mq;mq;mq;mq;mq;mq;mq;mq;mq;mq;8.700000;-10;mq;mq;mq;mq;0.000000;0.000000;0.000000;mq;mq;710.000000;1109.000000;mq;mq;mq;mq;mq;mq;mq;mq;mq;mq;mq;mq;mq;mq;
07117;20110924120000;101430;-10;8;300;3.100000;293.350000;284.050000;55;14000;2;1;1;75;1;800;35;27;10;100750;mq;mq;mq;mq;mq;mq;mq;mq;mq;mq;mq;5.700000;-10;mq;mq;mq;mq;0.000000;0.000000;0.000000;mq;mq;710.000000;1106.000000;2427.000000;mq;mq;mq;mq;mq;mq;mq;mq;mq;mq;mq;mq;mq;
07130;20110924120000;101480;-10;8;320;1.500000;293.750000;284.950000;57;19000;0;mq;mq;mq;mq;mq;mq;mq;mq;100980;mq;mq;mq;mq;mq;mq;mq;mq;mq;mq;mq;3.100000;-10;mq;mq;mq;mq;0.000000;0.000000;0.000000;mq;mq;710.000000;1103.000000;mq;mq;mq;mq;mq;mq;mq;mq;mq;mq;mq;mq;mq;mq;
07139;20110924120000;101440;-40;8;220;1.500000;294.550000;284.850000;54;30000;2;1;1;25;1;800;31;23;10;99770;mq;mq;mq;mq;mq;mq;mq;mq;mq;mq;mq;4.100000;-10;mq;mq;0.000000;-60;0.000000;0.000000;0.000000;mq;mq;710.000000;1104.000000;3100.000000;mq;1;8;900;mq;mq;mq;mq;mq;mq;mq;mq;mq;
07149;20110924120000;101470;-30;8;240;1.500000;295.050000;284.750000;52;22000;2;1;1;75;0;8000;30;20;12;100430;mq;mq;mq;mq;mq;mq;mq;mq;mq;mq;mq;3.600000;-10;mq;mq;0.000000;-60;0.000000;0.000000;0.000000;mq;mq;710.000000;1104.000000;3100.000000;mq;6;0;7500;mq;mq;mq;mq;mq;mq;mq;mq;mq;
07168;20110924120000;101460;-50;8;170;1.000000;295.050000;284.150000;50;25000;2;4;0;40;0;8000;30;20;11;100090;mq;mq;mq;mq;mq;mq;mq;mq;mq;mq;mq;4.100000;-10;mq;mq;0.000000;-60;0.000000;0.000000;0.000000;mq;mq;710.000000;1104.000000;3100.000000;mq;3;0;7500;mq;mq;mq;mq;mq;mq;mq;mq;mq;
07181;20110924120000;101430;-70;8;180;1.000000;294.250000;286.650000;62;50000;0;mq;mq;mq;mq;800;mq;mq;mq;97510;mq;mq;mq;mq;mq;mq;mq;mq;mq;mq;mq;5.100000;-10;mq;mq;mq;mq;0.000000;0.000000;0.000000;mq;mq;710.000000;1105.000000;mq;mq;mq;mq;mq;mq;mq;mq;mq;mq;mq;mq;mq;mq;
07190;20110924120000;101540;-100;8;140;1.500000;295.250000;285.250000;53;50000;0;mq;mq;mq;mq;mq;mq;mq;mq;99790;mq;mq;mq;mq;mq;mq;mq;mq;mq;mq;mq;4.600000;-10;mq;mq;mq;mq;0.000000;0.000000;0.000000;mq;mq;710.000000;1105.000000;mq;mq;mq;mq;mq;mq;mq;mq;mq;mq;mq;mq;mq;mq;
07207;20110924120000;mq;mq;mq;280;2.100000;292.850000;286.950000;69;30000;2;1;1;60;5;2250;30;25;10;mq;mq;mq;mq;mq;mq;mq;mq;mq;mq;mq;mq;4.100000;-10;mq;mq;mq;mq;0.000000;0.000000;0.000000;mq;mq;710.000000;1104.000000;2418.000000;mq;mq;mq;mq;mq;mq;mq;mq;mq;mq;mq;mq;mq;
07222;20110924120000;101490;20;1;290;1.500000;292.950000;286.850000;68;15000;2;1;1;75;6;1250;35;20;10;101180;mq;mq;mq;mq;mq;mq;mq;mq;mq;mq;mq;3.100000;-10;mq;mq;mq;mq;0.000000;0.000000;0.000000;mq;mq;710.000000;1103.000000;mq;mq;2;6;1380;6;6;1800;mq;mq;mq;mq;mq;mq;
07240;20110924120000;101470;10;1;180;1.500000;293.450000;286.450000;64;17000;0;mq;mq;mq;mq;mq;mq;mq;mq;100170;mq;mq;mq;mq;mq;mq;mq;mq;mq;mq;mq;3.600000;-10;mq;mq;mq;mq;0.000000;0.000000;0.000000;mq;mq;710.000000;1104.000000;mq;mq;mq;mq;mq;mq;mq;mq;mq;mq;mq;mq;mq;mq;
07255;20110924120000;101430;10;0;20;1.000000;295.950000;284.650000;49;28000;2;1;1;90;1;3500;30;23;11;99520;mq;mq;mq;mq;mq;mq;mq;mq;mq;mq;mq;2.600000;-10;mq;mq;0.000000;-60;0.000000;0.000000;0.000000;mq;mq;710.000000;1103.000000;3100.000000;mq;1;3;3300;7;0;7800;mq;mq;mq;mq;mq;mq;
07280;20110924120000;101450;-90;8;190;2.100000;294.950000;286.550000;59;45000;0;mq;mq;mq;mq;mq;mq;mq;mq;98840;mq;mq;mq;mq;mq;mq;mq;mq;mq;mq;mq;5.100000;-10;mq;mq;mq;mq;0.000000;0.000000;0.000000;mq;mq;710.000000;1105.000000;mq;mq;mq;mq;mq;mq;mq;mq;mq;mq;mq;mq;mq;mq;
07299;20110924120000;101460;-70;8;120;1.000000;296.750000;285.050000;48;35000;0;mq;mq;mq;mq;mq;mq;mq;mq;98350;mq;mq;mq;mq;mq;mq;mq;mq;mq;mq;mq;4.600000;-10;mq;mq;mq;mq;0.000000;0.000000;0.000000;mq;mq;710.000000;1105.000000;mq;mq;mq;mq;mq;mq;mq;mq;mq;mq;mq;mq;mq;mq;
07314;20110924120000;101580;50;0;310;5.100000;292.050000;287.750000;76;mq;mq;mq;mq;mq;mq;mq;mq;mq;mq;101310;mq;mq;mq;mq;mq;mq;mq;mq;mq;mq;mq;7.200000;-10;mq;mq;mq;mq;0.000000;0.000000;0.000000;mq;mq;710.000000;1107.000000;mq;mq;mq;mq;mq;mq;mq;mq;mq;mq;mq;mq;mq;mq;
07335;20110924120000;101450;0;0;240;2.100000;296.150000;286.050000;53;30000;2;1;1;60;3;3500;30;28;11;100070;mq;mq;mq;mq;mq;mq;mq;mq;mq;mq;mq;4.100000;-10;mq;mq;mq;mq;0.000000;0.000000;0.000000;mq;mq;710.000000;1104.000000;mq;mq;3;3;3600;3;0;6900;mq;mq;mq;mq;mq;mq;
07434;20110924120000;101470;20;1;260;1.500000;292.750000;285.550000;63;50000;2;1;1;90;7;3500;30;23;60;96860;mq;mq;mq;mq;mq;mq;mq;mq;mq;mq;mq;4.100000;-10;mq;mq;0.000000;-60;0.000000;0.000000;0.000000;mq;mq;710.000000;1104.000000;3100.000000;mq;7;3;3300;mq;mq;mq;mq;mq;mq;mq;mq;mq;
07460;20110924120000;101340;-40;8;120;1.500000;297.750000;283.650000;41;40000;2;1;1;90;1;1250;31;28;12;97650;mq;mq;mq;mq;mq;mq;mq;mq;mq;mq;mq;3.600000;-10;mq;mq;0.000000;-60;0.000000;0.000000;0.000000;mq;mq;710.000000;1104.000000;3100.000000;mq;1;8;1200;7;0;7500;mq;mq;mq;mq;mq;mq;
07471;20110924120000;mq;-50;6;150;2.600000;295.750000;279.050000;34;40000;2;1;1;90;1;1250;31;23;12;92070;85000;17570;mq;mq;mq;mq;mq;mq;mq;mq;mq;7.200000;-10;mq;mq;0.000000;-60;0.000000;0.000000;0.000000;mq;mq;710.000000;1107.000000;3100.000000;mq;1;8;1380;7;0;7800;mq;mq;mq;mq;mq;mq;
07481;20110924120000;101410;-70;8;200;4.600000;297.750000;285.650000;47;25000;2;1;1;75;0;mq;30;20;11;98680;mq;mq;mq;mq;mq;mq;mq;mq;mq;mq;mq;9.800000;-10;mq;mq;0.000000;-60;0.000000;0.000000;0.000000;mq;mq;710.000000;1110.000000;3100.000000;mq;6;0;7500;mq;mq;mq;mq;mq;mq;mq;mq;mq;
07510;20110924120000;101590;100;2;160;1.000000;291.750000;291.050000;96;14000;0;mq;mq;mq;mq;250;mq;mq;mq;100960;mq;mq;mq;mq;mq;mq;mq;mq;mq;mq;mq;2.600000;-10;mq;mq;mq;mq;0.000000;0.000000;2.000000;mq;mq;710.000000;1103.000000;mq;mq;mq;mq;mq;mq;mq;mq;mq;mq;mq;mq;mq;mq;
07535;20110924120000;101520;10;0;350;1.500000;294.550000;286.250000;59;mq;mq;mq;mq;mq;mq;mq;mq;mq;mq;98520;mq;mq;mq;mq;mq;mq;mq;mq;mq;mq;mq;3.600000;-10;mq;mq;mq;mq;0.000000;0.000000;0.200000;mq;mq;710.000000;1104.000000;mq;mq;mq;mq;mq;mq;mq;mq;mq;mq;mq;mq;mq;mq;
07558;20110924120000;101390;-10;8;120;3.100000;294.450000;283.250000;49;mq;mq;mq;mq;mq;mq;mq;mq;mq;mq;93410;mq;mq;mq;mq;mq;mq;mq;mq;mq;mq;mq;6.700000;-10;mq;mq;mq;mq;0.000000;0.000000;0.000000;mq;mq;710.000000;1107.000000;mq;mq;mq;mq;mq;mq;mq;mq;mq;mq;mq;mq;mq;mq;
07577;20110924120000;101540;-70;8;180;3.600000;297.650000;284.950000;45;30000;2;1;1;90;0;8000;30;20;12;100690;mq;mq;mq;mq;mq;mq;mq;mq;mq;mq;mq;5.700000;-10;mq;mq;0.000000;-60;0.000000;0.000000;0.000000;mq;mq;710.000000;1106.000000;3100.000000;mq;7;0;7800;mq;mq;mq;mq;mq;mq;mq;mq;mq;
07591;20110924120000;mq;-110;8;210;4.600000;294.750000;283.850000;50;mq;0;mq;mq;mq;mq;mq;mq;mq;mq;91690;mq;mq;mq;mq;mq;mq;mq;mq;mq;mq;mq;7.700000;-10;mq;mq;mq;mq;0.000000;0.200000;0.200000;mq;mq;710.000000;1108.000000;mq;mq;mq;mq;mq;mq;mq;mq;mq;mq;mq;mq;mq;mq;
07607;20110924120000;101590;20;0;360;1.500000;294.650000;289.850000;74;20000;0;mq;mq;100;mq;800;mq;mq;mq;100900;mq;mq;mq;mq;mq;mq;mq;mq;mq;mq;mq;4.600000;-10;mq;mq;mq;mq;0.000000;0.000000;mq;mq;mq;710.000000;1105.000000;mq;mq;mq;mq;mq;mq;mq;mq;mq;mq;mq;mq;mq;mq;
07621;20110924120000;101480;-50;8;60;2.100000;294.750000;288.550000;68;20000;1;6;2;75;4;800;32;28;10;97330;mq;mq;mq;mq;mq;mq;mq;mq;mq;mq;mq;3.600000;-10;mq;mq;0.000000;-60;0.000000;0.000000;2.000000;mq;mq;710.000000;1104.000000;3100.000000;mq;4;8;600;3;3;2400;mq;mq;mq;mq;mq;mq;
07627;20110924120000;101630;50;1;0;0.000000;290.050000;287.350000;84;20000;60;6;2;100;8;450;38;61;60;96880;mq;mq;mq;mq;mq;mq;mq;mq;mq;mq;mq;2.100000;-10;mq;mq;0.000000;-60;0.000000;0.000000;0.000000;mq;mq;710.000000;1102.000000;3100.000000;mq;4;8;300;8;6;600;mq;mq;mq;mq;mq;mq;
07630;20110924120000;101570;20;0;330;2.600000;294.250000;288.350000;69;30000;2;1;1;100;7;800;38;61;60;99830;mq;mq;mq;mq;mq;mq;mq;mq;mq;mq;mq;5.100000;-10;mq;mq;0.000000;-60;0.000000;0.000000;0.000000;mq;mq;710.000000;1105.000000;3100.000000;mq;2;8;660;3;6;900;5;6;1500;mq;mq;mq;
07643;20110924120000;101580;-20;8;90;2.100000;296.150000;288.950000;64;30000;2;1;1;100;7;450;35;61;60;101490;mq;mq;mq;mq;mq;mq;mq;mq;mq;mq;mq;4.100000;-10;mq;mq;mq;mq;0.000000;0.000000;0.000000;mq;mq;710.000000;1104.000000;mq;mq;2;6;390;5;6;600;6;6;1500;mq;mq;mq;
07650;20110924120000;101560;-50;7;150;2.600000;299.050000;281.950000;34;40000;2;1;1;90;1;800;31;23;12;101190;mq;mq;mq;mq;mq;mq;mq;mq;mq;mq;mq;5.100000;-10;mq;mq;0.000000;-60;0.000000;0.000000;0.000000;mq;mq;710.000000;1105.000000;3100.000000;mq;1;8;750;7;0;6300;mq;mq;mq;mq;mq;mq;
07661;20110924120000;101590;-40;8;160;1.500000;295.850000;283.950000;47;15000;2;1;1;100;2;450;32;20;18;100040;mq;mq;mq;mq;mq;mq;mq;mq;mq;mq;mq;3.600000;-10;mq;mq;mq;mq;0.000000;0.000000;0.000000;mq;mq;710.000000;1104.000000;mq;mq;2;8;480;6;2;4800;mq;mq;mq;mq;mq;mq;
07690;20110924120000;101620;-10;8;140;1.500000;297.150000;291.550000;71;30000;2;1;1;90;1;1250;32;23;12;101300;mq;mq;mq;mq;mq;mq;mq;mq;mq;mq;mq;2.600000;-10;mq;mq;0.000000;-60;0.000000;0.000000;0.000000;mq;mq;710.000000;1103.000000;3100.000000;mq;1;8;1350;7;0;7800;mq;mq;mq;mq;mq;mq;
07747;20110924120000;101540;40;0;230;3.100000;293.050000;291.350000;90;15000;61;6;5;100;6;450;39;28;60;101030;mq;mq;mq;mq;mq;mq;mq;mq;mq;mq;mq;4.100000;-10;mq;mq;0.000000;-60;1.000000;1.000000;1.000000;mq;mq;710.000000;1104.000000;3100.000000;mq;4;6;480;5;6;780;1;9;1200;7;3;2400;
07761;20110924120000;101540;-30;8;230;5.100000;297.150000;289.450000;62;25000;2;1;1;90;1;1250;32;20;12;101440;mq;mq;mq;mq;mq;mq;mq;mq;mq;mq;mq;6.200000;-10;mq;mq;0.000000;-60;0.000000;0.000000;0.000000;mq;mq;710.000000;1106.000000;3100.000000;mq;2;8;990;7;0;6900;mq;mq;mq;mq;mq;mq;
07790;20110924120000;101560;-50;8;110;3.600000;298.150000;290.850000;64;20000;2;1;1;60;1;800;38;20;11;101420;mq;mq;mq;mq;mq;mq;mq;mq;mq;mq;mq;5.700000;-10;mq;mq;0.000000;-60;0.000000;0.000000;0.000000;mq;mq;710.000000;1106.000000;3100.000000;mq;1;8;900;5;0;7500;mq;mq;mq;mq;mq;mq;
61968;20110924120000;101470;mq;mq;100;4.100000;301.350000;292.050000;57;mq;mq;mq;mq;mq;mq;mq;mq;mq;mq;mq;mq;mq;110;mq;mq;mq;mq;mq;mq;mq;mq;8.200000;-10;mq;mq;mq;mq;0.000000;mq;0.000000;mq;mq;710.000000;1108.000000;mq;mq;mq;mq;mq;mq;mq;mq;mq;mq;mq;mq;mq;mq;
61970;20110924120000;101600;mq;mq;mq;mq;302.250000;296.250000;70;mq;mq;mq;mq;mq;mq;mq;mq;mq;mq;mq;mq;mq;150;mq;mq;mq;mq;mq;mq;mq;mq;mq;mq;mq;mq;mq;mq;0.000000;mq;0.000000;mq;mq;mq;mq;mq;mq;mq;mq;mq;mq;mq;mq;mq;mq;mq;mq;mq;mq;
61972;20110924120000;102110;mq;mq;170;10.300000;298.450000;290.150000;60;mq;mq;mq;mq;mq;mq;mq;mq;mq;mq;mq;mq;mq;410;mq;mq;mq;mq;mq;mq;mq;mq;17.000000;-10;mq;mq;mq;mq;0.000000;mq;0.000000;mq;mq;710.000000;1117.000000;mq;mq;mq;mq;mq;mq;mq;mq;mq;mq;mq;mq;mq;mq;
61976;20110924120000;101640;mq;mq;130;7.200000;299.750000;292.350000;64;mq;mq;mq;mq;mq;mq;mq;mq;mq;mq;101490;mq;mq;70;mq;mq;mq;mq;mq;mq;mq;mq;mq;mq;mq;mq;mq;mq;mq;mq;mq;mq;mq;mq;mq;mq;mq;mq;mq;mq;mq;mq;mq;mq;mq;mq;mq;mq;mq;
61980;20110924120000;101810;mq;mq;80;2.600000;297.150000;291.550000;71;10000;2;1;1;90;7;800;38;61;60;mq;mq;mq;60;mq;mq;mq;mq;mq;mq;mq;mq;3.600000;-10;mq;mq;mq;mq;0.000000;mq;0.000000;mq;mq;710.000000;1104.000000;2437.000000;mq;3;8;630;5;6;930;mq;mq;mq;mq;mq;mq;
67005;20110924120000;101500;mq;mq;250;5.100000;301.050000;294.850000;69;20000;2;1;1;75;3;800;38;27;10;mq;mq;mq;130;mq;mq;mq;mq;mq;mq;mq;mq;6.200000;-10;mq;mq;mq;mq;0.000000;mq;0.000000;mq;mq;710.000000;1106.000000;mq;mq;2;8;660;3;6;1800;5;3;2700;mq;mq;mq;
71805;20110924120000;101830;80;2;70;3.600000;285.150000;285.150000;100;8000;50;6;5;100;8;80;37;61;60;101750;mq;mq;mq;mq;mq;mq;mq;mq;mq;mq;mq;6.200000;-10;mq;mq;0.000000;-60;0.000000;0.600000;1.000000;mq;mq;710.000000;1106.000000;3100.000000;mq;8;7;60;mq;mq;mq;mq;mq;mq;mq;mq;mq;
78897;20110924120000;101350;110;3;10;2.100000;300.550000;297.250000;82;15000;15;8;6;50;3;800;38;20;12;mq;mq;mq;mq;297.750000;mq;mq;304.250000;mq;mq;mq;mq;mq;mq;mq;mq;mq;mq;mq;mq;0.200000;mq;4.900000;mq;mq;mq;mq;3;8;780;mq;mq;mq;mq;mq;mq;mq;mq;mq;
78922;20110924120000;101280;140;3;60;7.700000;300.950000;297.150000;80;mq;mq;mq;mq;mq;mq;mq;mq;mq;mq;100840;mq;mq;mq;mq;mq;mq;mq;mq;mq;mq;mq;mq;mq;mq;mq;mq;mq;mq;mq;mq;mq;mq;mq;mq;mq;mq;mq;mq;mq;mq;mq;mq;mq;mq;mq;mq;mq;mq;
78925;20110924120000;101220;70;3;40;3.100000;301.550000;297.550000;79;15000;25;8;6;75;6;800;38;20;10;mq;mq;mq;mq;297.850000;mq;mq;304.350000;mq;mq;mq;mq;mq;mq;mq;mq;mq;mq;mq;mq;0.600000;mq;0.800000;mq;mq;mq;mq;1;8;600;3;8;750;mq;mq;mq;mq;mq;mq;
81401;20110924120000;101390;mq;mq;130;3.100000;301.350000;296.250000;74;mq;mq;mq;mq;mq;mq;mq;mq;mq;mq;101330;mq;mq;mq;295.650000;mq;mq;mq;mq;mq;mq;mq;mq;mq;mq;mq;mq;mq;0.000000;0.000000;mq;mq;0.000000;mq;mq;mq;mq;mq;mq;mq;mq;mq;mq;mq;mq;mq;mq;mq;mq;
81405;20110924120000;101450;mq;mq;160;1.000000;300.550000;297.650000;84;10000;2;1;1;40;3;250;32;20;10;101360;mq;mq;mq;295.150000;mq;mq;mq;mq;mq;mq;mq;mq;mq;mq;mq;mq;mq;mq;0.000000;mq;mq;15.000000;mq;mq;mq;mq;mq;mq;mq;mq;mq;mq;mq;mq;mq;mq;mq;mq;
81408;20110924120000;101420;mq;mq;90;1.500000;302.250000;296.650000;72;mq;mq;mq;mq;mq;mq;mq;mq;mq;mq;101340;mq;mq;mq;294.550000;mq;mq;mq;mq;mq;mq;mq;mq;mq;mq;mq;mq;mq;mq;0.000000;mq;mq;0.000000;mq;mq;mq;mq;mq;mq;mq;mq;mq;mq;mq;mq;mq;mq;mq;mq;
89642;20110924120000;98030;340;1;110;2.600000;258.050000;250.150000;47;40000;2;1;1;40;3;2250;30;23;12;97470;mq;mq;mq;256.850000;mq;261.150000;mq;mq;mq;mq;mq;mq;mq;mq;mq;mq;mq;mq;mq;mq;mq;mq;mq;mq;mq;mq;3;3;1800;mq;mq;mq;mq;mq;mq;mq;mq;mq;
07005;20110924150000;101450;-30;6;300;3.600000;293.250000;285.950000;63;30000;2;1;1;40;0;8000;30;20;12;100590;mq;mq;mq;mq;mq;mq;mq;mq;mq;mq;mq;5.100000;-10;mq;mq;0.000000;-30;0.000000;0.000000;mq;mq;mq;710.000000;1105.000000;3100.000000;mq;3;0;7500;mq;mq;mq;mq;mq;mq;mq;mq;mq;
07015;20110924150000;101470;-50;5;240;0.500000;294.950000;283.150000;47;35000;2;1;1;60;0;8000;30;20;11;100920;mq;mq;mq;mq;mq;mq;mq;mq;mq;mq;mq;4.600000;-10;mq;mq;0.000000;-30;0.000000;0.000000;mq;mq;mq;710.000000;1105.000000;3100.000000;mq;5;0;4800;mq;mq;mq;mq;mq;mq;mq;mq;mq;
07020;20110924150000;101520;-10;5;220;4.600000;291.150000;287.450000;79;mq;mq;mq;mq;mq;mq;mq;mq;mq;mq;101260;mq;mq;mq;mq;mq;mq;mq;mq;mq;mq;mq;5.700000;-10;mq;mq;mq;mq;0.000000;0.000000;mq;mq;mq;710.000000;1106.000000;mq;mq;mq;mq;mq;mq;mq;mq;mq;mq;mq;mq;mq;mq;
07027;20110924150000;101440;0;5;340;3.600000;293.050000;286.250000;65;40000;2;1;1;90;3;1250;35;20;11;100660;mq;mq;mq;mq;mq;mq;mq;mq;mq;mq;mq;6.700000;-10;mq;mq;0.000000;-30;0.000000;0.000000;mq;mq;mq;710.000000;1107.000000;3100.000000;mq;4;6;1440;3;0;8400;mq;mq;mq;mq;mq;mq;
07037;20110924150000;101440;-40;6;220;2.600000;294.450000;283.250000;49;30000;2;1;1;40;0;8000;30;20;11;99680;mq;mq;mq;mq;mq;mq;mq;mq;mq;mq;mq;4.100000;-10;mq;mq;0.000000;-30;0.000000;0.000000;mq;mq;mq;710.000000;1104.000000;3100.000000;mq;3;0;7500;mq;mq;mq;mq;mq;mq;mq;mq;mq;
07110;20110924150000;101410;-20;5;210;7.700000;291.750000;286.850000;73;20000;2;1;1;75;6;800;38;20;10;100300;mq;mq;mq;mq;mq;mq;mq;mq;mq;mq;mq;10.800000;-10;mq;mq;mq;mq;0.000000;0.000000;mq;mq;mq;710.000000;1111.000000;mq;mq;4;8;630;6;6;900;mq;mq;mq;mq;mq;mq;
07117;20110924150000;101390;-30;7;220;3.600000;294.850000;284.250000;51;14000;2;1;1;75;1;800;35;27;10;100720;mq;mq;mq;mq;mq;mq;mq;mq;mq;mq;mq;7.200000;-10;mq;mq;mq;mq;0.000000;0.000000;mq;mq;mq;710.000000;1107.000000;2427.000000;mq;mq;mq;mq;mq;mq;mq;mq;mq;mq;mq;mq;mq;
07130;20110924150000;101430;-50;6;260;1.000000;295.650000;285.050000;51;45000;0;mq;mq;mq;mq;mq;mq;mq;mq;100930;mq;mq;mq;mq;mq;mq;mq;mq;mq;mq;mq;3.100000;-10;mq;mq;mq;mq;0.000000;0.000000;mq;mq;mq;710.000000;1103.000000;mq;mq;mq;mq;mq;mq;mq;mq;mq;mq;mq;mq;mq;mq;
07139;20110924150000;101400;-30;6;270;2.100000;295.650000;285.050000;51;30000;2;1;1;25;1;1250;31;20;11;99740;mq;mq;mq;mq;mq;mq;mq;mq;mq;mq;mq;5.100000;-10;mq;mq;0.000000;-30;0.000000;0.000000;mq;mq;mq;710.000000;1105.000000;3100.000000;mq;1;8;1080;mq;mq;mq;mq;mq;mq;mq;mq;mq;
07149;20110924150000;101440;-30;5;270;2.100000;296.150000;282.850000;43;22000;2;1;1;75;0;8000;30;20;12;100400;mq;mq;mq;mq;mq;mq;mq;mq;mq;mq;mq;4.600000;-10;mq;mq;0.000000;-30;0.000000;0.000000;mq;mq;mq;710.000000;1105.000000;3100.000000;mq;6;0;7500;mq;mq;mq;mq;mq;mq;mq;mq;mq;
07168;20110924150000;101450;0;5;340;2.100000;295.750000;285.350000;52;25000;2;1;1;75;0;8000;30;20;11;100090;mq;mq;mq;mq;mq;mq;mq;mq;mq;mq;mq;4.100000;-10;mq;mq;0.000000;-30;0.000000;0.000000;mq;mq;mq;710.000000;1104.000000;3100.000000;mq;6;0;7500;mq;mq;mq;mq;mq;mq;mq;mq;mq;
07181;20110924150000;101390;-20;5;230;2.100000;295.450000;286.750000;58;60000;0;mq;mq;mq;mq;mq;mq;mq;mq;97490;mq;mq;mq;mq;mq;mq;mq;mq;mq;mq;mq;6.200000;-10;mq;mq;mq;mq;0.000000;0.000000;mq;mq;mq;710.000000;1106.000000;mq;mq;mq;mq;mq;mq;mq;mq;mq;mq;mq;mq;mq;mq;
07190;20110924150000;101430;-90;6;110;1.500000;297.050000;285.050000;47;50000;0;mq;mq;mq;mq;mq;mq;mq;mq;99700;mq;mq;mq;mq;mq;mq;mq;mq;mq;mq;mq;4.600000;-10;mq;mq;mq;mq;0.000000;0.000000;mq;mq;mq;710.000000;1105.000000;mq;mq;mq;mq;mq;mq;mq;mq;mq;mq;mq;mq;mq;mq;
07207;20110924150000;mq;mq;mq;250;2.100000;292.150000;286.550000;70;30000;2;1;1;40;3;2250;30;25;10;mq;mq;mq;mq;mq;mq;mq;mq;mq;mq;mq;mq;5.100000;-10;mq;mq;mq;mq;0.000000;0.000000;mq;mq;mq;710.000000;1105.000000;2418.000000;mq;mq;mq;mq;mq;mq;mq;mq;mq;mq;mq;mq;mq;
07222;20110924150000;101460;-20;5;310;2.600000;294.350000;287.050000;63;25000;2;1;1;25;2;1250;35;20;10;101160;mq;mq;mq;mq;mq;mq;mq;mq;mq;mq;mq;5.100000;-10;mq;mq;mq;mq;0.000000;0.000000;mq;mq;mq;710.000000;1105.000000;mq;mq;2;6;1380;mq;mq;mq;mq;mq;mq;mq;mq;mq;
07240;20110924150000;101410;-50;5;290;1.000000;296.650000;285.650000;50;55000;0;mq;mq;mq;mq;mq;mq;mq;mq;100120;mq;mq;mq;mq;mq;mq;mq;mq;mq;mq;mq;3.600000;-10;mq;mq;mq;mq;0.000000;0.000000;mq;mq;mq;710.000000;1104.000000;mq;mq;mq;mq;mq;mq;mq;mq;mq;mq;mq;mq;mq;mq;
07255;20110924150000;101450;20;3;0;0.000000;296.650000;285.050000;48;30000;2;1;1;90;2;3500;30;28;11;99540;mq;mq;mq;mq;mq;mq;mq;mq;mq;mq;mq;2.600000;-10;mq;mq;0.000000;-30;0.000000;0.000000;mq;mq;mq;710.000000;1103.000000;3100.000000;mq;2;3;3300;7;0;7800;mq;mq;mq;mq;mq;mq;
07280;20110924150000;101440;-10;5;180;2.100000;295.250000;286.550000;58;40000;0;mq;mq;90;mq;mq;mq;mq;mq;98830;mq;mq;mq;mq;mq;mq;mq;mq;mq;mq;mq;4.600000;-10;mq;mq;mq;mq;0.000000;0.000000;mq;mq;mq;710.000000;1105.000000;mq;mq;mq;mq;mq;mq;mq;mq;mq;mq;mq;mq;mq;mq;
07299;20110924150000;101380;-70;6;60;1.500000;297.250000;285.250000;47;30000;2;1;1;60;1;1750;31;20;11;98280;mq;mq;mq;mq;mq;mq;mq;mq;mq;mq;mq;4.100000;-10;mq;mq;0.000000;-30;0.000000;0.000000;mq;mq;mq;710.000000;1104.000000;3100.000000;mq;1;8;1500;5;0;6900;mq;mq;mq;mq;mq;mq;
07314;20110924150000;101580;0;5;300;4.600000;292.250000;287.750000;75;20000;2;1;1;50;2;800;31;23;10;101310;mq;mq;mq;mq;mq;mq;mq;mq;mq;mq;mq;7.200000;-10;mq;mq;mq;mq;0.000000;0.000000;mq;mq;mq;710.000000;1107.000000;2438.000000;mq;2;8;600;4;3;1800;mq;mq;mq;mq;mq;mq;
07335;20110924150000;101490;30;3;200;4.100000;294.650000;286.850000;61;30000;2;1;1;90;7;3500;30;27;60;100100;mq;mq;mq;mq;mq;mq;mq;mq;mq;mq;mq;6.200000;-10;mq;mq;mq;mq;0.000000;0.000000;mq;mq;mq;710.000000;1106.000000;mq;mq;7;3;3600;mq;mq;mq;mq;mq;mq;mq;mq;mq;
07434;20110924150000;101480;30;2;300;3.100000;293.850000;286.750000;64;50000;2;1;1;60;5;2250;30;23;11;96890;mq;mq;mq;mq;mq;mq;mq;mq;mq;mq;mq;4.600000;-10;mq;mq;0.000000;-30;0.000000;0.000000;mq;mq;mq;710.000000;1105.000000;3100.000000;mq;3;3;2100;5;0;6900;mq;mq;mq;mq;mq;mq;
07460;20110924150000;101340;0;5;40;1.000000;297.150000;284.150000;44;40000;2;1;1;90;1;1750;32;27;12;97650;mq;mq;mq;mq;mq;mq;mq;mq;mq;mq;mq;2.100000;-10;mq;mq;0.000000;-30;0.000000;0.000000;mq;mq;mq;710.000000;1102.000000;3100.000000;mq;1;8;1500;6;3;3300;7;0;7500;mq;mq;mq;
07471;20110924150000;mq;10;3;170;3.100000;294.650000;279.350000;37;40000;2;1;1;90;1;1750;32;23;12;92080;85000;17590;mq;mq;mq;mq;mq;mq;mq;mq;mq;5.700000;-10;mq;mq;0.000000;-30;0.000000;0.000000;mq;mq;mq;710.000000;1106.000000;3100.000000;mq;1;8;1500;7;0;7800;mq;mq;mq;mq;mq;mq;
07481;20110924150000;101390;-20;5;190;4.100000;298.250000;285.150000;44;30000;2;1;1;100;0;mq;30;20;17;98660;mq;mq;mq;mq;mq;mq;mq;mq;mq;mq;mq;8.200000;-10;mq;mq;0.000000;-30;0.000000;0.000000;mq;mq;mq;710.000000;1108.000000;3100.000000;mq;8;2;6900;mq;mq;mq;mq;mq;mq;mq;mq;mq;
07510;20110924150000;101580;-10;6;40;2.100000;292.550000;289.750000;84;30000;2;1;1;75;1;450;32;27;12;100950;mq;mq;mq;mq;mq;mq;mq;mq;mq;mq;mq;5.100000;-10;mq;mq;0.000000;-30;0.000000;0.000000;mq;mq;mq;710.000000;1105.000000;3100.000000;mq;1;8;360;4;3;2400;mq;mq;mq;mq;mq;mq;
07535;20110924150000;101490;-30;6;300;2.100000;294.650000;286.250000;59;mq;mq;mq;mq;mq;mq;mq;mq;mq;mq;98490;mq;mq;mq;mq;mq;mq;mq;mq;mq;mq;mq;4.100000;-10;mq;mq;mq;mq;0.000000;0.000000;mq;mq;mq;710.000000;1104.000000;mq;mq;mq;mq;mq;mq;mq;mq;mq;mq;mq;mq;mq;mq;
07558;20110924150000;101360;-30;6;160;4.100000;294.050000;285.250000;57;mq;mq;mq;mq;mq;mq;mq;mq;mq;mq;93380;mq;mq;mq;mq;mq;mq;mq;mq;mq;mq;mq;6.700000;-10;mq;mq;mq;mq;0.000000;0.000000;mq;mq;mq;710.000000;1107.000000;mq;mq;mq;mq;mq;mq;mq;mq;mq;mq;mq;mq;mq;mq;
07577;20110924150000;101460;-80;7;190;3.100000;298.850000;283.850000;39;30000;2;1;1;90;1;1250;32;23;11;100610;mq;mq;mq;mq;mq;mq;mq;mq;mq;mq;mq;5.700000;-10;mq;mq;0.000000;-30;0.000000;0.000000;mq;mq;mq;710.000000;1106.000000;3100.000000;mq;1;8;1380;7;0;7800;mq;mq;mq;mq;mq;mq;
07591;20110924150000;mq;-10;5;210;3.600000;293.850000;281.850000;46;mq;0;mq;mq;mq;mq;mq;mq;mq;mq;91680;mq;mq;mq;mq;mq;mq;mq;mq;mq;mq;mq;7.700000;-10;mq;mq;mq;mq;0.000000;0.000000;mq;mq;mq;710.000000;1108.000000;mq;mq;mq;mq;mq;mq;mq;mq;mq;mq;mq;mq;mq;mq;
07607;20110924150000;101520;-60;6;80;2.600000;295.650000;289.950000;70;20000;0;mq;mq;mq;mq;800;mq;mq;mq;100840;mq;mq;mq;mq;mq;mq;mq;mq;mq;mq;mq;6.200000;-10;mq;mq;mq;mq;0.000000;0.000000;mq;mq;mq;710.000000;1106.000000;mq;mq;mq;mq;mq;mq;mq;mq;mq;mq;mq;mq;mq;mq;
07621;20110924150000;101440;-50;5;60;2.100000;293.850000;288.450000;71;25000;2;1;1;90;7;800;38;61;60;97280;mq;mq;mq;mq;mq;mq;mq;mq;mq;mq;mq;5.100000;-10;mq;mq;0.000000;-30;0.000000;0.000000;mq;mq;mq;710.000000;1105.000000;3100.000000;mq;3;8;690;3;8;900;mq;mq;mq;mq;mq;mq;
07627;20110924150000;101520;-70;6;0;0.000000;291.950000;287.250000;74;20000;1;6;2;90;7;450;38;61;60;96810;mq;mq;mq;mq;mq;mq;mq;mq;mq;mq;mq;1.500000;-10;mq;mq;0.000000;-30;0.000000;0.000000;mq;mq;mq;710.000000;1102.000000;3100.000000;mq;3;8;300;7;6;780;mq;mq;mq;mq;mq;mq;
07630;20110924150000;101500;-60;6;310;1.500000;294.650000;288.050000;66;30000;2;1;1;100;7;800;38;61;60;99770;mq;mq;mq;mq;mq;mq;mq;mq;mq;mq;mq;3.600000;-10;mq;mq;0.000000;-30;0.000000;0.000000;mq;mq;mq;710.000000;1104.000000;3100.000000;mq;3;8;900;5;6;1380;mq;mq;mq;mq;mq;mq;
07643;20110924150000;101520;-60;8;50;2.100000;295.250000;290.650000;75;20000;2;1;1;100;6;800;35;22;60;101430;mq;mq;mq;mq;mq;mq;mq;mq;mq;mq;mq;6.700000;-10;mq;mq;mq;mq;0.000000;0.000000;mq;mq;mq;710.000000;1107.000000;mq;mq;4;6;600;4;6;990;8;4;2700;mq;mq;mq;
07650;20110924150000;101520;-40;6;200;2.600000;295.750000;286.250000;55;40000;2;1;1;100;1;800;32;23;12;101150;mq;mq;mq;mq;mq;mq;mq;mq;mq;mq;mq;6.200000;-10;mq;mq;0.000000;-30;0.000000;0.000000;mq;mq;mq;710.000000;1106.000000;3100.000000;mq;1;8;750;8;0;5400;mq;mq;mq;mq;mq;mq;
07661;20110924150000;101520;-70;6;0;0.000000;295.650000;283.450000;46;20000;2;1;1;100;6;1250;35;22;10;99970;mq;mq;mq;mq;mq;mq;mq;mq;mq;mq;mq;1.500000;-10;mq;mq;mq;mq;0.000000;0.000000;mq;mq;mq;710.000000;1102.000000;mq;mq;6;6;990;5;4;2400;mq;mq;mq;mq;mq;mq;
07690;20110924150000;101580;-40;6;160;1.000000;296.850000;289.850000;65;20000;2;1;1;90;1;1250;32;23;17;101260;mq;mq;mq;mq;mq;mq;mq;mq;mq;mq;mq;4.100000;-10;mq;mq;0.000000;-30;0.000000;0.000000;mq;mq;mq;710.000000;1104.000000;3100.000000;mq;1;8;1350;7;2;6300;mq;mq;mq;mq;mq;mq;
07747;20110924150000;101510;-30;5;200;1.500000;294.050000;291.050000;83;30000;3;6;2;100;4;450;38;28;60;101000;mq;mq;mq;mq;mq;mq;mq;mq;mq;mq;mq;2.600000;-10;mq;mq;0.000000;-30;0.000000;0.000000;mq;mq;mq;710.000000;1103.000000;3100.000000;mq;3;6;300;8;3;3000;mq;mq;mq;mq;mq;mq;
07761;20110924150000;101440;-100;6;220;3.600000;297.050000;290.350000;66;25000;2;1;1;90;1;1250;35;20;18;101340;mq;mq;mq;mq;mq;mq;mq;mq;mq;mq;mq;4.100000;-10;mq;mq;0.000000;-30;0.000000;0.000000;mq;mq;mq;710.000000;1104.000000;3100.000000;mq;1;8;990;7;2;6300;mq;mq;mq;mq;mq;mq;
07790;20110924150000;101530;-30;6;130;2.600000;297.150000;290.450000;66;20000;2;1;1;90;3;800;38;23;12;101390;mq;mq;mq;mq;mq;mq;mq;mq;mq;mq;mq;4.100000;-10;mq;mq;0.000000;-30;0.000000;0.000000;mq;mq;mq;710.000000;1104.000000;3100.000000;mq;1;8;900;3;6;2100;7;0;6900;mq;mq;mq;
61968;20110924150000;101600;mq;mq;70;2.600000;298.050000;292.650000;72;mq;mq;mq;mq;mq;mq;mq;mq;mq;mq;mq;mq;mq;130;mq;mq;mq;mq;mq;mq;mq;mq;5.100000;-10;mq;mq;mq;mq;0.000000;0.000000;mq;mq;mq;710.000000;1105.000000;mq;mq;mq;mq;mq;mq;mq;mq;mq;mq;mq;mq;mq;mq;
61970;20110924150000;101680;mq;mq;mq;mq;299.350000;296.450000;84;mq;mq;mq;mq;mq;mq;mq;mq;mq;mq;mq;mq;mq;180;mq;mq;mq;mq;mq;mq;mq;mq;mq;mq;mq;mq;mq;mq;0.000000;0.000000;mq;mq;mq;mq;mq;mq;mq;mq;mq;mq;mq;mq;mq;mq;mq;mq;mq;mq;mq;
61972;20110924150000;102190;mq;mq;170;8.200000;295.950000;290.150000;70;mq;mq;mq;mq;mq;mq;mq;mq;mq;mq;mq;mq;mq;420;mq;mq;mq;mq;mq;mq;mq;mq;16.500000;-10;mq;mq;mq;mq;0.000000;0.000000;mq;mq;mq;710.000000;1116.000000;mq;mq;mq;mq;mq;mq;mq;mq;mq;mq;mq;mq;mq;mq;
61976;20110924150000;101770;mq;mq;130;7.200000;297.250000;292.950000;77;mq;mq;mq;mq;mq;mq;mq;mq;mq;mq;101620;mq;mq;50;mq;mq;mq;mq;mq;mq;mq;mq;mq;mq;mq;mq;mq;mq;mq;mq;mq;mq;mq;mq;mq;mq;mq;mq;mq;mq;mq;mq;mq;mq;mq;mq;mq;mq;mq;
61980;20110924150000;101990;mq;mq;190;3.100000;295.150000;291.350000;79;10000;15;2;2;90;7;800;38;61;60;mq;mq;mq;80;mq;mq;mq;mq;mq;mq;mq;mq;4.600000;-10;mq;mq;mq;mq;0.000000;0.000000;mq;mq;mq;710.000000;1105.000000;2437.000000;mq;3;8;600;6;6;990;mq;mq;mq;mq;mq;mq;
61996;20110924150000;102380;mq;mq;170;3.600000;280.850000;227.550000;mq;mq;mq;mq;mq;mq;mq;mq;mq;mq;mq;mq;mq;mq;80;mq;mq;mq;mq;mq;mq;mq;mq;5.100000;-10;mq;mq;mq;mq;0.000000;0.000000;mq;mq;mq;710.000000;1105.000000;mq;mq;mq;mq;mq;mq;mq;mq;mq;mq;mq;mq;mq;mq;
67005;20110924150000;101580;mq;mq;270;3.600000;299.650000;295.050000;76;20000;2;1;1;40;2;800;38;27;10;mq;mq;mq;110;mq;mq;mq;mq;mq;mq;mq;mq;5.100000;-10;mq;mq;mq;mq;0.000000;0.000000;mq;mq;mq;710.000000;1105.000000;mq;mq;2;8;660;mq;mq;mq;mq;mq;mq;mq;mq;mq;
71805;20110924150000;101780;-50;8;100;2.100000;286.750000;286.250000;97;20000;1;5;2;90;7;150;35;61;60;101700;mq;mq;mq;mq;mq;mq;mq;mq;mq;mq;mq;4.100000;-10;mq;mq;0.000000;-30;0.000000;0.000000;mq;mq;mq;710.000000;1104.000000;3100.000000;mq;6;7;180;7;6;480;mq;mq;mq;mq;mq;mq;
78897;20110924150000;101380;30;0;50;5.700000;302.350000;297.450000;75;25000;25;8;6;50;4;800;38;20;12;mq;mq;mq;mq;mq;mq;mq;mq;mq;mq;mq;mq;mq;mq;mq;mq;mq;mq;mq;mq;mq;mq;mq;mq;mq;mq;mq;3;8;780;mq;mq;mq;mq;mq;mq;mq;mq;mq;
78922;20110924150000;101340;60;0;360;2.600000;301.850000;299.450000;87;mq;mq;mq;mq;mq;mq;mq;mq;mq;mq;100900;mq;mq;mq;mq;mq;mq;mq;mq;mq;mq;mq;mq;mq;mq;mq;mq;mq;mq;mq;mq;mq;mq;mq;mq;mq;mq;mq;mq;mq;mq;mq;mq;mq;mq;mq;mq;mq;mq;
78925;20110924150000;101360;140;1;10;3.600000;301.150000;298.950000;88;15000;25;8;6;75;6;800;38;20;10;mq;mq;mq;mq;mq;mq;mq;mq;mq;mq;mq;mq;mq;mq;mq;mq;mq;mq;mq;mq;mq;mq;mq;mq;mq;mq;mq;1;8;600;5;8;780;mq;mq;mq;mq;mq;mq;
81401;20110924150000;101260;mq;mq;130;3.600000;305.450000;294.650000;53;mq;mq;mq;mq;mq;mq;mq;mq;mq;mq;101200;mq;mq;mq;mq;mq;mq;mq;mq;mq;mq;mq;mq;mq;mq;mq;mq;mq;mq;0.000000;mq;mq;mq;mq;mq;mq;mq;mq;mq;mq;mq;mq;mq;mq;mq;mq;mq;mq;mq;
81405;20110924150000;101340;mq;mq;120;3.100000;304.450000;296.850000;64;35000;0;mq;mq;75;mq;800;mq;mq;mq;101250;mq;mq;mq;mq;mq;mq;mq;mq;mq;mq;mq;mq;mq;mq;mq;mq;mq;mq;0.000000;mq;mq;mq;mq;mq;mq;mq;mq;mq;mq;mq;mq;mq;mq;mq;mq;mq;mq;mq;
81408;20110924150000;101330;mq;mq;90;3.100000;306.350000;294.850000;51;mq;mq;mq;mq;mq;mq;mq;mq;mq;mq;101250;mq;mq;mq;mq;mq;mq;mq;mq;mq;mq;mq;mq;mq;mq;mq;mq;mq;mq;0.000000;mq;mq;mq;mq;mq;mq;mq;mq;mq;mq;mq;mq;mq;mq;mq;mq;mq;mq;mq;
89642;20110924150000;98400;370;2;110;5.100000;256.050000;247.650000;44;mq;mq;mq;mq;mq;mq;mq;mq;mq;mq;97840;mq;mq;mq;mq;mq;mq;mq;mq;mq;mq;mq;mq;mq;mq;mq;mq;mq;mq;mq;mq;mq;mq;mq;mq;mq;mq;mq;mq;mq;mq;mq;mq;mq;mq;mq;mq;mq;mq;
07005;20110924180000;101540;70;3;340;1.500000;289.150000;285.150000;77;mq;mq;mq;mq;mq;mq;mq;mq;mq;mq;100660;mq;mq;mq;281.850000;mq;294.350000;mq;mq;mq;mq;mq;3.100000;-10;mq;mq;mq;mq;0.000000;0.000000;mq;0.000000;mq;710.000000;1103.000000;mq;mq;mq;mq;mq;mq;mq;mq;mq;mq;mq;mq;mq;mq;
07015;20110924180000;101520;40;3;150;0.500000;290.750000;284.350000;66;30000;2;1;1;25;0;8000;30;20;11;100960;mq;mq;mq;281.750000;mq;295.150000;mq;mq;mq;mq;mq;2.100000;-10;mq;mq;0.000000;-60;0.000000;0.000000;mq;0.200000;mq;710.000000;1102.000000;3100.000000;mq;2;0;6900;mq;mq;mq;mq;mq;mq;mq;mq;mq;
07020;20110924180000;101540;20;3;180;2.100000;288.450000;285.750000;84;mq;mq;mq;mq;mq;mq;mq;mq;mq;mq;101280;mq;mq;mq;287.450000;mq;291.850000;mq;mq;mq;mq;mq;4.100000;-10;mq;mq;mq;mq;0.000000;0.000000;mq;0.000000;mq;710.000000;1104.000000;mq;mq;mq;mq;mq;mq;mq;mq;mq;mq;mq;mq;mq;mq;
07027;20110924180000;101550;100;3;10;1.500000;289.850000;286.350000;80;27000;0;mq;mq;mq;mq;1250;mq;mq;mq;100760;mq;mq;mq;281.050000;mq;295.450000;mq;mq;mq;mq;mq;3.600000;-10;mq;mq;mq;mq;0.000000;0.000000;mq;0.000000;mq;710.000000;1104.000000;mq;mq;mq;mq;mq;mq;mq;mq;mq;mq;mq;mq;mq;mq;
07037;20110924180000;101530;60;3;100;1.500000;289.450000;285.950000;80;1000;45;mq;mq;mq;mq;mq;mq;mq;mq;99740;mq;mq;mq;281.250000;mq;295.250000;mq;mq;mq;mq;mq;2.100000;-10;mq;mq;mq;mq;0.000000;0.000000;mq;0.000000;mq;710.000000;1102.000000;mq;mq;mq;mq;mq;mq;mq;mq;mq;mq;mq;mq;mq;mq;
07110;20110924180000;101440;20;3;190;5.100000;289.750000;287.250000;85;25000;2;1;1;90;7;450;35;61;60;100320;mq;mq;mq;283.550000;mq;293.850000;mq;mq;mq;mq;mq;7.700000;-10;mq;mq;mq;mq;0.000000;0.000000;mq;0.000000;mq;710.000000;1108.000000;mq;mq;7;6;390;mq;mq;mq;mq;mq;mq;mq;mq;mq;
07117;20110924180000;101450;40;3;110;2.100000;289.550000;287.550000;88;25000;2;1;1;60;4;1250;35;23;10;100760;mq;mq;mq;286.550000;mq;295.150000;mq;mq;mq;mq;mq;3.100000;-10;mq;mq;mq;mq;0.000000;0.000000;mq;0.000000;mq;710.000000;1103.000000;2438.000000;mq;mq;mq;mq;mq;mq;mq;mq;mq;mq;mq;mq;mq;
07130;20110924180000;101490;50;3;260;0.500000;292.550000;284.850000;61;40000;0;mq;mq;mq;mq;mq;mq;mq;mq;100980;mq;mq;mq;280.950000;mq;295.650000;mq;mq;mq;mq;mq;1.500000;-10;mq;mq;mq;mq;0.000000;0.000000;mq;0.000000;mq;710.000000;1102.000000;mq;mq;mq;mq;mq;mq;mq;mq;mq;mq;mq;mq;mq;mq;
07139;20110924180000;101500;80;3;270;1.500000;292.450000;284.950000;62;mq;mq;mq;mq;mq;mq;mq;mq;mq;mq;99820;mq;mq;mq;279.050000;mq;296.050000;mq;mq;mq;mq;mq;3.600000;-10;mq;mq;mq;mq;0.000000;0.000000;mq;0.000000;mq;710.000000;1104.000000;mq;mq;mq;mq;mq;mq;mq;mq;mq;mq;mq;mq;mq;mq;
07149;20110924180000;101530;70;3;230;1.000000;291.150000;284.950000;67;22000;2;1;1;40;1;3500;30;23;11;100470;mq;mq;mq;282.650000;mq;296.550000;mq;mq;mq;mq;mq;1.500000;-10;mq;mq;0.000000;-60;0.000000;0.000000;mq;0.000000;mq;710.000000;1102.000000;3100.000000;mq;1;3;3900;3;0;7500;mq;mq;mq;mq;mq;mq;
07168;20110924180000;101570;90;3;0;0.000000;290.650000;286.150000;75;20000;0;mq;mq;mq;mq;mq;mq;mq;mq;100180;mq;mq;mq;278.250000;mq;297.050000;mq;mq;mq;mq;mq;2.600000;-10;mq;mq;mq;mq;0.000000;0.000000;mq;0.000000;mq;710.000000;1103.000000;mq;mq;mq;mq;mq;mq;mq;mq;mq;mq;mq;mq;mq;mq;
07181;20110924180000;101520;70;3;160;2.100000;291.150000;287.050000;77;55000;0;mq;mq;mq;mq;mq;mq;mq;mq;97560;mq;mq;mq;280.550000;mq;296.250000;mq;mq;mq;mq;mq;2.600000;-10;mq;mq;mq;mq;0.000000;0.000000;mq;0.000000;mq;710.000000;1103.000000;mq;mq;mq;mq;mq;mq;mq;mq;mq;mq;mq;mq;mq;mq;
07190;20110924180000;101530;60;3;10;1.500000;291.350000;286.250000;72;17000;0;mq;mq;mq;mq;1750;mq;mq;mq;99760;mq;mq;mq;280.650000;mq;297.250000;mq;mq;mq;mq;mq;2.100000;-10;mq;mq;mq;mq;0.000000;0.000000;mq;0.000000;mq;710.000000;1102.000000;mq;mq;mq;mq;mq;mq;mq;mq;mq;mq;mq;mq;mq;mq;
07207;20110924180000;mq;mq;mq;170;1.500000;290.250000;286.550000;79;25000;2;1;1;25;2;1750;31;20;10;mq;mq;mq;mq;286.050000;mq;293.450000;mq;mq;mq;mq;mq;2.100000;-10;mq;mq;mq;mq;0.000000;0.000000;mq;0.000000;mq;710.000000;1102.000000;2418.000000;mq;mq;mq;mq;mq;mq;mq;mq;mq;mq;mq;mq;mq;
07222;20110924180000;101540;70;3;260;3.100000;290.450000;287.150000;81;25000;2;1;1;10;0;8000;30;20;11;101230;mq;mq;mq;283.050000;mq;294.750000;mq;mq;mq;mq;mq;4.600000;-10;mq;mq;mq;mq;0.000000;0.000000;mq;0.000000;mq;710.000000;1105.000000;mq;mq;1;0;7500;mq;mq;mq;mq;mq;mq;mq;mq;mq;
07240;20110924180000;101510;90;3;130;1.000000;293.750000;286.250000;62;20000;2;1;1;90;7;3500;30;27;60;100210;mq;mq;mq;283.150000;mq;296.850000;mq;mq;mq;mq;mq;3.100000;-10;mq;mq;0.000000;-60;0.000000;0.000000;mq;0.000000;mq;710.000000;1103.000000;3100.000000;mq;7;3;3600;mq;mq;mq;mq;mq;mq;mq;mq;mq;
07255;20110924180000;101530;70;3;0;0.000000;294.050000;286.450000;62;20000;0;mq;mq;mq;mq;mq;mq;mq;mq;99610;mq;mq;mq;282.950000;mq;297.050000;mq;mq;mq;mq;mq;1.500000;-10;mq;mq;mq;mq;0.000000;0.000000;mq;0.000000;mq;710.000000;1102.000000;mq;mq;mq;mq;mq;mq;mq;mq;mq;mq;mq;mq;mq;mq;
07280;20110924180000;101530;70;3;170;1.500000;292.350000;286.750000;70;4100;10;mq;mq;90;mq;mq;mq;mq;mq;98900;mq;mq;mq;281.350000;mq;296.650000;mq;mq;mq;mq;mq;2.100000;-10;mq;mq;mq;mq;0.000000;0.000000;mq;0.000000;mq;710.000000;1102.000000;mq;mq;mq;mq;mq;mq;mq;mq;mq;mq;mq;mq;mq;mq;
07299;20110924180000;101550;80;3;220;1.000000;289.750000;286.450000;81;25000;2;1;1;90;1;3500;30;23;12;98360;mq;mq;mq;281.150000;mq;298.150000;mq;mq;mq;mq;mq;2.600000;-10;mq;mq;0.000000;-60;0.000000;0.000000;mq;0.000000;mq;710.000000;1103.000000;3100.000000;mq;1;3;4500;7;0;6900;mq;mq;mq;mq;mq;mq;
07314;20110924180000;101650;70;2;280;3.100000;291.350000;288.450000;83;mq;mq;mq;mq;mq;mq;mq;mq;mq;mq;101380;mq;mq;mq;289.550000;mq;292.650000;mq;mq;mq;mq;mq;5.100000;-10;mq;mq;mq;mq;0.000000;0.000000;mq;0.000000;mq;710.000000;1105.000000;mq;mq;mq;mq;mq;mq;mq;mq;mq;mq;mq;mq;mq;mq;
07335;20110924180000;101550;50;3;200;3.100000;292.250000;288.350000;78;40000;0;mq;mq;100;mq;mq;mq;mq;mq;100150;mq;mq;mq;281.650000;mq;296.550000;mq;mq;mq;mq;mq;5.100000;-10;mq;mq;mq;mq;0.000000;0.000000;mq;0.000000;mq;710.000000;1105.000000;mq;mq;mq;mq;mq;mq;mq;mq;mq;mq;mq;mq;mq;mq;
07434;20110924180000;101590;60;3;290;2.600000;291.250000;287.750000;80;26000;0;mq;mq;mq;mq;mq;mq;mq;mq;96950;mq;mq;mq;286.650000;mq;294.950000;mq;mq;mq;mq;mq;3.600000;-10;mq;mq;mq;mq;0.000000;0.000000;mq;0.000000;mq;710.000000;1104.000000;mq;mq;mq;mq;mq;mq;mq;mq;mq;mq;mq;mq;mq;mq;
07460;20110924180000;101490;100;3;350;1.000000;293.950000;286.850000;64;30000;2;1;1;90;1;1750;31;23;60;97750;mq;mq;mq;284.550000;mq;298.150000;mq;mq;mq;mq;mq;4.100000;-10;mq;mq;0.000000;-60;0.000000;0.000000;mq;0.000000;mq;710.000000;1104.000000;3100.000000;mq;1;8;1500;7;3;3900;mq;mq;mq;mq;mq;mq;
07471;20110924180000;mq;80;3;220;1.000000;290.250000;280.050000;51;20000;0;mq;mq;mq;mq;mq;mq;mq;mq;92160;85000;17670;mq;279.950000;mq;296.250000;mq;mq;mq;mq;mq;2.600000;-10;mq;mq;mq;mq;0.000000;0.000000;mq;0.000000;mq;710.000000;1103.000000;mq;mq;mq;mq;mq;mq;mq;mq;mq;mq;mq;mq;mq;mq;
07481;20110924180000;101480;60;3;130;2.600000;294.550000;286.450000;60;30000;2;1;1;100;0;mq;30;20;17;98720;mq;mq;mq;284.850000;mq;298.750000;mq;mq;mq;mq;mq;3.600000;-10;mq;mq;0.000000;-60;0.000000;0.000000;mq;0.000000;mq;710.000000;1104.000000;3100.000000;mq;8;2;6900;mq;mq;mq;mq;mq;mq;mq;mq;mq;
07510;20110924180000;101600;20;3;100;2.100000;292.750000;289.550000;82;30000;2;1;1;75;6;2250;35;20;10;100970;mq;mq;mq;289.150000;mq;293.850000;mq;mq;mq;mq;mq;2.600000;-10;mq;mq;0.000000;-60;0.000000;0.000000;mq;2.000000;mq;710.000000;1103.000000;3100.000000;mq;6;6;1800;mq;mq;mq;mq;mq;mq;mq;mq;mq;
07535;20110924180000;101600;80;3;290;1.500000;291.350000;288.050000;81;mq;mq;mq;mq;mq;mq;mq;mq;mq;mq;98570;mq;mq;mq;287.350000;mq;295.550000;mq;mq;mq;mq;mq;4.100000;-10;mq;mq;mq;mq;0.000000;0.000000;mq;0.200000;mq;710.000000;1104.000000;mq;mq;mq;mq;mq;mq;mq;mq;mq;mq;mq;mq;mq;mq;
07558;20110924180000;101540;80;3;140;3.600000;290.850000;286.150000;74;mq;mq;mq;mq;mq;mq;mq;mq;mq;mq;93460;mq;mq;mq;286.550000;mq;295.650000;mq;mq;mq;mq;mq;5.100000;-10;mq;mq;mq;mq;0.000000;0.000000;mq;0.000000;mq;710.000000;1105.000000;mq;mq;mq;mq;mq;mq;mq;mq;mq;mq;mq;mq;mq;mq;
07577;20110924180000;101540;70;3;0;0.000000;294.250000;287.650000;66;20000;0;mq;mq;mq;mq;mq;mq;mq;mq;100680;mq;mq;mq;284.250000;mq;299.350000;mq;mq;mq;mq;mq;2.600000;-10;mq;mq;mq;mq;0.000000;0.000000;mq;0.000000;mq;710.000000;1103.000000;mq;mq;mq;mq;mq;mq;mq;mq;mq;mq;mq;mq;mq;mq;
07591;20110924180000;mq;150;3;210;3.100000;289.650000;284.550000;72;mq;61;mq;mq;mq;mq;mq;mq;mq;mq;91830;mq;mq;mq;285.150000;mq;295.750000;mq;mq;mq;mq;mq;11.300000;-10;mq;mq;mq;mq;0.000000;0.000000;mq;0.200000;mq;710.000000;1111.000000;mq;mq;mq;mq;mq;mq;mq;mq;mq;mq;mq;mq;mq;mq;
07607;20110924180000;101590;60;3;100;1.500000;293.150000;290.150000;83;20000;0;mq;mq;mq;mq;mq;mq;mq;mq;100900;mq;mq;mq;291.050000;mq;296.450000;mq;mq;mq;mq;mq;2.600000;-10;mq;mq;mq;mq;0.000000;0.000000;mq;mq;mq;710.000000;1103.000000;mq;mq;mq;mq;mq;mq;mq;mq;mq;mq;mq;mq;mq;mq;
07621;20110924180000;101590;110;3;360;0.500000;291.350000;289.550000;89;20000;1;6;2;75;6;800;38;20;10;97390;mq;mq;mq;289.350000;mq;295.050000;mq;mq;mq;mq;mq;2.600000;-10;mq;mq;0.000000;-60;0.000000;0.000000;mq;2.000000;mq;710.000000;1103.000000;3100.000000;mq;3;8;690;3;8;990;mq;mq;mq;mq;mq;mq;
07627;20110924180000;101620;50;3;200;1.000000;289.150000;287.150000;88;mq;mq;mq;mq;mq;mq;mq;mq;mq;mq;96860;mq;mq;mq;288.250000;mq;293.450000;mq;mq;mq;mq;mq;1.500000;-10;mq;mq;mq;mq;0.000000;0.000000;mq;0.000000;mq;710.000000;1102.000000;mq;mq;mq;mq;mq;mq;mq;mq;mq;mq;mq;mq;mq;mq;
07630;20110924180000;101590;80;3;320;2.600000;293.550000;288.150000;71;30000;2;1;1;90;5;1750;35;23;60;99850;mq;mq;mq;291.250000;mq;295.450000;mq;mq;mq;mq;mq;4.100000;-10;mq;mq;0.000000;-60;0.000000;0.000000;mq;0.000000;mq;710.000000;1104.000000;3100.000000;mq;5;6;1500;5;3;4500;mq;mq;mq;mq;mq;mq;
07643;20110924180000;101610;90;3;200;2.100000;293.550000;291.450000;88;15000;2;1;1;100;1;800;35;22;60;101520;mq;mq;mq;286.650000;mq;296.350000;mq;mq;mq;mq;mq;4.100000;-10;mq;mq;mq;mq;0.000000;0.000000;mq;0.000000;mq;710.000000;1104.000000;mq;mq;1;6;600;8;4;2700;mq;mq;mq;mq;mq;mq;
07650;20110924180000;101550;30;3;240;1.500000;295.950000;283.750000;46;35000;2;1;1;100;1;800;32;28;60;101180;mq;mq;mq;288.050000;mq;300.850000;mq;mq;mq;mq;mq;4.600000;-10;mq;mq;0.000000;-60;0.000000;0.000000;mq;0.000000;mq;710.000000;1105.000000;3100.000000;mq;1;8;600;3;3;3000;7;3;3900;mq;mq;mq;
07661;20110924180000;101570;50;3;120;4.100000;294.750000;287.150000;62;mq;mq;mq;mq;mq;mq;mq;mq;mq;mq;100020;mq;mq;mq;289.650000;mq;296.250000;mq;mq;mq;mq;mq;5.100000;-10;mq;mq;mq;mq;0.000000;0.000000;mq;0.000000;mq;710.000000;1105.000000;mq;mq;mq;mq;mq;mq;mq;mq;mq;mq;mq;mq;mq;mq;
07690;20110924180000;101600;10;3;80;1.000000;296.150000;289.450000;66;20000;2;1;1;90;1;3500;30;27;60;101270;mq;mq;mq;292.750000;mq;298.850000;mq;mq;mq;mq;mq;1.500000;-10;mq;mq;0.000000;-60;0.000000;0.000000;mq;0.000000;mq;710.000000;1102.000000;3100.000000;mq;1;3;3000;7;4;4800;mq;mq;mq;mq;mq;mq;
07747;20110924180000;101570;60;1;360;2.100000;293.550000;290.950000;85;50000;0;mq;mq;mq;mq;mq;mq;mq;mq;101060;mq;mq;mq;292.150000;mq;294.550000;mq;mq;mq;mq;mq;2.600000;-10;mq;mq;mq;mq;0.000000;0.000000;mq;1.000000;mq;710.000000;1103.000000;mq;mq;mq;mq;mq;mq;mq;mq;mq;mq;mq;mq;mq;mq;
07761;20110924180000;101560;120;2;160;2.100000;295.150000;289.450000;70;25000;2;1;1;75;3;1250;38;25;18;101460;mq;mq;mq;289.350000;mq;298.450000;mq;mq;mq;mq;mq;3.600000;-10;mq;mq;0.000000;-60;0.000000;0.000000;mq;0.000000;mq;710.000000;1104.000000;3100.000000;mq;2;8;990;5;3;4500;6;2;5100;mq;mq;mq;
07790;20110924180000;101590;60;3;150;1.500000;294.250000;291.050000;82;20000;2;1;1;90;1;800;35;20;12;101450;mq;mq;mq;289.950000;mq;299.050000;mq;mq;mq;mq;mq;2.600000;-10;mq;mq;0.000000;-60;0.000000;0.000000;mq;0.000000;mq;710.000000;1103.000000;3100.000000;mq;1;6;690;7;0;6900;mq;mq;mq;mq;mq;mq;
61968;20110924180000;101720;mq;mq;70;4.600000;297.750000;292.350000;72;mq;mq;mq;mq;mq;mq;mq;mq;mq;mq;mq;mq;mq;110;mq;mq;302.950000;mq;mq;mq;mq;mq;8.700000;-10;mq;mq;mq;mq;0.000000;mq;mq;0.000000;mq;710.000000;1109.000000;mq;mq;mq;mq;mq;mq;mq;mq;mq;mq;mq;mq;mq;mq;
61970;20110924180000;101850;mq;mq;mq;mq;298.450000;295.550000;84;mq;mq;mq;mq;mq;mq;mq;mq;mq;mq;mq;mq;mq;190;mq;mq;303.250000;mq;mq;mq;mq;mq;mq;mq;mq;mq;mq;mq;0.000000;mq;mq;0.000000;mq;mq;mq;mq;mq;mq;mq;mq;mq;mq;mq;mq;mq;mq;mq;mq;mq;
61972;20110924180000;102360;mq;mq;180;9.300000;295.350000;289.650000;70;mq;mq;mq;mq;mq;mq;mq;mq;mq;mq;mq;mq;mq;420;mq;mq;299.350000;mq;mq;mq;mq;mq;15.400000;-10;mq;mq;mq;mq;0.000000;mq;mq;0.000000;mq;710.000000;1115.000000;mq;mq;mq;mq;mq;mq;mq;mq;mq;mq;mq;mq;mq;mq;
61976;20110924180000;101950;mq;mq;130;8.200000;296.950000;292.850000;78;mq;mq;mq;mq;mq;mq;mq;mq;mq;mq;101800;mq;mq;60;mq;mq;mq;mq;mq;mq;mq;mq;mq;mq;mq;mq;mq;mq;mq;mq;mq;mq;mq;mq;mq;mq;mq;mq;mq;mq;mq;mq;mq;mq;mq;mq;mq;mq;mq;
61980;20110924180000;102120;mq;mq;190;1.500000;294.550000;289.750000;74;10000;1;6;2;75;6;800;38;20;10;mq;mq;mq;80;mq;mq;299.350000;mq;mq;mq;mq;mq;3.100000;-10;mq;mq;mq;mq;0.000000;mq;mq;0.000000;mq;710.000000;1103.000000;mq;mq;2;8;600;6;6;1500;mq;mq;mq;mq;mq;mq;
61997;20110924180000;101140;mq;mq;220;13.900000;272.450000;265.850000;57;mq;mq;mq;mq;mq;mq;mq;mq;mq;mq;mq;mq;mq;1110;mq;mq;277.750000;mq;mq;mq;mq;mq;29.300000;-60;mq;mq;mq;mq;mq;mq;mq;1.000000;mq;1129.000000;mq;mq;mq;mq;mq;mq;mq;mq;mq;mq;mq;mq;mq;mq;mq;
67005;20110924180000;101720;mq;mq;0;1.000000;298.250000;295.350000;84;mq;0;mq;mq;mq;mq;mq;mq;mq;mq;mq;mq;mq;110;mq;mq;302.050000;mq;mq;mq;mq;mq;2.600000;-10;mq;mq;mq;mq;0.000000;mq;mq;0.000000;mq;710.000000;1103.000000;mq;mq;mq;mq;mq;mq;mq;mq;mq;mq;mq;mq;mq;mq;
71805;20110924180000;101650;-130;8;230;2.100000;286.750000;285.450000;92;25000;1;5;2;90;7;150;35;61;60;101570;mq;mq;mq;mq;284.450000;287.650000;mq;mq;mq;mq;mq;3.100000;-10;mq;mq;0.000000;-60;0.000000;0.000000;mq;1.000000;mq;710.000000;1103.000000;3100.000000;mq;3;7;180;7;6;390;mq;mq;mq;mq;mq;mq;
78897;20110924180000;101180;-200;8;10;3.600000;301.850000;297.850000;79;24000;0;mq;mq;90;mq;800;mq;mq;mq;mq;mq;mq;mq;mq;297.750000;302.650000;mq;mq;mq;mq;mq;mq;mq;mq;mq;mq;mq;mq;mq;4.000000;mq;4.200000;mq;mq;mq;mq;mq;mq;mq;mq;mq;mq;mq;mq;mq;mq;mq;mq;
78922;20110924180000;101150;-190;8;360;2.600000;305.150000;298.050000;66;mq;mq;mq;mq;mq;mq;mq;mq;mq;mq;100710;mq;mq;mq;mq;mq;mq;mq;mq;mq;mq;mq;mq;mq;mq;mq;mq;mq;mq;mq;mq;mq;mq;mq;mq;mq;mq;mq;mq;mq;mq;mq;mq;mq;mq;mq;mq;mq;mq;
78925;20110924180000;101150;-210;6;160;2.600000;302.850000;299.850000;84;15000;1;8;6;75;6;800;39;20;10;mq;mq;mq;mq;mq;297.850000;304.550000;mq;mq;mq;mq;mq;mq;mq;mq;mq;mq;mq;mq;mq;0.400000;mq;mq;mq;mq;mq;mq;1;8;600;4;8;780;mq;mq;mq;mq;mq;mq;
81401;20110924180000;101010;mq;mq;120;2.600000;307.350000;293.350000;44;mq;mq;mq;mq;mq;mq;mq;mq;mq;mq;100950;mq;mq;mq;mq;mq;mq;mq;mq;mq;mq;mq;mq;mq;mq;mq;mq;mq;mq;0.000000;0.000000;mq;mq;mq;mq;mq;mq;mq;mq;mq;mq;mq;mq;mq;mq;mq;mq;mq;mq;
81405;20110924180000;101110;mq;mq;80;5.700000;305.250000;295.950000;58;10000;2;1;1;25;2;1250;32;20;10;101020;mq;mq;mq;mq;mq;mq;mq;mq;mq;mq;mq;mq;mq;mq;mq;mq;mq;mq;0.000000;0.000000;mq;mq;mq;mq;mq;mq;mq;mq;mq;mq;mq;mq;mq;mq;mq;mq;mq;mq;
81408;20110924180000;101070;mq;mq;100;2.600000;307.350000;291.850000;40;mq;mq;mq;mq;mq;mq;mq;mq;mq;mq;100990;mq;mq;mq;mq;mq;mq;mq;mq;mq;mq;mq;mq;mq;mq;mq;mq;mq;mq;0.000000;0.000000;mq;mq;mq;mq;mq;mq;mq;mq;mq;mq;mq;mq;mq;mq;mq;mq;mq;mq;
89642;20110924180000;98750;340;1;150;12.300000;252.750000;247.150000;58;mq;mq;mq;mq;mq;mq;mq;mq;mq;mq;98180;mq;mq;mq;mq;mq;mq;mq;mq;mq;mq;19.000000;22.600000;-60;mq;mq;mq;mq;mq;mq;mq;mq;mq;1019.000000;1123.000000;mq;mq;mq;mq;mq;mq;mq;mq;mq;mq;mq;mq;mq;mq;
07005;20110924210000;101670;120;1;150;1.000000;287.250000;284.450000;83;mq;mq;mq;mq;mq;mq;mq;mq;mq;mq;100780;mq;mq;mq;mq;mq;mq;mq;mq;mq;mq;mq;2.600000;-10;mq;mq;mq;mq;0.000000;0.000000;mq;mq;mq;710.000000;1103.000000;mq;mq;mq;mq;mq;mq;mq;mq;mq;mq;mq;mq;mq;mq;
07015;20110924210000;101650;120;1;0;0.000000;286.150000;284.350000;89;12000;0;mq;mq;mq;mq;mq;mq;mq;mq;101080;mq;mq;mq;mq;mq;mq;mq;mq;mq;mq;mq;0.000000;-10;mq;mq;mq;mq;0.000000;0.000000;mq;mq;mq;710.000000;1100.000000;mq;mq;mq;mq;mq;mq;mq;mq;mq;mq;mq;mq;mq;mq;
07020;20110924210000;101620;80;1;160;2.600000;287.650000;283.250000;75;18000;2;1;1;40;1;3500;30;23;11;101360;mq;mq;mq;mq;mq;mq;mq;mq;mq;mq;mq;5.100000;-10;mq;mq;mq;mq;0.000000;0.000000;mq;mq;mq;710.000000;1105.000000;mq;mq;1;3;2400;mq;mq;mq;mq;mq;mq;mq;mq;mq;
07027;20110924210000;101660;100;1;150;1.500000;286.150000;284.850000;92;10000;0;mq;mq;mq;mq;mq;mq;mq;mq;100860;mq;mq;mq;mq;mq;mq;mq;mq;mq;mq;mq;1.500000;-10;mq;mq;mq;mq;0.000000;0.000000;mq;mq;mq;710.000000;1102.000000;mq;mq;mq;mq;mq;mq;mq;mq;mq;mq;mq;mq;mq;mq;
07037;20110924210000;101660;110;1;110;1.500000;286.350000;285.050000;92;29000;0;mq;mq;mq;mq;mq;mq;mq;mq;99850;mq;mq;mq;mq;mq;mq;mq;mq;mq;mq;mq;3.100000;-10;mq;mq;mq;mq;0.000000;0.000000;mq;mq;mq;710.000000;1103.000000;mq;mq;mq;mq;mq;mq;mq;mq;mq;mq;mq;mq;mq;mq;
07110;20110924210000;101510;70;2;180;3.600000;289.150000;287.850000;92;10000;2;1;1;90;7;450;36;61;60;100390;mq;mq;mq;mq;mq;mq;mq;mq;mq;mq;mq;8.200000;-10;mq;mq;mq;mq;0.000000;0.000000;mq;mq;mq;710.000000;1108.000000;mq;mq;7;7;300;mq;mq;mq;mq;mq;mq;mq;mq;mq;
07117;20110924210000;101550;100;1;210;3.600000;287.950000;284.550000;80;20000;2;1;1;50;2;800;35;27;10;100860;mq;mq;mq;mq;mq;mq;mq;mq;mq;mq;mq;6.200000;-10;mq;mq;mq;mq;0.000000;0.000000;mq;mq;mq;710.000000;1106.000000;2428.000000;mq;mq;mq;mq;mq;mq;mq;mq;mq;mq;mq;mq;mq;
07130;20110924210000;101670;170;1;270;1.500000;287.050000;284.750000;86;26000;0;mq;mq;mq;mq;mq;mq;mq;mq;101150;mq;mq;mq;mq;mq;mq;mq;mq;mq;mq;mq;3.600000;-10;mq;mq;mq;mq;0.000000;0.000000;mq;mq;mq;710.000000;1104.000000;mq;mq;mq;mq;mq;mq;mq;mq;mq;mq;mq;mq;mq;mq;
07139;20110924210000;101620;100;1;360;2.100000;289.050000;285.950000;82;mq;mq;mq;mq;mq;mq;mq;mq;mq;mq;99920;mq;mq;mq;mq;mq;mq;mq;mq;mq;mq;mq;2.100000;-10;mq;mq;mq;mq;0.000000;0.000000;mq;mq;mq;710.000000;1102.000000;mq;mq;mq;mq;mq;mq;mq;mq;mq;mq;mq;mq;mq;mq;
07149;20110924210000;101670;120;1;260;1.000000;286.650000;284.350000;86;18000;2;1;1;25;0;8000;30;20;11;100590;mq;mq;mq;mq;mq;mq;mq;mq;mq;mq;mq;1.500000;-10;mq;mq;0.000000;-30;0.000000;0.000000;mq;mq;mq;710.000000;1102.000000;3100.000000;mq;2;0;7500;mq;mq;mq;mq;mq;mq;mq;mq;mq;
07168;20110924210000;101720;120;1;150;1.000000;285.450000;283.550000;88;19000;0;mq;mq;mq;mq;mq;mq;mq;mq;100300;mq;mq;mq;mq;mq;mq;mq;mq;mq;mq;mq;1.500000;-10;mq;mq;mq;mq;0.000000;0.000000;mq;mq;mq;710.000000;1102.000000;mq;mq;mq;mq;mq;mq;mq;mq;mq;mq;mq;mq;mq;mq;
07181;20110924210000;101690;120;1;240;1.000000;288.450000;286.250000;87;35000;0;mq;mq;100;mq;mq;mq;mq;mq;97680;mq;mq;mq;mq;mq;mq;mq;mq;mq;mq;mq;1.500000;-10;mq;mq;mq;mq;0.000000;0.000000;mq;mq;mq;710.000000;1102.000000;mq;mq;mq;mq;mq;mq;mq;mq;mq;mq;mq;mq;mq;mq;
07190;20110924210000;101700;140;1;220;0.500000;286.750000;284.750000;88;15000;0;mq;mq;mq;mq;mq;mq;mq;mq;99900;mq;mq;mq;mq;mq;mq;mq;mq;mq;mq;mq;1.000000;-10;mq;mq;mq;mq;0.000000;0.000000;mq;mq;mq;710.000000;1101.000000;mq;mq;mq;mq;mq;mq;mq;mq;mq;mq;mq;mq;mq;mq;
07207;20110924210000;mq;mq;mq;160;2.600000;289.550000;287.550000;88;20000;2;1;1;10;1;1750;31;20;10;mq;mq;mq;mq;mq;mq;mq;mq;mq;mq;mq;mq;3.600000;-10;mq;mq;mq;mq;0.000000;0.000000;mq;mq;mq;710.000000;1104.000000;2418.000000;mq;mq;mq;mq;mq;mq;mq;mq;mq;mq;mq;mq;mq;
07222;20110924210000;101690;150;1;0;0.000000;286.650000;285.850000;95;20000;2;1;1;0;mq;mq;mq;mq;mq;101380;mq;mq;mq;mq;mq;mq;mq;mq;mq;mq;mq;1.500000;-10;mq;mq;mq;mq;0.000000;0.000000;mq;mq;mq;710.000000;1102.000000;mq;mq;mq;mq;mq;mq;mq;mq;mq;mq;mq;mq;mq;mq;
07240;20110924210000;101630;110;1;150;2.100000;291.650000;287.550000;77;20000;2;1;1;90;7;3500;30;27;60;100320;mq;mq;mq;mq;mq;mq;mq;mq;mq;mq;mq;2.600000;-10;mq;mq;0.000000;-30;0.000000;0.000000;mq;mq;mq;710.000000;1103.000000;3100.000000;mq;7;3;3000;mq;mq;mq;mq;mq;mq;mq;mq;mq;
07255;20110924210000;101690;130;1;260;1.000000;290.850000;286.750000;77;20000;0;mq;mq;mq;mq;mq;mq;mq;mq;99740;mq;mq;mq;mq;mq;mq;mq;mq;mq;mq;mq;1.500000;-10;mq;mq;mq;mq;0.000000;0.000000;mq;mq;mq;710.000000;1102.000000;mq;mq;mq;mq;mq;mq;mq;mq;mq;mq;mq;mq;mq;mq;
07280;20110924210000;101690;120;1;0;0.000000;288.350000;286.350000;88;50000;0;mq;mq;100;mq;mq;mq;mq;mq;99020;mq;mq;mq;mq;mq;mq;mq;mq;mq;mq;mq;2.100000;-10;mq;mq;mq;mq;0.000000;0.000000;mq;mq;mq;710.000000;1102.000000;mq;mq;mq;mq;mq;mq;mq;mq;mq;mq;mq;mq;mq;mq;
07299;20110924210000;101750;160;1;0;0.000000;286.350000;285.450000;94;18000;2;1;1;90;0;8000;30;20;12;98520;mq;mq;mq;mq;mq;mq;mq;mq;mq;mq;mq;1.500000;-10;mq;mq;0.000000;-30;0.000000;0.000000;mq;mq;mq;710.000000;1102.000000;3100.000000;mq;7;0;6900;mq;mq;mq;mq;mq;mq;mq;mq;mq;
07314;20110924210000;101750;100;1;320;2.100000;290.650000;288.250000;86;20000;2;1;1;40;1;800;31;27;10;101480;mq;mq;mq;mq;mq;mq;mq;mq;mq;mq;mq;3.100000;-10;mq;mq;mq;mq;0.000000;mq;mq;mq;mq;710.000000;1103.000000;mq;mq;1;8;600;mq;mq;mq;mq;mq;mq;mq;mq;mq;
07335;20110924210000;101680;120;1;230;2.600000;290.350000;288.850000;91;22000;0;mq;mq;100;mq;mq;mq;mq;mq;100270;mq;mq;mq;mq;mq;mq;mq;mq;mq;mq;mq;4.600000;-10;mq;mq;mq;mq;0.000000;0.000000;mq;mq;mq;710.000000;1105.000000;mq;mq;mq;mq;mq;mq;mq;mq;mq;mq;mq;mq;mq;mq;
07434;20110924210000;101730;100;1;300;3.100000;289.050000;286.350000;84;28000;0;mq;mq;mq;mq;mq;mq;mq;mq;97050;mq;mq;mq;mq;mq;mq;mq;mq;mq;mq;mq;4.100000;-10;mq;mq;mq;mq;0.000000;0.000000;mq;mq;mq;710.000000;1104.000000;mq;mq;mq;mq;mq;mq;mq;mq;mq;mq;mq;mq;mq;mq;
07460;20110924210000;101660;150;1;320;1.500000;292.750000;286.950000;69;30000;2;1;1;90;1;1750;35;23;60;97900;mq;mq;mq;mq;mq;mq;mq;mq;mq;mq;mq;2.600000;-10;mq;mq;0.000000;-30;0.000000;0.000000;mq;mq;mq;710.000000;1103.000000;3100.000000;mq;1;6;1500;7;3;3300;mq;mq;mq;mq;mq;mq;
07471;20110924210000;mq;120;1;220;1.000000;285.450000;281.350000;76;20000;0;mq;mq;mq;mq;mq;mq;mq;mq;92280;85000;17780;mq;mq;mq;mq;mq;mq;mq;mq;mq;1.500000;-10;mq;mq;mq;mq;0.000000;0.000000;mq;mq;mq;710.000000;1102.000000;mq;mq;mq;mq;mq;mq;mq;mq;mq;mq;mq;mq;mq;mq;
07481;20110924210000;101670;150;1;60;1.500000;290.950000;284.950000;68;30000;2;1;1;75;0;mq;30;20;12;98870;mq;mq;mq;mq;mq;mq;mq;mq;mq;mq;mq;2.100000;-10;mq;mq;0.000000;-30;0.000000;0.000000;mq;mq;mq;710.000000;1102.000000;3100.000000;mq;6;0;6900;mq;mq;mq;mq;mq;mq;mq;mq;mq;
07510;20110924210000;101730;120;1;280;1.000000;288.650000;288.350000;98;8000;11;1;1;10;1;2250;35;20;10;101090;mq;mq;mq;mq;mq;mq;mq;mq;mq;mq;mq;1.500000;-10;mq;mq;0.000000;-30;0.000000;0.000000;mq;mq;mq;710.000000;1102.000000;3100.000000;mq;1;6;2100;mq;mq;mq;mq;mq;mq;mq;mq;mq;
07535;20110924210000;101730;100;1;130;1.500000;288.850000;287.750000;93;mq;mq;mq;mq;mq;mq;mq;mq;mq;mq;98670;mq;mq;mq;mq;mq;mq;mq;mq;mq;mq;mq;2.100000;-10;mq;mq;mq;mq;0.000000;0.000000;mq;mq;mq;710.000000;1102.000000;mq;mq;mq;mq;mq;mq;mq;mq;mq;mq;mq;mq;mq;mq;
07558;20110924210000;101730;150;2;160;2.100000;289.650000;286.950000;84;mq;mq;mq;mq;mq;mq;mq;mq;mq;mq;93610;mq;mq;mq;mq;mq;mq;mq;mq;mq;mq;mq;4.600000;-10;mq;mq;mq;mq;0.000000;0.000000;mq;mq;mq;710.000000;1105.000000;mq;mq;mq;mq;mq;mq;mq;mq;mq;mq;mq;mq;mq;mq;
07577;20110924210000;101710;160;1;0;0.000000;290.550000;287.250000;81;20000;0;mq;mq;mq;mq;mq;mq;mq;mq;100840;mq;mq;mq;mq;mq;mq;mq;mq;mq;mq;mq;1.000000;-10;mq;mq;mq;mq;0.000000;0.000000;mq;mq;mq;710.000000;1101.000000;mq;mq;mq;mq;mq;mq;mq;mq;mq;mq;mq;mq;mq;mq;
07591;20110924210000;mq;150;1;0;0.000000;287.050000;286.450000;96;mq;0;mq;mq;mq;mq;mq;mq;mq;mq;91980;mq;mq;mq;mq;mq;mq;mq;mq;mq;mq;mq;1.000000;-10;mq;mq;mq;mq;0.200000;1.000000;mq;mq;mq;710.000000;1101.000000;mq;mq;mq;mq;mq;mq;mq;mq;mq;mq;mq;mq;mq;mq;
07607;20110924210000;101720;120;1;120;1.000000;290.250000;289.450000;95;17000;0;mq;mq;100;mq;mq;mq;mq;mq;101020;mq;mq;mq;mq;mq;mq;mq;mq;mq;mq;mq;2.600000;-10;mq;mq;mq;mq;0.000000;0.000000;mq;mq;mq;710.000000;1103.000000;mq;mq;mq;mq;mq;mq;mq;mq;mq;mq;mq;mq;mq;mq;
07621;20110924210000;101730;100;2;0;0.000000;288.750000;288.150000;96;20000;2;1;1;25;2;3500;30;23;10;97490;mq;mq;mq;mq;mq;mq;mq;mq;mq;mq;mq;2.100000;-10;mq;mq;0.000000;-30;0.000000;0.000000;mq;mq;mq;710.000000;1102.000000;3100.000000;mq;2;3;3900;mq;mq;mq;mq;mq;mq;mq;mq;mq;
07627;20110924210000;101730;80;0;160;3.600000;287.850000;285.850000;88;mq;mq;mq;mq;mq;mq;mq;mq;mq;mq;96940;mq;mq;mq;mq;mq;mq;mq;mq;mq;mq;mq;5.700000;-10;mq;mq;mq;mq;0.000000;0.000000;mq;mq;mq;710.000000;1106.000000;mq;mq;mq;mq;mq;mq;mq;mq;mq;mq;mq;mq;mq;mq;
07630;20110924210000;101730;120;1;350;1.500000;291.050000;287.750000;81;30000;2;1;1;0;mq;mq;mq;mq;mq;99970;mq;mq;mq;mq;mq;mq;mq;mq;mq;mq;mq;2.100000;-10;mq;mq;0.000000;-30;0.000000;0.000000;mq;mq;mq;710.000000;1102.000000;3100.000000;mq;mq;mq;mq;mq;mq;mq;mq;mq;mq;mq;mq;mq;
07643;20110924210000;101740;130;1;340;1.500000;292.650000;290.950000;90;10000;2;1;1;90;1;800;35;23;60;101650;mq;mq;mq;mq;mq;mq;mq;mq;mq;mq;mq;2.100000;-10;mq;mq;mq;mq;0.000000;0.000000;mq;mq;mq;710.000000;1102.000000;mq;mq;1;6;600;7;3;2700;mq;mq;mq;mq;mq;mq;
07650;20110924210000;101730;170;1;40;1.000000;293.750000;287.450000;67;35000;2;1;1;100;7;3500;30;28;60;101350;mq;mq;mq;mq;mq;mq;mq;mq;mq;mq;mq;1.500000;-10;mq;mq;0.000000;-30;0.000000;0.000000;mq;mq;mq;710.000000;1102.000000;3100.000000;mq;3;3;3300;7;3;3900;mq;mq;mq;mq;mq;mq;
07661;20110924210000;101690;110;1;340;3.100000;292.650000;290.050000;85;mq;mq;mq;mq;mq;mq;mq;mq;mq;mq;100130;mq;mq;mq;mq;mq;mq;mq;mq;mq;mq;mq;4.600000;-10;mq;mq;mq;mq;0.000000;0.000000;mq;mq;mq;710.000000;1105.000000;mq;mq;mq;mq;mq;mq;mq;mq;mq;mq;mq;mq;mq;mq;
07690;20110924210000;101710;110;1;20;1.000000;295.550000;288.850000;66;20000;2;1;1;90;5;2250;35;27;60;101380;mq;mq;mq;mq;mq;mq;mq;mq;mq;mq;mq;2.100000;-10;mq;mq;0.000000;-30;0.000000;0.000000;mq;mq;mq;710.000000;1102.000000;3100.000000;mq;5;6;2100;7;4;4800;mq;mq;mq;mq;mq;mq;
07747;20110924210000;101740;160;3;220;2.600000;291.150000;289.950000;93;19000;0;mq;mq;mq;mq;mq;mq;mq;mq;101220;mq;mq;mq;mq;mq;mq;mq;mq;mq;mq;mq;4.100000;-10;mq;mq;mq;mq;0.000000;0.000000;mq;mq;mq;710.000000;1104.000000;mq;mq;mq;mq;mq;mq;mq;mq;mq;mq;mq;mq;mq;mq;
07761;20110924210000;101660;90;1;40;2.600000;292.350000;289.750000;85;20000;21;6;2;90;3;1250;38;25;60;101550;mq;mq;mq;mq;mq;mq;mq;mq;mq;mq;mq;4.600000;-10;mq;mq;0.000000;-30;0.200000;0.200000;mq;mq;mq;710.000000;1105.000000;3100.000000;mq;2;8;990;7;3;3300;mq;mq;mq;mq;mq;mq;
07790;20110924210000;101690;100;1;230;0.500000;291.050000;289.550000;91;20000;2;1;1;60;1;800;35;27;12;101550;mq;mq;mq;mq;mq;mq;mq;mq;mq;mq;mq;1.500000;-10;mq;mq;0.000000;-30;0.000000;0.000000;mq;mq;mq;710.000000;1102.000000;3100.000000;mq;1;6;900;3;3;5400;5;0;6900;mq;mq;mq;
61968;20110924210000;101670;mq;mq;80;4.100000;297.650000;292.750000;74;mq;mq;mq;mq;mq;mq;mq;mq;mq;mq;mq;mq;mq;110;mq;mq;mq;mq;mq;mq;mq;mq;8.200000;-10;mq;mq;mq;mq;0.000000;0.000000;mq;mq;mq;710.000000;1108.000000;mq;mq;mq;mq;mq;mq;mq;mq;mq;mq;mq;mq;mq;mq;
61970;20110924210000;101850;mq;mq;mq;mq;297.950000;294.850000;83;mq;mq;mq;mq;mq;mq;mq;mq;mq;mq;mq;mq;mq;190;mq;mq;mq;mq;mq;mq;mq;mq;mq;mq;mq;mq;mq;mq;0.000000;0.000000;mq;mq;mq;mq;mq;mq;mq;mq;mq;mq;mq;mq;mq;mq;mq;mq;mq;mq;mq;
61972;20110924210000;102310;mq;mq;170;9.300000;295.050000;289.750000;72;mq;mq;mq;mq;mq;mq;mq;mq;mq;mq;mq;mq;mq;310;mq;mq;mq;mq;mq;mq;mq;mq;15.900000;-10;mq;mq;mq;mq;0.000000;0.000000;mq;mq;mq;710.000000;1116.000000;mq;mq;mq;mq;mq;mq;mq;mq;mq;mq;mq;mq;mq;mq;
61980;20110924210000;102050;mq;mq;170;3.100000;293.450000;289.450000;78;55000;0;mq;mq;mq;mq;mq;mq;mq;mq;mq;mq;mq;100;mq;mq;mq;mq;mq;mq;mq;mq;4.100000;-10;mq;mq;mq;mq;0.000000;0.000000;mq;mq;mq;710.000000;1104.000000;mq;mq;mq;mq;mq;mq;mq;mq;mq;mq;mq;mq;mq;mq;
67005;20110924210000;101660;mq;mq;340;1.500000;297.750000;295.850000;89;mq;0;mq;mq;mq;mq;mq;mq;mq;mq;mq;mq;mq;110;mq;mq;mq;mq;mq;mq;mq;mq;3.600000;-10;mq;mq;mq;mq;0.000000;0.000000;mq;mq;mq;710.000000;1104.000000;mq;mq;mq;mq;mq;mq;mq;mq;mq;mq;mq;mq;mq;mq;
71805;20110924210000;101530;-120;6;240;3.600000;286.050000;285.450000;96;30000;2;1;1;90;7;150;35;61;60;101450;mq;mq;mq;mq;mq;mq;mq;mq;mq;mq;mq;4.600000;-10;mq;mq;0.000000;-30;0.000000;0.000000;mq;mq;mq;710.000000;1105.000000;3100.000000;mq;5;7;120;7;6;360;mq;mq;mq;mq;mq;mq;
78897;20110924210000;101210;30;3;240;1.000000;298.750000;297.550000;93;18000;29;9;8;90;7;450;39;61;60;mq;mq;mq;mq;mq;mq;mq;mq;mq;mq;mq;mq;mq;mq;mq;mq;mq;mq;mq;mq;mq;mq;mq;mq;mq;mq;mq;1;9;450;3;8;600;6;6;1200;mq;mq;mq;
78922;20110924210000;101150;0;5;10;4.600000;301.450000;297.050000;77;mq;mq;mq;mq;mq;mq;mq;mq;mq;mq;100710;mq;mq;mq;mq;mq;mq;mq;mq;mq;mq;mq;mq;mq;mq;mq;mq;mq;mq;mq;mq;mq;mq;mq;mq;mq;mq;mq;mq;mq;mq;mq;mq;mq;mq;mq;mq;mq;mq;
78925;20110924210000;101120;-30;5;30;3.100000;302.250000;298.050000;78;20000;2;1;1;60;5;800;38;20;10;mq;mq;mq;mq;mq;mq;mq;mq;mq;mq;mq;mq;mq;mq;mq;mq;mq;mq;mq;mq;mq;mq;mq;mq;mq;mq;mq;4;8;690;3;6;1200;mq;mq;mq;mq;mq;mq;
81401;20110924210000;101030;mq;mq;50;2.100000;304.350000;296.450000;63;mq;mq;mq;mq;mq;mq;mq;mq;mq;mq;100970;mq;mq;mq;mq;mq;mq;mq;mq;mq;mq;mq;mq;mq;mq;mq;mq;mq;mq;0.000000;mq;mq;mq;mq;mq;mq;mq;mq;mq;mq;mq;mq;mq;mq;mq;mq;mq;mq;mq;
81405;20110924210000;101090;mq;mq;80;4.600000;302.550000;296.250000;69;10000;2;1;1;0;0;mq;30;20;10;101000;mq;mq;mq;mq;mq;mq;mq;mq;mq;mq;mq;mq;mq;mq;mq;mq;mq;mq;0.000000;mq;mq;mq;mq;mq;mq;mq;mq;mq;mq;mq;mq;mq;mq;mq;mq;mq;mq;mq;
81408;20110924210000;101040;mq;mq;80;2.100000;304.250000;293.550000;53;mq;mq;mq;mq;mq;mq;mq;mq;mq;mq;100960;mq;mq;mq;mq;mq;mq;mq;mq;mq;mq;mq;mq;mq;mq;mq;mq;mq;mq;0.000000;mq;mq;mq;mq;mq;mq;mq;mq;mq;mq;mq;mq;mq;mq;mq;mq;mq;mq;mq;
89642;20110924210000;99080;330;3;140;10.800000;253.350000;247.150000;54;mq;mq;mq;mq;mq;mq;mq;mq;mq;mq;98510;mq;mq;mq;mq;mq;mq;mq;mq;mq;mq;mq;23.100000;-30;mq;mq;mq;mq;mq;mq;mq;mq;mq;1123.000000;mq;mq;mq;mq;mq;mq;mq;mq;mq;mq;mq;mq;mq;mq;mq;
07005;20110925000000;101670;0;0;20;1.000000;286.550000;284.950000;90;mq;mq;mq;mq;mq;mq;mq;mq;mq;mq;100780;mq;mq;mq;mq;mq;mq;mq;mq;mq;mq;mq;3.600000;-10;mq;mq;mq;mq;0.000000;0.000000;0.000000;mq;mq;710.000000;1104.000000;mq;mq;mq;mq;mq;mq;mq;mq;mq;mq;mq;mq;mq;mq;
07015;20110925000000;101700;50;1;0;0.000000;284.350000;283.550000;95;8000;2;1;1;0;mq;mq;mq;mq;mq;101130;mq;mq;mq;mq;mq;mq;mq;mq;mq;mq;mq;1.000000;-10;mq;mq;0.000000;-60;0.000000;0.000000;0.000000;mq;mq;710.000000;1101.000000;3100.000000;mq;mq;mq;mq;mq;mq;mq;mq;mq;mq;mq;mq;mq;
07020;20110925000000;101580;-40;8;160;4.600000;288.650000;284.050000;74;18000;2;1;1;mq;mq;mq;mq;mq;mq;101320;mq;mq;mq;mq;mq;mq;mq;mq;mq;mq;mq;6.700000;-10;mq;mq;mq;mq;0.000000;0.000000;0.000000;mq;mq;710.000000;1107.000000;mq;mq;mq;mq;mq;mq;mq;mq;mq;mq;mq;mq;mq;mq;
07027;20110925000000;101660;-10;8;180;1.500000;284.450000;283.850000;96;5000;0;mq;mq;mq;mq;mq;mq;mq;mq;100850;mq;mq;mq;mq;mq;mq;mq;mq;mq;mq;mq;2.600000;-10;mq;mq;mq;mq;0.000000;0.000000;0.000000;mq;mq;710.000000;1103.000000;mq;mq;mq;mq;mq;mq;mq;mq;mq;mq;mq;mq;mq;mq;
07037;20110925000000;101680;20;1;140;0.500000;287.550000;286.050000;91;19000;0;mq;mq;100;mq;1750;mq;mq;mq;99870;mq;mq;mq;mq;mq;mq;mq;mq;mq;mq;mq;1.000000;-10;mq;mq;mq;mq;0.000000;0.000000;0.000000;mq;mq;710.000000;1101.000000;mq;mq;mq;mq;mq;mq;mq;mq;mq;mq;mq;mq;mq;mq;
07110;20110925000000;101490;-30;5;190;5.700000;288.650000;287.850000;95;15000;2;1;1;75;6;250;36;23;10;100360;mq;mq;mq;mq;mq;mq;mq;mq;mq;mq;mq;8.700000;-10;mq;mq;mq;mq;0.000000;0.000000;0.000000;mq;mq;710.000000;1109.000000;mq;mq;6;6;240;6;3;2700;mq;mq;mq;mq;mq;mq;
07117;20110925000000;101490;-60;6;200;4.600000;286.950000;284.850000;87;20000;2;1;1;50;2;800;35;27;10;100800;mq;mq;mq;mq;mq;mq;mq;mq;mq;mq;mq;7.700000;-10;mq;mq;mq;mq;0.000000;0.000000;0.000000;mq;mq;710.000000;1108.000000;2428.000000;mq;mq;mq;mq;mq;mq;mq;mq;mq;mq;mq;mq;mq;
07130;20110925000000;101670;0;0;0;0.000000;284.750000;283.950000;95;11000;0;mq;mq;mq;mq;mq;mq;mq;mq;101150;mq;mq;mq;mq;mq;mq;mq;mq;mq;mq;mq;1.500000;-10;mq;mq;mq;mq;0.000000;0.000000;0.000000;mq;mq;710.000000;1102.000000;mq;mq;mq;mq;mq;mq;mq;mq;mq;mq;mq;mq;mq;mq;
07139;20110925000000;101670;30;0;60;0.500000;286.550000;285.150000;91;mq;mq;mq;mq;mq;mq;mq;mq;mq;mq;99950;mq;mq;mq;mq;mq;mq;mq;mq;mq;mq;mq;1.500000;-10;mq;mq;mq;mq;0.000000;0.000000;0.000000;mq;mq;710.000000;1102.000000;mq;mq;mq;mq;mq;mq;mq;mq;mq;mq;mq;mq;mq;mq;
07149;20110925000000;101720;50;1;270;0.500000;286.950000;285.350000;90;18000;2;1;1;90;7;3500;30;23;60;100640;mq;mq;mq;mq;mq;mq;mq;mq;mq;mq;mq;1.500000;-10;mq;mq;0.000000;-60;0.000000;0.000000;0.000000;mq;mq;710.000000;1102.000000;3100.000000;mq;7;3;3000;mq;mq;mq;mq;mq;mq;mq;mq;mq;
07168;20110925000000;101780;50;1;180;1.000000;283.250000;282.350000;94;13000;0;mq;mq;mq;mq;mq;mq;mq;mq;100350;mq;mq;mq;mq;mq;mq;mq;mq;mq;mq;mq;1.000000;-10;mq;mq;mq;mq;0.000000;0.000000;0.000000;mq;mq;710.000000;1101.000000;mq;mq;mq;mq;mq;mq;mq;mq;mq;mq;mq;mq;mq;mq;
07181;20110925000000;101770;60;3;220;1.500000;286.850000;285.450000;91;35000;0;mq;mq;90;mq;mq;mq;mq;mq;97740;mq;mq;mq;mq;mq;mq;mq;mq;mq;mq;mq;2.100000;-10;mq;mq;mq;mq;0.000000;0.000000;0.000000;mq;mq;710.000000;1102.000000;mq;mq;mq;mq;mq;mq;mq;mq;mq;mq;mq;mq;mq;mq;
07190;20110925000000;101790;70;2;0;0.000000;284.650000;283.550000;93;7000;0;mq;mq;mq;mq;mq;mq;mq;mq;99970;mq;mq;mq;mq;mq;mq;mq;mq;mq;mq;mq;1.000000;-10;mq;mq;mq;mq;0.000000;0.000000;0.000000;mq;mq;710.000000;1101.000000;mq;mq;mq;mq;mq;mq;mq;mq;mq;mq;mq;mq;mq;mq;
07207;20110925000000;mq;mq;mq;210;5.100000;290.350000;288.150000;87;20000;2;1;1;0;mq;mq;mq;mq;mq;mq;mq;mq;mq;mq;mq;mq;mq;mq;mq;mq;mq;6.700000;-10;mq;mq;mq;mq;0.000000;0.000000;0.000000;mq;mq;710.000000;1107.000000;2428.000000;mq;mq;mq;mq;mq;mq;mq;mq;mq;mq;mq;mq;mq;
07222;20110925000000;101670;-20;8;150;0.500000;285.050000;284.550000;97;100;45;mq;mq;101;mq;mq;62;61;60;101360;mq;mq;mq;mq;mq;mq;mq;mq;mq;mq;mq;2.100000;-10;mq;mq;mq;mq;0.000000;0.000000;0.000000;mq;mq;710.000000;1102.000000;mq;mq;mq;mq;mq;mq;mq;mq;mq;mq;mq;mq;mq;mq;
07240;20110925000000;101680;40;3;180;1.000000;290.150000;287.650000;85;20000;2;1;1;60;5;3500;30;23;10;100360;mq;mq;mq;mq;mq;mq;mq;mq;mq;mq;mq;2.100000;-10;mq;mq;0.000000;-60;0.000000;0.000000;0.000000;mq;mq;710.000000;1102.000000;3100.000000;mq;5;3;3000;mq;mq;mq;mq;mq;mq;mq;mq;mq;
07255;20110925000000;101760;50;1;160;1.500000;287.550000;286.050000;91;20000;0;mq;mq;mq;mq;mq;mq;mq;mq;99790;mq;mq;mq;mq;mq;mq;mq;mq;mq;mq;mq;1.500000;-10;mq;mq;mq;mq;0.000000;0.000000;0.000000;mq;mq;710.000000;1102.000000;mq;mq;mq;mq;mq;mq;mq;mq;mq;mq;mq;mq;mq;mq;
07280;20110925000000;101790;60;3;350;1.000000;285.350000;283.450000;88;17000;0;mq;mq;100;mq;mq;mq;mq;mq;99080;mq;mq;mq;mq;mq;mq;mq;mq;mq;mq;mq;2.100000;-10;mq;mq;mq;mq;0.000000;0.000000;0.000000;mq;mq;710.000000;1102.000000;mq;mq;mq;mq;mq;mq;mq;mq;mq;mq;mq;mq;mq;mq;
07299;20110925000000;101820;60;1;190;2.100000;285.750000;285.150000;96;10000;0;mq;mq;mq;mq;mq;mq;mq;mq;98580;mq;mq;mq;mq;mq;mq;mq;mq;mq;mq;mq;3.100000;-10;mq;mq;mq;mq;0.000000;0.200000;0.200000;mq;mq;710.000000;1103.000000;mq;mq;mq;mq;mq;mq;mq;mq;mq;mq;mq;mq;mq;mq;
07314;20110925000000;101760;0;4;130;1.500000;288.350000;286.550000;89;17000;2;1;1;10;1;800;31;20;10;101480;mq;mq;mq;mq;mq;mq;mq;mq;mq;mq;mq;1.500000;-10;mq;mq;mq;mq;0.000000;0.000000;mq;mq;mq;710.000000;1102.000000;2437.000000;mq;1;8;600;mq;mq;mq;mq;mq;mq;mq;mq;mq;
07335;20110925000000;101750;60;1;190;1.000000;288.450000;287.850000;96;13000;0;mq;mq;mq;mq;2250;mq;mq;mq;100330;mq;mq;mq;mq;mq;mq;mq;mq;mq;mq;mq;1.500000;-10;mq;mq;mq;mq;0.000000;0.000000;0.000000;mq;mq;710.000000;1102.000000;mq;mq;mq;mq;mq;mq;mq;mq;mq;mq;mq;mq;mq;mq;
07434;20110925000000;101760;20;1;0;0.000000;288.350000;286.850000;91;8000;0;mq;mq;mq;mq;2250;mq;mq;mq;97070;mq;mq;mq;mq;mq;mq;mq;mq;mq;mq;mq;1.500000;-10;mq;mq;mq;mq;0.000000;0.000000;0.000000;mq;mq;710.000000;1102.000000;mq;mq;mq;mq;mq;mq;mq;mq;mq;mq;mq;mq;mq;mq;
07460;20110925000000;101740;50;3;260;1.000000;290.150000;286.850000;81;30000;2;1;1;90;7;3500;30;23;60;97950;mq;mq;mq;mq;mq;mq;mq;mq;mq;mq;mq;1.500000;-10;mq;mq;0.000000;-60;0.000000;0.000000;0.000000;mq;mq;710.000000;1102.000000;3100.000000;mq;7;3;3900;mq;mq;mq;mq;mq;mq;mq;mq;mq;
07471;20110925000000;mq;60;1;20;1.000000;285.950000;282.750000;81;20000;0;mq;mq;mq;mq;mq;mq;mq;mq;92340;85000;17830;mq;mq;mq;mq;mq;mq;mq;mq;mq;2.600000;-10;mq;mq;mq;mq;0.000000;0.000000;0.000000;mq;mq;710.000000;1103.000000;mq;mq;mq;mq;mq;mq;mq;mq;mq;mq;mq;mq;mq;mq;
07481;20110925000000;101750;80;3;150;4.100000;290.850000;285.950000;73;20000;2;1;1;90;4;3500;30;23;12;98950;mq;mq;mq;mq;mq;mq;mq;mq;mq;mq;mq;5.100000;-10;mq;mq;0.000000;-60;0.000000;0.000000;0.000000;mq;mq;710.000000;1105.000000;3100.000000;mq;2;3;2400;3;3;4200;7;0;6300;mq;mq;mq;
07510;20110925000000;101760;20;3;280;0.500000;286.750000;286.750000;100;6000;11;1;1;25;2;30;36;20;10;101110;mq;mq;mq;mq;mq;mq;mq;mq;mq;mq;mq;1.500000;-10;mq;mq;0.000000;-60;0.000000;0.000000;0.000000;mq;mq;710.000000;1102.000000;3100.000000;mq;2;7;30;mq;mq;mq;mq;mq;mq;mq;mq;mq;
07535;20110925000000;101780;40;2;140;1.000000;288.650000;287.550000;93;mq;mq;mq;mq;mq;mq;mq;mq;mq;mq;98710;mq;mq;mq;mq;mq;mq;mq;mq;mq;mq;mq;1.500000;-10;mq;mq;mq;mq;0.000000;0.000000;0.000000;mq;mq;710.000000;1102.000000;mq;mq;mq;mq;mq;mq;mq;mq;mq;mq;mq;mq;mq;mq;
07558;20110925000000;101800;20;3;100;2.600000;287.950000;286.950000;94;mq;mq;mq;mq;mq;mq;mq;mq;mq;mq;93630;mq;mq;mq;mq;mq;mq;mq;mq;mq;mq;mq;3.100000;-10;mq;mq;mq;mq;0.000000;0.000000;0.000000;mq;mq;710.000000;1103.000000;mq;mq;mq;mq;mq;mq;mq;mq;mq;mq;mq;mq;mq;mq;
07577;20110925000000;101760;50;1;330;1.500000;290.550000;288.350000;87;20000;0;mq;mq;mq;mq;mq;mq;mq;mq;100890;mq;mq;mq;mq;mq;mq;mq;mq;mq;mq;mq;2.100000;-10;mq;mq;mq;mq;0.000000;0.000000;0.000000;mq;mq;710.000000;1102.000000;mq;mq;mq;mq;mq;mq;mq;mq;mq;mq;mq;mq;mq;mq;
07591;20110925000000;mq;40;3;0;0.000000;286.550000;286.250000;98;mq;64;mq;mq;mq;mq;mq;mq;mq;mq;92020;mq;mq;mq;mq;mq;mq;mq;mq;mq;mq;mq;1.500000;-10;mq;mq;mq;mq;1.000000;1.000000;2.000000;mq;mq;710.000000;1102.000000;mq;mq;mq;mq;mq;mq;mq;mq;mq;mq;mq;mq;mq;mq;
07607;20110925000000;101730;10;2;90;1.000000;287.750000;287.250000;97;2000;10;mq;mq;mq;mq;mq;mq;mq;mq;101030;mq;mq;mq;mq;mq;mq;mq;mq;mq;mq;mq;1.500000;-10;mq;mq;mq;mq;0.200000;0.200000;0.200000;mq;mq;710.000000;1102.000000;mq;mq;mq;mq;mq;mq;mq;mq;mq;mq;mq;mq;mq;mq;
07621;20110925000000;101780;20;2;180;1.000000;287.250000;286.750000;97;6000;11;1;1;25;2;80;36;20;10;97510;mq;mq;mq;mq;mq;mq;mq;mq;mq;mq;mq;1.500000;-10;mq;mq;0.000000;-60;0.000000;0.000000;0.000000;mq;mq;710.000000;1102.000000;3100.000000;mq;2;7;90;mq;mq;mq;mq;mq;mq;mq;mq;mq;
07627;20110925000000;101830;50;1;140;0.500000;285.550000;284.250000;92;mq;mq;mq;mq;mq;mq;mq;mq;mq;mq;96990;mq;mq;mq;mq;mq;mq;mq;mq;mq;mq;mq;4.600000;-10;mq;mq;mq;mq;0.000000;0.000000;0.000000;mq;mq;710.000000;1105.000000;mq;mq;mq;mq;mq;mq;mq;mq;mq;mq;mq;mq;mq;mq;
07630;20110925000000;101750;10;0;0;0.000000;289.050000;286.850000;87;28000;0;mq;mq;mq;mq;mq;mq;mq;mq;99980;mq;mq;mq;mq;mq;mq;mq;mq;mq;mq;mq;2.600000;-10;mq;mq;mq;mq;0.000000;0.000000;0.000000;mq;mq;710.000000;1103.000000;mq;mq;mq;mq;mq;mq;mq;mq;mq;mq;mq;mq;mq;mq;
07643;20110925000000;101740;0;5;20;0.500000;292.050000;290.050000;88;15000;2;1;1;90;1;800;35;23;60;101650;mq;mq;mq;mq;mq;mq;mq;mq;mq;mq;mq;2.600000;-10;mq;mq;mq;mq;0.000000;0.000000;0.000000;mq;mq;710.000000;1103.000000;mq;mq;1;6;600;7;3;2700;mq;mq;mq;mq;mq;mq;
07650;20110925000000;101760;30;3;30;3.600000;291.450000;288.650000;84;2700;61;mq;mq;100;mq;800;mq;mq;mq;101380;mq;mq;mq;mq;mq;mq;mq;mq;mq;mq;mq;5.700000;-10;mq;mq;mq;mq;4.000000;4.000000;4.000000;mq;mq;710.000000;1106.000000;mq;mq;mq;mq;mq;mq;mq;mq;mq;mq;mq;mq;mq;mq;
07661;20110925000000;101710;10;1;350;2.100000;292.450000;289.250000;82;mq;mq;mq;mq;mq;mq;mq;mq;mq;mq;100140;mq;mq;mq;mq;mq;mq;mq;mq;mq;mq;mq;4.100000;-10;mq;mq;mq;mq;0.000000;0.000000;0.000000;mq;mq;710.000000;1104.000000;mq;mq;mq;mq;mq;mq;mq;mq;mq;mq;mq;mq;mq;mq;
07690;20110925000000;101740;30;1;340;2.600000;294.950000;287.350000;62;20000;2;1;1;90;5;2600;35;27;60;101410;mq;mq;mq;mq;mq;mq;mq;mq;mq;mq;mq;3.600000;-10;mq;mq;0.000000;-60;0.000000;0.000000;0.000000;mq;mq;710.000000;1104.000000;3100.000000;mq;5;6;2400;7;3;4500;mq;mq;mq;mq;mq;mq;
07747;20110925000000;101750;10;3;230;0.500000;289.150000;288.050000;93;45000;0;mq;mq;mq;mq;mq;mq;mq;mq;101230;mq;mq;mq;mq;mq;mq;mq;mq;mq;mq;mq;3.100000;-10;mq;mq;mq;mq;0.000000;0.000000;0.000000;mq;mq;710.000000;1103.000000;mq;mq;mq;mq;mq;mq;mq;mq;mq;mq;mq;mq;mq;mq;
07761;20110925000000;101710;50;3;40;1.500000;292.350000;289.950000;86;20000;3;6;2;90;2;1250;38;25;60;101600;mq;mq;mq;mq;mq;mq;mq;mq;mq;mq;mq;2.600000;-10;mq;mq;0.000000;-60;0.200000;0.200000;0.400000;mq;mq;710.000000;1103.000000;3100.000000;mq;1;8;990;7;3;3300;mq;mq;mq;mq;mq;mq;
07790;20110925000000;101710;20;1;220;0.500000;291.250000;289.250000;88;29000;0;mq;mq;100;mq;mq;mq;mq;mq;101570;mq;mq;mq;mq;mq;mq;mq;mq;mq;mq;mq;1.500000;-10;mq;mq;mq;mq;0.000000;0.000000;0.000000;mq;mq;710.000000;1102.000000;mq;mq;mq;mq;mq;mq;mq;mq;mq;mq;mq;mq;mq;mq;
61968;20110925000000;101510;mq;mq;80;3.600000;297.450000;293.150000;77;mq;mq;mq;mq;mq;mq;mq;mq;mq;mq;mq;mq;mq;60;mq;mq;mq;mq;mq;mq;mq;mq;8.700000;-10;mq;mq;mq;mq;0.000000;mq;0.000000;mq;mq;710.000000;1109.000000;mq;mq;mq;mq;mq;mq;mq;mq;mq;mq;mq;mq;mq;mq;
61970;20110925000000;101650;mq;mq;mq;mq;297.850000;294.350000;81;mq;mq;mq;mq;mq;mq;mq;mq;mq;mq;mq;mq;mq;80;mq;mq;mq;mq;mq;mq;mq;mq;mq;mq;mq;mq;mq;mq;0.000000;mq;0.000000;mq;mq;mq;mq;mq;mq;mq;mq;mq;mq;mq;mq;mq;mq;mq;mq;mq;mq;
61980;20110925000000;101940;mq;mq;180;3.100000;292.250000;289.150000;82;10000;2;1;1;25;2;800;38;20;10;mq;mq;mq;70;mq;mq;mq;mq;mq;mq;mq;mq;5.100000;-10;mq;mq;mq;mq;0.000000;mq;0.000000;mq;mq;710.000000;1105.000000;mq;mq;1;8;690;mq;mq;mq;mq;mq;mq;mq;mq;mq;
67005;20110925000000;101490;mq;mq;220;4.600000;298.450000;295.950000;86;mq;0;mq;mq;mq;mq;mq;mq;mq;mq;mq;mq;mq;mq;mq;mq;mq;mq;mq;mq;mq;mq;6.700000;-10;mq;mq;mq;mq;0.000000;mq;0.000000;mq;mq;710.000000;1107.000000;mq;mq;mq;mq;mq;mq;mq;mq;mq;mq;mq;mq;mq;mq;
71805;20110925000000;101480;-50;7;280;3.600000;286.250000;285.950000;98;45000;0;mq;mq;100;mq;250;mq;mq;mq;101400;mq;mq;mq;mq;mq;mq;mq;mq;mq;mq;mq;6.200000;-10;mq;mq;mq;mq;0.000000;0.000000;0.000000;mq;mq;710.000000;1106.000000;mq;mq;mq;mq;mq;mq;mq;mq;mq;mq;mq;mq;mq;mq;
78897;20110925000000;101260;50;2;320;1.000000;298.550000;297.550000;94;20000;25;9;8;90;7;800;38;27;60;mq;mq;mq;mq;297.750000;mq;302.650000;mq;mq;mq;mq;mq;mq;mq;mq;mq;mq;mq;mq;mq;11.000000;mq;15.500000;mq;mq;mq;mq;3;8;600;3;6;1200;5;3;3900;mq;mq;mq;
78922;20110925000000;101260;110;3;340;4.100000;299.350000;297.250000;88;mq;mq;mq;mq;mq;mq;mq;mq;mq;mq;100820;mq;mq;mq;mq;mq;mq;mq;mq;mq;mq;mq;mq;mq;mq;mq;mq;mq;mq;mq;mq;mq;mq;mq;mq;mq;mq;mq;mq;mq;mq;mq;mq;mq;mq;mq;mq;mq;mq;
78925;20110925000000;101230;110;0;50;1.500000;299.450000;298.250000;93;20000;2;1;1;60;3;800;38;20;12;mq;mq;mq;mq;297.850000;mq;304.950000;mq;mq;mq;mq;mq;mq;mq;mq;mq;mq;mq;mq;mq;0.000000;mq;1.200000;mq;mq;mq;mq;2;8;780;3;0;7800;mq;mq;mq;mq;mq;mq;
81401;20110925000000;101170;mq;mq;90;2.600000;299.750000;295.550000;78;mq;mq;mq;mq;mq;mq;mq;mq;mq;mq;101110;mq;mq;mq;mq;mq;307.550000;mq;mq;mq;mq;mq;mq;mq;mq;mq;mq;mq;mq;0.000000;0.000000;mq;mq;mq;mq;mq;mq;mq;mq;mq;mq;mq;mq;mq;mq;mq;mq;mq;mq;
81405;20110925000000;101250;mq;mq;160;1.000000;299.150000;297.050000;88;35000;0;mq;mq;mq;mq;mq;mq;mq;mq;101160;mq;mq;mq;mq;mq;306.150000;mq;mq;mq;mq;mq;mq;mq;mq;mq;mq;mq;mq;0.000000;0.000000;mq;mq;mq;mq;mq;mq;mq;mq;mq;mq;mq;mq;mq;mq;mq;mq;mq;mq;
81408;20110925000000;101260;mq;mq;90;1.500000;299.050000;295.750000;82;mq;mq;mq;mq;mq;mq;mq;mq;mq;mq;101180;mq;mq;mq;mq;mq;307.650000;mq;mq;mq;mq;mq;mq;mq;mq;mq;mq;mq;mq;0.000000;0.000000;mq;mq;mq;mq;mq;mq;mq;mq;mq;mq;mq;mq;mq;mq;mq;mq;mq;mq;
89642;20110925000000;99260;180;3;130;12.300000;254.950000;248.550000;54;40000;36;3;3;75;6;1250;35;20;10;98690;mq;mq;mq;252.250000;mq;257.950000;mq;mq;mq;mq;mq;23.100000;-60;mq;mq;mq;mq;mq;mq;mq;mq;mq;1123.000000;mq;mq;mq;5;6;1290;mq;mq;mq;mq;mq;mq;mq;mq;mq;
07005;20110925030000;101700;30;3;290;1.500000;286.550000;285.150000;91;mq;mq;mq;mq;mq;mq;mq;mq;mq;mq;100810;mq;mq;mq;mq;mq;mq;mq;mq;mq;mq;mq;2.600000;-10;mq;mq;mq;mq;0.000000;0.000000;mq;mq;mq;710.000000;1103.000000;mq;mq;mq;mq;mq;mq;mq;mq;mq;mq;mq;mq;mq;mq;
07015;20110925030000;101670;-30;8;110;1.000000;283.950000;283.350000;96;3800;10;mq;mq;0;mq;mq;mq;mq;mq;101100;mq;mq;mq;mq;mq;mq;mq;mq;mq;mq;mq;1.500000;-10;mq;mq;0.000000;-30;0.000000;0.000000;mq;mq;mq;710.000000;1102.000000;3100.000000;mq;mq;mq;mq;mq;mq;mq;mq;mq;mq;mq;mq;mq;
07020;20110925030000;101540;-40;8;180;4.100000;288.350000;286.750000;90;18000;2;1;1;0;mq;mq;mq;mq;mq;101280;mq;mq;mq;mq;mq;mq;mq;mq;mq;mq;mq;6.200000;-10;mq;mq;mq;mq;0.000000;0.000000;mq;mq;mq;710.000000;1106.000000;mq;mq;mq;mq;mq;mq;mq;mq;mq;mq;mq;mq;mq;mq;
07027;20110925030000;101660;0;5;190;1.500000;284.250000;283.450000;95;8000;0;mq;mq;mq;mq;1250;mq;mq;mq;100850;mq;mq;mq;mq;mq;mq;mq;mq;mq;mq;mq;3.100000;-10;mq;mq;mq;mq;0.000000;0.000000;mq;mq;mq;710.000000;1103.000000;mq;mq;mq;mq;mq;mq;mq;mq;mq;mq;mq;mq;mq;mq;
07037;20110925030000;101690;-10;5;90;0.500000;284.450000;284.150000;98;14000;0;mq;mq;mq;mq;mq;mq;mq;mq;99860;mq;mq;mq;mq;mq;mq;mq;mq;mq;mq;mq;1.500000;-10;mq;mq;mq;mq;0.000000;0.000000;mq;mq;mq;710.000000;1102.000000;mq;mq;mq;mq;mq;mq;mq;mq;mq;mq;mq;mq;mq;mq;
07110;20110925030000;101410;-80;8;170;6.200000;288.550000;287.750000;95;15000;2;mq;mq;90;7;250;35;61;60;100280;mq;mq;mq;mq;mq;mq;mq;mq;mq;mq;mq;9.300000;-10;mq;mq;0.000000;-30;0.000000;0.000000;mq;mq;mq;710.000000;1109.000000;3100.000000;mq;7;6;240;mq;mq;mq;mq;mq;mq;mq;mq;mq;
07117;20110925030000;101420;-70;8;200;4.100000;287.150000;286.050000;93;12000;2;1;1;50;4;450;36;20;10;100730;mq;mq;mq;mq;mq;mq;mq;mq;mq;mq;mq;7.700000;-10;mq;mq;mq;mq;0.000000;0.000000;mq;mq;mq;710.000000;1108.000000;2427.000000;mq;mq;mq;mq;mq;mq;mq;mq;mq;mq;mq;mq;mq;
07130;20110925030000;101660;-10;8;0;0.000000;283.450000;283.150000;98;11000;0;mq;mq;mq;mq;mq;mq;mq;mq;101140;mq;mq;mq;mq;mq;mq;mq;mq;mq;mq;mq;1.500000;-10;mq;mq;mq;mq;0.000000;0.000000;mq;mq;mq;710.000000;1102.000000;mq;mq;mq;mq;mq;mq;mq;mq;mq;mq;mq;mq;mq;mq;
07139;20110925030000;101680;0;0;0;0.000000;283.950000;282.850000;93;mq;mq;mq;mq;mq;mq;mq;mq;mq;mq;99950;mq;mq;mq;mq;mq;mq;mq;mq;mq;mq;mq;2.100000;-10;mq;mq;mq;mq;0.000000;0.000000;mq;mq;mq;710.000000;1102.000000;mq;mq;mq;mq;mq;mq;mq;mq;mq;mq;mq;mq;mq;mq;
07149;20110925030000;101710;-10;8;180;1.000000;286.650000;285.550000;93;18000;2;1;1;50;4;3500;30;23;60;100630;mq;mq;mq;mq;mq;mq;mq;mq;mq;mq;mq;1.500000;-10;mq;mq;0.000000;-30;0.000000;0.000000;mq;mq;mq;710.000000;1102.000000;3100.000000;mq;4;3;3000;mq;mq;mq;mq;mq;mq;mq;mq;mq;
07168;20110925030000;101810;30;0;110;0.500000;283.550000;282.750000;95;1600;10;mq;mq;mq;mq;mq;mq;mq;mq;100380;mq;mq;mq;mq;mq;mq;mq;mq;mq;mq;mq;1.500000;-10;mq;mq;mq;mq;0.000000;0.000000;mq;mq;mq;710.000000;1102.000000;mq;mq;mq;mq;mq;mq;mq;mq;mq;mq;mq;mq;mq;mq;
07181;20110925030000;101840;40;3;170;2.100000;285.050000;283.950000;93;26000;0;mq;mq;90;mq;mq;mq;mq;mq;97780;mq;mq;mq;mq;mq;mq;mq;mq;mq;mq;mq;3.100000;-10;mq;mq;mq;mq;0.200000;0.200000;mq;mq;mq;710.000000;1103.000000;mq;mq;mq;mq;mq;mq;mq;mq;mq;mq;mq;mq;mq;mq;
07190;20110925030000;101860;60;2;120;0.500000;283.150000;282.250000;94;500;45;mq;mq;mq;mq;80;mq;mq;mq;100030;mq;mq;mq;mq;mq;mq;mq;mq;mq;mq;mq;1.500000;-10;mq;mq;mq;mq;0.000000;0.000000;mq;mq;mq;710.000000;1102.000000;mq;mq;mq;mq;mq;mq;mq;mq;mq;mq;mq;mq;mq;mq;
07207;20110925030000;mq;mq;mq;200;5.700000;290.450000;288.750000;90;20000;2;1;1;0;mq;mq;mq;mq;mq;mq;mq;mq;mq;mq;mq;mq;mq;mq;mq;mq;mq;7.200000;-10;mq;mq;mq;mq;0.000000;0.000000;mq;mq;mq;710.000000;1107.000000;2428.000000;mq;mq;mq;mq;mq;mq;mq;mq;mq;mq;mq;mq;mq;
07222;20110925030000;101680;0;0;150;1.000000;283.750000;283.450000;98;300;44;4;4;0;mq;mq;mq;mq;mq;101360;mq;mq;mq;mq;mq;mq;mq;mq;mq;mq;mq;2.100000;-10;mq;mq;mq;mq;0.000000;0.200000;mq;mq;mq;710.000000;1102.000000;mq;mq;mq;mq;mq;mq;mq;mq;mq;mq;mq;mq;mq;mq;
07240;20110925030000;101670;-20;8;150;1.000000;287.850000;286.850000;94;10000;10;mq;mq;0;mq;mq;mq;mq;mq;100340;mq;mq;mq;mq;mq;mq;mq;mq;mq;mq;mq;2.100000;-10;mq;mq;0.000000;-30;0.000000;0.000000;mq;mq;mq;710.000000;1102.000000;3100.000000;mq;mq;mq;mq;mq;mq;mq;mq;mq;mq;mq;mq;mq;
07255;20110925030000;101790;20;0;0;0.000000;285.750000;284.950000;95;17000;0;mq;mq;mq;mq;mq;mq;mq;mq;99810;mq;mq;mq;mq;mq;mq;mq;mq;mq;mq;mq;1.000000;-10;mq;mq;mq;mq;0.000000;0.000000;mq;mq;mq;710.000000;1101.000000;mq;mq;mq;mq;mq;mq;mq;mq;mq;mq;mq;mq;mq;mq;
07280;20110925030000;101850;60;3;130;0.500000;285.150000;283.850000;92;19000;0;mq;mq;100;mq;mq;mq;mq;mq;99140;mq;mq;mq;mq;mq;mq;mq;mq;mq;mq;mq;1.500000;-10;mq;mq;mq;mq;0.000000;0.000000;mq;mq;mq;710.000000;1102.000000;mq;mq;mq;mq;mq;mq;mq;mq;mq;mq;mq;mq;mq;mq;
07299;20110925030000;101860;40;3;180;2.100000;286.150000;285.550000;96;7000;2;1;1;90;0;8000;30;20;12;98620;mq;mq;mq;mq;mq;mq;mq;mq;mq;mq;mq;4.100000;-10;mq;mq;0.000000;-30;0.000000;0.000000;mq;mq;mq;710.000000;1104.000000;3100.000000;mq;7;0;6900;mq;mq;mq;mq;mq;mq;mq;mq;mq;
07314;20110925030000;101760;0;4;140;2.100000;287.750000;286.750000;94;mq;mq;mq;mq;mq;mq;mq;mq;mq;mq;101480;mq;mq;mq;mq;mq;mq;mq;mq;mq;mq;mq;2.600000;-10;mq;mq;mq;mq;0.000000;0.000000;mq;mq;mq;710.000000;1103.000000;mq;mq;mq;mq;mq;mq;mq;mq;mq;mq;mq;mq;mq;mq;
07335;20110925030000;101750;10;4;160;1.500000;287.850000;287.350000;97;14000;0;mq;mq;100;mq;2250;mq;mq;mq;100320;mq;mq;mq;mq;mq;mq;mq;mq;mq;mq;mq;2.100000;-10;mq;mq;mq;mq;0.000000;0.000000;mq;mq;mq;710.000000;1102.000000;mq;mq;mq;mq;mq;mq;mq;mq;mq;mq;mq;mq;mq;mq;
07434;20110925030000;101760;-10;8;20;1.500000;287.750000;287.150000;96;8000;0;mq;mq;mq;mq;1750;mq;mq;mq;97060;mq;mq;mq;mq;mq;mq;mq;mq;mq;mq;mq;3.100000;-10;mq;mq;mq;mq;0.000000;0.000000;mq;mq;mq;710.000000;1103.000000;mq;mq;mq;mq;mq;mq;mq;mq;mq;mq;mq;mq;mq;mq;
07460;20110925030000;101780;10;0;340;0.500000;288.150000;286.150000;88;20000;1;mq;mq;60;1;1750;35;23;11;97960;mq;mq;mq;mq;mq;mq;mq;mq;mq;mq;mq;1.500000;-10;mq;mq;0.000000;-30;0.000000;0.000000;mq;mq;mq;710.000000;1102.000000;3100.000000;mq;1;6;1800;4;0;6300;mq;mq;mq;mq;mq;mq;
07471;20110925030000;mq;-10;8;0;0.000000;284.750000;282.450000;86;20000;0;mq;mq;mq;mq;mq;mq;mq;mq;92330;85000;17830;mq;mq;mq;mq;mq;mq;mq;mq;mq;1.000000;-10;mq;mq;mq;mq;0.000000;0.000000;mq;mq;mq;710.000000;1101.000000;mq;mq;mq;mq;mq;mq;mq;mq;mq;mq;mq;mq;mq;mq;
07481;20110925030000;101790;30;1;150;2.100000;290.550000;285.250000;71;40000;2;1;1;90;4;3500;30;23;12;98980;mq;mq;mq;mq;mq;mq;mq;mq;mq;mq;mq;3.100000;-10;mq;mq;0.000000;-30;0.000000;0.000000;mq;mq;mq;710.000000;1103.000000;3100.000000;mq;4;3;3900;7;0;6000;mq;mq;mq;mq;mq;mq;
07510;20110925030000;101730;-30;8;100;1.500000;286.950000;286.950000;100;800;41;4;1;40;3;30;35;20;10;101080;mq;mq;mq;mq;mq;mq;mq;mq;mq;mq;mq;1.500000;-10;mq;mq;0.000000;-30;0.000000;mq;mq;mq;mq;710.000000;1102.000000;3100.000000;mq;1;7;30;3;6;900;mq;mq;mq;mq;mq;mq;
07535;20110925030000;101790;-10;7;110;1.500000;286.950000;286.450000;97;mq;mq;mq;mq;mq;mq;mq;mq;mq;mq;98700;mq;mq;mq;mq;mq;mq;mq;mq;mq;mq;mq;3.100000;-10;mq;mq;mq;mq;0.000000;0.000000;mq;mq;mq;710.000000;1103.000000;mq;mq;mq;mq;mq;mq;mq;mq;mq;mq;mq;mq;mq;mq;
07558;20110925030000;101810;-30;7;30;2.100000;286.750000;286.150000;96;mq;mq;mq;mq;mq;mq;mq;mq;mq;mq;93600;mq;mq;mq;mq;mq;mq;mq;mq;mq;mq;mq;3.600000;-10;mq;mq;mq;mq;0.000000;0.000000;mq;mq;mq;710.000000;1104.000000;mq;mq;mq;mq;mq;mq;mq;mq;mq;mq;mq;mq;mq;mq;
07577;20110925030000;101770;10;0;10;1.500000;290.950000;287.450000;80;20000;0;mq;mq;mq;mq;mq;mq;mq;mq;100900;mq;mq;mq;mq;mq;mq;mq;mq;mq;mq;mq;5.100000;-10;mq;mq;mq;mq;0.000000;0.000000;mq;mq;mq;710.000000;1105.000000;mq;mq;mq;mq;mq;mq;mq;mq;mq;mq;mq;mq;mq;mq;
07591;20110925030000;mq;-50;6;40;3.600000;286.550000;286.250000;98;mq;0;mq;mq;mq;mq;mq;mq;mq;mq;91970;mq;mq;mq;mq;mq;mq;mq;mq;mq;mq;mq;6.700000;-10;mq;mq;mq;mq;0.000000;0.600000;mq;mq;mq;710.000000;1107.000000;mq;mq;mq;mq;mq;mq;mq;mq;mq;mq;mq;mq;mq;mq;
07607;20110925030000;101710;-30;8;70;1.500000;285.650000;285.150000;97;300;45;mq;mq;101;mq;mq;62;61;60;101000;mq;mq;mq;mq;mq;mq;mq;mq;mq;mq;mq;2.100000;-10;mq;mq;mq;mq;0.000000;0.000000;mq;mq;mq;710.000000;1102.000000;mq;mq;mq;mq;mq;mq;mq;mq;mq;mq;mq;mq;mq;mq;
07621;20110925030000;101750;-60;8;180;2.100000;285.350000;284.850000;97;10000;1;mq;mq;0;mq;mq;mq;mq;mq;97450;mq;mq;mq;mq;mq;mq;mq;mq;mq;mq;mq;2.600000;-10;mq;mq;0.000000;-30;0.000000;0.200000;mq;mq;mq;710.000000;1103.000000;3100.000000;mq;mq;mq;mq;mq;mq;mq;mq;mq;mq;mq;mq;mq;
07627;20110925030000;101800;-20;5;150;3.600000;285.750000;283.950000;89;mq;mq;mq;mq;mq;mq;mq;mq;mq;mq;96970;mq;mq;mq;mq;mq;mq;mq;mq;mq;mq;mq;5.100000;-10;mq;mq;mq;mq;0.000000;0.200000;mq;mq;mq;710.000000;1105.000000;mq;mq;mq;mq;mq;mq;mq;mq;mq;mq;mq;mq;mq;mq;
07630;20110925030000;101780;10;1;210;1.500000;286.850000;285.950000;94;8000;2;1;1;0;mq;mq;mq;mq;mq;99990;mq;mq;mq;mq;mq;mq;mq;mq;mq;mq;mq;2.100000;-10;mq;mq;0.000000;-30;0.000000;0.000000;mq;mq;mq;710.000000;1102.000000;3100.000000;mq;mq;mq;mq;mq;mq;mq;mq;mq;mq;mq;mq;mq;
07643;20110925030000;101730;-10;5;30;2.600000;291.550000;290.050000;91;15000;0;mq;mq;90;7;3500;30;23;60;101640;mq;mq;mq;mq;mq;mq;mq;mq;mq;mq;mq;3.600000;-10;mq;mq;mq;mq;0.000000;0.000000;mq;mq;mq;710.000000;1104.000000;mq;mq;7;3;2700;mq;mq;mq;mq;mq;mq;mq;mq;mq;
07650;20110925030000;101710;-50;7;80;2.100000;291.350000;288.950000;86;20000;2;1;1;90;1;1750;35;27;12;101330;mq;mq;mq;mq;mq;mq;mq;mq;mq;mq;mq;4.100000;-10;mq;mq;0.000000;-30;0.000000;0.800000;mq;mq;mq;710.000000;1104.000000;3100.000000;mq;1;6;1500;5;3;3000;7;0;6300;mq;mq;mq;
07661;20110925030000;101660;-40;8;70;1.000000;293.150000;287.050000;68;18000;2;1;1;90;7;1250;34;25;60;100100;mq;mq;mq;mq;mq;mq;mq;mq;mq;mq;mq;2.100000;-10;mq;mq;mq;mq;0.000000;0.000000;mq;mq;mq;710.000000;1102.000000;mq;mq;5;6;1200;7;3;2400;mq;mq;mq;mq;mq;mq;
07690;20110925030000;101710;-30;5;330;2.600000;294.450000;286.650000;61;20000;21;6;2;90;5;1250;38;27;60;101380;mq;mq;mq;mq;mq;mq;mq;mq;mq;mq;mq;4.100000;-10;mq;mq;0.000000;-30;0.000000;0.000000;mq;mq;mq;710.000000;1104.000000;3100.000000;mq;1;8;990;5;6;1800;6;3;3000;mq;mq;mq;
07747;20110925030000;101730;-30;8;240;2.100000;287.850000;286.850000;94;20000;0;mq;mq;mq;mq;mq;mq;mq;mq;101200;mq;mq;mq;mq;mq;mq;mq;mq;mq;mq;mq;2.600000;-10;mq;mq;mq;mq;0.000000;0.000000;mq;mq;mq;710.000000;1103.000000;mq;mq;mq;mq;mq;mq;mq;mq;mq;mq;mq;mq;mq;mq;
07761;20110925030000;101630;-80;8;50;2.600000;291.150000;288.050000;82;20000;2;1;1;90;2;1250;38;27;60;101520;mq;mq;mq;mq;mq;mq;mq;mq;mq;mq;mq;5.100000;-10;mq;mq;0.000000;-30;0.000000;0.000000;mq;mq;mq;710.000000;1105.000000;3100.000000;mq;1;8;990;7;3;3300;mq;mq;mq;mq;mq;mq;
07790;20110925030000;101680;-30;7;210;1.500000;290.450000;288.950000;91;20000;2;1;1;75;1;800;35;23;11;101540;mq;mq;mq;mq;mq;mq;mq;mq;mq;mq;mq;2.100000;-10;mq;mq;mq;mq;0.000000;0.000000;mq;mq;mq;710.000000;1102.000000;mq;mq;2;6;900;5;3;3300;5;0;6900;mq;mq;mq;
61968;20110925030000;101630;mq;mq;80;3.600000;297.650000;293.350000;77;mq;mq;mq;mq;mq;mq;mq;mq;mq;mq;mq;mq;mq;50;mq;mq;mq;mq;mq;mq;mq;mq;7.700000;-10;mq;mq;mq;mq;0.000000;0.000000;mq;mq;mq;710.000000;1108.000000;mq;mq;mq;mq;mq;mq;mq;mq;mq;mq;mq;mq;mq;mq;
61970;20110925030000;101710;mq;mq;mq;mq;297.550000;294.250000;82;mq;mq;mq;mq;mq;mq;mq;mq;mq;mq;mq;mq;mq;30;mq;mq;mq;mq;mq;mq;mq;mq;mq;mq;mq;mq;mq;mq;0.000000;0.000000;mq;mq;mq;mq;mq;mq;mq;mq;mq;mq;mq;mq;mq;mq;mq;mq;mq;mq;mq;
61972;20110925030000;102220;mq;mq;170;6.700000;294.750000;289.450000;72;mq;mq;mq;mq;mq;mq;mq;mq;mq;mq;mq;mq;mq;220;mq;mq;mq;mq;mq;mq;mq;mq;15.900000;-10;mq;mq;mq;mq;0.000000;0.000000;mq;mq;mq;710.000000;1116.000000;mq;mq;mq;mq;mq;mq;mq;mq;mq;mq;mq;mq;mq;mq;
61976;20110925030000;101850;mq;mq;130;7.200000;297.150000;292.250000;74;mq;mq;mq;mq;mq;mq;mq;mq;mq;mq;101700;mq;mq;mq;mq;mq;mq;mq;mq;mq;mq;mq;mq;mq;mq;mq;mq;mq;mq;mq;mq;mq;mq;mq;mq;mq;mq;mq;mq;mq;mq;mq;mq;mq;mq;mq;mq;mq;mq;
61980;20110925030000;102050;mq;mq;160;3.100000;294.150000;289.550000;75;10000;2;1;1;10;1;800;31;20;10;mq;mq;mq;50;mq;mq;mq;mq;mq;mq;mq;mq;5.100000;-10;mq;mq;mq;mq;0.000000;0.000000;mq;mq;mq;710.000000;1105.000000;2427.000000;mq;1;8;690;mq;mq;mq;mq;mq;mq;mq;mq;mq;
61997;20110925030000;101870;mq;mq;230;13.400000;272.350000;269.850000;81;mq;mq;mq;mq;mq;mq;mq;mq;mq;mq;mq;mq;mq;1480;mq;mq;mq;mq;mq;mq;mq;mq;21.600000;-30;mq;mq;mq;mq;mq;0.200000;mq;mq;mq;1122.000000;mq;mq;mq;mq;mq;mq;mq;mq;mq;mq;mq;mq;mq;mq;mq;
67005;20110925030000;101650;mq;mq;200;5.700000;298.650000;295.750000;84;20000;2;1;1;90;6;800;38;23;10;mq;mq;mq;30;mq;mq;mq;mq;mq;mq;mq;mq;7.700000;-10;mq;mq;mq;mq;0.000000;0.000000;mq;mq;mq;710.000000;1108.000000;mq;mq;6;8;600;4;3;2700;mq;mq;mq;mq;mq;mq;
71805;20110925030000;101390;-90;7;280;5.100000;285.750000;285.150000;96;40000;0;mq;mq;100;mq;150;mq;mq;mq;101310;mq;mq;mq;mq;mq;mq;mq;mq;mq;mq;mq;8.200000;-10;mq;mq;mq;mq;0.000000;0.000000;mq;mq;mq;710.000000;1108.000000;mq;mq;mq;mq;mq;mq;mq;mq;mq;mq;mq;mq;mq;mq;
78897;20110925030000;101330;70;0;180;0.500000;298.650000;297.650000;94;15000;25;8;6;90;5;800;38;23;12;mq;mq;mq;mq;mq;mq;mq;mq;mq;mq;mq;mq;mq;mq;mq;mq;mq;mq;mq;mq;mq;mq;mq;mq;mq;mq;mq;3;8;600;3;6;1200;5;0;7800;mq;mq;mq;
78922;20110925030000;101310;50;0;10;3.100000;299.750000;297.550000;88;mq;mq;mq;mq;mq;mq;mq;mq;mq;mq;100870;mq;mq;mq;mq;mq;mq;mq;mq;mq;mq;mq;mq;mq;mq;mq;mq;mq;mq;mq;mq;mq;mq;mq;mq;mq;mq;mq;mq;mq;mq;mq;mq;mq;mq;mq;mq;mq;mq;
78925;20110925030000;101380;150;3;100;1.500000;298.350000;297.450000;95;20000;2;1;1;40;1;800;32;20;12;mq;mq;mq;30;mq;mq;mq;mq;mq;mq;mq;mq;mq;mq;mq;mq;mq;mq;mq;mq;mq;mq;mq;mq;mq;mq;mq;1;8;780;3;0;7800;mq;mq;mq;mq;mq;mq;
81401;20110925030000;101280;mq;mq;120;1.500000;297.850000;295.550000;87;mq;mq;mq;mq;mq;mq;mq;mq;mq;mq;101220;mq;mq;mq;mq;mq;mq;mq;mq;mq;mq;mq;mq;mq;mq;mq;mq;mq;mq;0.000000;mq;mq;mq;mq;mq;mq;mq;mq;mq;mq;mq;mq;mq;mq;mq;mq;mq;mq;mq;
81405;20110925030000;101350;mq;mq;0;0.000000;297.350000;296.650000;96;28000;0;mq;mq;mq;mq;800;mq;mq;mq;101260;mq;mq;mq;mq;mq;mq;mq;mq;mq;mq;mq;mq;mq;mq;mq;mq;mq;mq;0.000000;mq;mq;mq;mq;mq;mq;mq;mq;mq;mq;mq;mq;mq;mq;mq;mq;mq;mq;mq;
81408;20110925030000;101330;mq;mq;0;0.000000;296.250000;295.550000;96;mq;mq;mq;mq;mq;mq;mq;mq;mq;mq;101250;mq;mq;mq;mq;mq;mq;mq;mq;mq;mq;mq;mq;mq;mq;mq;mq;mq;mq;0.000000;mq;mq;mq;mq;mq;mq;mq;mq;mq;mq;mq;mq;mq;mq;mq;mq;mq;mq;mq;
89642;20110925030000;99330;70;2;130;11.300000;255.950000;249.250000;52;40000;3;3;2;100;7;1250;35;61;60;98760;mq;mq;mq;mq;mq;mq;mq;mq;mq;mq;mq;19.500000;-30;mq;mq;mq;mq;mq;mq;mq;mq;mq;1120.000000;mq;mq;mq;7;6;1080;mq;mq;mq;mq;mq;mq;mq;mq;mq;
07005;20110925060000;101710;10;3;110;3.100000;286.650000;285.350000;92;8000;2;1;1;75;6;1250;35;20;10;100820;mq;mq;mq;286.050000;mq;289.150000;mq;285.150000;mq;mq;mq;3.600000;-10;0;0.000000;mq;mq;0.000000;0.000000;mq;0.000000;0.000000;710.000000;1104.000000;mq;mq;6;6;1290;mq;mq;mq;mq;mq;mq;mq;mq;mq;
07015;20110925060000;101760;90;3;270;1.000000;284.450000;283.850000;96;6000;1;mq;mq;60;5;1250;35;20;10;101190;mq;mq;mq;283.150000;mq;290.650000;mq;280.150000;mq;mq;mq;5.700000;-10;1;0.000000;0.000000;-60;0.000000;0.000000;mq;0.000000;0.200000;710.000000;1106.000000;3100.000000;mq;5;6;1440;mq;mq;mq;mq;mq;mq;mq;mq;mq;
07020;20110925060000;101590;50;2;180;5.100000;288.950000;287.350000;90;18000;2;1;1;60;2;3500;30;23;15;101330;mq;mq;mq;287.450000;mq;289.250000;mq;mq;mq;mq;mq;8.700000;-10;mq;mq;mq;mq;0.000000;0.000000;mq;0.000000;0.000000;710.000000;1109.000000;mq;mq;2;3;2400;4;0;6000;mq;mq;mq;mq;mq;mq;
07027;20110925060000;101710;50;3;130;1.500000;283.150000;282.850000;98;9000;2;1;1;10;1;1750;35;20;10;100900;mq;mq;mq;282.950000;mq;289.850000;mq;279.150000;mq;mq;mq;2.100000;-10;0;0.000000;0.000000;-60;0.000000;0.000000;mq;0.000000;0.000000;710.000000;1102.000000;3100.000000;mq;1;6;1500;mq;mq;mq;mq;mq;mq;mq;mq;mq;
07037;20110925060000;101730;50;1;110;1.500000;285.150000;284.850000;98;7000;2;1;1;90;7;1250;35;61;60;99910;mq;mq;mq;284.350000;mq;289.450000;mq;279.150000;mq;mq;mq;2.100000;-10;0;0.000000;0.000000;-60;0.000000;0.000000;mq;0.000000;0.000000;710.000000;1102.000000;3100.000000;mq;7;6;1410;mq;mq;mq;mq;mq;mq;mq;mq;mq;
07110;20110925060000;101460;50;3;210;6.700000;288.350000;287.550000;95;7000;58;mq;mq;100;8;150;36;61;60;100330;mq;mq;mq;288.350000;mq;289.750000;mq;288.150000;mq;mq;mq;15.400000;-10;2;0.000000;0.000000;-60;1.000000;1.000000;mq;1.000000;1.000000;710.000000;1115.000000;3100.000000;mq;6;7;150;7;6;300;mq;mq;mq;mq;mq;mq;
07117;20110925060000;101460;40;3;210;3.600000;287.750000;286.250000;91;12000;2;1;1;50;2;1250;35;27;11;100770;mq;mq;mq;286.850000;mq;289.950000;mq;mq;mq;mq;mq;6.200000;-10;mq;mq;mq;mq;0.000000;0.000000;mq;0.000000;mq;710.000000;1106.000000;2427.000000;mq;mq;mq;mq;mq;mq;mq;mq;mq;mq;mq;mq;mq;
07130;20110925060000;101740;80;3;110;1.000000;283.150000;282.850000;98;10000;0;mq;mq;mq;mq;1750;mq;mq;mq;101220;mq;mq;mq;282.250000;mq;292.550000;mq;277.150000;mq;mq;mq;1.500000;-10;0;0.000000;mq;mq;0.000000;0.000000;mq;0.000000;0.000000;710.000000;1102.000000;mq;mq;mq;mq;mq;mq;mq;mq;mq;mq;mq;mq;mq;mq;
07139;20110925060000;101790;90;3;350;0.500000;282.450000;281.550000;94;200;46;4;1;90;7;30;36;61;60;100040;mq;mq;mq;282.250000;mq;292.450000;mq;279.150000;mq;mq;mq;1.000000;-10;1;0.000000;0.000000;-60;0.200000;0.200000;mq;0.200000;0.200000;710.000000;1101.000000;3100.000000;mq;7;7;30;mq;mq;mq;mq;mq;mq;mq;mq;mq;
07149;20110925060000;101810;90;3;0;0.000000;284.950000;284.450000;97;12000;11;1;1;25;2;3500;30;23;60;100720;mq;mq;mq;284.950000;mq;291.150000;mq;281.150000;mq;mq;mq;1.000000;-10;0;0.000000;0.000000;-60;0.000000;0.000000;mq;0.000000;0.000000;710.000000;1101.000000;3100.000000;mq;2;3;3000;mq;mq;mq;mq;mq;mq;mq;mq;mq;
07168;20110925060000;101890;70;3;150;1.000000;281.650000;281.050000;96;15000;2;1;1;10;1;3500;30;23;10;100450;mq;mq;mq;281.350000;mq;290.550000;mq;280.150000;mq;mq;mq;2.100000;-10;0;0.000000;0.000000;-60;0.000000;0.200000;mq;0.200000;0.200000;710.000000;1102.000000;3100.000000;mq;1;3;3000;mq;mq;mq;mq;mq;mq;mq;mq;mq;
07181;20110925060000;101920;60;1;180;1.000000;284.150000;283.650000;97;18000;0;mq;mq;90;mq;mq;mq;mq;mq;97840;mq;mq;mq;283.450000;mq;291.150000;mq;279.150000;mq;mq;mq;2.100000;-10;mq;mq;mq;mq;0.000000;0.000000;mq;0.200000;0.200000;710.000000;1102.000000;mq;mq;mq;mq;mq;mq;mq;mq;mq;mq;mq;mq;mq;mq;
07190;20110925060000;101970;100;3;270;1.000000;282.150000;281.350000;95;1800;10;mq;mq;101;mq;mq;62;61;60;100130;mq;mq;mq;282.050000;mq;291.350000;mq;279.150000;mq;mq;mq;1.500000;-10;0;0.000000;mq;mq;0.000000;0.000000;mq;0.000000;0.000000;710.000000;1102.000000;mq;mq;mq;mq;mq;mq;mq;mq;mq;mq;mq;mq;mq;mq;
07207;20110925060000;mq;mq;mq;210;5.100000;290.650000;288.650000;88;20000;2;1;1;90;5;1250;35;27;10;mq;mq;mq;mq;289.550000;mq;290.650000;mq;mq;mq;mq;mq;6.200000;-10;mq;mq;mq;mq;0.000000;0.000000;mq;0.000000;mq;710.000000;1106.000000;2428.000000;mq;mq;mq;mq;mq;mq;mq;mq;mq;mq;mq;mq;mq;
07222;20110925060000;101760;80;3;0;0.000000;282.250000;281.950000;98;900;42;4;4;0;mq;mq;mq;mq;mq;101440;mq;mq;mq;282.250000;mq;290.350000;mq;278.150000;mq;mq;mq;1.000000;-10;0;0.000000;mq;mq;0.000000;0.000000;mq;0.200000;0.200000;710.000000;1101.000000;mq;mq;mq;mq;mq;mq;mq;mq;mq;mq;mq;mq;mq;mq;
07240;20110925060000;101800;120;2;0;0.000000;287.250000;286.250000;94;10000;3;mq;mq;90;7;2250;30;23;60;100460;mq;mq;mq;286.950000;mq;293.750000;mq;285.150000;mq;mq;mq;2.100000;-10;0;0.000000;0.000000;-60;0.000000;0.000000;mq;0.000000;0.000000;710.000000;1102.000000;3100.000000;mq;7;3;2100;mq;mq;mq;mq;mq;mq;mq;mq;mq;
07255;20110925060000;101880;80;3;110;0.500000;284.950000;284.650000;98;9000;11;0;0;10;1;1750;35;20;10;99890;mq;mq;mq;284.750000;mq;294.050000;mq;282.150000;mq;mq;mq;1.500000;-10;0;0.000000;0.000000;-60;0.000000;0.000000;mq;0.000000;0.000000;710.000000;1102.000000;3100.000000;mq;1;6;1800;mq;mq;mq;mq;mq;mq;mq;mq;mq;
07280;20110925060000;101930;70;3;340;1.500000;284.650000;284.050000;96;15000;0;mq;mq;90;mq;150;mq;mq;mq;99210;mq;mq;mq;284.150000;mq;292.250000;mq;280.150000;mq;mq;mq;2.100000;-10;0;0.000000;mq;mq;0.000000;0.000000;mq;0.000000;0.000000;710.000000;1102.000000;mq;mq;mq;mq;mq;mq;mq;mq;mq;mq;mq;mq;mq;mq;
07299;20110925060000;101980;110;3;190;2.600000;285.350000;284.850000;97;6000;2;1;1;10;1;3500;30;23;11;98730;mq;mq;mq;284.250000;mq;290.150000;mq;282.150000;mq;mq;mq;3.600000;-10;0;0.000000;0.000000;-60;0.000000;0.000000;mq;0.200000;0.200000;710.000000;1104.000000;3100.000000;mq;1;3;3900;mq;mq;mq;mq;mq;mq;mq;mq;mq;
07314;20110925060000;101820;60;3;140;3.100000;287.850000;287.250000;96;15000;2;1;1;25;2;800;31;24;10;101540;mq;mq;mq;287.250000;mq;291.250000;mq;mq;mq;mq;mq;5.100000;-10;mq;mq;mq;mq;0.000000;0.200000;mq;mq;mq;710.000000;1105.000000;2427.000000;mq;2;6;600;mq;mq;mq;mq;mq;mq;mq;mq;mq;
07335;20110925060000;101830;80;3;200;1.500000;286.950000;286.350000;96;12000;2;1;1;75;6;1750;35;20;10;100400;mq;mq;mq;286.750000;mq;292.150000;mq;284.150000;mq;mq;mq;2.600000;-10;0;0.000000;mq;mq;0.000000;0.000000;mq;0.000000;0.000000;710.000000;1103.000000;mq;mq;6;6;1500;mq;mq;mq;mq;mq;mq;mq;mq;mq;
07434;20110925060000;101880;80;3;70;1.000000;286.150000;285.550000;96;8000;2;4;1;60;5;1750;35;20;11;97140;mq;mq;mq;286.150000;mq;291.250000;mq;284.150000;mq;mq;mq;2.100000;-10;0;0.000000;mq;mq;0.000000;0.000000;mq;0.000000;0.000000;710.000000;1102.000000;mq;mq;4;6;1800;3;0;7800;mq;mq;mq;mq;mq;mq;
07460;20110925060000;101900;90;3;0;0.000000;286.450000;284.850000;90;20000;1;mq;mq;25;2;3500;30;23;11;98050;mq;mq;mq;286.450000;mq;293.950000;mq;284.150000;mq;mq;mq;2.100000;-10;0;0.000000;0.000000;-60;0.000000;0.000000;mq;0.000000;0.000000;710.000000;1102.000000;3100.000000;mq;2;3;4800;mq;mq;mq;mq;mq;mq;mq;mq;mq;
07471;20110925060000;mq;90;3;0;0.000000;281.750000;280.650000;93;30000;2;1;1;75;5;3500;30;23;12;92420;85000;17910;mq;281.750000;mq;290.250000;mq;280.150000;mq;mq;mq;2.100000;-10;0;0.000000;0.000000;-60;0.000000;0.000000;mq;0.000000;0.000000;710.000000;1102.000000;3100.000000;mq;5;3;3000;3;0;7800;mq;mq;mq;mq;mq;mq;
07481;20110925060000;101860;60;3;120;2.100000;289.450000;285.450000;77;40000;2;1;1;90;3;3500;30;27;12;99040;mq;mq;mq;289.350000;mq;294.550000;mq;287.150000;mq;mq;mq;3.600000;-10;0;0.000000;0.000000;-60;0.000000;0.000000;mq;0.000000;0.000000;710.000000;1104.000000;3100.000000;mq;3;3;3300;5;3;4500;7;0;7800;mq;mq;mq;
07510;20110925060000;101800;70;3;100;2.100000;285.750000;285.750000;100;1200;40;4;1;40;3;30;36;20;10;101150;mq;mq;mq;285.550000;mq;292.750000;mq;283.150000;mq;mq;mq;2.600000;-10;0;0.000000;0.000000;-60;0.000000;0.000000;mq;0.000000;1.600000;710.000000;1103.000000;3100.000000;mq;2;7;30;mq;mq;mq;mq;mq;mq;mq;mq;mq;
07535;20110925060000;101880;80;3;100;0.500000;286.150000;285.850000;98;3000;10;0;0;0;mq;mq;mq;mq;mq;98780;mq;mq;mq;285.850000;mq;291.350000;mq;284.150000;mq;mq;mq;2.100000;-10;0;0.000000;0.000000;-60;0.200000;0.200000;mq;0.200000;0.400000;710.000000;1102.000000;3100.000000;mq;mq;mq;mq;mq;mq;mq;mq;mq;mq;mq;mq;mq;
07558;20110925060000;101910;70;3;40;1.500000;285.950000;285.350000;96;20000;2;1;1;10;1;3500;30;23;10;93670;mq;mq;mq;285.550000;mq;290.850000;mq;283.150000;mq;mq;mq;3.600000;-10;0;0.000000;0.000000;-60;0.000000;0.200000;mq;0.200000;0.200000;710.000000;1104.000000;3100.000000;mq;1;3;2400;mq;mq;mq;mq;mq;mq;mq;mq;mq;
07577;20110925060000;101840;60;3;360;0.500000;290.150000;287.650000;85;30000;2;1;1;100;7;3500;30;27;12;100960;mq;mq;mq;289.850000;mq;294.250000;mq;289.150000;mq;mq;mq;2.100000;-10;0;0.000000;0.000000;-60;0.000000;0.000000;mq;0.000000;0.000000;710.000000;1102.000000;3100.000000;mq;7;3;3000;7;0;7800;mq;mq;mq;mq;mq;mq;
07591;20110925060000;mq;40;3;50;4.100000;286.450000;283.450000;82;mq;0;mq;mq;mq;mq;mq;mq;mq;mq;92010;mq;mq;mq;286.150000;mq;289.650000;mq;284.150000;mq;mq;mq;6.700000;-10;mq;mq;mq;mq;0.000000;0.200000;mq;3.000000;3.200000;710.000000;1107.000000;mq;mq;mq;mq;mq;mq;mq;mq;mq;mq;mq;mq;mq;mq;
07607;20110925060000;101790;80;3;90;2.100000;284.450000;283.950000;97;300;45;mq;mq;101;mq;mq;62;61;60;101080;mq;mq;mq;284.450000;mq;293.150000;mq;284.150000;mq;mq;mq;2.100000;-10;mq;mq;mq;mq;0.200000;0.200000;mq;0.400000;mq;710.000000;1102.000000;mq;mq;mq;mq;mq;mq;mq;mq;mq;mq;mq;mq;mq;mq;
07621;20110925060000;101840;80;3;0;0.000000;284.650000;284.050000;96;10000;1;mq;mq;0;mq;mq;mq;mq;mq;97530;mq;mq;mq;284.050000;mq;291.350000;mq;281.150000;mq;mq;mq;2.100000;-10;0;0.000000;0.000000;-60;0.000000;0.000000;mq;0.200000;2.200000;710.000000;1102.000000;3100.000000;mq;mq;mq;mq;mq;mq;mq;mq;mq;mq;mq;mq;mq;
07627;20110925060000;101910;70;3;260;0.500000;283.650000;282.750000;94;40000;11;0;0;0;mq;mq;mq;mq;mq;97040;mq;mq;mq;282.750000;mq;289.050000;mq;279.150000;mq;mq;mq;2.600000;-10;0;0.000000;0.000000;-60;0.000000;0.000000;mq;0.200000;0.200000;710.000000;1103.000000;3100.000000;mq;mq;mq;mq;mq;mq;mq;mq;mq;mq;mq;mq;mq;
07630;20110925060000;101870;80;3;180;1.500000;285.850000;285.050000;95;7000;2;1;1;0;mq;mq;mq;mq;mq;100070;mq;mq;mq;285.850000;mq;293.550000;mq;282.150000;mq;mq;mq;1.500000;-10;0;0.000000;0.000000;-60;0.200000;0.200000;mq;0.200000;0.200000;710.000000;1102.000000;3100.000000;mq;mq;mq;mq;mq;mq;mq;mq;mq;mq;mq;mq;mq;
07643;20110925060000;101810;80;2;350;1.500000;291.850000;289.950000;89;15000;2;mq;mq;90;5;2250;35;27;60;101720;mq;mq;mq;291.450000;mq;293.450000;mq;291.150000;mq;mq;mq;2.100000;-10;0;0.000000;mq;mq;0.000000;0.000000;mq;0.000000;0.000000;710.000000;1102.000000;mq;mq;5;6;1800;7;3;2700;mq;mq;mq;mq;mq;mq;
07650;20110925060000;101770;60;3;0;0.000000;291.650000;288.750000;83;13000;2;1;1;100;3;1250;38;27;12;101390;mq;mq;mq;291.150000;mq;295.850000;mq;290.150000;mq;mq;mq;4.100000;-10;1;0.000000;0.000000;-60;0.000000;0.000000;mq;5.000000;4.500000;710.000000;1104.000000;3100.000000;mq;1;8;1200;3;6;1500;5;3;3000;mq;mq;mq;
07661;20110925060000;101730;60;3;100;2.600000;291.450000;288.150000;81;18000;2;1;1;90;4;1250;34;22;60;100160;mq;mq;mq;291.450000;mq;294.950000;mq;mq;mq;mq;mq;5.700000;-10;mq;mq;mq;mq;0.000000;0.000000;mq;0.000000;0.000000;710.000000;1106.000000;mq;mq;4;6;1200;7;3;2400;mq;mq;mq;mq;mq;mq;
07690;20110925060000;101790;80;3;330;3.100000;293.850000;286.750000;64;15000;1;6;2;90;3;1250;35;27;60;101460;mq;mq;mq;293.750000;mq;296.150000;mq;292.150000;mq;mq;mq;4.600000;-10;0;0.000000;0.000000;-60;0.000000;0.000000;mq;0.000000;0.000000;710.000000;1105.000000;3100.000000;mq;1;6;1380;3;6;1800;6;3;3300;mq;mq;mq;
07747;20110925060000;101850;120;3;270;1.000000;286.850000;285.950000;94;20000;2;1;1;10;1;250;36;20;10;101320;mq;mq;mq;286.850000;mq;293.550000;mq;285.150000;mq;mq;mq;1.500000;-10;mq;mq;mq;mq;0.000000;0.200000;mq;0.200000;1.400000;710.000000;1102.000000;mq;mq;1;7;180;mq;mq;mq;mq;mq;mq;mq;mq;mq;
07761;20110925060000;101660;30;3;40;3.600000;291.350000;288.050000;81;25000;2;1;1;90;2;2250;35;27;60;101550;mq;mq;mq;291.050000;mq;295.150000;mq;290.150000;mq;mq;mq;4.600000;-10;2;0.000000;0.000000;-60;0.000000;0.000000;mq;0.400000;0.400000;710.000000;1105.000000;3100.000000;mq;2;6;2100;7;3;3300;mq;mq;mq;mq;mq;mq;
07790;20110925060000;101740;60;3;210;2.100000;290.950000;288.950000;88;20000;2;1;1;75;2;800;39;23;11;101600;mq;mq;mq;290.150000;mq;294.250000;mq;288.150000;mq;mq;mq;2.600000;-10;0;0.000000;mq;mq;0.000000;0.000000;mq;0.000000;0.000000;710.000000;1103.000000;mq;mq;2;9;630;5;3;4500;5;0;6900;mq;mq;mq;
61968;20110925060000;101830;mq;mq;80;5.100000;299.350000;291.450000;62;mq;mq;mq;mq;mq;mq;mq;mq;mq;mq;mq;mq;mq;mq;297.250000;mq;mq;mq;mq;mq;mq;mq;10.800000;-10;mq;mq;mq;mq;0.000000;mq;mq;mq;0.000000;710.000000;1111.000000;mq;mq;mq;mq;mq;mq;mq;mq;mq;mq;mq;mq;mq;mq;
61970;20110925060000;101900;mq;mq;mq;mq;299.850000;295.050000;75;mq;mq;mq;mq;mq;mq;mq;mq;mq;mq;mq;mq;mq;mq;297.550000;mq;mq;mq;mq;mq;mq;mq;mq;mq;mq;mq;mq;mq;0.000000;mq;mq;mq;0.000000;mq;mq;mq;mq;mq;mq;mq;mq;mq;mq;mq;mq;mq;mq;mq;mq;
61972;20110925060000;102400;mq;mq;160;9.300000;297.550000;289.050000;59;mq;mq;mq;mq;mq;mq;mq;mq;mq;mq;mq;mq;mq;mq;294.650000;mq;mq;mq;mq;mq;mq;mq;15.900000;-10;mq;mq;mq;mq;0.000000;mq;mq;mq;0.000000;710.000000;1116.000000;mq;mq;mq;mq;mq;mq;mq;mq;mq;mq;mq;mq;mq;mq;
61976;20110925060000;101890;mq;mq;120;8.200000;299.750000;292.350000;64;mq;mq;mq;mq;mq;mq;mq;mq;mq;mq;101740;mq;mq;mq;mq;mq;mq;mq;mq;mq;mq;mq;mq;mq;mq;mq;mq;mq;mq;mq;mq;mq;mq;mq;mq;mq;mq;mq;mq;mq;mq;mq;mq;mq;mq;mq;mq;mq;mq;
61980;20110925060000;102090;mq;mq;60;5.100000;298.450000;291.650000;66;10000;2;1;1;10;1;800;31;20;10;mq;mq;mq;mq;292.150000;mq;mq;mq;291.150000;mq;mq;mq;6.200000;-10;mq;mq;mq;mq;0.000000;mq;mq;mq;0.000000;710.000000;1106.000000;2427.000000;mq;1;8;690;mq;mq;mq;mq;mq;mq;mq;mq;mq;
61996;20110925060000;102100;mq;mq;320;4.100000;286.550000;231.150000;mq;mq;mq;mq;mq;mq;mq;mq;mq;mq;mq;mq;mq;mq;mq;279.750000;mq;mq;mq;278.150000;mq;mq;mq;5.700000;-10;mq;mq;mq;mq;0.000000;mq;mq;mq;0.200000;710.000000;1106.000000;mq;mq;mq;mq;mq;mq;mq;mq;mq;mq;mq;mq;mq;mq;
61997;20110925060000;102090;mq;mq;230;12.300000;273.750000;270.650000;80;mq;mq;mq;mq;mq;mq;mq;mq;mq;mq;mq;mq;mq;mq;270.250000;mq;mq;mq;270.150000;mq;mq;mq;23.700000;-60;mq;mq;mq;mq;mq;mq;mq;mq;1.000000;1124.000000;mq;mq;mq;mq;mq;mq;mq;mq;mq;mq;mq;mq;mq;mq;mq;
67005;20110925060000;101830;mq;mq;200;4.600000;300.650000;295.150000;72;20000;2;1;1;60;4;800;38;23;10;mq;mq;mq;mq;296.650000;mq;mq;mq;295.150000;mq;mq;mq;6.200000;-10;mq;mq;mq;mq;0.000000;mq;mq;mq;0.000000;710.000000;1106.000000;mq;mq;4;8;600;mq;mq;mq;mq;mq;mq;mq;mq;mq;
71805;20110925060000;101240;-150;6;260;4.600000;285.150000;284.650000;97;35000;0;mq;mq;mq;mq;450;mq;mq;mq;101160;mq;mq;mq;mq;284.650000;mq;287.050000;284.150000;mq;mq;mq;7.200000;-10;mq;mq;mq;mq;0.000000;0.000000;mq;0.000000;1.200000;710.000000;1107.000000;mq;mq;mq;mq;mq;mq;mq;mq;mq;mq;mq;mq;mq;mq;
78897;20110925060000;101100;-230;8;110;1.000000;297.750000;296.850000;95;11000;0;mq;mq;mq;mq;mq;mq;mq;mq;mq;mq;mq;mq;mq;297.750000;mq;302.650000;mq;mq;mq;mq;mq;mq;mq;mq;mq;mq;mq;mq;3.000000;mq;18.300000;mq;mq;mq;mq;mq;mq;mq;mq;mq;mq;mq;mq;mq;mq;mq;mq;
78922;20110925060000;101100;-210;8;320;1.000000;299.550000;297.250000;87;mq;mq;mq;mq;mq;mq;mq;mq;mq;mq;100660;mq;mq;mq;mq;mq;mq;mq;mq;mq;mq;mq;mq;mq;mq;mq;mq;mq;mq;mq;mq;mq;mq;mq;mq;mq;mq;mq;mq;mq;mq;mq;mq;mq;mq;mq;mq;mq;mq;
78925;20110925060000;101140;-240;8;100;1.500000;297.350000;297.050000;98;40000;0;mq;mq;mq;mq;mq;mq;mq;mq;mq;mq;mq;10;mq;297.350000;mq;304.950000;mq;mq;mq;mq;mq;mq;mq;mq;mq;mq;mq;mq;0.000000;mq;1.000000;mq;mq;mq;mq;mq;mq;mq;mq;mq;mq;mq;mq;mq;mq;mq;mq;
81401;20110925060000;101190;mq;mq;210;1.500000;296.350000;295.350000;94;mq;mq;mq;mq;mq;mq;mq;mq;mq;mq;101130;mq;mq;mq;mq;mq;mq;mq;mq;mq;mq;mq;mq;mq;mq;mq;mq;mq;mq;0.000000;0.000000;mq;mq;mq;mq;mq;mq;mq;mq;mq;mq;mq;mq;mq;mq;mq;mq;mq;mq;
81405;20110925060000;101180;mq;mq;0;0.000000;296.750000;295.950000;95;20000;0;mq;mq;mq;mq;mq;mq;mq;mq;101090;mq;mq;mq;mq;mq;mq;mq;295.150000;mq;mq;mq;mq;mq;mq;mq;mq;mq;mq;0.000000;0.000000;mq;mq;mq;mq;mq;mq;mq;mq;mq;mq;mq;mq;mq;mq;mq;mq;mq;mq;
81408;20110925060000;101160;mq;mq;0;0.000000;295.250000;294.550000;96;mq;mq;mq;mq;mq;mq;mq;mq;mq;mq;101080;mq;mq;mq;mq;mq;mq;mq;mq;mq;mq;mq;mq;mq;mq;mq;mq;mq;mq;0.000000;0.000000;mq;mq;mq;mq;mq;mq;mq;mq;mq;mq;mq;mq;mq;mq;mq;mq;mq;mq;
89642;20110925060000;99200;-130;8;130;11.300000;255.150000;249.950000;61;6000;70;7;3;100;7;450;35;61;60;98630;mq;mq;mq;mq;mq;mq;mq;274.150000;mq;mq;mq;20.100000;-60;mq;mq;mq;mq;mq;mq;mq;mq;mq;1120.000000;mq;mq;mq;4;7;480;7;6;1080;mq;mq;mq;mq;mq;mq;
07005;20110925090000;101820;120;3;150;2.600000;289.050000;285.950000;82;18000;2;1;1;75;6;1250;35;20;10;100940;mq;mq;mq;mq;mq;mq;mq;mq;mq;mq;mq;5.700000;-10;mq;mq;0.000000;-30;0.000000;0.000000;mq;mq;mq;710.000000;1106.000000;3100.000000;mq;6;6;1350;mq;mq;mq;mq;mq;mq;mq;mq;mq;
07015;20110925090000;101850;100;2;160;2.600000;291.750000;286.150000;70;15000;2;1;1;0;mq;mq;mq;mq;mq;101290;mq;mq;mq;mq;mq;mq;mq;mq;mq;mq;mq;3.600000;-10;mq;mq;0.000000;-30;0.000000;0.000000;mq;mq;mq;710.000000;1104.000000;3100.000000;mq;mq;mq;mq;mq;mq;mq;mq;mq;mq;mq;mq;mq;
07020;20110925090000;101660;70;3;190;8.200000;290.650000;288.050000;85;18000;2;1;1;75;4;3500;30;23;15;101400;mq;mq;mq;mq;mq;mq;mq;mq;mq;mq;mq;11.800000;-10;mq;mq;mq;mq;0.000000;0.000000;mq;mq;mq;710.000000;1112.000000;mq;mq;4;3;2400;mq;mq;mq;mq;mq;mq;mq;mq;mq;
07027;20110925090000;101780;90;1;170;2.100000;291.850000;287.950000;78;25000;2;1;1;10;1;1750;35;20;11;100990;mq;mq;mq;mq;mq;mq;mq;mq;mq;mq;mq;4.100000;-10;mq;mq;0.000000;-30;0.000000;0.200000;mq;mq;mq;710.000000;1104.000000;3100.000000;mq;1;6;1500;mq;mq;mq;mq;mq;mq;mq;mq;mq;
07037;20110925090000;101830;130;1;180;1.500000;290.750000;286.450000;76;20000;2;1;1;25;2;1250;35;20;10;100040;mq;mq;mq;mq;mq;mq;mq;mq;mq;mq;mq;3.100000;-10;mq;mq;0.000000;-30;0.000000;0.000000;mq;mq;mq;710.000000;1103.000000;3100.000000;mq;2;6;1380;mq;mq;mq;mq;mq;mq;mq;mq;mq;
07110;20110925090000;101530;80;3;200;4.100000;289.350000;288.550000;95;25000;1;6;5;90;6;150;37;20;11;100410;mq;mq;mq;mq;mq;mq;mq;mq;mq;mq;mq;6.200000;-10;mq;mq;0.000000;-30;0.000000;0.400000;mq;mq;mq;710.000000;1106.000000;3100.000000;mq;4;7;150;3;6;480;5;6;1800;mq;mq;mq;
07117;20110925090000;101560;100;3;200;5.700000;290.150000;287.750000;86;14000;51;2;2;90;6;800;35;27;60;100870;mq;mq;mq;mq;mq;mq;mq;mq;mq;mq;mq;11.300000;-10;mq;mq;mq;mq;0.000000;0.000000;mq;mq;mq;710.000000;1111.000000;2427.000000;mq;mq;mq;mq;mq;mq;mq;mq;mq;mq;mq;mq;mq;
07130;20110925090000;101800;70;1;160;2.600000;291.150000;287.050000;77;29000;0;mq;mq;mq;mq;mq;mq;mq;mq;101290;mq;mq;mq;mq;mq;mq;mq;mq;mq;mq;mq;4.600000;-10;mq;mq;mq;mq;0.000000;0.200000;mq;mq;mq;710.000000;1105.000000;mq;mq;mq;mq;mq;mq;mq;mq;mq;mq;mq;mq;mq;mq;
07139;20110925090000;101860;120;2;180;1.500000;290.650000;285.950000;74;25000;2;4;1;10;0;8000;30;20;12;100160;mq;mq;mq;mq;mq;mq;mq;mq;mq;mq;mq;3.100000;-10;mq;mq;0.000000;-30;0.000000;0.000000;mq;mq;mq;710.000000;1103.000000;3100.000000;mq;1;0;7500;mq;mq;mq;mq;mq;mq;mq;mq;mq;
07149;20110925090000;101900;120;3;190;2.100000;292.250000;287.050000;72;25000;2;1;1;0;mq;mq;mq;mq;mq;100840;mq;mq;mq;mq;mq;mq;mq;mq;mq;mq;mq;3.600000;-10;mq;mq;0.000000;-30;0.000000;0.000000;mq;mq;mq;710.000000;1104.000000;3100.000000;mq;mq;mq;mq;mq;mq;mq;mq;mq;mq;mq;mq;mq;
07168;20110925090000;101950;110;1;100;1.000000;291.750000;285.950000;69;25000;2;1;1;0;mq;mq;mq;mq;mq;100560;mq;mq;mq;mq;mq;mq;mq;mq;mq;mq;mq;2.100000;-10;mq;mq;0.000000;-30;0.000000;0.000000;mq;mq;mq;710.000000;1102.000000;3100.000000;mq;mq;mq;mq;mq;mq;mq;mq;mq;mq;mq;mq;mq;
07181;20110925090000;101950;140;3;270;1.000000;291.950000;287.050000;73;60000;0;mq;mq;mq;mq;mq;mq;mq;mq;97980;mq;mq;mq;mq;mq;mq;mq;mq;mq;mq;mq;2.100000;-10;mq;mq;mq;mq;0.000000;0.000000;mq;mq;mq;710.000000;1102.000000;mq;mq;mq;mq;mq;mq;mq;mq;mq;mq;mq;mq;mq;mq;
07190;20110925090000;102010;100;1;220;1.500000;291.150000;286.450000;74;19000;0;mq;mq;mq;mq;mq;mq;mq;mq;100230;mq;mq;mq;mq;mq;mq;mq;mq;mq;mq;mq;3.600000;-10;mq;mq;mq;mq;0.000000;0.000000;mq;mq;mq;710.000000;1104.000000;mq;mq;mq;mq;mq;mq;mq;mq;mq;mq;mq;mq;mq;mq;
07207;20110925090000;mq;mq;mq;180;6.700000;291.350000;289.150000;87;20000;2;1;1;60;5;1250;35;20;10;mq;mq;mq;mq;mq;mq;mq;mq;mq;mq;mq;mq;8.200000;-10;mq;mq;mq;mq;0.000000;0.000000;mq;mq;mq;710.000000;1108.000000;2428.000000;mq;mq;mq;mq;mq;mq;mq;mq;mq;mq;mq;mq;mq;
07222;20110925090000;101870;120;3;190;2.100000;289.750000;289.150000;96;25000;1;4;0;10;0;8000;30;20;11;101560;mq;mq;mq;mq;mq;mq;mq;mq;mq;mq;mq;3.100000;-10;mq;mq;mq;mq;0.000000;0.000000;mq;mq;mq;710.000000;1103.000000;mq;mq;1;0;7500;mq;mq;mq;mq;mq;mq;mq;mq;mq;
07240;20110925090000;101880;110;3;200;1.500000;292.450000;287.050000;71;25000;0;mq;mq;mq;mq;2250;mq;mq;mq;100570;mq;mq;mq;mq;mq;mq;mq;mq;mq;mq;mq;3.100000;-10;mq;mq;mq;mq;0.000000;0.000000;mq;mq;mq;710.000000;1103.000000;mq;mq;mq;mq;mq;mq;mq;mq;mq;mq;mq;mq;mq;mq;
07255;20110925090000;101930;100;1;180;1.000000;292.750000;288.150000;75;15000;2;1;1;0;mq;mq;mq;mq;mq;99990;mq;mq;mq;mq;mq;mq;mq;mq;mq;mq;mq;2.100000;-10;mq;mq;0.000000;-30;0.000000;0.000000;mq;mq;mq;710.000000;1102.000000;3100.000000;mq;mq;mq;mq;mq;mq;mq;mq;mq;mq;mq;mq;mq;
07280;20110925090000;101960;110;2;100;1.000000;292.650000;287.450000;72;30000;0;mq;mq;mq;mq;mq;mq;mq;mq;99320;mq;mq;mq;mq;mq;mq;mq;mq;mq;mq;mq;2.600000;-10;mq;mq;mq;mq;0.000000;0.000000;mq;mq;mq;710.000000;1103.000000;mq;mq;mq;mq;mq;mq;mq;mq;mq;mq;mq;mq;mq;mq;
07299;20110925090000;101990;80;1;150;2.100000;291.750000;287.050000;74;12000;2;1;1;40;0;mq;30;20;11;98810;mq;mq;mq;mq;mq;mq;mq;mq;mq;mq;mq;3.600000;-10;mq;mq;0.000000;-30;0.000000;0.000000;mq;mq;mq;710.000000;1104.000000;3100.000000;mq;3;0;6900;mq;mq;mq;mq;mq;mq;mq;mq;mq;
07314;20110925090000;101910;100;2;180;2.600000;292.650000;291.350000;92;25000;2;1;1;10;1;800;31;20;10;101640;mq;mq;mq;mq;mq;mq;mq;mq;mq;mq;mq;4.100000;-10;mq;mq;mq;mq;0.000000;0.000000;mq;mq;mq;710.000000;1104.000000;2428.000000;mq;1;8;600;mq;mq;mq;mq;mq;mq;mq;mq;mq;
07335;20110925090000;101900;100;3;140;2.100000;293.550000;287.850000;70;30000;2;1;1;10;1;1750;35;20;10;100500;mq;mq;mq;mq;mq;mq;mq;mq;mq;mq;mq;3.600000;-10;mq;mq;mq;mq;0.000000;0.000000;mq;mq;mq;710.000000;1104.000000;mq;mq;1;6;1800;mq;mq;mq;mq;mq;mq;mq;mq;mq;
07434;20110925090000;101930;130;2;150;2.100000;290.550000;287.450000;82;9000;2;4;1;40;2;1250;31;20;11;97270;mq;mq;mq;mq;mq;mq;mq;mq;mq;mq;mq;3.600000;-10;mq;mq;mq;mq;0.000000;0.200000;mq;mq;mq;710.000000;1104.000000;mq;mq;1;8;1290;mq;mq;mq;mq;mq;mq;mq;mq;mq;
07460;20110925090000;101920;110;1;150;1.500000;293.150000;286.650000;66;40000;2;1;1;10;1;800;31;20;11;98160;mq;mq;mq;mq;mq;mq;mq;mq;mq;mq;mq;3.600000;-10;mq;mq;0.000000;-30;0.000000;0.000000;mq;mq;mq;710.000000;1104.000000;3100.000000;mq;1;8;780;mq;mq;mq;mq;mq;mq;mq;mq;mq;
07471;20110925090000;mq;90;3;100;1.000000;291.850000;284.650000;63;30000;2;1;1;40;1;1250;32;23;10;92510;85000;17990;mq;mq;mq;mq;mq;mq;mq;mq;mq;2.600000;-10;mq;mq;0.000000;-30;0.000000;0.000000;mq;mq;mq;710.000000;1103.000000;3100.000000;mq;1;8;990;3;3;3000;mq;mq;mq;mq;mq;mq;
07481;20110925090000;101930;110;3;140;3.600000;293.950000;287.150000;65;50000;2;1;1;50;3;3500;30;23;11;99150;mq;mq;mq;mq;mq;mq;mq;mq;mq;mq;mq;5.100000;-10;mq;mq;0.000000;-30;0.000000;0.000000;mq;mq;mq;710.000000;1105.000000;3100.000000;mq;3;3;4500;mq;mq;mq;mq;mq;mq;mq;mq;mq;
07510;20110925090000;101910;120;3;120;3.100000;292.550000;289.350000;82;15000;2;1;1;0;mq;mq;mq;mq;mq;101270;mq;mq;mq;mq;mq;mq;mq;mq;mq;mq;mq;4.600000;-10;mq;mq;0.000000;-30;0.000000;0.000000;mq;mq;mq;710.000000;1105.000000;3100.000000;mq;mq;mq;mq;mq;mq;mq;mq;mq;mq;mq;mq;mq;
07535;20110925090000;101940;140;1;230;1.000000;293.850000;288.650000;72;20000;2;1;1;10;1;800;31;20;10;98920;mq;mq;mq;mq;mq;mq;mq;mq;mq;mq;mq;3.100000;-10;mq;mq;0.000000;-30;0.000000;0.000000;mq;mq;mq;710.000000;1103.000000;3100.000000;mq;1;8;690;mq;mq;mq;mq;mq;mq;mq;mq;mq;
07558;20110925090000;101920;140;2;40;2.100000;290.650000;285.950000;74;20000;2;1;1;10;1;3500;30;23;10;93810;mq;mq;mq;mq;mq;mq;mq;mq;mq;mq;mq;3.100000;-10;mq;mq;0.000000;-30;0.000000;0.000000;mq;mq;mq;710.000000;1103.000000;3100.000000;mq;1;3;2400;mq;mq;mq;mq;mq;mq;mq;mq;mq;
07577;20110925090000;101970;140;3;10;1.500000;293.050000;287.450000;70;20000;0;mq;mq;mq;mq;mq;mq;mq;mq;101100;mq;mq;mq;mq;mq;mq;mq;mq;mq;mq;mq;2.600000;-10;mq;mq;mq;mq;0.000000;0.000000;mq;mq;mq;710.000000;1103.000000;mq;mq;mq;mq;mq;mq;mq;mq;mq;mq;mq;mq;mq;mq;
07591;20110925090000;mq;60;2;60;5.100000;289.550000;283.450000;67;mq;0;mq;mq;mq;mq;mq;mq;mq;mq;92070;mq;mq;mq;mq;mq;mq;mq;mq;mq;mq;mq;8.700000;-10;mq;mq;mq;mq;0.000000;0.000000;mq;mq;mq;710.000000;1109.000000;mq;mq;mq;mq;mq;mq;mq;mq;mq;mq;mq;mq;mq;mq;
07607;20110925090000;101890;120;2;110;1.500000;292.450000;289.850000;85;19000;0;mq;mq;mq;mq;mq;mq;mq;mq;101200;mq;mq;mq;mq;mq;mq;mq;mq;mq;mq;mq;3.600000;-10;mq;mq;mq;mq;0.000000;0.000000;mq;mq;mq;710.000000;1104.000000;mq;mq;mq;mq;mq;mq;mq;mq;mq;mq;mq;mq;mq;mq;
07621;20110925090000;101830;120;1;130;1.000000;293.950000;285.850000;60;40000;2;1;1;10;1;1750;31;20;10;97650;mq;mq;mq;mq;mq;mq;mq;mq;mq;mq;mq;1.500000;-10;mq;mq;0.000000;-30;0.000000;0.000000;mq;mq;mq;710.000000;1102.000000;3100.000000;mq;1;8;1800;mq;mq;mq;mq;mq;mq;mq;mq;mq;
07627;20110925090000;101880;120;2;100;0.500000;292.850000;285.850000;64;40000;2;1;1;10;1;2600;31;20;10;97160;mq;mq;mq;mq;mq;mq;mq;mq;mq;mq;mq;3.100000;-10;mq;mq;0.000000;-30;0.000000;0.000000;mq;mq;mq;710.000000;1103.000000;3100.000000;mq;1;8;2400;mq;mq;mq;mq;mq;mq;mq;mq;mq;
07630;20110925090000;101960;140;1;170;0.500000;293.250000;286.950000;67;20000;2;1;1;0;mq;mq;mq;mq;mq;100210;mq;mq;mq;mq;mq;mq;mq;mq;mq;mq;mq;2.100000;-10;mq;mq;0.000000;-30;0.000000;0.000000;mq;mq;mq;710.000000;1102.000000;3100.000000;mq;mq;mq;mq;mq;mq;mq;mq;mq;mq;mq;mq;mq;
07643;20110925090000;101920;110;3;10;1.500000;295.050000;290.250000;74;30000;2;1;1;90;5;2250;35;27;60;101830;mq;mq;mq;mq;mq;mq;mq;mq;mq;mq;mq;2.600000;-10;mq;mq;mq;mq;0.000000;0.000000;mq;mq;mq;710.000000;1103.000000;mq;mq;5;6;1800;7;3;2700;mq;mq;mq;mq;mq;mq;
07650;20110925090000;101830;70;3;10;1.500000;296.650000;289.150000;63;30000;2;1;1;75;3;3500;30;23;12;101460;mq;mq;mq;mq;mq;mq;mq;mq;mq;mq;mq;7.700000;-10;mq;mq;0.000000;-30;0.000000;0.000000;mq;mq;mq;710.000000;1108.000000;3100.000000;mq;3;3;4500;6;0;7500;mq;mq;mq;mq;mq;mq;
07661;20110925090000;101830;120;3;110;5.100000;296.650000;288.450000;60;mq;mq;mq;mq;mq;mq;mq;mq;mq;mq;100280;mq;mq;mq;mq;mq;mq;mq;mq;mq;mq;mq;8.700000;-10;mq;mq;mq;mq;0.000000;0.000000;mq;mq;mq;710.000000;1109.000000;mq;mq;mq;mq;mq;mq;mq;mq;mq;mq;mq;mq;mq;mq;
07690;20110925090000;101910;120;3;80;3.100000;296.650000;290.850000;70;18000;2;1;1;90;2;1250;35;27;60;101580;mq;mq;mq;mq;mq;mq;mq;mq;mq;mq;mq;4.600000;-10;mq;mq;0.000000;-30;0.000000;0.000000;mq;mq;mq;710.000000;1105.000000;3100.000000;mq;2;6;1200;7;3;3900;mq;mq;mq;mq;mq;mq;
07747;20110925090000;101930;100;1;290;1.000000;295.450000;288.550000;65;20000;2;1;1;10;1;800;31;20;10;101420;mq;mq;mq;mq;mq;mq;mq;mq;mq;mq;mq;2.600000;-10;mq;mq;mq;mq;0.000000;0.000000;mq;mq;mq;710.000000;1103.000000;mq;mq;1;8;600;mq;mq;mq;mq;mq;mq;mq;mq;mq;
07761;20110925090000;101780;120;3;210;0.500000;295.550000;288.650000;65;25000;2;1;1;90;1;1750;35;27;60;101670;mq;mq;mq;mq;mq;mq;mq;mq;mq;mq;mq;2.100000;-10;mq;mq;0.000000;-30;0.000000;0.000000;mq;mq;mq;710.000000;1102.000000;3100.000000;mq;1;6;1500;7;3;3000;mq;mq;mq;mq;mq;mq;
07790;20110925090000;101860;120;3;200;1.000000;294.050000;290.850000;82;20000;60;6;2;90;4;450;35;27;11;101720;mq;mq;mq;mq;mq;mq;mq;mq;mq;mq;mq;2.100000;-10;mq;mq;mq;mq;0.000000;0.200000;mq;mq;mq;710.000000;1102.000000;mq;mq;4;6;480;5;3;3300;7;0;6000;mq;mq;mq;
61968;20110925090000;101670;mq;mq;90;5.700000;301.850000;291.650000;54;mq;mq;mq;mq;mq;mq;mq;mq;mq;mq;mq;mq;mq;60;mq;mq;mq;mq;mq;mq;mq;mq;12.300000;-10;mq;mq;mq;mq;0.000000;0.000000;mq;mq;mq;710.000000;1112.000000;mq;mq;mq;mq;mq;mq;mq;mq;mq;mq;mq;mq;mq;mq;
61970;20110925090000;101890;mq;mq;mq;mq;301.450000;295.450000;70;mq;mq;mq;mq;mq;mq;mq;mq;mq;mq;mq;mq;mq;90;mq;mq;mq;mq;mq;mq;mq;mq;mq;mq;mq;mq;mq;mq;0.000000;0.000000;mq;mq;mq;mq;mq;mq;mq;mq;mq;mq;mq;mq;mq;mq;mq;mq;mq;mq;mq;
61972;20110925090000;102320;mq;mq;160;10.800000;298.650000;289.550000;57;mq;mq;mq;mq;mq;mq;mq;mq;mq;mq;mq;mq;mq;120;mq;mq;mq;mq;mq;mq;mq;mq;18.000000;-10;mq;mq;mq;mq;0.000000;0.000000;mq;mq;mq;710.000000;1118.000000;mq;mq;mq;mq;mq;mq;mq;mq;mq;mq;mq;mq;mq;mq;
61976;20110925090000;101770;mq;mq;130;7.200000;300.650000;292.150000;60;mq;mq;mq;mq;mq;mq;mq;mq;mq;mq;101620;mq;mq;60;mq;mq;mq;mq;mq;mq;mq;mq;mq;mq;mq;mq;mq;mq;mq;0.000000;mq;mq;mq;mq;mq;mq;mq;mq;mq;mq;mq;mq;mq;mq;mq;mq;mq;mq;mq;
61980;20110925090000;102000;mq;mq;50;2.600000;298.350000;291.550000;66;10000;2;1;1;50;4;800;38;20;10;mq;mq;mq;120;mq;mq;mq;mq;mq;mq;mq;mq;4.600000;-10;mq;mq;mq;mq;0.000000;0.000000;mq;mq;mq;710.000000;1105.000000;2427.000000;mq;1;8;690;4;6;1290;mq;mq;mq;mq;mq;mq;
61996;20110925090000;101960;mq;mq;330;5.100000;286.450000;231.050000;mq;mq;mq;mq;mq;mq;mq;mq;mq;mq;mq;mq;mq;mq;mq;mq;mq;mq;mq;mq;mq;mq;mq;6.700000;-10;mq;mq;mq;mq;0.000000;0.000000;mq;mq;mq;710.000000;1107.000000;mq;mq;mq;mq;mq;mq;mq;mq;mq;mq;mq;mq;mq;mq;
61997;20110925090000;102200;mq;mq;250;6.700000;275.750000;271.050000;71;mq;mq;mq;mq;mq;mq;mq;mq;mq;mq;mq;mq;mq;1950;mq;mq;mq;mq;mq;mq;mq;mq;mq;mq;mq;mq;mq;mq;mq;0.200000;mq;mq;mq;mq;mq;mq;mq;mq;mq;mq;mq;mq;mq;mq;mq;mq;mq;mq;mq;
67005;20110925090000;101700;mq;mq;180;4.600000;302.050000;295.350000;67;20000;2;1;1;40;2;800;38;23;10;mq;mq;mq;20;mq;mq;mq;mq;mq;mq;mq;mq;6.700000;-10;mq;mq;mq;mq;0.000000;0.000000;mq;mq;mq;710.000000;1107.000000;mq;mq;2;8;600;mq;mq;mq;mq;mq;mq;mq;mq;mq;
71805;20110925090000;101090;-150;8;290;4.100000;285.450000;284.150000;92;25000;2;1;1;90;7;250;36;61;60;101010;mq;mq;mq;mq;mq;mq;mq;mq;mq;mq;mq;9.300000;-10;mq;mq;0.000000;-30;0.000000;0.000000;mq;mq;mq;710.000000;1109.000000;3100.000000;mq;7;7;270;mq;mq;mq;mq;mq;mq;mq;mq;mq;
78897;20110925090000;101120;20;3;0;0.000000;297.150000;296.450000;96;16000;0;mq;mq;mq;mq;mq;mq;mq;mq;mq;mq;mq;mq;mq;mq;mq;mq;mq;mq;mq;mq;mq;mq;mq;mq;mq;mq;mq;mq;mq;mq;mq;mq;mq;mq;mq;mq;mq;mq;mq;mq;mq;mq;mq;mq;mq;mq;mq;
78922;20110925090000;101120;20;3;0;0.000000;299.350000;296.850000;86;mq;mq;mq;mq;mq;mq;mq;mq;mq;mq;100680;mq;mq;mq;mq;mq;mq;mq;mq;mq;mq;mq;mq;mq;mq;mq;mq;mq;mq;mq;mq;mq;mq;mq;mq;mq;mq;mq;mq;mq;mq;mq;mq;mq;mq;mq;mq;mq;mq;
78925;20110925090000;101140;0;5;100;1.500000;296.750000;296.550000;99;50000;0;mq;mq;mq;mq;mq;mq;mq;mq;mq;mq;mq;mq;mq;mq;mq;mq;mq;mq;mq;mq;mq;mq;mq;mq;mq;mq;mq;mq;mq;mq;mq;mq;mq;mq;mq;mq;mq;mq;mq;mq;mq;mq;mq;mq;mq;mq;mq;
81401;20110925090000;101220;mq;mq;0;0.000000;295.350000;294.550000;95;mq;mq;mq;mq;mq;mq;mq;mq;mq;mq;101160;mq;mq;mq;mq;mq;mq;mq;mq;mq;mq;mq;mq;mq;mq;mq;mq;mq;mq;0.000000;mq;mq;mq;mq;mq;mq;mq;mq;mq;mq;mq;mq;mq;mq;mq;mq;mq;mq;mq;
81405;20110925090000;101240;mq;mq;0;0.000000;295.650000;295.450000;99;30000;0;mq;mq;mq;mq;80;mq;mq;mq;101150;mq;mq;mq;mq;mq;mq;mq;mq;mq;mq;mq;mq;mq;mq;mq;mq;mq;mq;0.000000;mq;mq;mq;mq;mq;mq;mq;mq;mq;mq;mq;mq;mq;mq;mq;mq;mq;mq;mq;
81408;20110925090000;101220;mq;mq;0;0.000000;294.850000;294.350000;97;mq;mq;mq;mq;mq;mq;mq;mq;mq;mq;101140;mq;mq;mq;mq;mq;mq;mq;mq;mq;mq;mq;mq;mq;mq;mq;mq;mq;mq;0.000000;mq;mq;mq;mq;mq;mq;mq;mq;mq;mq;mq;mq;mq;mq;mq;mq;mq;mq;mq;
89642;20110925090000;98900;-300;6;130;13.400000;254.150000;251.250000;76;2000;71;7;7;100;7;450;35;61;60;98330;mq;mq;mq;mq;mq;mq;mq;mq;mq;mq;19.500000;21.100000;-30;mq;mq;mq;mq;mq;mq;mq;mq;mq;1020.000000;1121.000000;mq;mq;5;7;480;7;6;1080;mq;mq;mq;mq;mq;mq;
07005;20110925120000;101790;-10;8;220;4.600000;295.550000;285.450000;53;22000;2;1;1;40;2;1250;38;20;11;100930;mq;mq;mq;mq;mq;mq;mq;mq;mq;mq;mq;6.700000;-10;mq;mq;0.000000;-60;0.000000;0.000000;0.000000;mq;mq;710.000000;1107.000000;3100.000000;mq;1;8;1080;mq;mq;mq;mq;mq;mq;mq;mq;mq;
07015;20110925120000;101800;-40;8;190;4.600000;296.050000;285.650000;52;25000;2;1;1;25;2;1250;38;20;10;101250;mq;mq;mq;mq;mq;mq;mq;mq;mq;mq;mq;7.200000;-10;mq;mq;0.000000;-60;0.000000;0.000000;0.000000;mq;mq;710.000000;1107.000000;3100.000000;mq;1;8;1380;mq;mq;mq;mq;mq;mq;mq;mq;mq;
07020;20110925120000;101680;20;2;180;8.200000;291.250000;288.350000;83;mq;mq;mq;mq;mq;mq;mq;mq;mq;mq;101420;mq;mq;mq;mq;mq;mq;mq;mq;mq;mq;mq;13.400000;-10;mq;mq;mq;mq;0.000000;0.000000;0.000000;mq;mq;710.000000;1113.000000;mq;mq;mq;mq;mq;mq;mq;mq;mq;mq;mq;mq;mq;mq;
07027;20110925120000;101780;10;3;190;5.700000;295.050000;286.450000;58;25000;2;1;1;25;1;1250;31;20;11;101000;mq;mq;mq;mq;mq;mq;mq;mq;mq;mq;mq;8.700000;-10;mq;mq;0.000000;-60;0.000000;0.000000;0.200000;mq;mq;710.000000;1109.000000;3100.000000;mq;1;8;990;mq;mq;mq;mq;mq;mq;mq;mq;mq;
07037;20110925120000;101820;20;1;230;1.500000;295.650000;287.450000;60;25000;2;1;1;50;1;1250;31;23;11;100060;mq;mq;mq;mq;mq;mq;mq;mq;mq;mq;mq;4.100000;-10;mq;mq;0.000000;-60;0.000000;0.000000;0.000000;mq;mq;710.000000;1104.000000;3100.000000;mq;1;8;990;3;0;6900;mq;mq;mq;mq;mq;mq;
07110;20110925120000;101560;40;0;190;6.700000;292.250000;288.950000;81;40000;0;mq;mq;100;mq;450;mq;mq;mq;100450;mq;mq;mq;mq;mq;mq;mq;mq;mq;mq;mq;10.300000;-10;mq;mq;mq;mq;0.000000;0.000000;0.400000;mq;mq;710.000000;1110.000000;mq;mq;mq;mq;mq;mq;mq;mq;mq;mq;mq;mq;mq;mq;
07117;20110925120000;101580;30;1;230;5.700000;294.550000;287.650000;65;14000;2;1;1;90;6;800;35;27;60;100900;mq;mq;mq;mq;mq;mq;mq;mq;mq;mq;mq;10.300000;-10;mq;mq;mq;mq;0.000000;0.000000;0.000000;mq;mq;710.000000;1110.000000;2427.000000;mq;mq;mq;mq;mq;mq;mq;mq;mq;mq;mq;mq;mq;
07130;20110925120000;101780;-10;8;200;5.100000;295.350000;285.550000;54;35000;0;mq;mq;mq;mq;mq;mq;mq;mq;101280;mq;mq;mq;mq;mq;mq;mq;mq;mq;mq;mq;7.700000;-10;mq;mq;mq;mq;0.000000;0.000000;0.200000;mq;mq;710.000000;1108.000000;mq;mq;mq;mq;mq;mq;mq;mq;mq;mq;mq;mq;mq;mq;
07139;20110925120000;101800;-30;8;200;3.100000;294.950000;285.750000;56;30000;1;4;1;25;1;1250;38;20;12;100130;mq;mq;mq;mq;mq;mq;mq;mq;mq;mq;mq;4.600000;-10;mq;mq;0.000000;-60;0.000000;0.000000;0.000000;mq;mq;710.000000;1105.000000;3100.000000;mq;1;8;990;mq;mq;mq;mq;mq;mq;mq;mq;mq;
07149;20110925120000;101840;-40;8;230;2.600000;297.550000;287.050000;52;25000;2;1;1;10;1;1250;31;20;10;100800;mq;mq;mq;mq;mq;mq;mq;mq;mq;mq;mq;6.700000;-10;mq;mq;0.000000;-60;0.000000;0.000000;0.000000;mq;mq;710.000000;1107.000000;3100.000000;mq;1;8;1200;mq;mq;mq;mq;mq;mq;mq;mq;mq;
07168;20110925120000;101910;-10;8;190;0.500000;297.650000;287.150000;52;25000;2;1;1;10;1;1250;31;20;10;100550;mq;mq;mq;mq;mq;mq;mq;mq;mq;mq;mq;3.100000;-10;mq;mq;0.000000;-60;0.000000;0.000000;0.000000;mq;mq;710.000000;1103.000000;3100.000000;mq;1;8;1200;mq;mq;mq;mq;mq;mq;mq;mq;mq;
07181;20110925120000;101870;10;0;280;1.500000;296.850000;288.350000;59;19000;0;mq;mq;mq;mq;mq;mq;mq;mq;97970;mq;mq;mq;mq;mq;mq;mq;mq;mq;mq;mq;3.100000;-10;mq;mq;mq;mq;0.000000;0.000000;0.000000;mq;mq;710.000000;1103.000000;mq;mq;mq;mq;mq;mq;mq;mq;mq;mq;mq;mq;mq;mq;
07190;20110925120000;101930;-40;8;30;1.500000;296.550000;286.950000;55;35000;0;mq;mq;mq;mq;mq;mq;mq;mq;100190;mq;mq;mq;mq;mq;mq;mq;mq;mq;mq;mq;3.100000;-10;mq;mq;mq;mq;0.000000;0.000000;0.000000;mq;mq;710.000000;1103.000000;mq;mq;mq;mq;mq;mq;mq;mq;mq;mq;mq;mq;mq;mq;
07207;20110925120000;mq;mq;mq;200;6.200000;292.250000;289.250000;83;25000;2;1;1;75;5;800;31;25;10;mq;mq;mq;mq;mq;mq;mq;mq;mq;mq;mq;mq;8.700000;-10;mq;mq;mq;mq;0.000000;0.000000;0.000000;mq;mq;710.000000;1109.000000;2428.000000;mq;mq;mq;mq;mq;mq;mq;mq;mq;mq;mq;mq;mq;
07222;20110925120000;101840;-20;5;200;3.100000;295.150000;288.750000;67;30000;1;4;0;10;1;800;31;20;11;101540;mq;mq;mq;mq;mq;mq;mq;mq;mq;mq;mq;5.700000;-10;mq;mq;mq;mq;0.000000;0.200000;0.200000;mq;mq;710.000000;1106.000000;mq;mq;1;8;780;mq;mq;mq;mq;mq;mq;mq;mq;mq;
07240;20110925120000;101860;-10;8;170;2.600000;296.050000;287.850000;60;60000;0;mq;mq;mq;mq;mq;mq;mq;mq;100560;mq;mq;mq;mq;mq;mq;mq;mq;mq;mq;mq;5.100000;-10;mq;mq;mq;mq;0.000000;0.000000;0.000000;mq;mq;710.000000;1105.000000;mq;mq;mq;mq;mq;mq;mq;mq;mq;mq;mq;mq;mq;mq;
07255;20110925120000;101860;-30;8;180;1.500000;298.150000;287.050000;50;25000;2;1;1;10;1;800;31;20;10;99960;mq;mq;mq;mq;mq;mq;mq;mq;mq;mq;mq;5.700000;-10;mq;mq;0.000000;-60;0.000000;0.000000;0.000000;mq;mq;710.000000;1106.000000;3100.000000;mq;1;8;900;mq;mq;mq;mq;mq;mq;mq;mq;mq;
07280;20110925120000;101870;-50;7;130;1.500000;297.750000;286.650000;50;50000;0;mq;mq;mq;mq;mq;mq;mq;mq;99270;mq;mq;mq;mq;mq;mq;mq;mq;mq;mq;mq;4.600000;-10;mq;mq;mq;mq;0.000000;0.000000;0.000000;mq;mq;710.000000;1105.000000;mq;mq;mq;mq;mq;mq;mq;mq;mq;mq;mq;mq;mq;mq;
07299;20110925120000;101860;-60;8;130;2.100000;297.450000;287.250000;53;25000;2;1;1;25;1;1750;31;20;11;98750;mq;mq;mq;mq;mq;mq;mq;mq;mq;mq;mq;5.100000;-10;mq;mq;0.000000;-60;0.000000;0.000000;0.000000;mq;mq;710.000000;1105.000000;3100.000000;mq;1;8;1800;mq;mq;mq;mq;mq;mq;mq;mq;mq;
07314;20110925120000;101930;20;1;200;4.600000;293.850000;290.250000;80;mq;mq;mq;mq;mq;mq;mq;mq;mq;mq;101660;mq;mq;mq;mq;mq;mq;mq;mq;mq;mq;mq;5.700000;-10;mq;mq;mq;mq;0.000000;0.000000;0.000000;mq;mq;710.000000;1106.000000;mq;mq;mq;mq;mq;mq;mq;mq;mq;mq;mq;mq;mq;mq;
07335;20110925120000;101880;-10;8;190;3.600000;296.650000;288.450000;60;30000;2;1;1;40;3;1250;32;20;10;100490;mq;mq;mq;mq;mq;mq;mq;mq;mq;mq;mq;7.700000;-10;mq;mq;mq;mq;0.000000;0.000000;0.000000;mq;mq;710.000000;1108.000000;mq;mq;3;8;990;mq;mq;mq;mq;mq;mq;mq;mq;mq;
07434;20110925120000;101850;-10;8;150;1.500000;295.250000;288.550000;66;18000;3;4;1;50;3;800;31;20;11;97260;mq;mq;mq;mq;mq;mq;mq;mq;mq;mq;mq;5.100000;-10;mq;mq;mq;mq;0.000000;0.000000;0.200000;mq;mq;710.000000;1105.000000;mq;mq;3;8;690;mq;mq;mq;mq;mq;mq;mq;mq;mq;
07460;20110925120000;101780;-80;8;50;1.500000;297.650000;285.550000;47;55000;0;mq;mq;mq;mq;mq;mq;mq;mq;98080;mq;mq;mq;mq;mq;mq;mq;mq;mq;mq;mq;3.100000;-10;mq;mq;mq;mq;0.000000;0.000000;0.000000;mq;mq;710.000000;1103.000000;mq;mq;mq;mq;mq;mq;mq;mq;mq;mq;mq;mq;mq;mq;
07471;20110925120000;mq;-30;8;90;1.500000;294.750000;281.250000;42;40000;2;1;1;75;4;1250;32;23;10;92480;85000;17960;mq;mq;mq;mq;mq;mq;mq;mq;mq;5.100000;-10;mq;mq;0.000000;-60;0.000000;0.000000;0.000000;mq;mq;710.000000;1105.000000;3100.000000;mq;4;8;1200;3;3;3000;mq;mq;mq;mq;mq;mq;
07481;20110925120000;101880;-10;8;160;2.100000;298.150000;284.650000;43;50000;2;1;1;40;1;1750;32;23;11;99140;mq;mq;mq;mq;mq;mq;mq;mq;mq;mq;mq;4.600000;-10;mq;mq;0.000000;-60;0.000000;0.000000;0.000000;mq;mq;710.000000;1105.000000;3100.000000;mq;1;8;1500;mq;mq;mq;mq;mq;mq;mq;mq;mq;
07510;20110925120000;101840;-50;8;100;2.600000;297.950000;289.650000;60;30000;2;1;1;10;1;1250;31;20;10;101220;mq;mq;mq;mq;mq;mq;mq;mq;mq;mq;mq;5.700000;-10;mq;mq;0.000000;-60;0.000000;0.000000;0.000000;mq;mq;710.000000;1106.000000;3100.000000;mq;1;8;990;mq;mq;mq;mq;mq;mq;mq;mq;mq;
07535;20110925120000;101830;-60;8;190;1.000000;298.650000;286.850000;48;mq;mq;mq;mq;mq;mq;mq;mq;mq;mq;98860;mq;mq;mq;mq;mq;mq;mq;mq;mq;mq;mq;5.100000;-10;mq;mq;mq;mq;0.000000;0.000000;0.000000;mq;mq;710.000000;1105.000000;mq;mq;mq;mq;mq;mq;mq;mq;mq;mq;mq;mq;mq;mq;
07558;20110925120000;101720;-40;8;50;2.100000;296.550000;281.850000;39;mq;mq;mq;mq;mq;mq;mq;mq;mq;mq;93770;mq;mq;mq;mq;mq;mq;mq;mq;mq;mq;mq;6.700000;-10;mq;mq;mq;mq;0.000000;0.000000;0.000000;mq;mq;710.000000;1107.000000;mq;mq;mq;mq;mq;mq;mq;mq;mq;mq;mq;mq;mq;mq;
07577;20110925120000;101950;-10;8;40;1.500000;295.950000;288.050000;61;40000;2;1;1;90;7;3500;30;27;12;101090;mq;mq;mq;mq;mq;mq;mq;mq;mq;mq;mq;3.100000;-10;mq;mq;0.000000;-60;0.000000;0.000000;0.000000;mq;mq;710.000000;1103.000000;3100.000000;mq;7;3;3000;7;0;7800;mq;mq;mq;mq;mq;mq;
07591;20110925120000;mq;20;0;190;1.000000;291.750000;283.550000;59;mq;0;mq;mq;mq;mq;mq;mq;mq;mq;92090;mq;mq;mq;mq;mq;mq;mq;mq;mq;mq;mq;3.600000;-10;mq;mq;mq;mq;0.000000;0.000000;0.000000;mq;mq;710.000000;1104.000000;mq;mq;mq;mq;mq;mq;mq;mq;mq;mq;mq;mq;mq;mq;
07607;20110925120000;101830;-50;8;240;1.000000;299.250000;288.650000;52;45000;0;mq;mq;mq;mq;mq;mq;mq;mq;101150;mq;mq;mq;mq;mq;mq;mq;mq;mq;mq;mq;4.600000;-10;mq;mq;mq;mq;0.000000;0.000000;0.000000;mq;mq;710.000000;1105.000000;mq;mq;mq;mq;mq;mq;mq;mq;mq;mq;mq;mq;mq;mq;
07621;20110925120000;101740;-30;7;50;2.100000;297.650000;286.250000;49;40000;2;1;1;10;1;1750;31;20;10;97620;mq;mq;mq;mq;mq;mq;mq;mq;mq;mq;mq;4.100000;-10;mq;mq;0.000000;-60;0.000000;0.000000;0.000000;mq;mq;710.000000;1104.000000;3100.000000;mq;1;8;1800;mq;mq;mq;mq;mq;mq;mq;mq;mq;
07627;20110925120000;101750;-60;8;340;2.100000;297.050000;286.250000;51;40000;2;1;1;10;1;2250;32;20;10;97100;mq;mq;mq;mq;mq;mq;mq;mq;mq;mq;mq;4.100000;-10;mq;mq;0.000000;-60;0.000000;0.000000;0.000000;mq;mq;710.000000;1104.000000;3100.000000;mq;1;8;2100;mq;mq;mq;mq;mq;mq;mq;mq;mq;
07630;20110925120000;101850;-80;8;140;3.600000;297.950000;286.150000;48;40000;2;1;1;10;1;1250;31;20;10;100130;mq;mq;mq;mq;mq;mq;mq;mq;mq;mq;mq;5.700000;-10;mq;mq;0.000000;-60;0.000000;0.000000;0.000000;mq;mq;710.000000;1106.000000;3100.000000;mq;1;8;1290;mq;mq;mq;mq;mq;mq;mq;mq;mq;
07643;20110925120000;101920;0;0;170;1.500000;297.950000;289.950000;61;30000;2;1;1;90;2;1250;32;27;60;101830;mq;mq;mq;mq;mq;mq;mq;mq;mq;mq;mq;3.100000;-10;mq;mq;mq;mq;0.000000;0.000000;0.000000;mq;mq;710.000000;1103.000000;mq;mq;2;8;1200;7;3;3000;mq;mq;mq;mq;mq;mq;
07650;20110925120000;101890;60;1;10;1.500000;298.650000;288.950000;55;30000;2;1;1;90;4;1250;32;23;60;101520;mq;mq;mq;mq;mq;mq;mq;mq;mq;mq;mq;3.100000;-10;mq;mq;0.000000;-60;0.000000;0.000000;0.000000;mq;mq;710.000000;1103.000000;3100.000000;mq;4;8;1200;6;3;3000;mq;mq;mq;mq;mq;mq;
07661;20110925120000;101900;70;1;130;5.100000;295.850000;289.450000;67;15000;2;1;1;90;4;1250;34;22;60;100350;mq;mq;mq;mq;mq;mq;mq;mq;mq;mq;mq;10.300000;-10;mq;mq;mq;mq;0.000000;0.000000;0.000000;mq;mq;710.000000;1110.000000;mq;mq;4;6;1200;7;3;2400;mq;mq;mq;mq;mq;mq;
07690;20110925120000;101950;40;1;80;3.600000;297.250000;288.950000;60;25000;2;1;1;75;3;450;35;23;12;101620;mq;mq;mq;mq;mq;mq;mq;mq;mq;mq;mq;7.700000;-10;mq;mq;0.000000;-60;0.000000;0.000000;0.000000;mq;mq;710.000000;1108.000000;3100.000000;mq;1;8;480;3;6;1800;mq;mq;mq;mq;mq;mq;
07747;20110925120000;101870;-60;8;140;2.100000;299.850000;286.950000;45;20000;2;1;1;10;1;800;31;20;10;101360;mq;mq;mq;mq;mq;mq;mq;mq;mq;mq;mq;4.600000;-10;mq;mq;mq;mq;0.000000;0.000000;0.000000;mq;mq;710.000000;1105.000000;mq;mq;1;8;600;mq;mq;mq;mq;mq;mq;mq;mq;mq;
07761;20110925120000;101820;50;0;240;1.500000;297.250000;288.750000;59;30000;2;1;1;100;1;1250;32;27;60;101720;mq;mq;mq;mq;mq;mq;mq;mq;mq;mq;mq;2.600000;-10;mq;mq;0.000000;-60;0.000000;0.000000;0.000000;mq;mq;710.000000;1103.000000;3100.000000;mq;1;8;1200;8;3;3300;mq;mq;mq;mq;mq;mq;
07790;20110925120000;101840;-20;8;110;3.600000;297.150000;292.250000;74;20000;16;6;2;90;4;450;38;27;11;101700;mq;mq;mq;mq;mq;mq;mq;mq;mq;mq;mq;5.700000;-10;mq;mq;mq;mq;0.000000;0.000000;0.200000;mq;mq;710.000000;1106.000000;mq;mq;2;8;480;5;3;3300;7;0;6000;mq;mq;mq;
61968;20110925120000;101500;mq;mq;90;5.100000;301.550000;292.450000;58;mq;mq;mq;mq;mq;mq;mq;mq;mq;mq;mq;mq;mq;30;mq;mq;mq;mq;mq;mq;mq;mq;9.800000;-10;mq;mq;mq;mq;0.000000;mq;0.000000;mq;mq;710.000000;1110.000000;mq;mq;mq;mq;mq;mq;mq;mq;mq;mq;mq;mq;mq;mq;
61970;20110925120000;101740;mq;mq;mq;mq;300.550000;295.550000;74;mq;mq;mq;mq;mq;mq;mq;mq;mq;mq;mq;mq;mq;140;mq;mq;mq;mq;mq;mq;mq;mq;mq;mq;mq;mq;mq;mq;0.000000;mq;0.000000;mq;mq;mq;mq;mq;mq;mq;mq;mq;mq;mq;mq;mq;mq;mq;mq;mq;mq;
61972;20110925120000;102120;mq;mq;170;9.300000;298.250000;289.950000;60;mq;mq;mq;mq;mq;mq;mq;mq;mq;mq;mq;mq;mq;10;mq;mq;mq;mq;mq;mq;mq;mq;16.500000;-10;mq;mq;mq;mq;0.000000;mq;0.000000;mq;mq;710.000000;1116.000000;mq;mq;mq;mq;mq;mq;mq;mq;mq;mq;mq;mq;mq;mq;
61976;20110925120000;101730;mq;mq;140;7.200000;300.050000;292.450000;63;mq;mq;mq;mq;mq;mq;mq;mq;mq;mq;101580;mq;mq;90;mq;mq;mq;mq;mq;mq;mq;mq;mq;mq;mq;mq;mq;mq;mq;mq;mq;mq;mq;mq;mq;mq;mq;mq;mq;mq;mq;mq;mq;mq;mq;mq;mq;mq;mq;
61980;20110925120000;101960;mq;mq;60;3.600000;297.750000;291.450000;68;10000;2;1;1;50;4;800;38;20;10;mq;mq;mq;150;mq;mq;mq;mq;mq;mq;mq;mq;4.600000;-10;mq;mq;mq;mq;0.000000;mq;0.000000;mq;mq;710.000000;1105.000000;2427.000000;mq;2;8;690;4;6;1290;mq;mq;mq;mq;mq;mq;
61998;20110925120000;100440;mq;mq;300;5.100000;276.550000;271.150000;68;30000;22;7;6;40;3;800;32;20;10;mq;mq;mq;mq;mq;mq;mq;mq;mq;mq;mq;mq;9.800000;-10;mq;mq;mq;mq;0.000000;mq;0.000000;mq;mq;710.000000;1110.000000;mq;mq;3;8;600;mq;mq;mq;mq;mq;mq;mq;mq;mq;
67005;20110925120000;101540;mq;mq;190;3.600000;301.450000;295.650000;71;20000;2;1;1;40;3;800;38;23;10;mq;mq;mq;40;mq;mq;mq;mq;mq;mq;mq;mq;5.700000;-10;mq;mq;mq;mq;0.000000;mq;0.000000;mq;mq;710.000000;1106.000000;mq;mq;3;8;660;mq;mq;mq;mq;mq;mq;mq;mq;mq;
71805;20110925120000;101000;-90;7;260;7.200000;286.650000;285.050000;90;25000;2;1;1;90;7;450;35;61;60;100920;mq;mq;mq;mq;mq;mq;mq;mq;mq;mq;mq;10.800000;-10;mq;mq;0.000000;-60;0.000000;0.000000;0.000000;mq;mq;710.000000;1111.000000;3100.000000;mq;7;7;390;mq;mq;mq;mq;mq;mq;mq;mq;mq;
78897;20110925120000;101310;190;1;280;1.000000;300.550000;298.150000;87;30000;2;1;1;25;1;450;33;20;12;mq;mq;mq;mq;296.950000;mq;mq;302.650000;mq;mq;mq;mq;mq;mq;mq;mq;mq;mq;mq;mq;0.200000;mq;18.300000;mq;mq;mq;mq;1;9;540;mq;mq;mq;mq;mq;mq;mq;mq;mq;
78922;20110925120000;101320;200;3;180;2.100000;303.150000;297.750000;73;mq;mq;mq;mq;mq;mq;mq;mq;mq;mq;100880;mq;mq;mq;mq;mq;mq;mq;mq;mq;mq;mq;mq;mq;mq;mq;mq;mq;mq;mq;mq;mq;mq;mq;mq;mq;mq;mq;mq;mq;mq;mq;mq;mq;mq;mq;mq;mq;mq;
78925;20110925120000;101220;80;0;0;0.000000;301.450000;297.850000;81;30000;2;1;1;50;1;800;32;20;12;mq;mq;mq;0;296.750000;mq;mq;304.950000;mq;mq;mq;mq;mq;mq;mq;mq;mq;mq;mq;mq;0.200000;mq;0.600000;mq;mq;mq;mq;1;8;630;4;0;9000;mq;mq;mq;mq;mq;mq;
81401;20110925120000;101410;mq;mq;130;1.500000;300.950000;296.550000;77;mq;mq;mq;mq;mq;mq;mq;mq;mq;mq;101350;mq;mq;mq;295.050000;mq;mq;mq;mq;mq;mq;mq;mq;mq;mq;mq;mq;mq;mq;0.000000;mq;mq;0.000000;mq;mq;mq;mq;mq;mq;mq;mq;mq;mq;mq;mq;mq;mq;mq;mq;
81405;20110925120000;101410;mq;mq;200;1.000000;300.550000;297.650000;84;10000;2;1;1;75;2;800;38;23;12;101320;mq;mq;mq;295.350000;mq;mq;mq;mq;mq;mq;mq;mq;mq;mq;mq;mq;mq;mq;0.000000;mq;mq;0.000000;mq;mq;mq;mq;mq;mq;mq;mq;mq;mq;mq;mq;mq;mq;mq;mq;
81408;20110925120000;101400;mq;mq;40;1.000000;301.450000;296.850000;76;mq;mq;mq;mq;mq;mq;mq;mq;mq;mq;101320;mq;mq;mq;294.650000;mq;mq;mq;mq;mq;mq;mq;mq;mq;mq;mq;mq;mq;mq;0.000000;mq;mq;0.000000;mq;mq;mq;mq;mq;mq;mq;mq;mq;mq;mq;mq;mq;mq;mq;mq;
89642;20110925120000;98510;-390;6;130;17.000000;253.750000;250.550000;73;300;71;7;7;101;mq;mq;62;61;60;97940;mq;mq;mq;253.350000;mq;256.050000;mq;mq;mq;mq;24.200000;26.200000;-60;mq;mq;mq;mq;mq;mq;mq;mq;mq;1024.000000;1126.000000;mq;mq;mq;mq;mq;mq;mq;mq;mq;mq;mq;mq;mq;mq;
07005;20110925150000;101760;-30;7;230;3.600000;296.350000;285.950000;52;25000;2;1;1;40;1;1250;31;20;11;100900;mq;mq;mq;mq;mq;mq;mq;mq;mq;mq;mq;5.700000;-10;mq;mq;0.000000;-30;0.000000;0.000000;mq;mq;mq;710.000000;1106.000000;3100.000000;mq;1;8;1290;3;0;7500;mq;mq;mq;mq;mq;mq;
07015;20110925150000;101750;-40;6;210;5.100000;297.450000;285.750000;48;30000;2;1;1;50;1;1750;31;20;11;101210;mq;mq;mq;mq;mq;mq;mq;mq;mq;mq;mq;8.700000;-10;mq;mq;0.000000;-30;0.000000;0.000000;mq;mq;mq;710.000000;1109.000000;3100.000000;mq;1;8;1500;4;0;6900;mq;mq;mq;mq;mq;mq;
07020;20110925150000;101670;-10;8;190;8.200000;293.350000;288.350000;73;18000;2;1;1;75;4;3500;30;23;12;101410;mq;mq;mq;mq;mq;mq;mq;mq;mq;mq;mq;12.300000;-10;mq;mq;mq;mq;0.000000;0.000000;mq;mq;mq;710.000000;1112.000000;mq;mq;4;3;2400;4;0;6000;mq;mq;mq;mq;mq;mq;
07027;20110925150000;101740;-40;6;200;5.100000;296.150000;286.350000;54;25000;2;1;1;60;4;1250;38;20;11;100960;mq;mq;mq;mq;mq;mq;mq;mq;mq;mq;mq;10.300000;-10;mq;mq;0.000000;-30;0.000000;0.000000;mq;mq;mq;710.000000;1110.000000;3100.000000;mq;3;8;1380;mq;mq;mq;mq;mq;mq;mq;mq;mq;
07037;20110925150000;101770;-50;6;200;3.600000;296.150000;285.450000;51;25000;2;1;1;10;1;1750;34;20;10;100010;mq;mq;mq;mq;mq;mq;mq;mq;mq;mq;mq;6.200000;-10;mq;mq;0.000000;-30;0.000000;0.000000;mq;mq;mq;710.000000;1106.000000;3100.000000;mq;1;6;1500;mq;mq;mq;mq;mq;mq;mq;mq;mq;
07110;20110925150000;101580;20;3;210;8.200000;292.450000;288.350000;77;25000;2;1;1;60;4;450;38;20;11;100470;mq;mq;mq;mq;mq;mq;mq;mq;mq;mq;mq;12.900000;-10;mq;mq;mq;mq;0.000000;0.000000;mq;mq;mq;710.000000;1113.000000;mq;mq;4;8;330;3;0;6900;mq;mq;mq;mq;mq;mq;
07117;20110925150000;101570;-10;6;210;6.200000;294.350000;287.750000;66;14000;2;1;1;90;6;800;35;27;60;100890;mq;mq;mq;mq;mq;mq;mq;mq;mq;mq;mq;12.300000;-10;mq;mq;mq;mq;0.000000;0.000000;mq;mq;mq;710.000000;1112.000000;2427.000000;mq;mq;mq;mq;mq;mq;mq;mq;mq;mq;mq;mq;mq;
07130;20110925150000;101770;-10;5;210;5.700000;295.550000;286.050000;55;45000;0;mq;mq;100;mq;1250;mq;mq;mq;101270;mq;mq;mq;mq;mq;mq;mq;mq;mq;mq;mq;8.700000;-10;mq;mq;mq;mq;0.000000;0.000000;mq;mq;mq;710.000000;1109.000000;mq;mq;mq;mq;mq;mq;mq;mq;mq;mq;mq;mq;mq;mq;
07139;20110925150000;101770;-20;6;210;4.100000;296.050000;285.050000;50;40000;2;1;1;10;1;1250;31;20;12;100110;mq;mq;mq;mq;mq;mq;mq;mq;mq;mq;mq;7.200000;-10;mq;mq;0.000000;-30;0.000000;0.000000;mq;mq;mq;710.000000;1107.000000;3100.000000;mq;1;8;1080;mq;mq;mq;mq;mq;mq;mq;mq;mq;
07149;20110925150000;101820;-20;6;220;3.100000;298.250000;286.750000;49;25000;2;1;1;25;2;1750;31;23;10;100780;mq;mq;mq;mq;mq;mq;mq;mq;mq;mq;mq;7.200000;-10;mq;mq;0.000000;-30;0.000000;0.000000;mq;mq;mq;710.000000;1107.000000;3100.000000;mq;2;8;1500;mq;mq;mq;mq;mq;mq;mq;mq;mq;
07168;20110925150000;101860;-40;6;330;1.000000;298.950000;286.750000;47;30000;2;1;1;10;1;1750;31;20;10;100510;mq;mq;mq;mq;mq;mq;mq;mq;mq;mq;mq;3.100000;-10;mq;mq;0.000000;-30;0.000000;0.000000;mq;mq;mq;710.000000;1103.000000;3100.000000;mq;1;8;1500;mq;mq;mq;mq;mq;mq;mq;mq;mq;
07181;20110925150000;101850;-10;5;100;1.500000;297.350000;288.250000;57;60000;0;mq;mq;mq;mq;mq;mq;mq;mq;97960;mq;mq;mq;mq;mq;mq;mq;mq;mq;mq;mq;3.100000;-10;mq;mq;mq;mq;0.000000;0.000000;mq;mq;mq;710.000000;1103.000000;mq;mq;mq;mq;mq;mq;mq;mq;mq;mq;mq;mq;mq;mq;
07190;20110925150000;101910;-10;6;80;1.000000;298.450000;286.350000;47;19000;0;mq;mq;mq;mq;mq;mq;mq;mq;100180;mq;mq;mq;mq;mq;mq;mq;mq;mq;mq;mq;3.100000;-10;mq;mq;mq;mq;0.000000;0.000000;mq;mq;mq;710.000000;1103.000000;mq;mq;mq;mq;mq;mq;mq;mq;mq;mq;mq;mq;mq;mq;
07207;20110925150000;mq;mq;mq;210;6.700000;292.350000;289.750000;85;25000;2;1;1;60;2;800;31;25;10;mq;mq;mq;mq;mq;mq;mq;mq;mq;mq;mq;mq;8.200000;-10;mq;mq;mq;mq;0.000000;0.000000;mq;mq;mq;710.000000;1108.000000;2428.000000;mq;mq;mq;mq;mq;mq;mq;mq;mq;mq;mq;mq;mq;
07222;20110925150000;101810;-30;6;220;4.600000;296.350000;287.850000;59;30000;2;1;1;25;2;1250;32;20;11;101510;mq;mq;mq;mq;mq;mq;mq;mq;mq;mq;mq;7.200000;-10;mq;mq;mq;mq;0.000000;0.000000;mq;mq;mq;710.000000;1107.000000;mq;mq;2;8;990;mq;mq;mq;mq;mq;mq;mq;mq;mq;
07240;20110925150000;101830;-20;6;210;4.100000;297.850000;287.650000;53;55000;0;mq;mq;mq;mq;1250;mq;mq;mq;100540;mq;mq;mq;mq;mq;mq;mq;mq;mq;mq;mq;7.700000;-10;mq;mq;mq;mq;0.000000;0.000000;mq;mq;mq;710.000000;1108.000000;mq;mq;mq;mq;mq;mq;mq;mq;mq;mq;mq;mq;mq;mq;
07255;20110925150000;101820;-40;6;240;2.600000;299.250000;286.350000;45;30000;2;1;1;40;3;1250;32;20;10;99920;mq;mq;mq;mq;mq;mq;mq;mq;mq;mq;mq;4.600000;-10;mq;mq;0.000000;-30;0.000000;0.000000;mq;mq;mq;710.000000;1105.000000;3100.000000;mq;3;8;1440;mq;mq;mq;mq;mq;mq;mq;mq;mq;
07280;20110925150000;101820;-30;6;170;2.100000;299.450000;285.850000;43;55000;0;mq;mq;mq;mq;mq;mq;mq;mq;99240;mq;mq;mq;mq;mq;mq;mq;mq;mq;mq;mq;3.600000;-10;mq;mq;mq;mq;0.000000;0.000000;mq;mq;mq;710.000000;1104.000000;mq;mq;mq;mq;mq;mq;mq;mq;mq;mq;mq;mq;mq;mq;
07299;20110925150000;101820;-30;6;30;1.500000;298.950000;282.750000;36;30000;2;1;1;25;1;1750;32;20;11;98720;mq;mq;mq;mq;mq;mq;mq;mq;mq;mq;mq;4.100000;-10;mq;mq;0.000000;-30;0.000000;0.000000;mq;mq;mq;710.000000;1104.000000;3100.000000;mq;1;8;1800;mq;mq;mq;mq;mq;mq;mq;mq;mq;
07314;20110925150000;101940;10;2;200;2.100000;294.350000;290.750000;80;18000;2;1;1;25;2;800;31;20;10;101670;mq;mq;mq;mq;mq;mq;mq;mq;mq;mq;mq;3.100000;-10;mq;mq;mq;mq;0.000000;0.000000;mq;mq;mq;710.000000;1103.000000;2437.000000;mq;2;8;600;mq;mq;mq;mq;mq;mq;mq;mq;mq;
07335;20110925150000;101860;-10;6;230;3.100000;297.450000;287.250000;53;30000;2;1;1;25;2;1250;32;20;10;100480;mq;mq;mq;mq;mq;mq;mq;mq;mq;mq;mq;6.200000;-10;mq;mq;mq;mq;0.000000;0.000000;mq;mq;mq;710.000000;1106.000000;mq;mq;2;8;1350;mq;mq;mq;mq;mq;mq;mq;mq;mq;
07434;20110925150000;101830;0;5;230;2.100000;296.550000;285.850000;51;30000;2;1;1;40;2;1250;32;20;11;97260;mq;mq;mq;mq;mq;mq;mq;mq;mq;mq;mq;5.100000;-10;mq;mq;mq;mq;0.000000;0.000000;mq;mq;mq;710.000000;1105.000000;mq;mq;2;8;1290;mq;mq;mq;mq;mq;mq;mq;mq;mq;
07460;20110925150000;101710;-40;6;170;1.500000;299.750000;285.450000;41;40000;2;1;1;50;2;1250;32;23;10;98040;mq;mq;mq;mq;mq;mq;mq;mq;mq;mq;mq;3.600000;-10;mq;mq;0.000000;-30;0.000000;0.000000;mq;mq;mq;710.000000;1104.000000;3100.000000;mq;2;8;1080;mq;mq;mq;mq;mq;mq;mq;mq;mq;
07471;20110925150000;mq;20;3;110;3.100000;294.150000;282.450000;47;40000;2;1;1;60;5;1250;38;20;10;92500;mq;mq;mq;mq;mq;mq;mq;mq;mq;mq;mq;5.700000;-10;mq;mq;0.000000;-30;0.000000;0.000000;mq;mq;mq;710.000000;1106.000000;3100.000000;mq;2;8;1380;4;6;1500;mq;mq;mq;mq;mq;mq;
07481;20110925150000;101810;-60;6;140;1.500000;299.150000;284.150000;39;50000;2;1;1;10;1;1750;32;20;10;99080;mq;mq;mq;mq;mq;mq;mq;mq;mq;mq;mq;4.100000;-10;mq;mq;0.000000;-30;0.000000;0.000000;mq;mq;mq;710.000000;1104.000000;3100.000000;mq;1;8;1500;mq;mq;mq;mq;mq;mq;mq;mq;mq;
07510;20110925150000;101820;-20;6;150;1.500000;300.050000;288.450000;49;30000;2;1;1;25;2;1250;32;20;10;101200;mq;mq;mq;mq;mq;mq;mq;mq;mq;mq;mq;4.100000;-10;mq;mq;0.000000;-30;0.000000;0.000000;mq;mq;mq;710.000000;1104.000000;3100.000000;mq;2;8;1380;mq;mq;mq;mq;mq;mq;mq;mq;mq;
07535;20110925150000;101780;-40;6;260;1.000000;299.750000;284.250000;38;mq;mq;mq;mq;mq;mq;mq;mq;mq;mq;98820;mq;mq;mq;mq;mq;mq;mq;mq;mq;mq;mq;3.600000;-10;mq;mq;mq;mq;0.000000;0.000000;mq;mq;mq;710.000000;1104.000000;mq;mq;mq;mq;mq;mq;mq;mq;mq;mq;mq;mq;mq;mq;
07558;20110925150000;101740;0;5;120;3.600000;296.150000;280.650000;37;mq;mq;mq;mq;mq;mq;mq;mq;mq;mq;93770;mq;mq;mq;mq;mq;mq;mq;mq;mq;mq;mq;7.200000;-10;mq;mq;mq;mq;0.000000;0.000000;mq;mq;mq;710.000000;1107.000000;mq;mq;mq;mq;mq;mq;mq;mq;mq;mq;mq;mq;mq;mq;
07577;20110925150000;101890;-50;6;200;0.500000;298.250000;287.350000;51;40000;2;1;1;60;1;1250;31;27;12;101040;mq;mq;mq;mq;mq;mq;mq;mq;mq;mq;mq;2.600000;-10;mq;mq;0.000000;-30;0.000000;0.000000;mq;mq;mq;710.000000;1103.000000;3100.000000;mq;1;8;1200;5;3;3000;mq;mq;mq;mq;mq;mq;
07591;20110925150000;mq;-30;5;220;2.100000;292.250000;285.050000;63;mq;0;mq;mq;mq;mq;mq;mq;mq;mq;92060;mq;mq;mq;mq;mq;mq;mq;mq;mq;mq;mq;4.600000;-10;mq;mq;mq;mq;0.000000;0.000000;mq;mq;mq;710.000000;1105.000000;mq;mq;mq;mq;mq;mq;mq;mq;mq;mq;mq;mq;mq;mq;
07607;20110925150000;101780;-40;5;30;1.500000;301.050000;288.050000;45;55000;0;mq;mq;mq;mq;mq;mq;mq;mq;101110;mq;mq;mq;mq;mq;mq;mq;mq;mq;mq;mq;4.600000;-10;mq;mq;mq;mq;0.000000;0.000000;mq;mq;mq;710.000000;1105.000000;mq;mq;mq;mq;mq;mq;mq;mq;mq;mq;mq;mq;mq;mq;
07621;20110925150000;101730;0;5;90;2.100000;298.750000;284.150000;40;35000;2;1;1;10;1;1750;31;20;10;97620;mq;mq;mq;mq;mq;mq;mq;mq;mq;mq;mq;4.100000;-10;mq;mq;0.000000;-30;0.000000;0.000000;mq;mq;mq;710.000000;1104.000000;3100.000000;mq;1;8;1800;mq;mq;mq;mq;mq;mq;mq;mq;mq;
07627;20110925150000;101710;-10;6;100;1.000000;298.650000;285.150000;43;40000;2;1;1;10;1;2250;32;20;10;97090;mq;mq;mq;mq;mq;mq;mq;mq;mq;mq;mq;3.600000;-10;mq;mq;0.000000;-30;0.000000;0.000000;mq;mq;mq;710.000000;1104.000000;3100.000000;mq;1;8;2100;mq;mq;mq;mq;mq;mq;mq;mq;mq;
07630;20110925150000;101780;-60;6;70;1.500000;300.750000;282.550000;32;40000;2;1;1;10;1;2250;31;20;10;100070;mq;mq;mq;mq;mq;mq;mq;mq;mq;mq;mq;5.100000;-10;mq;mq;0.000000;-30;0.000000;0.000000;mq;mq;mq;710.000000;1105.000000;3100.000000;mq;1;8;1800;mq;mq;mq;mq;mq;mq;mq;mq;mq;
07643;20110925150000;101890;-30;6;180;2.600000;297.850000;290.550000;64;25000;2;1;1;25;1;1250;32;23;10;101800;mq;mq;mq;mq;mq;mq;mq;mq;mq;mq;mq;4.600000;-10;mq;mq;mq;mq;0.000000;0.000000;mq;mq;mq;710.000000;1105.000000;mq;mq;1;8;1200;mq;mq;mq;mq;mq;mq;mq;mq;mq;
07650;20110925150000;101910;20;3;180;1.500000;297.450000;288.950000;59;20000;2;1;1;90;3;1250;32;27;60;101540;mq;mq;mq;mq;mq;mq;mq;mq;mq;mq;mq;5.100000;-10;mq;mq;0.000000;-30;0.000000;0.000000;mq;mq;mq;710.000000;1105.000000;3100.000000;mq;3;8;1380;4;3;2400;6;3;4200;mq;mq;mq;
07661;20110925150000;101890;-10;6;110;4.600000;296.350000;288.650000;62;17000;2;1;1;90;2;1250;32;22;10;100340;mq;mq;mq;mq;mq;mq;mq;mq;mq;mq;mq;7.200000;-10;mq;mq;mq;mq;0.000000;0.000000;mq;mq;mq;710.000000;1107.000000;mq;mq;2;8;990;mq;mq;mq;mq;mq;mq;mq;mq;mq;
07690;20110925150000;101960;10;2;320;4.600000;295.750000;289.050000;66;25000;25;8;6;90;3;450;39;20;13;101630;mq;mq;mq;mq;mq;mq;mq;mq;mq;mq;mq;7.200000;-10;mq;mq;0.000000;-30;0.000000;0.000000;mq;mq;mq;710.000000;1107.000000;3100.000000;mq;1;8;480;2;9;900;3;6;1500;mq;mq;mq;
07747;20110925150000;101900;30;3;100;4.100000;298.650000;286.150000;46;20000;2;1;1;10;1;1250;31;20;10;101390;mq;mq;mq;mq;mq;mq;mq;mq;mq;mq;mq;7.200000;-10;mq;mq;mq;mq;0.000000;0.000000;mq;mq;mq;710.000000;1107.000000;mq;mq;1;8;990;mq;mq;mq;mq;mq;mq;mq;mq;mq;
07761;20110925150000;101760;-60;6;260;3.100000;297.750000;288.650000;57;30000;2;1;1;90;1;1250;32;27;60;101660;mq;mq;mq;mq;mq;mq;mq;mq;mq;mq;mq;5.100000;-10;mq;mq;0.000000;-30;0.000000;0.000000;mq;mq;mq;710.000000;1105.000000;3100.000000;mq;1;8;1200;5;3;3300;5;0;6900;mq;mq;mq;
07790;20110925150000;101820;-20;6;130;1.500000;296.850000;290.850000;69;20000;2;1;1;75;2;450;38;23;11;101680;mq;mq;mq;mq;mq;mq;mq;mq;mq;mq;mq;4.100000;-10;mq;mq;mq;mq;0.000000;0.000000;mq;mq;mq;710.000000;1104.000000;mq;mq;1;8;480;5;3;3300;6;0;5400;mq;mq;mq;
61968;20110925150000;101630;mq;mq;70;3.600000;298.250000;292.850000;72;mq;mq;mq;mq;mq;mq;mq;mq;mq;mq;mq;mq;mq;30;mq;mq;mq;mq;mq;mq;mq;mq;7.700000;-10;mq;mq;mq;mq;0.000000;0.000000;mq;mq;mq;710.000000;1108.000000;mq;mq;mq;mq;mq;mq;mq;mq;mq;mq;mq;mq;mq;mq;
61970;20110925150000;101800;mq;mq;mq;mq;298.350000;295.050000;82;mq;mq;mq;mq;mq;mq;mq;mq;mq;mq;mq;mq;mq;110;mq;mq;mq;mq;mq;mq;mq;mq;mq;mq;mq;mq;mq;mq;0.000000;0.000000;mq;mq;mq;mq;mq;mq;mq;mq;mq;mq;mq;mq;mq;mq;mq;mq;mq;mq;mq;
61972;20110925150000;102110;mq;mq;180;8.200000;295.650000;291.450000;77;mq;mq;mq;mq;mq;mq;mq;mq;mq;mq;mq;mq;mq;mq;mq;mq;mq;mq;mq;mq;mq;mq;15.400000;-10;mq;mq;mq;mq;0.000000;0.000000;mq;mq;mq;710.000000;1115.000000;mq;mq;mq;mq;mq;mq;mq;mq;mq;mq;mq;mq;mq;mq;
61976;20110925150000;101920;mq;mq;140;8.200000;297.050000;291.650000;72;mq;mq;mq;mq;mq;mq;mq;mq;mq;mq;101770;mq;mq;150;mq;mq;mq;mq;mq;mq;mq;mq;mq;mq;mq;mq;mq;mq;mq;0.000000;mq;mq;mq;mq;mq;mq;mq;mq;mq;mq;mq;mq;mq;mq;mq;mq;mq;mq;mq;
61980;20110925150000;102130;mq;mq;130;2.600000;296.050000;291.550000;76;10000;15;1;1;90;7;800;38;61;60;mq;mq;mq;140;mq;mq;mq;mq;mq;mq;mq;mq;6.700000;-10;mq;mq;mq;mq;0.000000;0.000000;mq;mq;mq;710.000000;1107.000000;mq;mq;3;8;630;6;6;1200;mq;mq;mq;mq;mq;mq;
61997;20110925150000;101990;mq;mq;310;9.300000;276.150000;272.850000;79;mq;mq;mq;mq;mq;mq;mq;mq;mq;mq;mq;mq;mq;1190;mq;mq;mq;mq;mq;mq;mq;mq;19.500000;-30;mq;mq;mq;mq;mq;0.000000;mq;mq;mq;1120.000000;mq;mq;mq;mq;mq;mq;mq;mq;mq;mq;mq;mq;mq;mq;mq;
67005;20110925150000;101650;mq;mq;180;3.100000;299.450000;295.350000;78;mq;0;mq;mq;mq;mq;mq;mq;mq;mq;mq;mq;mq;70;mq;mq;mq;mq;mq;mq;mq;mq;4.600000;-10;mq;mq;mq;mq;0.000000;0.000000;mq;mq;mq;710.000000;1105.000000;mq;mq;mq;mq;mq;mq;mq;mq;mq;mq;mq;mq;mq;mq;
71805;20110925150000;100730;-270;8;260;8.700000;288.150000;286.550000;90;25000;2;1;1;90;7;450;35;61;60;100650;mq;mq;mq;mq;mq;mq;mq;mq;mq;mq;mq;12.900000;-10;mq;mq;0.000000;-30;0.000000;0.000000;mq;mq;mq;710.000000;1113.000000;3100.000000;mq;3;7;300;7;6;450;mq;mq;mq;mq;mq;mq;
78897;20110925150000;101320;10;0;310;1.500000;304.650000;296.450000;62;50000;2;1;1;25;2;800;32;20;11;mq;mq;mq;mq;mq;mq;mq;mq;mq;mq;mq;mq;mq;mq;mq;mq;mq;mq;mq;mq;mq;mq;mq;mq;mq;mq;mq;2;8;750;mq;mq;mq;mq;mq;mq;mq;mq;mq;
78922;20110925150000;101340;20;0;180;5.100000;304.050000;297.950000;70;mq;mq;mq;mq;mq;mq;mq;mq;mq;mq;100900;mq;mq;mq;mq;mq;mq;mq;mq;mq;mq;mq;mq;mq;mq;mq;mq;mq;mq;mq;mq;mq;mq;mq;mq;mq;mq;mq;mq;mq;mq;mq;mq;mq;mq;mq;mq;mq;mq;
78925;20110925150000;101400;180;1;190;3.100000;305.050000;298.150000;67;30000;2;1;1;60;3;800;32;20;12;mq;mq;mq;40;mq;mq;mq;mq;mq;mq;mq;mq;mq;mq;mq;mq;mq;mq;mq;mq;mq;mq;mq;mq;mq;mq;mq;3;8;690;3;0;9000;mq;mq;mq;mq;mq;mq;
81401;20110925150000;101340;mq;mq;80;2.100000;305.250000;295.050000;55;mq;mq;mq;mq;mq;mq;mq;mq;mq;mq;101280;mq;mq;mq;mq;mq;mq;mq;mq;mq;mq;mq;mq;mq;mq;mq;mq;mq;mq;0.000000;mq;mq;mq;mq;mq;mq;mq;mq;mq;mq;mq;mq;mq;mq;mq;mq;mq;mq;mq;
81405;20110925150000;101360;mq;mq;100;2.600000;304.650000;297.250000;65;20000;2;1;1;75;5;800;38;23;12;101270;mq;mq;mq;mq;mq;mq;mq;mq;mq;mq;mq;mq;mq;mq;mq;mq;mq;mq;0.000000;mq;mq;mq;mq;mq;mq;mq;mq;mq;mq;mq;mq;mq;mq;mq;mq;mq;mq;mq;
81408;20110925150000;101340;mq;mq;40;2.600000;304.750000;296.350000;61;mq;mq;mq;mq;mq;mq;mq;mq;mq;mq;101260;mq;mq;mq;mq;mq;mq;mq;mq;mq;mq;mq;mq;mq;mq;mq;mq;mq;mq;0.000000;mq;mq;mq;mq;mq;mq;mq;mq;mq;mq;mq;mq;mq;mq;mq;mq;mq;mq;mq;
89642;20110925150000;97740;-760;7;130;22.100000;253.650000;250.750000;76;mq;mq;mq;mq;mq;mq;mq;mq;mq;mq;97180;mq;mq;mq;mq;mq;mq;mq;mq;mq;mq;33.400000;33.400000;-30;mq;mq;mq;mq;mq;mq;mq;mq;mq;1033.000000;1133.000000;mq;mq;mq;mq;mq;mq;mq;mq;mq;mq;mq;mq;mq;mq;
07005;20110925180000;101890;110;3;0;0.000000;290.750000;287.450000;81;mq;mq;mq;mq;mq;mq;mq;mq;mq;mq;101010;mq;mq;mq;286.450000;mq;296.650000;mq;mq;mq;mq;mq;2.600000;-10;mq;mq;mq;mq;0.000000;0.000000;mq;0.000000;mq;710.000000;1103.000000;mq;mq;mq;mq;mq;mq;mq;mq;mq;mq;mq;mq;mq;mq;
07015;20110925180000;101860;100;3;230;1.000000;294.750000;287.150000;62;30000;2;1;1;90;6;1250;35;20;11;101310;mq;mq;mq;284.450000;mq;297.650000;mq;mq;mq;mq;mq;2.600000;-10;mq;mq;0.000000;-60;0.000000;0.000000;mq;0.000000;mq;710.000000;1103.000000;3100.000000;mq;6;6;1380;6;0;6900;mq;mq;mq;mq;mq;mq;
07020;20110925180000;101680;10;1;180;6.200000;291.850000;287.750000;77;16000;2;1;1;75;4;3500;30;23;12;101420;mq;mq;mq;288.850000;mq;293.850000;mq;mq;mq;mq;mq;10.300000;-10;mq;mq;mq;mq;0.000000;0.000000;mq;0.000000;mq;710.000000;1110.000000;mq;mq;4;3;2400;4;0;6000;mq;mq;mq;mq;mq;mq;
07027;20110925180000;101810;60;2;160;3.100000;291.450000;286.050000;71;50000;0;mq;mq;mq;mq;mq;mq;mq;mq;101020;mq;mq;mq;282.950000;mq;296.550000;mq;mq;mq;mq;mq;6.200000;-10;mq;mq;mq;mq;0.000000;0.000000;mq;0.200000;mq;710.000000;1106.000000;mq;mq;mq;mq;mq;mq;mq;mq;mq;mq;mq;mq;mq;mq;
07037;20110925180000;101880;90;3;220;2.100000;291.750000;286.850000;73;600;45;mq;mq;mq;mq;1250;mq;mq;mq;100100;mq;mq;mq;285.150000;mq;296.850000;mq;mq;mq;mq;mq;3.100000;-10;mq;mq;mq;mq;0.000000;0.000000;mq;0.000000;mq;710.000000;1103.000000;mq;mq;mq;mq;mq;mq;mq;mq;mq;mq;mq;mq;mq;mq;
07110;20110925180000;101610;20;3;180;6.200000;289.550000;287.350000;87;30000;2;1;1;90;5;450;35;20;17;100490;mq;mq;mq;287.850000;mq;293.650000;mq;mq;mq;mq;mq;9.800000;-10;mq;mq;mq;mq;0.000000;0.000000;mq;0.400000;mq;710.000000;1110.000000;mq;mq;2;6;330;5;6;1500;6;2;6300;mq;mq;mq;
07117;20110925180000;101640;70;3;210;4.100000;291.550000;286.450000;72;20000;2;1;1;75;6;3500;30;27;10;100960;mq;mq;mq;287.750000;mq;296.450000;mq;mq;mq;mq;mq;8.700000;-10;mq;mq;mq;mq;0.000000;0.000000;mq;0.000000;mq;710.000000;1109.000000;2438.000000;mq;mq;mq;mq;mq;mq;mq;mq;mq;mq;mq;mq;mq;
07130;20110925180000;101850;70;2;190;1.500000;291.650000;286.550000;72;45000;0;mq;mq;mq;mq;mq;mq;mq;mq;101340;mq;mq;mq;283.250000;mq;296.650000;mq;mq;mq;mq;mq;6.200000;-10;mq;mq;mq;mq;0.000000;0.000000;mq;0.200000;mq;710.000000;1106.000000;mq;mq;mq;mq;mq;mq;mq;mq;mq;mq;mq;mq;mq;mq;
07139;20110925180000;101890;100;2;210;1.500000;293.050000;286.050000;64;mq;mq;mq;mq;mq;mq;mq;mq;mq;mq;100210;mq;mq;mq;282.350000;mq;296.450000;mq;mq;mq;mq;mq;3.600000;-10;mq;mq;mq;mq;0.000000;0.000000;mq;0.000000;mq;710.000000;1104.000000;mq;mq;mq;mq;mq;mq;mq;mq;mq;mq;mq;mq;mq;mq;
07149;20110925180000;101900;70;3;190;1.500000;294.750000;287.150000;62;25000;2;1;1;25;2;1750;35;20;10;100850;mq;mq;mq;284.950000;mq;298.950000;mq;mq;mq;mq;mq;4.600000;-10;mq;mq;0.000000;-60;0.000000;0.000000;mq;0.000000;mq;710.000000;1105.000000;3100.000000;mq;2;6;1800;mq;mq;mq;mq;mq;mq;mq;mq;mq;
07168;20110925180000;101990;90;3;210;1.000000;291.850000;287.350000;75;20000;0;mq;mq;mq;mq;mq;mq;mq;mq;100600;mq;mq;mq;281.550000;mq;299.450000;mq;mq;mq;mq;mq;2.600000;-10;mq;mq;mq;mq;0.000000;0.000000;mq;0.000000;mq;710.000000;1103.000000;mq;mq;mq;mq;mq;mq;mq;mq;mq;mq;mq;mq;mq;mq;
07181;20110925180000;101990;70;3;150;1.500000;293.050000;286.950000;68;60000;0;mq;mq;mq;mq;mq;mq;mq;mq;98030;mq;mq;mq;284.150000;mq;298.050000;mq;mq;mq;mq;mq;2.100000;-10;mq;mq;mq;mq;0.000000;0.000000;mq;0.000000;mq;710.000000;1102.000000;mq;mq;mq;mq;mq;mq;mq;mq;mq;mq;mq;mq;mq;mq;
07190;20110925180000;102030;80;3;0;0.000000;292.350000;287.350000;73;50000;0;mq;mq;mq;mq;mq;mq;mq;mq;100260;mq;mq;mq;282.150000;mq;298.450000;mq;mq;mq;mq;mq;2.100000;-10;mq;mq;mq;mq;0.000000;0.000000;mq;0.000000;mq;710.000000;1102.000000;mq;mq;mq;mq;mq;mq;mq;mq;mq;mq;mq;mq;mq;mq;
07207;20110925180000;mq;mq;mq;230;4.100000;290.550000;288.350000;87;20000;2;1;1;60;2;800;31;24;12;mq;mq;mq;mq;290.550000;mq;293.050000;mq;mq;mq;mq;mq;8.200000;-10;mq;mq;mq;mq;0.000000;0.000000;mq;0.000000;mq;710.000000;1108.000000;2428.000000;mq;mq;mq;mq;mq;mq;mq;mq;mq;mq;mq;mq;mq;
07222;20110925180000;101910;90;2;240;2.100000;291.250000;288.650000;85;30000;2;1;1;40;0;8000;30;20;11;101600;mq;mq;mq;282.250000;mq;296.850000;mq;mq;mq;mq;mq;5.100000;-10;mq;mq;mq;mq;0.000000;0.000000;mq;0.200000;mq;710.000000;1105.000000;mq;mq;3;0;7500;mq;mq;mq;mq;mq;mq;mq;mq;mq;
07240;20110925180000;101910;70;3;210;2.100000;294.850000;286.950000;61;30000;2;1;1;25;2;1750;31;20;10;100610;mq;mq;mq;287.050000;mq;298.150000;mq;mq;mq;mq;mq;4.600000;-10;mq;mq;0.000000;-60;0.000000;0.000000;mq;0.000000;mq;710.000000;1105.000000;3100.000000;mq;2;8;1500;mq;mq;mq;mq;mq;mq;mq;mq;mq;
07255;20110925180000;101950;110;3;270;1.000000;296.150000;287.150000;57;20000;0;mq;mq;mq;mq;mq;mq;mq;mq;100030;mq;mq;mq;284.950000;mq;300.150000;mq;mq;mq;mq;mq;3.100000;-10;mq;mq;mq;mq;0.000000;0.000000;mq;0.000000;mq;710.000000;1103.000000;mq;mq;mq;mq;mq;mq;mq;mq;mq;mq;mq;mq;mq;mq;
07280;20110925180000;101990;110;3;100;1.500000;293.550000;286.550000;64;16000;0;mq;mq;mq;mq;mq;mq;mq;mq;99350;mq;mq;mq;284.650000;mq;300.050000;mq;mq;mq;mq;mq;3.100000;-10;mq;mq;mq;mq;0.000000;0.000000;mq;0.000000;mq;710.000000;1103.000000;mq;mq;mq;mq;mq;mq;mq;mq;mq;mq;mq;mq;mq;mq;
07299;20110925180000;102020;100;3;260;1.500000;289.850000;286.550000;81;25000;2;1;1;10;1;3500;30;23;11;98820;mq;mq;mq;285.350000;mq;299.350000;mq;mq;mq;mq;mq;2.100000;-10;mq;mq;0.000000;-60;0.000000;0.000000;mq;0.000000;mq;710.000000;1102.000000;3100.000000;mq;1;3;3000;mq;mq;mq;mq;mq;mq;mq;mq;mq;
07314;20110925180000;102000;60;3;310;2.100000;292.750000;290.850000;89;mq;mq;mq;mq;mq;mq;mq;mq;mq;mq;101730;mq;mq;mq;287.750000;mq;294.750000;mq;mq;mq;mq;mq;2.600000;-10;mq;mq;mq;mq;0.000000;0.000000;mq;0.000000;mq;710.000000;1103.000000;mq;mq;mq;mq;mq;mq;mq;mq;mq;mq;mq;mq;mq;mq;
07335;20110925180000;101950;70;3;250;1.000000;294.750000;286.950000;61;60000;0;mq;mq;mq;mq;mq;mq;mq;mq;100550;mq;mq;mq;286.950000;mq;298.250000;mq;mq;mq;mq;mq;4.100000;-10;mq;mq;mq;mq;0.000000;0.000000;mq;0.000000;mq;710.000000;1104.000000;mq;mq;mq;mq;mq;mq;mq;mq;mq;mq;mq;mq;mq;mq;
07434;20110925180000;101960;70;2;300;1.500000;293.050000;286.550000;66;35000;0;mq;mq;mq;mq;mq;mq;mq;mq;97330;mq;mq;mq;285.850000;mq;296.950000;mq;mq;mq;mq;mq;2.100000;-10;mq;mq;mq;mq;0.000000;0.000000;mq;0.200000;mq;710.000000;1102.000000;mq;mq;mq;mq;mq;mq;mq;mq;mq;mq;mq;mq;mq;mq;
07460;20110925180000;101880;110;3;240;1.500000;295.550000;286.050000;55;40000;2;1;1;50;1;1750;31;26;10;98150;mq;mq;mq;286.250000;mq;300.050000;mq;mq;mq;mq;mq;4.100000;-10;mq;mq;0.000000;-60;0.000000;0.000000;mq;0.000000;mq;710.000000;1104.000000;3100.000000;mq;1;8;1500;4;3;3000;mq;mq;mq;mq;mq;mq;
07471;20110925180000;mq;90;3;0;0.000000;290.250000;283.650000;65;4200;10;mq;mq;mq;mq;mq;mq;mq;mq;92590;85000;18050;mq;281.650000;mq;296.050000;mq;mq;mq;mq;mq;1.500000;-10;mq;mq;mq;mq;0.000000;0.000000;mq;0.000000;mq;710.000000;1102.000000;mq;mq;mq;mq;mq;mq;mq;mq;mq;mq;mq;mq;mq;mq;
07481;20110925180000;101930;90;3;100;1.500000;296.250000;285.850000;52;50000;2;1;1;10;1;1750;35;20;10;99170;mq;mq;mq;289.350000;mq;300.150000;mq;mq;mq;mq;mq;2.100000;-10;mq;mq;0.000000;-60;0.000000;0.000000;mq;0.000000;mq;710.000000;1102.000000;3100.000000;mq;1;6;1500;mq;mq;mq;mq;mq;mq;mq;mq;mq;
07510;20110925180000;101900;70;3;290;3.600000;296.650000;289.450000;64;30000;2;1;1;25;0;mq;30;20;11;101270;mq;mq;mq;285.850000;mq;300.450000;mq;mq;mq;mq;mq;5.700000;-10;mq;mq;0.000000;-60;0.000000;0.000000;mq;0.000000;mq;710.000000;1106.000000;3100.000000;mq;2;0;7800;mq;mq;mq;mq;mq;mq;mq;mq;mq;
07535;20110925180000;101910;80;3;0;0.000000;295.050000;286.150000;57;mq;mq;mq;mq;mq;mq;mq;mq;mq;mq;98900;mq;mq;mq;285.650000;mq;300.650000;mq;mq;mq;mq;mq;1.500000;-10;mq;mq;mq;mq;0.000000;0.000000;mq;0.000000;mq;710.000000;1102.000000;mq;mq;mq;mq;mq;mq;mq;mq;mq;mq;mq;mq;mq;mq;
07558;20110925180000;101960;110;3;180;2.600000;292.150000;283.450000;57;mq;mq;mq;mq;mq;mq;mq;mq;mq;mq;93880;mq;mq;mq;285.550000;mq;297.750000;mq;mq;mq;mq;mq;4.600000;-10;mq;mq;mq;mq;0.000000;0.000000;mq;0.000000;mq;710.000000;1105.000000;mq;mq;mq;mq;mq;mq;mq;mq;mq;mq;mq;mq;mq;mq;
07577;20110925180000;101990;80;3;30;0.500000;294.250000;287.650000;66;20000;0;mq;mq;mq;mq;mq;mq;mq;mq;101120;mq;mq;mq;290.050000;mq;299.950000;mq;mq;mq;mq;mq;1.500000;-10;mq;mq;mq;mq;0.000000;0.000000;mq;0.000000;mq;710.000000;1102.000000;mq;mq;mq;mq;mq;mq;mq;mq;mq;mq;mq;mq;mq;mq;
07591;20110925180000;mq;90;2;20;1.000000;289.550000;285.750000;78;mq;0;mq;mq;mq;mq;mq;mq;mq;mq;92150;mq;mq;mq;286.450000;mq;292.950000;mq;mq;mq;mq;mq;1.500000;-10;mq;mq;mq;mq;0.000000;0.000000;mq;0.000000;mq;710.000000;1102.000000;mq;mq;mq;mq;mq;mq;mq;mq;mq;mq;mq;mq;mq;mq;
07607;20110925180000;101870;80;3;90;0.500000;296.750000;290.250000;67;60000;0;mq;mq;75;mq;mq;mq;mq;mq;101190;mq;mq;mq;284.250000;mq;301.950000;mq;mq;mq;mq;mq;2.100000;-10;mq;mq;mq;mq;0.000000;0.000000;mq;0.000000;mq;710.000000;1102.000000;mq;mq;mq;mq;mq;mq;mq;mq;mq;mq;mq;mq;mq;mq;
07621;20110925180000;101900;90;3;230;2.100000;292.950000;288.350000;75;25000;2;1;1;50;4;2250;34;20;10;97710;mq;mq;mq;284.350000;mq;299.050000;mq;mq;mq;mq;mq;2.100000;-10;mq;mq;0.000000;-60;0.000000;0.000000;mq;0.000000;mq;710.000000;1102.000000;3100.000000;mq;4;6;1800;mq;mq;mq;mq;mq;mq;mq;mq;mq;
07627;20110925180000;101950;110;3;150;0.500000;291.150000;286.250000;73;mq;mq;mq;mq;mq;mq;mq;mq;mq;mq;97200;mq;mq;mq;283.650000;mq;299.050000;mq;mq;mq;mq;mq;2.100000;-10;mq;mq;mq;mq;0.000000;0.000000;mq;0.000000;mq;710.000000;1102.000000;mq;mq;mq;mq;mq;mq;mq;mq;mq;mq;mq;mq;mq;mq;
07630;20110925180000;101860;70;3;0;0.000000;298.350000;280.950000;33;40000;2;1;1;0;mq;mq;mq;mq;mq;100140;mq;mq;mq;285.850000;mq;301.450000;mq;mq;mq;mq;mq;2.100000;-10;mq;mq;0.000000;-60;0.000000;0.000000;mq;0.000000;mq;710.000000;1102.000000;3100.000000;mq;mq;mq;mq;mq;mq;mq;mq;mq;mq;mq;mq;mq;
07643;20110925180000;102000;110;2;250;1.500000;294.150000;290.350000;79;20000;2;1;1;10;1;3500;30;23;10;101910;mq;mq;mq;291.850000;mq;299.050000;mq;mq;mq;mq;mq;4.100000;-10;mq;mq;mq;mq;0.000000;0.000000;mq;0.000000;mq;710.000000;1104.000000;mq;mq;1;3;3000;mq;mq;mq;mq;mq;mq;mq;mq;mq;
07650;20110925180000;101970;60;3;350;0.500000;294.650000;289.650000;73;20000;2;1;1;60;5;3500;30;23;10;101600;mq;mq;mq;291.550000;mq;298.950000;mq;mq;mq;mq;mq;2.100000;-10;mq;mq;0.000000;-60;0.000000;0.000000;mq;0.000000;mq;710.000000;1102.000000;3100.000000;mq;5;3;4500;mq;mq;mq;mq;mq;mq;mq;mq;mq;
07661;20110925180000;101960;60;2;110;3.600000;293.650000;290.450000;82;mq;mq;mq;mq;mq;mq;mq;mq;mq;mq;100400;mq;mq;mq;291.550000;mq;298.750000;mq;mq;mq;mq;mq;6.200000;-10;mq;mq;mq;mq;0.000000;0.000000;mq;0.000000;mq;710.000000;1106.000000;mq;mq;mq;mq;mq;mq;mq;mq;mq;mq;mq;mq;mq;mq;
07690;20110925180000;101980;20;0;330;4.100000;294.450000;289.850000;75;25000;2;8;6;90;4;3500;30;23;12;101650;mq;mq;mq;293.850000;mq;298.950000;mq;mq;mq;mq;mq;5.700000;-10;mq;mq;0.000000;-60;0.000000;0.000000;mq;0.000000;mq;710.000000;1106.000000;3100.000000;mq;4;3;3300;4;0;6900;mq;mq;mq;mq;mq;mq;
07747;20110925180000;101980;80;3;80;0.500000;294.850000;288.950000;69;50000;0;mq;mq;mq;mq;mq;mq;mq;mq;101470;mq;mq;mq;286.850000;mq;300.250000;mq;mq;mq;mq;mq;3.100000;-10;mq;mq;mq;mq;0.000000;0.000000;mq;0.000000;mq;710.000000;1103.000000;mq;mq;mq;mq;mq;mq;mq;mq;mq;mq;mq;mq;mq;mq;
07761;20110925180000;101850;90;3;350;1.500000;296.150000;287.950000;60;30000;2;1;1;75;1;1250;35;27;10;101750;mq;mq;mq;291.350000;mq;298.750000;mq;mq;mq;mq;mq;4.100000;-10;mq;mq;0.000000;-60;0.000000;0.000000;mq;0.000000;mq;710.000000;1104.000000;3100.000000;mq;1;6;1380;6;3;4500;mq;mq;mq;mq;mq;mq;
07790;20110925180000;101880;60;2;0;0.000000;294.350000;290.550000;79;20000;2;1;1;75;1;800;31;23;60;101740;mq;mq;mq;290.950000;mq;297.950000;mq;mq;mq;mq;mq;1.500000;-10;mq;mq;0.000000;-60;0.000000;0.000000;mq;0.200000;mq;710.000000;1102.000000;3100.000000;mq;1;8;600;5;3;3300;mq;mq;mq;mq;mq;mq;
61968;20110925180000;101750;mq;mq;70;3.100000;297.350000;292.650000;75;mq;mq;mq;mq;mq;mq;mq;mq;mq;mq;mq;mq;mq;30;mq;mq;303.050000;mq;mq;mq;mq;mq;7.200000;-10;mq;mq;mq;mq;0.000000;mq;mq;0.000000;mq;710.000000;1107.000000;mq;mq;mq;mq;mq;mq;mq;mq;mq;mq;mq;mq;mq;mq;
61970;20110925180000;101880;mq;mq;mq;mq;297.950000;295.050000;84;mq;mq;mq;mq;mq;mq;mq;mq;mq;mq;mq;mq;mq;30;mq;mq;302.550000;mq;mq;mq;mq;mq;mq;mq;mq;mq;mq;mq;0.000000;mq;mq;0.000000;mq;mq;mq;mq;mq;mq;mq;mq;mq;mq;mq;mq;mq;mq;mq;mq;mq;
61972;20110925180000;102180;mq;mq;180;8.200000;294.750000;291.150000;80;mq;mq;mq;mq;mq;mq;mq;mq;mq;mq;mq;mq;mq;mq;mq;mq;299.650000;mq;mq;mq;mq;mq;15.400000;-10;mq;mq;mq;mq;0.000000;mq;mq;0.000000;mq;710.000000;1115.000000;mq;mq;mq;mq;mq;mq;mq;mq;mq;mq;mq;mq;mq;mq;
61976;20110925180000;102040;mq;mq;140;8.200000;296.850000;291.950000;74;mq;mq;mq;mq;mq;mq;mq;mq;mq;mq;101890;mq;mq;90;mq;mq;mq;mq;mq;mq;mq;mq;mq;mq;mq;mq;mq;mq;mq;mq;mq;mq;mq;mq;mq;mq;mq;mq;mq;mq;mq;mq;mq;mq;mq;mq;mq;mq;mq;
61980;20110925180000;102250;mq;mq;120;4.100000;295.850000;291.650000;77;10000;2;1;1;60;5;800;38;23;10;mq;mq;mq;130;mq;mq;299.650000;mq;mq;mq;mq;mq;6.700000;-10;mq;mq;mq;mq;0.000000;mq;mq;0.000000;mq;710.000000;1107.000000;mq;mq;3;8;630;3;6;1380;mq;mq;mq;mq;mq;mq;
61996;20110925180000;101680;mq;mq;330;8.200000;284.550000;229.850000;mq;mq;mq;mq;mq;mq;mq;mq;mq;mq;mq;mq;mq;mq;mq;mq;mq;288.250000;mq;mq;mq;mq;mq;11.800000;-10;mq;mq;mq;mq;0.000000;mq;mq;0.200000;mq;710.000000;1112.000000;mq;mq;mq;mq;mq;mq;mq;mq;mq;mq;mq;mq;mq;mq;
61998;20110925180000;100990;mq;mq;260;8.700000;273.650000;268.850000;70;mq;mq;mq;mq;mq;mq;mq;mq;mq;mq;mq;mq;mq;950;mq;mq;279.350000;mq;mq;mq;mq;mq;15.900000;-10;mq;mq;mq;mq;0.000000;mq;mq;0.000000;mq;710.000000;1116.000000;mq;mq;mq;mq;mq;mq;mq;mq;mq;mq;mq;mq;mq;mq;
67005;20110925180000;101780;mq;mq;200;1.500000;298.550000;295.450000;83;mq;0;mq;mq;mq;mq;mq;mq;mq;mq;mq;mq;mq;60;mq;mq;302.450000;mq;mq;mq;mq;mq;3.600000;-10;mq;mq;mq;mq;0.000000;mq;mq;0.000000;mq;710.000000;1104.000000;mq;mq;mq;mq;mq;mq;mq;mq;mq;mq;mq;mq;mq;mq;
71805;20110925180000;100370;-360;6;280;14.400000;290.650000;287.350000;81;15000;2;1;1;25;2;250;36;20;10;100290;mq;mq;mq;mq;285.150000;290.850000;mq;mq;mq;mq;20.600000;20.600000;-10;mq;mq;0.000000;-60;0.000000;0.000000;mq;0.000000;mq;1021.000000;710.000000;1121.000000;3100.000000;2;7;270;mq;mq;mq;mq;mq;mq;mq;mq;mq;
78897;20110925180000;101110;-210;8;150;4.600000;304.450000;298.050000;69;50000;2;1;1;40;3;800;32;20;11;mq;mq;mq;mq;mq;296.950000;305.050000;mq;mq;mq;mq;mq;mq;mq;mq;mq;mq;mq;mq;mq;0.000000;mq;14.300000;mq;mq;mq;mq;3;8;780;mq;mq;mq;mq;mq;mq;mq;mq;mq;
78922;20110925180000;101180;-160;6;190;5.100000;303.350000;298.150000;74;mq;mq;mq;mq;mq;mq;mq;mq;mq;mq;100740;mq;mq;mq;mq;mq;mq;mq;mq;mq;mq;mq;mq;mq;mq;mq;mq;mq;mq;mq;mq;mq;mq;mq;mq;mq;mq;mq;mq;mq;mq;mq;mq;mq;mq;mq;mq;mq;mq;
78925;20110925180000;101270;-130;8;260;4.600000;305.250000;298.350000;67;30000;2;1;1;60;2;800;32;20;12;mq;mq;mq;120;mq;296.750000;306.450000;mq;mq;mq;mq;mq;mq;mq;mq;mq;mq;mq;mq;mq;0.000000;mq;mq;mq;mq;mq;mq;3;8;960;3;0;9000;mq;mq;mq;mq;mq;mq;
81401;20110925180000;101040;mq;mq;40;3.100000;306.450000;297.050000;58;mq;mq;mq;mq;mq;mq;mq;mq;mq;mq;100980;mq;mq;mq;mq;mq;mq;mq;mq;mq;mq;mq;mq;mq;mq;mq;mq;mq;mq;0.000000;0.000000;mq;mq;mq;mq;mq;mq;mq;mq;mq;mq;mq;mq;mq;mq;mq;mq;mq;mq;
81405;20110925180000;101120;mq;mq;80;5.700000;305.150000;295.250000;56;20000;2;1;1;40;2;800;32;23;12;101030;mq;mq;mq;mq;mq;mq;mq;mq;mq;mq;mq;mq;mq;mq;mq;mq;mq;mq;0.000000;0.000000;mq;mq;mq;mq;mq;mq;mq;mq;mq;mq;mq;mq;mq;mq;mq;mq;mq;mq;
81408;20110925180000;101040;mq;mq;40;1.500000;306.950000;294.750000;49;mq;mq;mq;mq;mq;mq;mq;mq;mq;mq;100960;mq;mq;mq;mq;mq;mq;mq;mq;mq;mq;mq;mq;mq;mq;mq;mq;mq;mq;0.200000;0.200000;mq;mq;mq;mq;mq;mq;mq;mq;mq;mq;mq;mq;mq;mq;mq;mq;mq;mq;
89642;20110925180000;96940;-800;6;150;32.900000;254.450000;251.750000;77;mq;mq;mq;mq;mq;mq;mq;mq;mq;mq;96380;mq;mq;mq;mq;mq;mq;mq;mq;mq;mq;43.700000;43.700000;-60;mq;mq;mq;mq;mq;mq;mq;mq;mq;1044.000000;1144.000000;mq;mq;mq;mq;mq;mq;mq;mq;mq;mq;mq;mq;mq;mq;
07005;20110925210000;101910;20;3;180;0.500000;287.850000;286.050000;89;mq;mq;mq;mq;mq;mq;mq;mq;mq;mq;101030;mq;mq;mq;mq;mq;mq;mq;mq;mq;mq;mq;3.100000;-10;mq;mq;mq;mq;0.000000;0.000000;mq;mq;mq;710.000000;1103.000000;mq;mq;mq;mq;mq;mq;mq;mq;mq;mq;mq;mq;mq;mq;
07015;20110925210000;101930;60;1;110;1.500000;289.750000;287.550000;87;20000;2;1;1;90;5;1250;35;20;11;101370;mq;mq;mq;mq;mq;mq;mq;mq;mq;mq;mq;2.100000;-10;mq;mq;0.000000;-30;0.000000;0.000000;mq;mq;mq;710.000000;1102.000000;3100.000000;mq;5;6;1380;5;0;6900;mq;mq;mq;mq;mq;mq;
07020;20110925210000;101750;70;1;190;8.200000;291.450000;287.950000;80;mq;mq;mq;mq;mq;mq;mq;mq;mq;mq;101490;mq;mq;mq;mq;mq;mq;mq;mq;mq;mq;mq;12.900000;-10;mq;mq;mq;mq;0.000000;0.000000;mq;mq;mq;710.000000;1113.000000;mq;mq;mq;mq;mq;mq;mq;mq;mq;mq;mq;mq;mq;mq;
07027;20110925210000;101900;80;1;170;2.100000;288.750000;286.250000;85;50000;0;mq;mq;mq;mq;mq;mq;mq;mq;101100;mq;mq;mq;mq;mq;mq;mq;mq;mq;mq;mq;4.100000;-10;mq;mq;mq;mq;0.000000;0.000000;mq;mq;mq;710.000000;1104.000000;mq;mq;mq;mq;mq;mq;mq;mq;mq;mq;mq;mq;mq;mq;
07037;20110925210000;101970;60;2;190;2.600000;287.850000;286.050000;89;35000;0;mq;mq;mq;mq;mq;mq;mq;mq;100160;mq;mq;mq;mq;mq;mq;mq;mq;mq;mq;mq;3.600000;-10;mq;mq;mq;mq;0.000000;0.000000;mq;mq;mq;710.000000;1104.000000;mq;mq;mq;mq;mq;mq;mq;mq;mq;mq;mq;mq;mq;mq;
07110;20110925210000;101750;130;1;190;6.200000;288.950000;286.750000;87;7000;60;6;2;90;5;800;38;61;60;100620;mq;mq;mq;mq;mq;mq;mq;mq;mq;mq;mq;9.800000;-10;mq;mq;mq;mq;0.400000;0.400000;mq;mq;mq;710.000000;1110.000000;mq;mq;3;8;840;6;6;1080;mq;mq;mq;mq;mq;mq;
07117;20110925210000;101690;40;0;210;5.100000;289.550000;285.850000;79;30000;2;1;1;50;4;3500;30;27;10;101000;mq;mq;mq;mq;mq;mq;mq;mq;mq;mq;mq;9.300000;-10;mq;mq;mq;mq;0.000000;0.000000;mq;mq;mq;710.000000;1109.000000;2438.000000;mq;mq;mq;mq;mq;mq;mq;mq;mq;mq;mq;mq;mq;
07130;20110925210000;101950;100;3;190;2.600000;288.150000;286.850000;92;27000;0;mq;mq;mq;mq;mq;mq;mq;mq;101440;mq;mq;mq;mq;mq;mq;mq;mq;mq;mq;mq;4.100000;-10;mq;mq;mq;mq;0.000000;0.000000;mq;mq;mq;710.000000;1104.000000;mq;mq;mq;mq;mq;mq;mq;mq;mq;mq;mq;mq;mq;mq;
07139;20110925210000;101990;60;3;0;0.000000;286.350000;284.550000;89;mq;mq;mq;mq;mq;mq;mq;mq;mq;mq;100270;mq;mq;mq;mq;mq;mq;mq;mq;mq;mq;mq;1.500000;-10;mq;mq;mq;mq;0.000000;0.000000;mq;mq;mq;710.000000;1102.000000;mq;mq;mq;mq;mq;mq;mq;mq;mq;mq;mq;mq;mq;mq;
07149;20110925210000;102010;100;1;230;1.000000;292.850000;288.050000;74;20000;2;1;1;90;7;1750;35;20;10;100950;mq;mq;mq;mq;mq;mq;mq;mq;mq;mq;mq;2.600000;-10;mq;mq;0.000000;-30;0.000000;0.000000;mq;mq;mq;710.000000;1103.000000;3100.000000;mq;7;6;1800;mq;mq;mq;mq;mq;mq;mq;mq;mq;
07168;20110925210000;102100;100;1;130;1.500000;289.450000;286.750000;84;20000;0;mq;mq;mq;mq;mq;mq;mq;mq;100700;mq;mq;mq;mq;mq;mq;mq;mq;mq;mq;mq;2.100000;-10;mq;mq;mq;mq;0.000000;0.000000;mq;mq;mq;710.000000;1102.000000;mq;mq;mq;mq;mq;mq;mq;mq;mq;mq;mq;mq;mq;mq;
07181;20110925210000;102160;100;1;140;1.500000;288.450000;286.150000;86;45000;0;mq;mq;mq;mq;mq;mq;mq;mq;98130;mq;mq;mq;mq;mq;mq;mq;mq;mq;mq;mq;2.100000;-10;mq;mq;mq;mq;0.000000;0.000000;mq;mq;mq;710.000000;1102.000000;mq;mq;mq;mq;mq;mq;mq;mq;mq;mq;mq;mq;mq;mq;
07190;20110925210000;102190;120;1;150;1.000000;287.150000;285.350000;89;13000;0;mq;mq;mq;mq;mq;mq;mq;mq;100380;mq;mq;mq;mq;mq;mq;mq;mq;mq;mq;mq;2.100000;-10;mq;mq;mq;mq;0.000000;0.000000;mq;mq;mq;710.000000;1102.000000;mq;mq;mq;mq;mq;mq;mq;mq;mq;mq;mq;mq;mq;mq;
07207;20110925210000;mq;mq;mq;220;3.600000;290.350000;288.650000;90;20000;2;1;1;60;2;800;31;24;12;mq;mq;mq;mq;mq;mq;mq;mq;mq;mq;mq;mq;5.100000;-10;mq;mq;mq;mq;0.000000;0.000000;mq;mq;mq;710.000000;1105.000000;2428.000000;mq;mq;mq;mq;mq;mq;mq;mq;mq;mq;mq;mq;mq;
07222;20110925210000;101990;80;3;190;2.100000;288.350000;287.750000;96;10000;2;1;1;0;mq;mq;mq;mq;mq;101680;mq;mq;mq;mq;mq;mq;mq;mq;mq;mq;mq;3.100000;-10;mq;mq;mq;mq;0.000000;0.000000;mq;mq;mq;710.000000;1103.000000;mq;mq;mq;mq;mq;mq;mq;mq;mq;mq;mq;mq;mq;mq;
07240;20110925210000;102030;90;1;140;1.500000;290.150000;286.850000;81;30000;2;1;1;0;mq;mq;mq;mq;mq;100700;mq;mq;mq;mq;mq;mq;mq;mq;mq;mq;mq;1.500000;-10;mq;mq;0.000000;-30;0.000000;0.000000;mq;mq;mq;710.000000;1102.000000;3100.000000;mq;mq;mq;mq;mq;mq;mq;mq;mq;mq;mq;mq;mq;
07255;20110925210000;102090;110;1;0;0.000000;291.450000;287.150000;76;20000;0;mq;mq;mq;mq;mq;mq;mq;mq;100140;mq;mq;mq;mq;mq;mq;mq;mq;mq;mq;mq;1.500000;-10;mq;mq;mq;mq;0.000000;0.000000;mq;mq;mq;710.000000;1102.000000;mq;mq;mq;mq;mq;mq;mq;mq;mq;mq;mq;mq;mq;mq;
07280;20110925210000;102150;120;1;0;0.000000;289.550000;286.650000;83;27000;0;mq;mq;mq;mq;mq;mq;mq;mq;99470;mq;mq;mq;mq;mq;mq;mq;mq;mq;mq;mq;2.100000;-10;mq;mq;mq;mq;0.000000;0.000000;mq;mq;mq;710.000000;1102.000000;mq;mq;mq;mq;mq;mq;mq;mq;mq;mq;mq;mq;mq;mq;
07299;20110925210000;102230;160;1;180;0.500000;286.250000;285.450000;95;20000;2;1;1;10;1;3500;30;23;11;98980;mq;mq;mq;mq;mq;mq;mq;mq;mq;mq;mq;1.500000;-10;mq;mq;0.000000;-30;0.000000;0.000000;mq;mq;mq;710.000000;1102.000000;3100.000000;mq;1;3;3000;mq;mq;mq;mq;mq;mq;mq;mq;mq;
07314;20110925210000;102060;60;1;90;1.000000;291.050000;290.050000;94;mq;mq;mq;mq;mq;mq;mq;mq;mq;mq;101790;mq;mq;mq;mq;mq;mq;mq;mq;mq;mq;mq;2.100000;-10;mq;mq;mq;mq;0.000000;0.000000;mq;mq;mq;710.000000;1102.000000;mq;mq;mq;mq;mq;mq;mq;mq;mq;mq;mq;mq;mq;mq;
07335;20110925210000;102100;120;1;220;0.500000;288.150000;286.550000;90;35000;0;mq;mq;mq;mq;mq;mq;mq;mq;100670;mq;mq;mq;mq;mq;mq;mq;mq;mq;mq;mq;2.100000;-10;mq;mq;mq;mq;0.000000;0.000000;mq;mq;mq;710.000000;1102.000000;mq;mq;mq;mq;mq;mq;mq;mq;mq;mq;mq;mq;mq;mq;
07434;20110925210000;102110;120;1;60;1.000000;291.750000;286.350000;71;40000;0;mq;mq;mq;mq;mq;mq;mq;mq;97450;mq;mq;mq;mq;mq;mq;mq;mq;mq;mq;mq;1.500000;-10;mq;mq;mq;mq;0.000000;0.000000;mq;mq;mq;710.000000;1102.000000;mq;mq;mq;mq;mq;mq;mq;mq;mq;mq;mq;mq;mq;mq;
07460;20110925210000;102120;160;3;270;0.500000;289.850000;284.950000;73;20000;2;1;1;10;1;3500;30;23;10;98310;mq;mq;mq;mq;mq;mq;mq;mq;mq;mq;mq;2.100000;-10;mq;mq;0.000000;-30;0.000000;0.000000;mq;mq;mq;710.000000;1102.000000;3100.000000;mq;1;3;2400;mq;mq;mq;mq;mq;mq;mq;mq;mq;
07471;20110925210000;mq;150;1;260;1.500000;284.350000;282.450000;88;20000;0;mq;mq;mq;mq;mq;mq;mq;mq;92740;85000;18190;mq;mq;mq;mq;mq;mq;mq;mq;mq;2.600000;-10;mq;mq;mq;mq;0.000000;0.000000;mq;mq;mq;710.000000;1103.000000;mq;mq;mq;mq;mq;mq;mq;mq;mq;mq;mq;mq;mq;mq;
07481;20110925210000;102100;140;1;130;3.600000;292.850000;286.950000;69;30000;2;1;1;0;mq;mq;mq;mq;mq;99310;mq;mq;mq;mq;mq;mq;mq;mq;mq;mq;mq;4.600000;-10;mq;mq;0.000000;-30;0.000000;0.000000;mq;mq;mq;710.000000;1105.000000;3100.000000;mq;mq;mq;mq;mq;mq;mq;mq;mq;mq;mq;mq;mq;
07510;20110925210000;102020;110;1;340;1.000000;290.750000;289.650000;93;30000;2;1;1;0;mq;mq;mq;mq;mq;101380;mq;mq;mq;mq;mq;mq;mq;mq;mq;mq;mq;2.600000;-10;mq;mq;0.000000;-30;0.000000;0.000000;mq;mq;mq;710.000000;1103.000000;3100.000000;mq;mq;mq;mq;mq;mq;mq;mq;mq;mq;mq;mq;mq;
07535;20110925210000;102140;160;1;130;1.500000;288.850000;285.450000;80;mq;mq;mq;mq;mq;mq;mq;mq;mq;mq;99060;mq;mq;mq;mq;mq;mq;mq;mq;mq;mq;mq;2.100000;-10;mq;mq;mq;mq;0.000000;0.000000;mq;mq;mq;710.000000;1102.000000;mq;mq;mq;mq;mq;mq;mq;mq;mq;mq;mq;mq;mq;mq;
07558;20110925210000;102170;140;1;110;2.600000;289.950000;285.450000;75;mq;mq;mq;mq;mq;mq;mq;mq;mq;mq;94020;mq;mq;mq;mq;mq;mq;mq;mq;mq;mq;mq;3.600000;-10;mq;mq;mq;mq;0.000000;0.000000;mq;mq;mq;710.000000;1104.000000;mq;mq;mq;mq;mq;mq;mq;mq;mq;mq;mq;mq;mq;mq;
07577;20110925210000;102160;160;1;300;0.500000;289.550000;287.050000;85;17000;0;mq;mq;mq;mq;mq;mq;mq;mq;101280;mq;mq;mq;mq;mq;mq;mq;mq;mq;mq;mq;1.000000;-10;mq;mq;mq;mq;0.000000;0.000000;mq;mq;mq;710.000000;1101.000000;mq;mq;mq;mq;mq;mq;mq;mq;mq;mq;mq;mq;mq;mq;
07591;20110925210000;mq;170;1;20;2.100000;285.950000;284.050000;88;mq;0;mq;mq;mq;mq;mq;mq;mq;mq;92320;mq;mq;mq;mq;mq;mq;mq;mq;mq;mq;mq;3.600000;-10;mq;mq;mq;mq;0.000000;0.000000;mq;mq;mq;710.000000;1104.000000;mq;mq;mq;mq;mq;mq;mq;mq;mq;mq;mq;mq;mq;mq;
07607;20110925210000;102040;150;1;0;0.000000;290.550000;289.050000;91;19000;0;mq;mq;100;mq;mq;mq;mq;mq;101340;mq;mq;mq;mq;mq;mq;mq;mq;mq;mq;mq;1.000000;-10;mq;mq;mq;mq;0.000000;0.000000;mq;mq;mq;710.000000;1101.000000;mq;mq;mq;mq;mq;mq;mq;mq;mq;mq;mq;mq;mq;mq;
07621;20110925210000;102110;150;1;170;1.500000;289.250000;286.950000;86;25000;2;1;1;10;1;2250;35;20;10;97860;mq;mq;mq;mq;mq;mq;mq;mq;mq;mq;mq;3.600000;-10;mq;mq;0.000000;-30;0.000000;0.000000;mq;mq;mq;710.000000;1104.000000;3100.000000;mq;1;6;1800;mq;mq;mq;mq;mq;mq;mq;mq;mq;
07627;20110925210000;102170;160;1;160;1.000000;288.150000;286.150000;88;mq;mq;mq;mq;mq;mq;mq;mq;mq;mq;97360;mq;mq;mq;mq;mq;mq;mq;mq;mq;mq;mq;2.100000;-10;mq;mq;mq;mq;0.000000;0.000000;mq;mq;mq;710.000000;1102.000000;mq;mq;mq;mq;mq;mq;mq;mq;mq;mq;mq;mq;mq;mq;
07630;20110925210000;102100;200;1;150;2.100000;293.050000;284.750000;59;40000;2;1;1;0;mq;mq;mq;mq;mq;100340;mq;mq;mq;mq;mq;mq;mq;mq;mq;mq;mq;3.600000;-10;mq;mq;0.000000;-30;0.000000;0.000000;mq;mq;mq;710.000000;1104.000000;3100.000000;mq;mq;mq;mq;mq;mq;mq;mq;mq;mq;mq;mq;mq;
07643;20110925210000;102160;160;1;360;1.000000;291.650000;289.050000;85;18000;2;1;1;0;mq;mq;mq;mq;mq;102070;mq;mq;mq;mq;mq;mq;mq;mq;mq;mq;mq;1.500000;-10;mq;mq;mq;mq;0.000000;0.000000;mq;mq;mq;710.000000;1102.000000;mq;mq;mq;mq;mq;mq;mq;mq;mq;mq;mq;mq;mq;mq;
07650;20110925210000;102130;150;1;130;1.000000;293.250000;289.250000;78;10000;2;1;1;90;7;3500;30;25;60;101750;mq;mq;mq;mq;mq;mq;mq;mq;mq;mq;mq;2.100000;-10;mq;mq;0.000000;-30;0.000000;0.000000;mq;mq;mq;710.000000;1102.000000;3100.000000;mq;7;3;3300;mq;mq;mq;mq;mq;mq;mq;mq;mq;
07661;20110925210000;102100;130;1;130;0.500000;292.150000;289.550000;85;mq;mq;mq;mq;mq;mq;mq;mq;mq;mq;100530;mq;mq;mq;mq;mq;mq;mq;mq;mq;mq;mq;2.100000;-10;mq;mq;mq;mq;0.000000;0.000000;mq;mq;mq;710.000000;1102.000000;mq;mq;mq;mq;mq;mq;mq;mq;mq;mq;mq;mq;mq;mq;
07690;20110925210000;102130;150;1;330;5.100000;292.950000;288.350000;75;20000;2;1;1;40;3;3500;30;23;10;101800;mq;mq;mq;mq;mq;mq;mq;mq;mq;mq;mq;8.200000;-10;mq;mq;0.000000;-30;0.000000;0.000000;mq;mq;mq;710.000000;1108.000000;3100.000000;mq;3;3;4200;mq;mq;mq;mq;mq;mq;mq;mq;mq;
07747;20110925210000;102150;160;1;220;1.000000;290.250000;287.850000;86;50000;0;mq;mq;mq;mq;mq;mq;mq;mq;101630;mq;mq;mq;mq;mq;mq;mq;mq;mq;mq;mq;1.500000;-10;mq;mq;mq;mq;0.000000;0.000000;mq;mq;mq;710.000000;1102.000000;mq;mq;mq;mq;mq;mq;mq;mq;mq;mq;mq;mq;mq;mq;
07761;20110925210000;101990;130;1;40;2.600000;293.050000;288.250000;74;25000;2;1;1;90;7;3500;30;27;60;101880;mq;mq;mq;mq;mq;mq;mq;mq;mq;mq;mq;4.100000;-10;mq;mq;0.000000;-30;0.000000;0.000000;mq;mq;mq;710.000000;1104.000000;3100.000000;mq;7;3;3300;mq;mq;mq;mq;mq;mq;mq;mq;mq;
07790;20110925210000;102000;120;1;210;1.500000;292.850000;290.650000;87;20000;2;1;1;75;1;800;35;23;60;101860;mq;mq;mq;mq;mq;mq;mq;mq;mq;mq;mq;2.100000;-10;mq;mq;0.000000;-30;0.000000;0.000000;mq;mq;mq;710.000000;1102.000000;3100.000000;mq;1;6;600;5;3;3300;mq;mq;mq;mq;mq;mq;
61970;20110925210000;101910;mq;mq;mq;mq;297.650000;294.150000;81;mq;mq;mq;mq;mq;mq;mq;mq;mq;mq;mq;mq;mq;mq;mq;mq;mq;mq;mq;mq;mq;mq;mq;mq;mq;mq;mq;mq;mq;mq;mq;mq;mq;mq;mq;mq;mq;mq;mq;mq;mq;mq;mq;mq;mq;mq;mq;mq;mq;
61972;20110925210000;102130;mq;mq;180;9.300000;294.750000;290.750000;78;mq;mq;mq;mq;mq;mq;mq;mq;mq;mq;mq;mq;mq;mq;mq;mq;mq;mq;mq;mq;mq;mq;16.500000;-10;mq;mq;mq;mq;0.000000;0.000000;mq;mq;mq;710.000000;1116.000000;mq;mq;mq;mq;mq;mq;mq;mq;mq;mq;mq;mq;mq;mq;
61980;20110925210000;102200;mq;mq;120;4.600000;294.850000;290.650000;77;60000;0;mq;mq;mq;mq;mq;mq;mq;mq;mq;mq;mq;150;mq;mq;mq;mq;mq;mq;mq;mq;9.300000;-10;mq;mq;mq;mq;0.000000;0.000000;mq;mq;mq;710.000000;1109.000000;mq;mq;mq;mq;mq;mq;mq;mq;mq;mq;mq;mq;mq;mq;
61997;20110925210000;101740;mq;mq;270;16.500000;278.550000;275.850000;83;mq;mq;mq;mq;mq;mq;mq;mq;mq;mq;mq;mq;mq;380;mq;mq;mq;mq;mq;mq;mq;mq;28.800000;-30;mq;mq;mq;mq;mq;4.000000;mq;mq;mq;1129.000000;mq;mq;mq;mq;mq;mq;mq;mq;mq;mq;mq;mq;mq;mq;mq;
61998;20110925210000;101060;mq;mq;310;5.100000;272.550000;267.750000;67;mq;mq;mq;mq;mq;mq;mq;mq;mq;mq;mq;mq;mq;780;mq;mq;mq;mq;mq;mq;mq;mq;11.800000;-10;mq;mq;mq;mq;0.000000;0.000000;mq;mq;mq;710.000000;1112.000000;mq;mq;mq;mq;mq;mq;mq;mq;mq;mq;mq;mq;mq;mq;
67005;20110925210000;101750;mq;mq;240;1.000000;297.450000;295.350000;88;mq;0;mq;mq;mq;mq;mq;mq;mq;mq;mq;mq;mq;90;mq;mq;mq;mq;mq;mq;mq;mq;4.100000;-10;mq;mq;mq;mq;0.000000;0.000000;mq;mq;mq;710.000000;1104.000000;mq;mq;mq;mq;mq;mq;mq;mq;mq;mq;mq;mq;mq;mq;
71805;20110925210000;100220;-150;6;270;10.300000;287.950000;285.650000;86;20000;2;1;1;0;mq;mq;mq;mq;mq;100140;mq;mq;mq;mq;mq;mq;mq;mq;mq;mq;15.900000;15.900000;-10;mq;mq;0.000000;-30;0.000000;0.000000;mq;mq;mq;1016.000000;710.000000;1116.000000;3100.000000;mq;mq;mq;mq;mq;mq;mq;mq;mq;mq;mq;mq;
78897;20110925210000;101090;-20;5;310;3.100000;304.050000;296.950000;66;50000;2;8;6;25;2;800;38;20;11;mq;mq;mq;mq;mq;mq;mq;mq;mq;mq;mq;mq;mq;mq;mq;mq;mq;mq;mq;mq;mq;mq;mq;mq;mq;mq;mq;2;8;690;mq;mq;mq;mq;mq;mq;mq;mq;mq;
78922;20110925210000;101130;-50;5;230;2.100000;303.750000;296.150000;64;mq;mq;mq;mq;mq;mq;mq;mq;mq;mq;100690;mq;mq;mq;mq;mq;mq;mq;mq;mq;mq;mq;mq;mq;mq;mq;mq;mq;mq;mq;mq;mq;mq;mq;mq;mq;mq;mq;mq;mq;mq;mq;mq;mq;mq;mq;mq;mq;mq;
78925;20110925210000;101140;-130;5;250;3.600000;304.250000;297.650000;68;30000;2;1;1;25;1;1250;32;20;12;mq;mq;mq;20;mq;mq;mq;mq;mq;mq;mq;mq;mq;mq;mq;mq;mq;mq;mq;mq;mq;mq;mq;mq;mq;mq;mq;1;8;1200;mq;mq;mq;mq;mq;mq;mq;mq;mq;
81401;20110925210000;101070;mq;mq;60;2.600000;302.950000;296.450000;68;mq;mq;mq;mq;mq;mq;mq;mq;mq;mq;101010;mq;mq;mq;mq;mq;mq;mq;mq;mq;mq;mq;mq;mq;mq;mq;mq;mq;mq;0.000000;mq;mq;mq;mq;mq;mq;mq;mq;mq;mq;mq;mq;mq;mq;mq;mq;mq;mq;mq;
81405;20110925210000;101120;mq;mq;90;2.100000;302.450000;297.350000;74;20000;2;1;1;25;2;800;32;23;11;101030;mq;mq;mq;mq;mq;mq;mq;mq;mq;mq;mq;mq;mq;mq;mq;mq;mq;mq;0.000000;mq;mq;mq;mq;mq;mq;mq;mq;mq;mq;mq;mq;mq;mq;mq;mq;mq;mq;mq;
81408;20110925210000;101060;mq;mq;30;3.100000;303.650000;296.850000;67;mq;mq;mq;mq;mq;mq;mq;mq;mq;mq;100980;mq;mq;mq;mq;mq;mq;mq;mq;mq;mq;mq;mq;mq;mq;mq;mq;mq;mq;0.000000;mq;mq;mq;mq;mq;mq;mq;mq;mq;mq;mq;mq;mq;mq;mq;mq;mq;mq;mq;
89642;20110925210000;96850;-80;5;150;26.200000;256.150000;253.650000;79;mq;mq;mq;mq;mq;mq;mq;mq;mq;mq;96300;mq;mq;mq;mq;mq;mq;mq;mq;mq;mq;39.100000;44.800000;-30;mq;mq;mq;mq;mq;mq;mq;mq;mq;1039.000000;1145.000000;mq;mq;mq;mq;mq;mq;mq;mq;mq;mq;mq;mq;mq;mq;
07005;20110926000000;101970;60;2;140;3.100000;288.250000;286.250000;88;mq;mq;mq;mq;mq;mq;mq;mq;mq;mq;101090;mq;mq;mq;mq;mq;mq;mq;mq;mq;mq;mq;4.100000;-10;mq;mq;mq;mq;0.000000;0.000000;0.000000;mq;mq;710.000000;1104.000000;mq;mq;mq;mq;mq;mq;mq;mq;mq;mq;mq;mq;mq;mq;
07015;20110926000000;101970;40;2;0;0.000000;288.650000;287.150000;91;10000;2;1;1;90;7;1250;35;61;60;101410;mq;mq;mq;mq;mq;mq;mq;mq;mq;mq;mq;2.100000;-10;mq;mq;0.000000;-60;0.000000;0.000000;0.000000;mq;mq;710.000000;1102.000000;3100.000000;mq;7;6;1440;mq;mq;mq;mq;mq;mq;mq;mq;mq;
07020;20110926000000;101830;80;1;190;6.700000;290.350000;288.650000;90;20000;2;1;1;40;0;8000;30;20;12;101570;mq;mq;mq;mq;mq;mq;mq;mq;mq;mq;mq;11.300000;-10;mq;mq;mq;mq;0.000000;0.000000;0.000000;mq;mq;710.000000;1111.000000;mq;mq;3;0;6000;mq;mq;mq;mq;mq;mq;mq;mq;mq;
07027;20110926000000;101950;50;1;160;4.100000;287.050000;285.650000;91;26000;0;mq;mq;mq;mq;mq;mq;mq;mq;101150;mq;mq;mq;mq;mq;mq;mq;mq;mq;mq;mq;4.600000;-10;mq;mq;mq;mq;0.000000;0.000000;0.000000;mq;mq;710.000000;1105.000000;mq;mq;mq;mq;mq;mq;mq;mq;mq;mq;mq;mq;mq;mq;
07037;20110926000000;102050;80;3;160;3.100000;287.550000;286.450000;93;19000;0;mq;mq;mq;mq;mq;mq;mq;mq;100240;mq;mq;mq;mq;mq;mq;mq;mq;mq;mq;mq;4.100000;-10;mq;mq;mq;mq;0.000000;0.000000;0.000000;mq;mq;710.000000;1104.000000;mq;mq;mq;mq;mq;mq;mq;mq;mq;mq;mq;mq;mq;mq;
07110;20110926000000;101720;-20;8;180;6.700000;289.750000;288.650000;93;27000;0;mq;mq;100;mq;250;mq;mq;mq;100600;mq;mq;mq;mq;mq;mq;mq;mq;mq;mq;mq;10.300000;-10;mq;mq;mq;mq;0.000000;0.000000;0.400000;mq;mq;710.000000;1110.000000;mq;mq;mq;mq;mq;mq;mq;mq;mq;mq;mq;mq;mq;mq;
07117;20110926000000;101760;70;2;230;5.700000;289.650000;284.750000;73;18000;2;1;1;50;4;3500;30;27;10;101070;mq;mq;mq;mq;mq;mq;mq;mq;mq;mq;mq;10.800000;-10;mq;mq;mq;mq;0.000000;0.000000;0.000000;mq;mq;710.000000;1111.000000;2437.000000;mq;mq;mq;mq;mq;mq;mq;mq;mq;mq;mq;mq;mq;
07130;20110926000000;102010;60;3;200;3.100000;288.850000;288.250000;96;12000;0;mq;mq;90;mq;250;mq;mq;mq;101500;mq;mq;mq;mq;mq;mq;mq;mq;mq;mq;mq;5.100000;-10;mq;mq;mq;mq;0.000000;0.000000;0.000000;mq;mq;710.000000;1105.000000;mq;mq;mq;mq;mq;mq;mq;mq;mq;mq;mq;mq;mq;mq;
07139;20110926000000;102100;100;3;220;0.500000;285.550000;284.250000;92;mq;mq;mq;mq;mq;mq;mq;mq;mq;mq;100370;mq;mq;mq;mq;mq;mq;mq;mq;mq;mq;mq;1.500000;-10;mq;mq;mq;mq;0.000000;0.000000;0.000000;mq;mq;710.000000;1102.000000;mq;mq;mq;mq;mq;mq;mq;mq;mq;mq;mq;mq;mq;mq;
07149;20110926000000;102110;80;3;190;1.000000;288.150000;287.050000;93;20000;2;1;1;10;1;1750;35;20;10;101030;mq;mq;mq;mq;mq;mq;mq;mq;mq;mq;mq;1.500000;-10;mq;mq;0.000000;-60;0.000000;0.000000;0.000000;mq;mq;710.000000;1102.000000;3100.000000;mq;1;6;1800;mq;mq;mq;mq;mq;mq;mq;mq;mq;
07168;20110926000000;102160;50;3;120;1.000000;287.150000;285.350000;89;13000;0;mq;mq;mq;mq;mq;mq;mq;mq;100750;mq;mq;mq;mq;mq;mq;mq;mq;mq;mq;mq;2.600000;-10;mq;mq;mq;mq;0.000000;0.000000;0.000000;mq;mq;710.000000;1103.000000;mq;mq;mq;mq;mq;mq;mq;mq;mq;mq;mq;mq;mq;mq;
07181;20110926000000;102250;70;3;220;0.500000;286.850000;285.050000;89;50000;0;mq;mq;mq;mq;mq;mq;mq;mq;98200;mq;mq;mq;mq;mq;mq;mq;mq;mq;mq;mq;3.100000;-10;mq;mq;mq;mq;0.000000;0.000000;0.000000;mq;mq;710.000000;1103.000000;mq;mq;mq;mq;mq;mq;mq;mq;mq;mq;mq;mq;mq;mq;
07190;20110926000000;102260;60;2;0;0.000000;285.050000;284.150000;94;1900;10;mq;mq;mq;mq;80;mq;mq;mq;100440;mq;mq;mq;mq;mq;mq;mq;mq;mq;mq;mq;1.500000;-10;mq;mq;mq;mq;0.000000;0.000000;0.000000;mq;mq;710.000000;1102.000000;mq;mq;mq;mq;mq;mq;mq;mq;mq;mq;mq;mq;mq;mq;
07207;20110926000000;mq;mq;mq;220;5.100000;290.650000;289.150000;91;20000;2;1;1;40;3;800;31;20;10;mq;mq;mq;mq;mq;mq;mq;mq;mq;mq;mq;mq;7.200000;-10;mq;mq;mq;mq;0.000000;0.200000;0.200000;mq;mq;710.000000;1107.000000;2428.000000;mq;mq;mq;mq;mq;mq;mq;mq;mq;mq;mq;mq;mq;
07222;20110926000000;102080;90;1;200;1.000000;286.850000;286.550000;98;100;45;mq;mq;101;mq;mq;62;61;60;101770;mq;mq;mq;mq;mq;mq;mq;mq;mq;mq;mq;2.600000;-10;mq;mq;mq;mq;0.000000;0.000000;0.000000;mq;mq;710.000000;1103.000000;mq;mq;mq;mq;mq;mq;mq;mq;mq;mq;mq;mq;mq;mq;
07240;20110926000000;102140;100;1;0;0.000000;287.850000;286.550000;92;30000;2;1;1;0;mq;mq;mq;mq;mq;100800;mq;mq;mq;mq;mq;mq;mq;mq;mq;mq;mq;2.100000;-10;mq;mq;0.000000;-60;0.000000;0.000000;0.000000;mq;mq;710.000000;1102.000000;3100.000000;mq;mq;mq;mq;mq;mq;mq;mq;mq;mq;mq;mq;mq;
07255;20110926000000;102180;70;1;210;1.000000;289.450000;287.150000;86;20000;0;mq;mq;mq;mq;mq;mq;mq;mq;100210;mq;mq;mq;mq;mq;mq;mq;mq;mq;mq;mq;1.500000;-10;mq;mq;mq;mq;0.000000;0.000000;0.000000;mq;mq;710.000000;1102.000000;mq;mq;mq;mq;mq;mq;mq;mq;mq;mq;mq;mq;mq;mq;
07280;20110926000000;102200;30;2;350;1.000000;287.250000;285.850000;91;23000;0;mq;mq;mq;mq;mq;mq;mq;mq;99500;mq;mq;mq;mq;mq;mq;mq;mq;mq;mq;mq;1.500000;-10;mq;mq;mq;mq;0.000000;0.000000;0.000000;mq;mq;710.000000;1102.000000;mq;mq;mq;mq;mq;mq;mq;mq;mq;mq;mq;mq;mq;mq;
07299;20110926000000;102320;60;2;0;0.000000;283.750000;283.150000;96;14000;0;mq;mq;mq;mq;mq;mq;mq;mq;99040;mq;mq;mq;mq;mq;mq;mq;mq;mq;mq;mq;1.000000;-10;mq;mq;mq;mq;0.000000;0.200000;0.200000;mq;mq;710.000000;1101.000000;mq;mq;mq;mq;mq;mq;mq;mq;mq;mq;mq;mq;mq;mq;
07314;20110926000000;102130;70;1;100;2.100000;290.550000;289.950000;96;10000;2;1;1;40;2;2250;30;23;12;101860;mq;mq;mq;mq;mq;mq;mq;mq;mq;mq;mq;2.600000;-10;mq;mq;mq;mq;0.000000;0.000000;0.000000;mq;mq;710.000000;1103.000000;2427.000000;mq;2;3;1800;mq;mq;mq;mq;mq;mq;mq;mq;mq;
07335;20110926000000;102180;70;3;190;0.500000;285.850000;284.950000;94;20000;0;mq;mq;mq;mq;mq;mq;mq;mq;100740;mq;mq;mq;mq;mq;mq;mq;mq;mq;mq;mq;1.500000;-10;mq;mq;mq;mq;0.000000;0.000000;0.000000;mq;mq;710.000000;1102.000000;mq;mq;mq;mq;mq;mq;mq;mq;mq;mq;mq;mq;mq;mq;
07434;20110926000000;102210;50;2;40;1.500000;288.850000;286.650000;87;23000;0;mq;mq;mq;mq;mq;mq;mq;mq;97500;mq;mq;mq;mq;mq;mq;mq;mq;mq;mq;mq;2.600000;-10;mq;mq;mq;mq;0.000000;0.000000;0.000000;mq;mq;710.000000;1103.000000;mq;mq;mq;mq;mq;mq;mq;mq;mq;mq;mq;mq;mq;mq;
07460;20110926000000;102200;60;2;350;1.000000;288.750000;285.650000;82;20000;2;1;1;0;mq;mq;mq;mq;mq;98370;mq;mq;mq;mq;mq;mq;mq;mq;mq;mq;mq;1.000000;-10;mq;mq;0.000000;-60;0.000000;0.000000;0.000000;mq;mq;710.000000;1101.000000;3100.000000;mq;mq;mq;mq;mq;mq;mq;mq;mq;mq;mq;mq;mq;
07471;20110926000000;mq;40;2;0;0.000000;281.750000;280.950000;95;18000;0;mq;mq;mq;mq;mq;mq;mq;mq;92780;85000;18220;mq;mq;mq;mq;mq;mq;mq;mq;mq;1.000000;-10;mq;mq;mq;mq;0.000000;0.000000;0.000000;mq;mq;710.000000;1101.000000;mq;mq;mq;mq;mq;mq;mq;mq;mq;mq;mq;mq;mq;mq;
07481;20110926000000;102170;40;0;160;1.000000;289.950000;286.450000;80;20000;2;1;1;0;mq;mq;mq;mq;mq;99350;mq;mq;mq;mq;mq;mq;mq;mq;mq;mq;mq;2.600000;-10;mq;mq;0.000000;-60;0.000000;0.000000;0.000000;mq;mq;710.000000;1103.000000;3100.000000;mq;mq;mq;mq;mq;mq;mq;mq;mq;mq;mq;mq;mq;
07510;20110926000000;102090;70;1;0;0.000000;289.050000;289.050000;100;15000;11;0;0;0;mq;mq;mq;mq;mq;101450;mq;mq;mq;mq;mq;mq;mq;mq;mq;mq;mq;2.100000;-10;mq;mq;0.000000;-60;0.000000;0.000000;0.000000;mq;mq;710.000000;1102.000000;3100.000000;mq;mq;mq;mq;mq;mq;mq;mq;mq;mq;mq;mq;mq;
07535;20110926000000;102180;40;3;340;1.000000;288.850000;285.550000;81;mq;mq;mq;mq;mq;mq;mq;mq;mq;mq;99100;mq;mq;mq;mq;mq;mq;mq;mq;mq;mq;mq;3.100000;-10;mq;mq;mq;mq;0.000000;0.000000;0.000000;mq;mq;710.000000;1103.000000;mq;mq;mq;mq;mq;mq;mq;mq;mq;mq;mq;mq;mq;mq;
07558;20110926000000;102270;40;2;40;1.500000;288.250000;284.250000;77;mq;mq;mq;mq;mq;mq;mq;mq;mq;mq;94060;mq;mq;mq;mq;mq;mq;mq;mq;mq;mq;mq;2.100000;-10;mq;mq;mq;mq;0.000000;0.000000;0.000000;mq;mq;710.000000;1102.000000;mq;mq;mq;mq;mq;mq;mq;mq;mq;mq;mq;mq;mq;mq;
07577;20110926000000;102230;60;1;70;1.000000;286.450000;285.050000;91;7000;0;mq;mq;mq;mq;mq;mq;mq;mq;101340;mq;mq;mq;mq;mq;mq;mq;mq;mq;mq;mq;1.000000;-10;mq;mq;mq;mq;0.000000;0.000000;0.000000;mq;mq;710.000000;1101.000000;mq;mq;mq;mq;mq;mq;mq;mq;mq;mq;mq;mq;mq;mq;
07591;20110926000000;mq;40;2;30;3.600000;285.550000;282.350000;81;mq;0;mq;mq;mq;mq;mq;mq;mq;mq;92360;mq;mq;mq;mq;mq;mq;mq;mq;mq;mq;mq;5.700000;-10;mq;mq;mq;mq;0.000000;0.000000;0.000000;mq;mq;710.000000;1106.000000;mq;mq;mq;mq;mq;mq;mq;mq;mq;mq;mq;mq;mq;mq;
07607;20110926000000;102070;20;2;100;2.100000;288.250000;287.450000;95;10000;0;mq;mq;mq;mq;mq;mq;mq;mq;101360;mq;mq;mq;mq;mq;mq;mq;mq;mq;mq;mq;2.100000;-10;mq;mq;mq;mq;0.000000;0.000000;0.000000;mq;mq;710.000000;1102.000000;mq;mq;mq;mq;mq;mq;mq;mq;mq;mq;mq;mq;mq;mq;
07621;20110926000000;102120;10;1;160;2.600000;289.250000;286.350000;83;25000;2;1;1;0;mq;mq;mq;mq;mq;97870;mq;mq;mq;mq;mq;mq;mq;mq;mq;mq;mq;3.600000;-10;mq;mq;0.000000;-60;0.000000;0.000000;0.000000;mq;mq;710.000000;1104.000000;3100.000000;mq;mq;mq;mq;mq;mq;mq;mq;mq;mq;mq;mq;mq;
07627;20110926000000;102220;30;2;280;0.500000;287.150000;285.150000;88;mq;mq;mq;mq;mq;mq;mq;mq;mq;mq;97390;mq;mq;mq;mq;mq;mq;mq;mq;mq;mq;mq;6.200000;-10;mq;mq;mq;mq;0.000000;0.000000;0.000000;mq;mq;710.000000;1106.000000;mq;mq;mq;mq;mq;mq;mq;mq;mq;mq;mq;mq;mq;mq;
07630;20110926000000;102160;40;2;210;2.100000;289.750000;284.650000;72;55000;0;mq;mq;mq;mq;mq;mq;mq;mq;100380;mq;mq;mq;mq;mq;mq;mq;mq;mq;mq;mq;2.600000;-10;mq;mq;mq;mq;0.000000;0.000000;0.000000;mq;mq;710.000000;1103.000000;mq;mq;mq;mq;mq;mq;mq;mq;mq;mq;mq;mq;mq;mq;
07643;20110926000000;102200;30;1;320;1.000000;290.350000;288.150000;87;13000;0;mq;mq;mq;mq;mq;mq;mq;mq;102100;mq;mq;mq;mq;mq;mq;mq;mq;mq;mq;mq;1.500000;-10;mq;mq;mq;mq;0.000000;0.000000;0.000000;mq;mq;710.000000;1102.000000;mq;mq;mq;mq;mq;mq;mq;mq;mq;mq;mq;mq;mq;mq;
07650;20110926000000;102170;40;3;150;2.100000;290.750000;288.350000;86;11000;0;mq;mq;mq;mq;mq;mq;mq;mq;101790;mq;mq;mq;mq;mq;mq;mq;mq;mq;mq;mq;3.100000;-10;mq;mq;mq;mq;0.000000;0.000000;0.000000;mq;mq;710.000000;1103.000000;mq;mq;mq;mq;mq;mq;mq;mq;mq;mq;mq;mq;mq;mq;
07661;20110926000000;102130;20;1;10;1.500000;291.350000;288.250000;82;mq;mq;mq;mq;mq;mq;mq;mq;mq;mq;100550;mq;mq;mq;mq;mq;mq;mq;mq;mq;mq;mq;3.100000;-10;mq;mq;mq;mq;0.000000;0.000000;0.000000;mq;mq;710.000000;1103.000000;mq;mq;mq;mq;mq;mq;mq;mq;mq;mq;mq;mq;mq;mq;
07690;20110926000000;102110;-20;8;340;4.100000;292.950000;286.650000;67;30000;2;1;1;25;2;2250;35;20;10;101780;mq;mq;mq;mq;mq;mq;mq;mq;mq;mq;mq;6.700000;-10;mq;mq;0.000000;-60;0.000000;0.000000;0.000000;mq;mq;710.000000;1107.000000;3100.000000;mq;2;6;2100;mq;mq;mq;mq;mq;mq;mq;mq;mq;
07747;20110926000000;102190;30;0;270;1.500000;288.450000;286.250000;87;55000;0;mq;mq;mq;mq;mq;mq;mq;mq;101660;mq;mq;mq;mq;mq;mq;mq;mq;mq;mq;mq;2.100000;-10;mq;mq;mq;mq;0.000000;0.000000;0.000000;mq;mq;710.000000;1102.000000;mq;mq;mq;mq;mq;mq;mq;mq;mq;mq;mq;mq;mq;mq;
07761;20110926000000;102040;50;3;50;3.100000;291.150000;287.650000;80;25000;2;1;1;0;mq;mq;mq;mq;mq;101930;mq;mq;mq;mq;mq;mq;mq;mq;mq;mq;mq;3.600000;-10;mq;mq;0.000000;-60;0.000000;0.000000;0.000000;mq;mq;710.000000;1104.000000;3100.000000;mq;mq;mq;mq;mq;mq;mq;mq;mq;mq;mq;mq;mq;
07790;20110926000000;102020;20;1;270;0.500000;291.750000;289.750000;88;50000;0;mq;mq;100;mq;mq;mq;mq;mq;101880;mq;mq;mq;mq;mq;mq;mq;mq;mq;mq;mq;1.500000;-10;mq;mq;mq;mq;0.000000;0.000000;0.000000;mq;mq;710.000000;1102.000000;mq;mq;mq;mq;mq;mq;mq;mq;mq;mq;mq;mq;mq;mq;
61968;20110926000000;101590;mq;mq;90;4.100000;297.850000;291.350000;67;mq;mq;mq;mq;mq;mq;mq;mq;mq;mq;mq;mq;mq;80;mq;mq;mq;mq;mq;mq;mq;mq;9.300000;-10;mq;mq;mq;mq;0.000000;mq;0.000000;mq;mq;710.000000;1109.000000;mq;mq;mq;mq;mq;mq;mq;mq;mq;mq;mq;mq;mq;mq;
61970;20110926000000;101760;mq;mq;mq;mq;297.650000;293.950000;80;mq;mq;mq;mq;mq;mq;mq;mq;mq;mq;mq;mq;mq;110;mq;mq;mq;mq;mq;mq;mq;mq;mq;mq;mq;mq;mq;mq;0.000000;mq;0.000000;mq;mq;mq;mq;mq;mq;mq;mq;mq;mq;mq;mq;mq;mq;mq;mq;mq;mq;
61972;20110926000000;102030;mq;mq;170;6.200000;295.050000;290.850000;77;mq;mq;mq;mq;mq;mq;mq;mq;mq;mq;mq;mq;mq;mq;mq;mq;mq;mq;mq;mq;mq;mq;13.400000;-10;mq;mq;mq;mq;0.000000;mq;0.000000;mq;mq;710.000000;1113.000000;mq;mq;mq;mq;mq;mq;mq;mq;mq;mq;mq;mq;mq;mq;
61980;20110926000000;102110;mq;mq;100;6.700000;293.950000;291.350000;85;9000;60;6;2;90;7;800;38;61;60;mq;mq;mq;170;mq;mq;mq;mq;mq;mq;mq;mq;9.300000;-10;mq;mq;mq;mq;0.200000;mq;0.200000;mq;mq;710.000000;1109.000000;mq;mq;3;8;630;6;6;1200;mq;mq;mq;mq;mq;mq;
61997;20110926000000;101700;mq;mq;270;13.400000;279.150000;276.650000;84;mq;mq;mq;mq;mq;mq;mq;mq;mq;mq;mq;mq;mq;170;mq;mq;mq;mq;mq;mq;mq;mq;28.800000;-60;mq;mq;mq;mq;mq;mq;6.000000;mq;mq;1129.000000;mq;mq;mq;mq;mq;mq;mq;mq;mq;mq;mq;mq;mq;mq;mq;
61998;20110926000000;101060;mq;mq;310;5.700000;272.750000;267.750000;66;30000;0;mq;mq;25;0;8000;30;20;11;mq;mq;mq;560;mq;mq;mq;mq;mq;mq;mq;mq;7.700000;-10;mq;mq;mq;mq;0.000000;mq;0.000000;mq;mq;710.000000;1108.000000;mq;mq;2;0;7500;mq;mq;mq;mq;mq;mq;mq;mq;mq;
67005;20110926000000;101610;mq;mq;230;2.100000;297.650000;295.750000;89;mq;0;mq;mq;mq;mq;mq;mq;mq;mq;mq;mq;mq;120;mq;mq;mq;mq;mq;mq;mq;mq;3.100000;-10;mq;mq;mq;mq;0.000000;mq;0.000000;mq;mq;710.000000;1103.000000;mq;mq;mq;mq;mq;mq;mq;mq;mq;mq;mq;mq;mq;mq;
71805;20110926000000;100330;110;3;290;10.800000;287.450000;285.350000;87;19000;0;mq;mq;mq;mq;mq;mq;mq;mq;100250;mq;mq;mq;mq;mq;mq;mq;mq;mq;mq;mq;18.000000;-10;mq;mq;mq;mq;0.000000;0.000000;0.000000;mq;mq;710.000000;1118.000000;mq;mq;mq;mq;mq;mq;mq;mq;mq;mq;mq;mq;mq;mq;
78897;20110926000000;101280;190;3;30;1.500000;299.950000;297.650000;87;50000;13;8;6;40;2;450;39;23;11;mq;mq;mq;20;296.950000;mq;305.250000;mq;mq;mq;mq;mq;mq;mq;mq;mq;mq;mq;mq;mq;0.000000;mq;3.000000;mq;mq;mq;mq;1;9;450;mq;mq;mq;mq;mq;mq;mq;mq;mq;
78922;20110926000000;101320;190;3;230;2.100000;300.550000;296.750000;80;mq;mq;mq;mq;mq;mq;mq;mq;mq;mq;100880;mq;mq;mq;mq;mq;mq;mq;mq;mq;mq;mq;mq;mq;mq;mq;mq;mq;mq;mq;mq;mq;mq;mq;mq;mq;mq;mq;mq;mq;mq;mq;mq;mq;mq;mq;mq;mq;mq;
78925;20110926000000;101310;170;3;150;1.500000;300.550000;298.150000;87;25000;2;1;1;25;1;800;32;20;12;mq;mq;mq;80;296.750000;mq;306.450000;mq;mq;mq;mq;mq;mq;mq;mq;mq;mq;mq;mq;mq;0.000000;mq;0.200000;mq;mq;mq;mq;1;8;900;mq;mq;mq;mq;mq;mq;mq;mq;mq;
81401;20110926000000;101210;mq;mq;50;1.000000;300.250000;297.550000;85;mq;mq;mq;mq;mq;mq;mq;mq;mq;mq;101150;mq;mq;mq;mq;mq;307.650000;mq;mq;mq;mq;mq;mq;mq;mq;mq;mq;mq;mq;0.000000;0.000000;mq;mq;mq;mq;mq;mq;mq;mq;mq;mq;mq;mq;mq;mq;mq;mq;mq;mq;
81405;20110926000000;101240;mq;mq;0;0.000000;298.250000;297.250000;94;27000;0;mq;mq;mq;mq;mq;mq;mq;mq;101150;mq;mq;mq;mq;mq;306.050000;mq;mq;mq;mq;mq;mq;mq;mq;mq;mq;mq;mq;0.000000;0.000000;mq;mq;mq;mq;mq;mq;mq;mq;mq;mq;mq;mq;mq;mq;mq;mq;mq;mq;
81408;20110926000000;101250;mq;mq;60;0.500000;299.650000;297.150000;86;mq;mq;mq;mq;mq;mq;mq;mq;mq;mq;101170;mq;mq;mq;mq;mq;307.550000;mq;mq;mq;mq;mq;mq;mq;mq;mq;mq;mq;mq;0.000000;0.000000;mq;mq;mq;mq;mq;mq;mq;mq;mq;mq;mq;mq;mq;mq;mq;mq;mq;mq;
89642;20110926000000;97050;190;3;170;21.600000;255.150000;252.550000;78;500;38;7;3;40;1;2250;30;23;11;96490;mq;mq;mq;253.550000;mq;257.250000;mq;mq;mq;mq;32.900000;44.800000;-60;mq;mq;mq;mq;mq;mq;mq;mq;mq;1033.000000;1145.000000;mq;mq;1;3;2100;3;0;4800;mq;mq;mq;mq;mq;mq;
07005;20110926030000;101990;10;1;150;2.600000;287.450000;285.450000;88;mq;mq;mq;mq;mq;mq;mq;mq;mq;mq;101100;mq;mq;mq;mq;mq;mq;mq;mq;mq;mq;mq;4.100000;-10;mq;mq;mq;mq;0.000000;0.000000;mq;mq;mq;710.000000;1104.000000;mq;mq;mq;mq;mq;mq;mq;mq;mq;mq;mq;mq;mq;mq;
07015;20110926030000;101980;10;3;180;2.600000;287.750000;286.250000;91;7000;0;mq;mq;40;0;8000;30;20;11;101420;mq;mq;mq;mq;mq;mq;mq;mq;mq;mq;mq;3.100000;-10;mq;mq;0.000000;-30;0.000000;0.000000;mq;mq;mq;710.000000;1103.000000;3100.000000;mq;3;0;6900;mq;mq;mq;mq;mq;mq;mq;mq;mq;
07020;20110926030000;101820;-10;5;200;8.700000;290.150000;287.450000;84;mq;mq;mq;mq;mq;mq;mq;mq;mq;mq;101560;mq;mq;mq;mq;mq;mq;mq;mq;mq;mq;mq;13.400000;-10;mq;mq;mq;mq;0.000000;0.400000;mq;mq;mq;710.000000;1113.000000;mq;mq;mq;mq;mq;mq;mq;mq;mq;mq;mq;mq;mq;mq;
07027;20110926030000;101960;10;1;180;3.100000;288.250000;286.650000;90;24000;0;mq;mq;100;mq;mq;mq;mq;mq;101160;mq;mq;mq;mq;mq;mq;mq;mq;mq;mq;mq;6.700000;-10;mq;mq;mq;mq;0.000000;0.000000;mq;mq;mq;710.000000;1107.000000;mq;mq;mq;mq;mq;mq;mq;mq;mq;mq;mq;mq;mq;mq;
07037;20110926030000;102060;0;5;140;1.500000;286.050000;285.750000;98;7000;0;mq;mq;mq;mq;mq;mq;mq;mq;100240;mq;mq;mq;mq;mq;mq;mq;mq;mq;mq;mq;3.600000;-10;mq;mq;mq;mq;0.000000;0.000000;mq;mq;mq;710.000000;1104.000000;mq;mq;mq;mq;mq;mq;mq;mq;mq;mq;mq;mq;mq;mq;
07110;20110926030000;101780;60;1;210;7.200000;289.750000;289.150000;96;6000;2;1;1;100;8;150;37;61;60;100660;mq;mq;mq;mq;mq;mq;mq;mq;mq;mq;mq;11.800000;-10;mq;mq;mq;mq;0.200000;1.000000;mq;mq;mq;710.000000;1112.000000;mq;mq;8;7;120;mq;mq;mq;mq;mq;mq;mq;mq;mq;
07117;20110926030000;101760;0;5;220;5.700000;290.750000;288.150000;85;18000;2;1;1;90;7;3500;30;27;10;101070;mq;mq;mq;mq;mq;mq;mq;mq;mq;mq;mq;12.900000;-10;mq;mq;mq;mq;0.000000;0.000000;mq;mq;mq;710.000000;1113.000000;2437.000000;mq;mq;mq;mq;mq;mq;mq;mq;mq;mq;mq;mq;mq;
07130;20110926030000;102050;40;1;150;2.100000;288.550000;287.950000;96;9000;0;mq;mq;90;mq;250;mq;mq;mq;101540;mq;mq;mq;mq;mq;mq;mq;mq;mq;mq;mq;3.100000;-10;mq;mq;mq;mq;0.000000;0.000000;mq;mq;mq;710.000000;1103.000000;mq;mq;mq;mq;mq;mq;mq;mq;mq;mq;mq;mq;mq;mq;
07139;20110926030000;102130;20;2;0;0.000000;284.050000;282.850000;92;mq;mq;mq;mq;mq;mq;mq;mq;mq;mq;100390;mq;mq;mq;mq;mq;mq;mq;mq;mq;mq;mq;1.000000;-10;mq;mq;mq;mq;0.000000;0.000000;mq;mq;mq;710.000000;1101.000000;mq;mq;mq;mq;mq;mq;mq;mq;mq;mq;mq;mq;mq;mq;
07149;20110926030000;102150;40;1;210;0.500000;287.450000;286.950000;97;20000;2;1;1;0;mq;mq;mq;mq;mq;101070;mq;mq;mq;mq;mq;mq;mq;mq;mq;mq;mq;1.500000;-10;mq;mq;0.000000;-30;0.000000;0.000000;mq;mq;mq;710.000000;1102.000000;3100.000000;mq;mq;mq;mq;mq;mq;mq;mq;mq;mq;mq;mq;mq;
07168;20110926030000;102230;60;3;340;1.000000;285.650000;284.850000;95;11000;0;mq;mq;mq;mq;mq;mq;mq;mq;100810;mq;mq;mq;mq;mq;mq;mq;mq;mq;mq;mq;1.500000;-10;mq;mq;mq;mq;0.000000;0.000000;mq;mq;mq;710.000000;1102.000000;mq;mq;mq;mq;mq;mq;mq;mq;mq;mq;mq;mq;mq;mq;
07181;20110926030000;102260;20;3;160;2.100000;287.550000;285.450000;87;35000;0;mq;mq;mq;mq;mq;mq;mq;mq;98220;mq;mq;mq;mq;mq;mq;mq;mq;mq;mq;mq;3.600000;-10;mq;mq;mq;mq;0.000000;0.000000;mq;mq;mq;710.000000;1104.000000;mq;mq;mq;mq;mq;mq;mq;mq;mq;mq;mq;mq;mq;mq;
07190;20110926030000;102310;40;3;250;0.500000;283.650000;282.850000;95;100;45;mq;mq;101;mq;mq;62;61;60;100480;mq;mq;mq;mq;mq;mq;mq;mq;mq;mq;mq;1.000000;-10;mq;mq;mq;mq;0.000000;0.200000;mq;mq;mq;710.000000;1101.000000;mq;mq;mq;mq;mq;mq;mq;mq;mq;mq;mq;mq;mq;mq;
07207;20110926030000;mq;mq;mq;210;4.100000;290.850000;289.550000;92;20000;2;1;1;75;6;3500;30;27;10;mq;mq;mq;mq;mq;mq;mq;mq;mq;mq;mq;mq;5.700000;-10;mq;mq;mq;mq;0.000000;0.000000;mq;mq;mq;710.000000;1106.000000;2438.000000;mq;mq;mq;mq;mq;mq;mq;mq;mq;mq;mq;mq;mq;
07222;20110926030000;102090;10;3;150;1.500000;286.950000;286.650000;98;400;44;4;4;50;4;30;36;20;10;101780;mq;mq;mq;mq;mq;mq;mq;mq;mq;mq;mq;3.600000;-10;mq;mq;mq;mq;0.000000;0.200000;mq;mq;mq;710.000000;1104.000000;mq;mq;4;7;30;mq;mq;mq;mq;mq;mq;mq;mq;mq;
07240;20110926030000;102190;40;1;110;1.500000;286.450000;285.850000;96;30000;2;mq;mq;75;0;8000;30;20;12;100840;mq;mq;mq;mq;mq;mq;mq;mq;mq;mq;mq;1.500000;-10;mq;mq;0.000000;-30;0.000000;0.000000;mq;mq;mq;710.000000;1102.000000;3100.000000;mq;6;0;7500;mq;mq;mq;mq;mq;mq;mq;mq;mq;
07255;20110926030000;102260;60;3;150;0.500000;286.750000;286.250000;97;9000;0;mq;mq;mq;mq;mq;mq;mq;mq;100270;mq;mq;mq;mq;mq;mq;mq;mq;mq;mq;mq;1.500000;-10;mq;mq;mq;mq;0.000000;0.000000;mq;mq;mq;710.000000;1102.000000;mq;mq;mq;mq;mq;mq;mq;mq;mq;mq;mq;mq;mq;mq;
07280;20110926030000;102290;70;2;10;1.500000;285.350000;284.550000;95;16000;0;mq;mq;mq;mq;mq;mq;mq;mq;99570;mq;mq;mq;mq;mq;mq;mq;mq;mq;mq;mq;1.500000;-10;mq;mq;mq;mq;0.000000;0.000000;mq;mq;mq;710.000000;1102.000000;mq;mq;mq;mq;mq;mq;mq;mq;mq;mq;mq;mq;mq;mq;
07299;20110926030000;102340;20;3;180;1.500000;283.550000;283.050000;97;9000;2;1;1;10;0;8000;30;20;11;99060;mq;mq;mq;mq;mq;mq;mq;mq;mq;mq;mq;2.600000;-10;mq;mq;0.000000;-30;0.000000;0.000000;mq;mq;mq;710.000000;1103.000000;3100.000000;mq;1;0;6900;mq;mq;mq;mq;mq;mq;mq;mq;mq;
07314;20110926030000;102140;10;1;70;1.000000;290.650000;290.150000;97;mq;mq;mq;mq;mq;mq;mq;mq;mq;mq;101870;mq;mq;mq;mq;mq;mq;mq;mq;mq;mq;mq;2.100000;-10;mq;mq;mq;mq;0.000000;0.200000;mq;mq;mq;710.000000;1102.000000;mq;mq;mq;mq;mq;mq;mq;mq;mq;mq;mq;mq;mq;mq;
07335;20110926030000;102220;30;3;250;0.500000;284.850000;284.350000;97;19000;0;mq;mq;mq;mq;mq;mq;mq;mq;100770;mq;mq;mq;mq;mq;mq;mq;mq;mq;mq;mq;1.000000;-10;mq;mq;mq;mq;0.000000;0.000000;mq;mq;mq;710.000000;1101.000000;mq;mq;mq;mq;mq;mq;mq;mq;mq;mq;mq;mq;mq;mq;
07434;20110926030000;102270;30;3;40;2.100000;287.250000;285.850000;91;13000;0;mq;mq;mq;mq;mq;mq;mq;mq;97530;mq;mq;mq;mq;mq;mq;mq;mq;mq;mq;mq;2.600000;-10;mq;mq;mq;mq;0.000000;0.000000;mq;mq;mq;710.000000;1103.000000;mq;mq;mq;mq;mq;mq;mq;mq;mq;mq;mq;mq;mq;mq;
07460;20110926030000;102270;50;2;170;1.500000;287.550000;284.850000;84;20000;2;mq;mq;0;mq;mq;mq;mq;mq;98420;mq;mq;mq;mq;mq;mq;mq;mq;mq;mq;mq;3.600000;-10;mq;mq;0.000000;-30;0.000000;0.000000;mq;mq;mq;710.000000;1104.000000;3100.000000;mq;mq;mq;mq;mq;mq;mq;mq;mq;mq;mq;mq;mq;
07471;20110926030000;mq;10;3;0;0.000000;281.150000;280.550000;96;17000;0;mq;mq;mq;mq;mq;mq;mq;mq;92790;85000;18230;mq;mq;mq;mq;mq;mq;mq;mq;mq;2.100000;-10;mq;mq;mq;mq;0.000000;0.000000;mq;mq;mq;710.000000;1102.000000;mq;mq;mq;mq;mq;mq;mq;mq;mq;mq;mq;mq;mq;mq;
07481;20110926030000;102260;60;2;140;3.600000;287.650000;285.850000;89;15000;2;1;1;0;mq;mq;mq;mq;mq;99410;mq;mq;mq;mq;mq;mq;mq;mq;mq;mq;mq;4.600000;-10;mq;mq;0.000000;-30;0.000000;0.000000;mq;mq;mq;710.000000;1105.000000;3100.000000;mq;mq;mq;mq;mq;mq;mq;mq;mq;mq;mq;mq;mq;
07510;20110926030000;102110;10;3;80;0.500000;287.550000;287.550000;100;9000;11;0;0;0;mq;mq;mq;mq;mq;101460;mq;mq;mq;mq;mq;mq;mq;mq;mq;mq;mq;1.500000;-10;mq;mq;0.000000;-30;0.000000;0.000000;mq;mq;mq;710.000000;1102.000000;3100.000000;mq;mq;mq;mq;mq;mq;mq;mq;mq;mq;mq;mq;mq;
07535;20110926030000;102230;20;1;110;1.500000;286.250000;285.150000;93;mq;mq;mq;mq;mq;mq;mq;mq;mq;mq;99120;mq;mq;mq;mq;mq;mq;mq;mq;mq;mq;mq;2.600000;-10;mq;mq;mq;mq;0.000000;0.000000;mq;mq;mq;710.000000;1103.000000;mq;mq;mq;mq;mq;mq;mq;mq;mq;mq;mq;mq;mq;mq;
07558;20110926030000;102280;-20;7;30;2.600000;287.250000;284.550000;84;mq;mq;mq;mq;mq;mq;mq;mq;mq;mq;94040;mq;mq;mq;mq;mq;mq;mq;mq;mq;mq;mq;4.100000;-10;mq;mq;mq;mq;0.000000;0.000000;mq;mq;mq;710.000000;1104.000000;mq;mq;mq;mq;mq;mq;mq;mq;mq;mq;mq;mq;mq;mq;
07577;20110926030000;102260;20;3;0;0.000000;285.650000;284.850000;95;5000;0;mq;mq;mq;mq;mq;mq;mq;mq;101360;mq;mq;mq;mq;mq;mq;mq;mq;mq;mq;mq;1.500000;-10;mq;mq;mq;mq;0.000000;0.000000;mq;mq;mq;710.000000;1102.000000;mq;mq;mq;mq;mq;mq;mq;mq;mq;mq;mq;mq;mq;mq;
07591;20110926030000;mq;-20;6;10;5.100000;285.850000;280.750000;71;mq;0;mq;mq;mq;mq;mq;mq;mq;mq;92340;mq;mq;mq;mq;mq;mq;mq;mq;mq;mq;mq;8.700000;-10;mq;mq;mq;mq;0.000000;0.000000;mq;mq;mq;710.000000;1109.000000;mq;mq;mq;mq;mq;mq;mq;mq;mq;mq;mq;mq;mq;mq;
07607;20110926030000;102090;20;0;100;2.100000;285.950000;285.350000;96;9000;0;mq;mq;mq;mq;mq;mq;mq;mq;101380;mq;mq;mq;mq;mq;mq;mq;mq;mq;mq;mq;2.600000;-10;mq;mq;mq;mq;0.000000;0.000000;mq;mq;mq;710.000000;1103.000000;mq;mq;mq;mq;mq;mq;mq;mq;mq;mq;mq;mq;mq;mq;
07621;20110926030000;102110;-20;8;150;2.100000;288.650000;285.250000;80;20000;2;mq;mq;0;mq;mq;mq;mq;mq;97850;mq;mq;mq;mq;mq;mq;mq;mq;mq;mq;mq;3.100000;-10;mq;mq;0.000000;-30;0.000000;0.000000;mq;mq;mq;710.000000;1103.000000;3100.000000;mq;mq;mq;mq;mq;mq;mq;mq;mq;mq;mq;mq;mq;
07627;20110926030000;102260;0;4;230;1.000000;284.850000;282.950000;88;mq;mq;mq;mq;mq;mq;mq;mq;mq;mq;97390;mq;mq;mq;mq;mq;mq;mq;mq;mq;mq;mq;3.600000;-10;mq;mq;mq;mq;0.000000;0.000000;mq;mq;mq;710.000000;1104.000000;mq;mq;mq;mq;mq;mq;mq;mq;mq;mq;mq;mq;mq;mq;
07630;20110926030000;102190;20;3;140;1.500000;287.950000;285.650000;86;30000;2;1;1;0;mq;mq;mq;mq;mq;100400;mq;mq;mq;mq;mq;mq;mq;mq;mq;mq;mq;3.100000;-10;mq;mq;0.000000;-30;0.000000;0.000000;mq;mq;mq;710.000000;1103.000000;3100.000000;mq;mq;mq;mq;mq;mq;mq;mq;mq;mq;mq;mq;mq;
07643;20110926030000;102170;-30;6;350;1.000000;288.650000;287.050000;90;10000;2;1;1;0;mq;mq;mq;mq;mq;102070;mq;mq;mq;mq;mq;mq;mq;mq;mq;mq;mq;2.100000;-10;mq;mq;mq;mq;0.000000;0.000000;mq;mq;mq;710.000000;1102.000000;mq;mq;mq;mq;mq;mq;mq;mq;mq;mq;mq;mq;mq;mq;
07650;20110926030000;102140;-30;5;20;2.100000;290.850000;288.450000;86;15000;2;1;1;0;mq;mq;mq;mq;mq;101760;mq;mq;mq;mq;mq;mq;mq;mq;mq;mq;mq;2.600000;-10;mq;mq;0.000000;-30;0.000000;0.000000;mq;mq;mq;710.000000;1103.000000;3100.000000;mq;mq;mq;mq;mq;mq;mq;mq;mq;mq;mq;mq;mq;
07661;20110926030000;102080;-50;6;20;2.100000;291.450000;287.350000;77;15000;2;1;1;40;3;800;36;20;10;100500;mq;mq;mq;mq;mq;mq;mq;mq;mq;mq;mq;4.100000;-10;mq;mq;mq;mq;0.000000;0.000000;mq;mq;mq;710.000000;1104.000000;mq;mq;3;7;600;mq;mq;mq;mq;mq;mq;mq;mq;mq;
07690;20110926030000;102100;-10;5;340;4.600000;292.250000;285.550000;65;30000;2;1;1;10;1;2600;35;20;10;101770;mq;mq;mq;mq;mq;mq;mq;mq;mq;mq;mq;6.700000;-10;mq;mq;0.000000;-30;0.000000;0.000000;mq;mq;mq;710.000000;1107.000000;3100.000000;mq;1;6;2400;mq;mq;mq;mq;mq;mq;mq;mq;mq;
07747;20110926030000;102190;0;5;0;0.000000;288.550000;285.650000;83;55000;0;mq;mq;mq;mq;mq;mq;mq;mq;101660;mq;mq;mq;mq;mq;mq;mq;mq;mq;mq;mq;2.100000;-10;mq;mq;mq;mq;0.000000;0.000000;mq;mq;mq;710.000000;1102.000000;mq;mq;mq;mq;mq;mq;mq;mq;mq;mq;mq;mq;mq;mq;
07761;20110926030000;101990;-50;6;50;3.100000;290.950000;287.450000;80;30000;0;mq;mq;100;mq;mq;mq;mq;mq;101880;mq;mq;mq;mq;mq;mq;mq;mq;mq;mq;mq;4.600000;-10;mq;mq;mq;mq;0.000000;0.000000;mq;mq;mq;710.000000;1105.000000;mq;mq;mq;mq;mq;mq;mq;mq;mq;mq;mq;mq;mq;mq;
07790;20110926030000;101980;-40;5;220;2.100000;291.150000;288.050000;82;15000;2;1;1;90;7;3500;30;23;60;101840;mq;mq;mq;mq;mq;mq;mq;mq;mq;mq;mq;2.100000;-10;mq;mq;0.000000;-30;0.000000;0.000000;mq;mq;mq;710.000000;1102.000000;3100.000000;mq;5;3;3600;5;3;5700;mq;mq;mq;mq;mq;mq;
61970;20110926030000;101870;mq;mq;mq;mq;297.950000;294.650000;82;mq;mq;mq;mq;mq;mq;mq;mq;mq;mq;mq;mq;mq;160;mq;mq;mq;mq;mq;mq;mq;mq;mq;mq;mq;mq;mq;mq;0.000000;0.000000;mq;mq;mq;mq;mq;mq;mq;mq;mq;mq;mq;mq;mq;mq;mq;mq;mq;mq;mq;
61972;20110926030000;102040;mq;mq;170;4.600000;294.650000;290.850000;79;mq;mq;mq;mq;mq;mq;mq;mq;mq;mq;mq;mq;mq;mq;mq;mq;mq;mq;mq;mq;mq;mq;9.300000;-10;mq;mq;mq;mq;0.000000;0.000000;mq;mq;mq;710.000000;1109.000000;mq;mq;mq;mq;mq;mq;mq;mq;mq;mq;mq;mq;mq;mq;
61976;20110926030000;101910;mq;mq;130;10.300000;297.050000;292.950000;78;mq;mq;mq;mq;mq;mq;mq;mq;mq;mq;101760;mq;mq;mq;mq;mq;mq;mq;mq;mq;mq;mq;mq;mq;mq;mq;mq;mq;mq;mq;mq;mq;mq;mq;mq;mq;mq;mq;mq;mq;mq;mq;mq;mq;mq;mq;mq;mq;mq;
61980;20110926030000;102230;mq;mq;130;7.200000;294.850000;291.450000;81;10000;15;2;2;60;5;800;38;23;10;mq;mq;mq;180;mq;mq;mq;mq;mq;mq;mq;mq;10.300000;-10;mq;mq;mq;mq;0.000000;0.200000;mq;mq;mq;710.000000;1110.000000;2437.000000;mq;3;8;630;3;6;1290;mq;mq;mq;mq;mq;mq;
61997;20110926030000;101710;mq;mq;270;13.400000;279.750000;276.750000;81;mq;mq;mq;mq;mq;mq;mq;mq;mq;mq;mq;mq;mq;mq;mq;mq;mq;mq;mq;mq;mq;mq;24.700000;-30;mq;mq;mq;mq;mq;1.000000;mq;mq;mq;1125.000000;mq;mq;mq;mq;mq;mq;mq;mq;mq;mq;mq;mq;mq;mq;mq;
61998;20110926030000;100930;mq;mq;300;7.700000;274.650000;268.950000;66;25000;2;1;1;75;3;800;35;20;16;mq;mq;mq;360;mq;mq;mq;mq;mq;mq;mq;mq;12.900000;-10;mq;mq;mq;mq;0.000000;0.000000;mq;mq;mq;710.000000;1113.000000;mq;mq;3;6;690;6;2;7500;mq;mq;mq;mq;mq;mq;
67005;20110926030000;101710;mq;mq;0;0.500000;297.250000;295.650000;91;20000;2;1;1;75;3;800;38;27;11;mq;mq;mq;60;mq;mq;mq;mq;mq;mq;mq;mq;2.600000;-10;mq;mq;mq;mq;0.000000;0.000000;mq;mq;mq;710.000000;1103.000000;mq;mq;3;8;600;6;3;3000;mq;mq;mq;mq;mq;mq;
71805;20110926030000;100370;40;0;290;8.200000;286.750000;284.750000;88;19000;0;mq;mq;mq;mq;mq;mq;mq;mq;100290;mq;mq;mq;mq;mq;mq;mq;mq;mq;mq;mq;13.400000;-10;mq;mq;mq;mq;0.000000;0.000000;mq;mq;mq;710.000000;1113.000000;mq;mq;mq;mq;mq;mq;mq;mq;mq;mq;mq;mq;mq;mq;
78897;20110926030000;101290;10;0;240;1.000000;298.850000;297.450000;92;50000;0;mq;mq;mq;mq;mq;mq;mq;mq;mq;mq;mq;mq;mq;mq;mq;mq;mq;mq;mq;mq;mq;mq;mq;mq;mq;mq;mq;mq;mq;mq;mq;mq;mq;mq;mq;mq;mq;mq;mq;mq;mq;mq;mq;mq;mq;mq;mq;
78922;20110926030000;101380;60;0;260;1.500000;300.250000;296.950000;82;mq;mq;mq;mq;mq;mq;mq;mq;mq;mq;100940;mq;mq;mq;mq;mq;mq;mq;mq;mq;mq;mq;mq;mq;mq;mq;mq;mq;mq;mq;mq;mq;mq;mq;mq;mq;mq;mq;mq;mq;mq;mq;mq;mq;mq;mq;mq;mq;mq;
78925;20110926030000;101390;80;1;110;1.000000;298.650000;297.450000;93;25000;2;1;1;25;1;800;32;20;11;mq;mq;mq;10;mq;mq;mq;mq;mq;mq;mq;mq;mq;mq;mq;mq;mq;mq;mq;mq;mq;mq;mq;mq;mq;mq;mq;1;8;900;mq;mq;mq;mq;mq;mq;mq;mq;mq;
81401;20110926030000;101250;mq;mq;0;0.000000;299.150000;297.550000;91;mq;mq;mq;mq;mq;mq;mq;mq;mq;mq;101190;mq;mq;mq;mq;mq;mq;mq;mq;mq;mq;mq;mq;mq;mq;mq;mq;mq;mq;0.000000;mq;mq;mq;mq;mq;mq;mq;mq;mq;mq;mq;mq;mq;mq;mq;mq;mq;mq;mq;
81405;20110926030000;101280;mq;mq;0;0.000000;297.250000;296.750000;97;23000;0;mq;mq;mq;mq;mq;mq;mq;mq;101190;mq;mq;mq;mq;mq;mq;mq;mq;mq;mq;mq;mq;mq;mq;mq;mq;mq;mq;0.000000;mq;mq;mq;mq;mq;mq;mq;mq;mq;mq;mq;mq;mq;mq;mq;mq;mq;mq;mq;
81408;20110926030000;101260;mq;mq;0;0.000000;297.050000;296.350000;96;mq;mq;mq;mq;mq;mq;mq;mq;mq;mq;101180;mq;mq;mq;mq;mq;mq;mq;mq;mq;mq;mq;mq;mq;mq;mq;mq;mq;mq;0.000000;mq;mq;mq;mq;mq;mq;mq;mq;mq;mq;mq;mq;mq;mq;mq;mq;mq;mq;mq;
89642;20110926030000;97430;390;3;270;4.100000;257.450000;255.050000;80;40000;1;3;0;10;1;450;31;20;11;96880;mq;mq;mq;mq;mq;mq;mq;mq;mq;mq;mq;34.500000;-30;mq;mq;mq;mq;mq;mq;mq;mq;mq;1134.000000;mq;mq;mq;1;8;390;mq;mq;mq;mq;mq;mq;mq;mq;mq;
07005;20110926060000;102080;90;2;160;3.100000;287.750000;285.750000;88;40000;2;1;1;90;3;3500;30;23;12;101190;mq;mq;mq;287.450000;mq;290.750000;mq;285.150000;mq;mq;mq;4.100000;-10;0;0.000000;mq;mq;0.000000;0.000000;mq;0.000000;0.000000;710.000000;1104.000000;mq;mq;3;3;3000;6;0;7500;mq;mq;mq;mq;mq;mq;
07015;20110926060000;102070;80;2;160;1.000000;286.850000;285.450000;91;7000;2;mq;mq;60;0;8000;30;20;11;101500;mq;mq;mq;286.550000;mq;294.750000;mq;284.150000;mq;mq;mq;3.100000;-10;0;0.000000;0.000000;-60;0.000000;0.200000;mq;0.200000;0.200000;710.000000;1103.000000;3100.000000;mq;5;0;6900;mq;mq;mq;mq;mq;mq;mq;mq;mq;
07020;20110926060000;101960;140;3;210;7.700000;290.150000;289.050000;93;mq;mq;mq;mq;mq;mq;mq;mq;mq;mq;101700;mq;mq;mq;289.850000;mq;292.250000;mq;mq;mq;mq;mq;11.800000;-10;mq;mq;mq;mq;0.000000;0.000000;mq;0.400000;0.400000;710.000000;1112.000000;mq;mq;mq;mq;mq;mq;mq;mq;mq;mq;mq;mq;mq;mq;
07027;20110926060000;102100;130;3;140;2.600000;286.450000;285.050000;91;25000;2;1;1;75;1;1750;35;23;11;101290;mq;mq;mq;286.350000;mq;291.350000;mq;283.150000;mq;mq;mq;5.100000;-10;0;0.000000;0.000000;-60;0.000000;0.000000;mq;0.000000;0.200000;710.000000;1105.000000;3100.000000;mq;1;6;1500;4;3;3600;5;0;6900;mq;mq;mq;
07037;20110926060000;102160;100;3;170;2.100000;285.850000;285.650000;99;8000;2;1;1;75;2;1750;35;20;11;100340;mq;mq;mq;285.350000;mq;291.750000;mq;281.150000;mq;mq;mq;3.100000;-10;1;0.000000;0.000000;-60;0.000000;0.000000;mq;0.000000;0.000000;710.000000;1103.000000;3100.000000;mq;2;6;1500;5;0;7200;mq;mq;mq;mq;mq;mq;
07110;20110926060000;101920;130;1;210;4.600000;289.850000;289.350000;97;1800;63;6;2;100;8;80;37;61;60;100790;mq;mq;mq;288.750000;mq;290.150000;mq;288.150000;mq;mq;mq;8.200000;-10;2;0.000000;0.000000;-60;2.000000;2.000000;mq;3.000000;3.800000;710.000000;1108.000000;3100.000000;mq;8;7;90;mq;mq;mq;mq;mq;mq;mq;mq;mq;
07117;20110926060000;101930;170;2;230;3.600000;290.250000;289.250000;94;18000;2;1;1;100;8;3500;30;22;60;101240;mq;mq;mq;289.450000;mq;291.550000;mq;mq;mq;mq;mq;7.700000;-10;mq;mq;mq;mq;0.400000;0.400000;mq;0.400000;mq;710.000000;1108.000000;2437.000000;mq;mq;mq;mq;mq;mq;mq;mq;mq;mq;mq;mq;mq;
07130;20110926060000;102180;120;3;130;1.500000;288.050000;287.750000;98;7000;0;mq;mq;75;mq;450;mq;mq;mq;101660;mq;mq;mq;287.850000;mq;291.550000;mq;285.150000;mq;mq;mq;3.100000;-10;mq;mq;mq;mq;0.000000;0.000000;mq;0.000000;0.200000;710.000000;1103.000000;mq;mq;mq;mq;mq;mq;mq;mq;mq;mq;mq;mq;mq;mq;
07139;20110926060000;102240;120;3;220;1.500000;286.350000;285.550000;95;200;46;4;1;100;8;30;36;61;60;100510;mq;mq;mq;283.450000;mq;293.050000;mq;280.150000;mq;mq;mq;2.600000;-10;1;0.000000;0.000000;-60;0.200000;0.200000;mq;0.200000;0.200000;710.000000;1103.000000;3100.000000;mq;8;7;30;mq;mq;mq;mq;mq;mq;mq;mq;mq;
07149;20110926060000;102250;100;3;170;0.500000;286.850000;286.250000;96;15000;11;1;1;60;0;8000;30;20;11;101170;mq;mq;mq;286.150000;mq;294.650000;mq;282.150000;mq;mq;mq;2.100000;-10;0;0.000000;0.000000;-60;0.000000;0.200000;mq;0.200000;0.200000;710.000000;1102.000000;3100.000000;mq;5;0;7500;mq;mq;mq;mq;mq;mq;mq;mq;mq;
07168;20110926060000;102360;110;3;160;1.500000;283.450000;282.850000;96;15000;2;1;1;40;0;8000;30;20;12;100920;mq;mq;mq;283.050000;mq;291.850000;mq;281.150000;mq;mq;mq;2.100000;-10;0;0.000000;0.000000;-60;0.000000;0.000000;mq;0.000000;0.000000;710.000000;1102.000000;3100.000000;mq;3;0;7500;mq;mq;mq;mq;mq;mq;mq;mq;mq;
07181;20110926060000;102390;110;3;150;2.600000;286.650000;285.850000;95;19000;0;mq;mq;mq;mq;mq;mq;mq;mq;98330;mq;mq;mq;285.550000;mq;293.050000;mq;282.150000;mq;mq;mq;3.100000;-10;mq;mq;mq;mq;0.000000;0.000000;mq;0.000000;0.000000;710.000000;1103.000000;mq;mq;mq;mq;mq;mq;mq;mq;mq;mq;mq;mq;mq;mq;
07190;20110926060000;102470;160;3;270;0.500000;283.650000;283.050000;96;2000;10;mq;mq;mq;mq;80;mq;mq;mq;100640;mq;mq;mq;283.250000;mq;292.350000;mq;280.150000;mq;mq;mq;1.000000;-10;0;0.000000;mq;mq;0.000000;0.000000;mq;0.200000;0.200000;710.000000;1101.000000;mq;mq;mq;mq;mq;mq;mq;mq;mq;mq;mq;mq;mq;mq;
07207;20110926060000;mq;mq;mq;210;5.100000;290.850000;289.850000;94;10000;2;1;1;75;6;3500;30;27;19;mq;mq;mq;mq;290.350000;mq;290.950000;mq;mq;mq;mq;mq;7.200000;-10;mq;mq;mq;mq;0.000000;0.000000;mq;0.200000;mq;710.000000;1107.000000;2437.000000;mq;mq;mq;mq;mq;mq;mq;mq;mq;mq;mq;mq;mq;
07222;20110926060000;102180;90;3;170;1.000000;286.350000;286.050000;98;300;41;4;1;40;3;30;36;20;10;101870;mq;mq;mq;285.950000;mq;291.250000;mq;282.150000;mq;mq;mq;2.600000;-10;1;0.000000;mq;mq;0.000000;0.000000;mq;0.200000;0.400000;710.000000;1103.000000;mq;mq;3;7;30;mq;mq;mq;mq;mq;mq;mq;mq;mq;
07240;20110926060000;102280;90;3;0;0.000000;285.950000;285.350000;96;8000;2;mq;mq;50;0;8000;30;20;12;100930;mq;mq;mq;285.750000;mq;294.750000;mq;283.150000;mq;mq;mq;1.500000;-10;0;0.000000;0.000000;-60;0.000000;0.000000;mq;0.000000;0.000000;710.000000;1102.000000;3100.000000;mq;4;0;7500;mq;mq;mq;mq;mq;mq;mq;mq;mq;
07255;20110926060000;102370;100;3;120;1.500000;285.450000;285.150000;98;4000;11;0;0;50;0;8000;30;20;12;100370;mq;mq;mq;285.450000;mq;296.150000;mq;281.150000;mq;mq;mq;2.100000;-10;0;0.000000;0.000000;-60;0.000000;0.000000;mq;0.000000;0.000000;710.000000;1102.000000;3100.000000;mq;4;0;6900;mq;mq;mq;mq;mq;mq;mq;mq;mq;
07280;20110926060000;102420;120;2;320;0.500000;284.350000;283.750000;96;1500;10;mq;mq;mq;mq;mq;mq;mq;mq;99690;mq;mq;mq;284.050000;mq;293.550000;mq;280.150000;mq;mq;mq;0.500000;-10;0;0.000000;mq;mq;0.000000;0.000000;mq;0.000000;0.000000;710.000000;1101.000000;mq;mq;mq;mq;mq;mq;mq;mq;mq;mq;mq;mq;mq;mq;
07299;20110926060000;102470;140;3;180;2.100000;284.750000;284.250000;97;9000;2;1;1;0;mq;mq;mq;mq;mq;99200;mq;mq;mq;283.050000;mq;289.750000;mq;280.150000;mq;mq;mq;3.100000;-10;0;0.000000;0.000000;-60;0.000000;0.000000;mq;0.200000;0.200000;710.000000;1103.000000;3100.000000;mq;mq;mq;mq;mq;mq;mq;mq;mq;mq;mq;mq;mq;
07314;20110926060000;102200;60;3;90;2.600000;290.550000;290.250000;98;5000;2;1;1;90;5;3500;30;25;14;101930;mq;mq;mq;290.250000;mq;292.750000;mq;mq;mq;mq;mq;4.100000;-10;0;0.000000;mq;mq;0.000000;0.000000;mq;0.200000;0.200000;710.000000;1104.000000;2426.000000;mq;5;3;2400;3;0;4800;mq;mq;mq;mq;mq;mq;
07335;20110926060000;102300;80;3;0;0.000000;284.750000;284.250000;97;20000;11;0;0;40;0;8000;30;20;12;100850;mq;mq;mq;284.250000;mq;294.650000;mq;282.150000;mq;mq;mq;1.000000;-10;0;0.000000;mq;mq;0.000000;0.000000;mq;0.000000;0.000000;710.000000;1101.000000;mq;mq;3;0;7800;mq;mq;mq;mq;mq;mq;mq;mq;mq;
07434;20110926060000;102350;80;2;60;1.500000;287.050000;285.650000;91;25000;2;1;1;60;0;8000;30;20;14;97610;mq;mq;mq;286.450000;mq;293.050000;mq;285.150000;mq;mq;mq;3.100000;-10;0;0.000000;0.000000;-60;0.000000;0.000000;mq;0.000000;0.200000;710.000000;1103.000000;3100.000000;mq;5;0;7800;mq;mq;mq;mq;mq;mq;mq;mq;mq;
07460;20110926060000;102420;130;2;20;1.500000;286.250000;284.350000;88;20000;3;mq;mq;10;1;1250;35;20;10;98550;mq;mq;mq;286.150000;mq;295.550000;mq;285.150000;mq;mq;mq;2.100000;-10;0;0.000000;0.000000;-60;0.000000;0.000000;mq;0.000000;0.000000;710.000000;1102.000000;3100.000000;mq;1;6;1200;mq;mq;mq;mq;mq;mq;mq;mq;mq;
07471;20110926060000;mq;90;2;0;0.000000;280.050000;279.750000;98;60000;2;1;1;0;mq;mq;mq;mq;mq;92880;85000;18310;mq;279.850000;mq;290.150000;mq;277.150000;mq;mq;mq;0.500000;-10;1;0.000000;0.000000;-60;0.000000;0.000000;mq;0.000000;0.000000;710.000000;1101.000000;3100.000000;mq;mq;mq;mq;mq;mq;mq;mq;mq;mq;mq;mq;mq;
07481;20110926060000;102390;120;3;190;0.500000;286.450000;284.850000;90;10000;2;1;1;0;mq;mq;mq;mq;mq;99530;mq;mq;mq;286.350000;mq;296.250000;mq;283.150000;mq;mq;mq;2.100000;-10;0;0.000000;0.000000;-60;0.000000;0.000000;mq;0.000000;0.000000;710.000000;1102.000000;3100.000000;mq;mq;mq;mq;mq;mq;mq;mq;mq;mq;mq;mq;mq;
07510;20110926060000;102180;70;1;100;2.100000;287.450000;287.450000;100;9000;11;1;1;60;0;mq;30;20;11;101530;mq;mq;mq;287.050000;mq;296.650000;mq;284.150000;mq;mq;mq;2.600000;-10;0;0.000000;0.000000;-60;0.000000;0.200000;mq;0.200000;0.200000;710.000000;1103.000000;3100.000000;mq;5;0;7800;mq;mq;mq;mq;mq;mq;mq;mq;mq;
07535;20110926060000;102340;110;2;100;1.500000;286.450000;284.650000;89;10000;2;1;1;10;0;8000;30;20;11;99230;mq;mq;mq;285.450000;mq;294.950000;mq;283.150000;mq;mq;mq;4.100000;-10;1;0.000000;0.000000;-60;0.000000;0.000000;mq;0.000000;0.000000;710.000000;1104.000000;3100.000000;mq;1;0;6900;mq;mq;mq;mq;mq;mq;mq;mq;mq;
07558;20110926060000;102410;80;3;30;1.500000;285.650000;284.050000;90;30000;2;1;1;0;mq;mq;mq;mq;mq;94120;mq;mq;mq;285.350000;mq;292.050000;mq;284.150000;mq;mq;mq;4.100000;-10;0;0.000000;0.000000;-60;0.000000;0.000000;mq;0.000000;0.000000;710.000000;1104.000000;3100.000000;mq;mq;mq;mq;mq;mq;mq;mq;mq;mq;mq;mq;mq;
07577;20110926060000;102330;80;3;10;1.500000;287.550000;286.250000;92;15000;2;1;1;0;mq;mq;mq;mq;mq;101440;mq;mq;mq;285.050000;mq;294.150000;mq;283.150000;mq;mq;mq;4.100000;-10;0;0.000000;0.000000;-60;0.200000;0.200000;mq;0.200000;0.200000;710.000000;1104.000000;3100.000000;mq;mq;mq;mq;mq;mq;mq;mq;mq;mq;mq;mq;mq;
07591;20110926060000;mq;120;3;30;4.100000;284.750000;280.050000;73;mq;0;mq;mq;mq;mq;mq;mq;mq;mq;92460;mq;mq;mq;284.550000;mq;289.550000;mq;282.150000;mq;mq;mq;7.700000;-10;mq;mq;mq;mq;0.000000;0.000000;mq;0.000000;0.000000;710.000000;1108.000000;mq;mq;mq;mq;mq;mq;mq;mq;mq;mq;mq;mq;mq;mq;
07607;20110926060000;102210;110;3;80;1.000000;284.850000;284.250000;96;12000;0;mq;mq;mq;mq;mq;mq;mq;mq;101490;mq;mq;mq;284.350000;mq;296.750000;mq;281.150000;mq;mq;mq;2.600000;-10;mq;mq;mq;mq;0.000000;0.200000;mq;0.200000;0.200000;710.000000;1103.000000;mq;mq;mq;mq;mq;mq;mq;mq;mq;mq;mq;mq;mq;mq;
07621;20110926060000;102240;90;3;180;2.600000;286.550000;282.750000;78;40000;3;mq;mq;10;0;8000;30;20;12;97940;mq;mq;mq;286.450000;mq;292.850000;mq;281.150000;mq;mq;mq;3.600000;-10;0;0.000000;0.000000;-60;0.000000;0.000000;mq;0.000000;0.000000;710.000000;1104.000000;3100.000000;mq;1;0;7500;mq;mq;mq;mq;mq;mq;mq;mq;mq;
07627;20110926060000;102270;50;3;150;3.100000;287.050000;283.650000;80;30000;11;0;0;0;mq;mq;mq;mq;mq;97440;mq;mq;mq;284.750000;mq;291.050000;mq;281.150000;mq;mq;mq;5.700000;-10;0;0.000000;0.000000;-60;0.000000;0.000000;mq;0.000000;0.000000;710.000000;1106.000000;3100.000000;mq;mq;mq;mq;mq;mq;mq;mq;mq;mq;mq;mq;mq;
07630;20110926060000;102290;90;3;190;1.500000;286.650000;285.250000;91;25000;2;1;1;10;0;8000;30;20;11;100490;mq;mq;mq;286.450000;mq;298.350000;mq;282.150000;mq;mq;mq;1.500000;-10;0;0.000000;0.000000;-60;0.000000;0.000000;mq;0.000000;0.000000;710.000000;1102.000000;3100.000000;mq;1;0;7800;mq;mq;mq;mq;mq;mq;mq;mq;mq;
07643;20110926060000;102290;120;1;10;0.500000;288.150000;286.650000;91;9000;2;1;1;0;mq;mq;mq;mq;mq;102190;mq;mq;mq;287.850000;mq;294.150000;mq;287.150000;mq;mq;mq;1.500000;-10;0;0.000000;mq;mq;0.000000;0.000000;mq;0.000000;0.000000;710.000000;1102.000000;mq;mq;mq;mq;mq;mq;mq;mq;mq;mq;mq;mq;mq;mq;
07650;20110926060000;102220;80;2;150;1.000000;289.950000;287.550000;86;10000;2;1;1;0;mq;mq;mq;mq;mq;101840;mq;mq;mq;289.050000;mq;294.850000;mq;286.150000;mq;mq;mq;3.600000;-10;0;0.000000;0.000000;-60;0.000000;0.000000;mq;0.000000;0.000000;710.000000;1104.000000;3100.000000;mq;mq;mq;mq;mq;mq;mq;mq;mq;mq;mq;mq;mq;
07661;20110926060000;102160;90;3;0;0.000000;292.650000;287.050000;70;15000;2;1;1;50;4;2250;30;22;10;100590;mq;mq;mq;291.250000;mq;293.650000;mq;mq;mq;mq;mq;2.600000;-10;mq;mq;mq;mq;0.000000;0.000000;mq;0.000000;0.000000;710.000000;1103.000000;mq;mq;3;4;1800;mq;mq;mq;mq;mq;mq;mq;mq;mq;
07690;20110926060000;102160;60;2;340;4.100000;292.150000;284.750000;62;30000;2;1;1;10;1;2600;35;20;10;101830;mq;mq;mq;291.750000;mq;294.450000;mq;291.150000;mq;mq;mq;7.200000;-10;0;0.000000;0.000000;-60;0.000000;0.000000;mq;0.000000;0.000000;710.000000;1107.000000;3100.000000;mq;1;6;2400;mq;mq;mq;mq;mq;mq;mq;mq;mq;
07747;20110926060000;102280;90;3;0;0.000000;287.350000;285.050000;86;30000;2;1;1;10;1;250;36;20;10;101750;mq;mq;mq;287.050000;mq;294.850000;mq;284.150000;mq;mq;mq;2.100000;-10;0;0.000000;0.000000;-60;0.000000;0.000000;mq;0.000000;0.000000;710.000000;1102.000000;3100.000000;mq;1;7;240;mq;mq;mq;mq;mq;mq;mq;mq;mq;
07761;20110926060000;102080;90;3;50;2.600000;290.950000;287.650000;81;30000;2;1;1;40;1;800;31;23;11;101970;mq;mq;mq;290.250000;mq;296.050000;mq;290.150000;mq;mq;mq;3.600000;-10;0;0.000000;0.000000;-60;0.000000;0.000000;mq;0.000000;0.000000;710.000000;1104.000000;3100.000000;mq;1;8;690;3;3;4800;mq;mq;mq;mq;mq;mq;
07790;20110926060000;102060;80;3;210;2.100000;290.850000;288.150000;84;17000;2;1;1;40;3;3500;30;23;10;101920;mq;mq;mq;290.250000;mq;294.350000;mq;288.150000;mq;mq;mq;3.100000;-10;0;0.000000;0.000000;-60;0.000000;0.000000;mq;0.000000;0.200000;710.000000;1103.000000;3100.000000;mq;3;3;4800;mq;mq;mq;mq;mq;mq;mq;mq;mq;
61968;20110926060000;101820;mq;mq;90;5.100000;301.350000;291.150000;54;mq;mq;mq;mq;mq;mq;mq;mq;mq;mq;mq;mq;mq;mq;297.350000;mq;mq;mq;mq;mq;mq;mq;9.300000;-10;mq;mq;mq;mq;0.000000;mq;mq;mq;0.000000;710.000000;1109.000000;mq;mq;mq;mq;mq;mq;mq;mq;mq;mq;mq;mq;mq;mq;
61970;20110926060000;101990;mq;mq;mq;mq;300.750000;294.750000;70;mq;mq;mq;mq;mq;mq;mq;mq;mq;mq;mq;mq;mq;mq;297.550000;mq;mq;mq;mq;mq;mq;mq;mq;mq;mq;mq;mq;mq;0.000000;mq;mq;mq;0.000000;mq;mq;mq;mq;mq;mq;mq;mq;mq;mq;mq;mq;mq;mq;mq;mq;
61972;20110926060000;102080;mq;mq;180;7.700000;297.850000;291.550000;68;mq;mq;mq;mq;mq;mq;mq;mq;mq;mq;mq;mq;mq;mq;294.550000;mq;mq;mq;mq;mq;mq;mq;12.300000;-10;mq;mq;mq;mq;0.000000;mq;mq;mq;0.000000;710.000000;1112.000000;mq;mq;mq;mq;mq;mq;mq;mq;mq;mq;mq;mq;mq;mq;
61976;20110926060000;101970;mq;mq;130;11.300000;299.550000;293.650000;70;mq;mq;mq;mq;mq;mq;mq;mq;mq;mq;101820;mq;mq;80;mq;mq;mq;mq;mq;mq;mq;mq;mq;mq;mq;mq;mq;mq;mq;mq;mq;mq;mq;mq;mq;mq;mq;mq;mq;mq;mq;mq;mq;mq;mq;mq;mq;mq;mq;
61980;20110926060000;102320;mq;mq;130;8.700000;294.750000;292.850000;89;10000;80;8;2;90;7;450;38;27;60;mq;mq;mq;mq;293.450000;mq;mq;mq;292.150000;mq;mq;mq;12.900000;-10;mq;mq;mq;mq;8.000000;mq;mq;mq;8.000000;710.000000;1113.000000;2437.000000;mq;2;8;390;3;8;600;5;6;1290;mq;mq;mq;
61997;20110926060000;101720;mq;mq;290;14.400000;280.550000;276.950000;78;mq;mq;mq;mq;mq;mq;mq;mq;mq;mq;mq;mq;mq;mq;276.050000;mq;mq;mq;275.150000;mq;mq;mq;24.700000;-60;mq;mq;mq;mq;mq;mq;mq;mq;9.000000;1125.000000;mq;mq;mq;mq;mq;mq;mq;mq;mq;mq;mq;mq;mq;mq;mq;
61998;20110926060000;100600;mq;mq;310;14.400000;278.050000;274.550000;78;25000;60;6;2;75;4;800;35;20;12;mq;mq;mq;mq;272.250000;mq;mq;mq;271.150000;mq;mq;mq;19.500000;-10;mq;mq;mq;mq;0.000000;mq;mq;mq;0.200000;710.000000;1120.000000;mq;mq;4;6;690;5;0;7500;mq;mq;mq;mq;mq;mq;
67005;20110926060000;101830;mq;mq;70;2.100000;299.350000;294.750000;76;6000;25;8;2;60;4;800;38;27;11;mq;mq;mq;mq;296.550000;mq;mq;mq;295.150000;mq;mq;mq;5.100000;-10;mq;mq;mq;mq;0.400000;mq;mq;mq;0.400000;710.000000;1105.000000;mq;mq;4;8;600;5;3;3000;mq;mq;mq;mq;mq;mq;
71805;20110926060000;100310;-60;6;280;6.200000;285.750000;284.450000;92;19000;0;mq;mq;mq;mq;mq;mq;mq;mq;100230;mq;mq;mq;mq;285.650000;mq;290.750000;285.150000;mq;mq;mq;9.800000;-10;mq;mq;mq;mq;0.000000;0.000000;mq;0.000000;0.000000;710.000000;1110.000000;mq;mq;mq;mq;mq;mq;mq;mq;mq;mq;mq;mq;mq;mq;
78897;20110926060000;101110;-180;6;320;1.500000;298.150000;296.750000;92;25000;2;1;1;25;1;800;32;20;11;mq;mq;mq;10;mq;296.950000;mq;305.250000;275.150000;mq;mq;mq;mq;mq;mq;mq;mq;mq;mq;mq;0.000000;mq;0.200000;mq;mq;mq;mq;1;8;690;mq;mq;mq;mq;mq;mq;mq;mq;mq;
78922;20110926060000;101170;-210;6;230;2.600000;299.150000;297.050000;88;mq;mq;mq;mq;mq;mq;mq;mq;mq;mq;100730;mq;mq;mq;mq;mq;mq;mq;mq;mq;mq;mq;mq;mq;mq;mq;mq;mq;mq;mq;mq;mq;mq;mq;mq;mq;mq;mq;mq;mq;mq;mq;mq;mq;mq;mq;mq;mq;mq;
78925;20110926060000;101180;-210;7;80;1.500000;297.750000;297.450000;98;28000;0;mq;mq;mq;mq;mq;mq;mq;mq;mq;mq;mq;40;mq;296.750000;mq;306.450000;mq;mq;mq;mq;mq;mq;mq;mq;mq;mq;mq;mq;0.000000;mq;0.200000;mq;mq;mq;mq;mq;mq;mq;mq;mq;mq;mq;mq;mq;mq;mq;mq;
81401;20110926060000;101150;mq;mq;0;0.000000;297.750000;296.750000;94;mq;mq;mq;mq;mq;mq;mq;mq;mq;mq;101090;mq;mq;mq;mq;mq;mq;mq;mq;mq;mq;mq;mq;mq;mq;mq;mq;mq;mq;0.000000;0.000000;mq;mq;mq;mq;mq;mq;mq;mq;mq;mq;mq;mq;mq;mq;mq;mq;mq;mq;
81405;20110926060000;101160;mq;mq;0;0.000000;296.450000;296.150000;98;21000;0;mq;mq;mq;mq;450;mq;mq;mq;101070;mq;mq;mq;mq;mq;mq;mq;295.150000;mq;mq;mq;mq;mq;mq;mq;mq;mq;mq;0.000000;0.000000;mq;mq;mq;mq;mq;mq;mq;mq;mq;mq;mq;mq;mq;mq;mq;mq;mq;mq;
81408;20110926060000;101150;mq;mq;0;0.000000;296.250000;295.750000;97;mq;mq;mq;mq;mq;mq;mq;mq;mq;mq;101070;mq;mq;mq;mq;mq;mq;mq;mq;mq;mq;mq;mq;mq;mq;mq;mq;mq;mq;0.000000;0.000000;mq;mq;mq;mq;mq;mq;mq;mq;mq;mq;mq;mq;mq;mq;mq;mq;mq;mq;
89642;20110926060000;97520;80;1;150;6.200000;256.050000;253.550000;79;40000;3;3;0;25;2;450;38;20;10;96960;mq;mq;mq;mq;mq;mq;mq;274.150000;mq;mq;mq;34.500000;-60;mq;mq;mq;mq;mq;mq;mq;mq;mq;1134.000000;mq;mq;mq;1;8;480;mq;mq;mq;mq;mq;mq;mq;mq;mq;
07005;20110926090000;102250;180;1;220;2.600000;291.850000;286.650000;72;40000;2;1;1;60;1;1750;35;23;12;101370;mq;mq;mq;mq;mq;mq;mq;mq;mq;mq;mq;4.600000;-10;mq;mq;0.000000;-30;0.000000;0.000000;mq;mq;mq;710.000000;1105.000000;3100.000000;mq;1;6;1500;4;0;7500;mq;mq;mq;mq;mq;mq;
07015;20110926090000;102240;180;1;240;5.100000;292.350000;287.150000;72;15000;2;1;1;25;1;3500;30;23;12;101680;mq;mq;mq;mq;mq;mq;mq;mq;mq;mq;mq;7.700000;-10;mq;mq;0.000000;-30;0.000000;0.000000;mq;mq;mq;710.000000;1108.000000;3100.000000;mq;1;3;3300;mq;mq;mq;mq;mq;mq;mq;mq;mq;
07020;20110926090000;102190;230;3;220;4.600000;290.550000;289.950000;96;mq;mq;mq;mq;mq;mq;mq;mq;mq;mq;101930;mq;mq;mq;mq;mq;mq;mq;mq;mq;mq;mq;10.800000;-10;mq;mq;mq;mq;0.000000;0.000000;mq;mq;mq;710.000000;1111.000000;mq;mq;mq;mq;mq;mq;mq;mq;mq;mq;mq;mq;mq;mq;
07027;20110926090000;102240;160;2;230;5.700000;292.850000;288.950000;78;30000;2;1;1;90;3;2250;35;23;11;101450;mq;mq;mq;mq;mq;mq;mq;mq;mq;mq;mq;8.700000;-10;mq;mq;0.000000;-30;0.000000;0.000000;mq;mq;mq;710.000000;1109.000000;3100.000000;mq;3;6;2400;5;3;3600;mq;mq;mq;mq;mq;mq;
07037;20110926090000;102310;180;1;200;3.600000;291.450000;286.750000;74;20000;2;1;1;50;3;800;38;20;11;100520;mq;mq;mq;mq;mq;mq;mq;mq;mq;mq;mq;5.100000;-10;mq;mq;0.000000;-30;0.000000;0.200000;mq;mq;mq;710.000000;1105.000000;3100.000000;mq;1;8;690;3;6;1200;mq;mq;mq;mq;mq;mq;
07110;20110926090000;102130;210;1;210;5.100000;290.050000;289.550000;97;2500;28;6;5;100;8;30;36;61;60;101000;mq;mq;mq;mq;mq;mq;mq;mq;mq;mq;mq;8.200000;-10;mq;mq;0.000000;-30;0.000000;0.800000;mq;mq;mq;710.000000;1108.000000;3100.000000;mq;8;7;30;mq;mq;mq;mq;mq;mq;mq;mq;mq;
07117;20110926090000;102140;210;2;250;1.500000;289.850000;289.250000;96;6000;52;2;2;75;6;450;35;22;60;101450;mq;mq;mq;mq;mq;mq;mq;mq;mq;mq;mq;5.700000;-10;mq;mq;mq;mq;0.400000;1.000000;mq;mq;mq;710.000000;1106.000000;2436.000000;mq;mq;mq;mq;mq;mq;mq;mq;mq;mq;mq;mq;mq;
07130;20110926090000;102330;160;3;200;2.100000;291.550000;289.350000;87;12000;0;mq;mq;100;mq;250;mq;mq;mq;101820;mq;mq;mq;mq;mq;mq;mq;mq;mq;mq;mq;4.600000;-10;mq;mq;mq;mq;0.000000;0.000000;mq;mq;mq;710.000000;1105.000000;mq;mq;mq;mq;mq;mq;mq;mq;mq;mq;mq;mq;mq;mq;
07139;20110926090000;102410;180;3;180;1.000000;288.350000;287.550000;95;4000;10;4;2;90;6;150;36;20;12;100690;mq;mq;mq;mq;mq;mq;mq;mq;mq;mq;mq;2.600000;-10;mq;mq;0.000000;-30;0.000000;0.000000;mq;mq;mq;710.000000;1103.000000;3100.000000;mq;6;6;150;3;0;7500;mq;mq;mq;mq;mq;mq;
07149;20110926090000;102400;170;3;240;2.100000;293.350000;287.950000;71;18000;2;1;1;60;0;8000;30;20;11;101340;mq;mq;mq;mq;mq;mq;mq;mq;mq;mq;mq;4.600000;-10;mq;mq;0.000000;-30;0.000000;0.000000;mq;mq;mq;710.000000;1105.000000;3100.000000;mq;5;0;7500;mq;mq;mq;mq;mq;mq;mq;mq;mq;
07168;20110926090000;102430;130;2;140;0.500000;294.650000;288.050000;66;20000;2;1;1;75;0;8000;30;20;11;101050;mq;mq;mq;mq;mq;mq;mq;mq;mq;mq;mq;2.100000;-10;mq;mq;0.000000;-30;0.000000;0.000000;mq;mq;mq;710.000000;1102.000000;3100.000000;mq;6;0;7500;mq;mq;mq;mq;mq;mq;mq;mq;mq;
07181;20110926090000;102370;90;1;180;2.100000;294.250000;289.050000;72;35000;0;mq;mq;mq;mq;mq;mq;mq;mq;98420;mq;mq;mq;mq;mq;mq;mq;mq;mq;mq;mq;3.600000;-10;mq;mq;mq;mq;0.000000;0.000000;mq;mq;mq;710.000000;1104.000000;mq;mq;mq;mq;mq;mq;mq;mq;mq;mq;mq;mq;mq;mq;
07190;20110926090000;102490;70;1;210;1.500000;291.350000;286.650000;74;19000;0;mq;mq;mq;mq;mq;mq;mq;mq;100710;mq;mq;mq;mq;mq;mq;mq;mq;mq;mq;mq;3.100000;-10;mq;mq;mq;mq;0.000000;0.000000;mq;mq;mq;710.000000;1103.000000;mq;mq;mq;mq;mq;mq;mq;mq;mq;mq;mq;mq;mq;mq;
07207;20110926090000;mq;mq;mq;180;2.600000;291.850000;290.350000;91;12000;2;1;1;75;6;3500;30;27;19;mq;mq;mq;mq;mq;mq;mq;mq;mq;mq;mq;mq;3.600000;-10;mq;mq;mq;mq;0.000000;0.000000;mq;mq;mq;710.000000;1104.000000;2437.000000;mq;mq;mq;mq;mq;mq;mq;mq;mq;mq;mq;mq;mq;
07222;20110926090000;102350;170;2;200;1.500000;290.550000;290.350000;99;7000;1;4;1;75;0;8000;30;20;12;102040;mq;mq;mq;mq;mq;mq;mq;mq;mq;mq;mq;2.100000;-10;mq;mq;mq;mq;0.000000;0.000000;mq;mq;mq;710.000000;1102.000000;mq;mq;6;0;6000;mq;mq;mq;mq;mq;mq;mq;mq;mq;
07240;20110926090000;102400;150;3;160;1.000000;292.950000;287.750000;72;26000;0;mq;mq;mq;mq;mq;mq;mq;mq;101080;mq;mq;mq;mq;mq;mq;mq;mq;mq;mq;mq;3.100000;-10;mq;mq;mq;mq;0.000000;0.000000;mq;mq;mq;710.000000;1103.000000;mq;mq;mq;mq;mq;mq;mq;mq;mq;mq;mq;mq;mq;mq;
07255;20110926090000;102440;130;1;110;1.500000;294.350000;287.950000;67;15000;2;1;1;75;0;8000;30;20;11;100500;mq;mq;mq;mq;mq;mq;mq;mq;mq;mq;mq;2.100000;-10;mq;mq;0.000000;-30;0.000000;0.000000;mq;mq;mq;710.000000;1102.000000;3100.000000;mq;6;0;7500;mq;mq;mq;mq;mq;mq;mq;mq;mq;
07280;20110926090000;102450;110;1;90;1.000000;293.150000;287.950000;72;28000;0;mq;mq;mq;mq;mq;mq;mq;mq;99800;mq;mq;mq;mq;mq;mq;mq;mq;mq;mq;mq;2.600000;-10;mq;mq;mq;mq;0.000000;0.000000;mq;mq;mq;710.000000;1103.000000;mq;mq;mq;mq;mq;mq;mq;mq;mq;mq;mq;mq;mq;mq;
07299;20110926090000;102440;60;1;130;2.600000;292.850000;287.450000;71;12000;2;1;1;0;mq;mq;mq;mq;mq;99260;mq;mq;mq;mq;mq;mq;mq;mq;mq;mq;mq;4.600000;-10;mq;mq;0.000000;-30;0.000000;0.000000;mq;mq;mq;710.000000;1105.000000;3100.000000;mq;mq;mq;mq;mq;mq;mq;mq;mq;mq;mq;mq;mq;
07314;20110926090000;102340;140;3;150;2.600000;293.550000;292.750000;95;8000;2;1;1;75;4;3500;30;25;14;102070;mq;mq;mq;mq;mq;mq;mq;mq;mq;mq;mq;4.100000;-10;mq;mq;mq;mq;0.000000;0.000000;mq;mq;mq;710.000000;1104.000000;2426.000000;mq;4;3;2400;3;0;4800;mq;mq;mq;mq;mq;mq;
07335;20110926090000;102400;140;2;180;1.500000;292.750000;287.950000;74;25000;0;mq;mq;mq;mq;mq;mq;mq;mq;100990;mq;mq;mq;mq;mq;mq;mq;mq;mq;mq;mq;3.600000;-10;mq;mq;mq;mq;0.000000;0.200000;mq;mq;mq;710.000000;1104.000000;mq;mq;mq;mq;mq;mq;mq;mq;mq;mq;mq;mq;mq;mq;
07434;20110926090000;102430;140;1;100;2.100000;291.150000;286.650000;75;35000;2;1;1;90;0;8000;30;20;12;97750;mq;mq;mq;mq;mq;mq;mq;mq;mq;mq;mq;3.100000;-10;mq;mq;0.000000;-30;0.000000;0.000000;mq;mq;mq;710.000000;1103.000000;3100.000000;mq;7;0;7800;mq;mq;mq;mq;mq;mq;mq;mq;mq;
07460;20110926090000;102450;110;1;0;0.000000;292.750000;286.250000;66;30000;2;1;1;25;1;1250;31;20;11;98660;mq;mq;mq;mq;mq;mq;mq;mq;mq;mq;mq;1.500000;-10;mq;mq;0.000000;-30;0.000000;0.000000;mq;mq;mq;710.000000;1102.000000;3100.000000;mq;1;8;1380;mq;mq;mq;mq;mq;mq;mq;mq;mq;
07471;20110926090000;mq;100;2;110;1.000000;290.550000;284.350000;67;60000;2;1;1;10;0;mq;30;20;11;92980;85000;18410;mq;mq;mq;mq;mq;mq;mq;mq;mq;2.100000;-10;mq;mq;0.000000;-30;0.000000;0.000000;mq;mq;mq;710.000000;1102.000000;3100.000000;mq;1;0;7800;mq;mq;mq;mq;mq;mq;mq;mq;mq;
07481;20110926090000;102440;110;1;250;1.000000;292.950000;287.050000;69;15000;2;1;1;0;mq;mq;mq;mq;mq;99640;mq;mq;mq;mq;mq;mq;mq;mq;mq;mq;mq;2.100000;-10;mq;mq;0.000000;-30;0.000000;0.000000;mq;mq;mq;710.000000;1102.000000;3100.000000;mq;mq;mq;mq;mq;mq;mq;mq;mq;mq;mq;mq;mq;
07510;20110926090000;102320;160;1;110;2.100000;294.750000;289.250000;71;20000;2;1;1;75;1;3500;30;28;11;101690;mq;mq;mq;mq;mq;mq;mq;mq;mq;mq;mq;3.600000;-10;mq;mq;0.000000;-30;0.000000;0.000000;mq;mq;mq;710.000000;1104.000000;3100.000000;mq;1;3;3300;6;0;7800;mq;mq;mq;mq;mq;mq;
07535;20110926090000;102390;130;1;320;1.000000;293.550000;287.250000;67;10000;2;1;1;40;0;8000;30;20;11;99360;mq;mq;mq;mq;mq;mq;mq;mq;mq;mq;mq;2.100000;-10;mq;mq;0.000000;-30;0.000000;0.000000;mq;mq;mq;710.000000;1102.000000;3100.000000;mq;3;0;6900;mq;mq;mq;mq;mq;mq;mq;mq;mq;
07558;20110926090000;102290;90;2;20;3.100000;293.150000;284.850000;59;50000;2;1;1;25;0;8000;30;20;11;94210;mq;mq;mq;mq;mq;mq;mq;mq;mq;mq;mq;4.600000;-10;mq;mq;0.000000;-30;0.000000;0.000000;mq;mq;mq;710.000000;1105.000000;3100.000000;mq;2;0;7500;mq;mq;mq;mq;mq;mq;mq;mq;mq;
07577;20110926090000;102380;70;1;20;3.600000;293.450000;286.650000;65;19000;2;1;1;0;mq;mq;mq;mq;mq;101510;mq;mq;mq;mq;mq;mq;mq;mq;mq;mq;mq;7.200000;-10;mq;mq;0.000000;-30;0.000000;0.000000;mq;mq;mq;710.000000;1107.000000;3100.000000;mq;mq;mq;mq;mq;mq;mq;mq;mq;mq;mq;mq;mq;
07591;20110926090000;mq;20;0;70;2.100000;290.850000;280.550000;51;mq;0;mq;mq;mq;mq;mq;mq;mq;mq;92480;mq;mq;mq;mq;mq;mq;mq;mq;mq;mq;mq;7.700000;-10;mq;mq;mq;mq;0.000000;0.000000;mq;mq;mq;710.000000;1108.000000;mq;mq;mq;mq;mq;mq;mq;mq;mq;mq;mq;mq;mq;mq;
07607;20110926090000;102330;140;1;120;1.500000;293.350000;288.750000;75;40000;0;mq;mq;mq;mq;mq;mq;mq;mq;101630;mq;mq;mq;mq;mq;mq;mq;mq;mq;mq;mq;3.100000;-10;mq;mq;mq;mq;0.000000;0.000000;mq;mq;mq;710.000000;1103.000000;mq;mq;mq;mq;mq;mq;mq;mq;mq;mq;mq;mq;mq;mq;
07621;20110926090000;102240;130;2;160;1.000000;295.750000;282.850000;44;50000;2;1;1;0;mq;mq;mq;mq;mq;98070;mq;mq;mq;mq;mq;mq;mq;mq;mq;mq;mq;2.100000;-10;mq;mq;0.000000;-30;0.000000;0.000000;mq;mq;mq;710.000000;1102.000000;3100.000000;mq;mq;mq;mq;mq;mq;mq;mq;mq;mq;mq;mq;mq;
07627;20110926090000;102290;130;2;160;2.100000;294.050000;285.750000;59;30000;2;1;1;0;mq;mq;mq;mq;mq;97570;mq;mq;mq;mq;mq;mq;mq;mq;mq;mq;mq;4.100000;-10;mq;mq;0.000000;-30;0.000000;0.000000;mq;mq;mq;710.000000;1104.000000;3100.000000;mq;mq;mq;mq;mq;mq;mq;mq;mq;mq;mq;mq;mq;
07630;20110926090000;102370;130;2;100;2.100000;294.950000;286.350000;58;25000;2;1;1;10;0;8000;30;20;11;100620;mq;mq;mq;mq;mq;mq;mq;mq;mq;mq;mq;3.100000;-10;mq;mq;0.000000;-30;0.000000;0.000000;mq;mq;mq;710.000000;1103.000000;3100.000000;mq;1;0;7800;mq;mq;mq;mq;mq;mq;mq;mq;mq;
07643;20110926090000;102360;80;2;10;2.100000;295.950000;287.750000;60;15000;2;1;1;0;mq;mq;mq;mq;mq;102270;mq;mq;mq;mq;mq;mq;mq;mq;mq;mq;mq;3.600000;-10;mq;mq;mq;mq;0.000000;0.000000;mq;mq;mq;710.000000;1104.000000;mq;mq;mq;mq;mq;mq;mq;mq;mq;mq;mq;mq;mq;mq;
07650;20110926090000;102310;90;3;270;2.100000;294.750000;289.050000;70;12000;2;1;1;0;mq;mq;mq;mq;mq;101930;mq;mq;mq;mq;mq;mq;mq;mq;mq;mq;mq;3.100000;-10;mq;mq;0.000000;-30;0.000000;0.000000;mq;mq;mq;710.000000;1103.000000;3100.000000;mq;mq;mq;mq;mq;mq;mq;mq;mq;mq;mq;mq;mq;
07661;20110926090000;102240;100;3;120;1.000000;297.850000;286.750000;50;20000;2;1;1;10;1;800;32;20;10;100690;mq;mq;mq;mq;mq;mq;mq;mq;mq;mq;mq;2.100000;-10;mq;mq;mq;mq;0.000000;0.000000;mq;mq;mq;710.000000;1102.000000;mq;mq;1;8;780;mq;mq;mq;mq;mq;mq;mq;mq;mq;
07690;20110926090000;102240;80;3;320;4.100000;298.350000;284.150000;41;30000;2;1;1;10;1;1250;31;20;10;101910;mq;mq;mq;mq;mq;mq;mq;mq;mq;mq;mq;6.700000;-10;mq;mq;0.000000;-30;0.000000;0.000000;mq;mq;mq;710.000000;1107.000000;3100.000000;mq;1;8;1200;mq;mq;mq;mq;mq;mq;mq;mq;mq;
07747;20110926090000;102360;100;2;40;0.500000;297.250000;286.750000;52;30000;2;1;1;0;mq;mq;mq;mq;mq;101850;mq;mq;mq;mq;mq;mq;mq;mq;mq;mq;mq;2.100000;-10;mq;mq;0.000000;-30;0.000000;0.000000;mq;mq;mq;710.000000;1102.000000;3100.000000;mq;mq;mq;mq;mq;mq;mq;mq;mq;mq;mq;mq;mq;
07761;20110926090000;102140;70;1;250;1.500000;297.050000;289.550000;63;40000;2;1;1;10;1;800;31;23;10;102040;mq;mq;mq;mq;mq;mq;mq;mq;mq;mq;mq;2.100000;-10;mq;mq;0.000000;-30;0.000000;0.000000;mq;mq;mq;710.000000;1102.000000;3100.000000;mq;1;8;780;mq;mq;mq;mq;mq;mq;mq;mq;mq;
07790;20110926090000;102170;110;1;350;3.600000;298.650000;290.050000;59;20000;2;1;1;10;1;800;31;20;10;102030;mq;mq;mq;mq;mq;mq;mq;mq;mq;mq;mq;6.200000;-10;mq;mq;0.000000;-30;0.000000;0.000000;mq;mq;mq;710.000000;1106.000000;3100.000000;mq;1;8;780;mq;mq;mq;mq;mq;mq;mq;mq;mq;
61970;20110926090000;101900;mq;mq;mq;mq;301.850000;295.350000;68;mq;mq;mq;mq;mq;mq;mq;mq;mq;mq;mq;mq;mq;10;mq;mq;mq;mq;mq;mq;mq;mq;mq;mq;mq;mq;mq;mq;0.000000;0.000000;mq;mq;mq;mq;mq;mq;mq;mq;mq;mq;mq;mq;mq;mq;mq;mq;mq;mq;mq;
61972;20110926090000;102030;mq;mq;170;6.200000;299.050000;292.250000;66;mq;mq;mq;mq;mq;mq;mq;mq;mq;mq;mq;mq;mq;mq;mq;mq;mq;mq;mq;mq;mq;mq;11.800000;-10;mq;mq;mq;mq;0.000000;0.000000;mq;mq;mq;710.000000;1112.000000;mq;mq;mq;mq;mq;mq;mq;mq;mq;mq;mq;mq;mq;mq;
61976;20110926090000;101790;mq;mq;130;10.300000;299.350000;293.450000;70;mq;mq;mq;mq;mq;mq;mq;mq;mq;mq;101640;mq;mq;20;mq;mq;mq;mq;mq;mq;mq;mq;mq;mq;mq;mq;mq;mq;mq;0.000000;mq;mq;mq;mq;mq;mq;mq;mq;mq;mq;mq;mq;mq;mq;mq;mq;mq;mq;mq;
61980;20110926090000;102180;mq;mq;120;9.300000;295.350000;293.250000;88;10000;25;8;2;75;6;450;38;20;10;mq;mq;mq;180;mq;mq;mq;mq;mq;mq;mq;mq;13.900000;-10;mq;mq;mq;mq;0.600000;0.600000;mq;mq;mq;710.000000;1114.000000;2437.000000;mq;2;8;390;3;8;600;6;6;1380;mq;mq;mq;
61996;20110926090000;101620;mq;mq;170;8.200000;282.250000;228.450000;mq;mq;mq;mq;mq;mq;mq;mq;mq;mq;mq;mq;mq;mq;mq;mq;mq;mq;mq;mq;mq;mq;mq;16.500000;-10;mq;mq;mq;mq;1.000000;8.000000;mq;mq;mq;710.000000;1116.000000;mq;mq;mq;mq;mq;mq;mq;mq;mq;mq;mq;mq;mq;mq;
67005;20110926090000;101680;mq;mq;110;2.100000;301.250000;294.750000;68;20000;1;8;1;40;3;800;38;23;10;mq;mq;mq;mq;mq;mq;mq;mq;mq;mq;mq;mq;3.600000;-10;mq;mq;mq;mq;0.000000;0.600000;mq;mq;mq;710.000000;1104.000000;mq;mq;3;8;660;mq;mq;mq;mq;mq;mq;mq;mq;mq;
71805;20110926090000;100300;-10;5;310;7.200000;286.550000;284.250000;86;40000;0;mq;mq;mq;mq;mq;mq;mq;mq;100220;mq;mq;mq;mq;mq;mq;mq;mq;mq;mq;mq;10.300000;-10;mq;mq;mq;mq;0.000000;0.000000;mq;mq;mq;710.000000;1110.000000;mq;mq;mq;mq;mq;mq;mq;mq;mq;mq;mq;mq;mq;mq;
78897;20110926090000;101190;80;3;210;1.000000;297.850000;296.650000;93;25000;2;1;1;25;2;800;38;20;11;mq;mq;mq;70;mq;mq;mq;mq;mq;mq;mq;mq;mq;mq;mq;mq;mq;mq;mq;mq;mq;mq;mq;mq;mq;mq;mq;1;8;690;mq;mq;mq;mq;mq;mq;mq;mq;mq;
78922;20110926090000;101190;20;3;220;3.600000;299.250000;297.450000;90;mq;mq;mq;mq;mq;mq;mq;mq;mq;mq;100750;mq;mq;mq;mq;mq;mq;mq;mq;mq;mq;mq;mq;mq;mq;mq;mq;mq;mq;mq;mq;mq;mq;mq;mq;mq;mq;mq;mq;mq;mq;mq;mq;mq;mq;mq;mq;mq;mq;
78925;20110926090000;101200;20;3;90;1.000000;297.350000;297.150000;99;29000;0;mq;mq;mq;mq;mq;mq;mq;mq;mq;mq;mq;60;mq;mq;mq;mq;mq;mq;mq;mq;mq;mq;mq;mq;mq;mq;mq;mq;mq;mq;mq;mq;mq;mq;mq;mq;mq;mq;mq;mq;mq;mq;mq;mq;mq;mq;mq;
81401;20110926090000;101200;mq;mq;0;0.000000;297.250000;296.350000;95;mq;mq;mq;mq;mq;mq;mq;mq;mq;mq;101140;mq;mq;mq;mq;mq;mq;mq;mq;mq;mq;mq;mq;mq;mq;mq;mq;mq;mq;0.000000;mq;mq;mq;mq;mq;mq;mq;mq;mq;mq;mq;mq;mq;mq;mq;mq;mq;mq;mq;
81405;20110926090000;101220;mq;mq;0;0.000000;296.250000;295.950000;98;16000;0;mq;mq;101;mq;mq;62;61;60;101130;mq;mq;mq;mq;mq;mq;mq;mq;mq;mq;mq;mq;mq;mq;mq;mq;mq;mq;0.000000;mq;mq;mq;mq;mq;mq;mq;mq;mq;mq;mq;mq;mq;mq;mq;mq;mq;mq;mq;
81408;20110926090000;101190;mq;mq;350;1.000000;296.150000;295.450000;96;mq;mq;mq;mq;mq;mq;mq;mq;mq;mq;101110;mq;mq;mq;mq;mq;mq;mq;mq;mq;mq;mq;mq;mq;mq;mq;mq;mq;mq;0.000000;mq;mq;mq;mq;mq;mq;mq;mq;mq;mq;mq;mq;mq;mq;mq;mq;mq;mq;mq;
89642;20110926090000;97790;260;1;150;5.700000;252.750000;249.650000;74;40000;2;1;1;10;1;1250;35;20;10;97220;mq;mq;mq;mq;mq;mq;mq;mq;mq;mq;mq;mq;mq;mq;mq;mq;mq;mq;mq;mq;mq;mq;mq;mq;mq;mq;1;6;1200;mq;mq;mq;mq;mq;mq;mq;mq;mq;
07005;20110926120000;102340;100;1;280;3.600000;293.850000;288.650000;72;30000;2;1;1;90;4;800;38;23;11;101470;mq;mq;mq;mq;mq;mq;mq;mq;mq;mq;mq;5.700000;-10;mq;mq;0.000000;-60;0.000000;0.000000;0.000000;mq;mq;710.000000;1106.000000;3100.000000;mq;2;8;780;3;6;1290;6;3;3000;mq;mq;mq;
07015;20110926120000;102300;70;3;260;4.600000;296.750000;285.750000;50;25000;2;1;1;25;1;3500;30;23;11;101750;mq;mq;mq;mq;mq;mq;mq;mq;mq;mq;mq;8.200000;-10;mq;mq;0.000000;-60;0.000000;0.000000;0.000000;mq;mq;710.000000;1108.000000;3100.000000;mq;1;3;3600;mq;mq;mq;mq;mq;mq;mq;mq;mq;
07020;20110926120000;102350;160;1;250;2.100000;290.250000;289.150000;93;mq;mq;mq;mq;mq;mq;mq;mq;mq;mq;102090;mq;mq;mq;mq;mq;mq;mq;mq;mq;mq;mq;3.600000;-10;mq;mq;mq;mq;0.000000;0.000000;0.000000;mq;mq;710.000000;1104.000000;mq;mq;mq;mq;mq;mq;mq;mq;mq;mq;mq;mq;mq;mq;
07027;20110926120000;102340;110;1;230;5.100000;294.850000;289.750000;73;30000;2;1;1;90;7;800;38;61;60;101560;mq;mq;mq;mq;mq;mq;mq;mq;mq;mq;mq;8.200000;-10;mq;mq;0.000000;-60;0.000000;0.000000;0.000000;mq;mq;710.000000;1108.000000;3100.000000;mq;3;8;750;3;6;1500;6;6;2100;mq;mq;mq;
07037;20110926120000;102340;60;1;210;2.600000;296.750000;288.750000;61;30000;2;1;1;60;3;800;38;23;10;100580;mq;mq;mq;mq;mq;mq;mq;mq;mq;mq;mq;6.700000;-10;mq;mq;0.000000;-60;0.000000;0.000000;0.200000;mq;mq;710.000000;1107.000000;3100.000000;mq;1;8;900;3;6;1200;mq;mq;mq;mq;mq;mq;
07110;20110926120000;102260;140;1;210;6.200000;292.050000;290.050000;88;40000;0;mq;mq;90;mq;450;mq;mq;mq;101140;mq;mq;mq;mq;mq;mq;mq;mq;mq;mq;mq;7.700000;-10;mq;mq;mq;mq;0.000000;0.000000;0.800000;mq;mq;710.000000;1108.000000;mq;mq;mq;mq;mq;mq;mq;mq;mq;mq;mq;mq;mq;mq;
07117;20110926120000;102260;130;1;270;2.600000;293.350000;290.550000;84;15000;1;6;2;75;6;450;35;22;60;101580;mq;mq;mq;mq;mq;mq;mq;mq;mq;mq;mq;4.600000;-10;mq;mq;mq;mq;0.000000;0.000000;1.000000;mq;mq;710.000000;1105.000000;2427.000000;mq;mq;mq;mq;mq;mq;mq;mq;mq;mq;mq;mq;mq;
07130;20110926120000;102370;50;1;190;3.600000;295.750000;289.050000;66;27000;0;mq;mq;100;mq;mq;mq;mq;mq;101870;mq;mq;mq;mq;mq;mq;mq;mq;mq;mq;mq;6.200000;-10;mq;mq;mq;mq;0.000000;0.000000;0.000000;mq;mq;710.000000;1106.000000;mq;mq;mq;mq;mq;mq;mq;mq;mq;mq;mq;mq;mq;mq;
07139;20110926120000;102400;30;1;240;2.600000;294.650000;287.350000;63;35000;1;4;2;90;1;800;32;23;12;100720;mq;mq;mq;mq;mq;mq;mq;mq;mq;mq;mq;6.200000;-10;mq;mq;0.000000;-60;0.000000;0.000000;0.000000;mq;mq;710.000000;1106.000000;3100.000000;mq;1;8;600;7;0;7500;mq;mq;mq;mq;mq;mq;
07149;20110926120000;102400;20;1;220;2.100000;298.050000;286.550000;49;25000;2;1;1;60;2;1750;35;20;11;101360;mq;mq;mq;mq;mq;mq;mq;mq;mq;mq;mq;6.200000;-10;mq;mq;0.000000;-60;0.000000;0.000000;0.000000;mq;mq;710.000000;1106.000000;3100.000000;mq;2;6;1500;4;0;7500;mq;mq;mq;mq;mq;mq;
07168;20110926120000;102420;10;0;50;0.500000;298.750000;285.250000;43;20000;2;1;1;60;1;1750;31;20;11;101060;mq;mq;mq;mq;mq;mq;mq;mq;mq;mq;mq;3.600000;-10;mq;mq;0.000000;-60;0.000000;0.000000;0.000000;mq;mq;710.000000;1104.000000;3100.000000;mq;1;8;1500;5;0;7500;mq;mq;mq;mq;mq;mq;
07181;20110926120000;102350;20;0;230;1.500000;297.850000;288.750000;57;45000;0;mq;mq;mq;mq;mq;mq;mq;mq;98440;mq;mq;mq;mq;mq;mq;mq;mq;mq;mq;mq;3.600000;-10;mq;mq;mq;mq;0.000000;0.000000;0.000000;mq;mq;710.000000;1104.000000;mq;mq;mq;mq;mq;mq;mq;mq;mq;mq;mq;mq;mq;mq;
07190;20110926120000;102400;-50;7;120;0.500000;298.450000;286.650000;48;50000;0;mq;mq;mq;mq;mq;mq;mq;mq;100660;mq;mq;mq;mq;mq;mq;mq;mq;mq;mq;mq;3.600000;-10;mq;mq;mq;mq;0.000000;0.000000;0.000000;mq;mq;710.000000;1104.000000;mq;mq;mq;mq;mq;mq;mq;mq;mq;mq;mq;mq;mq;mq;
07207;20110926120000;mq;mq;mq;220;2.100000;293.350000;290.750000;85;9000;2;1;1;100;8;800;35;61;60;mq;mq;mq;mq;mq;mq;mq;mq;mq;mq;mq;mq;3.600000;-10;mq;mq;mq;mq;0.000000;0.000000;0.000000;mq;mq;710.000000;1104.000000;2426.000000;mq;mq;mq;mq;mq;mq;mq;mq;mq;mq;mq;mq;mq;
07222;20110926120000;102390;50;1;180;1.000000;296.550000;289.350000;64;15000;3;4;1;60;1;3500;30;23;11;102090;mq;mq;mq;mq;mq;mq;mq;mq;mq;mq;mq;2.600000;-10;mq;mq;mq;mq;0.000000;0.000000;0.000000;mq;mq;710.000000;1103.000000;mq;mq;1;3;4500;5;0;6300;mq;mq;mq;mq;mq;mq;
07240;20110926120000;102390;20;0;200;2.100000;298.050000;288.950000;57;18000;0;mq;mq;mq;mq;mq;mq;mq;mq;101100;mq;mq;mq;mq;mq;mq;mq;mq;mq;mq;mq;4.600000;-10;mq;mq;mq;mq;0.000000;0.000000;0.000000;mq;mq;710.000000;1105.000000;mq;mq;mq;mq;mq;mq;mq;mq;mq;mq;mq;mq;mq;mq;
07255;20110926120000;102410;0;0;130;2.100000;299.350000;285.750000;43;30000;2;1;1;50;1;1750;31;20;11;100500;mq;mq;mq;mq;mq;mq;mq;mq;mq;mq;mq;4.100000;-10;mq;mq;0.000000;-60;0.000000;0.000000;0.000000;mq;mq;710.000000;1104.000000;3100.000000;mq;1;8;1500;4;0;7500;mq;mq;mq;mq;mq;mq;
07280;20110926120000;102370;-30;7;40;1.500000;298.750000;287.250000;49;40000;0;mq;mq;mq;mq;mq;mq;mq;mq;99770;mq;mq;mq;mq;mq;mq;mq;mq;mq;mq;mq;4.100000;-10;mq;mq;mq;mq;0.000000;0.000000;0.000000;mq;mq;710.000000;1104.000000;mq;mq;mq;mq;mq;mq;mq;mq;mq;mq;mq;mq;mq;mq;
07299;20110926120000;102350;-40;8;330;0.500000;298.050000;284.250000;42;15000;2;1;1;10;1;1250;31;20;11;99220;mq;mq;mq;mq;mq;mq;mq;mq;mq;mq;mq;3.100000;-10;mq;mq;0.000000;-60;0.000000;0.000000;0.000000;mq;mq;710.000000;1103.000000;3100.000000;mq;1;8;1200;mq;mq;mq;mq;mq;mq;mq;mq;mq;
07314;20110926120000;102430;90;1;260;1.000000;294.850000;291.850000;83;mq;mq;mq;mq;mq;mq;mq;mq;mq;mq;102160;mq;mq;mq;mq;mq;mq;mq;mq;mq;mq;mq;2.100000;-10;mq;mq;mq;mq;0.000000;0.200000;0.200000;mq;mq;710.000000;1102.000000;mq;mq;mq;mq;mq;mq;mq;mq;mq;mq;mq;mq;mq;mq;
07335;20110926120000;102390;20;1;220;1.500000;299.050000;288.450000;52;40000;2;1;1;60;1;1250;32;20;11;101010;mq;mq;mq;mq;mq;mq;mq;mq;mq;mq;mq;4.600000;-10;mq;mq;mq;mq;0.000000;0.000000;0.200000;mq;mq;710.000000;1105.000000;mq;mq;1;8;990;5;0;7800;mq;mq;mq;mq;mq;mq;
07434;20110926120000;102340;10;0;150;0.500000;297.750000;285.050000;45;40000;2;1;1;60;1;1250;31;20;12;97760;mq;mq;mq;mq;mq;mq;mq;mq;mq;mq;mq;3.100000;-10;mq;mq;0.000000;-60;0.000000;0.000000;0.000000;mq;mq;710.000000;1103.000000;3100.000000;mq;1;8;1080;5;0;7800;mq;mq;mq;mq;mq;mq;
07460;20110926120000;102320;-50;8;320;1.000000;298.450000;286.650000;48;40000;2;1;1;50;1;1750;32;20;11;98610;mq;mq;mq;mq;mq;mq;mq;mq;mq;mq;mq;3.100000;-10;mq;mq;0.000000;-60;0.000000;0.000000;0.000000;mq;mq;710.000000;1103.000000;3100.000000;mq;1;8;1500;4;0;6000;mq;mq;mq;mq;mq;mq;
07471;20110926120000;mq;-50;8;70;3.100000;296.050000;281.350000;39;60000;2;1;1;50;1;1750;32;20;11;92930;85000;18370;mq;mq;mq;mq;mq;mq;mq;mq;mq;6.700000;-10;mq;mq;0.000000;-60;0.000000;0.000000;0.000000;mq;mq;710.000000;1107.000000;3100.000000;mq;1;8;1500;4;0;7500;mq;mq;mq;mq;mq;mq;
07481;20110926120000;102330;-70;8;10;1.500000;297.350000;287.450000;54;15000;2;1;1;40;0;mq;30;20;11;99570;mq;mq;mq;mq;mq;mq;mq;mq;mq;mq;mq;3.600000;-10;mq;mq;0.000000;-60;0.000000;0.000000;0.000000;mq;mq;710.000000;1104.000000;3100.000000;mq;3;0;7800;mq;mq;mq;mq;mq;mq;mq;mq;mq;
07510;20110926120000;102320;10;0;110;2.600000;301.250000;286.750000;41;30000;2;1;1;75;0;mq;30;20;12;101700;mq;mq;mq;mq;mq;mq;mq;mq;mq;mq;mq;4.600000;-10;mq;mq;0.000000;-60;0.000000;0.000000;0.000000;mq;mq;710.000000;1105.000000;3100.000000;mq;6;0;7800;mq;mq;mq;mq;mq;mq;mq;mq;mq;
07535;20110926120000;102290;-40;8;340;1.500000;299.750000;284.250000;38;20000;2;1;1;75;1;800;31;20;12;99320;mq;mq;mq;mq;mq;mq;mq;mq;mq;mq;mq;4.100000;-10;mq;mq;0.000000;-60;0.000000;0.000000;0.000000;mq;mq;710.000000;1104.000000;3100.000000;mq;1;8;690;6;0;6900;mq;mq;mq;mq;mq;mq;
07558;20110926120000;102120;-40;8;300;1.500000;298.050000;279.750000;31;50000;2;1;1;40;3;800;31;20;11;94170;mq;mq;mq;mq;mq;mq;mq;mq;mq;mq;mq;4.600000;-10;mq;mq;0.000000;-60;0.000000;0.000000;0.000000;mq;mq;710.000000;1105.000000;3100.000000;mq;3;8;900;mq;mq;mq;mq;mq;mq;mq;mq;mq;
07577;20110926120000;102250;-110;8;40;5.700000;299.650000;286.450000;44;25000;2;1;1;10;1;1250;32;20;11;101400;mq;mq;mq;mq;mq;mq;mq;mq;mq;mq;mq;7.700000;-10;mq;mq;0.000000;-60;0.000000;0.000000;0.000000;mq;mq;710.000000;1108.000000;3100.000000;mq;1;8;1290;mq;mq;mq;mq;mq;mq;mq;mq;mq;
07591;20110926120000;mq;-110;7;180;3.100000;295.350000;281.850000;42;mq;0;mq;mq;mq;mq;mq;mq;mq;mq;92370;mq;mq;mq;mq;mq;mq;mq;mq;mq;mq;mq;6.200000;-10;mq;mq;mq;mq;0.000000;0.000000;0.000000;mq;mq;710.000000;1106.000000;mq;mq;mq;mq;mq;mq;mq;mq;mq;mq;mq;mq;mq;mq;
07607;20110926120000;102300;10;4;120;2.600000;300.850000;288.150000;46;45000;0;mq;mq;mq;mq;mq;mq;mq;mq;101620;mq;mq;mq;mq;mq;mq;mq;mq;mq;mq;mq;4.100000;-10;mq;mq;mq;mq;0.000000;0.000000;0.000000;mq;mq;710.000000;1104.000000;mq;mq;mq;mq;mq;mq;mq;mq;mq;mq;mq;mq;mq;mq;
07621;20110926120000;102200;10;0;60;1.000000;299.250000;284.550000;40;50000;2;1;1;25;0;8000;30;20;11;98080;mq;mq;mq;mq;mq;mq;mq;mq;mq;mq;mq;3.100000;-10;mq;mq;0.000000;-60;0.000000;0.000000;0.000000;mq;mq;710.000000;1103.000000;3100.000000;mq;2;0;7500;mq;mq;mq;mq;mq;mq;mq;mq;mq;
07627;20110926120000;102190;-20;7;30;2.100000;298.850000;284.650000;41;30000;2;1;1;10;1;450;31;20;12;97550;mq;mq;mq;mq;mq;mq;mq;mq;mq;mq;mq;4.100000;-10;mq;mq;0.000000;-60;0.000000;0.000000;0.000000;mq;mq;710.000000;1104.000000;3100.000000;mq;1;8;390;mq;mq;mq;mq;mq;mq;mq;mq;mq;
07630;20110926120000;102270;-60;8;90;2.100000;301.050000;283.750000;34;40000;2;1;1;25;0;8000;30;20;11;100560;mq;mq;mq;mq;mq;mq;mq;mq;mq;mq;mq;5.100000;-10;mq;mq;0.000000;-60;0.000000;0.000000;0.000000;mq;mq;710.000000;1105.000000;3100.000000;mq;2;0;7800;mq;mq;mq;mq;mq;mq;mq;mq;mq;
07643;20110926120000;102280;-80;8;180;2.600000;299.750000;287.850000;48;25000;2;1;1;0;mq;mq;mq;mq;mq;102190;mq;mq;mq;mq;mq;mq;mq;mq;mq;mq;mq;4.100000;-10;mq;mq;mq;mq;0.000000;0.000000;0.000000;mq;mq;710.000000;1104.000000;mq;mq;mq;mq;mq;mq;mq;mq;mq;mq;mq;mq;mq;mq;
07650;20110926120000;102220;-80;8;260;3.100000;299.850000;287.950000;48;15000;2;1;1;10;1;1750;32;20;10;101850;mq;mq;mq;mq;mq;mq;mq;mq;mq;mq;mq;4.100000;-10;mq;mq;0.000000;-60;0.000000;0.000000;0.000000;mq;mq;710.000000;1104.000000;3100.000000;mq;1;8;1500;mq;mq;mq;mq;mq;mq;mq;mq;mq;
07661;20110926120000;102210;-20;8;250;4.100000;298.450000;289.050000;56;mq;mq;mq;mq;mq;mq;mq;mq;mq;mq;100670;mq;mq;mq;mq;mq;mq;mq;mq;mq;mq;mq;5.700000;-10;mq;mq;mq;mq;0.000000;0.000000;0.000000;mq;mq;710.000000;1106.000000;mq;mq;mq;mq;mq;mq;mq;mq;mq;mq;mq;mq;mq;mq;
07690;20110926120000;102220;-10;8;170;1.500000;298.450000;290.850000;63;30000;2;1;1;10;1;1250;31;20;10;101900;mq;mq;mq;mq;mq;mq;mq;mq;mq;mq;mq;3.600000;-10;mq;mq;0.000000;-60;0.000000;0.000000;0.000000;mq;mq;710.000000;1104.000000;3100.000000;mq;1;8;1200;mq;mq;mq;mq;mq;mq;mq;mq;mq;
07747;20110926120000;102290;-70;8;110;2.100000;300.950000;287.950000;45;30000;2;1;1;10;1;1750;31;20;10;101780;mq;mq;mq;mq;mq;mq;mq;mq;mq;mq;mq;5.700000;-10;mq;mq;0.000000;-60;0.000000;0.000000;0.000000;mq;mq;710.000000;1106.000000;3100.000000;mq;1;8;1800;mq;mq;mq;mq;mq;mq;mq;mq;mq;
07761;20110926120000;102090;-50;8;230;5.700000;298.450000;291.350000;65;30000;17;9;0;25;1;800;39;23;10;101990;mq;mq;mq;mq;mq;mq;mq;mq;mq;mq;mq;6.700000;-10;mq;mq;0.000000;-60;0.000000;0.000000;0.000000;mq;mq;710.000000;1107.000000;3100.000000;mq;1;8;900;1;9;1800;mq;mq;mq;mq;mq;mq;
07790;20110926120000;102140;-30;8;350;4.100000;300.250000;286.950000;44;20000;2;1;1;10;1;800;32;20;11;102000;mq;mq;mq;mq;mq;mq;mq;mq;mq;mq;mq;7.700000;-10;mq;mq;0.000000;-60;0.000000;0.000000;0.000000;mq;mq;710.000000;1108.000000;3100.000000;mq;1;8;780;mq;mq;mq;mq;mq;mq;mq;mq;mq;
61968;20110926120000;101430;mq;mq;90;2.600000;301.350000;291.450000;55;mq;mq;mq;mq;mq;mq;mq;mq;mq;mq;mq;mq;mq;mq;mq;mq;mq;mq;mq;mq;mq;mq;6.700000;-10;mq;mq;mq;mq;0.000000;mq;0.000000;mq;mq;710.000000;1107.000000;mq;mq;mq;mq;mq;mq;mq;mq;mq;mq;mq;mq;mq;mq;
61970;20110926120000;101740;mq;mq;mq;mq;301.350000;295.350000;70;mq;mq;mq;mq;mq;mq;mq;mq;mq;mq;mq;mq;mq;0;mq;mq;mq;mq;mq;mq;mq;mq;mq;mq;mq;mq;mq;mq;0.000000;mq;0.000000;mq;mq;mq;mq;mq;mq;mq;mq;mq;mq;mq;mq;mq;mq;mq;mq;mq;mq;
61972;20110926120000;101880;mq;mq;190;5.700000;298.950000;292.550000;68;mq;mq;mq;mq;mq;mq;mq;mq;mq;mq;mq;mq;mq;mq;mq;mq;mq;mq;mq;mq;mq;mq;9.300000;-10;mq;mq;mq;mq;0.000000;mq;0.000000;mq;mq;710.000000;1109.000000;mq;mq;mq;mq;mq;mq;mq;mq;mq;mq;mq;mq;mq;mq;
61976;20110926120000;101710;mq;mq;120;10.300000;298.550000;293.750000;75;mq;mq;mq;mq;mq;mq;mq;mq;mq;mq;101560;mq;mq;mq;mq;mq;mq;mq;mq;mq;mq;mq;mq;mq;mq;mq;mq;mq;mq;mq;mq;mq;mq;mq;mq;mq;mq;mq;mq;mq;mq;mq;mq;mq;mq;mq;mq;mq;mq;
61980;20110926120000;102080;mq;mq;120;8.700000;295.350000;292.750000;85;10000;80;8;2;75;4;800;38;23;10;mq;mq;mq;120;mq;mq;mq;mq;mq;mq;mq;mq;14.900000;-10;mq;mq;mq;mq;1.000000;mq;8.000000;mq;mq;710.000000;1115.000000;2437.000000;mq;2;8;690;3;6;1500;5;3;3300;mq;mq;mq;
61996;20110926120000;101770;mq;mq;180;10.300000;281.750000;228.150000;mq;mq;mq;mq;mq;mq;mq;mq;mq;mq;mq;mq;mq;mq;mq;mq;mq;mq;mq;mq;mq;mq;mq;20.600000;-10;mq;mq;mq;mq;0.400000;mq;9.000000;mq;mq;710.000000;1121.000000;mq;mq;mq;mq;mq;mq;mq;mq;mq;mq;mq;mq;mq;mq;
61997;20110926120000;101350;mq;mq;300;18.000000;280.650000;277.950000;83;mq;mq;mq;mq;mq;mq;mq;mq;mq;mq;mq;mq;mq;mq;mq;mq;mq;mq;mq;mq;mq;mq;26.800000;-60;mq;mq;mq;mq;mq;mq;0.200000;mq;mq;1127.000000;mq;mq;mq;mq;mq;mq;mq;mq;mq;mq;mq;mq;mq;mq;mq;
61998;20110926120000;100730;mq;mq;270;10.300000;277.950000;271.250000;62;25000;2;1;1;25;2;800;31;20;10;mq;mq;mq;290;mq;mq;mq;mq;mq;mq;mq;mq;14.900000;-10;mq;mq;mq;mq;0.000000;mq;0.000000;mq;mq;710.000000;1115.000000;mq;mq;2;8;600;mq;mq;mq;mq;mq;mq;mq;mq;mq;
67005;20110926120000;101500;mq;mq;120;3.600000;300.750000;294.550000;69;20000;2;1;1;40;3;800;32;20;10;mq;mq;mq;mq;mq;mq;mq;mq;mq;mq;mq;mq;5.100000;-10;mq;mq;mq;mq;0.000000;mq;0.600000;mq;mq;710.000000;1105.000000;mq;mq;3;8;660;mq;mq;mq;mq;mq;mq;mq;mq;mq;
71805;20110926120000;100430;130;1;320;5.100000;288.950000;284.750000;76;40000;2;1;1;50;4;800;31;23;10;100350;mq;mq;mq;mq;mq;mq;mq;mq;mq;mq;mq;9.300000;-10;mq;mq;0.000000;-60;0.000000;0.000000;0.000000;mq;mq;710.000000;1109.000000;3100.000000;mq;1;8;690;4;3;2400;mq;mq;mq;mq;mq;mq;
78897;20110926120000;101400;210;1;230;2.100000;301.850000;297.150000;76;35000;2;1;1;50;2;800;38;20;11;mq;mq;mq;90;297.650000;mq;mq;305.250000;mq;mq;mq;mq;mq;mq;mq;mq;mq;mq;mq;mq;0.000000;mq;0.000000;mq;mq;mq;mq;1;8;690;4;0;7800;mq;mq;mq;mq;mq;mq;
78922;20110926120000;101420;230;1;230;2.100000;303.750000;298.550000;74;mq;mq;mq;mq;mq;mq;mq;mq;mq;mq;100980;mq;mq;mq;mq;mq;mq;mq;mq;mq;mq;mq;mq;mq;mq;mq;mq;mq;mq;mq;mq;mq;mq;mq;mq;mq;mq;mq;mq;mq;mq;mq;mq;mq;mq;mq;mq;mq;mq;
78925;20110926120000;101460;260;3;0;0.000000;302.650000;299.650000;84;20000;2;1;1;75;1;800;31;20;11;mq;mq;mq;240;296.950000;mq;mq;306.450000;mq;mq;mq;mq;mq;mq;mq;mq;mq;mq;mq;mq;0.000000;mq;0.000000;mq;mq;mq;mq;1;8;780;6;0;9000;mq;mq;mq;mq;mq;mq;
81401;20110926120000;101420;mq;mq;70;1.500000;302.250000;297.850000;77;mq;mq;mq;mq;mq;mq;mq;mq;mq;mq;101360;mq;mq;mq;296.850000;mq;mq;mq;mq;mq;mq;mq;mq;mq;mq;mq;mq;mq;mq;0.200000;mq;mq;0.200000;mq;mq;mq;mq;mq;mq;mq;mq;mq;mq;mq;mq;mq;mq;mq;mq;
81405;20110926120000;101410;mq;mq;0;0.000000;301.350000;298.750000;86;12000;2;1;1;60;2;450;32;23;10;101320;mq;mq;mq;295.650000;mq;mq;mq;mq;mq;mq;mq;mq;mq;mq;mq;mq;mq;mq;0.000000;mq;mq;0.000000;mq;mq;mq;mq;mq;mq;mq;mq;mq;mq;mq;mq;mq;mq;mq;mq;
81408;20110926120000;101380;mq;mq;30;1.000000;301.050000;297.650000;82;mq;mq;mq;mq;mq;mq;mq;mq;mq;mq;101300;mq;mq;mq;295.950000;mq;mq;mq;mq;mq;mq;mq;mq;mq;mq;mq;mq;mq;mq;0.000000;mq;mq;0.200000;mq;mq;mq;mq;mq;mq;mq;mq;mq;mq;mq;mq;mq;mq;mq;mq;
89642;20110926120000;98010;220;1;200;8.200000;250.250000;246.550000;69;40000;2;1;1;10;1;1250;35;20;10;97440;mq;mq;mq;250.150000;mq;258.350000;mq;mq;mq;mq;13.900000;20.100000;-60;mq;mq;mq;mq;mq;mq;mq;mq;mq;1014.000000;1120.000000;mq;mq;1;6;1200;mq;mq;mq;mq;mq;mq;mq;mq;mq;
07005;20110926150000;102420;80;3;290;4.600000;292.750000;289.050000;79;30000;2;1;1;75;5;800;38;23;10;101550;mq;mq;mq;mq;mq;mq;mq;mq;mq;mq;mq;7.700000;-10;mq;mq;0.000000;-30;0.000000;0.000000;mq;mq;mq;710.000000;1108.000000;3100.000000;mq;2;8;780;4;6;1290;mq;mq;mq;mq;mq;mq;
07015;20110926150000;102370;70;3;290;4.600000;295.650000;288.750000;65;50000;2;1;1;90;6;1250;38;23;60;101820;mq;mq;mq;mq;mq;mq;mq;mq;mq;mq;mq;8.700000;-10;mq;mq;0.000000;-30;0.000000;0.000000;mq;mq;mq;710.000000;1109.000000;3100.000000;mq;2;8;1050;5;6;1500;5;3;2400;mq;mq;mq;
07020;20110926150000;102420;70;3;230;2.600000;291.750000;288.950000;84;16000;2;1;1;90;3;800;38;27;11;102160;mq;mq;mq;mq;mq;mq;mq;mq;mq;mq;mq;3.600000;-10;mq;mq;mq;mq;0.000000;0.000000;mq;mq;mq;710.000000;1104.000000;mq;mq;1;8;780;4;3;2400;mq;mq;mq;mq;mq;mq;
07027;20110926150000;102370;30;1;210;3.100000;295.150000;289.450000;70;30000;2;1;1;90;3;800;38;23;60;101590;mq;mq;mq;mq;mq;mq;mq;mq;mq;mq;mq;5.700000;-10;mq;mq;0.000000;-30;0.000000;0.000000;mq;mq;mq;710.000000;1106.000000;3100.000000;mq;1;8;930;3;6;1500;7;3;3300;mq;mq;mq;
07037;20110926150000;102370;30;3;250;2.600000;296.050000;289.550000;67;30000;2;1;1;90;7;800;38;61;60;100610;mq;mq;mq;mq;mq;mq;mq;mq;mq;mq;mq;4.100000;-10;mq;mq;0.000000;-30;0.000000;0.000000;mq;mq;mq;710.000000;1104.000000;3100.000000;mq;4;8;960;4;6;1410;5;6;2100;mq;mq;mq;
07110;20110926150000;102320;60;2;210;6.200000;292.350000;288.850000;80;30000;2;1;1;75;3;450;35;20;12;101200;mq;mq;mq;mq;mq;mq;mq;mq;mq;mq;mq;8.700000;-10;mq;mq;mq;mq;0.000000;0.000000;mq;mq;mq;710.000000;1109.000000;mq;mq;3;6;420;6;0;5700;mq;mq;mq;mq;mq;mq;
07117;20110926150000;102330;60;3;310;1.500000;292.350000;289.250000;82;15000;2;1;1;90;7;800;33;20;16;101640;mq;mq;mq;mq;mq;mq;mq;mq;mq;mq;mq;5.700000;-10;mq;mq;mq;mq;0.000000;0.000000;mq;mq;mq;710.000000;1106.000000;2427.000000;mq;mq;mq;mq;mq;mq;mq;mq;mq;mq;mq;mq;mq;
07130;20110926150000;102380;10;3;200;2.600000;296.650000;289.150000;63;35000;0;mq;mq;90;mq;mq;mq;mq;mq;101880;mq;mq;mq;mq;mq;mq;mq;mq;mq;mq;mq;6.200000;-10;mq;mq;mq;mq;0.000000;0.000000;mq;mq;mq;710.000000;1106.000000;mq;mq;mq;mq;mq;mq;mq;mq;mq;mq;mq;mq;mq;mq;
07139;20110926150000;102400;10;3;230;4.100000;295.950000;286.450000;55;35000;2;1;1;90;1;800;32;23;12;100730;mq;mq;mq;mq;mq;mq;mq;mq;mq;mq;mq;7.200000;-10;mq;mq;0.000000;-30;0.000000;0.000000;mq;mq;mq;710.000000;1107.000000;3100.000000;mq;1;8;780;6;0;7500;mq;mq;mq;mq;mq;mq;
07149;20110926150000;102400;0;5;250;3.100000;298.550000;285.450000;44;30000;2;1;1;90;1;3500;30;28;11;101360;mq;mq;mq;mq;mq;mq;mq;mq;mq;mq;mq;6.700000;-10;mq;mq;0.000000;-30;0.000000;0.000000;mq;mq;mq;710.000000;1107.000000;3100.000000;mq;1;3;3300;7;0;7500;mq;mq;mq;mq;mq;mq;
07168;20110926150000;102400;-20;5;290;2.600000;298.750000;284.850000;42;20000;2;1;1;60;1;1750;31;20;11;101040;mq;mq;mq;mq;mq;mq;mq;mq;mq;mq;mq;5.700000;-10;mq;mq;0.000000;-30;0.000000;0.000000;mq;mq;mq;710.000000;1106.000000;3100.000000;mq;1;8;1500;5;0;7500;mq;mq;mq;mq;mq;mq;
07181;20110926150000;102360;0;5;320;3.100000;296.850000;288.650000;60;50000;0;mq;mq;mq;mq;mq;mq;mq;mq;98440;mq;mq;mq;mq;mq;mq;mq;mq;mq;mq;mq;4.600000;-10;mq;mq;mq;mq;0.000000;0.000000;mq;mq;mq;710.000000;1105.000000;mq;mq;mq;mq;mq;mq;mq;mq;mq;mq;mq;mq;mq;mq;
07190;20110926150000;102330;-60;6;30;2.100000;299.850000;284.750000;39;40000;0;mq;mq;mq;mq;mq;mq;mq;mq;100600;mq;mq;mq;mq;mq;mq;mq;mq;mq;mq;mq;4.100000;-10;mq;mq;mq;mq;0.000000;0.000000;mq;mq;mq;710.000000;1104.000000;mq;mq;mq;mq;mq;mq;mq;mq;mq;mq;mq;mq;mq;mq;
07207;20110926150000;mq;mq;mq;220;1.500000;292.250000;290.350000;89;8000;2;1;1;100;8;800;35;61;60;mq;mq;mq;mq;mq;mq;mq;mq;mq;mq;mq;mq;2.600000;-10;mq;mq;mq;mq;0.000000;0.000000;mq;mq;mq;710.000000;1103.000000;2426.000000;mq;mq;mq;mq;mq;mq;mq;mq;mq;mq;mq;mq;mq;
07222;20110926150000;102360;-30;6;360;1.000000;298.750000;287.850000;51;25000;2;1;1;75;3;3500;30;23;12;102060;mq;mq;mq;mq;mq;mq;mq;mq;mq;mq;mq;2.100000;-10;mq;mq;mq;mq;0.000000;0.000000;mq;mq;mq;710.000000;1102.000000;mq;mq;3;3;3900;5;0;6300;mq;mq;mq;mq;mq;mq;
07240;20110926150000;102380;-10;5;280;2.600000;299.150000;287.650000;49;50000;0;mq;mq;mq;mq;mq;mq;mq;mq;101090;mq;mq;mq;mq;mq;mq;mq;mq;mq;mq;mq;5.700000;-10;mq;mq;mq;mq;0.000000;0.000000;mq;mq;mq;710.000000;1106.000000;mq;mq;mq;mq;mq;mq;mq;mq;mq;mq;mq;mq;mq;mq;
07255;20110926150000;102380;-20;5;270;1.500000;300.650000;283.350000;34;30000;2;1;1;60;1;1750;31;20;11;100480;mq;mq;mq;mq;mq;mq;mq;mq;mq;mq;mq;4.600000;-10;mq;mq;0.000000;-30;0.000000;0.000000;mq;mq;mq;710.000000;1105.000000;3100.000000;mq;1;8;1800;5;0;7500;mq;mq;mq;mq;mq;mq;
07280;20110926150000;102310;-50;6;90;2.100000;299.850000;285.550000;41;55000;0;mq;mq;mq;mq;mq;mq;mq;mq;99720;mq;mq;mq;mq;mq;mq;mq;mq;mq;mq;mq;3.600000;-10;mq;mq;mq;mq;0.000000;0.000000;mq;mq;mq;710.000000;1104.000000;mq;mq;mq;mq;mq;mq;mq;mq;mq;mq;mq;mq;mq;mq;
07299;20110926150000;102280;-50;6;140;1.000000;299.550000;283.250000;36;15000;2;1;1;10;1;1750;31;20;11;99170;mq;mq;mq;mq;mq;mq;mq;mq;mq;mq;mq;3.100000;-10;mq;mq;0.000000;-30;0.000000;0.000000;mq;mq;mq;710.000000;1103.000000;3100.000000;mq;1;8;1500;mq;mq;mq;mq;mq;mq;mq;mq;mq;
07314;20110926150000;102430;0;5;310;1.000000;294.950000;292.150000;84;mq;mq;mq;mq;mq;mq;mq;mq;mq;mq;102160;mq;mq;mq;mq;mq;mq;mq;mq;mq;mq;mq;1.500000;-10;mq;mq;mq;mq;0.000000;0.000000;mq;mq;mq;710.000000;1102.000000;mq;mq;mq;mq;mq;mq;mq;mq;mq;mq;mq;mq;mq;mq;
07335;20110926150000;102360;-30;6;200;2.100000;300.750000;286.650000;42;40000;2;1;1;60;1;1750;32;20;11;100980;mq;mq;mq;mq;mq;mq;mq;mq;mq;mq;mq;5.100000;-10;mq;mq;mq;mq;0.000000;0.000000;mq;mq;mq;710.000000;1105.000000;mq;mq;1;8;1500;5;0;7800;mq;mq;mq;mq;mq;mq;
07434;20110926150000;102320;-10;8;50;0.500000;298.450000;281.850000;35;40000;2;1;1;75;1;1250;31;20;12;97750;mq;mq;mq;mq;mq;mq;mq;mq;mq;mq;mq;3.100000;-10;mq;mq;0.000000;-30;0.000000;0.000000;mq;mq;mq;710.000000;1103.000000;3100.000000;mq;1;8;1350;6;0;7800;mq;mq;mq;mq;mq;mq;
07460;20110926150000;102240;-70;6;300;1.000000;299.050000;284.750000;41;40000;2;1;1;60;1;1750;32;23;12;98540;mq;mq;mq;mq;mq;mq;mq;mq;mq;mq;mq;5.100000;-10;mq;mq;0.000000;-30;0.000000;0.000000;mq;mq;mq;710.000000;1105.000000;3100.000000;mq;1;8;1500;5;0;6300;mq;mq;mq;mq;mq;mq;
07471;20110926150000;mq;-30;7;20;1.500000;297.050000;280.650000;35;20000;0;mq;mq;mq;mq;mq;mq;mq;mq;92900;85000;18350;mq;mq;mq;mq;mq;mq;mq;mq;mq;6.200000;-10;mq;mq;mq;mq;0.000000;0.000000;mq;mq;mq;710.000000;1106.000000;mq;mq;mq;mq;mq;mq;mq;mq;mq;mq;mq;mq;mq;mq;
07481;20110926150000;102250;-60;6;360;3.600000;299.050000;285.150000;42;30000;2;1;1;10;0;mq;30;20;11;99510;mq;mq;mq;mq;mq;mq;mq;mq;mq;mq;mq;6.200000;-10;mq;mq;0.000000;-30;0.000000;0.000000;mq;mq;mq;710.000000;1106.000000;3100.000000;mq;1;0;7800;mq;mq;mq;mq;mq;mq;mq;mq;mq;
07510;20110926150000;102280;-40;6;50;2.100000;302.350000;283.450000;31;30000;2;1;1;90;0;mq;30;20;12;101660;mq;mq;mq;mq;mq;mq;mq;mq;mq;mq;mq;5.700000;-10;mq;mq;0.000000;-30;0.000000;0.000000;mq;mq;mq;710.000000;1106.000000;3100.000000;mq;7;0;7800;mq;mq;mq;mq;mq;mq;mq;mq;mq;
07535;20110926150000;102220;-60;6;340;2.100000;301.050000;282.850000;32;20000;2;1;1;75;2;800;31;20;11;99260;mq;mq;mq;mq;mq;mq;mq;mq;mq;mq;mq;4.100000;-10;mq;mq;0.000000;-30;0.000000;0.000000;mq;mq;mq;710.000000;1104.000000;3100.000000;mq;2;8;690;5;0;6900;mq;mq;mq;mq;mq;mq;
07558;20110926150000;102070;-50;6;300;3.600000;297.750000;282.450000;38;40000;2;1;1;50;4;1250;31;20;12;94120;mq;mq;mq;mq;mq;mq;mq;mq;mq;mq;mq;6.700000;-10;mq;mq;0.000000;-30;0.000000;0.000000;mq;mq;mq;710.000000;1107.000000;3100.000000;mq;4;8;990;3;0;7500;mq;mq;mq;mq;mq;mq;
07577;20110926150000;102160;-90;6;30;5.700000;301.050000;286.150000;40;30000;2;1;1;10;1;1250;32;20;11;101310;mq;mq;mq;mq;mq;mq;mq;mq;mq;mq;mq;9.300000;-10;mq;mq;0.000000;-30;0.000000;0.000000;mq;mq;mq;710.000000;1109.000000;3100.000000;mq;1;8;1290;mq;mq;mq;mq;mq;mq;mq;mq;mq;
07591;20110926150000;mq;-80;6;220;3.600000;297.350000;280.950000;35;mq;0;mq;mq;mq;mq;mq;mq;mq;mq;92290;mq;mq;mq;mq;mq;mq;mq;mq;mq;mq;mq;8.200000;-10;mq;mq;mq;mq;0.000000;0.000000;mq;mq;mq;710.000000;1108.000000;mq;mq;mq;mq;mq;mq;mq;mq;mq;mq;mq;mq;mq;mq;
07607;20110926150000;102230;-60;6;160;0.500000;302.850000;284.350000;32;60000;0;mq;mq;mq;mq;mq;mq;mq;mq;101560;mq;mq;mq;mq;mq;mq;mq;mq;mq;mq;mq;4.100000;-10;mq;mq;mq;mq;0.000000;0.000000;mq;mq;mq;710.000000;1104.000000;mq;mq;mq;mq;mq;mq;mq;mq;mq;mq;mq;mq;mq;mq;
07621;20110926150000;102150;-40;6;360;2.100000;300.050000;284.550000;38;50000;2;1;1;40;1;2250;31;20;11;98040;mq;mq;mq;mq;mq;mq;mq;mq;mq;mq;mq;4.100000;-10;mq;mq;0.000000;-30;0.000000;0.000000;mq;mq;mq;710.000000;1104.000000;3100.000000;mq;1;8;1800;mq;mq;mq;mq;mq;mq;mq;mq;mq;
07627;20110926150000;102120;-50;6;330;1.000000;300.550000;280.950000;29;30000;2;1;1;10;1;2250;31;20;12;97500;mq;mq;mq;mq;mq;mq;mq;mq;mq;mq;mq;3.600000;-10;mq;mq;0.000000;-30;0.000000;0.000000;mq;mq;mq;710.000000;1104.000000;3100.000000;mq;1;8;2400;mq;mq;mq;mq;mq;mq;mq;mq;mq;
07630;20110926150000;102180;-90;6;70;1.500000;302.650000;280.550000;25;40000;2;1;1;50;1;2250;31;20;12;100470;mq;mq;mq;mq;mq;mq;mq;mq;mq;mq;mq;4.100000;-10;mq;mq;0.000000;-30;0.000000;0.000000;mq;mq;mq;710.000000;1104.000000;3100.000000;mq;1;8;1800;4;0;6300;mq;mq;mq;mq;mq;mq;
07643;20110926150000;102210;-70;6;210;4.100000;297.950000;288.550000;56;20000;2;1;1;10;1;1250;31;20;11;102120;mq;mq;mq;mq;mq;mq;mq;mq;mq;mq;mq;6.200000;-10;mq;mq;mq;mq;0.000000;0.000000;mq;mq;mq;710.000000;1106.000000;mq;mq;1;8;1290;mq;mq;mq;mq;mq;mq;mq;mq;mq;
07650;20110926150000;102140;-80;6;250;2.100000;301.950000;284.550000;34;40000;2;1;1;10;1;1750;32;20;10;101770;mq;mq;mq;mq;mq;mq;mq;mq;mq;mq;mq;3.100000;-10;mq;mq;0.000000;-30;0.000000;0.000000;mq;mq;mq;710.000000;1103.000000;3100.000000;mq;1;8;1500;mq;mq;mq;mq;mq;mq;mq;mq;mq;
07661;20110926150000;102170;-40;6;260;3.100000;299.450000;285.850000;43;17000;2;1;1;10;1;800;32;20;10;100630;mq;mq;mq;mq;mq;mq;mq;mq;mq;mq;mq;4.600000;-10;mq;mq;mq;mq;0.000000;0.000000;mq;mq;mq;710.000000;1105.000000;mq;mq;1;8;780;mq;mq;mq;mq;mq;mq;mq;mq;mq;
07690;20110926150000;102190;-30;6;190;2.100000;299.050000;289.850000;57;30000;2;1;1;10;1;1250;31;20;10;101870;mq;mq;mq;mq;mq;mq;mq;mq;mq;mq;mq;4.100000;-10;mq;mq;0.000000;-30;0.000000;0.000000;mq;mq;mq;710.000000;1104.000000;3100.000000;mq;1;8;1200;mq;mq;mq;mq;mq;mq;mq;mq;mq;
07747;20110926150000;102240;-50;6;100;4.100000;300.250000;287.950000;47;30000;2;1;1;10;1;1750;31;20;11;101730;mq;mq;mq;mq;mq;mq;mq;mq;mq;mq;mq;5.700000;-10;mq;mq;0.000000;-30;0.000000;0.000000;mq;mq;mq;710.000000;1106.000000;3100.000000;mq;1;8;1800;mq;mq;mq;mq;mq;mq;mq;mq;mq;
07761;20110926150000;102060;-30;8;200;3.600000;298.350000;291.550000;66;20000;91;9;8;40;1;1250;39;23;12;101960;mq;mq;mq;mq;mq;mq;mq;mq;mq;mq;mq;5.100000;-10;mq;mq;0.000000;-30;0.000000;0.000000;mq;mq;mq;710.000000;1105.000000;3100.000000;mq;1;8;990;1;9;1800;mq;mq;mq;mq;mq;mq;
07790;20110926150000;102060;-80;7;350;3.600000;299.850000;286.950000;45;40000;2;1;1;10;1;800;32;20;11;101920;mq;mq;mq;mq;mq;mq;mq;mq;mq;mq;mq;6.200000;-10;mq;mq;0.000000;-30;0.000000;0.000000;mq;mq;mq;710.000000;1106.000000;3100.000000;mq;1;8;780;mq;mq;mq;mq;mq;mq;mq;mq;mq;
61968;20110926150000;101550;mq;mq;40;1.000000;298.250000;292.650000;71;mq;mq;mq;mq;mq;mq;mq;mq;mq;mq;mq;mq;mq;mq;mq;mq;mq;mq;mq;mq;mq;mq;3.600000;-10;mq;mq;mq;mq;0.000000;0.000000;mq;mq;mq;710.000000;1104.000000;mq;mq;mq;mq;mq;mq;mq;mq;mq;mq;mq;mq;mq;mq;
61970;20110926150000;101770;mq;mq;mq;mq;299.150000;295.250000;79;mq;mq;mq;mq;mq;mq;mq;mq;mq;mq;mq;mq;mq;mq;mq;mq;mq;mq;mq;mq;mq;mq;mq;mq;mq;mq;mq;mq;0.000000;0.000000;mq;mq;mq;mq;mq;mq;mq;mq;mq;mq;mq;mq;mq;mq;mq;mq;mq;mq;mq;
61972;20110926150000;101900;mq;mq;180;4.600000;296.250000;292.650000;80;mq;mq;mq;mq;mq;mq;mq;mq;mq;mq;mq;mq;mq;mq;mq;mq;mq;mq;mq;mq;mq;mq;8.200000;-10;mq;mq;mq;mq;0.000000;0.000000;mq;mq;mq;710.000000;1108.000000;mq;mq;mq;mq;mq;mq;mq;mq;mq;mq;mq;mq;mq;mq;
61976;20110926150000;101850;mq;mq;120;10.300000;297.650000;293.950000;80;mq;mq;mq;mq;mq;mq;mq;mq;mq;mq;101700;mq;mq;mq;mq;mq;mq;mq;mq;mq;mq;mq;mq;mq;mq;mq;mq;mq;mq;0.000000;mq;mq;mq;mq;mq;mq;mq;mq;mq;mq;mq;mq;mq;mq;mq;mq;mq;mq;mq;
61980;20110926150000;102260;mq;mq;120;8.200000;293.650000;291.450000;87;10000;25;mq;mq;60;3;800;38;23;10;mq;mq;mq;130;mq;mq;mq;mq;mq;mq;mq;mq;14.400000;-10;mq;mq;mq;mq;0.200000;0.200000;mq;mq;mq;710.000000;1114.000000;2437.000000;mq;2;8;690;3;6;1380;mq;mq;mq;mq;mq;mq;
61998;20110926150000;100750;mq;mq;270;10.300000;275.850000;270.550000;68;mq;mq;mq;mq;mq;mq;mq;mq;mq;mq;mq;mq;mq;mq;mq;mq;mq;mq;mq;mq;mq;mq;17.000000;-10;mq;mq;mq;mq;0.000000;0.000000;mq;mq;mq;710.000000;1117.000000;mq;mq;mq;mq;mq;mq;mq;mq;mq;mq;mq;mq;mq;mq;
67005;20110926150000;101610;mq;mq;150;2.600000;299.150000;292.550000;67;30000;2;1;1;25;2;800;38;20;10;mq;mq;mq;mq;mq;mq;mq;mq;mq;mq;mq;mq;4.600000;-10;mq;mq;mq;mq;0.000000;0.000000;mq;mq;mq;710.000000;1105.000000;mq;mq;1;8;660;mq;mq;mq;mq;mq;mq;mq;mq;mq;
71805;20110926150000;100480;50;0;310;7.700000;291.350000;282.650000;57;40000;2;1;1;10;1;3500;30;23;10;100400;mq;mq;mq;mq;mq;mq;mq;mq;mq;mq;mq;12.300000;-10;mq;mq;0.000000;-30;0.000000;0.000000;mq;mq;mq;710.000000;1112.000000;3100.000000;mq;1;3;2400;mq;mq;mq;mq;mq;mq;mq;mq;mq;
78897;20110926150000;101420;20;0;160;4.100000;304.450000;297.050000;65;35000;2;1;1;50;4;800;38;20;11;mq;mq;mq;100;mq;mq;mq;mq;mq;mq;mq;mq;mq;mq;mq;mq;mq;mq;mq;mq;mq;mq;mq;mq;mq;mq;mq;4;8;690;4;0;7800;mq;mq;mq;mq;mq;mq;
78922;20110926150000;101490;70;0;120;3.100000;302.950000;298.450000;77;mq;mq;mq;mq;mq;mq;mq;mq;mq;mq;101050;mq;mq;mq;mq;mq;mq;mq;mq;mq;mq;mq;mq;mq;mq;mq;mq;mq;mq;mq;mq;mq;mq;mq;mq;mq;mq;mq;mq;mq;mq;mq;mq;mq;mq;mq;mq;mq;mq;
78925;20110926150000;101500;40;0;260;4.600000;306.250000;298.750000;65;20000;2;1;1;75;3;800;32;20;11;mq;mq;mq;100;mq;mq;mq;mq;mq;mq;mq;mq;mq;mq;mq;mq;mq;mq;mq;mq;mq;mq;mq;mq;mq;mq;mq;3;8;780;6;0;9000;mq;mq;mq;mq;mq;mq;
81401;20110926150000;101380;mq;mq;20;2.600000;305.750000;295.850000;56;mq;mq;mq;mq;mq;mq;mq;mq;mq;mq;101320;mq;mq;mq;mq;mq;mq;mq;mq;mq;mq;mq;mq;mq;mq;mq;mq;mq;mq;0.000000;mq;mq;mq;mq;mq;mq;mq;mq;mq;mq;mq;mq;mq;mq;mq;mq;mq;mq;mq;
81405;20110926150000;101410;mq;mq;60;3.100000;305.250000;296.250000;59;18000;2;1;1;50;3;1250;32;23;10;101320;mq;mq;mq;mq;mq;mq;mq;mq;mq;mq;mq;mq;mq;mq;mq;mq;mq;mq;0.000000;mq;mq;mq;mq;mq;mq;mq;mq;mq;mq;mq;mq;mq;mq;mq;mq;mq;mq;mq;
81408;20110926150000;101360;mq;mq;50;3.100000;306.050000;295.550000;54;mq;mq;mq;mq;mq;mq;mq;mq;mq;mq;101280;mq;mq;mq;mq;mq;mq;mq;mq;mq;mq;mq;mq;mq;mq;mq;mq;mq;mq;0.000000;mq;mq;mq;mq;mq;mq;mq;mq;mq;mq;mq;mq;mq;mq;mq;mq;mq;mq;mq;
89642;20110926150000;98160;140;3;80;8.700000;248.950000;244.850000;66;mq;mq;mq;mq;mq;mq;mq;mq;mq;mq;97580;mq;mq;mq;mq;mq;mq;mq;mq;mq;mq;mq;mq;mq;mq;mq;mq;mq;mq;mq;mq;mq;mq;mq;mq;mq;mq;mq;mq;mq;mq;mq;mq;mq;mq;mq;mq;mq;mq;
07005;20110926180000;102530;100;3;300;2.100000;290.650000;288.650000;88;mq;mq;mq;mq;mq;mq;mq;mq;mq;mq;101650;mq;mq;mq;287.450000;mq;294.750000;mq;mq;mq;mq;mq;3.100000;-10;mq;mq;mq;mq;0.000000;0.000000;mq;0.000000;mq;710.000000;1103.000000;mq;mq;mq;mq;mq;mq;mq;mq;mq;mq;mq;mq;mq;mq;
07015;20110926180000;102510;130;3;310;4.100000;291.550000;288.650000;83;30000;1;mq;mq;75;3;1250;35;23;10;101950;mq;mq;mq;286.750000;mq;297.450000;mq;mq;mq;mq;mq;5.700000;-10;mq;mq;0.000000;-60;0.000000;0.000000;mq;0.000000;mq;710.000000;1106.000000;3100.000000;mq;3;6;1200;5;3;2400;mq;mq;mq;mq;mq;mq;
07020;20110926180000;102510;90;3;200;2.100000;290.550000;288.850000;90;16000;2;1;1;90;1;1250;35;27;11;102250;mq;mq;mq;289.950000;mq;291.850000;mq;mq;mq;mq;mq;4.100000;-10;mq;mq;mq;mq;0.000000;0.000000;mq;0.000000;mq;710.000000;1104.000000;mq;mq;1;6;990;6;3;2400;mq;mq;mq;mq;mq;mq;
07027;20110926180000;102470;90;3;250;1.500000;292.750000;289.750000;83;35000;0;mq;mq;100;mq;800;mq;mq;mq;101680;mq;mq;mq;286.250000;mq;295.450000;mq;mq;mq;mq;mq;3.100000;-10;mq;mq;mq;mq;0.000000;0.000000;mq;0.000000;mq;710.000000;1103.000000;mq;mq;mq;mq;mq;mq;mq;mq;mq;mq;mq;mq;mq;mq;
07037;20110926180000;102490;90;3;300;1.500000;292.450000;290.250000;87;1200;10;mq;mq;mq;mq;800;mq;mq;mq;100700;mq;mq;mq;285.750000;mq;296.950000;mq;mq;mq;mq;mq;3.600000;-10;mq;mq;mq;mq;0.000000;0.000000;mq;0.200000;mq;710.000000;1104.000000;mq;mq;mq;mq;mq;mq;mq;mq;mq;mq;mq;mq;mq;mq;
07110;20110926180000;102440;110;3;210;2.100000;289.650000;288.350000;92;20000;2;1;1;75;6;150;35;20;10;101310;mq;mq;mq;289.650000;mq;292.750000;mq;mq;mq;mq;mq;6.700000;-10;mq;mq;mq;mq;0.000000;0.000000;mq;0.800000;mq;710.000000;1107.000000;mq;mq;5;6;150;6;6;330;mq;mq;mq;mq;mq;mq;
07117;20110926180000;102450;120;3;10;0.500000;289.650000;288.050000;90;15000;2;1;1;60;5;800;33;22;15;101760;mq;mq;mq;289.650000;mq;295.050000;mq;mq;mq;mq;mq;2.600000;-10;mq;mq;mq;mq;0.000000;0.000000;mq;1.000000;mq;710.000000;1103.000000;2427.000000;mq;mq;mq;mq;mq;mq;mq;mq;mq;mq;mq;mq;mq;
07130;20110926180000;102450;60;3;300;0.500000;294.450000;289.150000;72;25000;0;mq;mq;100;mq;mq;mq;mq;mq;101940;mq;mq;mq;287.950000;mq;297.950000;mq;mq;mq;mq;mq;1.000000;-10;mq;mq;mq;mq;0.000000;0.000000;mq;0.000000;mq;710.000000;1101.000000;mq;mq;mq;mq;mq;mq;mq;mq;mq;mq;mq;mq;mq;mq;
07139;20110926180000;102490;70;3;190;1.000000;293.950000;286.850000;64;mq;mq;mq;mq;mq;mq;mq;mq;mq;mq;100800;mq;mq;mq;286.350000;mq;296.850000;mq;mq;mq;mq;mq;2.600000;-10;mq;mq;mq;mq;0.000000;0.000000;mq;0.000000;mq;710.000000;1103.000000;mq;mq;mq;mq;mq;mq;mq;mq;mq;mq;mq;mq;mq;mq;
07149;20110926180000;102500;80;3;280;1.000000;293.350000;286.050000;63;30000;2;1;1;90;1;3500;30;28;12;101440;mq;mq;mq;286.850000;mq;299.150000;mq;mq;mq;mq;mq;3.100000;-10;mq;mq;0.000000;-60;0.000000;0.000000;mq;0.000000;mq;710.000000;1103.000000;3100.000000;mq;1;3;3300;7;0;7500;mq;mq;mq;mq;mq;mq;
07168;20110926180000;102520;90;3;290;1.500000;292.850000;287.450000;71;19000;0;mq;mq;mq;mq;mq;mq;mq;mq;101130;mq;mq;mq;283.550000;mq;299.850000;mq;mq;mq;mq;mq;1.500000;-10;mq;mq;mq;mq;0.000000;0.000000;mq;0.000000;mq;710.000000;1102.000000;mq;mq;mq;mq;mq;mq;mq;mq;mq;mq;mq;mq;mq;mq;
07181;20110926180000;102530;100;3;330;2.100000;292.350000;287.650000;74;55000;0;mq;mq;mq;mq;mq;mq;mq;mq;98540;mq;mq;mq;286.650000;mq;298.650000;mq;mq;mq;mq;mq;3.100000;-10;mq;mq;mq;mq;0.000000;0.000000;mq;0.000000;mq;710.000000;1103.000000;mq;mq;mq;mq;mq;mq;mq;mq;mq;mq;mq;mq;mq;mq;
07190;20110926180000;102460;90;3;0;0.000000;293.550000;287.850000;70;19000;0;mq;mq;mq;mq;mq;mq;mq;mq;100690;mq;mq;mq;283.750000;mq;300.050000;mq;mq;mq;mq;mq;1.500000;-10;mq;mq;mq;mq;0.000000;0.000000;mq;0.000000;mq;710.000000;1102.000000;mq;mq;mq;mq;mq;mq;mq;mq;mq;mq;mq;mq;mq;mq;
07207;20110926180000;mq;mq;mq;0;0.000000;291.150000;289.650000;91;6000;2;8;2;90;4;800;35;27;60;mq;mq;mq;mq;290.850000;mq;293.950000;mq;mq;mq;mq;mq;1.000000;-10;mq;mq;mq;mq;0.000000;0.000000;mq;0.000000;mq;710.000000;1101.000000;2426.000000;mq;mq;mq;mq;mq;mq;mq;mq;mq;mq;mq;mq;mq;
07222;20110926180000;102400;30;3;0;0.000000;294.750000;289.050000;70;25000;2;1;1;75;3;3500;30;23;12;102090;mq;mq;mq;286.150000;mq;299.450000;mq;mq;mq;mq;mq;mq;mq;mq;mq;mq;mq;mq;mq;mq;mq;mq;mq;mq;mq;mq;3;3;3600;4;0;6000;mq;mq;mq;mq;mq;mq;
07240;20110926180000;102440;50;3;10;1.500000;296.150000;288.250000;61;30000;0;mq;mq;90;0;8000;30;20;11;101140;mq;mq;mq;285.950000;mq;299.950000;mq;mq;mq;mq;mq;2.100000;-10;mq;mq;0.000000;-60;0.000000;0.000000;mq;0.000000;mq;710.000000;1102.000000;3100.000000;mq;7;0;7200;mq;mq;mq;mq;mq;mq;mq;mq;mq;
07255;20110926180000;102480;70;3;20;1.000000;295.850000;287.150000;58;19000;0;mq;mq;mq;mq;mq;mq;mq;mq;100550;mq;mq;mq;285.350000;mq;300.950000;mq;mq;mq;mq;mq;2.100000;-10;mq;mq;mq;mq;0.000000;0.000000;mq;0.000000;mq;710.000000;1102.000000;mq;mq;mq;mq;mq;mq;mq;mq;mq;mq;mq;mq;mq;mq;
07280;20110926180000;102440;90;3;0;0.000000;295.050000;286.950000;60;45000;0;mq;mq;mq;mq;1750;mq;mq;mq;99810;mq;mq;mq;284.250000;mq;301.050000;mq;mq;mq;mq;mq;1.500000;-10;mq;mq;mq;mq;0.000000;0.000000;mq;0.000000;mq;710.000000;1102.000000;mq;mq;mq;mq;mq;mq;mq;mq;mq;mq;mq;mq;mq;mq;
07299;20110926180000;102470;90;3;250;2.100000;289.850000;286.550000;81;15000;2;1;1;25;1;1750;31;20;11;99260;mq;mq;mq;284.750000;mq;299.950000;mq;mq;mq;mq;mq;2.600000;-10;mq;mq;0.000000;-60;0.000000;0.000000;mq;0.000000;mq;710.000000;1103.000000;3100.000000;mq;1;8;1500;mq;mq;mq;mq;mq;mq;mq;mq;mq;
07314;20110926180000;102440;10;3;20;0.500000;293.450000;291.550000;89;12000;2;1;1;90;4;3500;30;25;15;102170;mq;mq;mq;290.250000;mq;295.250000;mq;mq;mq;mq;mq;1.500000;-10;mq;mq;mq;mq;0.000000;0.000000;mq;0.200000;mq;710.000000;1102.000000;2427.000000;mq;4;3;2400;5;2;4800;mq;mq;mq;mq;mq;mq;
07335;20110926180000;102430;60;3;280;0.500000;296.750000;286.850000;54;55000;0;mq;mq;mq;mq;mq;mq;mq;mq;101040;mq;mq;mq;284.750000;mq;301.050000;mq;mq;mq;mq;mq;2.100000;-10;mq;mq;mq;mq;0.000000;0.000000;mq;0.200000;mq;710.000000;1102.000000;mq;mq;mq;mq;mq;mq;mq;mq;mq;mq;mq;mq;mq;mq;
07434;20110926180000;102440;70;3;10;2.600000;295.050000;285.050000;53;55000;0;mq;mq;mq;mq;mq;mq;mq;mq;97820;mq;mq;mq;286.850000;mq;299.050000;mq;mq;mq;mq;mq;3.600000;-10;mq;mq;mq;mq;0.000000;0.000000;mq;0.000000;mq;710.000000;1104.000000;mq;mq;mq;mq;mq;mq;mq;mq;mq;mq;mq;mq;mq;mq;
07460;20110926180000;102420;120;3;30;2.100000;294.550000;287.650000;65;40000;2;1;1;50;1;1750;34;20;11;98660;mq;mq;mq;286.250000;mq;300.150000;mq;mq;mq;mq;mq;4.600000;-10;mq;mq;0.000000;-60;0.000000;0.000000;mq;0.000000;mq;710.000000;1105.000000;3100.000000;mq;1;6;1800;4;0;6300;mq;mq;mq;mq;mq;mq;
07471;20110926180000;mq;110;3;270;1.000000;290.150000;283.050000;63;20000;0;mq;mq;mq;mq;mq;mq;mq;mq;93010;85000;18440;mq;280.150000;mq;297.450000;mq;mq;mq;mq;mq;4.600000;-10;mq;mq;mq;mq;0.000000;0.000000;mq;0.000000;mq;710.000000;1105.000000;mq;mq;mq;mq;mq;mq;mq;mq;mq;mq;mq;mq;mq;mq;
07481;20110926180000;102380;90;3;10;2.600000;295.250000;286.850000;59;35000;2;1;1;60;0;mq;30;20;11;99600;mq;mq;mq;286.450000;mq;299.350000;mq;mq;mq;mq;mq;5.100000;-10;mq;mq;0.000000;-60;0.000000;0.000000;mq;0.000000;mq;710.000000;1105.000000;3100.000000;mq;5;0;7800;mq;mq;mq;mq;mq;mq;mq;mq;mq;
07510;20110926180000;102360;70;3;50;2.600000;297.750000;284.350000;43;30000;2;1;1;90;0;mq;30;20;12;101730;mq;mq;mq;287.450000;mq;302.550000;mq;mq;mq;mq;mq;3.600000;-10;mq;mq;0.000000;-60;0.000000;0.000000;mq;0.000000;mq;710.000000;1104.000000;3100.000000;mq;7;0;7800;mq;mq;mq;mq;mq;mq;mq;mq;mq;
07535;20110926180000;102360;90;3;360;1.500000;296.150000;283.950000;46;mq;mq;mq;mq;mq;mq;mq;mq;mq;mq;99350;mq;mq;mq;286.450000;mq;301.550000;mq;mq;mq;mq;mq;4.600000;-10;mq;mq;mq;mq;0.000000;0.000000;mq;0.000000;mq;710.000000;1105.000000;mq;mq;mq;mq;mq;mq;mq;mq;mq;mq;mq;mq;mq;mq;
07558;20110926180000;102250;70;3;330;6.200000;294.050000;283.550000;51;mq;mq;mq;mq;mq;mq;mq;mq;mq;mq;94190;mq;mq;mq;285.650000;mq;299.950000;mq;mq;mq;mq;mq;8.200000;-10;mq;mq;mq;mq;0.000000;0.000000;mq;0.000000;mq;710.000000;1108.000000;mq;mq;mq;mq;mq;mq;mq;mq;mq;mq;mq;mq;mq;mq;
07577;20110926180000;102260;90;3;30;3.100000;297.450000;285.750000;48;20000;0;mq;mq;mq;mq;mq;mq;mq;mq;101400;mq;mq;mq;287.550000;mq;301.450000;mq;mq;mq;mq;mq;5.700000;-10;mq;mq;mq;mq;0.000000;0.000000;mq;0.000000;mq;710.000000;1106.000000;mq;mq;mq;mq;mq;mq;mq;mq;mq;mq;mq;mq;mq;mq;
07591;20110926180000;mq;150;3;340;1.500000;291.250000;283.850000;62;mq;0;mq;mq;mq;mq;mq;mq;mq;mq;92440;mq;mq;mq;284.850000;mq;298.050000;mq;mq;mq;mq;mq;3.600000;-10;mq;mq;mq;mq;0.000000;0.000000;mq;0.000000;mq;710.000000;1104.000000;mq;mq;mq;mq;mq;mq;mq;mq;mq;mq;mq;mq;mq;mq;
07607;20110926180000;102300;50;3;0;0.000000;295.750000;288.050000;62;60000;0;mq;mq;90;mq;mq;mq;mq;mq;101610;mq;mq;mq;284.550000;mq;303.250000;mq;mq;mq;mq;mq;1.500000;-10;mq;mq;mq;mq;0.000000;0.000000;mq;0.000000;mq;710.000000;1102.000000;mq;mq;mq;mq;mq;mq;mq;mq;mq;mq;mq;mq;mq;mq;
07621;20110926180000;102320;80;3;220;1.500000;293.350000;288.950000;76;50000;2;1;1;40;1;2250;31;20;11;98120;mq;mq;mq;286.050000;mq;300.450000;mq;mq;mq;mq;mq;2.100000;-10;mq;mq;0.000000;-60;0.000000;0.000000;mq;0.000000;mq;710.000000;1102.000000;3100.000000;mq;1;8;1800;3;0;6900;mq;mq;mq;mq;mq;mq;
07627;20110926180000;102350;90;3;180;1.000000;291.550000;285.550000;68;mq;mq;mq;mq;mq;mq;mq;mq;mq;mq;97590;mq;mq;mq;287.050000;mq;301.050000;mq;mq;mq;mq;mq;2.600000;-10;mq;mq;mq;mq;0.000000;0.000000;mq;0.000000;mq;710.000000;1103.000000;mq;mq;mq;mq;mq;mq;mq;mq;mq;mq;mq;mq;mq;mq;
07630;20110926180000;102260;70;3;360;2.100000;299.850000;282.250000;33;40000;2;1;1;90;0;8000;30;20;12;100540;mq;mq;mq;286.550000;mq;303.050000;mq;mq;mq;mq;mq;3.600000;-10;mq;mq;0.000000;-60;0.000000;0.000000;mq;0.000000;mq;710.000000;1104.000000;3100.000000;mq;7;0;7800;mq;mq;mq;mq;mq;mq;mq;mq;mq;
07643;20110926180000;102260;50;3;210;1.500000;295.350000;289.650000;70;20000;2;1;1;50;0;8000;30;20;11;102170;mq;mq;mq;288.050000;mq;300.550000;mq;mq;mq;mq;mq;5.700000;-10;mq;mq;mq;mq;0.000000;0.000000;mq;0.000000;mq;710.000000;1106.000000;mq;mq;4;0;7800;mq;mq;mq;mq;mq;mq;mq;mq;mq;
07650;20110926180000;102250;110;3;250;1.000000;296.450000;290.250000;68;25000;2;1;1;25;0;8000;30;20;12;101880;mq;mq;mq;290.050000;mq;302.250000;mq;mq;mq;mq;mq;5.700000;-10;mq;mq;0.000000;-60;0.000000;0.000000;mq;0.000000;mq;710.000000;1106.000000;3100.000000;mq;2;0;7500;mq;mq;mq;mq;mq;mq;mq;mq;mq;
07661;20110926180000;102260;70;3;330;3.600000;295.450000;289.450000;69;15000;2;1;1;10;1;800;32;20;10;100700;mq;mq;mq;292.750000;mq;300.050000;mq;mq;mq;mq;mq;5.100000;-10;mq;mq;mq;mq;0.000000;0.000000;mq;0.000000;mq;710.000000;1105.000000;mq;mq;1;8;780;mq;mq;mq;mq;mq;mq;mq;mq;mq;
07690;20110926180000;102280;80;3;0;0.000000;296.150000;289.250000;65;20000;2;1;1;10;1;1250;31;23;10;101950;mq;mq;mq;292.150000;mq;299.750000;mq;mq;mq;mq;mq;1.500000;-10;mq;mq;0.000000;-60;0.000000;0.000000;mq;0.000000;mq;710.000000;1102.000000;3100.000000;mq;1;8;1200;mq;mq;mq;mq;mq;mq;mq;mq;mq;
07747;20110926180000;102320;70;3;130;0.500000;295.450000;289.450000;69;19000;0;mq;mq;mq;mq;mq;mq;mq;mq;101800;mq;mq;mq;287.350000;mq;301.350000;mq;mq;mq;mq;mq;2.100000;-10;mq;mq;mq;mq;0.000000;0.000000;mq;0.000000;mq;710.000000;1102.000000;mq;mq;mq;mq;mq;mq;mq;mq;mq;mq;mq;mq;mq;mq;
07761;20110926180000;102130;60;3;300;0.500000;294.950000;291.150000;79;30000;1;9;8;10;1;3500;30;23;12;102020;mq;mq;mq;290.950000;mq;299.050000;mq;mq;mq;mq;mq;1.500000;-10;mq;mq;0.000000;-60;0.000000;0.000000;mq;0.000000;mq;710.000000;1102.000000;3100.000000;mq;1;3;5100;mq;mq;mq;mq;mq;mq;mq;mq;mq;
07790;20110926180000;102110;50;3;260;1.000000;293.950000;288.250000;70;30000;2;1;1;0;mq;mq;mq;mq;mq;101970;mq;mq;mq;290.850000;mq;300.850000;mq;mq;mq;mq;mq;4.100000;-10;mq;mq;0.000000;-60;0.000000;0.000000;mq;0.000000;mq;710.000000;1104.000000;3100.000000;mq;mq;mq;mq;mq;mq;mq;mq;mq;mq;mq;mq;mq;
61968;20110926180000;101730;mq;mq;0;0.000000;295.050000;292.250000;84;mq;mq;mq;mq;mq;mq;mq;mq;mq;mq;mq;mq;mq;mq;mq;mq;302.650000;mq;mq;mq;mq;mq;0.000000;-10;mq;mq;mq;mq;0.000000;mq;mq;0.000000;mq;710.000000;1100.000000;mq;mq;mq;mq;mq;mq;mq;mq;mq;mq;mq;mq;mq;mq;
61970;20110926180000;101920;mq;mq;mq;mq;298.250000;295.350000;84;mq;mq;mq;mq;mq;mq;mq;mq;mq;mq;mq;mq;mq;40;mq;mq;302.350000;mq;mq;mq;mq;mq;mq;mq;mq;mq;mq;mq;0.000000;mq;mq;0.000000;mq;mq;mq;mq;mq;mq;mq;mq;mq;mq;mq;mq;mq;mq;mq;mq;mq;
61972;20110926180000;101990;mq;mq;180;3.100000;294.550000;292.850000;90;mq;mq;mq;mq;mq;mq;mq;mq;mq;mq;mq;mq;mq;mq;mq;mq;299.850000;mq;mq;mq;mq;mq;4.600000;-10;mq;mq;mq;mq;0.000000;mq;mq;0.000000;mq;710.000000;1105.000000;mq;mq;mq;mq;mq;mq;mq;mq;mq;mq;mq;mq;mq;mq;
61976;20110926180000;101970;mq;mq;110;11.300000;297.650000;293.550000;78;mq;mq;mq;mq;mq;mq;mq;mq;mq;mq;101820;mq;mq;mq;mq;mq;mq;mq;mq;mq;mq;mq;mq;mq;mq;mq;mq;mq;mq;mq;mq;mq;mq;mq;mq;mq;mq;mq;mq;mq;mq;mq;mq;mq;mq;mq;mq;mq;mq;
61980;20110926180000;102400;mq;mq;130;9.800000;293.250000;290.650000;85;10000;25;8;2;40;3;800;38;20;10;mq;mq;mq;150;mq;mq;296.950000;mq;mq;mq;mq;mq;14.900000;-10;mq;mq;mq;mq;0.200000;mq;mq;9.000000;mq;710.000000;1115.000000;mq;mq;2;8;690;mq;mq;mq;mq;mq;mq;mq;mq;mq;
67005;20110926180000;101780;mq;mq;170;1.500000;297.450000;292.550000;74;mq;0;mq;mq;mq;mq;mq;mq;mq;mq;mq;mq;mq;0;mq;mq;301.950000;mq;mq;mq;mq;mq;3.100000;-10;mq;mq;mq;mq;0.000000;mq;mq;0.600000;mq;710.000000;1103.000000;mq;mq;mq;mq;mq;mq;mq;mq;mq;mq;mq;mq;mq;mq;
71805;20110926180000;100450;-30;5;290;9.800000;290.550000;281.450000;55;7000;0;mq;mq;mq;mq;mq;mq;mq;mq;100370;mq;mq;mq;mq;285.850000;292.050000;mq;mq;mq;mq;mq;13.900000;-10;mq;mq;mq;mq;0.000000;0.000000;mq;0.000000;mq;710.000000;1114.000000;mq;mq;mq;mq;mq;mq;mq;mq;mq;mq;mq;mq;mq;mq;
78897;20110926180000;101190;-230;6;270;5.100000;306.150000;296.450000;57;35000;2;1;1;50;4;1250;38;20;11;mq;mq;mq;80;mq;297.650000;306.450000;mq;mq;mq;mq;mq;mq;mq;mq;mq;mq;mq;mq;mq;0.000000;mq;0.000000;mq;mq;mq;mq;4;8;990;4;0;7800;mq;mq;mq;mq;mq;mq;
78922;20110926180000;101230;-260;8;170;3.600000;301.750000;298.750000;84;mq;mq;mq;mq;mq;mq;mq;mq;mq;mq;100790;mq;mq;mq;mq;mq;mq;mq;mq;mq;mq;mq;mq;mq;mq;mq;mq;mq;mq;mq;mq;mq;mq;mq;mq;mq;mq;mq;mq;mq;mq;mq;mq;mq;mq;mq;mq;mq;mq;
78925;20110926180000;101270;-230;6;270;5.100000;305.750000;297.750000;63;27000;0;mq;mq;mq;mq;mq;mq;mq;mq;mq;mq;mq;0;mq;296.950000;306.750000;mq;mq;mq;mq;mq;mq;mq;mq;mq;mq;mq;mq;mq;0.000000;mq;mq;mq;mq;mq;mq;mq;mq;mq;mq;mq;mq;mq;mq;mq;mq;mq;mq;
81401;20110926180000;101130;mq;mq;10;5.100000;305.350000;297.150000;62;mq;mq;mq;mq;mq;mq;mq;mq;mq;mq;101070;mq;mq;mq;mq;mq;mq;mq;mq;mq;mq;mq;mq;mq;mq;mq;mq;mq;mq;0.000000;0.000000;mq;mq;mq;mq;mq;mq;mq;mq;mq;mq;mq;mq;mq;mq;mq;mq;mq;mq;
81405;20110926180000;101190;mq;mq;40;4.600000;305.750000;296.450000;58;18000;2;1;1;40;2;1250;32;23;10;101100;mq;mq;mq;mq;mq;mq;mq;mq;mq;mq;mq;mq;mq;mq;mq;mq;mq;mq;0.000000;0.000000;mq;mq;mq;mq;mq;mq;mq;mq;mq;mq;mq;mq;mq;mq;mq;mq;mq;mq;
81408;20110926180000;101110;mq;mq;30;2.600000;306.450000;296.750000;57;mq;mq;mq;mq;mq;mq;mq;mq;mq;mq;101030;mq;mq;mq;mq;mq;mq;mq;mq;mq;mq;mq;mq;mq;mq;mq;mq;mq;mq;0.000000;0.000000;mq;mq;mq;mq;mq;mq;mq;mq;mq;mq;mq;mq;mq;mq;mq;mq;mq;mq;
89642;20110926180000;98280;120;3;100;4.100000;246.850000;242.650000;65;mq;mq;mq;mq;mq;mq;mq;mq;mq;mq;97700;mq;mq;mq;mq;mq;mq;mq;mq;mq;mq;mq;mq;mq;mq;mq;mq;mq;mq;mq;mq;mq;mq;mq;mq;mq;mq;mq;mq;mq;mq;mq;mq;mq;mq;mq;mq;mq;mq;
07005;20110926210000;102650;110;2;0;0.000000;289.250000;287.950000;92;mq;mq;mq;mq;mq;mq;mq;mq;mq;mq;101760;mq;mq;mq;mq;mq;mq;mq;mq;mq;mq;mq;1.000000;-10;mq;mq;mq;mq;0.000000;0.000000;mq;mq;mq;710.000000;1101.000000;mq;mq;mq;mq;mq;mq;mq;mq;mq;mq;mq;mq;mq;mq;
07015;20110926210000;102600;90;1;300;0.500000;289.950000;288.450000;91;15000;2;1;1;90;7;1250;35;61;60;102040;mq;mq;mq;mq;mq;mq;mq;mq;mq;mq;mq;1.500000;-10;mq;mq;0.000000;-30;0.000000;0.000000;mq;mq;mq;710.000000;1102.000000;3100.000000;mq;3;6;1200;7;6;1500;mq;mq;mq;mq;mq;mq;
07020;20110926210000;102650;130;1;210;1.500000;288.550000;287.450000;93;16000;2;1;1;40;3;800;35;20;10;102380;mq;mq;mq;mq;mq;mq;mq;mq;mq;mq;mq;2.600000;-10;mq;mq;mq;mq;0.000000;0.000000;mq;mq;mq;710.000000;1103.000000;mq;mq;3;6;900;mq;mq;mq;mq;mq;mq;mq;mq;mq;
07027;20110926210000;102620;140;1;0;0.000000;289.350000;288.550000;95;13000;0;mq;mq;mq;mq;mq;mq;mq;mq;101820;mq;mq;mq;mq;mq;mq;mq;mq;mq;mq;mq;1.500000;-10;mq;mq;mq;mq;0.000000;0.000000;mq;mq;mq;710.000000;1102.000000;mq;mq;mq;mq;mq;mq;mq;mq;mq;mq;mq;mq;mq;mq;
07037;20110926210000;102640;140;1;10;1.500000;290.750000;289.750000;94;17000;0;mq;mq;mq;mq;mq;mq;mq;mq;100840;mq;mq;mq;mq;mq;mq;mq;mq;mq;mq;mq;2.600000;-10;mq;mq;mq;mq;0.000000;0.000000;mq;mq;mq;710.000000;1103.000000;mq;mq;mq;mq;mq;mq;mq;mq;mq;mq;mq;mq;mq;mq;
07110;20110926210000;102550;100;1;200;2.600000;288.950000;288.650000;98;12000;3;4;2;75;6;150;36;20;10;101410;mq;mq;mq;mq;mq;mq;mq;mq;mq;mq;mq;4.600000;-10;mq;mq;mq;mq;0.000000;0.000000;mq;mq;mq;710.000000;1105.000000;mq;mq;6;7;150;mq;mq;mq;mq;mq;mq;mq;mq;mq;
07117;20110926210000;102580;120;1;100;2.600000;288.650000;288.050000;96;800;46;1;1;50;3;2250;30;24;15;101880;mq;mq;mq;mq;mq;mq;mq;mq;mq;mq;mq;3.600000;-10;mq;mq;mq;mq;0.000000;0.000000;mq;mq;mq;710.000000;1104.000000;2423.000000;mq;mq;mq;mq;mq;mq;mq;mq;mq;mq;mq;mq;mq;
07130;20110926210000;102600;140;1;0;0.000000;289.550000;288.550000;94;14000;0;mq;mq;mq;mq;mq;mq;mq;mq;102080;mq;mq;mq;mq;mq;mq;mq;mq;mq;mq;mq;1.000000;-10;mq;mq;mq;mq;0.000000;0.000000;mq;mq;mq;710.000000;1101.000000;mq;mq;mq;mq;mq;mq;mq;mq;mq;mq;mq;mq;mq;mq;
07139;20110926210000;102650;130;1;0;0.000000;288.350000;286.550000;89;mq;mq;mq;mq;mq;mq;mq;mq;mq;mq;100930;mq;mq;mq;mq;mq;mq;mq;mq;mq;mq;mq;1.500000;-10;mq;mq;mq;mq;0.000000;0.000000;mq;mq;mq;710.000000;1102.000000;mq;mq;mq;mq;mq;mq;mq;mq;mq;mq;mq;mq;mq;mq;
07149;20110926210000;102620;110;1;310;1.500000;291.350000;286.850000;75;30000;2;1;1;60;0;8000;30;20;11;101550;mq;mq;mq;mq;mq;mq;mq;mq;mq;mq;mq;2.600000;-10;mq;mq;0.000000;-30;0.000000;0.000000;mq;mq;mq;710.000000;1103.000000;3100.000000;mq;5;0;7500;mq;mq;mq;mq;mq;mq;mq;mq;mq;
07168;20110926210000;102650;110;1;160;0.500000;289.550000;287.050000;85;20000;0;mq;mq;mq;mq;mq;mq;mq;mq;101240;mq;mq;mq;mq;mq;mq;mq;mq;mq;mq;mq;1.000000;-10;mq;mq;mq;mq;0.000000;0.000000;mq;mq;mq;710.000000;1101.000000;mq;mq;mq;mq;mq;mq;mq;mq;mq;mq;mq;mq;mq;mq;
07181;20110926210000;102670;100;1;0;0.000000;289.450000;286.950000;85;50000;0;mq;mq;mq;mq;mq;mq;mq;mq;98640;mq;mq;mq;mq;mq;mq;mq;mq;mq;mq;mq;1.000000;-10;mq;mq;mq;mq;0.000000;0.000000;mq;mq;mq;710.000000;1101.000000;mq;mq;mq;mq;mq;mq;mq;mq;mq;mq;mq;mq;mq;mq;
07190;20110926210000;102620;130;1;250;0.500000;288.950000;286.650000;86;14000;0;mq;mq;mq;mq;mq;mq;mq;mq;100820;mq;mq;mq;mq;mq;mq;mq;mq;mq;mq;mq;2.100000;-10;mq;mq;mq;mq;0.000000;0.000000;mq;mq;mq;710.000000;1102.000000;mq;mq;mq;mq;mq;mq;mq;mq;mq;mq;mq;mq;mq;mq;
07207;20110926210000;mq;mq;mq;50;2.600000;290.350000;289.350000;94;7000;2;1;1;90;4;800;35;27;60;mq;mq;mq;mq;mq;mq;mq;mq;mq;mq;mq;mq;4.100000;-10;mq;mq;mq;mq;0.000000;0.000000;mq;mq;mq;710.000000;1104.000000;2426.000000;mq;mq;mq;mq;mq;mq;mq;mq;mq;mq;mq;mq;mq;
07222;20110926210000;102540;140;1;360;0.500000;290.250000;289.250000;94;12000;2;1;1;40;0;8000;30;20;11;102230;mq;mq;mq;mq;mq;mq;mq;mq;mq;mq;mq;2.100000;-10;mq;mq;mq;mq;0.000000;0.000000;mq;mq;mq;710.000000;1102.000000;mq;mq;3;0;7500;mq;mq;mq;mq;mq;mq;mq;mq;mq;
07240;20110926210000;102570;110;1;10;1.500000;292.750000;287.950000;74;30000;0;mq;mq;60;0;8000;30;20;11;101250;mq;mq;mq;mq;mq;mq;mq;mq;mq;mq;mq;2.100000;-10;mq;mq;0.000000;-30;0.000000;0.000000;mq;mq;mq;710.000000;1102.000000;3100.000000;mq;5;0;7800;mq;mq;mq;mq;mq;mq;mq;mq;mq;
07255;20110926210000;102600;100;1;70;1.500000;293.550000;286.750000;65;20000;0;mq;mq;mq;mq;mq;mq;mq;mq;100650;mq;mq;mq;mq;mq;mq;mq;mq;mq;mq;mq;2.600000;-10;mq;mq;mq;mq;0.000000;0.000000;mq;mq;mq;710.000000;1103.000000;mq;mq;mq;mq;mq;mq;mq;mq;mq;mq;mq;mq;mq;mq;
07280;20110926210000;102600;130;1;330;2.600000;291.950000;287.450000;75;40000;0;mq;mq;mq;mq;mq;mq;mq;mq;99940;mq;mq;mq;mq;mq;mq;mq;mq;mq;mq;mq;3.100000;-10;mq;mq;mq;mq;0.000000;0.000000;mq;mq;mq;710.000000;1103.000000;mq;mq;mq;mq;mq;mq;mq;mq;mq;mq;mq;mq;mq;mq;
07299;20110926210000;102690;160;1;250;1.000000;286.050000;284.650000;91;15000;2;1;1;10;0;mq;30;20;11;99420;mq;mq;mq;mq;mq;mq;mq;mq;mq;mq;mq;1.500000;-10;mq;mq;0.000000;-30;0.000000;0.000000;mq;mq;mq;710.000000;1102.000000;3100.000000;mq;1;0;7500;mq;mq;mq;mq;mq;mq;mq;mq;mq;
07314;20110926210000;102530;90;1;70;2.100000;292.450000;291.250000;93;12000;2;1;1;75;3;3500;30;25;15;102260;mq;mq;mq;mq;mq;mq;mq;mq;mq;mq;mq;2.600000;-10;mq;mq;mq;mq;0.000000;0.000000;mq;mq;mq;710.000000;1103.000000;mq;mq;3;3;2400;5;2;4800;mq;mq;mq;mq;mq;mq;
07335;20110926210000;102550;90;1;140;1.000000;291.850000;287.350000;75;50000;0;mq;mq;mq;mq;mq;mq;mq;mq;101130;mq;mq;mq;mq;mq;mq;mq;mq;mq;mq;mq;1.500000;-10;mq;mq;mq;mq;0.000000;0.000000;mq;mq;mq;710.000000;1102.000000;mq;mq;mq;mq;mq;mq;mq;mq;mq;mq;mq;mq;mq;mq;
07434;20110926210000;102550;70;1;40;2.100000;293.250000;284.950000;59;45000;0;mq;mq;mq;mq;mq;mq;mq;mq;97890;mq;mq;mq;mq;mq;mq;mq;mq;mq;mq;mq;3.600000;-10;mq;mq;mq;mq;0.000000;0.000000;mq;mq;mq;710.000000;1104.000000;mq;mq;mq;mq;mq;mq;mq;mq;mq;mq;mq;mq;mq;mq;
07460;20110926210000;102630;150;1;240;1.500000;290.450000;286.950000;80;20000;2;1;1;40;0;8000;30;20;11;98810;mq;mq;mq;mq;mq;mq;mq;mq;mq;mq;mq;1.500000;-10;mq;mq;0.000000;-30;0.000000;0.000000;mq;mq;mq;710.000000;1102.000000;3100.000000;mq;3;0;7800;mq;mq;mq;mq;mq;mq;mq;mq;mq;
07471;20110926210000;mq;140;1;240;1.500000;285.750000;282.550000;81;20000;0;mq;mq;mq;mq;mq;mq;mq;mq;93150;85000;18550;mq;mq;mq;mq;mq;mq;mq;mq;mq;2.600000;-10;mq;mq;mq;mq;0.000000;0.000000;mq;mq;mq;710.000000;1103.000000;mq;mq;mq;mq;mq;mq;mq;mq;mq;mq;mq;mq;mq;mq;
07481;20110926210000;102530;110;1;240;1.000000;291.350000;286.850000;75;35000;2;1;1;40;0;mq;30;20;11;99710;mq;mq;mq;mq;mq;mq;mq;mq;mq;mq;mq;2.100000;-10;mq;mq;0.000000;-30;0.000000;0.000000;mq;mq;mq;710.000000;1102.000000;3100.000000;mq;3;0;7800;mq;mq;mq;mq;mq;mq;mq;mq;mq;
07510;20110926210000;102460;90;1;20;1.500000;291.050000;287.350000;79;30000;2;1;1;90;0;mq;30;20;12;101820;mq;mq;mq;mq;mq;mq;mq;mq;mq;mq;mq;3.100000;-10;mq;mq;0.000000;-30;0.000000;0.000000;mq;mq;mq;710.000000;1103.000000;3100.000000;mq;7;0;7800;mq;mq;mq;mq;mq;mq;mq;mq;mq;
07535;20110926210000;102520;90;1;0;0.000000;289.650000;284.350000;71;mq;mq;mq;mq;mq;mq;mq;mq;mq;mq;99440;mq;mq;mq;mq;mq;mq;mq;mq;mq;mq;mq;2.100000;-10;mq;mq;mq;mq;0.000000;0.000000;mq;mq;mq;710.000000;1102.000000;mq;mq;mq;mq;mq;mq;mq;mq;mq;mq;mq;mq;mq;mq;
07558;20110926210000;102440;120;2;10;3.600000;291.750000;284.350000;62;mq;mq;mq;mq;mq;mq;mq;mq;mq;mq;94310;mq;mq;mq;mq;mq;mq;mq;mq;mq;mq;mq;8.200000;-10;mq;mq;mq;mq;0.000000;0.000000;mq;mq;mq;710.000000;1108.000000;mq;mq;mq;mq;mq;mq;mq;mq;mq;mq;mq;mq;mq;mq;
07577;20110926210000;102400;130;1;20;2.100000;294.850000;285.950000;57;20000;0;mq;mq;mq;mq;mq;mq;mq;mq;101530;mq;mq;mq;mq;mq;mq;mq;mq;mq;mq;mq;5.100000;-10;mq;mq;mq;mq;0.000000;0.000000;mq;mq;mq;710.000000;1105.000000;mq;mq;mq;mq;mq;mq;mq;mq;mq;mq;mq;mq;mq;mq;
07591;20110926210000;mq;150;1;40;3.100000;288.650000;283.150000;70;mq;0;mq;mq;mq;mq;mq;mq;mq;mq;92590;mq;mq;mq;mq;mq;mq;mq;mq;mq;mq;mq;4.600000;-10;mq;mq;mq;mq;0.000000;0.000000;mq;mq;mq;710.000000;1105.000000;mq;mq;mq;mq;mq;mq;mq;mq;mq;mq;mq;mq;mq;mq;
07607;20110926210000;102430;120;1;100;2.100000;291.350000;287.250000;77;40000;0;mq;mq;100;mq;mq;mq;mq;mq;101730;mq;mq;mq;mq;mq;mq;mq;mq;mq;mq;mq;2.100000;-10;mq;mq;mq;mq;0.000000;0.000000;mq;mq;mq;710.000000;1102.000000;mq;mq;mq;mq;mq;mq;mq;mq;mq;mq;mq;mq;mq;mq;
07621;20110926210000;102480;110;1;180;2.600000;290.350000;286.850000;80;20000;2;1;1;25;0;8000;30;20;11;98230;mq;mq;mq;mq;mq;mq;mq;mq;mq;mq;mq;3.600000;-10;mq;mq;0.000000;-30;0.000000;0.000000;mq;mq;mq;710.000000;1104.000000;3100.000000;mq;2;0;6900;mq;mq;mq;mq;mq;mq;mq;mq;mq;
07627;20110926210000;102530;120;1;270;0.500000;288.350000;285.250000;82;mq;mq;mq;mq;mq;mq;mq;mq;mq;mq;97710;mq;mq;mq;mq;mq;mq;mq;mq;mq;mq;mq;5.100000;-10;mq;mq;mq;mq;0.000000;0.000000;mq;mq;mq;710.000000;1105.000000;mq;mq;mq;mq;mq;mq;mq;mq;mq;mq;mq;mq;mq;mq;
07630;20110926210000;102400;110;1;330;1.000000;294.550000;283.650000;50;40000;2;1;1;90;0;8000;30;20;12;100650;mq;mq;mq;mq;mq;mq;mq;mq;mq;mq;mq;2.600000;-10;mq;mq;0.000000;-30;0.000000;0.000000;mq;mq;mq;710.000000;1103.000000;3100.000000;mq;7;0;7800;mq;mq;mq;mq;mq;mq;mq;mq;mq;
07643;20110926210000;102400;140;1;330;0.500000;292.750000;288.650000;77;15000;2;1;1;0;mq;mq;mq;mq;mq;102310;mq;mq;mq;mq;mq;mq;mq;mq;mq;mq;mq;1.500000;-10;mq;mq;mq;mq;0.000000;0.000000;mq;mq;mq;710.000000;1102.000000;mq;mq;mq;mq;mq;mq;mq;mq;mq;mq;mq;mq;mq;mq;
07650;20110926210000;102370;110;1;180;1.500000;293.450000;289.250000;77;20000;2;1;1;10;0;8000;30;20;12;101990;mq;mq;mq;mq;mq;mq;mq;mq;mq;mq;mq;2.600000;-10;mq;mq;0.000000;-30;0.000000;0.000000;mq;mq;mq;710.000000;1103.000000;3100.000000;mq;1;0;7500;mq;mq;mq;mq;mq;mq;mq;mq;mq;
07661;20110926210000;102340;80;1;350;2.600000;294.550000;288.650000;69;mq;mq;mq;mq;mq;mq;mq;mq;mq;mq;100780;mq;mq;mq;mq;mq;mq;mq;mq;mq;mq;mq;3.600000;-10;mq;mq;mq;mq;0.000000;0.000000;mq;mq;mq;710.000000;1104.000000;mq;mq;mq;mq;mq;mq;mq;mq;mq;mq;mq;mq;mq;mq;
07690;20110926210000;102370;90;1;330;4.600000;294.550000;287.450000;64;20000;2;1;1;25;2;3500;30;23;10;102040;mq;mq;mq;mq;mq;mq;mq;mq;mq;mq;mq;5.700000;-10;mq;mq;0.000000;-30;0.000000;0.000000;mq;mq;mq;710.000000;1106.000000;3100.000000;mq;2;3;2400;mq;mq;mq;mq;mq;mq;mq;mq;mq;
07747;20110926210000;102390;70;1;260;1.500000;291.250000;286.950000;76;29000;0;mq;mq;mq;mq;mq;mq;mq;mq;101870;mq;mq;mq;mq;mq;mq;mq;mq;mq;mq;mq;2.600000;-10;mq;mq;mq;mq;0.000000;0.000000;mq;mq;mq;710.000000;1103.000000;mq;mq;mq;mq;mq;mq;mq;mq;mq;mq;mq;mq;mq;mq;
07761;20110926210000;102240;110;1;50;4.100000;292.350000;288.650000;79;20000;2;1;1;0;mq;mq;mq;mq;mq;102130;mq;mq;mq;mq;mq;mq;mq;mq;mq;mq;mq;4.600000;-10;mq;mq;0.000000;-30;0.000000;0.000000;mq;mq;mq;710.000000;1105.000000;3100.000000;mq;mq;mq;mq;mq;mq;mq;mq;mq;mq;mq;mq;mq;
07790;20110926210000;102260;150;1;310;1.000000;292.050000;286.850000;72;30000;2;1;1;0;mq;mq;mq;mq;mq;102120;mq;mq;mq;mq;mq;mq;mq;mq;mq;mq;mq;3.100000;-10;mq;mq;0.000000;-30;0.000000;0.000000;mq;mq;mq;710.000000;1103.000000;3100.000000;mq;mq;mq;mq;mq;mq;mq;mq;mq;mq;mq;mq;mq;
61970;20110926210000;101830;mq;mq;mq;mq;298.050000;295.350000;85;mq;mq;mq;mq;mq;mq;mq;mq;mq;mq;mq;mq;mq;mq;mq;mq;mq;mq;mq;mq;mq;mq;mq;mq;mq;mq;mq;mq;0.000000;0.000000;mq;mq;mq;mq;mq;mq;mq;mq;mq;mq;mq;mq;mq;mq;mq;mq;mq;mq;mq;
61972;20110926210000;101950;mq;mq;170;3.100000;294.450000;293.050000;92;mq;mq;mq;mq;mq;mq;mq;mq;mq;mq;mq;mq;mq;mq;mq;mq;mq;mq;mq;mq;mq;mq;5.700000;-10;mq;mq;mq;mq;0.000000;0.000000;mq;mq;mq;710.000000;1106.000000;mq;mq;mq;mq;mq;mq;mq;mq;mq;mq;mq;mq;mq;mq;
61980;20110926210000;102330;mq;mq;120;8.200000;293.250000;289.250000;78;50000;0;mq;mq;mq;mq;1250;mq;mq;mq;mq;mq;mq;130;mq;mq;mq;mq;mq;mq;mq;mq;13.900000;-10;mq;mq;mq;mq;0.000000;0.000000;mq;mq;mq;710.000000;1114.000000;mq;mq;mq;mq;mq;mq;mq;mq;mq;mq;mq;mq;mq;mq;
61996;20110926210000;102360;mq;mq;200;6.700000;280.950000;227.650000;mq;mq;mq;mq;mq;mq;mq;mq;mq;mq;mq;mq;mq;mq;900;mq;mq;mq;mq;mq;mq;mq;mq;11.800000;-10;mq;mq;mq;mq;0.000000;0.000000;mq;mq;mq;710.000000;1112.000000;mq;mq;mq;mq;mq;mq;mq;mq;mq;mq;mq;mq;mq;mq;
61997;20110926210000;100130;mq;mq;320;27.800000;282.050000;279.850000;86;mq;mq;mq;mq;mq;mq;mq;mq;mq;mq;mq;mq;mq;mq;mq;mq;mq;mq;mq;mq;mq;mq;42.700000;-30;mq;mq;mq;mq;mq;0.200000;mq;mq;mq;1143.000000;mq;mq;mq;mq;mq;mq;mq;mq;mq;mq;mq;mq;mq;mq;mq;
61998;20110926210000;100770;mq;mq;270;6.200000;275.750000;270.850000;70;mq;mq;mq;mq;mq;mq;mq;mq;mq;mq;mq;mq;mq;mq;mq;mq;mq;mq;mq;mq;mq;mq;9.800000;-10;mq;mq;mq;mq;0.000000;0.000000;mq;mq;mq;710.000000;1110.000000;mq;mq;mq;mq;mq;mq;mq;mq;mq;mq;mq;mq;mq;mq;
67005;20110926210000;101630;mq;mq;350;2.600000;297.850000;291.750000;69;mq;0;mq;mq;mq;mq;mq;mq;mq;mq;mq;mq;mq;mq;mq;mq;mq;mq;mq;mq;mq;mq;3.600000;-10;mq;mq;mq;mq;0.000000;0.000000;mq;mq;mq;710.000000;1104.000000;mq;mq;mq;mq;mq;mq;mq;mq;mq;mq;mq;mq;mq;mq;
71805;20110926210000;100450;0;5;300;8.700000;287.750000;279.550000;58;35000;0;mq;mq;mq;mq;mq;mq;mq;mq;100370;mq;mq;mq;mq;mq;mq;mq;mq;mq;mq;mq;14.400000;-10;mq;mq;mq;mq;0.000000;0.000000;mq;mq;mq;710.000000;1114.000000;mq;mq;mq;mq;mq;mq;mq;mq;mq;mq;mq;mq;mq;mq;
78897;20110926210000;101220;30;3;280;3.600000;303.850000;296.550000;65;35000;2;1;1;60;4;1250;38;20;11;mq;mq;mq;130;mq;mq;mq;mq;mq;mq;mq;mq;mq;mq;mq;mq;mq;mq;mq;mq;mq;mq;mq;mq;mq;mq;mq;4;8;990;5;0;7800;mq;mq;mq;mq;mq;mq;
78922;20110926210000;101230;0;5;350;2.100000;303.950000;298.050000;71;mq;mq;mq;mq;mq;mq;mq;mq;mq;mq;100790;mq;mq;mq;mq;mq;mq;mq;mq;mq;mq;mq;mq;mq;mq;mq;mq;mq;mq;mq;mq;mq;mq;mq;mq;mq;mq;mq;mq;mq;mq;mq;mq;mq;mq;mq;mq;mq;mq;
78925;20110926210000;101250;-20;6;250;4.100000;304.250000;297.150000;66;20000;2;1;1;50;1;1250;31;20;11;mq;mq;mq;110;mq;mq;mq;mq;mq;mq;mq;mq;mq;mq;mq;mq;mq;mq;mq;mq;mq;mq;mq;mq;mq;mq;mq;1;8;1080;4;0;9000;mq;mq;mq;mq;mq;mq;
81401;20110926210000;101110;mq;mq;50;2.100000;303.650000;296.550000;66;mq;mq;mq;mq;mq;mq;mq;mq;mq;mq;101050;mq;mq;mq;mq;mq;mq;mq;mq;mq;mq;mq;mq;mq;mq;mq;mq;mq;mq;0.000000;mq;mq;mq;mq;mq;mq;mq;mq;mq;mq;mq;mq;mq;mq;mq;mq;mq;mq;mq;
81405;20110926210000;101150;mq;mq;30;3.100000;302.750000;297.650000;74;18000;2;1;1;10;1;800;32;23;10;101060;mq;mq;mq;mq;mq;mq;mq;mq;mq;mq;mq;mq;mq;mq;mq;mq;mq;mq;0.000000;mq;mq;mq;mq;mq;mq;mq;mq;mq;mq;mq;mq;mq;mq;mq;mq;mq;mq;mq;
81408;20110926210000;101100;mq;mq;10;3.600000;303.350000;297.250000;70;mq;mq;mq;mq;mq;mq;mq;mq;mq;mq;101020;mq;mq;mq;mq;mq;mq;mq;mq;mq;mq;mq;mq;mq;mq;mq;mq;mq;mq;0.000000;mq;mq;mq;mq;mq;mq;mq;mq;mq;mq;mq;mq;mq;mq;mq;mq;mq;mq;mq;
89642;20110926210000;98390;110;1;140;2.100000;247.350000;243.150000;65;mq;mq;mq;mq;mq;mq;mq;mq;mq;mq;97810;mq;mq;mq;mq;mq;mq;mq;mq;mq;mq;mq;mq;mq;mq;mq;mq;mq;mq;mq;mq;mq;mq;mq;mq;mq;mq;mq;mq;mq;mq;mq;mq;mq;mq;mq;mq;mq;mq;
07005;20110927000000;102700;50;2;150;1.500000;287.750000;286.950000;95;mq;mq;mq;mq;mq;mq;mq;mq;mq;mq;101810;mq;mq;mq;mq;mq;mq;mq;mq;mq;mq;mq;2.600000;-10;mq;mq;mq;mq;0.000000;0.000000;0.000000;mq;mq;710.000000;1103.000000;mq;mq;mq;mq;mq;mq;mq;mq;mq;mq;mq;mq;mq;mq;
07015;20110927000000;102670;70;1;0;0.000000;289.550000;288.250000;92;11000;0;mq;mq;90;mq;800;mq;mq;mq;102110;mq;mq;mq;mq;mq;mq;mq;mq;mq;mq;mq;1.000000;-10;mq;mq;mq;mq;0.000000;0.000000;0.000000;mq;mq;710.000000;1101.000000;mq;mq;mq;mq;mq;mq;mq;mq;mq;mq;mq;mq;mq;mq;
07020;20110927000000;102700;50;1;210;1.000000;286.550000;285.650000;94;16000;2;1;1;40;3;800;35;20;10;102430;mq;mq;mq;mq;mq;mq;mq;mq;mq;mq;mq;1.500000;-10;mq;mq;mq;mq;0.000000;0.000000;0.000000;mq;mq;710.000000;1102.000000;mq;mq;3;6;900;mq;mq;mq;mq;mq;mq;mq;mq;mq;
07027;20110927000000;102660;30;0;180;1.000000;287.750000;287.250000;97;7000;0;mq;mq;mq;mq;mq;mq;mq;mq;101850;mq;mq;mq;mq;mq;mq;mq;mq;mq;mq;mq;4.100000;-10;mq;mq;mq;mq;0.000000;0.000000;0.000000;mq;mq;710.000000;1104.000000;mq;mq;mq;mq;mq;mq;mq;mq;mq;mq;mq;mq;mq;mq;
07037;20110927000000;102700;40;1;60;1.000000;288.350000;288.150000;99;100;45;mq;mq;mq;mq;mq;mq;mq;mq;100880;mq;mq;mq;mq;mq;mq;mq;mq;mq;mq;mq;1.500000;-10;mq;mq;mq;mq;0.000000;0.000000;0.000000;mq;mq;710.000000;1102.000000;mq;mq;mq;mq;mq;mq;mq;mq;mq;mq;mq;mq;mq;mq;
07110;20110927000000;102590;40;0;200;0.500000;289.150000;288.850000;98;5000;3;4;2;100;8;250;36;61;60;101450;mq;mq;mq;mq;mq;mq;mq;mq;mq;mq;mq;3.100000;-10;mq;mq;mq;mq;0.000000;0.000000;0.000000;mq;mq;710.000000;1103.000000;mq;mq;8;7;270;mq;mq;mq;mq;mq;mq;mq;mq;mq;
07117;20110927000000;102610;30;0;70;1.000000;288.150000;287.650000;97;4000;2;1;1;0;mq;mq;mq;mq;mq;101910;mq;mq;mq;mq;mq;mq;mq;mq;mq;mq;mq;2.100000;-10;mq;mq;mq;mq;0.000000;0.200000;0.200000;mq;mq;710.000000;1102.000000;2426.000000;mq;mq;mq;mq;mq;mq;mq;mq;mq;mq;mq;mq;mq;
07130;20110927000000;102600;0;0;0;0.000000;287.950000;287.750000;99;100;45;mq;mq;mq;mq;mq;mq;mq;mq;102080;mq;mq;mq;mq;mq;mq;mq;mq;mq;mq;mq;1.500000;-10;mq;mq;mq;mq;0.000000;0.000000;0.000000;mq;mq;710.000000;1102.000000;mq;mq;mq;mq;mq;mq;mq;mq;mq;mq;mq;mq;mq;mq;
07139;20110927000000;102700;30;1;340;1.000000;285.550000;284.450000;93;mq;mq;mq;mq;mq;mq;mq;mq;mq;mq;100960;mq;mq;mq;mq;mq;mq;mq;mq;mq;mq;mq;2.100000;-10;mq;mq;mq;mq;0.000000;0.000000;0.000000;mq;mq;710.000000;1102.000000;mq;mq;mq;mq;mq;mq;mq;mq;mq;mq;mq;mq;mq;mq;
07149;20110927000000;102680;50;0;200;0.500000;289.450000;287.250000;87;20000;2;1;1;40;0;8000;30;20;11;101600;mq;mq;mq;mq;mq;mq;mq;mq;mq;mq;mq;1.500000;-10;mq;mq;0.000000;-60;0.000000;0.000000;0.000000;mq;mq;710.000000;1102.000000;3100.000000;mq;3;0;7500;mq;mq;mq;mq;mq;mq;mq;mq;mq;
07168;20110927000000;102720;60;1;0;0.000000;287.850000;286.550000;92;8000;0;mq;mq;mq;mq;mq;mq;mq;mq;101300;mq;mq;mq;mq;mq;mq;mq;mq;mq;mq;mq;1.500000;-10;mq;mq;mq;mq;0.000000;0.000000;0.000000;mq;mq;710.000000;1102.000000;mq;mq;mq;mq;mq;mq;mq;mq;mq;mq;mq;mq;mq;mq;
07181;20110927000000;102740;40;1;200;1.000000;287.450000;286.150000;92;40000;0;mq;mq;90;mq;mq;mq;mq;mq;98680;mq;mq;mq;mq;mq;mq;mq;mq;mq;mq;mq;1.500000;-10;mq;mq;mq;mq;0.000000;0.000000;0.000000;mq;mq;710.000000;1102.000000;mq;mq;mq;mq;mq;mq;mq;mq;mq;mq;mq;mq;mq;mq;
07190;20110927000000;102680;40;1;330;0.500000;286.850000;285.950000;94;3700;10;mq;mq;mq;mq;mq;mq;mq;mq;100860;mq;mq;mq;mq;mq;mq;mq;mq;mq;mq;mq;1.500000;-10;mq;mq;mq;mq;0.000000;0.000000;0.000000;mq;mq;710.000000;1102.000000;mq;mq;mq;mq;mq;mq;mq;mq;mq;mq;mq;mq;mq;mq;
07207;20110927000000;mq;mq;mq;60;4.600000;290.150000;288.850000;92;7000;2;1;1;75;6;800;35;20;10;mq;mq;mq;mq;mq;mq;mq;mq;mq;mq;mq;mq;6.200000;-10;mq;mq;mq;mq;0.000000;0.000000;0.000000;mq;mq;710.000000;1106.000000;2426.000000;mq;mq;mq;mq;mq;mq;mq;mq;mq;mq;mq;mq;mq;
07222;20110927000000;102530;10;0;0;0.000000;289.750000;288.750000;94;13000;0;mq;mq;90;mq;mq;mq;mq;mq;102220;mq;mq;mq;mq;mq;mq;mq;mq;mq;mq;mq;1.000000;-10;mq;mq;mq;mq;0.000000;0.000000;0.000000;mq;mq;710.000000;1101.000000;mq;mq;mq;mq;mq;mq;mq;mq;mq;mq;mq;mq;mq;mq;
07240;20110927000000;102630;50;1;40;1.500000;291.350000;287.250000;77;30000;0;mq;mq;90;1;3500;30;23;11;101300;mq;mq;mq;mq;mq;mq;mq;mq;mq;mq;mq;3.100000;-10;mq;mq;0.000000;-60;0.000000;0.000000;0.000000;mq;mq;710.000000;1103.000000;3100.000000;mq;1;3;3900;7;0;7800;mq;mq;mq;mq;mq;mq;
07255;20110927000000;102670;50;1;70;1.000000;289.650000;287.150000;85;20000;0;mq;mq;mq;mq;mq;mq;mq;mq;100700;mq;mq;mq;mq;mq;mq;mq;mq;mq;mq;mq;2.100000;-10;mq;mq;mq;mq;0.000000;0.000000;0.000000;mq;mq;710.000000;1102.000000;mq;mq;mq;mq;mq;mq;mq;mq;mq;mq;mq;mq;mq;mq;
07280;20110927000000;102640;10;0;330;2.600000;289.550000;286.850000;84;35000;0;mq;mq;mq;mq;mq;mq;mq;mq;99950;mq;mq;mq;mq;mq;mq;mq;mq;mq;mq;mq;3.600000;-10;mq;mq;mq;mq;0.000000;0.000000;0.000000;mq;mq;710.000000;1104.000000;mq;mq;mq;mq;mq;mq;mq;mq;mq;mq;mq;mq;mq;mq;
07299;20110927000000;102740;40;2;160;1.000000;284.550000;283.950000;96;14000;0;mq;mq;mq;mq;mq;mq;mq;mq;99460;mq;mq;mq;mq;mq;mq;mq;mq;mq;mq;mq;1.500000;-10;mq;mq;mq;mq;0.000000;0.000000;0.000000;mq;mq;710.000000;1102.000000;mq;mq;mq;mq;mq;mq;mq;mq;mq;mq;mq;mq;mq;mq;
07314;20110927000000;102530;0;0;50;2.100000;292.750000;291.450000;92;18000;2;1;1;75;3;3500;30;25;15;102260;mq;mq;mq;mq;mq;mq;mq;mq;mq;mq;mq;3.100000;-10;mq;mq;mq;mq;0.000000;0.000000;0.000000;mq;mq;710.000000;1103.000000;2427.000000;mq;3;3;2400;5;2;4800;mq;mq;mq;mq;mq;mq;
07335;20110927000000;102610;50;1;40;1.500000;289.450000;287.250000;87;23000;0;mq;mq;mq;mq;mq;mq;mq;mq;101180;mq;mq;mq;mq;mq;mq;mq;mq;mq;mq;mq;2.100000;-10;mq;mq;mq;mq;0.000000;0.000000;0.000000;mq;mq;710.000000;1102.000000;mq;mq;mq;mq;mq;mq;mq;mq;mq;mq;mq;mq;mq;mq;
07434;20110927000000;102560;-10;8;50;2.600000;291.550000;284.350000;63;45000;0;mq;mq;mq;mq;mq;mq;mq;mq;97880;mq;mq;mq;mq;mq;mq;mq;mq;mq;mq;mq;4.100000;-10;mq;mq;mq;mq;0.000000;0.000000;0.000000;mq;mq;710.000000;1104.000000;mq;mq;mq;mq;mq;mq;mq;mq;mq;mq;mq;mq;mq;mq;
07460;20110927000000;102650;-10;8;0;0.000000;288.150000;286.050000;87;20000;2;1;1;10;1;3500;30;22;11;98800;mq;mq;mq;mq;mq;mq;mq;mq;mq;mq;mq;1.000000;-10;mq;mq;0.000000;-60;0.000000;0.000000;0.000000;mq;mq;710.000000;1101.000000;3100.000000;mq;1;3;4800;mq;mq;mq;mq;mq;mq;mq;mq;mq;
07471;20110927000000;mq;0;0;230;2.100000;284.950000;283.550000;91;19000;0;mq;mq;mq;mq;mq;mq;mq;mq;93150;85000;18550;mq;mq;mq;mq;mq;mq;mq;mq;mq;2.600000;-10;mq;mq;mq;mq;0.000000;0.000000;0.000000;mq;mq;710.000000;1103.000000;mq;mq;mq;mq;mq;mq;mq;mq;mq;mq;mq;mq;mq;mq;
07481;20110927000000;102570;20;1;0;0.000000;289.650000;286.550000;82;20000;2;1;1;40;0;mq;30;20;11;99730;mq;mq;mq;mq;mq;mq;mq;mq;mq;mq;mq;1.000000;-10;mq;mq;0.000000;-60;0.000000;0.000000;0.000000;mq;mq;710.000000;1101.000000;3100.000000;mq;3;0;7800;mq;mq;mq;mq;mq;mq;mq;mq;mq;
07510;20110927000000;102440;-20;8;30;1.500000;290.850000;288.150000;84;20000;2;1;1;40;0;mq;30;20;12;101800;mq;mq;mq;mq;mq;mq;mq;mq;mq;mq;mq;2.100000;-10;mq;mq;0.000000;-60;0.000000;0.000000;0.000000;mq;mq;710.000000;1102.000000;3100.000000;mq;3;0;7800;mq;mq;mq;mq;mq;mq;mq;mq;mq;
07535;20110927000000;102530;-10;8;320;0.500000;288.250000;283.250000;72;mq;mq;mq;mq;mq;mq;mq;mq;mq;mq;99430;mq;mq;mq;mq;mq;mq;mq;mq;mq;mq;mq;2.100000;-10;mq;mq;mq;mq;0.000000;0.000000;0.000000;mq;mq;710.000000;1102.000000;mq;mq;mq;mq;mq;mq;mq;mq;mq;mq;mq;mq;mq;mq;
07558;20110927000000;102520;30;1;40;3.100000;290.250000;284.050000;67;mq;mq;mq;mq;mq;mq;mq;mq;mq;mq;94340;mq;mq;mq;mq;mq;mq;mq;mq;mq;mq;mq;5.100000;-10;mq;mq;mq;mq;0.000000;0.000000;0.000000;mq;mq;710.000000;1105.000000;mq;mq;mq;mq;mq;mq;mq;mq;mq;mq;mq;mq;mq;mq;
07577;20110927000000;102420;20;1;20;4.600000;294.050000;286.250000;61;20000;0;mq;mq;mq;mq;mq;mq;mq;mq;101550;mq;mq;mq;mq;mq;mq;mq;mq;mq;mq;mq;7.200000;-10;mq;mq;mq;mq;0.000000;0.000000;0.000000;mq;mq;710.000000;1107.000000;mq;mq;mq;mq;mq;mq;mq;mq;mq;mq;mq;mq;mq;mq;
07591;20110927000000;mq;20;1;30;3.600000;287.850000;280.650000;62;mq;0;mq;mq;mq;mq;mq;mq;mq;mq;92610;mq;mq;mq;mq;mq;mq;mq;mq;mq;mq;mq;6.700000;-10;mq;mq;mq;mq;0.000000;0.000000;0.000000;mq;mq;710.000000;1107.000000;mq;mq;mq;mq;mq;mq;mq;mq;mq;mq;mq;mq;mq;mq;
07607;20110927000000;102410;-30;8;110;1.500000;287.850000;285.750000;87;27000;0;mq;mq;mq;mq;mq;mq;mq;mq;101700;mq;mq;mq;mq;mq;mq;mq;mq;mq;mq;mq;2.100000;-10;mq;mq;mq;mq;0.000000;0.000000;0.000000;mq;mq;710.000000;1102.000000;mq;mq;mq;mq;mq;mq;mq;mq;mq;mq;mq;mq;mq;mq;
07621;20110927000000;102480;-50;8;170;1.500000;287.250000;285.150000;87;20000;2;1;1;40;0;8000;30;20;11;98180;mq;mq;mq;mq;mq;mq;mq;mq;mq;mq;mq;2.600000;-10;mq;mq;0.000000;-60;0.000000;0.000000;0.000000;mq;mq;710.000000;1103.000000;3100.000000;mq;3;0;6900;mq;mq;mq;mq;mq;mq;mq;mq;mq;
07627;20110927000000;102540;-20;8;0;0.000000;287.050000;284.250000;83;mq;mq;mq;mq;mq;mq;mq;mq;mq;mq;97690;mq;mq;mq;mq;mq;mq;mq;mq;mq;mq;mq;3.600000;-10;mq;mq;mq;mq;0.000000;0.000000;0.000000;mq;mq;710.000000;1104.000000;mq;mq;mq;mq;mq;mq;mq;mq;mq;mq;mq;mq;mq;mq;
07630;20110927000000;102440;10;1;190;1.500000;290.250000;285.750000;75;35000;0;mq;mq;mq;mq;mq;mq;mq;mq;100660;mq;mq;mq;mq;mq;mq;mq;mq;mq;mq;mq;2.100000;-10;mq;mq;mq;mq;0.000000;0.000000;0.000000;mq;mq;710.000000;1102.000000;mq;mq;mq;mq;mq;mq;mq;mq;mq;mq;mq;mq;mq;mq;
07643;20110927000000;102400;0;0;280;1.500000;292.650000;287.650000;73;21000;0;mq;mq;mq;mq;mq;mq;mq;mq;102310;mq;mq;mq;mq;mq;mq;mq;mq;mq;mq;mq;2.600000;-10;mq;mq;mq;mq;0.000000;0.000000;0.000000;mq;mq;710.000000;1103.000000;mq;mq;mq;mq;mq;mq;mq;mq;mq;mq;mq;mq;mq;mq;
07650;20110927000000;102330;-40;8;120;1.000000;290.450000;287.550000;83;12000;0;mq;mq;mq;mq;mq;mq;mq;mq;101950;mq;mq;mq;mq;mq;mq;mq;mq;mq;mq;mq;3.100000;-10;mq;mq;mq;mq;0.000000;0.000000;0.000000;mq;mq;710.000000;1103.000000;mq;mq;mq;mq;mq;mq;mq;mq;mq;mq;mq;mq;mq;mq;
07661;20110927000000;102330;-20;8;20;1.500000;293.950000;286.850000;64;mq;mq;mq;mq;mq;mq;mq;mq;mq;mq;100760;mq;mq;mq;mq;mq;mq;mq;mq;mq;mq;mq;2.100000;-10;mq;mq;mq;mq;0.000000;0.000000;0.000000;mq;mq;710.000000;1102.000000;mq;mq;mq;mq;mq;mq;mq;mq;mq;mq;mq;mq;mq;mq;
07690;20110927000000;102370;0;0;330;4.600000;293.950000;286.350000;62;20000;2;1;1;10;1;3500;30;23;10;102040;mq;mq;mq;mq;mq;mq;mq;mq;mq;mq;mq;7.200000;-10;mq;mq;0.000000;-60;0.000000;0.000000;0.000000;mq;mq;710.000000;1107.000000;3100.000000;mq;1;3;2700;mq;mq;mq;mq;mq;mq;mq;mq;mq;
07747;20110927000000;102380;-10;8;240;2.100000;291.750000;285.750000;68;45000;0;mq;mq;mq;mq;mq;mq;mq;mq;101860;mq;mq;mq;mq;mq;mq;mq;mq;mq;mq;mq;3.100000;-10;mq;mq;mq;mq;0.000000;0.000000;0.000000;mq;mq;710.000000;1103.000000;mq;mq;mq;mq;mq;mq;mq;mq;mq;mq;mq;mq;mq;mq;
07761;20110927000000;102210;-30;7;40;3.600000;290.350000;286.850000;80;20000;2;1;1;0;mq;mq;mq;mq;mq;102100;mq;mq;mq;mq;mq;mq;mq;mq;mq;mq;mq;5.100000;-10;mq;mq;0.000000;-60;0.000000;0.000000;0.000000;mq;mq;710.000000;1105.000000;3100.000000;mq;mq;mq;mq;mq;mq;mq;mq;mq;mq;mq;mq;mq;
07790;20110927000000;102250;-10;8;210;2.100000;291.850000;286.050000;69;35000;0;mq;mq;mq;mq;mq;mq;mq;mq;102110;mq;mq;mq;mq;mq;mq;mq;mq;mq;mq;mq;3.100000;-10;mq;mq;mq;mq;0.000000;0.000000;0.000000;mq;mq;710.000000;1103.000000;mq;mq;mq;mq;mq;mq;mq;mq;mq;mq;mq;mq;mq;mq;
61970;20110927000000;101710;mq;mq;mq;mq;297.850000;295.150000;85;mq;mq;mq;mq;mq;mq;mq;mq;mq;mq;mq;mq;mq;mq;mq;mq;mq;mq;mq;mq;mq;mq;mq;mq;mq;mq;mq;mq;mq;mq;mq;mq;mq;mq;mq;mq;mq;mq;mq;mq;mq;mq;mq;mq;mq;mq;mq;mq;mq;
61972;20110927000000;101790;mq;mq;170;1.500000;293.650000;292.850000;95;mq;mq;mq;mq;mq;mq;mq;mq;mq;mq;mq;mq;mq;mq;mq;mq;mq;mq;mq;mq;mq;mq;2.600000;-10;mq;mq;mq;mq;0.000000;mq;0.000000;mq;mq;710.000000;1103.000000;mq;mq;mq;mq;mq;mq;mq;mq;mq;mq;mq;mq;mq;mq;
61980;20110927000000;102200;mq;mq;120;8.200000;293.350000;287.750000;70;60000;0;mq;mq;100;mq;1250;mq;mq;mq;mq;mq;mq;90;mq;mq;mq;mq;mq;mq;mq;mq;12.300000;-10;mq;mq;mq;mq;0.000000;mq;0.000000;mq;mq;710.000000;1112.000000;mq;mq;mq;mq;mq;mq;mq;mq;mq;mq;mq;mq;mq;mq;
67005;20110927000000;101550;mq;mq;210;5.700000;297.950000;294.250000;80;mq;0;mq;mq;mq;mq;mq;mq;mq;mq;mq;mq;mq;mq;mq;mq;mq;mq;mq;mq;mq;mq;9.300000;-10;mq;mq;mq;mq;0.000000;mq;0.000000;mq;mq;710.000000;1109.000000;mq;mq;mq;mq;mq;mq;mq;mq;mq;mq;mq;mq;mq;mq;
71805;20110927000000;100680;230;2;330;6.200000;285.450000;279.750000;68;60000;0;mq;mq;mq;mq;mq;mq;mq;mq;100600;mq;mq;mq;mq;mq;mq;mq;mq;mq;mq;mq;12.300000;-10;mq;mq;mq;mq;0.000000;0.000000;0.000000;mq;mq;710.000000;1112.000000;mq;mq;mq;mq;mq;mq;mq;mq;mq;mq;mq;mq;mq;mq;
78897;20110927000000;101290;70;1;280;2.100000;300.250000;297.350000;84;35000;2;1;1;90;2;800;32;20;12;mq;mq;mq;10;297.650000;mq;306.450000;mq;mq;mq;mq;mq;mq;mq;mq;mq;mq;mq;mq;mq;0.000000;mq;0.000000;mq;mq;mq;mq;2;8;600;7;0;7800;mq;mq;mq;mq;mq;mq;
78922;20110927000000;101320;90;2;240;2.600000;300.450000;297.150000;82;mq;mq;mq;mq;mq;mq;mq;mq;mq;mq;100880;mq;mq;mq;mq;mq;mq;mq;mq;mq;mq;mq;mq;mq;mq;mq;mq;mq;mq;mq;mq;mq;mq;mq;mq;mq;mq;mq;mq;mq;mq;mq;mq;mq;mq;mq;mq;mq;mq;
78925;20110927000000;101320;70;3;190;1.500000;300.850000;298.050000;85;20000;2;1;1;75;2;800;31;20;11;mq;mq;mq;10;296.950000;mq;306.750000;mq;mq;mq;mq;mq;mq;mq;mq;mq;mq;mq;mq;mq;0.000000;mq;0.000000;mq;mq;mq;mq;2;8;780;6;0;9000;mq;mq;mq;mq;mq;mq;
81401;20110927000000;101230;mq;mq;90;1.000000;299.150000;295.650000;81;mq;mq;mq;mq;mq;mq;mq;mq;mq;mq;101170;mq;mq;mq;mq;mq;307.450000;mq;mq;mq;mq;mq;mq;mq;mq;mq;mq;mq;mq;0.000000;0.000000;mq;mq;mq;mq;mq;mq;mq;mq;mq;mq;mq;mq;mq;mq;mq;mq;mq;mq;
81405;20110927000000;101290;mq;mq;60;1.000000;299.150000;297.550000;91;35000;0;mq;mq;mq;mq;800;mq;mq;mq;101200;mq;mq;mq;mq;mq;305.950000;mq;mq;mq;mq;mq;mq;mq;mq;mq;mq;mq;mq;0.000000;0.000000;mq;mq;mq;mq;mq;mq;mq;mq;mq;mq;mq;mq;mq;mq;mq;mq;mq;mq;
81408;20110927000000;101290;mq;mq;80;1.000000;299.950000;297.250000;85;mq;mq;mq;mq;mq;mq;mq;mq;mq;mq;101210;mq;mq;mq;mq;mq;307.850000;mq;mq;mq;mq;mq;mq;mq;mq;mq;mq;mq;mq;0.000000;0.000000;mq;mq;mq;mq;mq;mq;mq;mq;mq;mq;mq;mq;mq;mq;mq;mq;mq;mq;
89642;20110927000000;98600;210;3;90;2.600000;249.350000;244.450000;61;40000;2;1;1;10;1;450;31;20;11;98020;mq;mq;mq;246.450000;mq;251.250000;mq;mq;mq;mq;mq;mq;mq;mq;mq;mq;mq;mq;mq;mq;mq;mq;mq;mq;mq;mq;1;8;390;mq;mq;mq;mq;mq;mq;mq;mq;mq;
07005;20110927030000;102750;40;3;100;2.100000;286.250000;285.650000;96;mq;mq;mq;mq;mq;mq;mq;mq;mq;mq;101850;mq;mq;mq;mq;mq;mq;mq;mq;mq;mq;mq;2.600000;-10;mq;mq;mq;mq;0.200000;0.200000;mq;mq;mq;710.000000;1103.000000;mq;mq;mq;mq;mq;mq;mq;mq;mq;mq;mq;mq;mq;mq;
07015;20110927030000;102750;70;2;0;0.000000;286.850000;286.250000;96;100;44;mq;mq;0;mq;mq;mq;mq;mq;102180;mq;mq;mq;mq;mq;mq;mq;mq;mq;mq;mq;0.500000;-10;mq;mq;0.000000;-30;0.000000;0.000000;mq;mq;mq;710.000000;1101.000000;3100.000000;mq;mq;mq;mq;mq;mq;mq;mq;mq;mq;mq;mq;mq;
07020;20110927030000;102740;40;1;0;0.000000;285.950000;285.050000;94;12000;2;1;1;0;mq;mq;mq;mq;mq;102470;mq;mq;mq;mq;mq;mq;mq;mq;mq;mq;mq;1.500000;-10;mq;mq;mq;mq;0.000000;0.200000;mq;mq;mq;710.000000;1102.000000;mq;mq;mq;mq;mq;mq;mq;mq;mq;mq;mq;mq;mq;mq;
07027;20110927030000;102710;50;2;160;0.500000;286.250000;285.950000;98;200;45;mq;mq;mq;mq;mq;mq;mq;mq;101900;mq;mq;mq;mq;mq;mq;mq;mq;mq;mq;mq;2.100000;-10;mq;mq;mq;mq;0.000000;0.000000;mq;mq;mq;710.000000;1102.000000;mq;mq;mq;mq;mq;mq;mq;mq;mq;mq;mq;mq;mq;mq;
07037;20110927030000;102750;40;1;100;1.500000;286.850000;286.850000;100;200;45;mq;mq;mq;mq;mq;mq;mq;mq;100920;mq;mq;mq;mq;mq;mq;mq;mq;mq;mq;mq;2.100000;-10;mq;mq;mq;mq;0.000000;0.000000;mq;mq;mq;710.000000;1102.000000;mq;mq;mq;mq;mq;mq;mq;mq;mq;mq;mq;mq;mq;mq;
07110;20110927030000;102590;0;0;130;1.500000;288.950000;288.750000;99;2500;10;4;2;100;8;150;36;61;60;101450;mq;mq;mq;mq;mq;mq;mq;mq;mq;mq;mq;2.600000;-10;mq;mq;mq;mq;0.000000;0.000000;mq;mq;mq;710.000000;1103.000000;mq;mq;8;7;120;mq;mq;mq;mq;mq;mq;mq;mq;mq;
07117;20110927030000;102640;30;1;150;1.500000;288.850000;288.250000;96;12000;11;1;1;0;mq;mq;mq;mq;mq;101940;mq;mq;mq;mq;mq;mq;mq;mq;mq;mq;mq;4.600000;-10;mq;mq;mq;mq;0.000000;0.000000;mq;mq;mq;710.000000;1105.000000;2427.000000;mq;mq;mq;mq;mq;mq;mq;mq;mq;mq;mq;mq;mq;
07130;20110927030000;102650;50;1;0;0.000000;286.650000;286.450000;99;100;45;mq;mq;mq;mq;mq;mq;mq;mq;102130;mq;mq;mq;mq;mq;mq;mq;mq;mq;mq;mq;1.000000;-10;mq;mq;mq;mq;0.200000;0.200000;mq;mq;mq;710.000000;1101.000000;mq;mq;mq;mq;mq;mq;mq;mq;mq;mq;mq;mq;mq;mq;
07139;20110927030000;102740;30;3;10;0.500000;284.750000;283.650000;93;mq;mq;mq;mq;mq;mq;mq;mq;mq;mq;100990;mq;mq;mq;mq;mq;mq;mq;mq;mq;mq;mq;1.000000;-10;mq;mq;mq;mq;0.000000;0.000000;mq;mq;mq;710.000000;1101.000000;mq;mq;mq;mq;mq;mq;mq;mq;mq;mq;mq;mq;mq;mq;
07149;20110927030000;102740;50;3;290;1.000000;286.550000;285.650000;94;18000;2;1;1;10;0;8000;30;20;11;101650;mq;mq;mq;mq;mq;mq;mq;mq;mq;mq;mq;2.100000;-10;mq;mq;0.000000;-30;0.000000;0.000000;mq;mq;mq;710.000000;1102.000000;3100.000000;mq;1;0;7500;mq;mq;mq;mq;mq;mq;mq;mq;mq;
07168;20110927030000;102760;20;3;0;0.000000;284.550000;283.450000;93;6000;0;mq;mq;mq;mq;mq;mq;mq;mq;101320;mq;mq;mq;mq;mq;mq;mq;mq;mq;mq;mq;1.500000;-10;mq;mq;mq;mq;0.200000;0.200000;mq;mq;mq;710.000000;1102.000000;mq;mq;mq;mq;mq;mq;mq;mq;mq;mq;mq;mq;mq;mq;
07181;20110927030000;102790;30;3;230;0.500000;286.350000;285.250000;93;35000;0;mq;mq;100;mq;mq;mq;mq;mq;98710;mq;mq;mq;mq;mq;mq;mq;mq;mq;mq;mq;1.000000;-10;mq;mq;mq;mq;0.000000;0.000000;mq;mq;mq;710.000000;1101.000000;mq;mq;mq;mq;mq;mq;mq;mq;mq;mq;mq;mq;mq;mq;
07190;20110927030000;102730;50;3;0;0.000000;285.950000;285.150000;95;8000;0;mq;mq;75;mq;mq;mq;mq;mq;100910;mq;mq;mq;mq;mq;mq;mq;mq;mq;mq;mq;1.500000;-10;mq;mq;mq;mq;0.000000;0.000000;mq;mq;mq;710.000000;1102.000000;mq;mq;mq;mq;mq;mq;mq;mq;mq;mq;mq;mq;mq;mq;
07207;20110927030000;mq;mq;mq;90;5.100000;290.250000;288.450000;89;6000;2;1;1;60;5;1250;35;20;10;mq;mq;mq;mq;mq;mq;mq;mq;mq;mq;mq;mq;6.700000;-10;mq;mq;mq;mq;0.000000;0.200000;mq;mq;mq;710.000000;1107.000000;2426.000000;mq;mq;mq;mq;mq;mq;mq;mq;mq;mq;mq;mq;mq;
07222;20110927030000;102530;0;0;60;1.000000;288.750000;287.150000;90;12000;2;1;1;50;0;8000;30;20;11;102220;mq;mq;mq;mq;mq;mq;mq;mq;mq;mq;mq;2.100000;-10;mq;mq;mq;mq;0.000000;0.000000;mq;mq;mq;710.000000;1102.000000;mq;mq;4;0;6900;mq;mq;mq;mq;mq;mq;mq;mq;mq;
07240;20110927030000;102650;10;3;70;1.000000;288.650000;286.150000;85;30000;2;1;1;90;0;8000;30;20;11;101310;mq;mq;mq;mq;mq;mq;mq;mq;mq;mq;mq;2.600000;-10;mq;mq;0.000000;-30;0.000000;0.000000;mq;mq;mq;710.000000;1103.000000;3100.000000;mq;7;0;7800;mq;mq;mq;mq;mq;mq;mq;mq;mq;
07255;20110927030000;102690;0;5;110;1.500000;287.250000;285.950000;92;13000;0;mq;mq;mq;mq;mq;mq;mq;mq;100700;mq;mq;mq;mq;mq;mq;mq;mq;mq;mq;mq;1.500000;-10;mq;mq;mq;mq;0.000000;0.000000;mq;mq;mq;710.000000;1102.000000;mq;mq;mq;mq;mq;mq;mq;mq;mq;mq;mq;mq;mq;mq;
07280;20110927030000;102700;50;2;330;2.100000;288.150000;286.150000;88;30000;0;mq;mq;mq;mq;mq;mq;mq;mq;100000;mq;mq;mq;mq;mq;mq;mq;mq;mq;mq;mq;3.100000;-10;mq;mq;mq;mq;0.000000;0.000000;mq;mq;mq;710.000000;1103.000000;mq;mq;mq;mq;mq;mq;mq;mq;mq;mq;mq;mq;mq;mq;
07299;20110927030000;102780;30;3;140;1.500000;283.850000;283.250000;96;10000;2;1;1;60;0;mq;30;20;11;99490;mq;mq;mq;mq;mq;mq;mq;mq;mq;mq;mq;2.100000;-10;mq;mq;0.000000;-30;0.000000;0.200000;mq;mq;mq;710.000000;1102.000000;3100.000000;mq;5;0;6300;mq;mq;mq;mq;mq;mq;mq;mq;mq;
07314;20110927030000;102530;0;0;90;2.600000;292.050000;290.550000;91;mq;mq;mq;mq;mq;mq;mq;mq;mq;mq;102260;mq;mq;mq;mq;mq;mq;mq;mq;mq;mq;mq;4.100000;-10;mq;mq;mq;mq;0.000000;0.000000;mq;mq;mq;710.000000;1104.000000;mq;mq;mq;mq;mq;mq;mq;mq;mq;mq;mq;mq;mq;mq;
07335;20110927030000;102620;0;0;330;0.500000;287.550000;286.050000;91;25000;0;mq;mq;mq;mq;mq;mq;mq;mq;101180;mq;mq;mq;mq;mq;mq;mq;mq;mq;mq;mq;1.000000;-10;mq;mq;mq;mq;0.000000;0.000000;mq;mq;mq;710.000000;1101.000000;mq;mq;mq;mq;mq;mq;mq;mq;mq;mq;mq;mq;mq;mq;
07434;20110927030000;102580;0;0;60;2.600000;290.250000;285.550000;74;40000;0;mq;mq;100;mq;mq;mq;mq;mq;97880;mq;mq;mq;mq;mq;mq;mq;mq;mq;mq;mq;4.100000;-10;mq;mq;mq;mq;0.000000;0.000000;mq;mq;mq;710.000000;1104.000000;mq;mq;mq;mq;mq;mq;mq;mq;mq;mq;mq;mq;mq;mq;
07460;20110927030000;102700;30;1;10;1.000000;287.050000;285.650000;91;20000;0;mq;mq;0;mq;mq;mq;mq;mq;98830;mq;mq;mq;mq;mq;mq;mq;mq;mq;mq;mq;1.500000;-10;mq;mq;0.000000;-30;0.000000;0.000000;mq;mq;mq;710.000000;1102.000000;3100.000000;mq;mq;mq;mq;mq;mq;mq;mq;mq;mq;mq;mq;mq;
07471;20110927030000;mq;-10;7;0;0.000000;282.350000;281.450000;94;3300;10;mq;mq;mq;mq;mq;mq;mq;mq;93140;85000;18530;mq;mq;mq;mq;mq;mq;mq;mq;mq;1.000000;-10;mq;mq;mq;mq;0.000000;0.000000;mq;mq;mq;710.000000;1101.000000;mq;mq;mq;mq;mq;mq;mq;mq;mq;mq;mq;mq;mq;mq;
07481;20110927030000;102620;30;2;0;0.000000;287.950000;286.150000;89;8000;2;1;1;40;0;mq;30;20;11;99760;mq;mq;mq;mq;mq;mq;mq;mq;mq;mq;mq;1.500000;-10;mq;mq;0.000000;-30;0.000000;0.000000;mq;mq;mq;710.000000;1102.000000;3100.000000;mq;3;0;7800;mq;mq;mq;mq;mq;mq;mq;mq;mq;
07510;20110927030000;102450;0;0;0;0.000000;287.250000;286.650000;96;15000;2;1;1;25;0;mq;30;20;12;101800;mq;mq;mq;mq;mq;mq;mq;mq;mq;mq;mq;1.500000;-10;mq;mq;0.000000;-30;0.000000;0.000000;mq;mq;mq;710.000000;1102.000000;3100.000000;mq;2;0;7800;mq;mq;mq;mq;mq;mq;mq;mq;mq;
07535;20110927030000;102530;0;0;20;1.000000;287.650000;283.850000;78;mq;mq;mq;mq;mq;mq;mq;mq;mq;mq;99430;mq;mq;mq;mq;mq;mq;mq;mq;mq;mq;mq;1.500000;-10;mq;mq;mq;mq;0.000000;0.000000;mq;mq;mq;710.000000;1102.000000;mq;mq;mq;mq;mq;mq;mq;mq;mq;mq;mq;mq;mq;mq;
07558;20110927030000;102550;-10;5;10;2.100000;288.850000;283.850000;72;mq;mq;mq;mq;mq;mq;mq;mq;mq;mq;94330;mq;mq;mq;mq;mq;mq;mq;mq;mq;mq;mq;4.100000;-10;mq;mq;mq;mq;0.000000;0.000000;mq;mq;mq;710.000000;1104.000000;mq;mq;mq;mq;mq;mq;mq;mq;mq;mq;mq;mq;mq;mq;
07577;20110927030000;102450;20;3;20;3.600000;291.750000;286.850000;73;20000;0;mq;mq;mq;mq;mq;mq;mq;mq;101570;mq;mq;mq;mq;mq;mq;mq;mq;mq;mq;mq;7.200000;-10;mq;mq;mq;mq;0.000000;0.000000;mq;mq;mq;710.000000;1107.000000;mq;mq;mq;mq;mq;mq;mq;mq;mq;mq;mq;mq;mq;mq;
07591;20110927030000;mq;0;0;40;4.100000;286.250000;278.650000;60;mq;0;mq;mq;mq;mq;mq;mq;mq;mq;92610;mq;mq;mq;mq;mq;mq;mq;mq;mq;mq;mq;8.200000;-10;mq;mq;mq;mq;0.000000;0.000000;mq;mq;mq;710.000000;1108.000000;mq;mq;mq;mq;mq;mq;mq;mq;mq;mq;mq;mq;mq;mq;
07607;20110927030000;102450;30;1;90;1.000000;285.050000;283.950000;93;19000;0;mq;mq;mq;mq;mq;mq;mq;mq;101730;mq;mq;mq;mq;mq;mq;mq;mq;mq;mq;mq;1.500000;-10;mq;mq;mq;mq;0.000000;0.000000;mq;mq;mq;710.000000;1102.000000;mq;mq;mq;mq;mq;mq;mq;mq;mq;mq;mq;mq;mq;mq;
07621;20110927030000;102490;10;3;180;2.600000;287.250000;284.550000;84;20000;0;mq;mq;40;0;8000;30;20;11;98190;mq;mq;mq;mq;mq;mq;mq;mq;mq;mq;mq;4.100000;-10;mq;mq;0.000000;-30;0.000000;0.000000;mq;mq;mq;710.000000;1104.000000;3100.000000;mq;3;0;6900;mq;mq;mq;mq;mq;mq;mq;mq;mq;
07627;20110927030000;102500;-40;6;140;1.500000;286.950000;283.950000;82;mq;mq;mq;mq;mq;mq;mq;mq;mq;mq;97650;mq;mq;mq;mq;mq;mq;mq;mq;mq;mq;mq;3.600000;-10;mq;mq;mq;mq;0.000000;0.000000;mq;mq;mq;710.000000;1104.000000;mq;mq;mq;mq;mq;mq;mq;mq;mq;mq;mq;mq;mq;mq;
07630;20110927030000;102450;0;5;210;1.000000;288.350000;285.650000;84;25000;2;1;1;75;0;8000;30;20;12;100660;mq;mq;mq;mq;mq;mq;mq;mq;mq;mq;mq;2.100000;-10;mq;mq;0.000000;-30;0.000000;0.000000;mq;mq;mq;710.000000;1102.000000;3100.000000;mq;6;0;7800;mq;mq;mq;mq;mq;mq;mq;mq;mq;
07643;20110927030000;102380;-30;5;40;1.000000;289.750000;286.450000;81;20000;2;1;1;0;mq;mq;mq;mq;mq;102280;mq;mq;mq;mq;mq;mq;mq;mq;mq;mq;mq;2.600000;-10;mq;mq;mq;mq;0.000000;0.000000;mq;mq;mq;710.000000;1103.000000;mq;mq;mq;mq;mq;mq;mq;mq;mq;mq;mq;mq;mq;mq;
07650;20110927030000;102300;-30;5;0;0.000000;289.150000;286.450000;84;15000;2;1;1;0;mq;mq;mq;mq;mq;101920;mq;mq;mq;mq;mq;mq;mq;mq;mq;mq;mq;2.100000;-10;mq;mq;0.000000;-30;0.000000;0.000000;mq;mq;mq;710.000000;1102.000000;3100.000000;mq;mq;mq;mq;mq;mq;mq;mq;mq;mq;mq;mq;mq;
07661;20110927030000;102300;-30;6;0;0.000000;294.450000;285.850000;58;15000;2;1;1;10;1;450;32;20;10;100730;mq;mq;mq;mq;mq;mq;mq;mq;mq;mq;mq;2.100000;-10;mq;mq;mq;mq;0.000000;0.000000;mq;mq;mq;710.000000;1102.000000;mq;mq;1;8;480;mq;mq;mq;mq;mq;mq;mq;mq;mq;
07690;20110927030000;102340;-30;6;340;4.600000;293.250000;285.250000;60;20000;2;1;1;0;mq;mq;mq;mq;mq;102010;mq;mq;mq;mq;mq;mq;mq;mq;mq;mq;mq;6.700000;-10;mq;mq;0.000000;-30;0.000000;0.000000;mq;mq;mq;710.000000;1107.000000;3100.000000;mq;mq;mq;mq;mq;mq;mq;mq;mq;mq;mq;mq;mq;
07747;20110927030000;102420;30;3;250;1.000000;289.650000;284.950000;74;55000;0;mq;mq;mq;mq;mq;mq;mq;mq;101890;mq;mq;mq;mq;mq;mq;mq;mq;mq;mq;mq;2.100000;-10;mq;mq;mq;mq;0.000000;0.000000;mq;mq;mq;710.000000;1102.000000;mq;mq;mq;mq;mq;mq;mq;mq;mq;mq;mq;mq;mq;mq;
07761;20110927030000;102170;-40;6;40;3.600000;289.550000;285.850000;79;20000;2;1;1;0;mq;mq;mq;mq;mq;102060;mq;mq;mq;mq;mq;mq;mq;mq;mq;mq;mq;4.600000;-10;mq;mq;0.000000;-30;0.000000;0.000000;mq;mq;mq;710.000000;1105.000000;3100.000000;mq;mq;mq;mq;mq;mq;mq;mq;mq;mq;mq;mq;mq;
07790;20110927030000;102230;-20;5;210;2.600000;291.250000;285.250000;68;30000;2;1;1;0;mq;mq;mq;mq;mq;102090;mq;mq;mq;mq;mq;mq;mq;mq;mq;mq;mq;4.600000;-10;mq;mq;mq;mq;0.000000;0.000000;mq;mq;mq;710.000000;1105.000000;mq;mq;mq;mq;mq;mq;mq;mq;mq;mq;mq;mq;mq;mq;
61968;20110927030000;101530;mq;mq;230;2.100000;298.050000;294.350000;80;mq;mq;mq;mq;mq;mq;mq;mq;mq;mq;mq;mq;mq;mq;mq;mq;mq;mq;mq;mq;mq;mq;4.100000;-10;mq;mq;mq;mq;0.000000;0.000000;mq;mq;mq;710.000000;1104.000000;mq;mq;mq;mq;mq;mq;mq;mq;mq;mq;mq;mq;mq;mq;
61970;20110927030000;101780;mq;mq;mq;mq;298.050000;295.550000;86;mq;mq;mq;mq;mq;mq;mq;mq;mq;mq;mq;mq;mq;mq;mq;mq;mq;mq;mq;mq;mq;mq;mq;mq;mq;mq;mq;mq;0.000000;0.000000;mq;mq;mq;mq;mq;mq;mq;mq;mq;mq;mq;mq;mq;mq;mq;mq;mq;mq;mq;
61972;20110927030000;101800;mq;mq;160;1.000000;293.550000;293.050000;97;mq;mq;mq;mq;mq;mq;mq;mq;mq;mq;mq;mq;mq;mq;mq;mq;mq;mq;mq;mq;mq;mq;1.500000;-10;mq;mq;mq;mq;0.000000;0.000000;mq;mq;mq;710.000000;1102.000000;mq;mq;mq;mq;mq;mq;mq;mq;mq;mq;mq;mq;mq;mq;
61976;20110927030000;101830;mq;mq;120;11.300000;297.250000;292.950000;77;mq;mq;mq;mq;mq;mq;mq;mq;mq;mq;101680;mq;mq;mq;mq;mq;mq;mq;mq;mq;mq;mq;mq;mq;mq;mq;mq;mq;mq;mq;mq;mq;mq;mq;mq;mq;mq;mq;mq;mq;mq;mq;mq;mq;mq;mq;mq;mq;mq;
61980;20110927030000;102220;mq;mq;120;8.200000;293.850000;287.250000;66;12000;2;1;1;10;1;800;31;20;10;mq;mq;mq;mq;mq;mq;mq;mq;mq;mq;mq;mq;12.900000;-10;mq;mq;mq;mq;0.000000;0.000000;mq;mq;mq;710.000000;1113.000000;2437.000000;mq;1;8;780;mq;mq;mq;mq;mq;mq;mq;mq;mq;
61996;20110927030000;102600;mq;mq;220;5.100000;284.350000;229.750000;mq;mq;mq;mq;mq;mq;mq;mq;mq;mq;mq;mq;mq;mq;1230;mq;mq;mq;mq;mq;mq;mq;mq;9.800000;-10;mq;mq;mq;mq;0.000000;0.000000;mq;mq;mq;710.000000;1110.000000;mq;mq;mq;mq;mq;mq;mq;mq;mq;mq;mq;mq;mq;mq;
61997;20110927030000;99220;mq;mq;330;26.800000;282.850000;281.150000;89;mq;mq;mq;mq;mq;mq;mq;mq;mq;mq;mq;mq;mq;mq;mq;mq;mq;mq;mq;mq;mq;mq;44.200000;-30;mq;mq;mq;mq;mq;26.000000;mq;mq;mq;1144.000000;mq;mq;mq;mq;mq;mq;mq;mq;mq;mq;mq;mq;mq;mq;mq;
67005;20110927030000;101570;mq;mq;160;5.700000;298.450000;294.350000;78;20000;2;1;1;40;3;800;38;20;10;mq;mq;mq;mq;mq;mq;mq;mq;mq;mq;mq;mq;8.700000;-10;mq;mq;mq;mq;0.000000;0.200000;mq;mq;mq;710.000000;1109.000000;mq;mq;3;8;600;mq;mq;mq;mq;mq;mq;mq;mq;mq;
71805;20110927030000;100720;40;0;310;4.100000;283.050000;278.850000;75;60000;0;mq;mq;mq;mq;mq;mq;mq;mq;100640;mq;mq;mq;mq;mq;mq;mq;mq;mq;mq;mq;8.700000;-10;mq;mq;mq;mq;0.000000;0.000000;mq;mq;mq;710.000000;1109.000000;mq;mq;mq;mq;mq;mq;mq;mq;mq;mq;mq;mq;mq;mq;
78897;20110927030000;101340;50;0;330;1.000000;299.650000;296.950000;85;35000;13;2;2;90;1;450;39;20;12;mq;mq;mq;50;mq;mq;mq;mq;mq;mq;mq;mq;mq;mq;mq;mq;mq;mq;mq;mq;mq;mq;mq;mq;mq;mq;mq;1;9;450;7;0;7800;mq;mq;mq;mq;mq;mq;
78922;20110927030000;101360;40;0;230;3.100000;299.350000;297.250000;88;mq;mq;mq;mq;mq;mq;mq;mq;mq;mq;100920;mq;mq;mq;mq;mq;mq;mq;mq;mq;mq;mq;mq;mq;mq;mq;mq;mq;mq;mq;mq;mq;mq;mq;mq;mq;mq;mq;mq;mq;mq;mq;mq;mq;mq;mq;mq;mq;mq;
78925;20110927030000;101380;60;0;90;2.100000;299.050000;298.050000;94;20000;2;1;1;90;1;800;32;20;11;mq;mq;mq;mq;mq;mq;mq;mq;mq;mq;mq;mq;mq;mq;mq;mq;mq;mq;mq;mq;mq;mq;mq;mq;mq;mq;mq;2;8;840;7;0;9000;mq;mq;mq;mq;mq;mq;
81401;20110927030000;101350;mq;mq;190;1.000000;297.850000;296.450000;92;mq;mq;mq;mq;mq;mq;mq;mq;mq;mq;101290;mq;mq;mq;mq;mq;mq;mq;mq;mq;mq;mq;mq;mq;mq;mq;mq;mq;mq;0.000000;mq;mq;mq;mq;mq;mq;mq;mq;mq;mq;mq;mq;mq;mq;mq;mq;mq;mq;mq;
81405;20110927030000;101390;mq;mq;90;3.100000;298.650000;296.850000;90;3200;60;mq;mq;100;mq;800;mq;mq;mq;101300;mq;mq;mq;mq;mq;mq;mq;mq;mq;mq;mq;mq;mq;mq;mq;mq;mq;mq;1.000000;mq;mq;mq;mq;mq;mq;mq;mq;mq;mq;mq;mq;mq;mq;mq;mq;mq;mq;mq;
81408;20110927030000;101350;mq;mq;0;0.000000;297.950000;297.050000;95;mq;mq;mq;mq;mq;mq;mq;mq;mq;mq;101270;mq;mq;mq;mq;mq;mq;mq;mq;mq;mq;mq;mq;mq;mq;mq;mq;mq;mq;0.000000;mq;mq;mq;mq;mq;mq;mq;mq;mq;mq;mq;mq;mq;mq;mq;mq;mq;mq;mq;
89642;20110927030000;98880;280;1;130;12.900000;250.650000;242.150000;42;15000;2;1;1;10;1;450;31;20;10;98300;mq;mq;mq;mq;mq;mq;mq;mq;mq;mq;19.500000;21.600000;-30;mq;mq;mq;mq;mq;mq;mq;mq;mq;1020.000000;1122.000000;mq;mq;1;8;390;mq;mq;mq;mq;mq;mq;mq;mq;mq;
07005;20110927060000;102860;110;2;130;2.100000;284.850000;284.250000;96;800;42;4;4;10;0;mq;30;20;11;101960;mq;mq;mq;284.850000;mq;290.650000;mq;284.150000;mq;mq;mq;2.600000;-10;0;0.000000;mq;mq;0.000000;0.000000;mq;0.200000;0.200000;710.000000;1103.000000;mq;mq;1;0;7500;mq;mq;mq;mq;mq;mq;mq;mq;mq;
07015;20110927060000;102860;110;3;120;0.500000;284.750000;284.250000;97;200;42;mq;4;25;0;8000;30;20;11;102290;mq;mq;mq;284.750000;mq;291.550000;mq;282.150000;mq;mq;mq;1.000000;-10;0;0.000000;0.000000;-60;0.000000;0.000000;mq;0.000000;0.000000;710.000000;1101.000000;3100.000000;mq;2;0;7800;mq;mq;mq;mq;mq;mq;mq;mq;mq;
07020;20110927060000;102820;80;3;130;2.600000;286.050000;285.450000;96;12000;2;1;1;50;2;3500;30;27;11;102550;mq;mq;mq;285.650000;mq;290.550000;mq;mq;mq;mq;mq;3.100000;-10;mq;mq;mq;mq;0.000000;0.000000;mq;0.200000;0.200000;710.000000;1103.000000;mq;mq;2;3;2400;mq;mq;mq;mq;mq;mq;mq;mq;mq;
07027;20110927060000;102820;100;3;140;1.500000;284.950000;284.650000;98;6000;2;1;1;75;1;3500;30;23;11;102000;mq;mq;mq;284.750000;mq;292.750000;mq;282.150000;mq;mq;mq;1.500000;-10;0;0.000000;0.000000;-60;0.200000;0.200000;mq;0.200000;0.200000;710.000000;1102.000000;3100.000000;mq;1;3;3000;6;0;6300;mq;mq;mq;mq;mq;mq;
07037;20110927060000;102860;110;2;140;1.500000;286.650000;286.650000;100;2000;10;4;0;0;mq;mq;mq;mq;mq;101030;mq;mq;mq;286.350000;mq;292.350000;mq;281.150000;mq;mq;mq;2.600000;-10;1;0.000000;0.000000;-60;0.200000;0.200000;mq;0.200000;0.400000;710.000000;1103.000000;3100.000000;mq;mq;mq;mq;mq;mq;mq;mq;mq;mq;mq;mq;mq;
07110;20110927060000;102600;10;2;120;2.100000;288.450000;288.250000;99;400;47;4;2;101;mq;mq;62;61;60;101460;mq;mq;mq;287.550000;mq;289.650000;mq;285.150000;mq;mq;mq;2.600000;-10;0;0.000000;mq;mq;0.000000;0.000000;mq;0.000000;0.800000;710.000000;1103.000000;mq;mq;mq;mq;mq;mq;mq;mq;mq;mq;mq;mq;mq;mq;
07117;20110927060000;102680;40;3;110;3.100000;288.250000;287.650000;96;5000;2;1;1;60;5;2250;30;25;10;101980;mq;mq;mq;288.050000;mq;289.650000;mq;mq;mq;mq;mq;4.100000;-10;mq;mq;mq;mq;0.000000;0.000000;mq;0.200000;mq;710.000000;1104.000000;2426.000000;mq;mq;mq;mq;mq;mq;mq;mq;mq;mq;mq;mq;mq;
07130;20110927060000;102700;50;3;330;1.000000;285.450000;285.250000;99;100;45;mq;mq;100;mq;mq;mq;mq;mq;102180;mq;mq;mq;285.450000;mq;294.450000;mq;282.150000;mq;mq;mq;1.000000;-10;0;0.000000;mq;mq;0.000000;0.000000;mq;0.200000;0.200000;710.000000;1101.000000;mq;mq;mq;mq;mq;mq;mq;mq;mq;mq;mq;mq;mq;mq;
07139;20110927060000;102820;80;3;340;1.000000;284.450000;283.550000;94;20000;2;1;1;75;0;8000;30;20;11;101070;mq;mq;mq;284.150000;mq;293.950000;mq;281.150000;mq;mq;mq;1.500000;-10;1;0.000000;0.000000;-60;0.000000;0.000000;mq;0.000000;0.000000;710.000000;1102.000000;3100.000000;mq;6;0;7500;mq;mq;mq;mq;mq;mq;mq;mq;mq;
07149;20110927060000;102820;90;3;10;2.100000;288.350000;287.550000;95;15000;2;1;1;50;0;8000;30;20;11;101740;mq;mq;mq;286.250000;mq;293.350000;mq;282.150000;mq;mq;mq;4.600000;-10;0;0.000000;0.000000;-60;0.000000;0.000000;mq;0.000000;0.000000;710.000000;1105.000000;3100.000000;mq;4;0;7500;mq;mq;mq;mq;mq;mq;mq;mq;mq;
07168;20110927060000;102840;80;3;0;0.000000;284.050000;283.450000;96;12000;11;0;0;50;0;8000;30;20;11;101400;mq;mq;mq;283.350000;mq;292.850000;mq;281.150000;mq;mq;mq;1.000000;-10;0;0.000000;0.000000;-60;0.000000;0.000000;mq;0.200000;0.200000;710.000000;1101.000000;3100.000000;mq;4;0;7800;mq;mq;mq;mq;mq;mq;mq;mq;mq;
07181;20110927060000;102870;60;3;140;0.500000;285.250000;284.650000;96;20000;2;1;1;50;2;3500;30;27;11;98770;mq;mq;mq;284.850000;mq;292.350000;mq;281.150000;mq;mq;mq;2.100000;-10;1;0.000000;0.000000;-60;0.200000;0.200000;mq;0.200000;0.200000;710.000000;1102.000000;3100.000000;mq;2;3;5100;mq;mq;mq;mq;mq;mq;mq;mq;mq;
07190;20110927060000;102840;100;3;270;0.500000;284.950000;284.350000;96;300;45;mq;mq;101;mq;mq;62;61;60;101010;mq;mq;mq;284.350000;mq;293.550000;mq;281.150000;mq;mq;mq;1.500000;-10;0;0.000000;mq;mq;0.200000;0.200000;mq;0.200000;0.200000;710.000000;1102.000000;mq;mq;mq;mq;mq;mq;mq;mq;mq;mq;mq;mq;mq;mq;
07207;20110927060000;mq;mq;mq;80;5.100000;289.950000;288.450000;91;10000;2;1;1;60;5;3500;30;27;10;mq;mq;mq;mq;289.750000;mq;291.250000;mq;mq;mq;mq;mq;6.700000;-10;mq;mq;mq;mq;0.000000;0.000000;mq;0.200000;mq;710.000000;1107.000000;2427.000000;mq;mq;mq;mq;mq;mq;mq;mq;mq;mq;mq;mq;mq;
07222;20110927060000;102590;60;3;50;1.000000;288.950000;287.150000;89;12000;2;1;1;60;3;3500;30;23;11;102280;mq;mq;mq;287.850000;mq;294.650000;mq;284.150000;mq;mq;mq;2.600000;-10;0;0.000000;mq;mq;0.200000;0.200000;mq;0.200000;0.200000;710.000000;1103.000000;mq;mq;3;3;3900;4;0;7800;mq;mq;mq;mq;mq;mq;
07240;20110927060000;102700;50;2;80;1.500000;288.550000;286.550000;88;30000;2;1;1;75;0;8000;30;20;11;101360;mq;mq;mq;288.450000;mq;296.050000;mq;286.150000;mq;mq;mq;2.600000;-10;0;0.000000;0.000000;-60;0.000000;0.000000;mq;0.000000;0.000000;710.000000;1103.000000;3100.000000;mq;6;0;7800;mq;mq;mq;mq;mq;mq;mq;mq;mq;
07255;20110927060000;102760;60;3;80;1.500000;286.550000;285.750000;95;8000;2;1;1;75;0;8000;30;20;12;100760;mq;mq;mq;286.150000;mq;295.750000;mq;284.150000;mq;mq;mq;2.100000;-10;0;0.000000;0.000000;-60;0.000000;0.000000;mq;0.000000;0.000000;710.000000;1102.000000;3100.000000;mq;6;0;7500;mq;mq;mq;mq;mq;mq;mq;mq;mq;
07280;20110927060000;102770;50;3;330;1.500000;286.550000;285.450000;93;16000;0;mq;mq;mq;mq;mq;mq;mq;mq;100050;mq;mq;mq;285.450000;mq;294.950000;mq;281.150000;mq;mq;mq;2.600000;-10;0;0.000000;mq;mq;0.000000;0.000000;mq;0.000000;0.000000;710.000000;1103.000000;mq;mq;mq;mq;mq;mq;mq;mq;mq;mq;mq;mq;mq;mq;
07299;20110927060000;102890;100;3;260;0.500000;283.550000;282.950000;96;10000;2;1;1;50;0;mq;30;20;11;99590;mq;mq;mq;283.350000;mq;289.850000;mq;281.150000;mq;mq;mq;1.500000;-10;0;0.000000;0.000000;-60;0.000000;0.000000;mq;0.200000;0.200000;710.000000;1102.000000;3100.000000;mq;4;0;6300;mq;mq;mq;mq;mq;mq;mq;mq;mq;
07314;20110927060000;102570;40;3;80;3.600000;291.950000;290.050000;89;12000;2;1;1;75;4;3500;30;25;14;102300;mq;mq;mq;291.850000;mq;293.550000;mq;mq;mq;mq;mq;5.700000;-10;0;0.000000;mq;mq;0.000000;0.000000;mq;0.000000;0.200000;710.000000;1106.000000;2427.000000;mq;4;3;2400;3;0;4800;mq;mq;mq;mq;mq;mq;
07335;20110927060000;102690;60;3;350;0.500000;286.450000;285.650000;95;15000;11;0;0;40;0;8000;30;20;11;101240;mq;mq;mq;286.350000;mq;296.650000;mq;284.150000;mq;mq;mq;1.500000;-10;0;0.000000;mq;mq;0.000000;0.000000;mq;0.000000;0.200000;710.000000;1102.000000;mq;mq;3;0;7800;mq;mq;mq;mq;mq;mq;mq;mq;mq;
07434;20110927060000;102620;20;3;50;3.100000;289.350000;285.850000;80;35000;1;mq;mq;60;0;8000;30;20;11;97900;mq;mq;mq;289.350000;mq;295.050000;mq;288.150000;mq;mq;mq;4.100000;-10;0;0.000000;0.000000;-60;0.000000;0.000000;mq;0.000000;0.000000;710.000000;1104.000000;3100.000000;mq;5;0;7500;mq;mq;mq;mq;mq;mq;mq;mq;mq;
07460;20110927060000;102780;50;1;0;0.000000;285.450000;284.650000;95;20000;1;mq;mq;60;0;8000;30;20;12;98880;mq;mq;mq;285.150000;mq;294.550000;mq;283.150000;mq;mq;mq;1.500000;-10;0;0.000000;0.000000;-60;0.000000;0.000000;mq;0.000000;0.000000;710.000000;1102.000000;3100.000000;mq;5;0;7500;mq;mq;mq;mq;mq;mq;mq;mq;mq;
07471;20110927060000;mq;50;3;270;0.500000;281.250000;280.950000;98;28000;11;1;1;60;0;8000;30;20;11;93190;85000;18570;mq;281.150000;mq;290.050000;mq;277.150000;mq;mq;mq;2.100000;-10;1;0.000000;0.000000;-60;0.000000;0.000000;mq;0.000000;0.000000;710.000000;1102.000000;3100.000000;mq;5;0;7800;mq;mq;mq;mq;mq;mq;mq;mq;mq;
07481;20110927060000;102710;80;3;0;0.000000;286.750000;285.450000;92;900;41;4;0;40;3;150;36;20;11;99840;mq;mq;mq;286.750000;mq;295.250000;mq;282.150000;mq;mq;mq;1.000000;-10;0;0.000000;0.000000;-60;0.200000;0.200000;mq;0.200000;0.200000;710.000000;1101.000000;3100.000000;mq;3;6;180;3;0;7800;mq;mq;mq;mq;mq;mq;
07510;20110927060000;102490;40;3;40;2.100000;287.250000;287.250000;100;15000;11;0;0;50;0;mq;30;20;12;101840;mq;mq;mq;286.150000;mq;297.750000;mq;283.150000;mq;mq;mq;3.600000;-10;0;0.000000;0.000000;-60;0.000000;0.000000;mq;0.000000;0.000000;710.000000;1104.000000;3100.000000;mq;4;0;7800;mq;mq;mq;mq;mq;mq;mq;mq;mq;
07535;20110927060000;102590;30;2;150;1.000000;285.450000;283.350000;87;10000;2;1;1;40;0;8000;30;20;11;99460;mq;mq;mq;285.450000;mq;296.150000;mq;284.150000;mq;mq;mq;2.100000;-10;1;0.000000;0.000000;-60;0.000000;0.000000;mq;0.000000;0.000000;710.000000;1102.000000;3100.000000;mq;3;0;6900;mq;mq;mq;mq;mq;mq;mq;mq;mq;
07558;20110927060000;102640;40;3;20;2.100000;287.150000;284.150000;82;40000;2;1;1;25;0;8000;30;20;11;94370;mq;mq;mq;287.150000;mq;294.050000;mq;286.150000;mq;mq;mq;4.600000;-10;0;0.000000;0.000000;-60;0.000000;0.000000;mq;0.000000;0.000000;710.000000;1105.000000;3100.000000;mq;2;0;7500;mq;mq;mq;mq;mq;mq;mq;mq;mq;
07577;20110927060000;102530;80;3;10;3.100000;290.750000;286.650000;77;30000;2;1;1;60;0;8000;30;20;11;101650;mq;mq;mq;290.450000;mq;297.350000;mq;290.150000;mq;mq;mq;6.200000;-10;0;0.000000;0.000000;-60;0.000000;0.000000;mq;0.000000;0.000000;710.000000;1106.000000;3100.000000;mq;5;0;7800;mq;mq;mq;mq;mq;mq;mq;mq;mq;
07591;20110927060000;mq;60;3;10;6.700000;285.850000;277.050000;55;mq;0;mq;mq;mq;mq;mq;mq;mq;mq;92670;mq;mq;mq;285.750000;mq;291.250000;mq;284.150000;mq;mq;mq;10.300000;-10;mq;mq;mq;mq;0.000000;0.000000;mq;0.000000;0.000000;710.000000;1110.000000;mq;mq;mq;mq;mq;mq;mq;mq;mq;mq;mq;mq;mq;mq;
07607;20110927060000;102480;30;2;90;2.100000;283.750000;282.850000;94;18000;0;mq;mq;mq;mq;mq;mq;mq;mq;101760;mq;mq;mq;283.350000;mq;295.650000;mq;281.150000;mq;mq;mq;2.600000;-10;mq;mq;mq;mq;0.000000;0.000000;mq;0.000000;0.000000;710.000000;1103.000000;mq;mq;mq;mq;mq;mq;mq;mq;mq;mq;mq;mq;mq;mq;
07621;20110927060000;102510;30;3;180;2.600000;287.950000;283.750000;76;50000;1;mq;mq;25;0;8000;30;20;11;98220;mq;mq;mq;285.850000;mq;293.150000;mq;283.150000;mq;mq;mq;4.100000;-10;0;0.000000;0.000000;-60;0.000000;0.000000;mq;0.000000;0.000000;710.000000;1104.000000;3100.000000;mq;2;0;6900;mq;mq;mq;mq;mq;mq;mq;mq;mq;
07627;20110927060000;102630;80;1;280;0.500000;283.950000;282.750000;92;30000;2;1;1;25;0;mq;30;20;11;97730;mq;mq;mq;283.750000;mq;291.950000;mq;280.150000;mq;mq;mq;1.500000;-10;0;0.000000;0.000000;-60;0.000000;0.000000;mq;0.000000;0.000000;710.000000;1102.000000;3100.000000;mq;2;0;7500;mq;mq;mq;mq;mq;mq;mq;mq;mq;
07630;20110927060000;102540;80;3;170;1.500000;286.950000;284.650000;86;20000;2;1;1;40;0;8000;30;20;11;100740;mq;mq;mq;286.650000;mq;299.850000;mq;283.150000;mq;mq;mq;2.600000;-10;0;0.000000;0.000000;-60;0.000000;0.000000;mq;0.000000;0.000000;710.000000;1103.000000;3100.000000;mq;3;0;7800;mq;mq;mq;mq;mq;mq;mq;mq;mq;
07643;20110927060000;102460;80;3;30;1.500000;288.650000;285.950000;84;20000;2;1;1;60;0;8000;30;20;11;102360;mq;mq;mq;288.150000;mq;295.350000;mq;287.150000;mq;mq;mq;2.100000;-10;0;0.000000;mq;mq;0.000000;0.000000;mq;0.000000;0.000000;710.000000;1102.000000;mq;mq;5;0;7800;mq;mq;mq;mq;mq;mq;mq;mq;mq;
07650;20110927060000;102380;80;3;130;2.100000;289.550000;287.250000;86;12000;2;1;1;25;0;8000;30;20;12;102000;mq;mq;mq;288.750000;mq;296.550000;mq;286.150000;mq;mq;mq;3.100000;-10;1;0.000000;0.000000;-60;0.000000;0.200000;mq;0.200000;0.200000;710.000000;1103.000000;3100.000000;mq;2;0;7500;mq;mq;mq;mq;mq;mq;mq;mq;mq;
07661;20110927060000;102370;60;3;110;5.700000;292.750000;286.250000;66;15000;2;1;1;25;0;8000;30;20;11;100790;mq;mq;mq;291.650000;mq;295.850000;mq;mq;mq;mq;mq;7.200000;-10;mq;mq;mq;mq;0.000000;0.000000;mq;0.000000;0.000000;710.000000;1107.000000;mq;mq;2;0;4800;mq;mq;mq;mq;mq;mq;mq;mq;mq;
07690;20110927060000;102420;80;3;350;4.100000;292.650000;284.150000;58;30000;2;1;1;40;0;mq;30;20;11;102090;mq;mq;mq;292.450000;mq;296.650000;mq;292.150000;mq;mq;mq;7.200000;-10;0;0.000000;0.000000;-60;0.000000;0.000000;mq;0.000000;0.000000;710.000000;1107.000000;3100.000000;mq;3;0;7500;mq;mq;mq;mq;mq;mq;mq;mq;mq;
07747;20110927060000;102480;60;2;0;0.000000;288.950000;283.250000;69;20000;3;mq;mq;40;0;8000;30;20;11;101950;mq;mq;mq;288.550000;mq;295.450000;mq;286.150000;mq;mq;mq;3.100000;-10;0;0.000000;0.000000;-60;0.000000;0.000000;mq;0.000000;0.000000;710.000000;1103.000000;3100.000000;mq;3;0;7500;mq;mq;mq;mq;mq;mq;mq;mq;mq;
07761;20110927060000;102230;60;3;60;3.100000;288.550000;285.150000;80;25000;2;1;1;10;1;2250;35;20;10;102120;mq;mq;mq;287.950000;mq;294.850000;mq;287.150000;mq;mq;mq;5.100000;-10;0;0.000000;0.000000;-60;0.000000;0.000000;mq;0.000000;0.000000;710.000000;1105.000000;3100.000000;mq;1;6;1800;mq;mq;mq;mq;mq;mq;mq;mq;mq;
07790;20110927060000;102320;90;3;210;2.600000;291.150000;285.550000;70;30000;2;1;1;0;mq;mq;mq;mq;mq;102180;mq;mq;mq;290.250000;mq;295.550000;mq;288.150000;mq;mq;mq;4.100000;-10;0;0.000000;0.000000;-60;0.000000;0.000000;mq;0.000000;0.000000;710.000000;1104.000000;3100.000000;mq;mq;mq;mq;mq;mq;mq;mq;mq;mq;mq;mq;mq;
61968;20110927060000;101670;mq;mq;240;2.600000;300.550000;295.050000;72;mq;mq;mq;mq;mq;mq;mq;mq;mq;mq;mq;mq;mq;mq;292.950000;mq;mq;mq;mq;mq;mq;mq;3.600000;-10;mq;mq;mq;mq;0.000000;mq;mq;mq;0.000000;710.000000;1104.000000;mq;mq;mq;mq;mq;mq;mq;mq;mq;mq;mq;mq;mq;mq;
61970;20110927060000;101920;mq;mq;mq;mq;301.050000;296.250000;75;mq;mq;mq;mq;mq;mq;mq;mq;mq;mq;mq;mq;mq;mq;297.650000;mq;mq;mq;mq;mq;mq;mq;mq;mq;mq;mq;mq;mq;0.000000;mq;mq;mq;0.000000;mq;mq;mq;mq;mq;mq;mq;mq;mq;mq;mq;mq;mq;mq;mq;mq;
61972;20110927060000;101940;mq;mq;50;2.600000;297.850000;294.350000;81;mq;mq;mq;mq;mq;mq;mq;mq;mq;mq;mq;mq;mq;mq;292.750000;mq;mq;mq;mq;mq;mq;mq;5.100000;-10;mq;mq;mq;mq;0.000000;mq;mq;mq;0.000000;710.000000;1105.000000;mq;mq;mq;mq;mq;mq;mq;mq;mq;mq;mq;mq;mq;mq;
61976;20110927060000;101920;mq;mq;120;11.300000;299.650000;293.050000;67;mq;mq;mq;mq;mq;mq;mq;mq;mq;mq;101770;mq;mq;mq;mq;mq;mq;mq;mq;mq;mq;mq;mq;mq;mq;mq;mq;mq;mq;mq;mq;mq;mq;mq;mq;mq;mq;mq;mq;mq;mq;mq;mq;mq;mq;mq;mq;mq;mq;
61980;20110927060000;102280;mq;mq;110;11.300000;297.750000;288.950000;58;20000;2;1;1;25;2;800;38;20;10;mq;mq;mq;mq;292.850000;mq;mq;mq;291.150000;mq;mq;mq;17.000000;-10;mq;mq;mq;mq;0.000000;mq;mq;mq;9.000000;710.000000;1117.000000;2448.000000;mq;1;8;900;mq;mq;mq;mq;mq;mq;mq;mq;mq;
61998;20110927060000;100330;mq;mq;300;10.300000;280.550000;276.950000;78;30000;2;1;1;90;6;800;35;27;18;mq;mq;mq;mq;275.050000;mq;mq;mq;273.150000;mq;mq;mq;15.400000;-10;mq;mq;mq;mq;0.000000;mq;mq;mq;0.000000;710.000000;1115.000000;mq;mq;6;6;690;4;3;3000;5;0;6900;mq;mq;mq;
67005;20110927060000;101730;mq;mq;160;5.700000;301.150000;292.950000;61;30000;2;1;1;25;2;800;38;20;10;mq;mq;mq;mq;296.750000;mq;mq;mq;294.150000;mq;mq;mq;7.200000;-10;mq;mq;mq;mq;0.000000;mq;mq;mq;0.800000;710.000000;1107.000000;mq;mq;1;8;690;mq;mq;mq;mq;mq;mq;mq;mq;mq;
71805;20110927060000;100690;-30;8;300;4.600000;281.950000;279.750000;86;60000;0;mq;mq;mq;mq;mq;mq;mq;mq;100610;mq;mq;mq;mq;281.950000;mq;290.850000;281.150000;mq;mq;mq;6.200000;-10;mq;mq;mq;mq;0.000000;0.000000;mq;0.000000;0.000000;710.000000;1106.000000;mq;mq;mq;mq;mq;mq;mq;mq;mq;mq;mq;mq;mq;mq;
78897;20110927060000;101190;-150;8;260;1.000000;298.450000;297.050000;92;35000;2;1;1;90;1;800;32;20;12;mq;mq;mq;80;mq;297.650000;mq;306.450000;275.150000;mq;mq;mq;mq;mq;mq;mq;mq;mq;mq;mq;0.000000;mq;0.000000;mq;mq;mq;mq;1;8;600;7;0;7800;mq;mq;mq;mq;mq;mq;
78922;20110927060000;101190;-170;8;220;4.100000;299.450000;297.450000;89;mq;mq;mq;mq;mq;mq;mq;mq;mq;mq;100750;mq;mq;mq;mq;mq;mq;mq;mq;mq;mq;mq;mq;mq;mq;mq;mq;mq;mq;mq;mq;mq;mq;mq;mq;mq;mq;mq;mq;mq;mq;mq;mq;mq;mq;mq;mq;mq;mq;
78925;20110927060000;101230;-150;8;80;1.000000;298.450000;297.750000;96;22000;0;mq;mq;mq;mq;mq;mq;mq;mq;mq;mq;mq;50;mq;296.950000;mq;306.750000;mq;mq;mq;mq;mq;mq;mq;mq;mq;mq;mq;mq;0.000000;mq;0.000000;mq;mq;mq;mq;mq;mq;mq;mq;mq;mq;mq;mq;mq;mq;mq;mq;
81401;20110927060000;101250;mq;mq;190;1.000000;296.850000;295.850000;94;mq;mq;mq;mq;mq;mq;mq;mq;mq;mq;101190;mq;mq;mq;mq;mq;mq;mq;mq;mq;mq;mq;mq;mq;mq;mq;mq;mq;mq;0.000000;0.000000;mq;mq;mq;mq;mq;mq;mq;mq;mq;mq;mq;mq;mq;mq;mq;mq;mq;mq;
81405;20110927060000;101270;mq;mq;210;0.500000;297.550000;296.850000;96;35000;61;mq;mq;100;mq;450;mq;mq;mq;101180;mq;mq;mq;mq;mq;mq;mq;296.150000;mq;mq;mq;mq;mq;mq;mq;mq;mq;mq;0.400000;1.000000;mq;mq;mq;mq;mq;mq;mq;mq;mq;mq;mq;mq;mq;mq;mq;mq;mq;mq;
81408;20110927060000;101250;mq;mq;0;0.000000;297.250000;296.550000;96;mq;mq;mq;mq;mq;mq;mq;mq;mq;mq;101170;mq;mq;mq;mq;mq;mq;mq;mq;mq;mq;mq;mq;mq;mq;mq;mq;mq;mq;0.000000;0.000000;mq;mq;mq;mq;mq;mq;mq;mq;mq;mq;mq;mq;mq;mq;mq;mq;mq;mq;
89642;20110927060000;99190;310;1;120;9.300000;249.150000;241.650000;46;20000;2;1;1;10;1;450;31;20;11;98610;mq;mq;mq;mq;mq;mq;mq;274.150000;mq;mq;18.000000;21.600000;-60;mq;mq;mq;mq;mq;mq;mq;mq;mq;1018.000000;1122.000000;mq;mq;1;8;390;mq;mq;mq;mq;mq;mq;mq;mq;mq;
07005;20110927090000;102980;140;3;160;0.500000;290.450000;289.850000;96;3500;10;4;0;25;1;150;36;20;11;102100;mq;mq;mq;mq;mq;mq;mq;mq;mq;mq;mq;1.500000;-10;mq;mq;0.000000;-30;0.000000;0.000000;mq;mq;mq;710.000000;1102.000000;3100.000000;mq;1;7;150;mq;mq;mq;mq;mq;mq;mq;mq;mq;
07015;20110927090000;102980;130;2;320;0.500000;289.850000;289.550000;98;4000;28;4;1;60;5;150;36;20;11;102420;mq;mq;mq;mq;mq;mq;mq;mq;mq;mq;mq;1.500000;-10;mq;mq;0.000000;-30;0.000000;0.000000;mq;mq;mq;710.000000;1102.000000;3100.000000;mq;5;7;150;mq;mq;mq;mq;mq;mq;mq;mq;mq;
07020;20110927090000;102900;90;1;100;4.100000;289.350000;289.050000;98;200;47;4;1;101;mq;mq;62;61;60;102640;mq;mq;mq;mq;mq;mq;mq;mq;mq;mq;mq;6.700000;-10;mq;mq;mq;mq;0.000000;0.000000;mq;mq;mq;710.000000;1107.000000;mq;mq;mq;mq;mq;mq;mq;mq;mq;mq;mq;mq;mq;mq;
07027;20110927090000;102870;80;2;120;3.100000;292.650000;289.350000;81;18000;2;1;1;25;1;3500;30;23;11;102080;mq;mq;mq;mq;mq;mq;mq;mq;mq;mq;mq;4.100000;-10;mq;mq;0.000000;-30;0.000000;0.000000;mq;mq;mq;710.000000;1104.000000;3100.000000;mq;1;3;4500;mq;mq;mq;mq;mq;mq;mq;mq;mq;
07037;20110927090000;102930;110;2;120;2.600000;292.950000;290.350000;85;15000;2;1;1;60;0;8000;30;20;11;101140;mq;mq;mq;mq;mq;mq;mq;mq;mq;mq;mq;4.100000;-10;mq;mq;0.000000;-30;0.000000;0.000000;mq;mq;mq;710.000000;1104.000000;3100.000000;mq;5;0;7500;mq;mq;mq;mq;mq;mq;mq;mq;mq;
07110;20110927090000;102650;70;1;120;3.100000;292.650000;290.250000;86;25000;1;4;1;25;2;1750;32;23;10;101530;mq;mq;mq;mq;mq;mq;mq;mq;mq;mq;mq;5.100000;-10;mq;mq;mq;mq;0.000000;0.200000;mq;mq;mq;710.000000;1105.000000;mq;mq;1;8;1500;mq;mq;mq;mq;mq;mq;mq;mq;mq;
07117;20110927090000;102720;50;2;100;3.100000;290.850000;289.550000;92;5000;40;1;1;10;0;8000;30;20;12;102030;mq;mq;mq;mq;mq;mq;mq;mq;mq;mq;mq;6.200000;-10;mq;mq;mq;mq;0.000000;0.000000;mq;mq;mq;710.000000;1106.000000;2426.000000;mq;mq;mq;mq;mq;mq;mq;mq;mq;mq;mq;mq;mq;
07130;20110927090000;102780;90;3;90;2.600000;292.650000;289.350000;81;13000;0;mq;mq;mq;mq;mq;mq;mq;mq;102270;mq;mq;mq;mq;mq;mq;mq;mq;mq;mq;mq;4.100000;-10;mq;mq;mq;mq;0.000000;0.000000;mq;mq;mq;710.000000;1104.000000;mq;mq;mq;mq;mq;mq;mq;mq;mq;mq;mq;mq;mq;mq;
07139;20110927090000;102910;130;1;60;2.100000;291.350000;287.850000;80;25000;2;1;1;60;0;8000;30;20;11;101200;mq;mq;mq;mq;mq;mq;mq;mq;mq;mq;mq;3.600000;-10;mq;mq;0.000000;-30;0.000000;0.000000;mq;mq;mq;710.000000;1104.000000;3100.000000;mq;5;0;7500;mq;mq;mq;mq;mq;mq;mq;mq;mq;
07149;20110927090000;102940;130;3;30;1.500000;293.250000;288.250000;73;15000;2;1;1;75;1;3500;30;23;11;101870;mq;mq;mq;mq;mq;mq;mq;mq;mq;mq;mq;3.100000;-10;mq;mq;0.000000;-30;0.000000;0.000000;mq;mq;mq;710.000000;1103.000000;3100.000000;mq;1;3;3300;6;0;7500;mq;mq;mq;mq;mq;mq;
07168;20110927090000;102910;120;2;10;1.000000;293.250000;287.650000;70;20000;2;1;1;90;0;8000;30;20;12;101520;mq;mq;mq;mq;mq;mq;mq;mq;mq;mq;mq;2.600000;-10;mq;mq;0.000000;-30;0.000000;0.000000;mq;mq;mq;710.000000;1103.000000;3100.000000;mq;7;0;7800;mq;mq;mq;mq;mq;mq;mq;mq;mq;
07181;20110927090000;102850;100;1;30;1.000000;293.450000;288.450000;73;19000;0;mq;mq;mq;mq;mq;mq;mq;mq;98870;mq;mq;mq;mq;mq;mq;mq;mq;mq;mq;mq;1.500000;-10;mq;mq;mq;mq;0.000000;0.000000;mq;mq;mq;710.000000;1102.000000;mq;mq;mq;mq;mq;mq;mq;mq;mq;mq;mq;mq;mq;mq;
07190;20110927090000;102880;90;1;150;0.500000;292.850000;288.050000;74;17000;0;mq;mq;mq;mq;mq;mq;mq;mq;101100;mq;mq;mq;mq;mq;mq;mq;mq;mq;mq;mq;1.500000;-10;mq;mq;mq;mq;0.000000;0.000000;mq;mq;mq;710.000000;1102.000000;mq;mq;mq;mq;mq;mq;mq;mq;mq;mq;mq;mq;mq;mq;
07207;20110927090000;mq;mq;mq;110;4.600000;292.950000;288.550000;76;12000;2;1;1;75;5;800;31;27;11;mq;mq;mq;mq;mq;mq;mq;mq;mq;mq;mq;mq;7.700000;-10;mq;mq;mq;mq;0.000000;0.000000;mq;mq;mq;710.000000;1108.000000;2427.000000;mq;mq;mq;mq;mq;mq;mq;mq;mq;mq;mq;mq;mq;
07222;20110927090000;102710;120;1;70;1.500000;294.950000;289.450000;71;15000;2;1;1;50;2;3500;30;23;12;102400;mq;mq;mq;mq;mq;mq;mq;mq;mq;mq;mq;3.600000;-10;mq;mq;mq;mq;0.000000;0.000000;mq;mq;mq;710.000000;1104.000000;mq;mq;2;3;4800;3;0;7800;mq;mq;mq;mq;mq;mq;
07240;20110927090000;102840;160;2;60;3.100000;294.150000;288.250000;69;60000;0;mq;mq;mq;mq;mq;mq;mq;mq;101520;mq;mq;mq;mq;mq;mq;mq;mq;mq;mq;mq;6.200000;-10;mq;mq;mq;mq;0.000000;0.000000;mq;mq;mq;710.000000;1106.000000;mq;mq;mq;mq;mq;mq;mq;mq;mq;mq;mq;mq;mq;mq;
07255;20110927090000;102810;110;1;110;2.100000;295.250000;287.350000;61;15000;2;1;1;90;0;8000;30;20;12;100870;mq;mq;mq;mq;mq;mq;mq;mq;mq;mq;mq;3.600000;-10;mq;mq;0.000000;-30;0.000000;0.000000;mq;mq;mq;710.000000;1104.000000;3100.000000;mq;7;0;7500;mq;mq;mq;mq;mq;mq;mq;mq;mq;
07280;20110927090000;102780;90;1;10;3.600000;294.850000;287.250000;62;40000;0;mq;mq;mq;mq;mq;mq;mq;mq;100140;mq;mq;mq;mq;mq;mq;mq;mq;mq;mq;mq;6.200000;-10;mq;mq;mq;mq;0.000000;0.000000;mq;mq;mq;710.000000;1106.000000;mq;mq;mq;mq;mq;mq;mq;mq;mq;mq;mq;mq;mq;mq;
07299;20110927090000;102860;70;3;80;1.000000;292.450000;286.150000;67;20000;2;1;1;10;0;mq;30;20;11;99660;mq;mq;mq;mq;mq;mq;mq;mq;mq;mq;mq;3.600000;-10;mq;mq;0.000000;-30;0.000000;0.000000;mq;mq;mq;710.000000;1104.000000;3100.000000;mq;1;0;6900;mq;mq;mq;mq;mq;mq;mq;mq;mq;
07335;20110927090000;102760;110;1;80;2.100000;294.850000;287.450000;63;15000;2;1;1;60;0;8000;30;20;11;101350;mq;mq;mq;mq;mq;mq;mq;mq;mq;mq;mq;3.100000;-10;mq;mq;mq;mq;0.000000;0.000000;mq;mq;mq;710.000000;1103.000000;mq;mq;5;0;7800;mq;mq;mq;mq;mq;mq;mq;mq;mq;
07434;20110927090000;102670;120;3;70;3.600000;293.550000;287.450000;68;35000;2;1;1;90;0;8000;30;20;11;98020;mq;mq;mq;mq;mq;mq;mq;mq;mq;mq;mq;6.200000;-10;mq;mq;0.000000;-30;0.000000;0.000000;mq;mq;mq;710.000000;1106.000000;3100.000000;mq;7;0;7800;mq;mq;mq;mq;mq;mq;mq;mq;mq;
07460;20110927090000;102780;100;2;240;0.500000;292.250000;287.250000;73;20000;2;1;1;75;4;3500;30;23;12;98980;mq;mq;mq;mq;mq;mq;mq;mq;mq;mq;mq;1.500000;-10;mq;mq;0.000000;-30;0.000000;0.000000;mq;mq;mq;710.000000;1102.000000;3100.000000;mq;4;3;5400;6;0;6000;mq;mq;mq;mq;mq;mq;
07471;20110927090000;mq;70;3;0;0.000000;291.450000;285.650000;69;28000;2;1;1;60;0;8000;30;20;11;93260;85000;18660;mq;mq;mq;mq;mq;mq;mq;mq;mq;1.500000;-10;mq;mq;0.000000;-30;0.000000;0.000000;mq;mq;mq;710.000000;1102.000000;3100.000000;mq;5;0;7800;mq;mq;mq;mq;mq;mq;mq;mq;mq;
07481;20110927090000;102780;90;3;20;1.500000;288.650000;287.550000;93;2600;28;4;1;50;4;80;36;20;10;99930;mq;mq;mq;mq;mq;mq;mq;mq;mq;mq;mq;2.600000;-10;mq;mq;0.000000;-30;0.000000;0.000000;mq;mq;mq;710.000000;1103.000000;3100.000000;mq;4;7;90;mq;mq;mq;mq;mq;mq;mq;mq;mq;
07510;20110927090000;102580;110;2;60;2.100000;295.050000;287.150000;61;20000;2;1;1;40;0;mq;30;20;12;101950;mq;mq;mq;mq;mq;mq;mq;mq;mq;mq;mq;3.600000;-10;mq;mq;0.000000;-30;0.000000;0.000000;mq;mq;mq;710.000000;1104.000000;3100.000000;mq;3;0;7800;mq;mq;mq;mq;mq;mq;mq;mq;mq;
07535;20110927090000;102600;100;3;320;1.500000;293.650000;286.650000;64;20000;2;1;1;60;0;8000;30;20;11;99560;mq;mq;mq;mq;mq;mq;mq;mq;mq;mq;mq;3.100000;-10;mq;mq;0.000000;-30;0.000000;0.000000;mq;mq;mq;710.000000;1103.000000;3100.000000;mq;5;0;6900;mq;mq;mq;mq;mq;mq;mq;mq;mq;
07558;20110927090000;102500;60;3;30;5.100000;294.150000;283.350000;50;40000;2;1;1;50;0;8000;30;20;11;94430;mq;mq;mq;mq;mq;mq;mq;mq;mq;mq;mq;7.700000;-10;mq;mq;0.000000;-30;0.000000;0.000000;mq;mq;mq;710.000000;1108.000000;3100.000000;mq;4;0;7500;mq;mq;mq;mq;mq;mq;mq;mq;mq;
07577;20110927090000;102580;60;2;30;5.700000;295.350000;287.950000;63;30000;2;1;1;60;0;8000;30;20;11;101710;mq;mq;mq;mq;mq;mq;mq;mq;mq;mq;mq;9.800000;-10;mq;mq;0.000000;-30;0.000000;0.000000;mq;mq;mq;710.000000;1110.000000;3100.000000;mq;5;0;7800;mq;mq;mq;mq;mq;mq;mq;mq;mq;
07591;20110927090000;mq;20;0;20;5.100000;291.950000;276.950000;37;mq;0;mq;mq;mq;mq;mq;mq;mq;mq;92690;mq;mq;mq;mq;mq;mq;mq;mq;mq;mq;mq;10.300000;-10;mq;mq;mq;mq;0.000000;0.000000;mq;mq;mq;710.000000;1110.000000;mq;mq;mq;mq;mq;mq;mq;mq;mq;mq;mq;mq;mq;mq;
07607;20110927090000;102540;80;3;80;1.000000;293.950000;287.850000;68;55000;0;mq;mq;mq;mq;mq;mq;mq;mq;101840;mq;mq;mq;mq;mq;mq;mq;mq;mq;mq;mq;2.600000;-10;mq;mq;mq;mq;0.000000;0.000000;mq;mq;mq;710.000000;1103.000000;mq;mq;mq;mq;mq;mq;mq;mq;mq;mq;mq;mq;mq;mq;
07621;20110927090000;102450;60;2;180;0.500000;296.350000;284.750000;48;60000;2;1;1;10;0;8000;30;20;11;98280;mq;mq;mq;mq;mq;mq;mq;mq;mq;mq;mq;2.100000;-10;mq;mq;0.000000;-30;0.000000;0.000000;mq;mq;mq;710.000000;1102.000000;3100.000000;mq;1;0;7800;mq;mq;mq;mq;mq;mq;mq;mq;mq;
07627;20110927090000;102510;50;2;280;0.500000;293.850000;286.750000;64;30000;2;1;1;25;1;2250;31;20;12;97780;mq;mq;mq;mq;mq;mq;mq;mq;mq;mq;mq;3.100000;-10;mq;mq;0.000000;-30;0.000000;0.000000;mq;mq;mq;710.000000;1103.000000;3100.000000;mq;1;8;2400;mq;mq;mq;mq;mq;mq;mq;mq;mq;
07630;20110927090000;102570;80;3;160;1.000000;294.850000;285.950000;57;30000;2;1;1;25;0;8000;30;20;11;100820;mq;mq;mq;mq;mq;mq;mq;mq;mq;mq;mq;3.100000;-10;mq;mq;0.000000;-30;0.000000;0.000000;mq;mq;mq;710.000000;1103.000000;3100.000000;mq;2;0;7800;mq;mq;mq;mq;mq;mq;mq;mq;mq;
07643;20110927090000;102530;80;3;50;1.500000;297.550000;285.850000;48;20000;2;1;1;40;0;8000;30;20;11;102440;mq;mq;mq;mq;mq;mq;mq;mq;mq;mq;mq;3.100000;-10;mq;mq;mq;mq;0.000000;0.000000;mq;mq;mq;710.000000;1103.000000;mq;mq;3;0;7800;mq;mq;mq;mq;mq;mq;mq;mq;mq;
07650;20110927090000;102480;110;3;280;1.500000;296.150000;289.450000;66;9000;2;1;1;25;0;8000;30;20;12;102110;mq;mq;mq;mq;mq;mq;mq;mq;mq;mq;mq;2.600000;-10;mq;mq;0.000000;-30;0.000000;0.000000;mq;mq;mq;710.000000;1103.000000;3100.000000;mq;2;0;7500;mq;mq;mq;mq;mq;mq;mq;mq;mq;
07661;20110927090000;102470;130;2;110;2.100000;297.750000;286.950000;51;20000;2;1;1;25;0;8000;30;20;11;100920;mq;mq;mq;mq;mq;mq;mq;mq;mq;mq;mq;5.100000;-10;mq;mq;mq;mq;0.000000;0.000000;mq;mq;mq;710.000000;1105.000000;mq;mq;2;0;4800;mq;mq;mq;mq;mq;mq;mq;mq;mq;
07690;20110927090000;102500;80;2;330;3.600000;298.950000;282.750000;36;50000;2;1;1;10;0;mq;30;20;11;102170;mq;mq;mq;mq;mq;mq;mq;mq;mq;mq;mq;6.700000;-10;mq;mq;0.000000;-30;0.000000;0.000000;mq;mq;mq;710.000000;1107.000000;3100.000000;mq;1;0;7800;mq;mq;mq;mq;mq;mq;mq;mq;mq;
07747;20110927090000;102530;70;2;210;1.500000;300.350000;283.150000;34;30000;2;1;1;25;1;1750;31;20;11;102020;mq;mq;mq;mq;mq;mq;mq;mq;mq;mq;mq;3.100000;-10;mq;mq;0.000000;-30;0.000000;0.000000;mq;mq;mq;710.000000;1103.000000;3100.000000;mq;1;8;1800;mq;mq;mq;mq;mq;mq;mq;mq;mq;
07761;20110927090000;102320;90;2;270;1.500000;297.450000;286.650000;51;25000;2;1;1;10;1;1250;31;20;10;102210;mq;mq;mq;mq;mq;mq;mq;mq;mq;mq;mq;2.600000;-10;mq;mq;0.000000;-30;0.000000;0.000000;mq;mq;mq;710.000000;1103.000000;3100.000000;mq;1;8;1380;mq;mq;mq;mq;mq;mq;mq;mq;mq;
07790;20110927090000;102420;100;1;350;3.600000;299.050000;288.150000;51;30000;2;1;1;50;4;3500;30;23;10;102280;mq;mq;mq;mq;mq;mq;mq;mq;mq;mq;mq;7.700000;-10;mq;mq;0.000000;-30;0.000000;0.000000;mq;mq;mq;710.000000;1108.000000;3100.000000;mq;4;3;3000;mq;mq;mq;mq;mq;mq;mq;mq;mq;
61968;20110927090000;101520;mq;mq;190;1.000000;301.050000;294.150000;66;mq;mq;mq;mq;mq;mq;mq;mq;mq;mq;mq;mq;mq;mq;mq;mq;mq;mq;mq;mq;mq;mq;3.100000;-10;mq;mq;mq;mq;0.000000;0.400000;mq;mq;mq;710.000000;1103.000000;mq;mq;mq;mq;mq;mq;mq;mq;mq;mq;mq;mq;mq;mq;
61970;20110927090000;101800;mq;mq;mq;mq;302.750000;295.450000;65;mq;mq;mq;mq;mq;mq;mq;mq;mq;mq;mq;mq;mq;mq;mq;mq;mq;mq;mq;mq;mq;mq;mq;mq;mq;mq;mq;mq;0.000000;0.000000;mq;mq;mq;mq;mq;mq;mq;mq;mq;mq;mq;mq;mq;mq;mq;mq;mq;mq;mq;
61972;20110927090000;101840;mq;mq;30;1.500000;300.550000;295.550000;74;mq;mq;mq;mq;mq;mq;mq;mq;mq;mq;mq;mq;mq;mq;mq;mq;mq;mq;mq;mq;mq;mq;4.600000;-10;mq;mq;mq;mq;0.000000;0.000000;mq;mq;mq;710.000000;1105.000000;mq;mq;mq;mq;mq;mq;mq;mq;mq;mq;mq;mq;mq;mq;
61976;20110927090000;101780;mq;mq;120;10.300000;299.850000;293.650000;69;mq;mq;mq;mq;mq;mq;mq;mq;mq;mq;101630;mq;mq;mq;mq;mq;mq;mq;mq;mq;mq;mq;mq;mq;mq;mq;mq;mq;mq;0.000000;mq;mq;mq;mq;mq;mq;mq;mq;mq;mq;mq;mq;mq;mq;mq;mq;mq;mq;mq;
61980;20110927090000;102100;mq;mq;100;9.800000;298.850000;286.650000;47;25000;2;1;1;10;1;800;38;23;10;mq;mq;mq;mq;mq;mq;mq;mq;mq;mq;mq;mq;17.000000;-10;mq;mq;mq;mq;0.000000;0.000000;mq;mq;mq;710.000000;1117.000000;2448.000000;mq;1;8;900;mq;mq;mq;mq;mq;mq;mq;mq;mq;
61997;20110927090000;99140;mq;mq;300;8.700000;281.250000;276.850000;74;mq;mq;mq;mq;mq;mq;mq;mq;mq;mq;mq;mq;mq;mq;mq;mq;mq;mq;mq;mq;mq;mq;21.100000;-30;mq;mq;mq;mq;mq;1.000000;mq;mq;mq;1121.000000;mq;mq;mq;mq;mq;mq;mq;mq;mq;mq;mq;mq;mq;mq;mq;
67005;20110927090000;101570;mq;mq;160;5.100000;301.250000;293.550000;63;30000;2;1;1;90;3;800;38;23;60;mq;mq;mq;mq;mq;mq;mq;mq;mq;mq;mq;mq;7.700000;-10;mq;mq;mq;mq;0.000000;0.000000;mq;mq;mq;710.000000;1108.000000;mq;mq;1;8;690;3;6;1800;7;3;3000;mq;mq;mq;
71805;20110927090000;100770;80;2;330;5.100000;282.750000;279.850000;82;30000;2;1;1;0;mq;mq;mq;mq;mq;100690;mq;mq;mq;mq;mq;mq;mq;mq;mq;mq;mq;8.700000;-10;mq;mq;0.000000;-30;0.000000;0.000000;mq;mq;mq;710.000000;1109.000000;3100.000000;mq;mq;mq;mq;mq;mq;mq;mq;mq;mq;mq;mq;mq;
78897;20110927090000;101150;-40;5;0;0.000000;297.850000;296.450000;92;35000;2;1;1;90;1;800;32;20;12;mq;mq;mq;mq;mq;mq;mq;mq;mq;mq;mq;mq;mq;mq;mq;mq;mq;mq;mq;mq;mq;mq;mq;mq;mq;mq;mq;1;8;600;7;0;7800;mq;mq;mq;mq;mq;mq;
78922;20110927090000;101220;30;3;210;4.100000;299.450000;297.450000;89;mq;mq;mq;mq;mq;mq;mq;mq;mq;mq;100780;mq;mq;mq;mq;mq;mq;mq;mq;mq;mq;mq;mq;mq;mq;mq;mq;mq;mq;mq;mq;mq;mq;mq;mq;mq;mq;mq;mq;mq;mq;mq;mq;mq;mq;mq;mq;mq;mq;
78925;20110927090000;101250;20;3;80;1.000000;297.850000;297.350000;97;26000;0;mq;mq;mq;mq;mq;mq;mq;mq;mq;mq;mq;50;mq;mq;mq;mq;mq;mq;mq;mq;mq;mq;mq;mq;mq;mq;mq;mq;mq;mq;mq;mq;mq;mq;mq;mq;mq;mq;mq;mq;mq;mq;mq;mq;mq;mq;mq;
81401;20110927090000;101270;mq;mq;150;0.500000;296.350000;295.550000;95;mq;mq;mq;mq;mq;mq;mq;mq;mq;mq;101210;mq;mq;mq;mq;mq;mq;mq;mq;mq;mq;mq;mq;mq;mq;mq;mq;mq;mq;0.000000;mq;mq;mq;mq;mq;mq;mq;mq;mq;mq;mq;mq;mq;mq;mq;mq;mq;mq;mq;
81405;20110927090000;101310;mq;mq;300;0.500000;296.550000;296.050000;97;29000;0;mq;mq;101;mq;mq;62;61;60;101220;mq;mq;mq;mq;mq;mq;mq;mq;mq;mq;mq;mq;mq;mq;mq;mq;mq;mq;0.000000;mq;mq;mq;mq;mq;mq;mq;mq;mq;mq;mq;mq;mq;mq;mq;mq;mq;mq;mq;
81408;20110927090000;101280;mq;mq;0;0.000000;296.450000;295.950000;97;mq;mq;mq;mq;mq;mq;mq;mq;mq;mq;101200;mq;mq;mq;mq;mq;mq;mq;mq;mq;mq;mq;mq;mq;mq;mq;mq;mq;mq;0.000000;mq;mq;mq;mq;mq;mq;mq;mq;mq;mq;mq;mq;mq;mq;mq;mq;mq;mq;mq;
89642;20110927090000;99420;220;1;120;10.300000;247.250000;239.050000;43;40000;2;1;1;10;1;450;31;20;10;98830;mq;mq;mq;mq;mq;mq;mq;mq;mq;mq;mq;19.500000;-30;mq;mq;mq;mq;mq;mq;mq;mq;mq;1120.000000;mq;mq;mq;1;8;390;mq;mq;mq;mq;mq;mq;mq;mq;mq;
07005;20110927120000;102970;0;0;30;2.100000;295.350000;290.050000;72;40000;3;4;0;40;3;800;31;20;10;102100;mq;mq;mq;mq;mq;mq;mq;mq;mq;mq;mq;3.100000;-10;mq;mq;0.000000;-60;0.000000;0.000000;0.000000;mq;mq;710.000000;1103.000000;3100.000000;mq;3;8;690;mq;mq;mq;mq;mq;mq;mq;mq;mq;
07015;20110927120000;103020;40;1;30;1.000000;294.650000;288.750000;69;15000;1;4;1;25;2;800;31;20;10;102460;mq;mq;mq;mq;mq;mq;mq;mq;mq;mq;mq;2.100000;-10;mq;mq;0.000000;-60;0.000000;0.000000;0.000000;mq;mq;710.000000;1102.000000;3100.000000;mq;2;8;630;mq;mq;mq;mq;mq;mq;mq;mq;mq;
07020;20110927120000;102920;20;3;90;5.100000;290.650000;290.050000;96;mq;mq;mq;mq;mq;mq;mq;mq;mq;mq;102660;mq;mq;mq;mq;mq;mq;mq;mq;mq;mq;mq;7.700000;-10;mq;mq;mq;mq;0.000000;0.200000;0.200000;mq;mq;710.000000;1108.000000;mq;mq;mq;mq;mq;mq;mq;mq;mq;mq;mq;mq;mq;mq;
07027;20110927120000;102860;0;4;120;3.600000;298.150000;288.450000;55;40000;2;1;1;10;0;8000;30;20;11;102080;mq;mq;mq;mq;mq;mq;mq;mq;mq;mq;mq;7.200000;-10;mq;mq;0.000000;-60;0.000000;0.000000;0.000000;mq;mq;710.000000;1107.000000;3100.000000;mq;1;0;7500;mq;mq;mq;mq;mq;mq;mq;mq;mq;
07037;20110927120000;102930;20;0;110;3.100000;296.050000;289.150000;65;15000;2;1;1;40;2;800;31;20;11;101160;mq;mq;mq;mq;mq;mq;mq;mq;mq;mq;mq;4.600000;-10;mq;mq;0.000000;-60;0.000000;0.000000;0.000000;mq;mq;710.000000;1105.000000;3100.000000;mq;2;8;600;mq;mq;mq;mq;mq;mq;mq;mq;mq;
07110;20110927120000;102600;-30;5;160;5.100000;298.050000;289.250000;58;25000;2;4;1;10;1;3500;30;28;10;101500;mq;mq;mq;mq;mq;mq;mq;mq;mq;mq;mq;8.200000;-10;mq;mq;mq;mq;0.000000;0.000000;0.200000;mq;mq;710.000000;1108.000000;mq;mq;1;3;3900;mq;mq;mq;mq;mq;mq;mq;mq;mq;
07117;20110927120000;102660;-50;8;70;2.100000;294.250000;290.050000;77;7000;2;1;1;10;0;8000;30;20;12;101980;mq;mq;mq;mq;mq;mq;mq;mq;mq;mq;mq;4.100000;-10;mq;mq;mq;mq;0.000000;0.000000;0.000000;mq;mq;710.000000;1104.000000;2426.000000;mq;mq;mq;mq;mq;mq;mq;mq;mq;mq;mq;mq;mq;
07130;20110927120000;102760;-10;8;120;2.600000;299.350000;289.550000;55;22000;0;mq;mq;mq;mq;mq;mq;mq;mq;102260;mq;mq;mq;mq;mq;mq;mq;mq;mq;mq;mq;5.100000;-10;mq;mq;mq;mq;0.000000;0.000000;0.000000;mq;mq;710.000000;1105.000000;mq;mq;mq;mq;mq;mq;mq;mq;mq;mq;mq;mq;mq;mq;
07139;20110927120000;102850;-20;7;110;2.100000;297.750000;287.850000;54;35000;2;1;1;10;1;1250;31;20;11;101180;mq;mq;mq;mq;mq;mq;mq;mq;mq;mq;mq;5.100000;-10;mq;mq;0.000000;-60;0.000000;0.000000;0.000000;mq;mq;710.000000;1105.000000;3100.000000;mq;1;8;1200;mq;mq;mq;mq;mq;mq;mq;mq;mq;
07149;20110927120000;102920;0;0;90;1.500000;296.950000;287.350000;55;18000;2;1;1;75;1;1250;31;20;13;101870;mq;mq;mq;mq;mq;mq;mq;mq;mq;mq;mq;3.600000;-10;mq;mq;0.000000;-60;0.000000;0.000000;0.000000;mq;mq;710.000000;1104.000000;3100.000000;mq;1;8;1200;6;0;7500;mq;mq;mq;mq;mq;mq;
07168;20110927120000;102890;0;0;30;2.100000;297.550000;287.650000;54;20000;2;1;1;90;1;1250;31;20;12;101520;mq;mq;mq;mq;mq;mq;mq;mq;mq;mq;mq;3.600000;-10;mq;mq;0.000000;-60;0.000000;0.000000;0.000000;mq;mq;710.000000;1104.000000;3100.000000;mq;1;8;1200;7;0;7800;mq;mq;mq;mq;mq;mq;
07181;20110927120000;102810;0;0;20;2.600000;296.750000;286.650000;53;40000;0;mq;mq;mq;mq;mq;mq;mq;mq;98870;mq;mq;mq;mq;mq;mq;mq;mq;mq;mq;mq;8.200000;-10;mq;mq;mq;mq;0.000000;0.000000;0.000000;mq;mq;710.000000;1108.000000;mq;mq;mq;mq;mq;mq;mq;mq;mq;mq;mq;mq;mq;mq;
07190;20110927120000;102820;-30;8;20;2.600000;298.050000;288.150000;54;18000;0;mq;mq;mq;mq;mq;mq;mq;mq;101070;mq;mq;mq;mq;mq;mq;mq;mq;mq;mq;mq;5.700000;-10;mq;mq;mq;mq;0.000000;0.000000;0.000000;mq;mq;710.000000;1106.000000;mq;mq;mq;mq;mq;mq;mq;mq;mq;mq;mq;mq;mq;mq;
07207;20110927120000;mq;mq;mq;120;4.600000;294.250000;288.550000;70;12000;2;1;1;60;1;3500;30;27;18;mq;mq;mq;mq;mq;mq;mq;mq;mq;mq;mq;mq;8.700000;-10;mq;mq;mq;mq;0.000000;0.000000;0.000000;mq;mq;710.000000;1109.000000;2427.000000;mq;mq;mq;mq;mq;mq;mq;mq;mq;mq;mq;mq;mq;
07222;20110927120000;102700;0;0;120;3.600000;300.750000;289.050000;49;25000;2;1;1;60;3;3500;30;28;19;102400;mq;mq;mq;mq;mq;mq;mq;mq;mq;mq;mq;6.200000;-10;mq;mq;mq;mq;0.000000;0.000000;0.000000;mq;mq;710.000000;1106.000000;mq;mq;3;3;4800;4;0;7800;mq;mq;mq;mq;mq;mq;
07240;20110927120000;102810;-10;8;80;4.100000;298.550000;288.250000;53;60000;0;mq;mq;mq;mq;mq;mq;mq;mq;101510;mq;mq;mq;mq;mq;mq;mq;mq;mq;mq;mq;6.200000;-10;mq;mq;mq;mq;0.000000;0.000000;0.000000;mq;mq;710.000000;1106.000000;mq;mq;mq;mq;mq;mq;mq;mq;mq;mq;mq;mq;mq;mq;
07255;20110927120000;102790;10;0;80;3.100000;299.250000;286.050000;44;25000;2;1;1;75;0;8000;30;20;12;100880;mq;mq;mq;mq;mq;mq;mq;mq;mq;mq;mq;5.700000;-10;mq;mq;0.000000;-60;0.000000;0.000000;0.000000;mq;mq;710.000000;1106.000000;3100.000000;mq;6;0;7500;mq;mq;mq;mq;mq;mq;mq;mq;mq;
07280;20110927120000;102720;-30;8;50;4.600000;298.750000;287.550000;50;35000;0;mq;mq;mq;mq;mq;mq;mq;mq;100110;mq;mq;mq;mq;mq;mq;mq;mq;mq;mq;mq;8.700000;-10;mq;mq;mq;mq;0.000000;0.000000;0.000000;mq;mq;710.000000;1109.000000;mq;mq;mq;mq;mq;mq;mq;mq;mq;mq;mq;mq;mq;mq;
07299;20110927120000;102750;-60;8;30;1.000000;297.150000;286.650000;52;25000;2;1;1;10;1;1250;31;20;11;99600;mq;mq;mq;mq;mq;mq;mq;mq;mq;mq;mq;3.600000;-10;mq;mq;0.000000;-60;0.000000;0.000000;0.000000;mq;mq;710.000000;1104.000000;3100.000000;mq;1;8;1380;mq;mq;mq;mq;mq;mq;mq;mq;mq;
07314;20110927120000;102690;30;1;350;1.000000;297.150000;291.550000;71;mq;mq;mq;mq;mq;mq;mq;mq;mq;mq;102420;mq;mq;mq;mq;mq;mq;mq;mq;mq;mq;mq;3.100000;-10;mq;mq;mq;mq;0.000000;0.000000;0.000000;mq;mq;710.000000;1103.000000;mq;mq;mq;mq;mq;mq;mq;mq;mq;mq;mq;mq;mq;mq;
07335;20110927120000;102710;-20;8;60;4.600000;300.050000;286.050000;42;25000;2;1;1;40;0;8000;30;20;11;101330;mq;mq;mq;mq;mq;mq;mq;mq;mq;mq;mq;7.700000;-10;mq;mq;mq;mq;0.000000;0.000000;0.000000;mq;mq;710.000000;1108.000000;mq;mq;3;0;7800;mq;mq;mq;mq;mq;mq;mq;mq;mq;
07434;20110927120000;102620;10;2;60;4.100000;297.750000;286.950000;51;35000;2;1;1;75;0;8000;30;20;11;98030;mq;mq;mq;mq;mq;mq;mq;mq;mq;mq;mq;6.700000;-10;mq;mq;0.000000;-60;0.000000;0.000000;0.000000;mq;mq;710.000000;1107.000000;3100.000000;mq;6;0;7800;mq;mq;mq;mq;mq;mq;mq;mq;mq;
07460;20110927120000;102690;-30;8;30;1.000000;296.950000;287.950000;57;20000;2;1;1;75;4;3500;30;23;12;98950;mq;mq;mq;mq;mq;mq;mq;mq;mq;mq;mq;3.600000;-10;mq;mq;0.000000;-60;0.000000;0.000000;0.000000;mq;mq;710.000000;1104.000000;3100.000000;mq;4;3;5400;6;0;6900;mq;mq;mq;mq;mq;mq;
07471;20110927120000;mq;-10;8;30;3.600000;294.950000;282.150000;44;30000;2;1;1;75;0;8000;30;20;11;93250;85000;18660;mq;mq;mq;mq;mq;mq;mq;mq;mq;7.200000;-10;mq;mq;0.000000;-60;0.000000;0.000000;0.000000;mq;mq;710.000000;1107.000000;3100.000000;mq;6;0;7800;mq;mq;mq;mq;mq;mq;mq;mq;mq;
07481;20110927120000;102670;-50;8;350;2.100000;295.350000;286.650000;58;28000;2;4;1;60;0;mq;30;20;11;99880;mq;mq;mq;mq;mq;mq;mq;mq;mq;mq;mq;4.100000;-10;mq;mq;0.000000;-60;0.000000;0.000000;0.000000;mq;mq;710.000000;1104.000000;3100.000000;mq;5;0;7800;mq;mq;mq;mq;mq;mq;mq;mq;mq;
07510;20110927120000;102520;-50;7;80;3.600000;301.350000;286.050000;39;40000;2;1;1;25;0;mq;30;20;12;101900;mq;mq;mq;mq;mq;mq;mq;mq;mq;mq;mq;6.700000;-10;mq;mq;0.000000;-60;0.000000;0.000000;0.000000;mq;mq;710.000000;1107.000000;3100.000000;mq;2;0;7800;mq;mq;mq;mq;mq;mq;mq;mq;mq;
07535;20110927120000;102480;-40;8;80;2.100000;301.650000;284.250000;34;25000;2;1;1;25;1;800;31;20;11;99520;mq;mq;mq;mq;mq;mq;mq;mq;mq;mq;mq;5.100000;-10;mq;mq;0.000000;-60;0.000000;0.000000;0.000000;mq;mq;710.000000;1105.000000;3100.000000;mq;1;8;690;mq;mq;mq;mq;mq;mq;mq;mq;mq;
07558;20110927120000;102330;-40;8;40;1.500000;299.250000;278.750000;27;50000;2;1;1;50;1;1750;31;20;11;94390;mq;mq;mq;mq;mq;mq;mq;mq;mq;mq;mq;6.200000;-10;mq;mq;0.000000;-60;0.000000;0.000000;0.000000;mq;mq;710.000000;1106.000000;3100.000000;mq;1;8;1500;3;0;7500;mq;mq;mq;mq;mq;mq;
07577;20110927120000;102540;-30;8;30;6.700000;299.350000;284.650000;40;30000;2;1;1;90;0;8000;30;20;18;101680;mq;mq;mq;mq;mq;mq;mq;mq;mq;mq;mq;11.300000;-10;mq;mq;0.000000;-60;0.000000;0.000000;0.000000;mq;mq;710.000000;1111.000000;3100.000000;mq;7;0;7800;mq;mq;mq;mq;mq;mq;mq;mq;mq;
07591;20110927120000;mq;-80;6;220;3.600000;297.250000;278.550000;30;mq;0;mq;mq;mq;mq;mq;mq;mq;mq;92610;mq;mq;mq;mq;mq;mq;mq;mq;mq;mq;mq;5.100000;-10;mq;mq;mq;mq;0.000000;0.000000;0.000000;mq;mq;710.000000;1105.000000;mq;mq;mq;mq;mq;mq;mq;mq;mq;mq;mq;mq;mq;mq;
07621;20110927120000;102370;-20;6;100;2.100000;300.250000;284.350000;37;50000;2;1;1;40;1;2250;31;20;11;98260;mq;mq;mq;mq;mq;mq;mq;mq;mq;mq;mq;4.100000;-10;mq;mq;0.000000;-60;0.000000;0.000000;0.000000;mq;mq;710.000000;1104.000000;3100.000000;mq;1;8;1800;3;0;7800;mq;mq;mq;mq;mq;mq;
07627;20110927120000;102360;-50;8;90;0.500000;300.450000;285.250000;39;30000;2;1;1;10;1;2250;32;20;11;97730;mq;mq;mq;mq;mq;mq;mq;mq;mq;mq;mq;3.600000;-10;mq;mq;0.000000;-60;0.000000;0.000000;0.000000;mq;mq;710.000000;1104.000000;3100.000000;mq;1;8;2400;mq;mq;mq;mq;mq;mq;mq;mq;mq;
07630;20110927120000;102470;-60;8;110;1.000000;301.750000;284.350000;34;40000;2;1;1;10;0;8000;30;20;11;100760;mq;mq;mq;mq;mq;mq;mq;mq;mq;mq;mq;4.100000;-10;mq;mq;0.000000;-60;0.000000;0.000000;0.000000;mq;mq;710.000000;1104.000000;3100.000000;mq;1;0;7800;mq;mq;mq;mq;mq;mq;mq;mq;mq;
07643;20110927120000;102480;-50;8;80;4.100000;302.050000;285.450000;36;20000;2;1;1;40;0;8000;30;20;11;102390;mq;mq;mq;mq;mq;mq;mq;mq;mq;mq;mq;7.700000;-10;mq;mq;mq;mq;0.000000;0.000000;0.000000;mq;mq;710.000000;1108.000000;mq;mq;3;0;7800;mq;mq;mq;mq;mq;mq;mq;mq;mq;
07650;20110927120000;102470;-10;8;260;3.600000;301.750000;284.350000;34;20000;2;1;1;75;1;1750;31;20;12;102100;mq;mq;mq;mq;mq;mq;mq;mq;mq;mq;mq;6.700000;-10;mq;mq;0.000000;-60;0.000000;0.000000;0.000000;mq;mq;710.000000;1107.000000;3100.000000;mq;1;8;1500;6;0;7500;mq;mq;mq;mq;mq;mq;
07661;20110927120000;102460;0;0;240;2.600000;299.650000;284.550000;39;20000;2;1;1;40;0;8000;30;20;11;100920;mq;mq;mq;mq;mq;mq;mq;mq;mq;mq;mq;5.100000;-10;mq;mq;mq;mq;0.000000;0.000000;0.000000;mq;mq;710.000000;1105.000000;mq;mq;3;0;4800;mq;mq;mq;mq;mq;mq;mq;mq;mq;
07690;20110927120000;102490;0;0;160;1.500000;298.650000;291.050000;63;40000;2;1;1;25;0;mq;30;20;11;102170;mq;mq;mq;mq;mq;mq;mq;mq;mq;mq;mq;2.600000;-10;mq;mq;0.000000;-60;0.000000;0.000000;0.000000;mq;mq;710.000000;1103.000000;3100.000000;mq;2;0;7800;mq;mq;mq;mq;mq;mq;mq;mq;mq;
07747;20110927120000;102510;-20;8;100;4.100000;302.350000;284.850000;34;30000;2;1;1;10;1;1750;31;20;11;102000;mq;mq;mq;mq;mq;mq;mq;mq;mq;mq;mq;6.700000;-10;mq;mq;0.000000;-60;0.000000;0.000000;0.000000;mq;mq;710.000000;1107.000000;3100.000000;mq;1;8;1800;mq;mq;mq;mq;mq;mq;mq;mq;mq;
07761;20110927120000;102300;-10;8;220;4.100000;298.750000;290.450000;60;28000;0;mq;mq;mq;mq;mq;mq;mq;mq;102200;mq;mq;mq;mq;mq;mq;mq;mq;mq;mq;mq;6.200000;-10;mq;mq;mq;mq;0.000000;0.000000;0.000000;mq;mq;710.000000;1106.000000;mq;mq;mq;mq;mq;mq;mq;mq;mq;mq;mq;mq;mq;mq;
07790;20110927120000;102400;-20;8;350;3.100000;300.450000;288.150000;47;30000;2;1;1;10;1;800;31;20;10;102260;mq;mq;mq;mq;mq;mq;mq;mq;mq;mq;mq;5.100000;-10;mq;mq;0.000000;-60;0.000000;0.000000;0.000000;mq;mq;710.000000;1105.000000;3100.000000;mq;1;8;900;mq;mq;mq;mq;mq;mq;mq;mq;mq;
61968;20110927120000;101340;mq;mq;140;1.000000;299.850000;293.650000;69;mq;mq;mq;mq;mq;mq;mq;mq;mq;mq;mq;mq;mq;mq;mq;mq;mq;mq;mq;mq;mq;mq;2.600000;-10;mq;mq;mq;mq;0.000000;mq;0.400000;mq;mq;710.000000;1103.000000;mq;mq;mq;mq;mq;mq;mq;mq;mq;mq;mq;mq;mq;mq;
61970;20110927120000;101560;mq;mq;mq;mq;302.150000;295.450000;67;mq;mq;mq;mq;mq;mq;mq;mq;mq;mq;mq;mq;mq;mq;mq;mq;mq;mq;mq;mq;mq;mq;mq;mq;mq;mq;mq;mq;0.000000;mq;0.000000;mq;mq;mq;mq;mq;mq;mq;mq;mq;mq;mq;mq;mq;mq;mq;mq;mq;mq;
61972;20110927120000;101680;mq;mq;30;1.000000;300.550000;295.050000;72;mq;mq;mq;mq;mq;mq;mq;mq;mq;mq;mq;mq;mq;mq;mq;mq;mq;mq;mq;mq;mq;mq;2.600000;-10;mq;mq;mq;mq;0.000000;mq;0.000000;mq;mq;710.000000;1103.000000;mq;mq;mq;mq;mq;mq;mq;mq;mq;mq;mq;mq;mq;mq;
61976;20110927120000;101670;mq;mq;120;9.300000;299.350000;293.450000;70;mq;mq;mq;mq;mq;mq;mq;mq;mq;mq;101520;mq;mq;mq;mq;mq;mq;mq;mq;mq;mq;mq;mq;mq;mq;mq;mq;mq;mq;mq;mq;mq;mq;mq;mq;mq;mq;mq;mq;mq;mq;mq;mq;mq;mq;mq;mq;mq;mq;
61980;20110927120000;102020;mq;mq;90;8.700000;297.450000;287.550000;54;20000;2;1;1;60;4;800;38;23;10;mq;mq;mq;mq;mq;mq;mq;mq;mq;mq;mq;mq;12.300000;-10;mq;mq;mq;mq;0.000000;mq;0.000000;mq;mq;710.000000;1112.000000;2448.000000;mq;1;8;900;4;6;1800;mq;mq;mq;mq;mq;mq;
61998;20110927120000;99720;mq;mq;310;13.900000;282.250000;278.750000;79;15000;2;1;1;90;4;800;35;27;18;mq;mq;mq;mq;mq;mq;mq;mq;mq;mq;mq;mq;22.100000;-10;mq;mq;mq;mq;0.000000;mq;0.000000;mq;mq;710.000000;1122.000000;mq;mq;4;6;690;4;3;2700;6;0;6900;mq;mq;mq;
67005;20110927120000;101380;mq;mq;170;4.100000;300.850000;294.450000;68;30000;2;1;1;90;3;800;38;23;60;mq;mq;mq;mq;mq;mq;mq;mq;mq;mq;mq;mq;6.200000;-10;mq;mq;mq;mq;0.000000;mq;0.000000;mq;mq;710.000000;1106.000000;mq;mq;1;8;690;3;6;1800;7;3;3000;mq;mq;mq;
71805;20110927120000;100850;80;2;320;4.600000;286.050000;277.950000;58;27000;0;mq;mq;mq;mq;mq;mq;mq;mq;100770;mq;mq;mq;mq;mq;mq;mq;mq;mq;mq;mq;8.700000;-10;mq;mq;mq;mq;0.000000;0.000000;0.000000;mq;mq;710.000000;1109.000000;mq;mq;mq;mq;mq;mq;mq;mq;mq;mq;mq;mq;mq;mq;
78897;20110927120000;101320;170;3;280;1.000000;301.450000;297.650000;80;35000;2;1;1;90;2;800;32;20;13;mq;mq;mq;mq;297.550000;mq;mq;306.450000;mq;mq;mq;mq;mq;mq;mq;mq;mq;mq;mq;mq;0.000000;mq;0.000000;mq;mq;mq;mq;2;8;600;7;0;7800;mq;mq;mq;mq;mq;mq;
78922;20110927120000;101370;150;3;220;4.100000;300.950000;297.950000;84;mq;mq;mq;mq;mq;mq;mq;mq;mq;mq;100930;mq;mq;mq;mq;mq;mq;mq;mq;mq;mq;mq;mq;mq;mq;mq;mq;mq;mq;mq;mq;mq;mq;mq;mq;mq;mq;mq;mq;mq;mq;mq;mq;mq;mq;mq;mq;mq;mq;
78925;20110927120000;101390;140;3;200;1.000000;300.450000;298.850000;91;25000;2;1;1;90;2;800;32;23;12;mq;mq;mq;mq;297.750000;mq;mq;306.750000;mq;mq;mq;mq;mq;mq;mq;mq;mq;mq;mq;mq;0.000000;mq;0.000000;mq;mq;mq;mq;2;8;750;3;3;3000;5;0;7800;mq;mq;mq;
81401;20110927120000;101440;mq;mq;100;2.100000;301.950000;297.250000;76;mq;mq;mq;mq;mq;mq;mq;mq;mq;mq;101380;mq;mq;mq;296.150000;mq;mq;mq;mq;mq;mq;mq;mq;mq;mq;mq;mq;mq;mq;0.000000;mq;mq;0.000000;mq;mq;mq;mq;mq;mq;mq;mq;mq;mq;mq;mq;mq;mq;mq;mq;
81405;20110927120000;101430;mq;mq;100;2.100000;302.050000;298.650000;82;15000;2;1;1;50;3;450;32;23;12;101340;mq;mq;mq;296.550000;mq;mq;mq;mq;mq;mq;mq;mq;mq;mq;mq;mq;mq;mq;0.000000;mq;mq;1.000000;mq;mq;mq;mq;mq;mq;mq;mq;mq;mq;mq;mq;mq;mq;mq;mq;
81408;20110927120000;101430;mq;mq;110;2.600000;302.550000;297.450000;74;mq;mq;mq;mq;mq;mq;mq;mq;mq;mq;101350;mq;mq;mq;296.350000;mq;mq;mq;mq;mq;mq;mq;mq;mq;mq;mq;mq;mq;mq;0.000000;mq;mq;0.000000;mq;mq;mq;mq;mq;mq;mq;mq;mq;mq;mq;mq;mq;mq;mq;mq;
89642;20110927120000;99610;190;1;130;7.200000;246.650000;238.650000;43;40000;2;1;1;0;mq;mq;mq;mq;mq;99020;mq;mq;mq;246.550000;mq;251.150000;mq;mq;mq;mq;mq;19.500000;-60;mq;mq;mq;mq;mq;mq;mq;mq;mq;1120.000000;mq;mq;mq;mq;mq;mq;mq;mq;mq;mq;mq;mq;mq;mq;mq;
07005;20110927150000;102890;-80;8;0;0.000000;296.150000;287.750000;59;50000;2;1;1;25;2;1250;31;20;10;102020;mq;mq;mq;mq;mq;mq;mq;mq;mq;mq;mq;2.600000;-10;mq;mq;0.000000;-30;0.000000;0.000000;mq;mq;mq;710.000000;1103.000000;3100.000000;mq;2;8;990;mq;mq;mq;mq;mq;mq;mq;mq;mq;
07015;20110927150000;102920;-90;7;80;1.000000;296.650000;287.950000;58;25000;2;1;1;10;1;800;31;20;10;102370;mq;mq;mq;mq;mq;mq;mq;mq;mq;mq;mq;3.600000;-10;mq;mq;0.000000;-30;0.000000;0.000000;mq;mq;mq;710.000000;1104.000000;3100.000000;mq;1;8;930;mq;mq;mq;mq;mq;mq;mq;mq;mq;
07020;20110927150000;102820;-100;8;90;5.100000;290.850000;289.850000;94;100;2;4;2;100;8;450;36;61;60;102560;mq;mq;mq;mq;mq;mq;mq;mq;mq;mq;mq;7.200000;-10;mq;mq;mq;mq;0.000000;0.000000;mq;mq;mq;710.000000;1107.000000;mq;mq;8;7;480;mq;mq;mq;mq;mq;mq;mq;mq;mq;
07027;20110927150000;102730;-130;8;100;3.100000;299.550000;287.950000;49;40000;2;1;1;10;1;1250;31;20;19;101950;mq;mq;mq;mq;mq;mq;mq;mq;mq;mq;mq;6.200000;-10;mq;mq;0.000000;-30;0.000000;0.000000;mq;mq;mq;710.000000;1106.000000;3100.000000;mq;1;8;1350;mq;mq;mq;mq;mq;mq;mq;mq;mq;
07037;20110927150000;102850;-80;8;100;1.500000;296.750000;288.250000;59;15000;2;1;1;25;2;1250;31;20;10;101080;mq;mq;mq;mq;mq;mq;mq;mq;mq;mq;mq;6.200000;-10;mq;mq;0.000000;-30;0.000000;0.000000;mq;mq;mq;710.000000;1106.000000;3100.000000;mq;2;8;1050;mq;mq;mq;mq;mq;mq;mq;mq;mq;
07110;20110927150000;102500;-100;8;160;5.100000;299.050000;286.550000;46;25000;2;1;1;10;1;3500;30;28;10;101400;mq;mq;mq;mq;mq;mq;mq;mq;mq;mq;mq;9.300000;-10;mq;mq;mq;mq;0.000000;0.000000;mq;mq;mq;710.000000;1109.000000;mq;mq;1;3;3900;mq;mq;mq;mq;mq;mq;mq;mq;mq;
07117;20110927150000;102550;-110;8;60;1.500000;295.050000;289.350000;70;6000;2;1;1;25;0;8000;30;20;19;101870;mq;mq;mq;mq;mq;mq;mq;mq;mq;mq;mq;4.100000;-10;mq;mq;mq;mq;0.000000;0.000000;mq;mq;mq;710.000000;1104.000000;2426.000000;mq;mq;mq;mq;mq;mq;mq;mq;mq;mq;mq;mq;mq;
07130;20110927150000;102640;-120;7;140;3.100000;300.650000;289.250000;50;40000;0;mq;mq;mq;mq;mq;mq;mq;mq;102140;mq;mq;mq;mq;mq;mq;mq;mq;mq;mq;mq;6.200000;-10;mq;mq;mq;mq;0.000000;0.000000;mq;mq;mq;710.000000;1106.000000;mq;mq;mq;mq;mq;mq;mq;mq;mq;mq;mq;mq;mq;mq;
07139;20110927150000;102720;-120;8;130;2.600000;298.750000;287.550000;50;35000;2;1;1;25;1;1250;31;20;11;101060;mq;mq;mq;mq;mq;mq;mq;mq;mq;mq;mq;4.600000;-10;mq;mq;0.000000;-30;0.000000;0.000000;mq;mq;mq;710.000000;1105.000000;3100.000000;mq;1;8;1200;mq;mq;mq;mq;mq;mq;mq;mq;mq;
07149;20110927150000;102810;-110;8;70;2.600000;298.550000;286.050000;46;22000;2;1;1;60;1;1750;35;20;13;101760;mq;mq;mq;mq;mq;mq;mq;mq;mq;mq;mq;4.600000;-10;mq;mq;0.000000;-30;0.000000;0.000000;mq;mq;mq;710.000000;1105.000000;3100.000000;mq;1;6;1500;4;0;7500;mq;mq;mq;mq;mq;mq;
07168;20110927150000;102800;-90;7;40;2.600000;298.150000;287.650000;52;25000;2;1;1;90;0;8000;30;20;12;101430;mq;mq;mq;mq;mq;mq;mq;mq;mq;mq;mq;4.600000;-10;mq;mq;0.000000;-30;0.000000;0.000000;mq;mq;mq;710.000000;1105.000000;3100.000000;mq;7;0;7800;mq;mq;mq;mq;mq;mq;mq;mq;mq;
07181;20110927150000;102730;-70;8;10;2.600000;296.950000;287.050000;54;60000;0;mq;mq;mq;mq;mq;mq;mq;mq;98800;mq;mq;mq;mq;mq;mq;mq;mq;mq;mq;mq;4.600000;-10;mq;mq;mq;mq;0.000000;0.000000;mq;mq;mq;710.000000;1105.000000;mq;mq;mq;mq;mq;mq;mq;mq;mq;mq;mq;mq;mq;mq;
07190;20110927150000;102710;-100;6;40;3.100000;299.150000;287.650000;49;19000;0;mq;mq;mq;mq;mq;mq;mq;mq;100970;mq;mq;mq;mq;mq;mq;mq;mq;mq;mq;mq;7.200000;-10;mq;mq;mq;mq;0.000000;0.000000;mq;mq;mq;710.000000;1107.000000;mq;mq;mq;mq;mq;mq;mq;mq;mq;mq;mq;mq;mq;mq;
07207;20110927150000;mq;mq;mq;120;3.600000;296.750000;288.050000;58;10000;2;1;1;60;3;3500;30;25;19;mq;mq;mq;mq;mq;mq;mq;mq;mq;mq;mq;mq;6.700000;-10;mq;mq;mq;mq;0.000000;0.000000;mq;mq;mq;710.000000;1107.000000;2427.000000;mq;mq;mq;mq;mq;mq;mq;mq;mq;mq;mq;mq;mq;
07222;20110927150000;102560;-140;6;90;4.600000;301.050000;288.350000;46;30000;2;mq;mq;75;1;3500;30;23;12;102260;mq;mq;mq;mq;mq;mq;mq;mq;mq;mq;mq;9.800000;-10;mq;mq;mq;mq;0.000000;0.000000;mq;mq;mq;710.000000;1110.000000;mq;mq;1;3;4800;6;0;7800;mq;mq;mq;mq;mq;mq;
07240;20110927150000;102640;-160;8;60;3.100000;300.250000;287.950000;47;60000;0;mq;mq;mq;mq;mq;mq;mq;mq;101350;mq;mq;mq;mq;mq;mq;mq;mq;mq;mq;mq;6.700000;-10;mq;mq;mq;mq;0.000000;0.000000;mq;mq;mq;710.000000;1107.000000;mq;mq;mq;mq;mq;mq;mq;mq;mq;mq;mq;mq;mq;mq;
07255;20110927150000;102650;-140;8;70;3.600000;300.150000;284.250000;37;30000;2;1;1;40;0;8000;30;20;11;100740;mq;mq;mq;mq;mq;mq;mq;mq;mq;mq;mq;6.200000;-10;mq;mq;0.000000;-30;0.000000;0.000000;mq;mq;mq;710.000000;1106.000000;3100.000000;mq;3;0;7500;mq;mq;mq;mq;mq;mq;mq;mq;mq;
07280;20110927150000;102610;-100;6;30;4.600000;299.250000;287.050000;47;40000;0;mq;mq;mq;mq;mq;mq;mq;mq;100010;mq;mq;mq;mq;mq;mq;mq;mq;mq;mq;mq;6.700000;-10;mq;mq;mq;mq;0.000000;0.000000;mq;mq;mq;710.000000;1107.000000;mq;mq;mq;mq;mq;mq;mq;mq;mq;mq;mq;mq;mq;mq;
07299;20110927150000;102600;-120;6;20;2.600000;298.650000;287.750000;51;25000;2;1;1;10;1;1750;31;20;11;99480;mq;mq;mq;mq;mq;mq;mq;mq;mq;mq;mq;4.600000;-10;mq;mq;0.000000;-30;0.000000;0.000000;mq;mq;mq;710.000000;1105.000000;3100.000000;mq;1;8;1500;mq;mq;mq;mq;mq;mq;mq;mq;mq;
07314;20110927150000;102500;-190;6;70;2.100000;298.750000;290.950000;62;mq;mq;mq;mq;mq;mq;mq;mq;mq;mq;102230;mq;mq;mq;mq;mq;mq;mq;mq;mq;mq;mq;4.100000;-10;mq;mq;mq;mq;0.000000;0.000000;mq;mq;mq;710.000000;1104.000000;mq;mq;mq;mq;mq;mq;mq;mq;mq;mq;mq;mq;mq;mq;
07335;20110927150000;102580;-130;8;60;4.100000;300.050000;286.050000;42;30000;2;1;1;60;0;8000;30;20;12;101200;mq;mq;mq;mq;mq;mq;mq;mq;mq;mq;mq;6.700000;-10;mq;mq;mq;mq;0.000000;0.000000;mq;mq;mq;710.000000;1107.000000;mq;mq;5;0;7200;mq;mq;mq;mq;mq;mq;mq;mq;mq;
07434;20110927150000;102480;-130;8;60;4.600000;297.950000;285.250000;45;35000;2;1;1;75;0;8000;30;20;12;97900;mq;mq;mq;mq;mq;mq;mq;mq;mq;mq;mq;8.700000;-10;mq;mq;0.000000;-30;0.000000;0.000000;mq;mq;mq;710.000000;1109.000000;3100.000000;mq;6;0;7800;mq;mq;mq;mq;mq;mq;mq;mq;mq;
07460;20110927150000;102520;-150;7;360;2.600000;298.350000;286.550000;48;30000;2;1;1;50;1;1250;31;20;12;98800;mq;mq;mq;mq;mq;mq;mq;mq;mq;mq;mq;5.100000;-10;mq;mq;0.000000;-30;0.000000;0.000000;mq;mq;mq;710.000000;1105.000000;3100.000000;mq;1;8;1380;4;0;6900;mq;mq;mq;mq;mq;mq;
07471;20110927150000;mq;-100;7;60;3.600000;296.250000;282.250000;41;35000;2;1;1;60;1;1750;31;20;11;93150;85000;18570;mq;mq;mq;mq;mq;mq;mq;mq;mq;6.700000;-10;mq;mq;0.000000;-30;0.000000;0.000000;mq;mq;mq;710.000000;1107.000000;3100.000000;mq;1;8;1500;5;0;7800;mq;mq;mq;mq;mq;mq;
07481;20110927150000;102530;-110;7;360;4.100000;297.950000;286.850000;50;20000;2;1;1;60;0;mq;30;20;11;99770;mq;mq;mq;mq;mq;mq;mq;mq;mq;mq;mq;5.700000;-10;mq;mq;0.000000;-30;0.000000;0.000000;mq;mq;mq;710.000000;1106.000000;3100.000000;mq;5;0;7800;mq;mq;mq;mq;mq;mq;mq;mq;mq;
07510;20110927150000;102350;-170;8;70;3.600000;301.650000;285.150000;36;40000;2;1;1;75;0;mq;30;20;12;101730;mq;mq;mq;mq;mq;mq;mq;mq;mq;mq;mq;6.200000;-10;mq;mq;0.000000;-30;0.000000;0.000000;mq;mq;mq;710.000000;1106.000000;3100.000000;mq;6;0;7800;mq;mq;mq;mq;mq;mq;mq;mq;mq;
07535;20110927150000;102310;-160;7;60;3.100000;302.650000;283.250000;30;25000;2;1;1;40;2;800;31;20;11;99360;mq;mq;mq;mq;mq;mq;mq;mq;mq;mq;mq;7.200000;-10;mq;mq;0.000000;-30;0.000000;0.000000;mq;mq;mq;710.000000;1107.000000;3100.000000;mq;2;8;690;mq;mq;mq;mq;mq;mq;mq;mq;mq;
07558;20110927150000;102150;-120;7;80;1.000000;301.050000;278.650000;24;50000;2;1;1;25;1;2250;31;20;11;94270;mq;mq;mq;mq;mq;mq;mq;mq;mq;mq;mq;6.200000;-10;mq;mq;0.000000;-30;0.000000;0.000000;mq;mq;mq;710.000000;1106.000000;3100.000000;mq;1;8;1800;mq;mq;mq;mq;mq;mq;mq;mq;mq;
07577;20110927150000;102440;-90;8;30;5.100000;299.950000;284.450000;38;30000;2;1;1;60;0;8000;30;20;11;101590;mq;mq;mq;mq;mq;mq;mq;mq;mq;mq;mq;9.300000;-10;mq;mq;0.000000;-30;0.000000;0.000000;mq;mq;mq;710.000000;1109.000000;3100.000000;mq;5;0;7800;mq;mq;mq;mq;mq;mq;mq;mq;mq;
07591;20110927150000;mq;-90;6;210;4.600000;296.450000;279.250000;33;mq;0;mq;mq;mq;mq;mq;mq;mq;mq;92520;mq;mq;mq;mq;mq;mq;mq;mq;mq;mq;mq;8.200000;-10;mq;mq;mq;mq;0.000000;0.000000;mq;mq;mq;710.000000;1108.000000;mq;mq;mq;mq;mq;mq;mq;mq;mq;mq;mq;mq;mq;mq;
07607;20110927150000;102290;-170;7;140;2.600000;303.250000;282.150000;27;60000;0;mq;mq;mq;mq;mq;mq;mq;mq;101620;mq;mq;mq;mq;mq;mq;mq;mq;mq;mq;mq;5.700000;-10;mq;mq;mq;mq;0.000000;0.000000;mq;mq;mq;710.000000;1106.000000;mq;mq;mq;mq;mq;mq;mq;mq;mq;mq;mq;mq;mq;mq;
07621;20110927150000;102230;-130;8;30;2.600000;300.850000;283.150000;33;45000;2;1;1;10;1;2250;32;20;11;98130;mq;mq;mq;mq;mq;mq;mq;mq;mq;mq;mq;4.600000;-10;mq;mq;0.000000;-30;0.000000;0.000000;mq;mq;mq;710.000000;1105.000000;3100.000000;mq;1;8;2400;mq;mq;mq;mq;mq;mq;mq;mq;mq;
07627;20110927150000;102230;-110;7;360;1.000000;301.450000;282.250000;30;30000;2;1;1;10;1;2250;32;26;10;97620;mq;mq;mq;mq;mq;mq;mq;mq;mq;mq;mq;4.600000;-10;mq;mq;0.000000;-30;0.000000;0.000000;mq;mq;mq;710.000000;1105.000000;3100.000000;mq;1;8;2400;mq;mq;mq;mq;mq;mq;mq;mq;mq;
07630;20110927150000;102290;-170;7;40;1.000000;303.450000;282.350000;27;40000;2;1;1;10;0;8000;30;20;11;100590;mq;mq;mq;mq;mq;mq;mq;mq;mq;mq;mq;3.600000;-10;mq;mq;0.000000;-30;0.000000;0.000000;mq;mq;mq;710.000000;1104.000000;3100.000000;mq;1;0;7800;mq;mq;mq;mq;mq;mq;mq;mq;mq;
07643;20110927150000;102410;-70;8;140;4.600000;298.050000;291.250000;66;20000;2;1;1;25;0;8000;30;20;11;102320;mq;mq;mq;mq;mq;mq;mq;mq;mq;mq;mq;6.700000;-10;mq;mq;mq;mq;0.000000;0.000000;mq;mq;mq;710.000000;1107.000000;mq;mq;2;0;7800;mq;mq;mq;mq;mq;mq;mq;mq;mq;
07650;20110927150000;102400;-70;8;270;3.100000;300.650000;286.950000;43;30000;2;1;1;75;0;8000;30;20;12;102030;mq;mq;mq;mq;mq;mq;mq;mq;mq;mq;mq;5.100000;-10;mq;mq;0.000000;-30;0.000000;0.000000;mq;mq;mq;710.000000;1105.000000;3100.000000;mq;6;0;7500;mq;mq;mq;mq;mq;mq;mq;mq;mq;
07661;20110927150000;102360;-100;6;260;2.100000;300.050000;283.250000;35;16000;2;1;1;90;1;1250;33;20;11;100820;mq;mq;mq;mq;mq;mq;mq;mq;mq;mq;mq;5.100000;-10;mq;mq;mq;mq;0.000000;0.000000;mq;mq;mq;710.000000;1105.000000;mq;mq;1;9;990;7;0;4800;mq;mq;mq;mq;mq;mq;
07690;20110927150000;102390;-100;8;210;2.100000;300.150000;285.050000;39;40000;2;1;1;60;1;2600;31;20;12;102070;mq;mq;mq;mq;mq;mq;mq;mq;mq;mq;mq;4.600000;-10;mq;mq;0.000000;-30;0.000000;0.000000;mq;mq;mq;710.000000;1105.000000;3100.000000;mq;1;8;2400;5;0;7800;mq;mq;mq;mq;mq;mq;
07747;20110927150000;102400;-110;6;110;3.600000;301.150000;285.550000;38;30000;2;1;1;10;1;1750;31;20;11;101890;mq;mq;mq;mq;mq;mq;mq;mq;mq;mq;mq;6.700000;-10;mq;mq;0.000000;-30;0.000000;0.000000;mq;mq;mq;710.000000;1107.000000;3100.000000;mq;1;8;1800;mq;mq;mq;mq;mq;mq;mq;mq;mq;
07761;20110927150000;102240;-60;6;200;4.100000;298.250000;291.250000;65;25000;2;1;1;10;1;1250;31;20;10;102140;mq;mq;mq;mq;mq;mq;mq;mq;mq;mq;mq;6.200000;-10;mq;mq;0.000000;-30;0.000000;0.000000;mq;mq;mq;710.000000;1106.000000;3100.000000;mq;1;8;1200;mq;mq;mq;mq;mq;mq;mq;mq;mq;
07790;20110927150000;102270;-130;6;360;2.600000;300.650000;286.550000;42;20000;2;1;1;0;mq;mq;mq;mq;mq;102130;mq;mq;mq;mq;mq;mq;mq;mq;mq;mq;mq;4.100000;-10;mq;mq;0.000000;-30;0.000000;0.000000;mq;mq;mq;710.000000;1104.000000;3100.000000;mq;mq;mq;mq;mq;mq;mq;mq;mq;mq;mq;mq;mq;
61968;20110927150000;101470;mq;mq;100;3.600000;299.350000;294.350000;74;mq;mq;mq;mq;mq;mq;mq;mq;mq;mq;mq;mq;mq;mq;mq;mq;mq;mq;mq;mq;mq;mq;7.200000;-10;mq;mq;mq;mq;0.000000;0.000000;mq;mq;mq;710.000000;1107.000000;mq;mq;mq;mq;mq;mq;mq;mq;mq;mq;mq;mq;mq;mq;
61970;20110927150000;101600;mq;mq;mq;mq;299.350000;295.650000;80;mq;mq;mq;mq;mq;mq;mq;mq;mq;mq;mq;mq;mq;mq;mq;mq;mq;mq;mq;mq;mq;mq;mq;mq;mq;mq;mq;mq;0.000000;0.000000;mq;mq;mq;mq;mq;mq;mq;mq;mq;mq;mq;mq;mq;mq;mq;mq;mq;mq;mq;
61972;20110927150000;101720;mq;mq;180;3.100000;297.750000;294.450000;82;mq;mq;mq;mq;mq;mq;mq;mq;mq;mq;mq;mq;mq;mq;mq;mq;mq;mq;mq;mq;mq;mq;5.700000;-10;mq;mq;mq;mq;0.000000;0.000000;mq;mq;mq;710.000000;1106.000000;mq;mq;mq;mq;mq;mq;mq;mq;mq;mq;mq;mq;mq;mq;
61976;20110927150000;101830;mq;mq;120;9.300000;297.350000;293.250000;78;mq;mq;mq;mq;mq;mq;mq;mq;mq;mq;101680;mq;mq;mq;mq;mq;mq;mq;mq;mq;mq;mq;mq;mq;mq;mq;mq;mq;mq;mq;mq;mq;mq;mq;mq;mq;mq;mq;mq;mq;mq;mq;mq;mq;mq;mq;mq;mq;mq;
61980;20110927150000;102200;mq;mq;130;7.700000;294.050000;289.250000;74;10000;15;2;2;75;6;800;38;20;10;mq;mq;mq;mq;mq;mq;mq;mq;mq;mq;mq;mq;10.300000;-10;mq;mq;mq;mq;0.000000;0.000000;mq;mq;mq;710.000000;1110.000000;mq;mq;2;8;840;6;6;1380;mq;mq;mq;mq;mq;mq;
61996;20110927150000;102740;mq;mq;210;3.100000;283.650000;229.350000;mq;mq;mq;mq;mq;mq;mq;mq;mq;mq;mq;mq;mq;mq;710;mq;mq;mq;mq;mq;mq;mq;mq;5.700000;-10;mq;mq;mq;mq;0.000000;0.000000;mq;mq;mq;710.000000;1106.000000;mq;mq;mq;mq;mq;mq;mq;mq;mq;mq;mq;mq;mq;mq;
67005;20110927150000;101490;mq;mq;150;3.600000;299.250000;294.850000;77;30000;2;1;1;90;3;800;38;27;60;mq;mq;mq;mq;mq;mq;mq;mq;mq;mq;mq;mq;5.100000;-10;mq;mq;mq;mq;0.000000;0.000000;mq;mq;mq;710.000000;1105.000000;mq;mq;2;8;660;7;3;2700;mq;mq;mq;mq;mq;mq;
71805;20110927150000;100930;80;3;310;9.800000;287.050000;276.750000;50;30000;2;1;1;25;2;800;35;20;10;100850;mq;mq;mq;mq;mq;mq;mq;mq;mq;mq;mq;13.900000;-10;mq;mq;0.000000;-30;0.000000;0.000000;mq;mq;mq;710.000000;1114.000000;3100.000000;mq;2;8;600;mq;mq;mq;mq;mq;mq;mq;mq;mq;
78897;20110927150000;101320;0;0;270;7.700000;304.750000;294.950000;56;35000;0;mq;mq;mq;mq;1750;mq;mq;mq;mq;mq;mq;mq;mq;mq;mq;mq;mq;mq;mq;mq;mq;mq;mq;mq;mq;mq;mq;mq;mq;mq;mq;mq;mq;mq;mq;mq;mq;mq;mq;mq;mq;mq;mq;mq;mq;mq;mq;
78922;20110927150000;101390;20;0;220;6.700000;302.950000;297.350000;72;mq;mq;mq;mq;mq;mq;mq;mq;mq;mq;100950;mq;mq;mq;mq;mq;mq;mq;mq;mq;mq;mq;mq;mq;mq;mq;mq;mq;mq;mq;mq;mq;mq;mq;mq;mq;mq;mq;mq;mq;mq;mq;mq;mq;mq;mq;mq;mq;mq;
78925;20110927150000;101440;50;0;210;4.600000;303.450000;298.050000;73;25000;2;1;1;90;4;800;32;23;12;mq;mq;mq;mq;mq;mq;mq;mq;mq;mq;mq;mq;mq;mq;mq;mq;mq;mq;mq;mq;mq;mq;mq;mq;mq;mq;mq;4;8;780;5;3;3000;5;0;7800;mq;mq;mq;
81401;20110927150000;101320;mq;mq;350;2.100000;305.150000;296.450000;60;mq;mq;mq;mq;mq;mq;mq;mq;mq;mq;101260;mq;mq;mq;mq;mq;mq;mq;mq;mq;mq;mq;mq;mq;mq;mq;mq;mq;mq;0.000000;mq;mq;mq;mq;mq;mq;mq;mq;mq;mq;mq;mq;mq;mq;mq;mq;mq;mq;mq;
81405;20110927150000;101370;mq;mq;80;3.100000;304.650000;297.550000;66;15000;2;1;1;50;3;800;32;23;12;101280;mq;mq;mq;mq;mq;mq;mq;mq;mq;mq;mq;mq;mq;mq;mq;mq;mq;mq;0.000000;mq;mq;mq;mq;mq;mq;mq;mq;mq;mq;mq;mq;mq;mq;mq;mq;mq;mq;mq;
81408;20110927150000;101360;mq;mq;120;2.600000;307.150000;295.250000;50;mq;mq;mq;mq;mq;mq;mq;mq;mq;mq;101280;mq;mq;mq;mq;mq;mq;mq;mq;mq;mq;mq;mq;mq;mq;mq;mq;mq;mq;0.000000;mq;mq;mq;mq;mq;mq;mq;mq;mq;mq;mq;mq;mq;mq;mq;mq;mq;mq;mq;
89642;20110927150000;99620;10;0;120;5.100000;247.050000;238.850000;43;mq;mq;mq;mq;mq;mq;mq;mq;mq;mq;99030;mq;mq;mq;mq;mq;mq;mq;mq;mq;mq;mq;mq;mq;mq;mq;mq;mq;mq;mq;mq;mq;mq;mq;mq;mq;mq;mq;mq;mq;mq;mq;mq;mq;mq;mq;mq;mq;mq;
07005;20110927180000;102920;20;3;40;2.100000;293.250000;288.450000;74;mq;mq;mq;mq;mq;mq;mq;mq;mq;mq;102040;mq;mq;mq;284.750000;mq;297.950000;mq;mq;mq;mq;mq;2.600000;-10;mq;mq;mq;mq;0.000000;0.000000;mq;0.000000;mq;710.000000;1103.000000;mq;mq;mq;mq;mq;mq;mq;mq;mq;mq;mq;mq;mq;mq;
07015;20110927180000;102970;40;3;70;2.100000;291.850000;287.750000;77;15000;2;1;1;0;mq;mq;mq;mq;mq;102410;mq;mq;mq;284.750000;mq;297.150000;mq;mq;mq;mq;mq;2.600000;-10;mq;mq;0.000000;-60;0.000000;0.000000;mq;0.000000;mq;710.000000;1103.000000;3100.000000;mq;mq;mq;mq;mq;mq;mq;mq;mq;mq;mq;mq;mq;
07020;20110927180000;102800;-20;5;100;4.100000;290.150000;289.550000;96;mq;mq;mq;mq;mq;mq;mq;mq;mq;mq;102540;mq;mq;mq;286.050000;mq;291.550000;mq;mq;mq;mq;mq;6.200000;-10;mq;mq;mq;mq;0.000000;0.000000;mq;0.200000;mq;710.000000;1106.000000;mq;mq;mq;mq;mq;mq;mq;mq;mq;mq;mq;mq;mq;mq;
07027;20110927180000;102770;30;3;90;2.600000;295.150000;288.550000;66;60000;0;mq;mq;mq;mq;mq;mq;mq;mq;101980;mq;mq;mq;284.950000;mq;299.550000;mq;mq;mq;mq;mq;4.100000;-10;mq;mq;mq;mq;0.000000;0.000000;mq;0.000000;mq;710.000000;1104.000000;mq;mq;mq;mq;mq;mq;mq;mq;mq;mq;mq;mq;mq;mq;
07037;20110927180000;102890;10;3;90;1.500000;291.550000;288.650000;83;35000;0;mq;mq;mq;mq;mq;mq;mq;mq;101090;mq;mq;mq;286.650000;mq;297.550000;mq;mq;mq;mq;mq;3.600000;-10;mq;mq;mq;mq;0.000000;0.000000;mq;0.000000;mq;710.000000;1104.000000;mq;mq;mq;mq;mq;mq;mq;mq;mq;mq;mq;mq;mq;mq;
07110;20110927180000;102520;10;3;170;3.600000;294.650000;287.550000;64;30000;2;1;1;10;1;3500;30;23;10;101410;mq;mq;mq;288.150000;mq;299.450000;mq;mq;mq;mq;mq;5.100000;-10;mq;mq;0.000000;-60;0.000000;0.000000;mq;0.200000;mq;710.000000;1105.000000;3100.000000;mq;1;3;3900;mq;mq;mq;mq;mq;mq;mq;mq;mq;
07117;20110927180000;102550;0;5;170;1.500000;297.250000;288.150000;57;12000;2;1;1;10;1;3500;30;22;10;101870;mq;mq;mq;288.250000;mq;298.150000;mq;mq;mq;mq;mq;2.600000;-10;mq;mq;mq;mq;0.000000;0.000000;mq;0.000000;mq;710.000000;1103.000000;2427.000000;mq;mq;mq;mq;mq;mq;mq;mq;mq;mq;mq;mq;mq;
07130;20110927180000;102630;-10;5;90;2.100000;296.050000;289.150000;65;27000;0;mq;mq;mq;mq;mq;mq;mq;mq;102130;mq;mq;mq;285.450000;mq;300.750000;mq;mq;mq;mq;mq;4.100000;-10;mq;mq;mq;mq;0.000000;0.000000;mq;0.000000;mq;710.000000;1104.000000;mq;mq;mq;mq;mq;mq;mq;mq;mq;mq;mq;mq;mq;mq;
07139;20110927180000;102760;10;3;60;1.500000;294.650000;287.750000;65;mq;mq;mq;mq;mq;mq;mq;mq;mq;mq;101070;mq;mq;mq;284.450000;mq;299.150000;mq;mq;mq;mq;mq;2.600000;-10;mq;mq;mq;mq;0.000000;0.000000;mq;0.000000;mq;710.000000;1103.000000;mq;mq;mq;mq;mq;mq;mq;mq;mq;mq;mq;mq;mq;mq;
07149;20110927180000;102830;10;3;50;3.100000;294.650000;287.050000;62;25000;2;1;1;10;0;8000;30;20;11;101770;mq;mq;mq;288.250000;mq;299.050000;mq;mq;mq;mq;mq;4.100000;-10;mq;mq;0.000000;-60;0.000000;0.000000;mq;0.000000;mq;710.000000;1104.000000;3100.000000;mq;1;0;7500;mq;mq;mq;mq;mq;mq;mq;mq;mq;
07168;20110927180000;102820;0;5;360;1.000000;292.850000;287.650000;72;19000;0;mq;mq;mq;mq;mq;mq;mq;mq;101430;mq;mq;mq;284.050000;mq;298.750000;mq;mq;mq;mq;mq;1.500000;-10;mq;mq;mq;mq;0.000000;0.000000;mq;0.000000;mq;710.000000;1102.000000;mq;mq;mq;mq;mq;mq;mq;mq;mq;mq;mq;mq;mq;mq;
07181;20110927180000;102830;30;3;30;2.100000;292.650000;286.550000;68;60000;0;mq;mq;mq;mq;mq;mq;mq;mq;98830;mq;mq;mq;285.350000;mq;297.750000;mq;mq;mq;mq;mq;3.100000;-10;mq;mq;mq;mq;0.000000;0.000000;mq;0.000000;mq;710.000000;1103.000000;mq;mq;mq;mq;mq;mq;mq;mq;mq;mq;mq;mq;mq;mq;
07190;20110927180000;102800;50;3;350;1.500000;293.450000;287.350000;68;30000;0;mq;mq;mq;mq;450;mq;mq;mq;101020;mq;mq;mq;284.950000;mq;299.450000;mq;mq;mq;mq;mq;3.600000;-10;mq;mq;mq;mq;0.000000;0.000000;mq;0.000000;mq;710.000000;1104.000000;mq;mq;mq;mq;mq;mq;mq;mq;mq;mq;mq;mq;mq;mq;
07207;20110927180000;mq;mq;mq;100;2.600000;294.650000;286.250000;59;15000;2;1;1;50;2;3500;30;25;19;mq;mq;mq;mq;289.850000;mq;297.250000;mq;mq;mq;mq;mq;3.100000;-10;mq;mq;mq;mq;0.000000;0.000000;mq;0.000000;mq;710.000000;1103.000000;2427.000000;mq;mq;mq;mq;mq;mq;mq;mq;mq;mq;mq;mq;mq;
07222;20110927180000;102540;-20;6;70;3.100000;297.150000;288.650000;59;30000;1;mq;mq;50;1;3500;30;23;12;102240;mq;mq;mq;288.150000;mq;302.150000;mq;mq;mq;mq;mq;5.700000;-10;mq;mq;mq;mq;0.000000;0.000000;mq;0.000000;mq;710.000000;1106.000000;mq;mq;1;3;4800;4;0;7800;mq;mq;mq;mq;mq;mq;
07240;20110927180000;102690;30;3;90;2.100000;295.250000;288.350000;65;35000;2;1;1;25;1;3500;30;23;12;101380;mq;mq;mq;288.550000;mq;300.450000;mq;mq;mq;mq;mq;4.100000;-10;mq;mq;0.000000;-60;0.000000;0.000000;mq;0.000000;mq;710.000000;1104.000000;3100.000000;mq;1;3;3300;mq;mq;mq;mq;mq;mq;mq;mq;mq;
07255;20110927180000;102690;10;3;90;2.100000;295.350000;286.450000;57;20000;0;mq;mq;mq;mq;mq;mq;mq;mq;100750;mq;mq;mq;286.550000;mq;300.650000;mq;mq;mq;mq;mq;3.600000;-10;mq;mq;mq;mq;0.000000;0.000000;mq;0.000000;mq;710.000000;1104.000000;mq;mq;mq;mq;mq;mq;mq;mq;mq;mq;mq;mq;mq;mq;
07280;20110927180000;102670;30;3;10;3.100000;295.750000;287.550000;60;40000;0;mq;mq;mq;mq;mq;mq;mq;mq;100040;mq;mq;mq;286.550000;mq;299.650000;mq;mq;mq;mq;mq;5.700000;-10;mq;mq;mq;mq;0.000000;0.000000;mq;0.000000;mq;710.000000;1106.000000;mq;mq;mq;mq;mq;mq;mq;mq;mq;mq;mq;mq;mq;mq;
07299;20110927180000;102730;50;3;310;2.600000;291.550000;286.150000;71;30000;2;1;1;10;0;mq;30;20;11;99530;mq;mq;mq;283.550000;mq;298.650000;mq;mq;mq;mq;mq;3.600000;-10;mq;mq;0.000000;-60;0.000000;0.000000;mq;0.000000;mq;710.000000;1104.000000;3100.000000;mq;1;0;6900;mq;mq;mq;mq;mq;mq;mq;mq;mq;
07314;20110927180000;102470;-30;5;70;3.600000;295.950000;290.450000;71;mq;mq;mq;mq;mq;mq;mq;mq;mq;mq;102200;mq;mq;mq;291.850000;mq;299.550000;mq;mq;mq;mq;mq;7.200000;-10;mq;mq;mq;mq;0.000000;0.000000;mq;0.000000;mq;710.000000;1107.000000;mq;mq;mq;mq;mq;mq;mq;mq;mq;mq;mq;mq;mq;mq;
07335;20110927180000;102600;0;5;40;1.500000;295.850000;286.850000;57;55000;0;mq;mq;mq;mq;mq;mq;mq;mq;101200;mq;mq;mq;286.150000;mq;300.950000;mq;mq;mq;mq;mq;5.700000;-10;mq;mq;mq;mq;0.000000;0.000000;mq;0.000000;mq;710.000000;1106.000000;mq;mq;mq;mq;mq;mq;mq;mq;mq;mq;mq;mq;mq;mq;
07434;20110927180000;102520;-10;5;50;3.600000;294.650000;286.250000;59;40000;0;mq;mq;mq;mq;mq;mq;mq;mq;97890;mq;mq;mq;289.250000;mq;299.050000;mq;mq;mq;mq;mq;6.700000;-10;mq;mq;mq;mq;0.000000;0.000000;mq;0.000000;mq;710.000000;1107.000000;mq;mq;mq;mq;mq;mq;mq;mq;mq;mq;mq;mq;mq;mq;
07460;20110927180000;102610;30;3;0;0.000000;293.750000;285.950000;61;30000;2;1;1;90;0;8000;30;20;11;98830;mq;mq;mq;285.350000;mq;299.050000;mq;mq;mq;mq;mq;2.600000;-10;mq;mq;0.000000;-60;0.000000;0.000000;mq;0.000000;mq;710.000000;1103.000000;3100.000000;mq;7;0;7500;mq;mq;mq;mq;mq;mq;mq;mq;mq;
07471;20110927180000;mq;40;3;50;1.000000;289.750000;284.050000;69;20000;0;mq;mq;mq;mq;mq;mq;mq;mq;93190;85000;18590;mq;281.250000;mq;296.450000;mq;mq;mq;mq;mq;2.600000;-10;mq;mq;mq;mq;0.000000;0.000000;mq;0.000000;mq;710.000000;1103.000000;mq;mq;mq;mq;mq;mq;mq;mq;mq;mq;mq;mq;mq;mq;
07481;20110927180000;102560;10;3;350;1.000000;295.550000;287.450000;60;35000;2;1;1;60;0;mq;30;20;11;99780;mq;mq;mq;286.350000;mq;298.050000;mq;mq;mq;mq;mq;2.600000;-10;mq;mq;0.000000;-60;0.000000;0.000000;mq;0.000000;mq;710.000000;1103.000000;3100.000000;mq;5;0;7800;mq;mq;mq;mq;mq;mq;mq;mq;mq;
07510;20110927180000;102350;-10;5;30;2.100000;298.950000;286.150000;45;40000;2;1;1;75;0;8000;30;20;12;101720;mq;mq;mq;287.250000;mq;302.250000;mq;mq;mq;mq;mq;4.600000;-10;mq;mq;0.000000;-60;0.000000;0.000000;mq;0.000000;mq;710.000000;1105.000000;3100.000000;mq;2;0;6300;5;0;7800;mq;mq;mq;mq;mq;mq;
07535;20110927180000;102360;0;5;60;3.100000;297.750000;282.850000;39;mq;mq;mq;mq;mq;mq;mq;mq;mq;mq;99360;mq;mq;mq;285.150000;mq;303.650000;mq;mq;mq;mq;mq;4.600000;-10;mq;mq;mq;mq;0.000000;0.000000;mq;0.000000;mq;710.000000;1105.000000;mq;mq;mq;mq;mq;mq;mq;mq;mq;mq;mq;mq;mq;mq;
07558;20110927180000;102370;70;3;160;4.100000;295.650000;281.750000;41;mq;mq;mq;mq;mq;mq;mq;mq;mq;mq;94340;mq;mq;mq;287.050000;mq;301.350000;mq;mq;mq;mq;mq;6.200000;-10;mq;mq;mq;mq;0.000000;0.000000;mq;0.000000;mq;710.000000;1106.000000;mq;mq;mq;mq;mq;mq;mq;mq;mq;mq;mq;mq;mq;mq;
07577;20110927180000;102470;20;3;20;2.600000;296.750000;285.050000;48;20000;0;mq;mq;mq;mq;mq;mq;mq;mq;101610;mq;mq;mq;290.750000;mq;300.550000;mq;mq;mq;mq;mq;7.700000;-10;mq;mq;mq;mq;0.000000;0.000000;mq;0.000000;mq;710.000000;1108.000000;mq;mq;mq;mq;mq;mq;mq;mq;mq;mq;mq;mq;mq;mq;
07591;20110927180000;mq;100;3;10;1.500000;291.050000;281.850000;55;mq;0;mq;mq;mq;mq;mq;mq;mq;mq;92620;mq;mq;mq;285.850000;mq;298.150000;mq;mq;mq;mq;mq;2.600000;-10;mq;mq;mq;mq;0.000000;0.000000;mq;0.000000;mq;710.000000;1103.000000;mq;mq;mq;mq;mq;mq;mq;mq;mq;mq;mq;mq;mq;mq;
07607;20110927180000;102300;-10;5;0;0.000000;296.750000;286.850000;54;60000;0;mq;mq;mq;mq;mq;mq;mq;mq;101610;mq;mq;mq;283.050000;mq;303.650000;mq;mq;mq;mq;mq;3.100000;-10;mq;mq;mq;mq;0.000000;0.000000;mq;0.000000;mq;710.000000;1103.000000;mq;mq;mq;mq;mq;mq;mq;mq;mq;mq;mq;mq;mq;mq;
07621;20110927180000;102330;10;3;220;2.100000;293.850000;288.850000;73;45000;2;1;1;25;1;2250;31;26;12;98140;mq;mq;mq;286.950000;mq;301.950000;mq;mq;mq;mq;mq;2.600000;-10;mq;mq;0.000000;-60;0.000000;0.000000;mq;0.000000;mq;710.000000;1103.000000;3100.000000;mq;1;8;2100;mq;mq;mq;mq;mq;mq;mq;mq;mq;
07627;20110927180000;102390;20;3;150;1.500000;292.250000;285.950000;67;mq;mq;mq;mq;mq;mq;mq;mq;mq;mq;97640;mq;mq;mq;283.950000;mq;301.750000;mq;mq;mq;mq;mq;2.100000;-10;mq;mq;mq;mq;0.000000;0.000000;mq;0.000000;mq;710.000000;1102.000000;mq;mq;mq;mq;mq;mq;mq;mq;mq;mq;mq;mq;mq;mq;
07630;20110927180000;102300;-10;5;40;1.500000;300.650000;282.050000;31;40000;2;1;1;10;0;8000;30;20;11;100580;mq;mq;mq;286.950000;mq;304.250000;mq;mq;mq;mq;mq;2.600000;-10;mq;mq;0.000000;-60;0.000000;0.000000;mq;0.000000;mq;710.000000;1103.000000;3100.000000;mq;1;0;7800;mq;mq;mq;mq;mq;mq;mq;mq;mq;
07643;20110927180000;102460;50;3;200;1.000000;294.650000;289.150000;71;20000;2;1;1;0;mq;mq;mq;mq;mq;102370;mq;mq;mq;288.650000;mq;303.050000;mq;mq;mq;mq;mq;3.100000;-10;mq;mq;mq;mq;0.000000;0.000000;mq;0.000000;mq;710.000000;1103.000000;mq;mq;mq;mq;mq;mq;mq;mq;mq;mq;mq;mq;mq;mq;
07650;20110927180000;102410;10;3;240;2.600000;296.650000;287.950000;58;25000;2;1;1;50;0;8000;30;20;12;102040;mq;mq;mq;289.550000;mq;302.150000;mq;mq;mq;mq;mq;3.600000;-10;mq;mq;0.000000;-60;0.000000;0.000000;mq;0.000000;mq;710.000000;1104.000000;3100.000000;mq;4;0;7500;mq;mq;mq;mq;mq;mq;mq;mq;mq;
07661;20110927180000;102400;20;3;340;5.100000;295.850000;286.850000;57;22000;2;1;1;90;0;8000;30;20;15;100840;mq;mq;mq;292.350000;mq;300.550000;mq;mq;mq;mq;mq;7.200000;-10;mq;mq;mq;mq;0.000000;0.000000;mq;0.000000;mq;710.000000;1107.000000;mq;mq;6;2;4800;mq;mq;mq;mq;mq;mq;mq;mq;mq;
07690;20110927180000;102410;10;3;70;1.000000;296.950000;284.950000;47;30000;2;1;1;60;0;mq;30;20;12;102080;mq;mq;mq;292.650000;mq;300.650000;mq;mq;mq;mq;mq;1.500000;-10;mq;mq;0.000000;-60;0.000000;0.000000;mq;0.000000;mq;710.000000;1102.000000;3100.000000;mq;5;0;7800;mq;mq;mq;mq;mq;mq;mq;mq;mq;
07747;20110927180000;102420;20;3;60;1.500000;297.250000;286.150000;50;40000;0;mq;mq;mq;mq;mq;mq;mq;mq;101910;mq;mq;mq;289.050000;mq;302.850000;mq;mq;mq;mq;mq;2.100000;-10;mq;mq;mq;mq;0.000000;0.000000;mq;0.000000;mq;710.000000;1102.000000;mq;mq;mq;mq;mq;mq;mq;mq;mq;mq;mq;mq;mq;mq;
07761;20110927180000;102300;50;3;40;1.500000;294.850000;289.750000;73;20000;2;1;1;25;0;8000;30;20;11;102190;mq;mq;mq;288.550000;mq;299.050000;mq;mq;mq;mq;mq;2.600000;-10;mq;mq;0.000000;-60;0.000000;0.000000;mq;0.000000;mq;710.000000;1103.000000;3100.000000;mq;2;0;7800;mq;mq;mq;mq;mq;mq;mq;mq;mq;
07790;20110927180000;102290;20;3;230;1.500000;293.350000;287.750000;70;20000;2;1;1;10;0;8000;30;20;11;102150;mq;mq;mq;291.150000;mq;301.050000;mq;mq;mq;mq;mq;7.700000;-10;mq;mq;0.000000;-60;0.000000;0.000000;mq;0.000000;mq;710.000000;1108.000000;3100.000000;mq;1;0;7800;mq;mq;mq;mq;mq;mq;mq;mq;mq;
61968;20110927180000;101620;mq;mq;90;6.200000;298.350000;294.450000;79;mq;mq;mq;mq;mq;mq;mq;mq;mq;mq;mq;mq;mq;mq;mq;mq;301.250000;mq;mq;mq;mq;mq;12.300000;-10;mq;mq;mq;mq;0.000000;mq;mq;0.400000;mq;710.000000;1112.000000;mq;mq;mq;mq;mq;mq;mq;mq;mq;mq;mq;mq;mq;mq;
61970;20110927180000;101750;mq;mq;mq;mq;298.250000;295.550000;85;mq;mq;mq;mq;mq;mq;mq;mq;mq;mq;mq;mq;mq;mq;mq;mq;302.850000;mq;mq;mq;mq;mq;mq;mq;mq;mq;mq;mq;0.000000;mq;mq;0.000000;mq;mq;mq;mq;mq;mq;mq;mq;mq;mq;mq;mq;mq;mq;mq;mq;mq;
61972;20110927180000;101840;mq;mq;170;1.500000;295.450000;294.050000;92;mq;mq;mq;mq;mq;mq;mq;mq;mq;mq;mq;mq;mq;mq;mq;mq;301.150000;mq;mq;mq;mq;mq;3.600000;-10;mq;mq;mq;mq;0.000000;mq;mq;0.000000;mq;710.000000;1104.000000;mq;mq;mq;mq;mq;mq;mq;mq;mq;mq;mq;mq;mq;mq;
61976;20110927180000;102040;mq;mq;130;9.300000;297.150000;293.250000;79;mq;mq;mq;mq;mq;mq;mq;mq;mq;mq;101890;mq;mq;70;mq;mq;mq;mq;mq;mq;mq;mq;mq;mq;mq;mq;mq;mq;mq;mq;mq;mq;mq;mq;mq;mq;mq;mq;mq;mq;mq;mq;mq;mq;mq;mq;mq;mq;mq;
61980;20110927180000;102380;mq;mq;140;7.200000;293.150000;290.350000;84;10000;80;2;2;90;7;800;38;61;60;mq;mq;mq;mq;mq;mq;299.450000;mq;mq;mq;mq;mq;10.300000;-10;mq;mq;mq;mq;0.200000;mq;mq;0.200000;mq;710.000000;1110.000000;mq;mq;3;8;690;7;6;1080;mq;mq;mq;mq;mq;mq;
61996;20110927180000;102760;mq;mq;220;2.600000;283.650000;229.350000;mq;mq;mq;mq;mq;mq;mq;mq;mq;mq;mq;mq;mq;mq;520;mq;mq;288.350000;mq;mq;mq;mq;mq;6.700000;-10;mq;mq;mq;mq;0.000000;mq;mq;0.200000;mq;710.000000;1107.000000;mq;mq;mq;mq;mq;mq;mq;mq;mq;mq;mq;mq;mq;mq;
61997;20110927180000;98820;mq;mq;290;13.400000;278.050000;274.350000;77;mq;mq;mq;mq;mq;mq;mq;mq;mq;mq;mq;mq;mq;mq;mq;mq;283.550000;mq;mq;mq;mq;mq;28.300000;-60;mq;mq;mq;mq;mq;mq;mq;1.000000;mq;1128.000000;mq;mq;mq;mq;mq;mq;mq;mq;mq;mq;mq;mq;mq;mq;mq;
61998;20110927180000;99210;mq;mq;300;12.300000;281.450000;279.250000;86;mq;mq;mq;mq;mq;mq;mq;mq;mq;mq;mq;mq;mq;mq;mq;mq;283.250000;mq;mq;mq;mq;mq;20.600000;-10;mq;mq;mq;mq;0.400000;mq;mq;2.000000;mq;710.000000;1121.000000;mq;mq;mq;mq;mq;mq;mq;mq;mq;mq;mq;mq;mq;mq;
67005;20110927180000;101600;mq;mq;160;1.500000;299.050000;295.750000;82;mq;0;mq;mq;mq;mq;mq;mq;mq;mq;mq;mq;mq;mq;mq;mq;301.950000;mq;mq;mq;mq;mq;3.100000;-10;mq;mq;mq;mq;0.000000;mq;mq;0.000000;mq;710.000000;1103.000000;mq;mq;mq;mq;mq;mq;mq;mq;mq;mq;mq;mq;mq;mq;
71805;20110927180000;101040;110;3;330;6.200000;285.050000;280.350000;73;15000;27;8;7;40;3;1250;35;20;10;100960;mq;mq;mq;mq;281.550000;288.150000;mq;mq;mq;mq;mq;13.400000;-10;mq;mq;0.000000;-60;2.000000;2.000000;mq;2.000000;mq;710.000000;1113.000000;3100.000000;mq;3;6;990;mq;mq;mq;mq;mq;mq;mq;mq;mq;
78897;20110927180000;101070;-250;8;280;5.700000;304.750000;296.850000;63;55000;0;mq;mq;mq;mq;1250;mq;mq;mq;mq;mq;mq;mq;mq;297.550000;305.750000;mq;mq;mq;mq;mq;mq;mq;mq;mq;mq;mq;mq;mq;0.000000;mq;0.000000;mq;mq;mq;mq;mq;mq;mq;mq;mq;mq;mq;mq;mq;mq;mq;mq;
78922;20110927180000;101160;-230;8;220;5.100000;303.950000;296.850000;66;mq;mq;mq;mq;mq;mq;mq;mq;mq;mq;100720;mq;mq;mq;mq;mq;mq;mq;mq;mq;mq;mq;mq;mq;mq;mq;mq;mq;mq;mq;mq;mq;mq;mq;mq;mq;mq;mq;mq;mq;mq;mq;mq;mq;mq;mq;mq;mq;mq;
78925;20110927180000;101240;-200;8;230;4.600000;304.550000;297.650000;67;25000;2;1;1;90;4;800;32;23;12;mq;mq;mq;mq;mq;297.750000;305.250000;mq;mq;mq;mq;mq;mq;mq;mq;mq;mq;mq;mq;mq;0.000000;mq;mq;mq;mq;mq;mq;4;8;780;4;3;3000;7;0;7800;mq;mq;mq;
81401;20110927180000;101080;mq;mq;10;2.600000;300.050000;296.050000;79;mq;mq;mq;mq;mq;mq;mq;mq;mq;mq;101020;mq;mq;mq;mq;mq;mq;mq;mq;mq;mq;mq;mq;mq;mq;mq;mq;mq;mq;5.000000;5.000000;mq;mq;mq;mq;mq;mq;mq;mq;mq;mq;mq;mq;mq;mq;mq;mq;mq;mq;
81405;20110927180000;101110;mq;mq;80;5.700000;305.550000;297.850000;64;60000;0;mq;mq;mq;mq;1250;mq;mq;mq;101020;mq;mq;mq;mq;mq;mq;mq;mq;mq;mq;mq;mq;mq;mq;mq;mq;mq;mq;0.000000;0.000000;mq;mq;mq;mq;mq;mq;mq;mq;mq;mq;mq;mq;mq;mq;mq;mq;mq;mq;
81408;20110927180000;101110;mq;mq;100;3.100000;307.350000;292.650000;42;mq;mq;mq;mq;mq;mq;mq;mq;mq;mq;101030;mq;mq;mq;mq;mq;mq;mq;mq;mq;mq;mq;mq;mq;mq;mq;mq;mq;mq;0.000000;0.000000;mq;mq;mq;mq;mq;mq;mq;mq;mq;mq;mq;mq;mq;mq;mq;mq;mq;mq;
89642;20110927180000;99490;-130;8;110;6.200000;247.550000;239.050000;41;mq;mq;mq;mq;mq;mq;mq;mq;mq;mq;98900;mq;mq;mq;mq;mq;mq;mq;mq;mq;mq;mq;mq;mq;mq;mq;mq;mq;mq;mq;mq;mq;mq;mq;mq;mq;mq;mq;mq;mq;mq;mq;mq;mq;mq;mq;mq;mq;mq;
07005;20110927210000;102980;50;2;80;2.600000;290.250000;287.750000;85;mq;mq;mq;mq;mq;mq;mq;mq;mq;mq;102090;mq;mq;mq;mq;mq;mq;mq;mq;mq;mq;mq;3.600000;-10;mq;mq;mq;mq;0.000000;0.000000;mq;mq;mq;710.000000;1104.000000;mq;mq;mq;mq;mq;mq;mq;mq;mq;mq;mq;mq;mq;mq;
07015;20110927210000;103020;50;2;70;2.100000;290.350000;287.650000;84;15000;2;1;1;0;mq;mq;mq;mq;mq;102460;mq;mq;mq;mq;mq;mq;mq;mq;mq;mq;mq;3.100000;-10;mq;mq;0.000000;-30;0.000000;0.000000;mq;mq;mq;710.000000;1103.000000;3100.000000;mq;mq;mq;mq;mq;mq;mq;mq;mq;mq;mq;mq;mq;
07020;20110927210000;102800;0;0;100;4.100000;289.650000;288.850000;95;14000;2;1;1;25;2;800;32;20;10;102540;mq;mq;mq;mq;mq;mq;mq;mq;mq;mq;mq;5.700000;-10;mq;mq;mq;mq;0.000000;0.000000;mq;mq;mq;710.000000;1106.000000;mq;mq;2;8;780;mq;mq;mq;mq;mq;mq;mq;mq;mq;
07027;20110927210000;102830;50;1;110;3.100000;289.550000;287.350000;87;45000;0;mq;mq;mq;mq;mq;mq;mq;mq;102030;mq;mq;mq;mq;mq;mq;mq;mq;mq;mq;mq;4.100000;-10;mq;mq;mq;mq;0.000000;0.000000;mq;mq;mq;710.000000;1104.000000;mq;mq;mq;mq;mq;mq;mq;mq;mq;mq;mq;mq;mq;mq;
07037;20110927210000;102920;10;0;70;2.600000;288.850000;287.050000;89;24000;0;mq;mq;mq;mq;mq;mq;mq;mq;101100;mq;mq;mq;mq;mq;mq;mq;mq;mq;mq;mq;3.100000;-10;mq;mq;mq;mq;0.000000;0.000000;mq;mq;mq;710.000000;1103.000000;mq;mq;mq;mq;mq;mq;mq;mq;mq;mq;mq;mq;mq;mq;
07110;20110927210000;102550;20;0;160;3.100000;292.550000;286.950000;70;30000;2;1;1;10;1;3500;30;23;10;101430;mq;mq;mq;mq;mq;mq;mq;mq;mq;mq;mq;5.700000;-10;mq;mq;0.000000;-30;0.000000;0.000000;mq;mq;mq;710.000000;1106.000000;3100.000000;mq;1;3;5100;mq;mq;mq;mq;mq;mq;mq;mq;mq;
07117;20110927210000;102610;60;1;150;2.600000;295.650000;288.050000;62;12000;2;1;1;10;1;3500;30;22;10;101930;mq;mq;mq;mq;mq;mq;mq;mq;mq;mq;mq;4.100000;-10;mq;mq;mq;mq;0.000000;0.000000;mq;mq;mq;710.000000;1104.000000;2427.000000;mq;mq;mq;mq;mq;mq;mq;mq;mq;mq;mq;mq;mq;
07130;20110927210000;102670;30;1;110;1.500000;292.750000;288.850000;78;19000;0;mq;mq;mq;mq;mq;mq;mq;mq;102160;mq;mq;mq;mq;mq;mq;mq;mq;mq;mq;mq;4.600000;-10;mq;mq;mq;mq;0.000000;0.000000;mq;mq;mq;710.000000;1105.000000;mq;mq;mq;mq;mq;mq;mq;mq;mq;mq;mq;mq;mq;mq;
07139;20110927210000;102830;40;1;20;2.100000;289.150000;286.950000;87;mq;mq;mq;mq;mq;mq;mq;mq;mq;mq;101110;mq;mq;mq;mq;mq;mq;mq;mq;mq;mq;mq;3.100000;-10;mq;mq;mq;mq;0.000000;0.000000;mq;mq;mq;710.000000;1103.000000;mq;mq;mq;mq;mq;mq;mq;mq;mq;mq;mq;mq;mq;mq;
07149;20110927210000;102870;30;0;40;2.600000;291.750000;287.650000;77;25000;2;1;1;0;mq;mq;mq;mq;mq;101800;mq;mq;mq;mq;mq;mq;mq;mq;mq;mq;mq;4.100000;-10;mq;mq;0.000000;-30;0.000000;0.000000;mq;mq;mq;710.000000;1104.000000;3100.000000;mq;mq;mq;mq;mq;mq;mq;mq;mq;mq;mq;mq;mq;
07168;20110927210000;102870;30;1;320;3.100000;289.350000;286.650000;84;19000;0;mq;mq;mq;mq;mq;mq;mq;mq;101460;mq;mq;mq;mq;mq;mq;mq;mq;mq;mq;mq;4.100000;-10;mq;mq;mq;mq;0.000000;0.000000;mq;mq;mq;710.000000;1104.000000;mq;mq;mq;mq;mq;mq;mq;mq;mq;mq;mq;mq;mq;mq;
07181;20110927210000;102870;20;1;60;1.500000;290.650000;286.350000;76;60000;0;mq;mq;mq;mq;mq;mq;mq;mq;98850;mq;mq;mq;mq;mq;mq;mq;mq;mq;mq;mq;4.100000;-10;mq;mq;mq;mq;0.000000;0.000000;mq;mq;mq;710.000000;1104.000000;mq;mq;mq;mq;mq;mq;mq;mq;mq;mq;mq;mq;mq;mq;
07190;20110927210000;102880;60;1;350;2.100000;290.250000;287.550000;84;12000;0;mq;mq;mq;mq;mq;mq;mq;mq;101080;mq;mq;mq;mq;mq;mq;mq;mq;mq;mq;mq;4.100000;-10;mq;mq;mq;mq;0.000000;0.000000;mq;mq;mq;710.000000;1104.000000;mq;mq;mq;mq;mq;mq;mq;mq;mq;mq;mq;mq;mq;mq;
07207;20110927210000;mq;mq;mq;110;6.700000;296.750000;287.450000;56;12000;2;1;1;25;2;3500;30;25;10;mq;mq;mq;mq;mq;mq;mq;mq;mq;mq;mq;mq;12.900000;-10;mq;mq;mq;mq;0.000000;0.000000;mq;mq;mq;710.000000;1113.000000;2417.000000;mq;mq;mq;mq;mq;mq;mq;mq;mq;mq;mq;mq;mq;
07222;20110927210000;102600;50;2;50;1.500000;293.750000;288.350000;71;25000;2;1;1;10;0;8000;30;20;11;102290;mq;mq;mq;mq;mq;mq;mq;mq;mq;mq;mq;5.100000;-10;mq;mq;mq;mq;0.000000;0.000000;mq;mq;mq;710.000000;1105.000000;mq;mq;1;0;7800;mq;mq;mq;mq;mq;mq;mq;mq;mq;
07240;20110927210000;102710;0;0;60;2.600000;291.650000;287.950000;79;30000;2;1;1;25;0;8000;30;20;12;101380;mq;mq;mq;mq;mq;mq;mq;mq;mq;mq;mq;3.600000;-10;mq;mq;0.000000;-30;0.000000;0.000000;mq;mq;mq;710.000000;1104.000000;3100.000000;mq;2;0;6900;mq;mq;mq;mq;mq;mq;mq;mq;mq;
07255;20110927210000;102730;30;1;60;3.100000;293.750000;287.150000;66;20000;0;mq;mq;mq;mq;mq;mq;mq;mq;100780;mq;mq;mq;mq;mq;mq;mq;mq;mq;mq;mq;5.100000;-10;mq;mq;mq;mq;0.000000;0.000000;mq;mq;mq;710.000000;1105.000000;mq;mq;mq;mq;mq;mq;mq;mq;mq;mq;mq;mq;mq;mq;
07280;20110927210000;102730;30;1;360;5.100000;292.650000;286.350000;67;50000;0;mq;mq;mq;mq;mq;mq;mq;mq;100070;mq;mq;mq;mq;mq;mq;mq;mq;mq;mq;mq;6.200000;-10;mq;mq;mq;mq;0.000000;0.000000;mq;mq;mq;710.000000;1106.000000;mq;mq;mq;mq;mq;mq;mq;mq;mq;mq;mq;mq;mq;mq;
07299;20110927210000;102890;90;1;250;1.500000;286.150000;285.050000;93;15000;2;1;1;10;0;mq;30;20;11;99620;mq;mq;mq;mq;mq;mq;mq;mq;mq;mq;mq;1.500000;-10;mq;mq;0.000000;-30;0.000000;0.000000;mq;mq;mq;710.000000;1102.000000;3100.000000;mq;1;0;6900;mq;mq;mq;mq;mq;mq;mq;mq;mq;
07314;20110927210000;102500;30;0;80;3.100000;293.950000;290.350000;80;18000;2;1;1;75;2;3500;30;23;14;102230;mq;mq;mq;mq;mq;mq;mq;mq;mq;mq;mq;4.600000;-10;mq;mq;mq;mq;0.000000;0.000000;mq;mq;mq;710.000000;1105.000000;mq;mq;2;3;2400;5;0;4800;mq;mq;mq;mq;mq;mq;
07335;20110927210000;102640;20;2;40;2.100000;292.850000;287.250000;70;55000;0;mq;mq;mq;mq;mq;mq;mq;mq;101220;mq;mq;mq;mq;mq;mq;mq;mq;mq;mq;mq;4.100000;-10;mq;mq;mq;mq;0.000000;0.000000;mq;mq;mq;710.000000;1104.000000;mq;mq;mq;mq;mq;mq;mq;mq;mq;mq;mq;mq;mq;mq;
07434;20110927210000;102590;20;1;60;4.100000;291.850000;285.350000;66;55000;0;mq;mq;mq;mq;mq;mq;mq;mq;97910;mq;mq;mq;mq;mq;mq;mq;mq;mq;mq;mq;7.200000;-10;mq;mq;mq;mq;0.000000;0.000000;mq;mq;mq;710.000000;1107.000000;mq;mq;mq;mq;mq;mq;mq;mq;mq;mq;mq;mq;mq;mq;
07460;20110927210000;102740;70;1;230;1.000000;289.350000;285.850000;80;20000;2;1;1;10;0;8000;30;20;11;98900;mq;mq;mq;mq;mq;mq;mq;mq;mq;mq;mq;2.100000;-10;mq;mq;0.000000;-30;0.000000;0.000000;mq;mq;mq;710.000000;1102.000000;3100.000000;mq;1;0;7500;mq;mq;mq;mq;mq;mq;mq;mq;mq;
07471;20110927210000;mq;50;1;230;1.500000;285.550000;283.250000;86;20000;0;mq;mq;mq;mq;mq;mq;mq;mq;93240;85000;18630;mq;mq;mq;mq;mq;mq;mq;mq;mq;2.100000;-10;mq;mq;mq;mq;0.000000;0.000000;mq;mq;mq;710.000000;1102.000000;mq;mq;mq;mq;mq;mq;mq;mq;mq;mq;mq;mq;mq;mq;
07481;20110927210000;102620;20;1;0;0.000000;291.550000;286.850000;74;30000;2;1;1;25;0;8000;30;20;11;99800;mq;mq;mq;mq;mq;mq;mq;mq;mq;mq;mq;0.500000;-10;mq;mq;0.000000;-30;0.000000;0.000000;mq;mq;mq;710.000000;1101.000000;3100.000000;mq;2;0;7800;mq;mq;mq;mq;mq;mq;mq;mq;mq;
07510;20110927210000;102370;10;2;50;2.600000;293.350000;287.450000;69;45000;2;1;1;60;0;mq;30;20;12;101730;mq;mq;mq;mq;mq;mq;mq;mq;mq;mq;mq;3.600000;-10;mq;mq;0.000000;-30;0.000000;0.000000;mq;mq;mq;710.000000;1104.000000;3100.000000;mq;5;0;7800;mq;mq;mq;mq;mq;mq;mq;mq;mq;
07535;20110927210000;102430;40;2;90;2.600000;294.550000;284.250000;52;mq;mq;mq;mq;mq;mq;mq;mq;mq;mq;99400;mq;mq;mq;mq;mq;mq;mq;mq;mq;mq;mq;4.600000;-10;mq;mq;mq;mq;0.000000;0.000000;mq;mq;mq;710.000000;1105.000000;mq;mq;mq;mq;mq;mq;mq;mq;mq;mq;mq;mq;mq;mq;
07558;20110927210000;102520;70;1;90;2.100000;292.850000;283.250000;54;mq;mq;mq;mq;mq;mq;mq;mq;mq;mq;94410;mq;mq;mq;mq;mq;mq;mq;mq;mq;mq;mq;3.100000;-10;mq;mq;mq;mq;0.000000;0.000000;mq;mq;mq;710.000000;1103.000000;mq;mq;mq;mq;mq;mq;mq;mq;mq;mq;mq;mq;mq;mq;
07577;20110927210000;102530;50;1;30;3.100000;293.550000;286.550000;64;20000;0;mq;mq;mq;mq;mq;mq;mq;mq;101660;mq;mq;mq;mq;mq;mq;mq;mq;mq;mq;mq;5.100000;-10;mq;mq;mq;mq;0.000000;0.000000;mq;mq;mq;710.000000;1105.000000;mq;mq;mq;mq;mq;mq;mq;mq;mq;mq;mq;mq;mq;mq;
07591;20110927210000;mq;110;1;40;3.100000;288.650000;280.450000;58;mq;0;mq;mq;mq;mq;mq;mq;mq;mq;92730;mq;mq;mq;mq;mq;mq;mq;mq;mq;mq;mq;4.600000;-10;mq;mq;mq;mq;0.000000;0.000000;mq;mq;mq;710.000000;1105.000000;mq;mq;mq;mq;mq;mq;mq;mq;mq;mq;mq;mq;mq;mq;
07607;20110927210000;102330;20;0;80;1.500000;290.250000;286.750000;80;45000;0;mq;mq;100;mq;mq;mq;mq;mq;101630;mq;mq;mq;mq;mq;mq;mq;mq;mq;mq;mq;2.600000;-10;mq;mq;mq;mq;0.000000;0.000000;mq;mq;mq;710.000000;1103.000000;mq;mq;mq;mq;mq;mq;mq;mq;mq;mq;mq;mq;mq;mq;
07621;20110927210000;102370;0;0;170;2.600000;291.250000;286.750000;75;45000;2;1;1;0;mq;mq;mq;mq;mq;98140;mq;mq;mq;mq;mq;mq;mq;mq;mq;mq;mq;4.100000;-10;mq;mq;0.000000;-30;0.000000;0.000000;mq;mq;mq;710.000000;1104.000000;3100.000000;mq;mq;mq;mq;mq;mq;mq;mq;mq;mq;mq;mq;mq;
07627;20110927210000;102440;40;1;160;4.600000;292.150000;284.950000;63;mq;mq;mq;mq;mq;mq;mq;mq;mq;mq;97680;mq;mq;mq;mq;mq;mq;mq;mq;mq;mq;mq;7.200000;-10;mq;mq;mq;mq;0.000000;0.000000;mq;mq;mq;710.000000;1107.000000;mq;mq;mq;mq;mq;mq;mq;mq;mq;mq;mq;mq;mq;mq;
07630;20110927210000;102380;60;3;140;4.100000;296.150000;284.550000;48;40000;2;1;1;40;0;8000;30;20;12;100640;mq;mq;mq;mq;mq;mq;mq;mq;mq;mq;mq;6.700000;-10;mq;mq;0.000000;-30;0.000000;0.000000;mq;mq;mq;710.000000;1107.000000;3100.000000;mq;3;0;7800;mq;mq;mq;mq;mq;mq;mq;mq;mq;
07643;20110927210000;102530;60;1;340;1.000000;291.750000;287.450000;76;15000;2;1;1;0;mq;mq;mq;mq;mq;102430;mq;mq;mq;mq;mq;mq;mq;mq;mq;mq;mq;2.600000;-10;mq;mq;mq;mq;0.000000;0.000000;mq;mq;mq;710.000000;1103.000000;mq;mq;mq;mq;mq;mq;mq;mq;mq;mq;mq;mq;mq;mq;
07650;20110927210000;102500;80;1;150;2.600000;291.450000;286.550000;73;15000;2;1;1;40;0;8000;30;20;12;102120;mq;mq;mq;mq;mq;mq;mq;mq;mq;mq;mq;3.600000;-10;mq;mq;0.000000;-30;0.000000;0.000000;mq;mq;mq;710.000000;1104.000000;3100.000000;mq;3;0;7500;mq;mq;mq;mq;mq;mq;mq;mq;mq;
07661;20110927210000;102460;60;3;130;4.100000;295.050000;287.150000;61;mq;mq;mq;mq;mq;mq;mq;mq;mq;mq;100900;mq;mq;mq;mq;mq;mq;mq;mq;mq;mq;mq;4.600000;-10;mq;mq;mq;mq;0.000000;0.000000;mq;mq;mq;710.000000;1105.000000;mq;mq;mq;mq;mq;mq;mq;mq;mq;mq;mq;mq;mq;mq;
07690;20110927210000;102480;70;2;330;4.100000;295.250000;283.450000;47;30000;2;1;1;50;0;mq;30;20;12;102150;mq;mq;mq;mq;mq;mq;mq;mq;mq;mq;mq;5.700000;-10;mq;mq;0.000000;-30;0.000000;0.000000;mq;mq;mq;710.000000;1106.000000;3100.000000;mq;4;0;7800;mq;mq;mq;mq;mq;mq;mq;mq;mq;
07747;20110927210000;102480;50;2;280;1.000000;292.150000;285.650000;66;45000;0;mq;mq;mq;mq;mq;mq;mq;mq;101960;mq;mq;mq;mq;mq;mq;mq;mq;mq;mq;mq;3.600000;-10;mq;mq;mq;mq;0.000000;0.000000;mq;mq;mq;710.000000;1104.000000;mq;mq;mq;mq;mq;mq;mq;mq;mq;mq;mq;mq;mq;mq;
07761;20110927210000;102380;80;1;60;2.600000;291.350000;287.850000;80;20000;2;1;1;25;0;8000;30;20;11;102270;mq;mq;mq;mq;mq;mq;mq;mq;mq;mq;mq;3.600000;-10;mq;mq;0.000000;-30;0.000000;0.000000;mq;mq;mq;710.000000;1104.000000;3100.000000;mq;2;0;7800;mq;mq;mq;mq;mq;mq;mq;mq;mq;
07790;20110927210000;102390;100;1;220;2.100000;290.750000;284.750000;68;20000;2;1;1;40;1;800;35;20;11;102250;mq;mq;mq;mq;mq;mq;mq;mq;mq;mq;mq;3.600000;-10;mq;mq;0.000000;-30;0.000000;0.000000;mq;mq;mq;710.000000;1104.000000;3100.000000;mq;1;6;600;3;0;7800;mq;mq;mq;mq;mq;mq;
61968;20110927210000;101600;mq;mq;80;5.100000;297.250000;294.550000;85;mq;mq;mq;mq;mq;mq;mq;mq;mq;mq;mq;mq;mq;mq;mq;mq;mq;mq;mq;mq;mq;mq;11.800000;-10;mq;mq;mq;mq;0.200000;1.000000;mq;mq;mq;710.000000;1112.000000;mq;mq;mq;mq;mq;mq;mq;mq;mq;mq;mq;mq;mq;mq;
61970;20110927210000;101740;mq;mq;mq;mq;296.150000;294.750000;92;mq;mq;mq;mq;mq;mq;mq;mq;mq;mq;mq;mq;mq;mq;mq;mq;mq;mq;mq;mq;mq;mq;mq;mq;mq;mq;mq;mq;0.000000;0.000000;mq;mq;mq;mq;mq;mq;mq;mq;mq;mq;mq;mq;mq;mq;mq;mq;mq;mq;mq;
61972;20110927210000;101840;mq;mq;160;1.500000;294.350000;293.850000;97;mq;mq;mq;mq;mq;mq;mq;mq;mq;mq;mq;mq;mq;mq;mq;mq;mq;mq;mq;mq;mq;mq;2.600000;-10;mq;mq;mq;mq;0.000000;0.000000;mq;mq;mq;710.000000;1103.000000;mq;mq;mq;mq;mq;mq;mq;mq;mq;mq;mq;mq;mq;mq;
61980;20110927210000;102230;mq;mq;150;4.600000;293.150000;289.550000;80;60000;0;mq;mq;100;mq;800;mq;mq;mq;mq;mq;mq;mq;mq;mq;mq;mq;mq;mq;mq;mq;10.300000;-10;mq;mq;mq;mq;0.000000;0.000000;mq;mq;mq;710.000000;1110.000000;mq;mq;mq;mq;mq;mq;mq;mq;mq;mq;mq;mq;mq;mq;
61996;20110927210000;102730;mq;mq;250;3.100000;283.450000;229.150000;mq;mq;mq;mq;mq;mq;mq;mq;mq;mq;mq;mq;mq;mq;370;mq;mq;mq;mq;mq;mq;mq;mq;5.100000;-10;mq;mq;mq;mq;0.000000;0.000000;mq;mq;mq;710.000000;1105.000000;mq;mq;mq;mq;mq;mq;mq;mq;mq;mq;mq;mq;mq;mq;
61998;20110927210000;99070;mq;mq;310;12.900000;281.350000;278.950000;85;mq;mq;mq;mq;mq;mq;mq;mq;mq;mq;mq;mq;mq;mq;mq;mq;mq;mq;mq;mq;mq;mq;20.100000;-10;mq;mq;mq;mq;0.000000;0.800000;mq;mq;mq;710.000000;1120.000000;mq;mq;mq;mq;mq;mq;mq;mq;mq;mq;mq;mq;mq;mq;
67005;20110927210000;101590;mq;mq;0;0.000000;298.350000;296.050000;87;mq;0;mq;mq;mq;mq;mq;mq;mq;mq;mq;mq;mq;mq;mq;mq;mq;mq;mq;mq;mq;mq;1.500000;-10;mq;mq;mq;mq;0.000000;0.000000;mq;mq;mq;710.000000;1102.000000;mq;mq;mq;mq;mq;mq;mq;mq;mq;mq;mq;mq;mq;mq;
71805;20110927210000;101310;260;3;360;6.200000;283.550000;277.650000;67;75000;2;1;1;10;1;800;38;20;10;101220;mq;mq;mq;mq;mq;mq;mq;mq;mq;mq;mq;10.800000;-10;mq;mq;0.000000;-30;0.000000;0.200000;mq;mq;mq;710.000000;1111.000000;3100.000000;mq;1;8;600;mq;mq;mq;mq;mq;mq;mq;mq;mq;
78897;20110927210000;101060;10;0;290;5.100000;299.350000;295.450000;79;28000;0;mq;mq;mq;mq;800;mq;mq;mq;mq;mq;mq;mq;mq;mq;mq;mq;mq;mq;mq;mq;mq;mq;mq;mq;mq;mq;mq;mq;mq;mq;mq;mq;mq;mq;mq;mq;mq;mq;mq;mq;mq;mq;mq;mq;mq;mq;mq;
78922;20110927210000;101160;0;5;280;3.100000;301.050000;296.650000;77;mq;mq;mq;mq;mq;mq;mq;mq;mq;mq;100720;mq;mq;mq;mq;mq;mq;mq;mq;mq;mq;mq;mq;mq;mq;mq;mq;mq;mq;mq;mq;mq;mq;mq;mq;mq;mq;mq;mq;mq;mq;mq;mq;mq;mq;mq;mq;mq;mq;
78925;20110927210000;101160;-80;6;230;4.100000;302.550000;297.850000;76;25000;17;9;2;90;3;800;39;23;12;mq;mq;mq;mq;mq;mq;mq;mq;mq;mq;mq;mq;mq;mq;mq;mq;mq;mq;mq;mq;mq;mq;mq;mq;mq;mq;mq;1;9;630;3;8;750;5;3;3000;mq;mq;mq;
81401;20110927210000;101070;mq;mq;60;2.100000;303.050000;296.950000;70;mq;mq;mq;mq;mq;mq;mq;mq;mq;mq;101010;mq;mq;mq;mq;mq;mq;mq;mq;mq;mq;mq;mq;mq;mq;mq;mq;mq;mq;0.000000;mq;mq;mq;mq;mq;mq;mq;mq;mq;mq;mq;mq;mq;mq;mq;mq;mq;mq;mq;
81405;20110927210000;101140;mq;mq;80;3.100000;302.050000;297.650000;77;20000;2;1;1;40;1;800;32;23;12;101050;mq;mq;mq;mq;mq;mq;mq;mq;mq;mq;mq;mq;mq;mq;mq;mq;mq;mq;0.000000;mq;mq;mq;mq;mq;mq;mq;mq;mq;mq;mq;mq;mq;mq;mq;mq;mq;mq;mq;
81408;20110927210000;101100;mq;mq;110;2.600000;304.150000;293.450000;53;mq;mq;mq;mq;mq;mq;mq;mq;mq;mq;101020;mq;mq;mq;mq;mq;mq;mq;mq;mq;mq;mq;mq;mq;mq;mq;mq;mq;mq;0.000000;mq;mq;mq;mq;mq;mq;mq;mq;mq;mq;mq;mq;mq;mq;mq;mq;mq;mq;mq;
89642;20110927210000;99410;-80;6;110;4.600000;248.150000;239.850000;42;mq;mq;mq;mq;mq;mq;mq;mq;mq;mq;98820;mq;mq;mq;mq;mq;mq;mq;mq;mq;mq;mq;mq;mq;mq;mq;mq;mq;mq;mq;mq;mq;mq;mq;mq;mq;mq;mq;mq;mq;mq;mq;mq;mq;mq;mq;mq;mq;mq;
07005;20110928000000;102940;-40;8;100;2.600000;288.650000;286.850000;89;mq;mq;mq;mq;mq;mq;mq;mq;mq;mq;102050;mq;mq;mq;mq;mq;mq;mq;mq;mq;mq;mq;3.100000;-10;mq;mq;mq;mq;0.000000;0.000000;0.000000;mq;mq;710.000000;1103.000000;mq;mq;mq;mq;mq;mq;mq;mq;mq;mq;mq;mq;mq;mq;
07015;20110928000000;102990;-40;8;50;1.500000;288.350000;286.750000;90;8000;2;1;1;0;mq;mq;mq;mq;mq;102420;mq;mq;mq;mq;mq;mq;mq;mq;mq;mq;mq;3.100000;-10;mq;mq;0.000000;-60;0.000000;0.200000;0.200000;mq;mq;710.000000;1103.000000;3100.000000;mq;mq;mq;mq;mq;mq;mq;mq;mq;mq;mq;mq;mq;
07020;20110928000000;102730;-70;8;100;4.100000;289.550000;288.250000;92;18000;2;1;1;0;mq;mq;mq;mq;mq;102470;mq;mq;mq;mq;mq;mq;mq;mq;mq;mq;mq;5.700000;-10;mq;mq;mq;mq;0.000000;0.000000;0.000000;mq;mq;710.000000;1106.000000;mq;mq;mq;mq;mq;mq;mq;mq;mq;mq;mq;mq;mq;mq;
07027;20110928000000;102820;-20;8;100;2.600000;287.750000;286.750000;94;30000;0;mq;mq;mq;mq;mq;mq;mq;mq;102010;mq;mq;mq;mq;mq;mq;mq;mq;mq;mq;mq;3.600000;-10;mq;mq;mq;mq;0.000000;0.000000;0.000000;mq;mq;710.000000;1104.000000;mq;mq;mq;mq;mq;mq;mq;mq;mq;mq;mq;mq;mq;mq;
07037;20110928000000;102900;-20;8;70;3.100000;288.750000;287.250000;91;14000;0;mq;mq;mq;mq;mq;mq;mq;mq;101080;mq;mq;mq;mq;mq;mq;mq;mq;mq;mq;mq;4.100000;-10;mq;mq;mq;mq;0.000000;0.000000;0.000000;mq;mq;710.000000;1104.000000;mq;mq;mq;mq;mq;mq;mq;mq;mq;mq;mq;mq;mq;mq;
07110;20110928000000;102490;-60;6;130;4.600000;292.450000;287.650000;74;30000;2;1;1;0;mq;mq;mq;mq;mq;101370;mq;mq;mq;mq;mq;mq;mq;mq;mq;mq;mq;6.200000;-10;mq;mq;0.000000;-60;0.000000;0.000000;0.000000;mq;mq;710.000000;1106.000000;3100.000000;mq;mq;mq;mq;mq;mq;mq;mq;mq;mq;mq;mq;mq;
07117;20110928000000;102540;-70;7;160;4.600000;293.450000;288.450000;73;8000;2;1;1;10;1;3500;30;22;10;101860;mq;mq;mq;mq;mq;mq;mq;mq;mq;mq;mq;7.700000;-10;mq;mq;mq;mq;0.000000;0.000000;0.000000;mq;mq;710.000000;1108.000000;2426.000000;mq;mq;mq;mq;mq;mq;mq;mq;mq;mq;mq;mq;mq;
07130;20110928000000;102660;-20;8;90;1.500000;289.850000;288.050000;89;15000;0;mq;mq;mq;mq;mq;mq;mq;mq;102140;mq;mq;mq;mq;mq;mq;mq;mq;mq;mq;mq;2.600000;-10;mq;mq;mq;mq;0.000000;0.000000;0.000000;mq;mq;710.000000;1103.000000;mq;mq;mq;mq;mq;mq;mq;mq;mq;mq;mq;mq;mq;mq;
07139;20110928000000;102810;-30;7;30;2.600000;287.850000;285.750000;87;mq;mq;mq;mq;mq;mq;mq;mq;mq;mq;101080;mq;mq;mq;mq;mq;mq;mq;mq;mq;mq;mq;4.600000;-10;mq;mq;mq;mq;0.000000;0.000000;0.000000;mq;mq;710.000000;1105.000000;mq;mq;mq;mq;mq;mq;mq;mq;mq;mq;mq;mq;mq;mq;
07149;20110928000000;102860;-20;8;20;1.000000;289.450000;287.450000;88;20000;2;1;1;0;mq;mq;mq;mq;mq;101780;mq;mq;mq;mq;mq;mq;mq;mq;mq;mq;mq;2.100000;-10;mq;mq;0.000000;-60;0.000000;0.000000;0.000000;mq;mq;710.000000;1102.000000;3100.000000;mq;mq;mq;mq;mq;mq;mq;mq;mq;mq;mq;mq;mq;
07168;20110928000000;102850;-30;7;310;1.000000;287.650000;284.950000;84;19000;0;mq;mq;mq;mq;mq;mq;mq;mq;101430;mq;mq;mq;mq;mq;mq;mq;mq;mq;mq;mq;1.500000;-10;mq;mq;mq;mq;0.000000;0.000000;0.000000;mq;mq;710.000000;1102.000000;mq;mq;mq;mq;mq;mq;mq;mq;mq;mq;mq;mq;mq;mq;
07181;20110928000000;102920;-10;7;320;0.500000;287.050000;285.750000;92;35000;0;mq;mq;mq;mq;mq;mq;mq;mq;98840;mq;mq;mq;mq;mq;mq;mq;mq;mq;mq;mq;1.500000;-10;mq;mq;mq;mq;0.000000;0.000000;0.000000;mq;mq;710.000000;1102.000000;mq;mq;mq;mq;mq;mq;mq;mq;mq;mq;mq;mq;mq;mq;
07190;20110928000000;102900;0;0;320;2.100000;286.750000;285.150000;90;8000;0;mq;mq;mq;mq;mq;mq;mq;mq;101080;mq;mq;mq;mq;mq;mq;mq;mq;mq;mq;mq;3.100000;-10;mq;mq;mq;mq;0.000000;0.000000;0.000000;mq;mq;710.000000;1103.000000;mq;mq;mq;mq;mq;mq;mq;mq;mq;mq;mq;mq;mq;mq;
07207;20110928000000;mq;mq;mq;110;8.200000;295.150000;287.750000;63;12000;2;1;1;25;2;3500;30;25;10;mq;mq;mq;mq;mq;mq;mq;mq;mq;mq;mq;mq;12.300000;-10;mq;mq;mq;mq;0.000000;0.000000;0.000000;mq;mq;710.000000;1112.000000;2417.000000;mq;mq;mq;mq;mq;mq;mq;mq;mq;mq;mq;mq;mq;
07222;20110928000000;102530;-70;6;70;2.100000;291.750000;288.050000;79;29000;0;mq;mq;mq;mq;mq;mq;mq;mq;102220;mq;mq;mq;mq;mq;mq;mq;mq;mq;mq;mq;4.600000;-10;mq;mq;mq;mq;0.000000;0.000000;0.000000;mq;mq;710.000000;1105.000000;mq;mq;mq;mq;mq;mq;mq;mq;mq;mq;mq;mq;mq;mq;
07240;20110928000000;102680;-30;8;70;2.600000;290.350000;287.250000;82;25000;2;1;1;0;mq;mq;mq;mq;mq;101350;mq;mq;mq;mq;mq;mq;mq;mq;mq;mq;mq;5.100000;-10;mq;mq;0.000000;-60;0.000000;0.000000;0.000000;mq;mq;710.000000;1105.000000;3100.000000;mq;mq;mq;mq;mq;mq;mq;mq;mq;mq;mq;mq;mq;
07255;20110928000000;102710;-40;8;70;2.600000;291.050000;286.950000;77;20000;0;mq;mq;mq;mq;mq;mq;mq;mq;100740;mq;mq;mq;mq;mq;mq;mq;mq;mq;mq;mq;4.600000;-10;mq;mq;mq;mq;0.000000;0.000000;0.000000;mq;mq;710.000000;1105.000000;mq;mq;mq;mq;mq;mq;mq;mq;mq;mq;mq;mq;mq;mq;
07280;20110928000000;102730;-30;8;10;3.600000;289.650000;285.650000;77;45000;0;mq;mq;mq;mq;mq;mq;mq;mq;100040;mq;mq;mq;mq;mq;mq;mq;mq;mq;mq;mq;4.600000;-10;mq;mq;mq;mq;0.000000;0.000000;0.000000;mq;mq;710.000000;1105.000000;mq;mq;mq;mq;mq;mq;mq;mq;mq;mq;mq;mq;mq;mq;
07299;20110928000000;102900;-10;8;210;1.000000;284.250000;283.750000;97;4500;10;mq;mq;mq;mq;mq;mq;mq;mq;99610;mq;mq;mq;mq;mq;mq;mq;mq;mq;mq;mq;1.500000;-10;mq;mq;mq;mq;0.000000;0.000000;0.000000;mq;mq;710.000000;1102.000000;mq;mq;mq;mq;mq;mq;mq;mq;mq;mq;mq;mq;mq;mq;
07314;20110928000000;102450;-50;8;70;3.100000;292.950000;289.950000;83;18000;2;1;1;25;0;8000;30;20;14;102180;mq;mq;mq;mq;mq;mq;mq;mq;mq;mq;mq;5.100000;-10;mq;mq;mq;mq;0.000000;0.000000;0.000000;mq;mq;710.000000;1105.000000;2427.000000;mq;2;0;4800;mq;mq;mq;mq;mq;mq;mq;mq;mq;
07335;20110928000000;102590;-50;7;60;1.500000;290.950000;286.850000;77;55000;0;mq;mq;mq;mq;mq;mq;mq;mq;101170;mq;mq;mq;mq;mq;mq;mq;mq;mq;mq;mq;3.600000;-10;mq;mq;mq;mq;0.000000;0.000000;0.000000;mq;mq;710.000000;1104.000000;mq;mq;mq;mq;mq;mq;mq;mq;mq;mq;mq;mq;mq;mq;
07434;20110928000000;102550;-60;6;60;5.100000;290.450000;286.150000;76;40000;0;mq;mq;mq;mq;mq;mq;mq;mq;97850;mq;mq;mq;mq;mq;mq;mq;mq;mq;mq;mq;7.700000;-10;mq;mq;mq;mq;0.000000;0.000000;0.000000;mq;mq;710.000000;1108.000000;mq;mq;mq;mq;mq;mq;mq;mq;mq;mq;mq;mq;mq;mq;
07460;20110928000000;102730;-50;7;80;0.500000;286.450000;284.850000;90;20000;2;1;1;0;mq;mq;mq;mq;mq;98850;mq;mq;mq;mq;mq;mq;mq;mq;mq;mq;mq;2.100000;-10;mq;mq;0.000000;-60;0.000000;0.000000;0.000000;mq;mq;710.000000;1102.000000;3100.000000;mq;mq;mq;mq;mq;mq;mq;mq;mq;mq;mq;mq;mq;
07471;20110928000000;mq;-60;8;230;2.100000;283.650000;282.250000;91;15000;0;mq;mq;mq;mq;mq;mq;mq;mq;93180;85000;18570;mq;mq;mq;mq;mq;mq;mq;mq;mq;3.100000;-10;mq;mq;mq;mq;0.000000;0.000000;0.000000;mq;mq;710.000000;1103.000000;mq;mq;mq;mq;mq;mq;mq;mq;mq;mq;mq;mq;mq;mq;
07481;20110928000000;102630;-10;8;220;1.500000;289.550000;286.650000;83;20000;2;1;1;0;mq;mq;mq;mq;mq;99790;mq;mq;mq;mq;mq;mq;mq;mq;mq;mq;mq;1.500000;-10;mq;mq;0.000000;-60;0.000000;0.000000;0.000000;mq;mq;710.000000;1102.000000;3100.000000;mq;mq;mq;mq;mq;mq;mq;mq;mq;mq;mq;mq;mq;
07510;20110928000000;102310;-60;7;70;1.000000;291.750000;288.050000;79;35000;2;1;1;40;0;mq;30;20;12;101670;mq;mq;mq;mq;mq;mq;mq;mq;mq;mq;mq;4.100000;-10;mq;mq;0.000000;-60;0.000000;0.000000;0.000000;mq;mq;710.000000;1104.000000;3100.000000;mq;3;0;7800;mq;mq;mq;mq;mq;mq;mq;mq;mq;
07535;20110928000000;102430;-10;7;110;3.100000;293.550000;284.250000;55;mq;mq;mq;mq;mq;mq;mq;mq;mq;mq;99390;mq;mq;mq;mq;mq;mq;mq;mq;mq;mq;mq;6.700000;-10;mq;mq;mq;mq;0.000000;0.000000;0.000000;mq;mq;710.000000;1107.000000;mq;mq;mq;mq;mq;mq;mq;mq;mq;mq;mq;mq;mq;mq;
07558;20110928000000;102570;-30;8;40;3.600000;289.950000;282.350000;61;mq;mq;mq;mq;mq;mq;mq;mq;mq;mq;94380;mq;mq;mq;mq;mq;mq;mq;mq;mq;mq;mq;5.100000;-10;mq;mq;mq;mq;0.000000;0.000000;0.000000;mq;mq;710.000000;1105.000000;mq;mq;mq;mq;mq;mq;mq;mq;mq;mq;mq;mq;mq;mq;
07577;20110928000000;102540;0;0;30;3.600000;292.350000;286.750000;70;20000;0;mq;mq;mq;mq;mq;mq;mq;mq;101660;mq;mq;mq;mq;mq;mq;mq;mq;mq;mq;mq;6.700000;-10;mq;mq;mq;mq;0.000000;0.000000;0.000000;mq;mq;710.000000;1107.000000;mq;mq;mq;mq;mq;mq;mq;mq;mq;mq;mq;mq;mq;mq;
07591;20110928000000;mq;10;0;20;6.200000;288.150000;278.950000;54;mq;0;mq;mq;mq;mq;mq;mq;mq;mq;92720;mq;mq;mq;mq;mq;mq;mq;mq;mq;mq;mq;9.300000;-10;mq;mq;mq;mq;0.000000;0.000000;0.000000;mq;mq;710.000000;1109.000000;mq;mq;mq;mq;mq;mq;mq;mq;mq;mq;mq;mq;mq;mq;
07607;20110928000000;102290;-50;6;90;2.600000;286.750000;284.950000;89;30000;0;mq;mq;mq;mq;mq;mq;mq;mq;101580;mq;mq;mq;mq;mq;mq;mq;mq;mq;mq;mq;2.600000;-10;mq;mq;mq;mq;0.000000;0.000000;0.000000;mq;mq;710.000000;1103.000000;mq;mq;mq;mq;mq;mq;mq;mq;mq;mq;mq;mq;mq;mq;
07621;20110928000000;102320;-80;6;170;0.500000;289.550000;285.150000;75;45000;2;1;1;0;mq;mq;mq;mq;mq;98060;mq;mq;mq;mq;mq;mq;mq;mq;mq;mq;mq;2.600000;-10;mq;mq;0.000000;-60;0.000000;0.000000;0.000000;mq;mq;710.000000;1103.000000;3100.000000;mq;mq;mq;mq;mq;mq;mq;mq;mq;mq;mq;mq;mq;
07627;20110928000000;102370;-90;6;150;3.100000;290.750000;284.350000;66;mq;mq;mq;mq;mq;mq;mq;mq;mq;mq;97590;mq;mq;mq;mq;mq;mq;mq;mq;mq;mq;mq;5.700000;-10;mq;mq;mq;mq;0.000000;0.000000;0.000000;mq;mq;710.000000;1106.000000;mq;mq;mq;mq;mq;mq;mq;mq;mq;mq;mq;mq;mq;mq;
07630;20110928000000;102350;-40;7;140;4.600000;294.450000;286.350000;60;30000;0;mq;mq;mq;mq;mq;mq;mq;mq;100600;mq;mq;mq;mq;mq;mq;mq;mq;mq;mq;mq;8.200000;-10;mq;mq;mq;mq;0.000000;0.000000;0.000000;mq;mq;710.000000;1108.000000;mq;mq;mq;mq;mq;mq;mq;mq;mq;mq;mq;mq;mq;mq;
07643;20110928000000;102500;-30;7;340;1.500000;291.050000;287.150000;78;16000;0;mq;mq;mq;mq;mq;mq;mq;mq;102400;mq;mq;mq;mq;mq;mq;mq;mq;mq;mq;mq;2.600000;-10;mq;mq;mq;mq;0.000000;0.000000;0.000000;mq;mq;710.000000;1103.000000;mq;mq;mq;mq;mq;mq;mq;mq;mq;mq;mq;mq;mq;mq;
07650;20110928000000;102460;-40;8;150;2.100000;289.550000;285.750000;78;12000;0;mq;mq;mq;mq;mq;mq;mq;mq;102080;mq;mq;mq;mq;mq;mq;mq;mq;mq;mq;mq;3.100000;-10;mq;mq;mq;mq;0.000000;0.000000;0.000000;mq;mq;710.000000;1103.000000;mq;mq;mq;mq;mq;mq;mq;mq;mq;mq;mq;mq;mq;mq;
07661;20110928000000;102390;-70;8;80;1.000000;295.350000;285.850000;55;mq;mq;mq;mq;mq;mq;mq;mq;mq;mq;100830;mq;mq;mq;mq;mq;mq;mq;mq;mq;mq;mq;2.600000;-10;mq;mq;mq;mq;0.000000;0.000000;0.000000;mq;mq;710.000000;1103.000000;mq;mq;mq;mq;mq;mq;mq;mq;mq;mq;mq;mq;mq;mq;
07690;20110928000000;102450;-30;7;340;4.100000;294.650000;283.150000;48;30000;2;1;1;25;0;mq;30;20;12;102120;mq;mq;mq;mq;mq;mq;mq;mq;mq;mq;mq;5.700000;-10;mq;mq;0.000000;-60;0.000000;0.000000;0.000000;mq;mq;710.000000;1106.000000;3100.000000;mq;2;0;7800;mq;mq;mq;mq;mq;mq;mq;mq;mq;
07747;20110928000000;102510;30;0;350;2.100000;292.050000;288.750000;81;28000;0;mq;mq;mq;mq;mq;mq;mq;mq;101990;mq;mq;mq;mq;mq;mq;mq;mq;mq;mq;mq;3.100000;-10;mq;mq;mq;mq;0.000000;0.000000;0.000000;mq;mq;710.000000;1103.000000;mq;mq;mq;mq;mq;mq;mq;mq;mq;mq;mq;mq;mq;mq;
07761;20110928000000;102360;-20;8;50;3.100000;290.050000;286.350000;79;20000;2;1;1;25;0;8000;30;20;11;102250;mq;mq;mq;mq;mq;mq;mq;mq;mq;mq;mq;4.600000;-10;mq;mq;0.000000;-60;0.000000;0.000000;0.000000;mq;mq;710.000000;1105.000000;3100.000000;mq;2;0;7800;mq;mq;mq;mq;mq;mq;mq;mq;mq;
07790;20110928000000;102370;-20;8;210;2.600000;290.650000;283.950000;65;35000;0;mq;mq;mq;mq;mq;mq;mq;mq;102230;mq;mq;mq;mq;mq;mq;mq;mq;mq;mq;mq;3.100000;-10;mq;mq;mq;mq;0.000000;0.000000;0.000000;mq;mq;710.000000;1103.000000;mq;mq;mq;mq;mq;mq;mq;mq;mq;mq;mq;mq;mq;mq;
61968;20110928000000;101410;mq;mq;90;6.200000;298.050000;293.950000;78;mq;mq;mq;mq;mq;mq;mq;mq;mq;mq;mq;mq;mq;mq;mq;mq;mq;mq;mq;mq;mq;mq;12.900000;-10;mq;mq;mq;mq;0.000000;mq;1.000000;mq;mq;710.000000;1113.000000;mq;mq;mq;mq;mq;mq;mq;mq;mq;mq;mq;mq;mq;mq;
61970;20110928000000;101600;mq;mq;mq;mq;296.250000;295.550000;96;mq;mq;mq;mq;mq;mq;mq;mq;mq;mq;mq;mq;mq;mq;mq;mq;mq;mq;mq;mq;mq;mq;mq;mq;mq;mq;mq;mq;0.000000;mq;0.000000;mq;mq;mq;mq;mq;mq;mq;mq;mq;mq;mq;mq;mq;mq;mq;mq;mq;mq;
61972;20110928000000;101700;mq;mq;170;1.500000;294.050000;293.750000;98;mq;mq;mq;mq;mq;mq;mq;mq;mq;mq;mq;mq;mq;mq;mq;mq;mq;mq;mq;mq;mq;mq;2.600000;-10;mq;mq;mq;mq;0.200000;mq;0.200000;mq;mq;710.000000;1103.000000;mq;mq;mq;mq;mq;mq;mq;mq;mq;mq;mq;mq;mq;mq;
61980;20110928000000;102070;mq;mq;140;5.100000;293.050000;289.250000;79;10000;2;1;1;60;5;800;38;20;10;mq;mq;mq;mq;mq;mq;mq;mq;mq;mq;mq;mq;9.300000;-10;mq;mq;mq;mq;0.000000;mq;0.200000;mq;mq;710.000000;1109.000000;mq;mq;3;8;690;4;6;1500;mq;mq;mq;mq;mq;mq;
67005;20110928000000;101440;mq;mq;0;1.000000;298.150000;295.850000;87;mq;0;mq;mq;mq;mq;mq;mq;mq;mq;mq;mq;mq;mq;mq;mq;mq;mq;mq;mq;mq;mq;1.500000;-10;mq;mq;mq;mq;0.000000;mq;0.000000;mq;mq;710.000000;1102.000000;mq;mq;mq;mq;mq;mq;mq;mq;mq;mq;mq;mq;mq;mq;
71805;20110928000000;101620;310;3;30;9.300000;282.650000;278.250000;74;60000;0;mq;mq;mq;mq;mq;mq;mq;mq;101530;mq;mq;mq;mq;mq;mq;mq;mq;mq;mq;mq;13.900000;-10;mq;mq;mq;mq;0.000000;0.000000;0.200000;mq;mq;710.000000;1114.000000;mq;mq;mq;mq;mq;mq;mq;mq;mq;mq;mq;mq;mq;mq;
78897;20110928000000;101110;50;3;250;1.500000;299.250000;298.050000;93;20000;3;9;8;90;4;800;38;20;13;mq;mq;mq;mq;297.550000;mq;305.750000;mq;mq;mq;mq;mq;mq;mq;mq;mq;mq;mq;mq;mq;2.000000;mq;2.200000;mq;mq;mq;mq;3;8;600;7;0;7800;mq;mq;mq;mq;mq;mq;
78922;20110928000000;101190;30;0;220;4.100000;299.250000;297.250000;89;mq;mq;mq;mq;mq;mq;mq;mq;mq;mq;100750;mq;mq;mq;mq;mq;mq;mq;mq;mq;mq;mq;mq;mq;mq;mq;mq;mq;mq;mq;mq;mq;mq;mq;mq;mq;mq;mq;mq;mq;mq;mq;mq;mq;mq;mq;mq;mq;mq;
78925;20110928000000;101260;100;0;260;6.200000;299.550000;298.550000;94;18000;17;9;8;90;4;800;39;23;12;mq;mq;mq;mq;297.750000;mq;305.250000;mq;mq;mq;mq;mq;mq;mq;mq;mq;mq;mq;mq;mq;2.000000;mq;2.400000;mq;mq;mq;mq;2;9;660;3;8;780;5;0;7800;mq;mq;mq;
81401;20110928000000;101260;mq;mq;60;1.000000;299.650000;297.350000;87;mq;mq;mq;mq;mq;mq;mq;mq;mq;mq;101200;mq;mq;mq;mq;mq;308.150000;mq;mq;mq;mq;mq;mq;mq;mq;mq;mq;mq;mq;0.000000;0.000000;mq;mq;mq;mq;mq;mq;mq;mq;mq;mq;mq;mq;mq;mq;mq;mq;mq;mq;
81405;20110928000000;101300;mq;mq;110;1.500000;299.750000;297.250000;86;40000;0;mq;mq;mq;mq;mq;mq;mq;mq;101210;mq;mq;mq;mq;mq;305.850000;mq;mq;mq;mq;mq;mq;mq;mq;mq;mq;mq;mq;0.000000;0.000000;mq;mq;mq;mq;mq;mq;mq;mq;mq;mq;mq;mq;mq;mq;mq;mq;mq;mq;
81408;20110928000000;101300;mq;mq;110;1.500000;299.050000;295.950000;83;mq;mq;mq;mq;mq;mq;mq;mq;mq;mq;101220;mq;mq;mq;mq;mq;307.750000;mq;mq;mq;mq;mq;mq;mq;mq;mq;mq;mq;mq;0.000000;0.000000;mq;mq;mq;mq;mq;mq;mq;mq;mq;mq;mq;mq;mq;mq;mq;mq;mq;mq;
89642;20110928000000;99350;-50;8;240;0.500000;249.950000;240.550000;38;40000;2;1;1;10;0;8000;30;20;11;98770;mq;mq;mq;246.350000;mq;250.350000;mq;mq;mq;mq;mq;mq;mq;mq;mq;mq;mq;mq;mq;mq;mq;mq;mq;mq;mq;mq;1;0;6900;mq;mq;mq;mq;mq;mq;mq;mq;mq;
07005;20110928030000;102850;-90;8;110;2.100000;287.750000;286.450000;92;mq;mq;mq;mq;mq;mq;mq;mq;mq;mq;101960;mq;mq;mq;mq;mq;mq;mq;mq;mq;mq;mq;3.600000;-10;mq;mq;mq;mq;0.000000;0.200000;mq;mq;mq;710.000000;1104.000000;mq;mq;mq;mq;mq;mq;mq;mq;mq;mq;mq;mq;mq;mq;
07015;20110928030000;102920;-70;6;70;2.100000;286.450000;285.550000;94;2500;10;mq;mq;0;mq;mq;mq;mq;mq;102350;mq;mq;mq;mq;mq;mq;mq;mq;mq;mq;mq;2.600000;-10;mq;mq;0.000000;-30;0.000000;0.000000;mq;mq;mq;710.000000;1103.000000;3100.000000;mq;mq;mq;mq;mq;mq;mq;mq;mq;mq;mq;mq;mq;
07020;20110928030000;102640;-90;6;100;4.100000;291.350000;288.050000;81;20000;2;1;1;0;mq;mq;mq;mq;mq;102380;mq;mq;mq;mq;mq;mq;mq;mq;mq;mq;mq;8.700000;-10;mq;mq;mq;mq;0.000000;0.000000;mq;mq;mq;710.000000;1109.000000;mq;mq;mq;mq;mq;mq;mq;mq;mq;mq;mq;mq;mq;mq;
07027;20110928030000;102700;-120;7;120;1.500000;287.850000;287.350000;97;19000;0;mq;mq;mq;mq;mq;mq;mq;mq;101890;mq;mq;mq;mq;mq;mq;mq;mq;mq;mq;mq;2.600000;-10;mq;mq;mq;mq;0.000000;0.000000;mq;mq;mq;710.000000;1103.000000;mq;mq;mq;mq;mq;mq;mq;mq;mq;mq;mq;mq;mq;mq;
07037;20110928030000;102800;-100;8;60;2.600000;287.650000;286.550000;93;7000;0;mq;mq;mq;mq;mq;mq;mq;mq;100980;mq;mq;mq;mq;mq;mq;mq;mq;mq;mq;mq;4.600000;-10;mq;mq;mq;mq;0.000000;0.000000;mq;mq;mq;710.000000;1105.000000;mq;mq;mq;mq;mq;mq;mq;mq;mq;mq;mq;mq;mq;mq;
07110;20110928030000;102360;-130;7;140;5.700000;292.750000;287.550000;72;30000;2;1;1;25;0;8000;30;20;11;101240;mq;mq;mq;mq;mq;mq;mq;mq;mq;mq;mq;9.300000;-10;mq;mq;0.000000;-30;0.000000;0.000000;mq;mq;mq;710.000000;1109.000000;3100.000000;mq;2;0;6900;mq;mq;mq;mq;mq;mq;mq;mq;mq;
07117;20110928030000;102420;-120;8;150;4.100000;293.250000;287.350000;69;8000;2;1;1;10;1;2250;30;22;10;101740;mq;mq;mq;mq;mq;mq;mq;mq;mq;mq;mq;8.700000;-10;mq;mq;mq;mq;0.000000;0.000000;mq;mq;mq;710.000000;1109.000000;2426.000000;mq;mq;mq;mq;mq;mq;mq;mq;mq;mq;mq;mq;mq;
07130;20110928030000;102570;-90;7;80;1.000000;287.650000;287.050000;96;10000;0;mq;mq;mq;mq;mq;mq;mq;mq;102050;mq;mq;mq;mq;mq;mq;mq;mq;mq;mq;mq;1.500000;-10;mq;mq;mq;mq;0.000000;0.000000;mq;mq;mq;710.000000;1102.000000;mq;mq;mq;mq;mq;mq;mq;mq;mq;mq;mq;mq;mq;mq;
07139;20110928030000;102710;-100;8;30;1.500000;287.050000;285.450000;90;mq;mq;mq;mq;mq;mq;mq;mq;mq;mq;100980;mq;mq;mq;mq;mq;mq;mq;mq;mq;mq;mq;3.600000;-10;mq;mq;mq;mq;0.200000;0.200000;mq;mq;mq;710.000000;1104.000000;mq;mq;mq;mq;mq;mq;mq;mq;mq;mq;mq;mq;mq;mq;
07149;20110928030000;102780;-80;8;10;1.000000;287.750000;286.950000;95;17000;11;0;0;0;mq;mq;mq;mq;mq;101700;mq;mq;mq;mq;mq;mq;mq;mq;mq;mq;mq;1.500000;-10;mq;mq;0.000000;-30;0.000000;0.000000;mq;mq;mq;710.000000;1102.000000;3100.000000;mq;mq;mq;mq;mq;mq;mq;mq;mq;mq;mq;mq;mq;
07168;20110928030000;102790;-70;7;300;2.600000;285.150000;283.850000;92;8000;0;mq;mq;mq;mq;mq;mq;mq;mq;101360;mq;mq;mq;mq;mq;mq;mq;mq;mq;mq;mq;3.600000;-10;mq;mq;mq;mq;0.000000;0.000000;mq;mq;mq;710.000000;1104.000000;mq;mq;mq;mq;mq;mq;mq;mq;mq;mq;mq;mq;mq;mq;
07181;20110928030000;102910;-50;6;0;0.000000;284.250000;283.750000;97;4400;10;mq;mq;mq;mq;mq;mq;mq;mq;98790;mq;mq;mq;mq;mq;mq;mq;mq;mq;mq;mq;1.500000;-10;mq;mq;mq;mq;0.000000;0.000000;mq;mq;mq;710.000000;1102.000000;mq;mq;mq;mq;mq;mq;mq;mq;mq;mq;mq;mq;mq;mq;
07190;20110928030000;102870;-40;7;320;1.500000;285.750000;284.650000;93;4300;10;mq;mq;mq;mq;mq;mq;mq;mq;101040;mq;mq;mq;mq;mq;mq;mq;mq;mq;mq;mq;2.600000;-10;mq;mq;mq;mq;0.000000;0.000000;mq;mq;mq;710.000000;1103.000000;mq;mq;mq;mq;mq;mq;mq;mq;mq;mq;mq;mq;mq;mq;
07207;20110928030000;mq;mq;mq;100;7.700000;293.150000;287.750000;71;12000;2;1;1;0;mq;mq;mq;mq;mq;mq;mq;mq;mq;mq;mq;mq;mq;mq;mq;mq;mq;11.300000;-10;mq;mq;mq;mq;0.000000;0.000000;mq;mq;mq;710.000000;1111.000000;2417.000000;mq;mq;mq;mq;mq;mq;mq;mq;mq;mq;mq;mq;mq;
07222;20110928030000;102460;-70;7;0;0.000000;289.250000;286.950000;86;25000;2;1;1;40;0;8000;30;20;11;102150;mq;mq;mq;mq;mq;mq;mq;mq;mq;mq;mq;3.600000;-10;mq;mq;mq;mq;0.000000;0.000000;mq;mq;mq;710.000000;1104.000000;mq;mq;3;0;6900;mq;mq;mq;mq;mq;mq;mq;mq;mq;
07240;20110928030000;102610;-80;8;60;3.600000;289.250000;286.950000;86;20000;2;mq;mq;0;mq;mq;mq;mq;mq;101270;mq;mq;mq;mq;mq;mq;mq;mq;mq;mq;mq;5.100000;-10;mq;mq;0.000000;-30;0.000000;0.000000;mq;mq;mq;710.000000;1105.000000;3100.000000;mq;mq;mq;mq;mq;mq;mq;mq;mq;mq;mq;mq;mq;
07255;20110928030000;102630;-90;7;90;2.600000;288.150000;286.350000;89;20000;0;mq;mq;mq;mq;mq;mq;mq;mq;100650;mq;mq;mq;mq;mq;mq;mq;mq;mq;mq;mq;3.100000;-10;mq;mq;mq;mq;0.000000;0.000000;mq;mq;mq;710.000000;1103.000000;mq;mq;mq;mq;mq;mq;mq;mq;mq;mq;mq;mq;mq;mq;
07280;20110928030000;102660;-80;8;10;4.600000;288.750000;285.850000;83;27000;0;mq;mq;mq;mq;mq;mq;mq;mq;99960;mq;mq;mq;mq;mq;mq;mq;mq;mq;mq;mq;5.700000;-10;mq;mq;mq;mq;0.000000;0.000000;mq;mq;mq;710.000000;1106.000000;mq;mq;mq;mq;mq;mq;mq;mq;mq;mq;mq;mq;mq;mq;
07299;20110928030000;102860;-60;7;210;1.000000;283.150000;282.850000;98;5000;40;0;0;25;2;150;36;20;10;99550;mq;mq;mq;mq;mq;mq;mq;mq;mq;mq;mq;1.500000;-10;mq;mq;0.000000;-30;0.200000;0.200000;mq;mq;mq;710.000000;1102.000000;3100.000000;mq;2;7;180;mq;mq;mq;mq;mq;mq;mq;mq;mq;
07314;20110928030000;102330;-120;8;90;4.100000;292.550000;289.550000;83;mq;mq;mq;mq;mq;mq;mq;mq;mq;mq;102060;mq;mq;mq;mq;mq;mq;mq;mq;mq;mq;mq;8.200000;-10;mq;mq;mq;mq;0.000000;0.000000;mq;mq;mq;710.000000;1108.000000;mq;mq;mq;mq;mq;mq;mq;mq;mq;mq;mq;mq;mq;mq;
07335;20110928030000;102500;-100;8;60;2.600000;289.150000;286.650000;85;45000;0;mq;mq;mq;mq;mq;mq;mq;mq;101070;mq;mq;mq;mq;mq;mq;mq;mq;mq;mq;mq;4.100000;-10;mq;mq;mq;mq;0.000000;0.000000;mq;mq;mq;710.000000;1104.000000;mq;mq;mq;mq;mq;mq;mq;mq;mq;mq;mq;mq;mq;mq;
07434;20110928030000;102470;-80;7;50;3.100000;289.850000;285.950000;78;35000;0;mq;mq;mq;mq;mq;mq;mq;mq;97770;mq;mq;mq;mq;mq;mq;mq;mq;mq;mq;mq;4.100000;-10;mq;mq;mq;mq;0.000000;0.000000;mq;mq;mq;710.000000;1104.000000;mq;mq;mq;mq;mq;mq;mq;mq;mq;mq;mq;mq;mq;mq;
07460;20110928030000;102670;-70;6;350;1.000000;285.350000;284.050000;92;20000;2;mq;mq;0;mq;mq;mq;mq;mq;98780;mq;mq;mq;mq;mq;mq;mq;mq;mq;mq;mq;2.100000;-10;mq;mq;0.000000;-30;0.000000;0.000000;mq;mq;mq;710.000000;1102.000000;3100.000000;mq;mq;mq;mq;mq;mq;mq;mq;mq;mq;mq;mq;mq;
07471;20110928030000;mq;-70;7;250;1.000000;280.650000;280.250000;97;6000;0;mq;mq;mq;mq;mq;mq;mq;mq;93110;85000;18510;mq;mq;mq;mq;mq;mq;mq;mq;mq;2.100000;-10;mq;mq;mq;mq;0.000000;0.000000;mq;mq;mq;710.000000;1102.000000;mq;mq;mq;mq;mq;mq;mq;mq;mq;mq;mq;mq;mq;mq;
07481;20110928030000;102600;-50;8;190;1.500000;287.550000;285.450000;87;8000;2;1;1;10;0;8000;30;20;11;99740;mq;mq;mq;mq;mq;mq;mq;mq;mq;mq;mq;2.600000;-10;mq;mq;0.000000;-30;0.000000;0.000000;mq;mq;mq;710.000000;1103.000000;3100.000000;mq;1;0;7500;mq;mq;mq;mq;mq;mq;mq;mq;mq;
07510;20110928030000;102260;-60;8;70;1.000000;289.150000;287.550000;90;30000;2;1;1;10;0;mq;30;20;12;101610;mq;mq;mq;mq;mq;mq;mq;mq;mq;mq;mq;2.100000;-10;mq;mq;0.000000;-30;0.000000;0.000000;mq;mq;mq;710.000000;1102.000000;3100.000000;mq;1;0;7800;mq;mq;mq;mq;mq;mq;mq;mq;mq;
07535;20110928030000;102380;-60;6;120;2.600000;292.450000;283.950000;58;mq;mq;mq;mq;mq;mq;mq;mq;mq;mq;99330;mq;mq;mq;mq;mq;mq;mq;mq;mq;mq;mq;6.700000;-10;mq;mq;mq;mq;0.000000;0.000000;mq;mq;mq;710.000000;1107.000000;mq;mq;mq;mq;mq;mq;mq;mq;mq;mq;mq;mq;mq;mq;
07558;20110928030000;102550;-60;6;30;2.600000;288.550000;282.850000;69;mq;mq;mq;mq;mq;mq;mq;mq;mq;mq;94320;mq;mq;mq;mq;mq;mq;mq;mq;mq;mq;mq;3.600000;-10;mq;mq;mq;mq;0.000000;0.000000;mq;mq;mq;710.000000;1104.000000;mq;mq;mq;mq;mq;mq;mq;mq;mq;mq;mq;mq;mq;mq;
07577;20110928030000;102530;-20;6;40;2.100000;289.050000;285.950000;82;20000;0;mq;mq;mq;mq;mq;mq;mq;mq;101640;mq;mq;mq;mq;mq;mq;mq;mq;mq;mq;mq;3.100000;-10;mq;mq;mq;mq;0.000000;0.000000;mq;mq;mq;710.000000;1103.000000;mq;mq;mq;mq;mq;mq;mq;mq;mq;mq;mq;mq;mq;mq;
07591;20110928030000;mq;-50;8;30;6.200000;286.550000;277.650000;55;mq;0;mq;mq;mq;mq;mq;mq;mq;mq;92670;mq;mq;mq;mq;mq;mq;mq;mq;mq;mq;mq;9.800000;-10;mq;mq;mq;mq;0.000000;0.000000;mq;mq;mq;710.000000;1110.000000;mq;mq;mq;mq;mq;mq;mq;mq;mq;mq;mq;mq;mq;mq;
07607;20110928030000;102270;-30;7;80;1.500000;284.450000;283.150000;92;19000;0;mq;mq;mq;mq;mq;mq;mq;mq;101550;mq;mq;mq;mq;mq;mq;mq;mq;mq;mq;mq;2.100000;-10;mq;mq;mq;mq;0.000000;0.000000;mq;mq;mq;710.000000;1102.000000;mq;mq;mq;mq;mq;mq;mq;mq;mq;mq;mq;mq;mq;mq;
07621;20110928030000;102280;-40;6;180;2.600000;289.650000;284.750000;73;40000;2;mq;mq;0;mq;mq;mq;mq;mq;98020;mq;mq;mq;mq;mq;mq;mq;mq;mq;mq;mq;4.100000;-10;mq;mq;0.000000;-30;0.000000;0.000000;mq;mq;mq;710.000000;1104.000000;3100.000000;mq;mq;mq;mq;mq;mq;mq;mq;mq;mq;mq;mq;mq;
07627;20110928030000;102330;-80;7;160;2.600000;288.250000;283.850000;75;mq;mq;mq;mq;mq;mq;mq;mq;mq;mq;97510;mq;mq;mq;mq;mq;mq;mq;mq;mq;mq;mq;6.700000;-10;mq;mq;mq;mq;0.000000;0.000000;mq;mq;mq;710.000000;1107.000000;mq;mq;mq;mq;mq;mq;mq;mq;mq;mq;mq;mq;mq;mq;
07630;20110928030000;102310;-50;8;120;3.100000;292.250000;286.650000;70;25000;2;1;1;0;mq;mq;mq;mq;mq;100550;mq;mq;mq;mq;mq;mq;mq;mq;mq;mq;mq;5.100000;-10;mq;mq;0.000000;-30;0.000000;0.000000;mq;mq;mq;710.000000;1105.000000;3100.000000;mq;mq;mq;mq;mq;mq;mq;mq;mq;mq;mq;mq;mq;
07643;20110928030000;102460;-40;6;360;1.000000;289.050000;286.150000;83;15000;2;1;1;0;mq;mq;mq;mq;mq;102360;mq;mq;mq;mq;mq;mq;mq;mq;mq;mq;mq;2.100000;-10;mq;mq;mq;mq;0.000000;0.000000;mq;mq;mq;710.000000;1102.000000;mq;mq;mq;mq;mq;mq;mq;mq;mq;mq;mq;mq;mq;mq;
07650;20110928030000;102400;-60;6;60;1.500000;291.950000;286.150000;69;15000;2;1;1;40;0;8000;30;20;12;102020;mq;mq;mq;mq;mq;mq;mq;mq;mq;mq;mq;3.600000;-10;mq;mq;0.000000;-30;0.000000;0.000000;mq;mq;mq;710.000000;1104.000000;3100.000000;mq;3;0;7500;mq;mq;mq;mq;mq;mq;mq;mq;mq;
07661;20110928030000;102370;-30;5;120;4.100000;293.650000;285.650000;60;22000;2;1;1;40;0;8000;30;20;12;100800;mq;mq;mq;mq;mq;mq;mq;mq;mq;mq;mq;5.700000;-10;mq;mq;mq;mq;0.000000;0.000000;mq;mq;mq;710.000000;1106.000000;mq;mq;3;0;4800;mq;mq;mq;mq;mq;mq;mq;mq;mq;
07690;20110928030000;102450;0;4;330;4.600000;293.250000;282.750000;51;30000;2;1;1;25;0;mq;30;20;12;102120;mq;mq;mq;mq;mq;mq;mq;mq;mq;mq;mq;6.200000;-10;mq;mq;0.000000;-30;0.000000;0.000000;mq;mq;mq;710.000000;1106.000000;3100.000000;mq;2;0;7800;mq;mq;mq;mq;mq;mq;mq;mq;mq;
07747;20110928030000;102460;-60;6;260;1.500000;288.750000;287.150000;90;24000;0;mq;mq;mq;mq;mq;mq;mq;mq;101930;mq;mq;mq;mq;mq;mq;mq;mq;mq;mq;mq;2.600000;-10;mq;mq;mq;mq;0.000000;0.000000;mq;mq;mq;710.000000;1103.000000;mq;mq;mq;mq;mq;mq;mq;mq;mq;mq;mq;mq;mq;mq;
07761;20110928030000;102270;-90;6;40;3.600000;288.850000;284.850000;77;14000;2;1;1;0;mq;mq;mq;mq;mq;102160;mq;mq;mq;mq;mq;mq;mq;mq;mq;mq;mq;4.600000;-10;mq;mq;0.000000;-30;0.000000;0.000000;mq;mq;mq;710.000000;1105.000000;3100.000000;mq;mq;mq;mq;mq;mq;mq;mq;mq;mq;mq;mq;mq;
07790;20110928030000;102320;-50;6;220;2.600000;289.650000;283.950000;69;25000;2;1;1;0;mq;mq;mq;mq;mq;102180;mq;mq;mq;mq;mq;mq;mq;mq;mq;mq;mq;3.100000;-10;mq;mq;0.000000;-30;0.000000;0.000000;mq;mq;mq;710.000000;1103.000000;3100.000000;mq;mq;mq;mq;mq;mq;mq;mq;mq;mq;mq;mq;mq;
61970;20110928030000;101650;mq;mq;mq;mq;298.150000;295.450000;85;mq;mq;mq;mq;mq;mq;mq;mq;mq;mq;mq;mq;mq;mq;mq;mq;mq;mq;mq;mq;mq;mq;mq;mq;mq;mq;mq;mq;0.000000;0.000000;mq;mq;mq;mq;mq;mq;mq;mq;mq;mq;mq;mq;mq;mq;mq;mq;mq;mq;mq;
61972;20110928030000;101760;mq;mq;0;0.000000;294.550000;294.250000;98;mq;mq;mq;mq;mq;mq;mq;mq;mq;mq;mq;mq;mq;mq;mq;mq;mq;mq;mq;mq;mq;mq;3.600000;-10;mq;mq;mq;mq;0.000000;0.000000;mq;mq;mq;710.000000;1104.000000;mq;mq;mq;mq;mq;mq;mq;mq;mq;mq;mq;mq;mq;mq;
61976;20110928030000;101840;mq;mq;110;9.300000;297.050000;293.150000;79;mq;mq;mq;mq;mq;mq;mq;mq;mq;mq;101690;mq;mq;mq;mq;mq;mq;mq;mq;mq;mq;mq;mq;mq;mq;mq;mq;mq;mq;mq;mq;mq;mq;mq;mq;mq;mq;mq;mq;mq;mq;mq;mq;mq;mq;mq;mq;mq;mq;
61980;20110928030000;102120;mq;mq;140;5.100000;294.250000;289.050000;72;12000;2;1;1;40;2;800;38;23;10;mq;mq;mq;mq;mq;mq;mq;mq;mq;mq;mq;mq;7.200000;-10;mq;mq;mq;mq;0.000000;0.000000;mq;mq;mq;710.000000;1107.000000;2427.000000;mq;1;8;690;3;3;3900;mq;mq;mq;mq;mq;mq;
67005;20110928030000;101520;mq;mq;70;4.600000;299.350000;295.450000;79;mq;0;mq;mq;mq;mq;mq;mq;mq;mq;mq;mq;mq;mq;mq;mq;mq;mq;mq;mq;mq;mq;6.700000;-10;mq;mq;mq;mq;0.000000;0.000000;mq;mq;mq;710.000000;1107.000000;mq;mq;mq;mq;mq;mq;mq;mq;mq;mq;mq;mq;mq;mq;
71805;20110928030000;101810;190;1;30;7.200000;281.150000;277.350000;77;60000;0;mq;mq;mq;mq;mq;mq;mq;mq;101720;mq;mq;mq;mq;mq;mq;mq;mq;mq;mq;mq;10.800000;-10;mq;mq;mq;mq;0.000000;0.000000;mq;mq;mq;710.000000;1111.000000;mq;mq;mq;mq;mq;mq;mq;mq;mq;mq;mq;mq;mq;mq;
78897;20110928030000;101140;30;0;270;1.000000;298.750000;297.550000;93;25000;2;1;1;90;5;450;38;20;12;mq;mq;mq;mq;mq;mq;mq;mq;mq;mq;mq;mq;mq;mq;mq;mq;mq;mq;mq;mq;mq;mq;mq;mq;mq;mq;mq;3;8;540;3;6;1500;7;0;7800;mq;mq;mq;
78922;20110928030000;101210;10;0;220;3.600000;298.650000;295.950000;85;mq;mq;mq;mq;mq;mq;mq;mq;mq;mq;100760;mq;mq;mq;mq;mq;mq;mq;mq;mq;mq;mq;mq;mq;mq;mq;mq;mq;mq;mq;mq;mq;mq;mq;mq;mq;mq;mq;mq;mq;mq;mq;mq;mq;mq;mq;mq;mq;mq;
78925;20110928030000;101240;-20;8;0;0.000000;298.150000;297.150000;94;20000;1;9;2;75;1;800;32;23;12;mq;mq;mq;mq;mq;mq;mq;mq;mq;mq;mq;mq;mq;mq;mq;mq;mq;mq;mq;mq;mq;mq;mq;mq;mq;mq;mq;1;8;900;6;0;7800;mq;mq;mq;mq;mq;mq;
81401;20110928030000;101380;mq;mq;190;1.000000;298.650000;296.850000;90;mq;mq;mq;mq;mq;mq;mq;mq;mq;mq;101320;mq;mq;mq;mq;mq;mq;mq;mq;mq;mq;mq;mq;mq;mq;mq;mq;mq;mq;0.000000;mq;mq;mq;mq;mq;mq;mq;mq;mq;mq;mq;mq;mq;mq;mq;mq;mq;mq;mq;
81405;20110928030000;101410;mq;mq;0;0.000000;298.250000;296.450000;90;40000;0;mq;mq;mq;mq;mq;mq;mq;mq;101320;mq;mq;mq;mq;mq;mq;mq;mq;mq;mq;mq;mq;mq;mq;mq;mq;mq;mq;0.000000;mq;mq;mq;mq;mq;mq;mq;mq;mq;mq;mq;mq;mq;mq;mq;mq;mq;mq;mq;
81408;20110928030000;101380;mq;mq;0;0.000000;296.550000;295.550000;94;mq;mq;mq;mq;mq;mq;mq;mq;mq;mq;101300;mq;mq;mq;mq;mq;mq;mq;mq;mq;mq;mq;mq;mq;mq;mq;mq;mq;mq;0.000000;mq;mq;mq;mq;mq;mq;mq;mq;mq;mq;mq;mq;mq;mq;mq;mq;mq;mq;mq;
89642;20110928030000;99290;-50;6;300;1.500000;254.150000;243.350000;34;40000;2;1;1;40;0;8000;30;20;11;98720;mq;mq;mq;mq;mq;mq;mq;mq;mq;mq;mq;mq;mq;mq;mq;mq;mq;mq;mq;mq;mq;mq;mq;mq;mq;mq;3;0;6900;mq;mq;mq;mq;mq;mq;mq;mq;mq;
07005;20110928060000;102810;-50;5;70;2.100000;286.550000;285.650000;94;4000;10;0;0;0;mq;mq;mq;mq;mq;101910;mq;mq;mq;286.450000;mq;293.150000;mq;286.150000;mq;mq;mq;3.600000;-10;0;0.000000;mq;mq;0.000000;0.000000;mq;0.200000;0.200000;710.000000;1104.000000;mq;mq;mq;mq;mq;mq;mq;mq;mq;mq;mq;mq;mq;mq;
07015;20110928060000;102870;-50;5;70;1.500000;286.250000;285.650000;96;1500;40;mq;mq;0;mq;mq;mq;mq;mq;102300;mq;mq;mq;286.050000;mq;291.750000;mq;283.150000;mq;mq;mq;2.600000;-10;0;0.000000;0.000000;-60;0.000000;0.000000;mq;0.200000;0.200000;710.000000;1103.000000;3100.000000;mq;mq;mq;mq;mq;mq;mq;mq;mq;mq;mq;mq;mq;
07020;20110928060000;102580;-60;6;150;4.600000;292.350000;286.950000;71;20000;2;1;1;10;0;8000;30;20;11;102320;mq;mq;mq;289.450000;mq;293.850000;mq;mq;mq;mq;mq;6.700000;-10;mq;mq;mq;mq;0.000000;0.000000;mq;0.000000;0.200000;710.000000;1107.000000;mq;mq;1;0;4800;mq;mq;mq;mq;mq;mq;mq;mq;mq;
07027;20110928060000;102640;-60;6;110;2.600000;285.350000;285.050000;98;10000;2;1;1;10;0;8000;30;20;11;101830;mq;mq;mq;284.550000;mq;295.050000;mq;282.150000;mq;mq;mq;3.600000;-10;0;0.000000;0.000000;-60;0.000000;0.000000;mq;0.000000;0.000000;710.000000;1104.000000;3100.000000;mq;1;0;7800;mq;mq;mq;mq;mq;mq;mq;mq;mq;
07037;20110928060000;102750;-60;6;60;2.100000;286.450000;285.950000;97;4500;10;0;0;0;mq;mq;mq;mq;mq;100920;mq;mq;mq;286.350000;mq;291.550000;mq;281.150000;mq;mq;mq;3.100000;-10;0;0.000000;0.000000;-60;0.000000;0.000000;mq;0.000000;0.000000;710.000000;1103.000000;3100.000000;mq;mq;mq;mq;mq;mq;mq;mq;mq;mq;mq;mq;mq;
07110;20110928060000;102250;-110;6;140;5.700000;291.850000;287.350000;75;30000;2;1;1;10;0;8000;30;20;11;101130;mq;mq;mq;291.250000;mq;294.650000;mq;288.150000;mq;mq;mq;9.300000;-10;0;0.000000;0.000000;-60;0.000000;0.000000;mq;0.000000;0.200000;710.000000;1109.000000;3100.000000;mq;1;0;6900;mq;mq;mq;mq;mq;mq;mq;mq;mq;
07117;20110928060000;102350;-80;6;150;3.600000;291.650000;287.350000;76;8000;2;1;1;25;2;2250;30;22;10;101660;mq;mq;mq;291.150000;mq;297.250000;mq;mq;mq;mq;mq;7.700000;-10;mq;mq;mq;mq;0.000000;0.000000;mq;0.000000;mq;710.000000;1108.000000;2426.000000;mq;mq;mq;mq;mq;mq;mq;mq;mq;mq;mq;mq;mq;
07130;20110928060000;102460;-110;6;80;1.500000;287.050000;286.050000;94;10000;0;mq;mq;mq;mq;mq;mq;mq;mq;101940;mq;mq;mq;287.050000;mq;295.950000;mq;282.150000;mq;mq;mq;2.100000;-10;0;0.000000;mq;mq;0.000000;0.000000;mq;0.000000;0.000000;710.000000;1102.000000;mq;mq;mq;mq;mq;mq;mq;mq;mq;mq;mq;mq;mq;mq;
07139;20110928060000;102630;-90;6;40;2.600000;286.350000;285.050000;92;15000;2;1;1;10;0;8000;30;20;12;100890;mq;mq;mq;286.350000;mq;294.650000;mq;284.150000;mq;mq;mq;3.600000;-10;1;0.000000;0.000000;-60;0.000000;0.000000;mq;0.200000;0.200000;710.000000;1104.000000;3100.000000;mq;1;0;6900;mq;mq;mq;mq;mq;mq;mq;mq;mq;
07149;20110928060000;102720;-70;6;350;1.500000;286.550000;285.950000;96;20000;11;0;0;0;mq;mq;mq;mq;mq;101630;mq;mq;mq;285.850000;mq;294.550000;mq;281.150000;mq;mq;mq;3.600000;-10;0;0.000000;0.000000;-60;0.000000;0.000000;mq;0.000000;0.000000;710.000000;1104.000000;3100.000000;mq;mq;mq;mq;mq;mq;mq;mq;mq;mq;mq;mq;mq;
07168;20110928060000;102780;-20;5;330;1.000000;283.950000;283.350000;96;600;42;4;0;0;mq;mq;mq;mq;mq;101340;mq;mq;mq;283.450000;mq;292.750000;mq;280.150000;mq;mq;mq;1.500000;-10;0;0.000000;0.000000;-60;0.000000;0.000000;mq;0.000000;0.000000;710.000000;1102.000000;3100.000000;mq;mq;mq;mq;mq;mq;mq;mq;mq;mq;mq;mq;mq;
07181;20110928060000;102850;-60;7;10;0.500000;284.150000;283.950000;99;600;41;4;4;0;mq;mq;mq;mq;mq;98730;mq;mq;mq;283.850000;mq;292.750000;mq;279.150000;mq;mq;mq;2.600000;-10;1;0.000000;0.000000;-60;0.000000;0.000000;mq;0.000000;0.000000;710.000000;1103.000000;3100.000000;mq;mq;mq;mq;mq;mq;mq;mq;mq;mq;mq;mq;mq;
07190;20110928060000;102880;10;3;330;2.100000;285.650000;284.850000;95;3400;10;mq;mq;mq;mq;mq;mq;mq;mq;101050;mq;mq;mq;285.050000;mq;293.350000;mq;282.150000;mq;mq;mq;4.100000;-10;1;0.000000;mq;mq;0.000000;0.000000;mq;0.000000;0.000000;710.000000;1104.000000;mq;mq;mq;mq;mq;mq;mq;mq;mq;mq;mq;mq;mq;mq;
07207;20110928060000;mq;mq;mq;100;6.700000;292.150000;287.850000;76;15000;2;1;1;40;3;3500;30;23;10;mq;mq;mq;mq;292.050000;mq;296.750000;mq;mq;mq;mq;mq;10.300000;-10;mq;mq;mq;mq;0.000000;0.000000;mq;0.000000;mq;710.000000;1110.000000;2427.000000;mq;mq;mq;mq;mq;mq;mq;mq;mq;mq;mq;mq;mq;
07222;20110928060000;102330;-130;6;70;3.100000;289.250000;287.250000;88;20000;2;1;1;40;0;8000;30;20;11;102020;mq;mq;mq;289.050000;mq;297.050000;mq;287.150000;mq;mq;mq;4.600000;-10;0;0.000000;mq;mq;0.000000;0.000000;mq;0.000000;0.000000;710.000000;1105.000000;mq;mq;3;0;7200;mq;mq;mq;mq;mq;mq;mq;mq;mq;
07240;20110928060000;102540;-70;6;60;4.100000;288.350000;286.750000;90;20000;3;mq;mq;40;3;3500;30;23;10;101200;mq;mq;mq;288.250000;mq;295.150000;mq;287.150000;mq;mq;mq;6.200000;-10;0;0.000000;0.000000;-60;0.000000;0.000000;mq;0.000000;0.000000;710.000000;1106.000000;3100.000000;mq;3;3;4500;mq;mq;mq;mq;mq;mq;mq;mq;mq;
07255;20110928060000;102580;-60;6;100;2.100000;286.750000;285.950000;95;18000;11;0;0;10;0;8000;30;20;11;100590;mq;mq;mq;286.750000;mq;296.150000;mq;286.150000;mq;mq;mq;2.600000;-10;0;0.000000;0.000000;-60;0.000000;0.000000;mq;0.000000;0.000000;710.000000;1103.000000;3100.000000;mq;1;0;7200;mq;mq;mq;mq;mq;mq;mq;mq;mq;
07280;20110928060000;102660;-10;5;10;4.100000;287.850000;284.950000;83;20000;0;mq;mq;mq;mq;mq;mq;mq;mq;99950;mq;mq;mq;287.650000;mq;295.750000;mq;283.150000;mq;mq;mq;5.700000;-10;0;0.000000;mq;mq;0.000000;0.000000;mq;0.000000;0.000000;710.000000;1106.000000;mq;mq;mq;mq;mq;mq;mq;mq;mq;mq;mq;mq;mq;mq;
07299;20110928060000;102890;10;3;230;1.000000;281.250000;280.950000;98;1500;40;0;0;25;2;150;36;20;10;99560;mq;mq;mq;280.950000;mq;291.550000;mq;279.150000;mq;mq;mq;1.500000;-10;0;0.000000;0.000000;-60;0.000000;0.000000;mq;0.200000;0.200000;710.000000;1102.000000;3100.000000;mq;2;7;180;mq;mq;mq;mq;mq;mq;mq;mq;mq;
07314;20110928060000;102280;-50;6;90;4.600000;291.550000;289.150000;86;mq;mq;mq;mq;mq;mq;mq;mq;mq;mq;102010;mq;mq;mq;291.550000;mq;296.050000;mq;mq;mq;mq;mq;8.200000;-10;mq;mq;mq;mq;0.000000;0.000000;mq;0.000000;0.000000;710.000000;1108.000000;mq;mq;mq;mq;mq;mq;mq;mq;mq;mq;mq;mq;mq;mq;
07335;20110928060000;102460;-50;6;60;2.100000;288.350000;286.550000;89;30000;2;1;1;40;0;mq;30;20;11;101020;mq;mq;mq;288.350000;mq;295.850000;mq;287.150000;mq;mq;mq;3.100000;-10;0;0.000000;mq;mq;0.000000;0.000000;mq;0.000000;0.000000;710.000000;1103.000000;mq;mq;3;0;7500;mq;mq;mq;mq;mq;mq;mq;mq;mq;
07434;20110928060000;102430;-40;5;60;2.100000;289.850000;284.150000;69;60000;2;1;1;25;0;8000;30;20;11;97730;mq;mq;mq;289.550000;mq;294.550000;mq;288.150000;mq;mq;mq;3.600000;-10;0;0.000000;0.000000;-60;0.000000;0.000000;mq;0.000000;0.000000;710.000000;1104.000000;3100.000000;mq;2;0;7800;mq;mq;mq;mq;mq;mq;mq;mq;mq;
07460;20110928060000;102630;-40;6;160;1.500000;285.550000;283.750000;89;15000;28;mq;mq;0;mq;mq;mq;mq;mq;98740;mq;mq;mq;283.650000;mq;293.750000;mq;280.150000;mq;mq;mq;4.100000;-10;1;0.000000;0.000000;-60;0.000000;0.000000;mq;0.000000;0.000000;710.000000;1104.000000;3100.000000;mq;mq;mq;mq;mq;mq;mq;mq;mq;mq;mq;mq;mq;
07471;20110928060000;mq;-20;6;230;1.500000;279.650000;279.550000;99;5000;11;0;0;10;0;8000;30;20;11;93090;85000;18490;mq;279.550000;mq;289.750000;mq;276.150000;mq;mq;mq;2.100000;-10;1;0.000000;0.000000;-60;0.000000;0.000000;mq;0.000000;0.000000;710.000000;1102.000000;3100.000000;mq;1;0;7800;mq;mq;mq;mq;mq;mq;mq;mq;mq;
07481;20110928060000;102620;20;3;170;1.000000;287.250000;285.250000;88;7000;11;0;0;0;mq;mq;mq;mq;mq;99760;mq;mq;mq;286.950000;mq;295.550000;mq;283.150000;mq;mq;mq;1.500000;-10;0;0.000000;0.000000;-60;0.000000;0.000000;mq;0.000000;0.000000;710.000000;1102.000000;3100.000000;mq;mq;mq;mq;mq;mq;mq;mq;mq;mq;mq;mq;mq;
07510;20110928060000;102220;-40;6;90;2.100000;288.850000;286.650000;87;30000;2;1;1;10;1;3500;30;23;11;101570;mq;mq;mq;288.450000;mq;298.950000;mq;284.150000;mq;mq;mq;3.600000;-10;0;0.000000;0.000000;-60;0.000000;0.000000;mq;0.000000;0.000000;710.000000;1104.000000;3100.000000;mq;1;3;4800;mq;mq;mq;mq;mq;mq;mq;mq;mq;
07535;20110928060000;102350;-40;5;100;1.500000;290.950000;284.050000;64;17000;2;1;1;10;0;8000;30;20;11;99290;mq;mq;mq;290.750000;mq;297.750000;mq;287.150000;mq;mq;mq;2.600000;-10;0;0.000000;0.000000;-60;0.000000;0.000000;mq;0.000000;0.000000;710.000000;1103.000000;3100.000000;mq;1;0;7500;mq;mq;mq;mq;mq;mq;mq;mq;mq;
07558;20110928060000;102560;-40;6;30;3.100000;286.650000;282.650000;77;40000;2;1;1;0;mq;mq;mq;mq;mq;94280;mq;mq;mq;286.350000;mq;295.650000;mq;285.150000;mq;mq;mq;4.600000;-10;0;0.000000;0.000000;-60;0.000000;0.000000;mq;0.000000;0.000000;710.000000;1105.000000;3100.000000;mq;mq;mq;mq;mq;mq;mq;mq;mq;mq;mq;mq;mq;
07577;20110928060000;102560;30;3;30;3.600000;288.850000;286.650000;87;30000;2;1;1;0;mq;mq;mq;mq;mq;101670;mq;mq;mq;288.850000;mq;296.750000;mq;287.150000;mq;mq;mq;5.100000;-10;0;0.000000;0.000000;-60;0.000000;0.000000;mq;0.000000;0.000000;710.000000;1105.000000;3100.000000;mq;mq;mq;mq;mq;mq;mq;mq;mq;mq;mq;mq;mq;
07591;20110928060000;mq;40;3;20;6.700000;286.250000;277.450000;55;mq;0;mq;mq;mq;mq;mq;mq;mq;mq;92710;mq;mq;mq;286.050000;mq;291.050000;mq;284.150000;mq;mq;mq;10.800000;-10;mq;mq;mq;mq;0.000000;0.000000;mq;0.000000;0.000000;710.000000;1111.000000;mq;mq;mq;mq;mq;mq;mq;mq;mq;mq;mq;mq;mq;mq;
07607;20110928060000;102250;-20;5;90;1.500000;284.050000;283.250000;95;17000;0;mq;mq;mq;mq;mq;mq;mq;mq;101530;mq;mq;mq;283.650000;mq;296.650000;mq;282.150000;mq;mq;mq;3.100000;-10;mq;mq;mq;mq;0.000000;0.000000;mq;0.000000;0.000000;710.000000;1103.000000;mq;mq;mq;mq;mq;mq;mq;mq;mq;mq;mq;mq;mq;mq;
07621;20110928060000;102260;-20;5;180;3.100000;289.350000;283.650000;69;40000;3;mq;mq;40;0;8000;30;20;11;98000;mq;mq;mq;288.050000;mq;293.750000;mq;283.150000;mq;mq;mq;5.100000;-10;0;0.000000;0.000000;-60;0.000000;0.000000;mq;0.000000;0.000000;710.000000;1105.000000;3100.000000;mq;3;0;7200;mq;mq;mq;mq;mq;mq;mq;mq;mq;
07627;20110928060000;102360;-20;6;300;0.500000;285.150000;283.550000;90;40000;2;1;1;0;mq;mq;mq;mq;mq;97490;mq;mq;mq;284.050000;mq;292.350000;mq;280.150000;mq;mq;mq;2.100000;-10;0;0.000000;0.000000;-60;0.000000;0.000000;mq;0.000000;0.000000;710.000000;1102.000000;3100.000000;mq;mq;mq;mq;mq;mq;mq;mq;mq;mq;mq;mq;mq;
07630;20110928060000;102310;-20;6;30;1.500000;289.750000;285.250000;75;15000;2;1;1;25;0;8000;30;20;11;100530;mq;mq;mq;289.750000;mq;300.650000;mq;286.150000;mq;mq;mq;2.100000;-10;0;0.000000;0.000000;-60;0.000000;0.000000;mq;0.000000;0.000000;710.000000;1102.000000;3100.000000;mq;2;0;7800;mq;mq;mq;mq;mq;mq;mq;mq;mq;
07643;20110928060000;102460;0;5;10;2.600000;288.250000;285.050000;81;25000;2;1;1;0;mq;mq;mq;mq;mq;102360;mq;mq;mq;288.250000;mq;294.650000;mq;288.150000;mq;mq;mq;4.100000;-10;0;0.000000;mq;mq;0.000000;0.000000;mq;0.000000;0.000000;710.000000;1104.000000;mq;mq;mq;mq;mq;mq;mq;mq;mq;mq;mq;mq;mq;mq;
07650;20110928060000;102400;0;5;140;3.100000;290.050000;285.550000;75;25000;2;1;1;10;0;8000;30;20;12;102020;mq;mq;mq;288.750000;mq;296.650000;mq;285.150000;mq;mq;mq;3.600000;-10;0;0.000000;0.000000;-60;0.000000;0.000000;mq;0.000000;0.000000;710.000000;1104.000000;3100.000000;mq;1;0;7500;mq;mq;mq;mq;mq;mq;mq;mq;mq;
07661;20110928060000;102410;30;3;120;5.700000;291.250000;286.550000;74;25000;2;1;1;25;0;8000;30;20;11;100830;mq;mq;mq;291.050000;mq;296.150000;mq;mq;mq;mq;mq;6.700000;-10;mq;mq;mq;mq;0.000000;0.000000;mq;0.000000;0.000000;710.000000;1107.000000;mq;mq;2;0;4800;mq;mq;mq;mq;mq;mq;mq;mq;mq;
07690;20110928060000;102470;20;3;340;4.100000;292.250000;282.150000;52;35000;2;1;1;0;mq;mq;mq;mq;mq;102140;mq;mq;mq;292.050000;mq;297.050000;mq;291.150000;mq;mq;mq;8.200000;-10;0;0.000000;0.000000;-60;0.000000;0.000000;mq;0.000000;0.000000;710.000000;1108.000000;3100.000000;mq;mq;mq;mq;mq;mq;mq;mq;mq;mq;mq;mq;mq;
07747;20110928060000;102450;-10;5;250;1.500000;286.450000;284.850000;90;20000;2;1;1;25;0;8000;30;20;11;101920;mq;mq;mq;286.350000;mq;297.250000;mq;284.150000;mq;mq;mq;1.500000;-10;0;0.000000;mq;mq;0.000000;0.000000;mq;0.000000;0.000000;710.000000;1102.000000;mq;mq;2;0;7800;mq;mq;mq;mq;mq;mq;mq;mq;mq;
07761;20110928060000;102280;10;3;50;3.100000;288.450000;284.450000;77;18000;2;1;1;40;1;3500;30;23;11;102170;mq;mq;mq;287.950000;mq;294.750000;mq;287.150000;mq;mq;mq;5.100000;-10;0;0.000000;0.000000;-60;0.000000;0.000000;mq;0.000000;0.000000;710.000000;1105.000000;3100.000000;mq;1;3;4500;3;0;7800;mq;mq;mq;mq;mq;mq;
07790;20110928060000;102380;60;3;220;2.600000;289.850000;284.950000;73;25000;2;1;1;50;1;800;35;20;11;102240;mq;mq;mq;288.850000;mq;293.250000;mq;287.150000;mq;mq;mq;3.600000;-10;0;0.000000;0.000000;-60;0.000000;0.000000;mq;0.000000;0.000000;710.000000;1104.000000;3100.000000;mq;1;6;690;4;0;6900;mq;mq;mq;mq;mq;mq;
61968;20110928060000;101630;mq;mq;100;7.700000;299.350000;294.150000;73;mq;mq;mq;mq;mq;mq;mq;mq;mq;mq;mq;mq;mq;mq;296.950000;mq;mq;mq;mq;mq;mq;mq;13.900000;-10;mq;mq;mq;mq;0.000000;mq;mq;mq;2.000000;710.000000;1114.000000;mq;mq;mq;mq;mq;mq;mq;mq;mq;mq;mq;mq;mq;mq;
61970;20110928060000;101840;mq;mq;mq;mq;301.150000;295.650000;72;mq;mq;mq;mq;mq;mq;mq;mq;mq;mq;mq;mq;mq;mq;295.750000;mq;mq;mq;mq;mq;mq;mq;mq;mq;mq;mq;mq;mq;0.000000;mq;mq;mq;0.000000;mq;mq;mq;mq;mq;mq;mq;mq;mq;mq;mq;mq;mq;mq;mq;mq;
61972;20110928060000;101960;mq;mq;160;3.600000;297.750000;294.250000;81;mq;mq;mq;mq;mq;mq;mq;mq;mq;mq;mq;mq;mq;mq;293.350000;mq;mq;mq;mq;mq;mq;mq;6.700000;-10;mq;mq;mq;mq;0.000000;mq;mq;mq;0.200000;710.000000;1107.000000;mq;mq;mq;mq;mq;mq;mq;mq;mq;mq;mq;mq;mq;mq;
61976;20110928060000;101930;mq;mq;120;8.200000;299.350000;293.450000;70;mq;mq;mq;mq;mq;mq;mq;mq;mq;mq;101780;mq;mq;10;mq;mq;mq;mq;mq;mq;mq;mq;mq;mq;mq;mq;mq;mq;mq;mq;mq;mq;mq;mq;mq;mq;mq;mq;mq;mq;mq;mq;mq;mq;mq;mq;mq;mq;mq;
61980;20110928060000;102190;mq;mq;90;8.700000;297.750000;290.250000;63;15000;2;1;1;60;4;800;38;23;10;mq;mq;mq;mq;292.450000;mq;mq;mq;291.150000;mq;mq;mq;11.300000;-10;mq;mq;mq;mq;0.000000;mq;mq;mq;0.400000;710.000000;1111.000000;2437.000000;mq;2;8;780;4;6;1500;mq;mq;mq;mq;mq;mq;
61996;20110928060000;102680;mq;mq;280;8.200000;287.250000;231.550000;mq;mq;mq;mq;mq;mq;mq;mq;mq;mq;mq;mq;mq;mq;mq;282.250000;mq;mq;mq;281.150000;mq;mq;mq;11.300000;-10;mq;mq;mq;mq;0.000000;mq;mq;mq;0.200000;710.000000;1111.000000;mq;mq;mq;mq;mq;mq;mq;mq;mq;mq;mq;mq;mq;mq;
61997;20110928060000;98590;mq;mq;290;11.800000;274.750000;270.050000;71;mq;mq;mq;mq;mq;mq;mq;mq;mq;mq;mq;mq;mq;mq;272.850000;mq;mq;mq;272.150000;mq;mq;mq;26.200000;-60;mq;mq;mq;mq;mq;mq;mq;mq;2.000000;1126.000000;mq;mq;mq;mq;mq;mq;mq;mq;mq;mq;mq;mq;mq;mq;mq;
61998;20110928060000;98570;mq;mq;320;12.300000;281.150000;278.750000;85;30000;2;1;1;90;3;800;35;22;18;mq;mq;mq;mq;279.550000;mq;mq;mq;279.150000;mq;mq;mq;17.000000;-10;mq;mq;mq;mq;0.000000;mq;mq;mq;3.000000;710.000000;1117.000000;mq;mq;3;6;600;3;4;2700;6;0;6900;mq;mq;mq;
67005;20110928060000;101710;mq;mq;80;4.600000;302.350000;295.050000;65;mq;0;mq;mq;mq;mq;mq;mq;mq;mq;mq;mq;mq;mq;297.950000;mq;mq;mq;297.150000;mq;mq;mq;7.700000;-10;mq;mq;mq;mq;0.000000;mq;mq;mq;0.000000;710.000000;1108.000000;mq;mq;mq;mq;mq;mq;mq;mq;mq;mq;mq;mq;mq;mq;
71805;20110928060000;101880;70;1;280;2.100000;278.950000;276.750000;86;60000;0;mq;mq;mq;mq;800;mq;mq;mq;101790;mq;mq;mq;mq;278.950000;mq;285.550000;274.150000;mq;mq;mq;3.600000;-10;mq;mq;mq;mq;0.000000;0.000000;mq;0.200000;2.400000;710.000000;1104.000000;mq;mq;mq;mq;mq;mq;mq;mq;mq;mq;mq;mq;mq;mq;
78897;20110928060000;100980;-160;8;260;2.600000;298.450000;297.450000;94;25000;2;1;1;90;5;450;38;20;12;mq;mq;mq;mq;mq;297.550000;mq;305.750000;275.150000;mq;mq;mq;mq;mq;mq;mq;mq;mq;mq;mq;0.000000;mq;2.200000;mq;mq;mq;mq;3;8;540;3;6;1500;7;0;7800;mq;mq;mq;
78922;20110928060000;101050;-150;7;200;2.100000;299.450000;296.350000;83;mq;mq;mq;mq;mq;mq;mq;mq;mq;mq;100610;mq;mq;mq;mq;mq;mq;mq;mq;mq;mq;mq;mq;mq;mq;mq;mq;mq;mq;mq;mq;mq;mq;mq;mq;mq;mq;mq;mq;mq;mq;mq;mq;mq;mq;mq;mq;mq;mq;
78925;20110928060000;101050;-190;8;40;1.000000;297.850000;297.350000;97;40000;0;mq;mq;90;mq;800;mq;mq;mq;mq;mq;mq;mq;mq;297.650000;mq;305.250000;mq;mq;mq;mq;mq;mq;mq;mq;mq;mq;mq;mq;0.000000;mq;2.400000;mq;mq;mq;mq;mq;mq;mq;mq;mq;mq;mq;mq;mq;mq;mq;mq;
81401;20110928060000;101190;mq;mq;0;0.000000;297.250000;296.250000;94;mq;mq;mq;mq;mq;mq;mq;mq;mq;mq;101130;mq;mq;mq;mq;mq;mq;mq;mq;mq;mq;mq;mq;mq;mq;mq;mq;mq;mq;0.000000;0.000000;mq;mq;mq;mq;mq;mq;mq;mq;mq;mq;mq;mq;mq;mq;mq;mq;mq;mq;
81405;20110928060000;101260;mq;mq;0;0.000000;296.350000;295.850000;97;23000;0;mq;mq;mq;mq;mq;mq;mq;mq;101170;mq;mq;mq;mq;mq;mq;mq;295.150000;mq;mq;mq;mq;mq;mq;mq;mq;mq;mq;0.000000;0.000000;mq;mq;mq;mq;mq;mq;mq;mq;mq;mq;mq;mq;mq;mq;mq;mq;mq;mq;
81408;20110928060000;101250;mq;mq;0;0.000000;295.650000;294.950000;96;mq;mq;mq;mq;mq;mq;mq;mq;mq;mq;101170;mq;mq;mq;mq;mq;mq;mq;mq;mq;mq;mq;mq;mq;mq;mq;mq;mq;mq;0.000000;0.000000;mq;mq;mq;mq;mq;mq;mq;mq;mq;mq;mq;mq;mq;mq;mq;mq;mq;mq;
89642;20110928060000;99320;30;3;200;0.500000;253.750000;242.750000;33;40000;2;1;1;40;0;8000;30;20;11;98750;mq;mq;mq;mq;mq;mq;mq;mq;mq;mq;mq;mq;mq;mq;mq;mq;mq;mq;mq;mq;mq;mq;mq;mq;mq;mq;3;0;6900;mq;mq;mq;mq;mq;mq;mq;mq;mq;
07005;20110928090000;102800;10;2;110;3.100000;292.250000;289.250000;83;mq;mq;mq;mq;mq;mq;mq;mq;mq;mq;101920;mq;mq;mq;mq;mq;mq;mq;mq;mq;mq;mq;5.100000;-10;mq;mq;mq;mq;0.000000;0.000000;mq;mq;mq;710.000000;1105.000000;mq;mq;mq;mq;mq;mq;mq;mq;mq;mq;mq;mq;mq;mq;
07015;20110928090000;102860;0;5;130;2.600000;292.650000;289.350000;81;6000;2;1;1;0;mq;mq;mq;mq;mq;102300;mq;mq;mq;mq;mq;mq;mq;mq;mq;mq;mq;3.600000;-10;mq;mq;0.000000;-30;0.000000;0.200000;mq;mq;mq;710.000000;1104.000000;3100.000000;mq;mq;mq;mq;mq;mq;mq;mq;mq;mq;mq;mq;mq;
07020;20110928090000;102590;10;3;90;3.600000;293.550000;289.950000;80;20000;2;1;1;0;mq;mq;mq;mq;mq;102330;mq;mq;mq;mq;mq;mq;mq;mq;mq;mq;mq;6.200000;-10;mq;mq;mq;mq;0.000000;0.000000;mq;mq;mq;710.000000;1106.000000;mq;mq;mq;mq;mq;mq;mq;mq;mq;mq;mq;mq;mq;mq;
07027;20110928090000;102630;10;3;100;2.600000;292.850000;288.250000;75;18000;2;1;1;0;mq;mq;mq;mq;mq;101840;mq;mq;mq;mq;mq;mq;mq;mq;mq;mq;mq;3.600000;-10;mq;mq;0.000000;-30;0.000000;0.200000;mq;mq;mq;710.000000;1104.000000;3100.000000;mq;mq;mq;mq;mq;mq;mq;mq;mq;mq;mq;mq;mq;
07037;20110928090000;102710;0;5;100;3.600000;293.250000;289.250000;78;15000;2;1;1;0;mq;mq;mq;mq;mq;100920;mq;mq;mq;mq;mq;mq;mq;mq;mq;mq;mq;5.700000;-10;mq;mq;0.000000;-30;0.000000;0.200000;mq;mq;mq;710.000000;1106.000000;3100.000000;mq;mq;mq;mq;mq;mq;mq;mq;mq;mq;mq;mq;mq;
07110;20110928090000;102240;0;5;150;6.700000;294.850000;288.250000;66;30000;2;1;1;10;0;8000;30;20;11;101130;mq;mq;mq;mq;mq;mq;mq;mq;mq;mq;mq;9.800000;-10;mq;mq;0.000000;-30;0.000000;0.000000;mq;mq;mq;710.000000;1110.000000;3100.000000;mq;1;0;6900;mq;mq;mq;mq;mq;mq;mq;mq;mq;
07117;20110928090000;102340;0;0;110;2.600000;293.550000;288.550000;73;15000;2;1;1;25;2;2250;30;22;10;101660;mq;mq;mq;mq;mq;mq;mq;mq;mq;mq;mq;4.100000;-10;mq;mq;mq;mq;0.000000;0.000000;mq;mq;mq;710.000000;1104.000000;2427.000000;mq;mq;mq;mq;mq;mq;mq;mq;mq;mq;mq;mq;mq;
07130;20110928090000;102450;0;0;120;4.100000;293.850000;289.050000;74;18000;0;mq;mq;mq;mq;mq;mq;mq;mq;101940;mq;mq;mq;mq;mq;mq;mq;mq;mq;mq;mq;7.200000;-10;mq;mq;mq;mq;0.000000;0.200000;mq;mq;mq;710.000000;1107.000000;mq;mq;mq;mq;mq;mq;mq;mq;mq;mq;mq;mq;mq;mq;
07139;20110928090000;102600;20;3;40;1.500000;293.350000;287.950000;71;20000;2;1;1;10;0;8000;30;20;12;100910;mq;mq;mq;mq;mq;mq;mq;mq;mq;mq;mq;3.100000;-10;mq;mq;0.000000;-30;0.000000;0.000000;mq;mq;mq;710.000000;1103.000000;3100.000000;mq;1;0;6900;mq;mq;mq;mq;mq;mq;mq;mq;mq;
07149;20110928090000;102700;10;0;90;2.100000;293.250000;288.050000;72;20000;2;1;1;0;mq;mq;mq;mq;mq;101640;mq;mq;mq;mq;mq;mq;mq;mq;mq;mq;mq;5.100000;-10;mq;mq;0.000000;-30;0.000000;0.200000;mq;mq;mq;710.000000;1105.000000;3100.000000;mq;mq;mq;mq;mq;mq;mq;mq;mq;mq;mq;mq;mq;
07168;20110928090000;102740;10;3;60;1.500000;292.650000;287.450000;72;15000;2;4;0;0;mq;mq;mq;mq;mq;101350;mq;mq;mq;mq;mq;mq;mq;mq;mq;mq;mq;2.600000;-10;mq;mq;0.000000;-30;0.000000;0.200000;mq;mq;mq;710.000000;1103.000000;3100.000000;mq;mq;mq;mq;mq;mq;mq;mq;mq;mq;mq;mq;mq;
07181;20110928090000;102760;50;1;50;2.600000;293.450000;288.050000;71;17000;0;mq;mq;mq;mq;mq;mq;mq;mq;98780;mq;mq;mq;mq;mq;mq;mq;mq;mq;mq;mq;4.100000;-10;mq;mq;mq;mq;0.000000;0.000000;mq;mq;mq;710.000000;1104.000000;mq;mq;mq;mq;mq;mq;mq;mq;mq;mq;mq;mq;mq;mq;
07190;20110928090000;102870;30;1;20;3.100000;292.050000;287.550000;75;12000;0;mq;mq;mq;mq;mq;mq;mq;mq;101080;mq;mq;mq;mq;mq;mq;mq;mq;mq;mq;mq;5.100000;-10;mq;mq;mq;mq;0.000000;0.200000;mq;mq;mq;710.000000;1105.000000;mq;mq;mq;mq;mq;mq;mq;mq;mq;mq;mq;mq;mq;mq;
07207;20110928090000;mq;mq;mq;110;5.700000;293.550000;288.150000;71;20000;2;1;1;25;2;3500;30;24;10;mq;mq;mq;mq;mq;mq;mq;mq;mq;mq;mq;mq;11.300000;-10;mq;mq;mq;mq;0.000000;0.000000;mq;mq;mq;710.000000;1111.000000;2428.000000;mq;mq;mq;mq;mq;mq;mq;mq;mq;mq;mq;mq;mq;
07222;20110928090000;102350;20;3;100;3.100000;294.450000;288.950000;71;20000;2;1;1;25;0;8000;30;20;12;102040;mq;mq;mq;mq;mq;mq;mq;mq;mq;mq;mq;6.200000;-10;mq;mq;mq;mq;0.000000;0.000000;mq;mq;mq;710.000000;1106.000000;mq;mq;2;0;7200;mq;mq;mq;mq;mq;mq;mq;mq;mq;
07240;20110928090000;102520;10;3;70;3.100000;293.950000;288.750000;72;35000;0;mq;mq;mq;mq;1250;mq;mq;mq;101210;mq;mq;mq;mq;mq;mq;mq;mq;mq;mq;mq;5.700000;-10;mq;mq;mq;mq;0.000000;0.000000;mq;mq;mq;710.000000;1106.000000;mq;mq;mq;mq;mq;mq;mq;mq;mq;mq;mq;mq;mq;mq;
07255;20110928090000;102550;20;2;100;2.600000;293.850000;287.950000;69;20000;2;1;1;10;0;8000;30;20;11;100610;mq;mq;mq;mq;mq;mq;mq;mq;mq;mq;mq;4.100000;-10;mq;mq;0.000000;-30;0.000000;0.000000;mq;mq;mq;710.000000;1104.000000;3100.000000;mq;1;0;7200;mq;mq;mq;mq;mq;mq;mq;mq;mq;
07280;20110928090000;102650;50;2;80;3.100000;293.350000;287.250000;68;19000;0;mq;mq;mq;mq;mq;mq;mq;mq;100000;mq;mq;mq;mq;mq;mq;mq;mq;mq;mq;mq;6.200000;-10;mq;mq;mq;mq;0.000000;0.000000;mq;mq;mq;710.000000;1106.000000;mq;mq;mq;mq;mq;mq;mq;mq;mq;mq;mq;mq;mq;mq;
07299;20110928090000;102810;30;1;360;1.500000;290.350000;287.050000;81;9000;2;1;1;0;mq;mq;mq;mq;mq;99590;mq;mq;mq;mq;mq;mq;mq;mq;mq;mq;mq;3.600000;-10;mq;mq;0.000000;-30;0.000000;0.000000;mq;mq;mq;710.000000;1104.000000;3100.000000;mq;mq;mq;mq;mq;mq;mq;mq;mq;mq;mq;mq;mq;
07314;20110928090000;102330;50;3;110;4.100000;294.250000;289.450000;74;mq;mq;mq;mq;mq;mq;mq;mq;mq;mq;102060;mq;mq;mq;mq;mq;mq;mq;mq;mq;mq;mq;6.700000;-10;mq;mq;mq;mq;0.000000;0.000000;mq;mq;mq;710.000000;1107.000000;mq;mq;mq;mq;mq;mq;mq;mq;mq;mq;mq;mq;mq;mq;
07335;20110928090000;102430;10;3;90;2.600000;294.750000;288.350000;67;30000;2;1;1;40;1;3500;30;28;11;101030;mq;mq;mq;mq;mq;mq;mq;mq;mq;mq;mq;4.600000;-10;mq;mq;mq;mq;0.000000;0.000000;mq;mq;mq;710.000000;1105.000000;mq;mq;1;3;3000;3;0;7500;mq;mq;mq;mq;mq;mq;
07434;20110928090000;102430;50;3;80;2.100000;293.150000;285.350000;61;50000;2;1;1;25;0;8000;30;20;11;97780;mq;mq;mq;mq;mq;mq;mq;mq;mq;mq;mq;4.100000;-10;mq;mq;0.000000;-30;0.000000;0.000000;mq;mq;mq;710.000000;1104.000000;3100.000000;mq;2;0;7800;mq;mq;mq;mq;mq;mq;mq;mq;mq;
07460;20110928090000;102550;10;1;170;3.100000;292.050000;285.750000;67;20000;2;1;1;10;0;8000;30;20;11;98750;mq;mq;mq;mq;mq;mq;mq;mq;mq;mq;mq;5.100000;-10;mq;mq;0.000000;-30;0.000000;0.000000;mq;mq;mq;710.000000;1105.000000;3100.000000;mq;1;0;7500;mq;mq;mq;mq;mq;mq;mq;mq;mq;
07471;20110928090000;mq;20;2;30;0.500000;289.450000;285.050000;75;25000;2;1;1;0;mq;mq;mq;mq;mq;93110;85000;18520;mq;mq;mq;mq;mq;mq;mq;mq;mq;2.100000;-10;mq;mq;0.000000;-30;0.000000;0.000000;mq;mq;mq;710.000000;1102.000000;3100.000000;mq;mq;mq;mq;mq;mq;mq;mq;mq;mq;mq;mq;mq;
07481;20110928090000;102630;60;3;0;0.000000;292.450000;287.250000;72;12000;2;1;1;0;mq;mq;mq;mq;mq;99820;mq;mq;mq;mq;mq;mq;mq;mq;mq;mq;mq;1.500000;-10;mq;mq;0.000000;-30;0.000000;0.000000;mq;mq;mq;710.000000;1102.000000;3100.000000;mq;mq;mq;mq;mq;mq;mq;mq;mq;mq;mq;mq;mq;
07510;20110928090000;102280;80;3;130;2.600000;295.750000;287.350000;59;30000;2;1;1;50;1;3500;30;23;12;101650;mq;mq;mq;mq;mq;mq;mq;mq;mq;mq;mq;5.700000;-10;mq;mq;0.000000;-30;0.000000;0.000000;mq;mq;mq;710.000000;1106.000000;3100.000000;mq;1;3;3900;4;0;7800;mq;mq;mq;mq;mq;mq;
07535;20110928090000;102370;70;3;300;0.500000;295.550000;286.350000;56;25000;2;1;1;25;0;8000;30;20;11;99360;mq;mq;mq;mq;mq;mq;mq;mq;mq;mq;mq;3.100000;-10;mq;mq;0.000000;-30;0.000000;0.000000;mq;mq;mq;710.000000;1103.000000;3100.000000;mq;2;0;7500;mq;mq;mq;mq;mq;mq;mq;mq;mq;
07558;20110928090000;102460;70;1;350;1.500000;292.850000;282.950000;53;40000;2;1;1;0;mq;mq;mq;mq;mq;94350;mq;mq;mq;mq;mq;mq;mq;mq;mq;mq;mq;2.600000;-10;mq;mq;0.000000;-30;0.000000;0.000000;mq;mq;mq;710.000000;1103.000000;3100.000000;mq;mq;mq;mq;mq;mq;mq;mq;mq;mq;mq;mq;mq;
07577;20110928090000;102590;50;1;20;3.100000;294.650000;287.350000;63;30000;2;1;1;0;mq;mq;mq;mq;mq;101720;mq;mq;mq;mq;mq;mq;mq;mq;mq;mq;mq;5.700000;-10;mq;mq;0.000000;-30;0.000000;0.000000;mq;mq;mq;710.000000;1106.000000;3100.000000;mq;mq;mq;mq;mq;mq;mq;mq;mq;mq;mq;mq;mq;
07591;20110928090000;mq;0;0;20;5.700000;292.050000;277.750000;39;mq;0;mq;mq;mq;mq;mq;mq;mq;mq;92710;mq;mq;mq;mq;mq;mq;mq;mq;mq;mq;mq;10.300000;-10;mq;mq;mq;mq;0.000000;0.000000;mq;mq;mq;710.000000;1110.000000;mq;mq;mq;mq;mq;mq;mq;mq;mq;mq;mq;mq;mq;mq;
07607;20110928090000;102280;60;3;120;2.600000;293.950000;288.050000;69;45000;0;mq;mq;mq;mq;mq;mq;mq;mq;101590;mq;mq;mq;mq;mq;mq;mq;mq;mq;mq;mq;4.100000;-10;mq;mq;mq;mq;0.000000;0.000000;mq;mq;mq;710.000000;1104.000000;mq;mq;mq;mq;mq;mq;mq;mq;mq;mq;mq;mq;mq;mq;
07621;20110928090000;102210;70;3;190;2.600000;297.750000;285.350000;46;40000;2;1;1;40;0;8000;30;20;11;98070;mq;mq;mq;mq;mq;mq;mq;mq;mq;mq;mq;4.100000;-10;mq;mq;0.000000;-30;0.000000;0.000000;mq;mq;mq;710.000000;1104.000000;3100.000000;mq;3;0;7200;mq;mq;mq;mq;mq;mq;mq;mq;mq;
07627;20110928090000;102240;60;1;130;2.100000;295.650000;286.150000;55;40000;2;1;1;10;1;2600;31;20;11;97550;mq;mq;mq;mq;mq;mq;mq;mq;mq;mq;mq;4.100000;-10;mq;mq;0.000000;-30;0.000000;0.000000;mq;mq;mq;710.000000;1104.000000;3100.000000;mq;1;8;2400;mq;mq;mq;mq;mq;mq;mq;mq;mq;
07630;20110928090000;102330;60;1;110;4.600000;296.450000;286.350000;53;20000;2;1;1;25;0;8000;30;20;11;100590;mq;mq;mq;mq;mq;mq;mq;mq;mq;mq;mq;7.200000;-10;mq;mq;0.000000;-30;0.000000;0.000000;mq;mq;mq;710.000000;1107.000000;3100.000000;mq;2;0;7800;mq;mq;mq;mq;mq;mq;mq;mq;mq;
07643;20110928090000;102530;80;2;50;4.100000;297.050000;286.850000;53;45000;2;1;1;0;mq;mq;mq;mq;mq;102440;mq;mq;mq;mq;mq;mq;mq;mq;mq;mq;mq;6.200000;-10;mq;mq;mq;mq;0.000000;0.000000;mq;mq;mq;710.000000;1106.000000;mq;mq;mq;mq;mq;mq;mq;mq;mq;mq;mq;mq;mq;mq;
07650;20110928090000;102490;100;2;270;2.100000;298.350000;286.850000;49;25000;2;1;1;0;mq;mq;mq;mq;mq;102120;mq;mq;mq;mq;mq;mq;mq;mq;mq;mq;mq;2.600000;-10;mq;mq;0.000000;-30;0.000000;0.000000;mq;mq;mq;710.000000;1103.000000;3100.000000;mq;mq;mq;mq;mq;mq;mq;mq;mq;mq;mq;mq;mq;
07661;20110928090000;102470;90;1;110;5.700000;298.050000;284.250000;42;25000;2;1;1;25;0;8000;30;20;11;100920;mq;mq;mq;mq;mq;mq;mq;mq;mq;mq;mq;7.700000;-10;mq;mq;mq;mq;0.000000;0.000000;mq;mq;mq;710.000000;1108.000000;mq;mq;2;0;4800;mq;mq;mq;mq;mq;mq;mq;mq;mq;
07690;20110928090000;102510;40;3;320;3.600000;298.950000;281.850000;34;40000;2;1;1;0;mq;mq;mq;mq;mq;102180;mq;mq;mq;mq;mq;mq;mq;mq;mq;mq;mq;7.200000;-10;mq;mq;0.000000;-30;0.000000;0.000000;mq;mq;mq;710.000000;1107.000000;3100.000000;mq;mq;mq;mq;mq;mq;mq;mq;mq;mq;mq;mq;mq;
07747;20110928090000;102510;70;1;80;2.100000;295.450000;290.850000;75;12000;2;1;1;10;1;150;36;20;10;101990;mq;mq;mq;mq;mq;mq;mq;mq;mq;mq;mq;3.600000;-10;mq;mq;mq;mq;0.000000;0.000000;mq;mq;mq;710.000000;1104.000000;mq;mq;1;7;90;mq;mq;mq;mq;mq;mq;mq;mq;mq;
07761;20110928090000;102320;40;3;230;2.100000;296.250000;288.550000;62;25000;2;1;1;10;0;mq;30;20;12;102210;mq;mq;mq;mq;mq;mq;mq;mq;mq;mq;mq;3.100000;-10;mq;mq;0.000000;-30;0.000000;0.000000;mq;mq;mq;710.000000;1103.000000;3100.000000;mq;1;0;6900;mq;mq;mq;mq;mq;mq;mq;mq;mq;
07790;20110928090000;102410;30;3;10;5.100000;298.950000;288.350000;52;12000;2;1;1;50;0;8000;30;20;11;102270;mq;mq;mq;mq;mq;mq;mq;mq;mq;mq;mq;8.700000;-10;mq;mq;0.000000;-30;0.000000;0.000000;mq;mq;mq;710.000000;1109.000000;3100.000000;mq;4;0;6300;mq;mq;mq;mq;mq;mq;mq;mq;mq;
61968;20110928090000;101550;mq;mq;100;7.200000;302.150000;294.950000;65;mq;mq;mq;mq;mq;mq;mq;mq;mq;mq;mq;mq;mq;30;mq;mq;mq;mq;mq;mq;mq;mq;13.400000;-10;mq;mq;mq;mq;0.000000;0.000000;mq;mq;mq;710.000000;1113.000000;mq;mq;mq;mq;mq;mq;mq;mq;mq;mq;mq;mq;mq;mq;
61970;20110928090000;101720;mq;mq;mq;mq;302.550000;295.750000;67;mq;mq;mq;mq;mq;mq;mq;mq;mq;mq;mq;mq;mq;mq;mq;mq;mq;mq;mq;mq;mq;mq;mq;mq;mq;mq;mq;mq;0.000000;0.000000;mq;mq;mq;mq;mq;mq;mq;mq;mq;mq;mq;mq;mq;mq;mq;mq;mq;mq;mq;
61972;20110928090000;101910;mq;mq;140;2.100000;300.950000;292.750000;61;mq;mq;mq;mq;mq;mq;mq;mq;mq;mq;mq;mq;mq;70;mq;mq;mq;mq;mq;mq;mq;mq;6.200000;-10;mq;mq;mq;mq;0.000000;0.000000;mq;mq;mq;710.000000;1106.000000;mq;mq;mq;mq;mq;mq;mq;mq;mq;mq;mq;mq;mq;mq;
61976;20110928090000;101820;mq;mq;120;7.200000;300.650000;293.450000;65;mq;mq;mq;mq;mq;mq;mq;mq;mq;mq;101670;mq;mq;40;mq;mq;mq;mq;mq;mq;mq;mq;mq;mq;mq;mq;mq;mq;mq;0.000000;mq;mq;mq;mq;mq;mq;mq;mq;mq;mq;mq;mq;mq;mq;mq;mq;mq;mq;mq;
61980;20110928090000;102050;mq;mq;120;5.100000;296.950000;289.950000;65;15000;2;1;1;75;6;800;38;20;10;mq;mq;mq;mq;mq;mq;mq;mq;mq;mq;mq;mq;9.300000;-10;mq;mq;mq;mq;0.000000;0.000000;mq;mq;mq;710.000000;1109.000000;2437.000000;mq;3;8;780;5;6;1500;mq;mq;mq;mq;mq;mq;
61998;20110928090000;98370;mq;mq;300;13.400000;282.850000;276.150000;63;50000;2;1;1;40;1;800;38;20;12;mq;mq;mq;mq;mq;mq;mq;mq;mq;mq;mq;mq;19.500000;-10;mq;mq;mq;mq;0.000000;0.000000;mq;mq;mq;710.000000;1120.000000;mq;mq;1;8;780;3;0;6900;mq;mq;mq;mq;mq;mq;
67005;20110928090000;101610;mq;mq;80;4.600000;302.850000;294.750000;62;mq;0;mq;mq;mq;mq;mq;mq;mq;mq;mq;mq;mq;40;mq;mq;mq;mq;mq;mq;mq;mq;7.200000;-10;mq;mq;mq;mq;0.000000;0.000000;mq;mq;mq;710.000000;1107.000000;mq;mq;mq;mq;mq;mq;mq;mq;mq;mq;mq;mq;mq;mq;
71805;20110928090000;102010;130;3;330;4.100000;279.950000;277.450000;84;25000;2;1;1;0;mq;mq;mq;mq;mq;101920;mq;mq;mq;mq;mq;mq;mq;mq;mq;mq;mq;5.700000;-10;mq;mq;0.000000;-30;0.000000;0.000000;mq;mq;mq;710.000000;1106.000000;3100.000000;mq;mq;mq;mq;mq;mq;mq;mq;mq;mq;mq;mq;mq;
78897;20110928090000;100910;-70;5;260;2.100000;298.250000;297.050000;93;25000;2;1;1;90;5;450;38;20;12;mq;mq;mq;mq;mq;mq;mq;mq;mq;mq;mq;mq;mq;mq;mq;mq;mq;mq;mq;mq;mq;mq;mq;mq;mq;mq;mq;3;8;540;3;6;1500;7;0;7800;mq;mq;mq;
78922;20110928090000;101040;-20;8;240;4.100000;296.350000;294.650000;90;mq;mq;mq;mq;mq;mq;mq;mq;mq;mq;100590;mq;mq;mq;mq;mq;mq;mq;mq;mq;mq;mq;mq;mq;mq;mq;mq;mq;mq;mq;mq;mq;mq;mq;mq;mq;mq;mq;mq;mq;mq;mq;mq;mq;mq;mq;mq;mq;mq;
78925;20110928090000;mq;10;3;90;1.500000;mq;mq;mq;10000;95;9;9;90;6;800;39;20;13;mq;mq;mq;mq;mq;mq;mq;mq;mq;mq;mq;mq;mq;mq;mq;mq;mq;mq;mq;mq;mq;mq;mq;mq;mq;mq;mq;3;9;630;3;8;750;6;0;8400;mq;mq;mq;
81401;20110928090000;101190;mq;mq;0;0.000000;295.950000;295.150000;95;mq;mq;mq;mq;mq;mq;mq;mq;mq;mq;101130;mq;mq;mq;mq;mq;mq;mq;mq;mq;mq;mq;mq;mq;mq;mq;mq;mq;mq;0.000000;mq;mq;mq;mq;mq;mq;mq;mq;mq;mq;mq;mq;mq;mq;mq;mq;mq;mq;mq;
81405;20110928090000;101220;mq;mq;150;1.000000;296.550000;296.050000;97;22000;0;mq;mq;mq;mq;mq;mq;mq;mq;101130;mq;mq;mq;mq;mq;mq;mq;mq;mq;mq;mq;mq;mq;mq;mq;mq;mq;mq;0.000000;mq;mq;mq;mq;mq;mq;mq;mq;mq;mq;mq;mq;mq;mq;mq;mq;mq;mq;mq;
81408;20110928090000;101240;mq;mq;0;0.000000;295.150000;294.650000;97;mq;mq;mq;mq;mq;mq;mq;mq;mq;mq;101160;mq;mq;mq;mq;mq;mq;mq;mq;mq;mq;mq;mq;mq;mq;mq;mq;mq;mq;0.000000;mq;mq;mq;mq;mq;mq;mq;mq;mq;mq;mq;mq;mq;mq;mq;mq;mq;mq;mq;
89642;20110928090000;99410;80;3;200;1.000000;251.550000;245.150000;53;40000;2;1;1;25;0;8000;30;20;11;98830;mq;mq;mq;mq;mq;mq;mq;mq;mq;mq;mq;mq;mq;mq;mq;mq;mq;mq;mq;mq;mq;mq;mq;mq;mq;mq;2;0;6900;mq;mq;mq;mq;mq;mq;mq;mq;mq;
07005;20110928120000;102670;-110;8;110;3.600000;297.750000;288.650000;57;25000;2;1;1;0;mq;mq;mq;mq;mq;101810;mq;mq;mq;mq;mq;mq;mq;mq;mq;mq;mq;5.700000;-10;mq;mq;0.000000;-60;0.000000;0.000000;0.000000;mq;mq;710.000000;1106.000000;3100.000000;mq;mq;mq;mq;mq;mq;mq;mq;mq;mq;mq;mq;mq;
07015;20110928120000;102760;-90;8;120;3.100000;297.650000;289.350000;60;15000;2;1;1;0;mq;mq;mq;mq;mq;102210;mq;mq;mq;mq;mq;mq;mq;mq;mq;mq;mq;5.100000;-10;mq;mq;0.000000;-60;0.000000;0.000000;0.200000;mq;mq;710.000000;1105.000000;3100.000000;mq;mq;mq;mq;mq;mq;mq;mq;mq;mq;mq;mq;mq;
07020;20110928120000;102520;-70;8;100;5.700000;294.350000;290.350000;78;18000;2;1;1;0;mq;mq;mq;mq;mq;102260;mq;mq;mq;mq;mq;mq;mq;mq;mq;mq;mq;7.700000;-10;mq;mq;mq;mq;0.000000;0.000000;0.000000;mq;mq;710.000000;1108.000000;mq;mq;mq;mq;mq;mq;mq;mq;mq;mq;mq;mq;mq;mq;
07027;20110928120000;102520;-100;7;110;6.200000;299.050000;288.150000;51;40000;2;1;1;10;0;8000;30;20;11;101740;mq;mq;mq;mq;mq;mq;mq;mq;mq;mq;mq;8.700000;-10;mq;mq;0.000000;-60;0.000000;0.000000;0.200000;mq;mq;710.000000;1109.000000;3100.000000;mq;1;0;7800;mq;mq;mq;mq;mq;mq;mq;mq;mq;
07037;20110928120000;102600;-80;8;100;5.100000;298.250000;288.850000;56;15000;2;1;1;0;mq;mq;mq;mq;mq;100840;mq;mq;mq;mq;mq;mq;mq;mq;mq;mq;mq;7.700000;-10;mq;mq;0.000000;-60;0.000000;0.000000;0.200000;mq;mq;710.000000;1108.000000;3100.000000;mq;mq;mq;mq;mq;mq;mq;mq;mq;mq;mq;mq;mq;
07110;20110928120000;102160;-60;8;170;5.100000;299.450000;289.350000;54;30000;2;mq;mq;0;mq;mq;mq;mq;mq;101070;mq;mq;mq;mq;mq;mq;mq;mq;mq;mq;mq;8.700000;-10;mq;mq;mq;mq;0.000000;0.000000;0.000000;mq;mq;710.000000;1109.000000;mq;mq;mq;mq;mq;mq;mq;mq;mq;mq;mq;mq;mq;mq;
07117;20110928120000;102210;-120;8;140;3.100000;300.350000;287.350000;45;15000;2;1;1;25;2;2250;30;22;10;101540;mq;mq;mq;mq;mq;mq;mq;mq;mq;mq;mq;7.200000;-10;mq;mq;mq;mq;0.000000;0.000000;0.000000;mq;mq;710.000000;1107.000000;2427.000000;mq;mq;mq;mq;mq;mq;mq;mq;mq;mq;mq;mq;mq;
07130;20110928120000;102340;-100;8;110;5.100000;299.650000;288.650000;51;21000;0;mq;mq;mq;mq;mq;mq;mq;mq;101840;mq;mq;mq;mq;mq;mq;mq;mq;mq;mq;mq;9.300000;-10;mq;mq;mq;mq;0.000000;0.000000;0.200000;mq;mq;710.000000;1109.000000;mq;mq;mq;mq;mq;mq;mq;mq;mq;mq;mq;mq;mq;mq;
07139;20110928120000;102480;-90;7;120;2.100000;299.450000;288.850000;52;30000;2;1;1;10;0;8000;30;20;12;100820;mq;mq;mq;mq;mq;mq;mq;mq;mq;mq;mq;5.700000;-10;mq;mq;0.000000;-60;0.000000;0.000000;0.000000;mq;mq;710.000000;1106.000000;3100.000000;mq;1;0;6900;mq;mq;mq;mq;mq;mq;mq;mq;mq;
07149;20110928120000;102590;-90;8;80;2.600000;299.150000;286.950000;47;25000;2;1;1;0;mq;mq;mq;mq;mq;101550;mq;mq;mq;mq;mq;mq;mq;mq;mq;mq;mq;4.600000;-10;mq;mq;0.000000;-60;0.000000;0.000000;0.200000;mq;mq;710.000000;1105.000000;3100.000000;mq;mq;mq;mq;mq;mq;mq;mq;mq;mq;mq;mq;mq;
07168;20110928120000;102570;-140;8;80;4.100000;298.650000;286.550000;47;20000;2;4;0;0;mq;mq;mq;mq;mq;101210;mq;mq;mq;mq;mq;mq;mq;mq;mq;mq;mq;6.700000;-10;mq;mq;0.000000;-60;0.000000;0.000000;0.200000;mq;mq;710.000000;1107.000000;3100.000000;mq;mq;mq;mq;mq;mq;mq;mq;mq;mq;mq;mq;mq;
07181;20110928120000;102630;-80;7;90;4.100000;296.950000;286.250000;51;35000;0;mq;mq;mq;mq;mq;mq;mq;mq;98700;mq;mq;mq;mq;mq;mq;mq;mq;mq;mq;mq;7.700000;-10;mq;mq;mq;mq;0.000000;0.000000;0.000000;mq;mq;710.000000;1108.000000;mq;mq;mq;mq;mq;mq;mq;mq;mq;mq;mq;mq;mq;mq;
07190;20110928120000;102700;-130;8;40;4.100000;298.150000;286.650000;49;19000;0;mq;mq;mq;mq;mq;mq;mq;mq;100950;mq;mq;mq;mq;mq;mq;mq;mq;mq;mq;mq;5.700000;-10;mq;mq;mq;mq;0.000000;0.000000;0.200000;mq;mq;710.000000;1106.000000;mq;mq;mq;mq;mq;mq;mq;mq;mq;mq;mq;mq;mq;mq;
07207;20110928120000;mq;mq;mq;110;3.600000;294.350000;288.850000;71;12000;2;1;1;25;0;8000;30;20;18;mq;mq;mq;mq;mq;mq;mq;mq;mq;mq;mq;mq;10.300000;-10;mq;mq;mq;mq;0.000000;0.000000;0.000000;mq;mq;710.000000;1110.000000;2427.000000;mq;mq;mq;mq;mq;mq;mq;mq;mq;mq;mq;mq;mq;
07222;20110928120000;102250;-90;8;110;3.100000;299.650000;289.550000;54;30000;2;1;1;25;0;8000;30;20;12;101950;mq;mq;mq;mq;mq;mq;mq;mq;mq;mq;mq;6.700000;-10;mq;mq;mq;mq;0.000000;0.000000;0.000000;mq;mq;710.000000;1107.000000;mq;mq;2;0;6900;mq;mq;mq;mq;mq;mq;mq;mq;mq;
07240;20110928120000;102420;-80;8;80;3.600000;299.350000;288.450000;51;55000;0;mq;mq;mq;mq;mq;mq;mq;mq;101130;mq;mq;mq;mq;mq;mq;mq;mq;mq;mq;mq;6.700000;-10;mq;mq;mq;mq;0.000000;0.000000;0.000000;mq;mq;710.000000;1107.000000;mq;mq;mq;mq;mq;mq;mq;mq;mq;mq;mq;mq;mq;mq;
07255;20110928120000;102450;-80;8;90;3.600000;297.950000;287.150000;51;20000;2;1;1;0;mq;mq;mq;mq;mq;100530;mq;mq;mq;mq;mq;mq;mq;mq;mq;mq;mq;6.700000;-10;mq;mq;0.000000;-60;0.000000;0.000000;0.000000;mq;mq;710.000000;1107.000000;3100.000000;mq;mq;mq;mq;mq;mq;mq;mq;mq;mq;mq;mq;mq;
07280;20110928120000;102530;-80;8;90;1.500000;297.450000;287.250000;53;45000;0;mq;mq;mq;mq;mq;mq;mq;mq;99920;mq;mq;mq;mq;mq;mq;mq;mq;mq;mq;mq;4.100000;-10;mq;mq;mq;mq;0.000000;0.000000;0.000000;mq;mq;710.000000;1104.000000;mq;mq;mq;mq;mq;mq;mq;mq;mq;mq;mq;mq;mq;mq;
07299;20110928120000;102610;-130;8;360;3.100000;296.450000;286.650000;54;15000;2;1;1;0;mq;mq;mq;mq;mq;99460;mq;mq;mq;mq;mq;mq;mq;mq;mq;mq;mq;5.700000;-10;mq;mq;0.000000;-60;0.000000;0.000000;0.000000;mq;mq;710.000000;1106.000000;3100.000000;mq;mq;mq;mq;mq;mq;mq;mq;mq;mq;mq;mq;mq;
07314;20110928120000;102280;-50;7;50;2.100000;297.150000;291.550000;71;16000;2;1;1;60;3;3500;30;25;14;102010;mq;mq;mq;mq;mq;mq;mq;mq;mq;mq;mq;4.600000;-10;mq;mq;mq;mq;0.000000;0.000000;0.000000;mq;mq;710.000000;1105.000000;2427.000000;mq;3;3;2400;3;0;4800;mq;mq;mq;mq;mq;mq;
07335;20110928120000;102340;-70;8;110;1.500000;299.850000;286.250000;43;30000;2;1;1;10;0;mq;30;20;11;100960;mq;mq;mq;mq;mq;mq;mq;mq;mq;mq;mq;3.600000;-10;mq;mq;mq;mq;0.000000;0.000000;0.000000;mq;mq;710.000000;1104.000000;mq;mq;1;0;6300;mq;mq;mq;mq;mq;mq;mq;mq;mq;
07434;20110928120000;102270;-70;8;130;1.500000;298.950000;285.750000;44;60000;2;1;1;10;0;8000;30;20;11;97710;mq;mq;mq;mq;mq;mq;mq;mq;mq;mq;mq;4.100000;-10;mq;mq;0.000000;-60;0.000000;0.000000;0.000000;mq;mq;710.000000;1104.000000;3100.000000;mq;1;0;7800;mq;mq;mq;mq;mq;mq;mq;mq;mq;
07460;20110928120000;102330;-120;7;140;2.100000;299.250000;286.350000;45;40000;0;mq;mq;mq;mq;mq;mq;mq;mq;98630;mq;mq;mq;mq;mq;mq;mq;mq;mq;mq;mq;5.100000;-10;mq;mq;mq;mq;0.000000;0.000000;0.000000;mq;mq;710.000000;1105.000000;mq;mq;mq;mq;mq;mq;mq;mq;mq;mq;mq;mq;mq;mq;
07471;20110928120000;mq;-100;8;320;1.000000;297.750000;282.450000;38;40000;2;1;1;10;1;1250;31;20;10;93010;85000;18450;mq;mq;mq;mq;mq;mq;mq;mq;mq;3.100000;-10;mq;mq;0.000000;-60;0.000000;0.000000;0.000000;mq;mq;710.000000;1103.000000;3100.000000;mq;1;8;1200;mq;mq;mq;mq;mq;mq;mq;mq;mq;
07481;20110928120000;102480;-100;8;100;1.500000;297.050000;288.050000;57;15000;2;1;1;0;mq;mq;mq;mq;mq;99720;mq;mq;mq;mq;mq;mq;mq;mq;mq;mq;mq;4.600000;-10;mq;mq;0.000000;-60;0.000000;0.000000;0.000000;mq;mq;710.000000;1105.000000;3100.000000;mq;mq;mq;mq;mq;mq;mq;mq;mq;mq;mq;mq;mq;
07510;20110928120000;102190;-80;7;100;3.100000;301.850000;286.150000;38;40000;2;1;1;50;0;mq;30;20;12;101570;mq;mq;mq;mq;mq;mq;mq;mq;mq;mq;mq;5.700000;-10;mq;mq;0.000000;-60;0.000000;0.000000;0.000000;mq;mq;710.000000;1106.000000;3100.000000;mq;4;0;7800;mq;mq;mq;mq;mq;mq;mq;mq;mq;
07535;20110928120000;102200;-100;8;150;1.500000;303.650000;279.550000;22;30000;2;1;1;40;0;8000;30;20;11;99260;mq;mq;mq;mq;mq;mq;mq;mq;mq;mq;mq;5.100000;-10;mq;mq;0.000000;-60;0.000000;0.000000;0.000000;mq;mq;710.000000;1105.000000;3100.000000;mq;3;0;7500;mq;mq;mq;mq;mq;mq;mq;mq;mq;
07558;20110928120000;102200;-70;8;150;5.100000;299.750000;278.050000;25;50000;2;1;1;10;1;1250;31;20;10;94280;mq;mq;mq;mq;mq;mq;mq;mq;mq;mq;mq;9.300000;-10;mq;mq;0.000000;-60;0.000000;0.000000;0.000000;mq;mq;710.000000;1109.000000;3100.000000;mq;1;8;990;mq;mq;mq;mq;mq;mq;mq;mq;mq;
07577;20110928120000;102430;-140;8;350;1.500000;300.350000;286.350000;42;30000;2;1;1;0;mq;mq;mq;mq;mq;101580;mq;mq;mq;mq;mq;mq;mq;mq;mq;mq;mq;3.600000;-10;mq;mq;0.000000;-60;0.000000;0.000000;0.000000;mq;mq;710.000000;1104.000000;3100.000000;mq;mq;mq;mq;mq;mq;mq;mq;mq;mq;mq;mq;mq;
07591;20110928120000;mq;-130;7;200;3.100000;297.650000;278.450000;29;mq;0;mq;mq;mq;mq;mq;mq;mq;mq;92580;mq;mq;mq;mq;mq;mq;mq;mq;mq;mq;mq;5.700000;-10;mq;mq;mq;mq;0.000000;0.000000;0.000000;mq;mq;710.000000;1106.000000;mq;mq;mq;mq;mq;mq;mq;mq;mq;mq;mq;mq;mq;mq;
07607;20110928120000;102170;-90;8;130;1.500000;302.550000;287.550000;40;45000;0;mq;mq;mq;mq;mq;mq;mq;mq;101500;mq;mq;mq;mq;mq;mq;mq;mq;mq;mq;mq;2.600000;-10;mq;mq;mq;mq;0.000000;0.000000;0.000000;mq;mq;710.000000;1103.000000;mq;mq;mq;mq;mq;mq;mq;mq;mq;mq;mq;mq;mq;mq;
07621;20110928120000;102130;-30;8;50;1.500000;301.050000;283.750000;34;40000;2;1;1;40;1;2250;32;20;11;98040;mq;mq;mq;mq;mq;mq;mq;mq;mq;mq;mq;4.600000;-10;mq;mq;0.000000;-60;0.000000;0.000000;0.000000;mq;mq;710.000000;1105.000000;3100.000000;mq;1;8;1800;3;0;7200;mq;mq;mq;mq;mq;mq;
07627;20110928120000;102140;-30;8;350;1.500000;300.450000;284.050000;36;40000;2;1;1;10;1;2250;32;20;10;97520;mq;mq;mq;mq;mq;mq;mq;mq;mq;mq;mq;3.600000;-10;mq;mq;0.000000;-60;0.000000;0.000000;0.000000;mq;mq;710.000000;1104.000000;3100.000000;mq;1;8;2400;mq;mq;mq;mq;mq;mq;mq;mq;mq;
07630;20110928120000;102210;-90;8;140;5.100000;302.250000;283.850000;32;30000;2;1;1;10;0;8000;30;20;11;100500;mq;mq;mq;mq;mq;mq;mq;mq;mq;mq;mq;10.300000;-10;mq;mq;0.000000;-60;0.000000;0.000000;0.000000;mq;mq;710.000000;1110.000000;3100.000000;mq;1;0;7800;mq;mq;mq;mq;mq;mq;mq;mq;mq;
07643;20110928120000;102480;-50;7;150;2.100000;300.350000;287.350000;45;45000;2;1;1;0;mq;mq;mq;mq;mq;102390;mq;mq;mq;mq;mq;mq;mq;mq;mq;mq;mq;4.100000;-10;mq;mq;mq;mq;0.000000;0.000000;0.000000;mq;mq;710.000000;1104.000000;mq;mq;mq;mq;mq;mq;mq;mq;mq;mq;mq;mq;mq;mq;
07650;20110928120000;102410;-80;8;270;3.600000;301.250000;286.350000;40;30000;2;1;1;10;1;1750;31;20;10;102040;mq;mq;mq;mq;mq;mq;mq;mq;mq;mq;mq;4.600000;-10;mq;mq;0.000000;-60;0.000000;0.000000;0.000000;mq;mq;710.000000;1105.000000;3100.000000;mq;1;8;1500;mq;mq;mq;mq;mq;mq;mq;mq;mq;
07661;20110928120000;102420;-40;8;160;4.100000;299.350000;282.650000;35;25000;2;1;1;25;0;8000;30;20;11;100880;mq;mq;mq;mq;mq;mq;mq;mq;mq;mq;mq;10.300000;-10;mq;mq;mq;mq;0.000000;0.000000;0.000000;mq;mq;710.000000;1110.000000;mq;mq;2;0;4800;mq;mq;mq;mq;mq;mq;mq;mq;mq;
07690;20110928120000;102450;-50;8;180;2.100000;299.350000;290.950000;60;40000;0;mq;mq;mq;mq;mq;mq;mq;mq;102130;mq;mq;mq;mq;mq;mq;mq;mq;mq;mq;mq;4.100000;-10;mq;mq;mq;mq;0.000000;0.000000;0.000000;mq;mq;710.000000;1104.000000;mq;mq;mq;mq;mq;mq;mq;mq;mq;mq;mq;mq;mq;mq;
07747;20110928120000;102450;-50;8;70;3.600000;299.350000;289.350000;54;19000;0;mq;mq;mq;mq;mq;mq;mq;mq;101940;mq;mq;mq;mq;mq;mq;mq;mq;mq;mq;mq;6.200000;-10;mq;mq;mq;mq;0.000000;0.000000;0.000000;mq;mq;710.000000;1106.000000;mq;mq;mq;mq;mq;mq;mq;mq;mq;mq;mq;mq;mq;mq;
07761;20110928120000;102260;-50;8;220;3.100000;298.450000;290.350000;61;25000;2;1;1;25;1;1250;32;20;12;102160;mq;mq;mq;mq;mq;mq;mq;mq;mq;mq;mq;4.600000;-10;mq;mq;0.000000;-60;0.000000;0.000000;0.000000;mq;mq;710.000000;1105.000000;3100.000000;mq;1;8;1200;mq;mq;mq;mq;mq;mq;mq;mq;mq;
07790;20110928120000;102360;-50;8;20;4.100000;299.150000;288.250000;51;12000;2;1;1;40;1;800;31;20;11;102220;mq;mq;mq;mq;mq;mq;mq;mq;mq;mq;mq;7.200000;-10;mq;mq;0.000000;-60;0.000000;0.000000;0.000000;mq;mq;710.000000;1107.000000;3100.000000;mq;1;8;780;3;0;5400;mq;mq;mq;mq;mq;mq;
61968;20110928120000;101360;mq;mq;90;5.100000;301.450000;293.750000;63;mq;mq;mq;mq;mq;mq;mq;mq;mq;mq;mq;mq;mq;20;mq;mq;mq;mq;mq;mq;mq;mq;12.300000;-10;mq;mq;mq;mq;0.000000;mq;0.000000;mq;mq;710.000000;1112.000000;mq;mq;mq;mq;mq;mq;mq;mq;mq;mq;mq;mq;mq;mq;
61970;20110928120000;101480;mq;mq;mq;mq;301.650000;295.650000;70;mq;mq;mq;mq;mq;mq;mq;mq;mq;mq;mq;mq;mq;mq;mq;mq;mq;mq;mq;mq;mq;mq;mq;mq;mq;mq;mq;mq;0.000000;mq;0.000000;mq;mq;mq;mq;mq;mq;mq;mq;mq;mq;mq;mq;mq;mq;mq;mq;mq;mq;
61972;20110928120000;101770;mq;mq;270;1.500000;298.450000;294.150000;77;mq;mq;mq;mq;mq;mq;mq;mq;mq;mq;mq;mq;mq;90;mq;mq;mq;mq;mq;mq;mq;mq;3.600000;-10;mq;mq;mq;mq;0.000000;mq;0.000000;mq;mq;710.000000;1104.000000;mq;mq;mq;mq;mq;mq;mq;mq;mq;mq;mq;mq;mq;mq;
61976;20110928120000;101710;mq;mq;130;7.200000;299.450000;292.850000;67;mq;mq;mq;mq;mq;mq;mq;mq;mq;mq;101560;mq;mq;40;mq;mq;mq;mq;mq;mq;mq;mq;mq;mq;mq;mq;mq;mq;mq;mq;mq;mq;mq;mq;mq;mq;mq;mq;mq;mq;mq;mq;mq;mq;mq;mq;mq;mq;mq;
61980;20110928120000;101920;mq;mq;80;5.700000;296.250000;289.750000;67;15000;2;1;1;90;7;800;38;61;60;mq;mq;mq;mq;mq;mq;mq;mq;mq;mq;mq;mq;7.200000;-10;mq;mq;mq;mq;0.000000;mq;0.000000;mq;mq;710.000000;1107.000000;2437.000000;mq;4;8;780;6;6;1200;mq;mq;mq;mq;mq;mq;
61998;20110928120000;98240;mq;mq;300;12.300000;280.350000;275.250000;70;15000;2;1;1;75;2;800;38;20;12;mq;mq;mq;mq;mq;mq;mq;mq;mq;mq;mq;mq;20.100000;-10;mq;mq;mq;mq;0.000000;mq;0.000000;mq;mq;710.000000;1120.000000;mq;mq;2;8;690;5;0;6900;mq;mq;mq;mq;mq;mq;
67005;20110928120000;101420;mq;mq;80;4.100000;302.050000;294.850000;65;mq;0;mq;mq;mq;mq;mq;mq;mq;mq;mq;mq;mq;40;mq;mq;mq;mq;mq;mq;mq;mq;6.200000;-10;mq;mq;mq;mq;0.000000;mq;0.000000;mq;mq;710.000000;1106.000000;mq;mq;mq;mq;mq;mq;mq;mq;mq;mq;mq;mq;mq;mq;
71805;20110928120000;102110;100;3;320;5.100000;284.150000;278.250000;67;25000;2;1;1;40;1;450;35;20;11;102020;mq;mq;mq;mq;mq;mq;mq;mq;mq;mq;mq;7.200000;-10;mq;mq;0.000000;-60;0.000000;0.000000;0.000000;mq;mq;710.000000;1107.000000;3100.000000;mq;1;6;390;3;0;7500;mq;mq;mq;mq;mq;mq;
78897;20110928120000;101050;140;3;280;1.000000;301.550000;297.950000;81;50000;0;mq;mq;mq;mq;mq;mq;mq;mq;mq;mq;mq;mq;298.050000;mq;mq;305.750000;mq;mq;mq;mq;mq;mq;mq;mq;mq;mq;mq;mq;0.800000;mq;3.000000;mq;mq;mq;mq;mq;mq;mq;mq;mq;mq;mq;mq;mq;mq;mq;mq;
78922;20110928120000;101150;120;1;210;3.600000;299.350000;296.850000;86;mq;mq;mq;mq;mq;mq;mq;mq;mq;mq;100710;mq;mq;mq;mq;mq;mq;mq;mq;mq;mq;mq;mq;mq;mq;mq;mq;mq;mq;mq;mq;mq;mq;mq;mq;mq;mq;mq;mq;mq;mq;mq;mq;mq;mq;mq;mq;mq;mq;
78925;20110928120000;mq;130;1;300;2.600000;mq;mq;mq;8000;29;9;8;90;7;450;39;61;60;mq;mq;mq;mq;mq;mq;mq;mq;mq;mq;mq;mq;mq;mq;mq;mq;mq;mq;mq;mq;mq;mq;mq;mq;mq;mq;mq;2;8;390;2;9;630;5;6;1290;mq;mq;mq;
81401;20110928120000;101380;mq;mq;160;2.100000;301.750000;296.650000;74;mq;mq;mq;mq;mq;mq;mq;mq;mq;mq;101320;mq;mq;mq;295.850000;mq;mq;mq;mq;mq;mq;mq;mq;mq;mq;mq;mq;mq;mq;0.000000;mq;mq;5.000000;mq;mq;mq;mq;mq;mq;mq;mq;mq;mq;mq;mq;mq;mq;mq;mq;
81405;20110928120000;101420;mq;mq;140;3.100000;301.850000;297.450000;77;10000;2;1;1;75;3;450;31;20;11;101330;mq;mq;mq;296.050000;mq;mq;mq;mq;mq;mq;mq;mq;mq;mq;mq;mq;mq;mq;0.000000;mq;mq;0.000000;mq;mq;mq;mq;mq;mq;mq;mq;mq;mq;mq;mq;mq;mq;mq;mq;
81408;20110928120000;101410;mq;mq;120;2.100000;302.350000;297.050000;73;mq;mq;mq;mq;mq;mq;mq;mq;mq;mq;101330;mq;mq;mq;295.050000;mq;mq;mq;mq;mq;mq;mq;mq;mq;mq;mq;mq;mq;mq;0.000000;mq;mq;0.000000;mq;mq;mq;mq;mq;mq;mq;mq;mq;mq;mq;mq;mq;mq;mq;mq;
89642;20110928120000;99540;130;3;140;3.600000;251.350000;244.950000;53;40000;2;1;1;25;0;8000;30;20;11;98960;mq;mq;mq;250.150000;mq;255.350000;mq;mq;mq;mq;mq;mq;mq;mq;mq;mq;mq;mq;mq;mq;mq;mq;mq;mq;mq;mq;2;0;6900;mq;mq;mq;mq;mq;mq;mq;mq;mq;
07005;20110928150000;102510;-160;6;110;4.100000;299.150000;286.950000;47;40000;2;1;1;0;mq;mq;mq;mq;mq;101650;mq;mq;mq;mq;mq;mq;mq;mq;mq;mq;mq;7.700000;-10;mq;mq;0.000000;-30;0.000000;0.000000;mq;mq;mq;710.000000;1108.000000;3100.000000;mq;mq;mq;mq;mq;mq;mq;mq;mq;mq;mq;mq;mq;
07015;20110928150000;102580;-170;6;100;3.100000;299.150000;289.450000;55;20000;2;1;1;0;mq;mq;mq;mq;mq;102040;mq;mq;mq;mq;mq;mq;mq;mq;mq;mq;mq;6.200000;-10;mq;mq;0.000000;-30;0.000000;0.000000;mq;mq;mq;710.000000;1106.000000;3100.000000;mq;mq;mq;mq;mq;mq;mq;mq;mq;mq;mq;mq;mq;
07020;20110928150000;102330;-190;6;90;4.100000;295.750000;290.850000;74;20000;2;1;1;25;2;3500;30;23;10;102070;mq;mq;mq;mq;mq;mq;mq;mq;mq;mq;mq;8.200000;-10;mq;mq;mq;mq;0.000000;0.000000;mq;mq;mq;710.000000;1108.000000;mq;mq;2;3;2400;mq;mq;mq;mq;mq;mq;mq;mq;mq;
07027;20110928150000;102310;-200;6;100;5.700000;300.950000;286.150000;40;40000;2;1;1;10;0;8000;30;20;11;101540;mq;mq;mq;mq;mq;mq;mq;mq;mq;mq;mq;8.200000;-10;mq;mq;0.000000;-30;0.000000;0.000000;mq;mq;mq;710.000000;1108.000000;3100.000000;mq;1;0;7800;mq;mq;mq;mq;mq;mq;mq;mq;mq;
07037;20110928150000;102410;-180;6;120;4.600000;299.050000;288.450000;52;20000;2;1;1;0;mq;mq;mq;mq;mq;100660;mq;mq;mq;mq;mq;mq;mq;mq;mq;mq;mq;7.200000;-10;mq;mq;0.000000;-30;0.000000;0.000000;mq;mq;mq;710.000000;1107.000000;3100.000000;mq;mq;mq;mq;mq;mq;mq;mq;mq;mq;mq;mq;mq;
07110;20110928150000;102040;-120;6;160;5.100000;299.650000;286.750000;45;30000;3;mq;mq;10;1;2250;35;20;10;100950;mq;mq;mq;mq;mq;mq;mq;mq;mq;mq;mq;7.200000;-10;mq;mq;mq;mq;0.000000;0.000000;mq;mq;mq;710.000000;1107.000000;mq;mq;1;6;1800;mq;mq;mq;mq;mq;mq;mq;mq;mq;
07117;20110928150000;102110;-110;6;100;2.600000;295.850000;289.650000;68;20000;2;1;1;25;2;2250;30;22;10;101430;mq;mq;mq;mq;mq;mq;mq;mq;mq;mq;mq;5.700000;-10;mq;mq;mq;mq;0.000000;0.000000;mq;mq;mq;710.000000;1106.000000;2428.000000;mq;mq;mq;mq;mq;mq;mq;mq;mq;mq;mq;mq;mq;
07130;20110928150000;102170;-160;6;120;5.700000;301.250000;287.150000;42;45000;0;mq;mq;mq;mq;mq;mq;mq;mq;101680;mq;mq;mq;mq;mq;mq;mq;mq;mq;mq;mq;8.700000;-10;mq;mq;mq;mq;0.000000;0.000000;mq;mq;mq;710.000000;1109.000000;mq;mq;mq;mq;mq;mq;mq;mq;mq;mq;mq;mq;mq;mq;
07139;20110928150000;102290;-180;6;140;2.600000;300.450000;285.250000;39;30000;2;1;1;10;0;8000;30;20;12;100640;mq;mq;mq;mq;mq;mq;mq;mq;mq;mq;mq;6.700000;-10;mq;mq;0.000000;-30;0.000000;0.000000;mq;mq;mq;710.000000;1107.000000;3100.000000;mq;1;0;6900;mq;mq;mq;mq;mq;mq;mq;mq;mq;
07149;20110928150000;102380;-200;6;80;5.100000;300.850000;283.950000;35;25000;2;1;1;0;mq;mq;mq;mq;mq;101350;mq;mq;mq;mq;mq;mq;mq;mq;mq;mq;mq;8.200000;-10;mq;mq;0.000000;-30;0.000000;0.000000;mq;mq;mq;710.000000;1108.000000;3100.000000;mq;mq;mq;mq;mq;mq;mq;mq;mq;mq;mq;mq;mq;
07168;20110928150000;102410;-150;6;110;3.600000;301.250000;282.550000;31;20000;2;1;1;0;mq;mq;mq;mq;mq;101060;mq;mq;mq;mq;mq;mq;mq;mq;mq;mq;mq;7.200000;-10;mq;mq;0.000000;-30;0.000000;0.000000;mq;mq;mq;710.000000;1107.000000;3100.000000;mq;mq;mq;mq;mq;mq;mq;mq;mq;mq;mq;mq;mq;
07181;20110928150000;102470;-140;6;70;3.600000;298.350000;285.550000;45;45000;0;mq;mq;mq;mq;mq;mq;mq;mq;98560;mq;mq;mq;mq;mq;mq;mq;mq;mq;mq;mq;6.700000;-10;mq;mq;mq;mq;0.000000;0.000000;mq;mq;mq;710.000000;1107.000000;mq;mq;mq;mq;mq;mq;mq;mq;mq;mq;mq;mq;mq;mq;
07190;20110928150000;102540;-150;6;30;4.100000;299.550000;287.350000;47;40000;0;mq;mq;mq;mq;mq;mq;mq;mq;100800;mq;mq;mq;mq;mq;mq;mq;mq;mq;mq;mq;8.200000;-10;mq;mq;mq;mq;0.000000;0.000000;mq;mq;mq;710.000000;1108.000000;mq;mq;mq;mq;mq;mq;mq;mq;mq;mq;mq;mq;mq;mq;
07207;20110928150000;mq;mq;mq;130;3.600000;294.050000;288.850000;72;12000;2;1;1;25;0;8000;30;20;18;mq;mq;mq;mq;mq;mq;mq;mq;mq;mq;mq;mq;6.200000;-10;mq;mq;mq;mq;0.000000;0.000000;mq;mq;mq;710.000000;1106.000000;2427.000000;mq;mq;mq;mq;mq;mq;mq;mq;mq;mq;mq;mq;mq;
07222;20110928150000;102120;-130;6;110;3.600000;302.050000;288.250000;43;30000;2;1;1;25;0;8000;30;20;12;101820;mq;mq;mq;mq;mq;mq;mq;mq;mq;mq;mq;5.700000;-10;mq;mq;mq;mq;0.000000;0.000000;mq;mq;mq;710.000000;1106.000000;mq;mq;2;0;6900;mq;mq;mq;mq;mq;mq;mq;mq;mq;
07240;20110928150000;102240;-170;6;100;3.600000;301.250000;285.550000;38;60000;0;mq;mq;mq;mq;mq;mq;mq;mq;100960;mq;mq;mq;mq;mq;mq;mq;mq;mq;mq;mq;7.200000;-10;mq;mq;mq;mq;0.000000;0.000000;mq;mq;mq;710.000000;1107.000000;mq;mq;mq;mq;mq;mq;mq;mq;mq;mq;mq;mq;mq;mq;
07255;20110928150000;102290;-140;6;110;3.100000;300.150000;286.550000;43;20000;2;1;1;0;mq;mq;mq;mq;mq;100390;mq;mq;mq;mq;mq;mq;mq;mq;mq;mq;mq;6.700000;-10;mq;mq;0.000000;-30;0.000000;0.000000;mq;mq;mq;710.000000;1107.000000;3100.000000;mq;mq;mq;mq;mq;mq;mq;mq;mq;mq;mq;mq;mq;
07280;20110928150000;102390;-130;6;80;2.100000;298.850000;286.350000;46;40000;0;mq;mq;mq;mq;mq;mq;mq;mq;99790;mq;mq;mq;mq;mq;mq;mq;mq;mq;mq;mq;4.100000;-10;mq;mq;mq;mq;0.000000;0.000000;mq;mq;mq;710.000000;1104.000000;mq;mq;mq;mq;mq;mq;mq;mq;mq;mq;mq;mq;mq;mq;
07299;20110928150000;102440;-140;6;10;2.600000;298.250000;286.450000;48;20000;2;1;1;0;mq;mq;mq;mq;mq;99320;mq;mq;mq;mq;mq;mq;mq;mq;mq;mq;mq;5.100000;-10;mq;mq;0.000000;-30;0.000000;0.000000;mq;mq;mq;710.000000;1105.000000;3100.000000;mq;mq;mq;mq;mq;mq;mq;mq;mq;mq;mq;mq;mq;
07314;20110928150000;102150;-130;6;320;1.500000;297.450000;292.250000;73;16000;2;1;1;60;2;3500;30;22;12;101880;mq;mq;mq;mq;mq;mq;mq;mq;mq;mq;mq;3.100000;-10;mq;mq;mq;mq;0.000000;0.000000;mq;mq;mq;710.000000;1103.000000;2427.000000;mq;2;4;2400;3;0;4800;mq;mq;mq;mq;mq;mq;
07335;20110928150000;102200;-130;6;140;2.100000;302.050000;283.250000;31;30000;2;1;1;10;0;mq;30;20;11;100830;mq;mq;mq;mq;mq;mq;mq;mq;mq;mq;mq;5.700000;-10;mq;mq;mq;mq;0.000000;0.000000;mq;mq;mq;710.000000;1106.000000;mq;mq;1;0;7800;mq;mq;mq;mq;mq;mq;mq;mq;mq;
07434;20110928150000;102150;-100;6;140;2.100000;300.050000;282.450000;33;45000;0;mq;mq;mq;mq;mq;mq;mq;mq;97610;mq;mq;mq;mq;mq;mq;mq;mq;mq;mq;mq;4.100000;-10;mq;mq;mq;mq;0.000000;0.000000;mq;mq;mq;710.000000;1104.000000;mq;mq;mq;mq;mq;mq;mq;mq;mq;mq;mq;mq;mq;mq;
07460;20110928150000;102170;-140;6;100;1.500000;300.750000;285.550000;39;40000;2;1;1;10;1;1750;31;20;10;98490;mq;mq;mq;mq;mq;mq;mq;mq;mq;mq;mq;4.100000;-10;mq;mq;0.000000;-30;0.000000;0.000000;mq;mq;mq;710.000000;1104.000000;3100.000000;mq;1;8;1500;mq;mq;mq;mq;mq;mq;mq;mq;mq;
07471;20110928150000;mq;-110;6;70;1.000000;298.150000;278.350000;28;50000;2;1;1;25;2;1750;31;20;10;92900;85000;18350;mq;mq;mq;mq;mq;mq;mq;mq;mq;4.100000;-10;mq;mq;0.000000;-30;0.000000;0.000000;mq;mq;mq;710.000000;1104.000000;3100.000000;mq;2;8;1500;mq;mq;mq;mq;mq;mq;mq;mq;mq;
07481;20110928150000;102310;-150;6;0;0.000000;299.550000;287.350000;47;20000;2;1;1;10;1;1750;31;20;10;99570;mq;mq;mq;mq;mq;mq;mq;mq;mq;mq;mq;3.100000;-10;mq;mq;0.000000;-30;0.000000;0.000000;mq;mq;mq;710.000000;1103.000000;3100.000000;mq;1;8;1500;mq;mq;mq;mq;mq;mq;mq;mq;mq;
07510;20110928150000;102020;-160;6;110;3.600000;304.150000;284.050000;29;40000;2;1;1;50;0;mq;30;20;12;101410;mq;mq;mq;mq;mq;mq;mq;mq;mq;mq;mq;7.200000;-10;mq;mq;0.000000;-30;0.000000;0.000000;mq;mq;mq;710.000000;1107.000000;3100.000000;mq;4;0;7800;mq;mq;mq;mq;mq;mq;mq;mq;mq;
07535;20110928150000;102060;-140;6;100;3.100000;303.450000;278.650000;21;30000;2;1;1;25;0;8000;30;20;11;99120;mq;mq;mq;mq;mq;mq;mq;mq;mq;mq;mq;8.200000;-10;mq;mq;0.000000;-30;0.000000;0.000000;mq;mq;mq;710.000000;1108.000000;3100.000000;mq;2;0;7500;mq;mq;mq;mq;mq;mq;mq;mq;mq;
07558;20110928150000;102160;-50;6;170;5.700000;299.050000;279.150000;28;50000;2;1;1;10;1;2250;31;20;10;94230;mq;mq;mq;mq;mq;mq;mq;mq;mq;mq;mq;9.800000;-10;mq;mq;0.000000;-30;0.000000;0.000000;mq;mq;mq;710.000000;1110.000000;3100.000000;mq;1;8;1800;mq;mq;mq;mq;mq;mq;mq;mq;mq;
07577;20110928150000;102250;-170;6;180;1.500000;303.550000;283.550000;29;30000;2;1;1;10;1;1250;31;20;10;101410;mq;mq;mq;mq;mq;mq;mq;mq;mq;mq;mq;3.600000;-10;mq;mq;0.000000;-30;0.000000;0.000000;mq;mq;mq;710.000000;1104.000000;3100.000000;mq;1;8;1380;mq;mq;mq;mq;mq;mq;mq;mq;mq;
07591;20110928150000;mq;-140;6;220;4.600000;298.650000;275.950000;23;mq;0;mq;mq;mq;mq;mq;mq;mq;mq;92440;mq;mq;mq;mq;mq;mq;mq;mq;mq;mq;mq;8.200000;-10;mq;mq;mq;mq;0.000000;0.000000;mq;mq;mq;710.000000;1108.000000;mq;mq;mq;mq;mq;mq;mq;mq;mq;mq;mq;mq;mq;mq;
07607;20110928150000;102030;-140;6;170;1.500000;304.850000;285.150000;30;60000;0;mq;mq;mq;mq;mq;mq;mq;mq;101360;mq;mq;mq;mq;mq;mq;mq;mq;mq;mq;mq;4.100000;-10;mq;mq;mq;mq;0.000000;0.000000;mq;mq;mq;710.000000;1104.000000;mq;mq;mq;mq;mq;mq;mq;mq;mq;mq;mq;mq;mq;mq;
07621;20110928150000;102010;-110;6;120;2.100000;301.550000;284.150000;34;40000;2;1;1;25;1;2250;32;20;12;97930;mq;mq;mq;mq;mq;mq;mq;mq;mq;mq;mq;4.600000;-10;mq;mq;0.000000;-30;0.000000;0.000000;mq;mq;mq;710.000000;1105.000000;3100.000000;mq;1;8;1800;mq;mq;mq;mq;mq;mq;mq;mq;mq;
07627;20110928150000;102010;-110;6;70;2.100000;301.050000;282.850000;32;40000;2;1;1;10;1;2250;32;20;10;97410;mq;mq;mq;mq;mq;mq;mq;mq;mq;mq;mq;4.600000;-10;mq;mq;0.000000;-30;0.000000;0.000000;mq;mq;mq;710.000000;1105.000000;3100.000000;mq;1;8;2400;mq;mq;mq;mq;mq;mq;mq;mq;mq;
07630;20110928150000;102060;-140;6;130;4.600000;303.850000;281.550000;25;30000;2;1;1;0;mq;mq;mq;mq;mq;100360;mq;mq;mq;mq;mq;mq;mq;mq;mq;mq;mq;8.200000;-10;mq;mq;0.000000;-30;0.000000;0.000000;mq;mq;mq;710.000000;1108.000000;3100.000000;mq;mq;mq;mq;mq;mq;mq;mq;mq;mq;mq;mq;mq;
07643;20110928150000;102410;-70;7;190;3.100000;298.750000;286.550000;47;19000;0;mq;mq;mq;mq;mq;mq;mq;mq;102320;mq;mq;mq;mq;mq;mq;mq;mq;mq;mq;mq;4.600000;-10;mq;mq;mq;mq;0.000000;0.000000;mq;mq;mq;710.000000;1105.000000;mq;mq;mq;mq;mq;mq;mq;mq;mq;mq;mq;mq;mq;mq;
07650;20110928150000;102330;-80;6;180;5.700000;300.950000;283.150000;33;40000;2;1;1;0;mq;mq;mq;mq;mq;101960;mq;mq;mq;mq;mq;mq;mq;mq;mq;mq;mq;8.200000;-10;mq;mq;0.000000;-30;0.000000;0.000000;mq;mq;mq;710.000000;1108.000000;3100.000000;mq;mq;mq;mq;mq;mq;mq;mq;mq;mq;mq;mq;mq;
07661;20110928150000;102350;-80;6;200;3.100000;297.550000;288.750000;58;20000;2;1;1;25;2;2250;30;22;10;100800;mq;mq;mq;mq;mq;mq;mq;mq;mq;mq;mq;6.700000;-10;mq;mq;mq;mq;0.000000;0.000000;mq;mq;mq;710.000000;1107.000000;mq;mq;2;4;1800;mq;mq;mq;mq;mq;mq;mq;mq;mq;
07690;20110928150000;102360;-90;6;190;1.500000;301.150000;285.050000;37;30000;2;1;1;10;1;1750;31;20;10;102040;mq;mq;mq;mq;mq;mq;mq;mq;mq;mq;mq;3.100000;-10;mq;mq;0.000000;-30;0.000000;0.000000;mq;mq;mq;710.000000;1103.000000;3100.000000;mq;1;8;1500;mq;mq;mq;mq;mq;mq;mq;mq;mq;
07747;20110928150000;102340;-110;6;90;4.600000;299.550000;287.950000;49;20000;2;1;1;10;1;1750;31;20;11;101830;mq;mq;mq;mq;mq;mq;mq;mq;mq;mq;mq;7.700000;-10;mq;mq;mq;mq;0.000000;0.000000;mq;mq;mq;710.000000;1108.000000;mq;mq;1;8;1500;mq;mq;mq;mq;mq;mq;mq;mq;mq;
07761;20110928150000;102180;-80;6;220;3.100000;298.450000;291.650000;66;25000;2;1;1;50;1;1250;32;24;12;102080;mq;mq;mq;mq;mq;mq;mq;mq;mq;mq;mq;3.600000;-10;mq;mq;0.000000;-30;0.000000;0.000000;mq;mq;mq;710.000000;1104.000000;3100.000000;mq;1;8;1200;3;0;6900;mq;mq;mq;mq;mq;mq;
07790;20110928150000;102260;-100;7;340;2.600000;299.850000;284.350000;38;15000;2;1;1;40;0;8000;30;20;11;102120;mq;mq;mq;mq;mq;mq;mq;mq;mq;mq;mq;4.600000;-10;mq;mq;0.000000;-30;0.000000;0.000000;mq;mq;mq;710.000000;1105.000000;3100.000000;mq;3;0;5400;mq;mq;mq;mq;mq;mq;mq;mq;mq;
61968;20110928150000;101410;mq;mq;80;5.100000;299.050000;293.850000;73;mq;mq;mq;mq;mq;mq;mq;mq;mq;mq;mq;mq;mq;mq;mq;mq;mq;mq;mq;mq;mq;mq;10.800000;-10;mq;mq;mq;mq;0.000000;0.000000;mq;mq;mq;710.000000;1111.000000;mq;mq;mq;mq;mq;mq;mq;mq;mq;mq;mq;mq;mq;mq;
61970;20110928150000;101560;mq;mq;mq;mq;299.750000;296.450000;82;mq;mq;mq;mq;mq;mq;mq;mq;mq;mq;mq;mq;mq;mq;mq;mq;mq;mq;mq;mq;mq;mq;mq;mq;mq;mq;mq;mq;0.000000;0.000000;mq;mq;mq;mq;mq;mq;mq;mq;mq;mq;mq;mq;mq;mq;mq;mq;mq;mq;mq;
61972;20110928150000;101750;mq;mq;210;3.100000;297.350000;293.450000;79;mq;mq;mq;mq;mq;mq;mq;mq;mq;mq;mq;mq;mq;30;mq;mq;mq;mq;mq;mq;mq;mq;6.200000;-10;mq;mq;mq;mq;0.000000;0.000000;mq;mq;mq;710.000000;1106.000000;mq;mq;mq;mq;mq;mq;mq;mq;mq;mq;mq;mq;mq;mq;
61976;20110928150000;101800;mq;mq;130;7.200000;297.050000;292.550000;76;mq;mq;mq;mq;mq;mq;mq;mq;mq;mq;101650;mq;mq;mq;mq;mq;mq;mq;mq;mq;mq;mq;mq;mq;mq;mq;mq;mq;mq;mq;mq;mq;mq;mq;mq;mq;mq;mq;mq;mq;mq;mq;mq;mq;mq;mq;mq;mq;mq;
61980;20110928150000;102000;mq;mq;140;4.600000;294.750000;289.450000;72;12000;2;1;1;90;7;800;38;61;60;mq;mq;mq;mq;mq;mq;mq;mq;mq;mq;mq;mq;7.200000;-10;mq;mq;mq;mq;0.000000;0.000000;mq;mq;mq;710.000000;1107.000000;mq;mq;3;8;780;6;6;1290;mq;mq;mq;mq;mq;mq;
61997;20110928150000;98730;mq;mq;250;14.400000;275.450000;271.450000;75;mq;mq;mq;mq;mq;mq;mq;mq;mq;mq;mq;mq;mq;mq;mq;mq;mq;mq;mq;mq;mq;mq;30.400000;-30;mq;mq;mq;mq;mq;1.000000;mq;mq;mq;1130.000000;mq;mq;mq;mq;mq;mq;mq;mq;mq;mq;mq;mq;mq;mq;mq;
61998;20110928150000;98220;mq;mq;290;9.300000;277.550000;273.350000;74;mq;mq;mq;mq;mq;mq;mq;mq;mq;mq;mq;mq;mq;mq;mq;mq;mq;mq;mq;mq;mq;mq;15.400000;-10;mq;mq;mq;mq;0.000000;0.000000;mq;mq;mq;710.000000;1115.000000;mq;mq;mq;mq;mq;mq;mq;mq;mq;mq;mq;mq;mq;mq;
67005;20110928150000;101480;mq;mq;110;2.600000;299.250000;295.950000;82;mq;0;mq;mq;mq;mq;mq;mq;mq;mq;mq;mq;mq;mq;mq;mq;mq;mq;mq;mq;mq;mq;4.100000;-10;mq;mq;mq;mq;0.000000;1.000000;mq;mq;mq;710.000000;1104.000000;mq;mq;mq;mq;mq;mq;mq;mq;mq;mq;mq;mq;mq;mq;
71805;20110928150000;102050;-50;8;300;5.100000;287.050000;276.750000;50;25000;2;1;1;50;1;450;35;20;11;101970;mq;mq;mq;mq;mq;mq;mq;mq;mq;mq;mq;8.700000;-10;mq;mq;0.000000;-30;0.000000;0.000000;mq;mq;mq;710.000000;1109.000000;3100.000000;mq;1;6;390;4;0;7500;mq;mq;mq;mq;mq;mq;
78897;20110928150000;101050;0;0;310;6.200000;303.250000;296.650000;68;30000;2;1;1;60;3;800;32;20;12;mq;mq;mq;mq;mq;mq;mq;mq;mq;mq;mq;mq;mq;mq;mq;mq;mq;mq;mq;mq;mq;mq;mq;mq;mq;mq;mq;3;8;900;3;0;7800;mq;mq;mq;mq;mq;mq;
78922;20110928150000;101190;40;0;230;6.200000;303.650000;297.050000;68;mq;mq;mq;mq;mq;mq;mq;mq;mq;mq;100750;mq;mq;mq;mq;mq;mq;mq;mq;mq;mq;mq;mq;mq;mq;mq;mq;mq;mq;mq;mq;mq;mq;mq;mq;mq;mq;mq;mq;mq;mq;mq;mq;mq;mq;mq;mq;mq;mq;
78925;20110928150000;101240;50;1;250;3.100000;301.550000;298.350000;83;15000;2;9;2;90;3;800;38;20;12;mq;mq;mq;mq;mq;mq;mq;mq;mq;mq;mq;mq;mq;mq;mq;mq;mq;mq;mq;mq;mq;mq;mq;mq;mq;mq;mq;3;8;780;5;6;1500;5;0;7800;mq;mq;mq;
81401;20110928150000;101270;mq;mq;120;4.600000;305.650000;294.850000;53;mq;mq;mq;mq;mq;mq;mq;mq;mq;mq;101210;mq;mq;mq;mq;mq;mq;mq;mq;mq;mq;mq;mq;mq;mq;mq;mq;mq;mq;0.000000;mq;mq;mq;mq;mq;mq;mq;mq;mq;mq;mq;mq;mq;mq;mq;mq;mq;mq;mq;
81405;20110928150000;101310;mq;mq;120;4.600000;305.350000;296.050000;58;10000;2;1;1;75;3;1250;31;20;11;101220;mq;mq;mq;mq;mq;mq;mq;mq;mq;mq;mq;mq;mq;mq;mq;mq;mq;mq;0.000000;mq;mq;mq;mq;mq;mq;mq;mq;mq;mq;mq;mq;mq;mq;mq;mq;mq;mq;mq;
81408;20110928150000;101310;mq;mq;110;3.100000;305.750000;294.650000;52;mq;mq;mq;mq;mq;mq;mq;mq;mq;mq;101230;mq;mq;mq;mq;mq;mq;mq;mq;mq;mq;mq;mq;mq;mq;mq;mq;mq;mq;0.200000;mq;mq;mq;mq;mq;mq;mq;mq;mq;mq;mq;mq;mq;mq;mq;mq;mq;mq;mq;
89642;20110928150000;99570;30;3;100;3.600000;251.350000;244.550000;51;mq;mq;mq;mq;mq;mq;mq;mq;mq;mq;98990;mq;mq;mq;mq;mq;mq;mq;mq;mq;mq;mq;mq;mq;mq;mq;mq;mq;mq;mq;mq;mq;mq;mq;mq;mq;mq;mq;mq;mq;mq;mq;mq;mq;mq;mq;mq;mq;mq;
07005;20110928180000;102480;-40;5;80;2.100000;294.950000;287.850000;64;mq;mq;mq;mq;mq;mq;mq;mq;mq;mq;101610;mq;mq;mq;286.550000;mq;299.150000;mq;mq;mq;mq;mq;3.100000;-10;mq;mq;mq;mq;0.000000;0.000000;mq;0.000000;mq;710.000000;1103.000000;mq;mq;mq;mq;mq;mq;mq;mq;mq;mq;mq;mq;mq;mq;
07015;20110928180000;102560;-30;5;60;3.600000;294.550000;288.650000;69;20000;2;1;1;0;mq;mq;mq;mq;mq;102010;mq;mq;mq;286.250000;mq;299.250000;mq;mq;mq;mq;mq;4.100000;-10;mq;mq;0.000000;-60;0.000000;0.000000;mq;0.200000;mq;710.000000;1104.000000;3100.000000;mq;mq;mq;mq;mq;mq;mq;mq;mq;mq;mq;mq;mq;
07020;20110928180000;102300;-30;5;100;3.600000;292.050000;289.650000;86;14000;2;1;1;50;3;3500;30;23;11;102040;mq;mq;mq;291.050000;mq;296.350000;mq;mq;mq;mq;mq;5.700000;-10;mq;mq;mq;mq;0.000000;0.000000;mq;0.000000;mq;710.000000;1106.000000;mq;mq;3;3;2400;mq;mq;mq;mq;mq;mq;mq;mq;mq;
07027;20110928180000;102310;-20;5;100;3.100000;293.650000;287.550000;68;24000;0;mq;mq;mq;mq;mq;mq;mq;mq;101520;mq;mq;mq;285.150000;mq;301.150000;mq;mq;mq;mq;mq;5.100000;-10;mq;mq;mq;mq;0.000000;0.000000;mq;0.200000;mq;710.000000;1105.000000;mq;mq;mq;mq;mq;mq;mq;mq;mq;mq;mq;mq;mq;mq;
07037;20110928180000;102400;-40;6;60;3.600000;293.150000;288.750000;76;24000;0;mq;mq;mq;mq;mq;mq;mq;mq;100620;mq;mq;mq;286.150000;mq;299.350000;mq;mq;mq;mq;mq;4.100000;-10;mq;mq;mq;mq;0.000000;0.000000;mq;0.200000;mq;710.000000;1104.000000;mq;mq;mq;mq;mq;mq;mq;mq;mq;mq;mq;mq;mq;mq;
07110;20110928180000;102120;60;3;180;3.600000;293.350000;287.450000;69;30000;2;mq;mq;10;0;8000;30;20;11;101010;mq;mq;mq;291.850000;mq;300.450000;mq;mq;mq;mq;mq;6.700000;-10;mq;mq;mq;mq;0.000000;0.000000;mq;0.000000;mq;710.000000;1107.000000;mq;mq;1;0;6900;mq;mq;mq;mq;mq;mq;mq;mq;mq;
07117;20110928180000;102100;0;5;170;3.100000;297.450000;286.650000;51;20000;2;1;1;10;1;2250;30;22;10;101430;mq;mq;mq;291.350000;mq;302.250000;mq;mq;mq;mq;mq;5.100000;-10;mq;mq;mq;mq;0.000000;0.000000;mq;0.000000;mq;710.000000;1105.000000;2428.000000;mq;mq;mq;mq;mq;mq;mq;mq;mq;mq;mq;mq;mq;
07130;20110928180000;102170;-10;5;90;2.100000;296.250000;288.350000;61;24000;0;mq;mq;mq;mq;mq;mq;mq;mq;101670;mq;mq;mq;286.650000;mq;301.650000;mq;mq;mq;mq;mq;4.600000;-10;mq;mq;mq;mq;0.000000;0.000000;mq;0.200000;mq;710.000000;1105.000000;mq;mq;mq;mq;mq;mq;mq;mq;mq;mq;mq;mq;mq;mq;
07139;20110928180000;102300;-20;5;60;1.500000;294.850000;286.750000;60;mq;mq;mq;mq;mq;mq;mq;mq;mq;mq;100620;mq;mq;mq;286.350000;mq;300.550000;mq;mq;mq;mq;mq;2.600000;-10;mq;mq;mq;mq;0.000000;0.000000;mq;0.000000;mq;710.000000;1103.000000;mq;mq;mq;mq;mq;mq;mq;mq;mq;mq;mq;mq;mq;mq;
07149;20110928180000;102390;-10;5;100;1.000000;295.550000;285.450000;53;20000;2;1;1;0;mq;mq;mq;mq;mq;101340;mq;mq;mq;286.550000;mq;301.050000;mq;mq;mq;mq;mq;4.600000;-10;mq;mq;0.000000;-60;0.000000;0.000000;mq;0.200000;mq;710.000000;1105.000000;3100.000000;mq;mq;mq;mq;mq;mq;mq;mq;mq;mq;mq;mq;mq;
07168;20110928180000;102430;-10;5;100;1.500000;295.150000;284.850000;52;18000;0;mq;mq;mq;mq;mq;mq;mq;mq;101050;mq;mq;mq;283.450000;mq;301.350000;mq;mq;mq;mq;mq;2.100000;-10;mq;mq;mq;mq;0.000000;0.000000;mq;0.200000;mq;710.000000;1102.000000;mq;mq;mq;mq;mq;mq;mq;mq;mq;mq;mq;mq;mq;mq;
07181;20110928180000;102540;10;3;80;3.100000;294.150000;285.850000;59;50000;0;mq;mq;mq;mq;mq;mq;mq;mq;98570;mq;mq;mq;284.150000;mq;298.650000;mq;mq;mq;mq;mq;5.100000;-10;mq;mq;mq;mq;0.000000;0.000000;mq;0.000000;mq;710.000000;1105.000000;mq;mq;mq;mq;mq;mq;mq;mq;mq;mq;mq;mq;mq;mq;
07190;20110928180000;102590;20;3;40;3.100000;294.650000;287.550000;64;25000;0;mq;mq;mq;mq;450;mq;mq;mq;100820;mq;mq;mq;285.650000;mq;299.950000;mq;mq;mq;mq;mq;5.700000;-10;mq;mq;mq;mq;0.000000;0.000000;mq;0.200000;mq;710.000000;1106.000000;mq;mq;mq;mq;mq;mq;mq;mq;mq;mq;mq;mq;mq;mq;
07207;20110928180000;mq;mq;mq;170;2.100000;292.750000;288.450000;76;12000;2;1;1;40;2;3500;30;25;18;mq;mq;mq;mq;292.150000;mq;294.550000;mq;mq;mq;mq;mq;4.100000;-10;mq;mq;mq;mq;0.000000;0.000000;mq;0.000000;mq;710.000000;1104.000000;2427.000000;mq;mq;mq;mq;mq;mq;mq;mq;mq;mq;mq;mq;mq;
07222;20110928180000;102110;-10;5;110;2.100000;296.750000;288.750000;61;30000;2;1;1;10;0;8000;30;20;12;101810;mq;mq;mq;289.050000;mq;302.350000;mq;mq;mq;mq;mq;3.100000;-10;mq;mq;mq;mq;0.000000;0.000000;mq;0.000000;mq;710.000000;1103.000000;mq;mq;1;0;6900;mq;mq;mq;mq;mq;mq;mq;mq;mq;
07240;20110928180000;102270;0;5;100;1.000000;295.350000;287.450000;61;35000;2;1;1;0;mq;mq;mq;mq;mq;100960;mq;mq;mq;288.350000;mq;301.250000;mq;mq;mq;mq;mq;3.600000;-10;mq;mq;0.000000;-60;0.000000;0.000000;mq;0.000000;mq;710.000000;1104.000000;3100.000000;mq;mq;mq;mq;mq;mq;mq;mq;mq;mq;mq;mq;mq;
07255;20110928180000;102330;0;5;110;2.600000;294.450000;287.350000;64;20000;0;mq;mq;mq;mq;mq;mq;mq;mq;100390;mq;mq;mq;286.650000;mq;300.450000;mq;mq;mq;mq;mq;3.600000;-10;mq;mq;mq;mq;0.000000;0.000000;mq;0.000000;mq;710.000000;1104.000000;mq;mq;mq;mq;mq;mq;mq;mq;mq;mq;mq;mq;mq;mq;
07299;20110928180000;102550;30;3;290;1.000000;291.150000;287.250000;78;16000;2;1;1;0;mq;mq;mq;mq;mq;99350;mq;mq;mq;281.350000;mq;298.250000;mq;mq;mq;mq;mq;4.100000;-10;mq;mq;0.000000;-60;0.000000;0.000000;mq;0.000000;mq;710.000000;1104.000000;3100.000000;mq;mq;mq;mq;mq;mq;mq;mq;mq;mq;mq;mq;mq;
07314;20110928180000;102150;0;0;310;1.500000;294.550000;290.150000;76;mq;mq;mq;mq;mq;mq;mq;mq;mq;mq;101880;mq;mq;mq;291.450000;mq;298.850000;mq;mq;mq;mq;mq;2.600000;-10;mq;mq;mq;mq;0.000000;0.000000;mq;0.000000;mq;710.000000;1103.000000;mq;mq;mq;mq;mq;mq;mq;mq;mq;mq;mq;mq;mq;mq;
07335;20110928180000;102200;-20;5;0;0.000000;297.150000;285.450000;48;50000;0;mq;mq;mq;mq;mq;mq;mq;mq;100810;mq;mq;mq;288.250000;mq;302.050000;mq;mq;mq;mq;mq;2.100000;-10;mq;mq;mq;mq;0.000000;0.000000;mq;0.000000;mq;710.000000;1102.000000;mq;mq;mq;mq;mq;mq;mq;mq;mq;mq;mq;mq;mq;mq;
07434;20110928180000;102190;-10;5;60;1.500000;296.250000;284.350000;47;40000;0;mq;mq;mq;mq;mq;mq;mq;mq;97600;mq;mq;mq;289.850000;mq;300.350000;mq;mq;mq;mq;mq;2.100000;-10;mq;mq;mq;mq;0.000000;0.000000;mq;0.000000;mq;710.000000;1102.000000;mq;mq;mq;mq;mq;mq;mq;mq;mq;mq;mq;mq;mq;mq;
07460;20110928180000;102250;10;3;0;0.000000;295.350000;285.350000;53;40000;2;1;1;0;mq;mq;mq;mq;mq;98500;mq;mq;mq;285.550000;mq;301.550000;mq;mq;mq;mq;mq;2.600000;-10;mq;mq;0.000000;-60;0.000000;0.000000;mq;0.000000;mq;710.000000;1103.000000;3100.000000;mq;mq;mq;mq;mq;mq;mq;mq;mq;mq;mq;mq;mq;
07471;20110928180000;mq;40;3;200;1.500000;290.850000;279.650000;48;20000;0;mq;mq;mq;mq;mq;mq;mq;mq;92940;85000;18380;mq;279.650000;mq;299.050000;mq;mq;mq;mq;mq;2.600000;-10;mq;mq;mq;mq;0.000000;0.000000;mq;0.000000;mq;710.000000;1103.000000;mq;mq;mq;mq;mq;mq;mq;mq;mq;mq;mq;mq;mq;mq;
07481;20110928180000;102330;-10;5;90;2.100000;296.250000;288.350000;61;30000;2;1;1;10;0;8000;30;20;11;99560;mq;mq;mq;287.250000;mq;300.750000;mq;mq;mq;mq;mq;7.200000;-10;mq;mq;0.000000;-60;0.000000;0.000000;mq;0.000000;mq;710.000000;1107.000000;3100.000000;mq;1;0;7500;mq;mq;mq;mq;mq;mq;mq;mq;mq;
07510;20110928180000;102090;60;3;300;2.600000;299.350000;284.250000;39;40000;4;0;0;50;0;mq;30;20;12;101470;mq;mq;mq;288.850000;mq;304.350000;mq;mq;mq;mq;mq;4.100000;-10;mq;mq;0.000000;-60;0.000000;0.000000;mq;0.000000;mq;710.000000;1104.000000;3100.000000;mq;4;0;7800;mq;mq;mq;mq;mq;mq;mq;mq;mq;
07535;20110928180000;102140;40;3;150;3.100000;298.750000;279.350000;29;mq;mq;mq;mq;mq;mq;mq;mq;mq;mq;99160;mq;mq;mq;290.850000;mq;304.450000;mq;mq;mq;mq;mq;5.100000;-10;mq;mq;mq;mq;0.000000;0.000000;mq;0.000000;mq;710.000000;1105.000000;mq;mq;mq;mq;mq;mq;mq;mq;mq;mq;mq;mq;mq;mq;
07558;20110928180000;102360;30;3;160;3.600000;293.050000;281.350000;47;mq;mq;mq;mq;mq;mq;mq;mq;mq;mq;94260;mq;mq;mq;286.650000;mq;300.350000;mq;mq;mq;mq;mq;7.200000;-10;mq;mq;mq;mq;0.000000;0.000000;mq;0.000000;mq;710.000000;1107.000000;mq;mq;mq;mq;mq;mq;mq;mq;mq;mq;mq;mq;mq;mq;
07577;20110928180000;102280;10;3;40;1.000000;296.150000;287.750000;59;19000;0;mq;mq;mq;mq;mq;mq;mq;mq;101420;mq;mq;mq;288.850000;mq;303.750000;mq;mq;mq;mq;mq;1.500000;-10;mq;mq;mq;mq;0.000000;0.000000;mq;0.000000;mq;710.000000;1102.000000;mq;mq;mq;mq;mq;mq;mq;mq;mq;mq;mq;mq;mq;mq;
07591;20110928180000;mq;60;3;330;1.500000;291.450000;279.650000;46;mq;0;mq;mq;mq;mq;mq;mq;mq;mq;92500;mq;mq;mq;286.150000;mq;299.050000;mq;mq;mq;mq;mq;2.100000;-10;mq;mq;mq;mq;0.000000;0.000000;mq;0.000000;mq;710.000000;1102.000000;mq;mq;mq;mq;mq;mq;mq;mq;mq;mq;mq;mq;mq;mq;
07607;20110928180000;102070;30;3;150;1.500000;300.450000;287.150000;44;18000;0;mq;mq;mq;mq;mq;mq;mq;mq;101390;mq;mq;mq;284.150000;mq;305.350000;mq;mq;mq;mq;mq;2.100000;-10;mq;mq;mq;mq;0.000000;0.000000;mq;0.000000;mq;710.000000;1102.000000;mq;mq;mq;mq;mq;mq;mq;mq;mq;mq;mq;mq;mq;mq;
07621;20110928180000;102140;30;3;200;1.500000;294.450000;288.950000;71;40000;2;1;1;50;3;3500;30;26;12;97960;mq;mq;mq;289.350000;mq;301.950000;mq;mq;mq;mq;mq;2.100000;-10;mq;mq;0.000000;-60;0.000000;0.000000;mq;0.000000;mq;710.000000;1102.000000;3100.000000;mq;3;3;2400;3;0;7200;mq;mq;mq;mq;mq;mq;
07627;20110928180000;102170;20;3;160;1.500000;292.550000;286.450000;68;mq;mq;mq;mq;mq;mq;mq;mq;mq;mq;97430;mq;mq;mq;285.050000;mq;301.850000;mq;mq;mq;mq;mq;3.100000;-10;mq;mq;mq;mq;0.000000;0.000000;mq;0.000000;mq;710.000000;1103.000000;mq;mq;mq;mq;mq;mq;mq;mq;mq;mq;mq;mq;mq;mq;
07630;20110928180000;102140;60;3;110;4.100000;299.550000;281.050000;31;50000;0;mq;mq;mq;mq;mq;mq;mq;mq;100420;mq;mq;mq;288.650000;mq;304.050000;mq;mq;mq;mq;mq;9.300000;-10;mq;mq;mq;mq;0.000000;0.000000;mq;0.000000;mq;710.000000;1109.000000;mq;mq;mq;mq;mq;mq;mq;mq;mq;mq;mq;mq;mq;mq;
07643;20110928180000;102390;-20;6;250;1.500000;294.650000;288.050000;66;30000;2;1;1;0;mq;mq;mq;mq;mq;102300;mq;mq;mq;288.150000;mq;301.350000;mq;mq;mq;mq;mq;3.600000;-10;mq;mq;mq;mq;0.000000;0.000000;mq;0.000000;mq;710.000000;1104.000000;mq;mq;mq;mq;mq;mq;mq;mq;mq;mq;mq;mq;mq;mq;
07650;20110928180000;102390;60;3;0;0.000000;296.150000;286.850000;56;30000;2;1;1;0;mq;mq;mq;mq;mq;102020;mq;mq;mq;290.050000;mq;302.650000;mq;mq;mq;mq;mq;2.600000;-10;mq;mq;0.000000;-60;0.000000;0.000000;mq;0.000000;mq;710.000000;1103.000000;3100.000000;mq;mq;mq;mq;mq;mq;mq;mq;mq;mq;mq;mq;mq;
07661;20110928180000;102370;10;3;90;1.500000;296.050000;285.350000;51;20000;2;1;1;25;2;2250;30;22;10;100810;mq;mq;mq;291.350000;mq;299.650000;mq;mq;mq;mq;mq;6.700000;-10;mq;mq;mq;mq;0.000000;0.000000;mq;0.000000;mq;710.000000;1107.000000;mq;mq;2;4;1800;mq;mq;mq;mq;mq;mq;mq;mq;mq;
07690;20110928180000;102360;-10;5;220;1.500000;296.350000;290.750000;71;20000;2;1;1;0;mq;mq;mq;mq;mq;102030;mq;mq;mq;292.350000;mq;301.650000;mq;mq;mq;mq;mq;2.600000;-10;mq;mq;0.000000;-60;0.000000;0.000000;mq;0.000000;mq;710.000000;1103.000000;3100.000000;mq;mq;mq;mq;mq;mq;mq;mq;mq;mq;mq;mq;mq;
07747;20110928180000;102370;20;3;30;1.500000;294.150000;289.950000;77;15000;0;mq;mq;mq;mq;mq;mq;mq;mq;101850;mq;mq;mq;286.450000;mq;300.050000;mq;mq;mq;mq;mq;4.600000;-10;mq;mq;mq;mq;0.000000;0.000000;mq;0.000000;mq;710.000000;1105.000000;mq;mq;mq;mq;mq;mq;mq;mq;mq;mq;mq;mq;mq;mq;
07761;20110928180000;102230;40;3;50;1.500000;294.950000;289.650000;72;15000;2;1;1;10;0;mq;30;20;11;102120;mq;mq;mq;288.450000;mq;298.950000;mq;mq;mq;mq;mq;2.100000;-10;mq;mq;0.000000;-60;0.000000;0.000000;mq;0.000000;mq;710.000000;1102.000000;3100.000000;mq;1;0;6900;mq;mq;mq;mq;mq;mq;mq;mq;mq;
07790;20110928180000;102280;20;3;250;1.500000;292.750000;285.250000;62;15000;2;1;1;10;0;8000;30;20;11;102140;mq;mq;mq;289.950000;mq;299.950000;mq;mq;mq;mq;mq;3.600000;-10;mq;mq;0.000000;-60;0.000000;0.000000;mq;0.000000;mq;710.000000;1104.000000;3100.000000;mq;1;0;5400;mq;mq;mq;mq;mq;mq;mq;mq;mq;
61970;20110928180000;101640;mq;mq;mq;mq;298.650000;296.150000;86;mq;mq;mq;mq;mq;mq;mq;mq;mq;mq;mq;mq;mq;mq;mq;mq;302.950000;mq;mq;mq;mq;mq;mq;mq;mq;mq;mq;mq;0.000000;mq;mq;0.000000;mq;mq;mq;mq;mq;mq;mq;mq;mq;mq;mq;mq;mq;mq;mq;mq;mq;
61972;20110928180000;101850;mq;mq;180;2.100000;294.350000;292.950000;92;mq;mq;mq;mq;mq;mq;mq;mq;mq;mq;mq;mq;mq;10;mq;mq;302.150000;mq;mq;mq;mq;mq;3.100000;-10;mq;mq;mq;mq;0.000000;mq;mq;0.000000;mq;710.000000;1103.000000;mq;mq;mq;mq;mq;mq;mq;mq;mq;mq;mq;mq;mq;mq;
61976;20110928180000;101910;mq;mq;130;6.200000;296.350000;291.650000;75;mq;mq;mq;mq;mq;mq;mq;mq;mq;mq;101760;mq;mq;mq;mq;mq;mq;mq;mq;mq;mq;mq;mq;mq;mq;mq;mq;mq;mq;mq;mq;mq;mq;mq;mq;mq;mq;mq;mq;mq;mq;mq;mq;mq;mq;mq;mq;mq;mq;
61980;20110928180000;102110;mq;mq;140;6.700000;293.550000;289.550000;78;10000;2;1;1;40;3;800;38;20;10;mq;mq;mq;mq;mq;mq;298.250000;mq;mq;mq;mq;mq;9.300000;-10;mq;mq;mq;mq;0.000000;mq;mq;0.000000;mq;710.000000;1109.000000;mq;mq;1;8;780;mq;mq;mq;mq;mq;mq;mq;mq;mq;
61996;20110928180000;102220;mq;mq;300;10.300000;284.950000;230.150000;mq;mq;mq;mq;mq;mq;mq;mq;mq;mq;mq;mq;mq;mq;mq;mq;mq;287.750000;mq;mq;mq;mq;mq;15.400000;-10;mq;mq;mq;mq;0.000000;mq;mq;0.200000;mq;710.000000;1115.000000;mq;mq;mq;mq;mq;mq;mq;mq;mq;mq;mq;mq;mq;mq;
61997;20110928180000;99100;mq;mq;230;19.000000;274.850000;271.250000;77;mq;mq;mq;mq;mq;mq;mq;mq;mq;mq;mq;mq;mq;260;mq;mq;276.250000;mq;mq;mq;mq;mq;30.400000;-60;mq;mq;mq;mq;mq;mq;mq;2.000000;mq;1130.000000;mq;mq;mq;mq;mq;mq;mq;mq;mq;mq;mq;mq;mq;mq;mq;
67005;20110928180000;101620;mq;mq;60;1.500000;299.050000;295.950000;83;mq;0;mq;mq;mq;mq;mq;mq;mq;mq;mq;mq;mq;20;mq;mq;303.750000;mq;mq;mq;mq;mq;3.600000;-10;mq;mq;mq;mq;0.000000;mq;mq;1.000000;mq;710.000000;1104.000000;mq;mq;mq;mq;mq;mq;mq;mq;mq;mq;mq;mq;mq;mq;
71805;20110928180000;101990;-60;8;270;9.300000;287.550000;279.650000;59;6000;0;mq;mq;mq;mq;800;mq;mq;mq;101910;mq;mq;mq;mq;278.750000;288.250000;mq;mq;mq;mq;mq;12.900000;-10;mq;mq;mq;mq;0.000000;0.000000;mq;0.000000;mq;710.000000;1113.000000;mq;mq;mq;mq;mq;mq;mq;mq;mq;mq;mq;mq;mq;mq;
78897;20110928180000;100850;-200;7;250;6.700000;305.750000;295.550000;55;30000;2;1;1;60;3;1250;38;20;12;mq;mq;mq;mq;mq;298.050000;305.850000;mq;mq;mq;mq;mq;mq;mq;mq;mq;mq;mq;mq;mq;0.200000;mq;3.200000;mq;mq;mq;mq;3;8;990;3;0;7800;mq;mq;mq;mq;mq;mq;
78922;20110928180000;100980;-210;8;240;5.100000;304.850000;294.750000;55;mq;mq;mq;mq;mq;mq;mq;mq;mq;mq;100540;mq;mq;mq;mq;mq;mq;mq;mq;mq;mq;mq;mq;mq;mq;mq;mq;mq;mq;mq;mq;mq;mq;mq;mq;mq;mq;mq;mq;mq;mq;mq;mq;mq;mq;mq;mq;mq;mq;
78925;20110928180000;100990;-250;6;220;5.700000;304.850000;297.750000;66;15000;3;9;2;90;6;800;38;20;12;mq;mq;mq;mq;mq;mq;mq;mq;mq;mq;mq;mq;mq;mq;mq;mq;mq;mq;mq;mq;mq;mq;mq;mq;mq;mq;mq;4;8;900;3;6;1500;5;0;7800;mq;mq;mq;
81401;20110928180000;100990;mq;mq;120;2.600000;307.250000;292.550000;42;mq;mq;mq;mq;mq;mq;mq;mq;mq;mq;100930;mq;mq;mq;mq;mq;mq;mq;mq;mq;mq;mq;mq;mq;mq;mq;mq;mq;mq;0.000000;0.000000;mq;mq;mq;mq;mq;mq;mq;mq;mq;mq;mq;mq;mq;mq;mq;mq;mq;mq;
81405;20110928180000;101070;mq;mq;60;6.700000;305.350000;298.450000;67;15000;2;1;1;60;3;800;32;20;11;100980;mq;mq;mq;mq;mq;mq;mq;mq;mq;mq;mq;mq;mq;mq;mq;mq;mq;mq;0.000000;0.000000;mq;mq;mq;mq;mq;mq;mq;mq;mq;mq;mq;mq;mq;mq;mq;mq;mq;mq;
81408;20110928180000;101050;mq;mq;110;3.100000;307.350000;293.350000;44;mq;mq;mq;mq;mq;mq;mq;mq;mq;mq;100970;mq;mq;mq;mq;mq;mq;mq;mq;mq;mq;mq;mq;mq;mq;mq;mq;mq;mq;0.000000;0.200000;mq;mq;mq;mq;mq;mq;mq;mq;mq;mq;mq;mq;mq;mq;mq;mq;mq;mq;
89642;20110928180000;99530;-40;8;110;5.100000;251.850000;244.750000;49;mq;mq;mq;mq;mq;mq;mq;mq;mq;mq;98950;mq;mq;mq;mq;mq;mq;mq;mq;mq;mq;mq;mq;mq;mq;mq;mq;mq;mq;mq;mq;mq;mq;mq;mq;mq;mq;mq;mq;mq;mq;mq;mq;mq;mq;mq;mq;mq;mq;
07005;20110928210000;102530;40;2;90;3.100000;291.150000;287.050000;77;mq;mq;mq;mq;mq;mq;mq;mq;mq;mq;101650;mq;mq;mq;mq;mq;mq;mq;mq;mq;mq;mq;5.100000;-10;mq;mq;mq;mq;0.000000;0.000000;mq;mq;mq;710.000000;1105.000000;mq;mq;mq;mq;mq;mq;mq;mq;mq;mq;mq;mq;mq;mq;
07015;20110928210000;102610;40;1;110;2.100000;291.350000;288.750000;85;20000;2;1;1;0;mq;mq;mq;mq;mq;102050;mq;mq;mq;mq;mq;mq;mq;mq;mq;mq;mq;3.100000;-10;mq;mq;0.000000;-30;0.000000;0.000000;mq;mq;mq;710.000000;1103.000000;3100.000000;mq;mq;mq;mq;mq;mq;mq;mq;mq;mq;mq;mq;mq;
07020;20110928210000;102350;50;2;140;3.600000;290.550000;288.150000;86;15000;2;1;1;0;mq;mq;mq;mq;mq;102090;mq;mq;mq;mq;mq;mq;mq;mq;mq;mq;mq;5.100000;-10;mq;mq;mq;mq;0.000000;0.000000;mq;mq;mq;710.000000;1105.000000;mq;mq;mq;mq;mq;mq;mq;mq;mq;mq;mq;mq;mq;mq;
07027;20110928210000;102380;60;1;0;0.000000;289.250000;286.950000;86;28000;0;mq;mq;mq;mq;mq;mq;mq;mq;101580;mq;mq;mq;mq;mq;mq;mq;mq;mq;mq;mq;2.100000;-10;mq;mq;mq;mq;0.000000;0.000000;mq;mq;mq;710.000000;1102.000000;mq;mq;mq;mq;mq;mq;mq;mq;mq;mq;mq;mq;mq;mq;
07037;20110928210000;102470;60;2;70;4.600000;291.850000;288.350000;80;21000;0;mq;mq;mq;mq;mq;mq;mq;mq;100680;mq;mq;mq;mq;mq;mq;mq;mq;mq;mq;mq;6.700000;-10;mq;mq;mq;mq;0.000000;0.000000;mq;mq;mq;710.000000;1107.000000;mq;mq;mq;mq;mq;mq;mq;mq;mq;mq;mq;mq;mq;mq;
07110;20110928210000;102180;40;3;200;3.600000;290.450000;286.150000;76;25000;2;1;1;10;0;8000;30;20;11;101050;mq;mq;mq;mq;mq;mq;mq;mq;mq;mq;mq;5.100000;-10;mq;mq;mq;mq;0.000000;0.000000;mq;mq;mq;710.000000;1105.000000;mq;mq;1;0;6900;mq;mq;mq;mq;mq;mq;mq;mq;mq;
07117;20110928210000;102170;60;1;210;2.100000;293.850000;287.050000;65;20000;2;1;1;10;1;2250;30;22;10;101490;mq;mq;mq;mq;mq;mq;mq;mq;mq;mq;mq;7.200000;-10;mq;mq;mq;mq;0.000000;0.000000;mq;mq;mq;710.000000;1107.000000;2428.000000;mq;mq;mq;mq;mq;mq;mq;mq;mq;mq;mq;mq;mq;
07130;20110928210000;102260;80;2;0;0.000000;291.650000;287.550000;77;17000;0;mq;mq;mq;mq;mq;mq;mq;mq;101750;mq;mq;mq;mq;mq;mq;mq;mq;mq;mq;mq;3.100000;-10;mq;mq;mq;mq;0.000000;0.000000;mq;mq;mq;710.000000;1103.000000;mq;mq;mq;mq;mq;mq;mq;mq;mq;mq;mq;mq;mq;mq;
07139;20110928210000;102400;60;1;20;1.500000;288.750000;285.650000;82;mq;mq;mq;mq;mq;mq;mq;mq;mq;mq;100680;mq;mq;mq;mq;mq;mq;mq;mq;mq;mq;mq;3.100000;-10;mq;mq;mq;mq;0.000000;0.000000;mq;mq;mq;710.000000;1103.000000;mq;mq;mq;mq;mq;mq;mq;mq;mq;mq;mq;mq;mq;mq;
07149;20110928210000;102450;50;1;100;2.100000;293.250000;284.950000;59;20000;2;1;1;0;mq;mq;mq;mq;mq;101390;mq;mq;mq;mq;mq;mq;mq;mq;mq;mq;mq;3.100000;-10;mq;mq;0.000000;-30;0.000000;0.000000;mq;mq;mq;710.000000;1103.000000;3100.000000;mq;mq;mq;mq;mq;mq;mq;mq;mq;mq;mq;mq;mq;
07168;20110928210000;102570;100;1;0;0.000000;286.650000;283.650000;82;18000;0;mq;mq;mq;mq;mq;mq;mq;mq;101150;mq;mq;mq;mq;mq;mq;mq;mq;mq;mq;mq;2.100000;-10;mq;mq;mq;mq;0.000000;0.000000;mq;mq;mq;710.000000;1102.000000;mq;mq;mq;mq;mq;mq;mq;mq;mq;mq;mq;mq;mq;mq;
07181;20110928210000;102630;60;1;90;3.100000;291.750000;286.850000;73;23000;0;mq;mq;mq;mq;mq;mq;mq;mq;98630;mq;mq;mq;mq;mq;mq;mq;mq;mq;mq;mq;6.200000;-10;mq;mq;mq;mq;0.000000;0.000000;mq;mq;mq;710.000000;1106.000000;mq;mq;mq;mq;mq;mq;mq;mq;mq;mq;mq;mq;mq;mq;
07190;20110928210000;102710;90;1;350;1.000000;289.450000;286.350000;82;16000;0;mq;mq;mq;mq;mq;mq;mq;mq;100910;mq;mq;mq;mq;mq;mq;mq;mq;mq;mq;mq;4.100000;-10;mq;mq;mq;mq;0.000000;0.000000;mq;mq;mq;710.000000;1104.000000;mq;mq;mq;mq;mq;mq;mq;mq;mq;mq;mq;mq;mq;mq;
07207;20110928210000;mq;mq;mq;110;1.500000;290.650000;288.650000;88;15000;2;1;1;10;1;3500;30;25;10;mq;mq;mq;mq;mq;mq;mq;mq;mq;mq;mq;mq;2.600000;-10;mq;mq;mq;mq;0.000000;0.000000;mq;mq;mq;710.000000;1103.000000;2417.000000;mq;mq;mq;mq;mq;mq;mq;mq;mq;mq;mq;mq;mq;
07222;20110928210000;102210;90;1;360;0.500000;291.250000;288.650000;85;20000;2;1;1;0;mq;mq;mq;mq;mq;101900;mq;mq;mq;mq;mq;mq;mq;mq;mq;mq;mq;2.100000;-10;mq;mq;mq;mq;0.000000;0.000000;mq;mq;mq;710.000000;1102.000000;mq;mq;mq;mq;mq;mq;mq;mq;mq;mq;mq;mq;mq;mq;
07240;20110928210000;102340;50;1;70;1.500000;290.850000;286.950000;78;35000;2;1;1;0;mq;mq;mq;mq;mq;101010;mq;mq;mq;mq;mq;mq;mq;mq;mq;mq;mq;2.600000;-10;mq;mq;0.000000;-30;0.000000;0.000000;mq;mq;mq;710.000000;1103.000000;3100.000000;mq;mq;mq;mq;mq;mq;mq;mq;mq;mq;mq;mq;mq;
07255;20110928210000;102420;70;3;90;2.600000;291.050000;287.150000;78;20000;0;mq;mq;mq;mq;mq;mq;mq;mq;100460;mq;mq;mq;mq;mq;mq;mq;mq;mq;mq;mq;3.100000;-10;mq;mq;mq;mq;0.000000;0.000000;mq;mq;mq;710.000000;1103.000000;mq;mq;mq;mq;mq;mq;mq;mq;mq;mq;mq;mq;mq;mq;
07280;20110928210000;102520;60;1;330;2.100000;290.850000;286.550000;76;24000;0;mq;mq;mq;mq;mq;mq;mq;mq;99850;mq;mq;mq;mq;mq;mq;mq;mq;mq;mq;mq;3.100000;-10;mq;mq;mq;mq;0.000000;0.000000;mq;mq;mq;710.000000;1103.000000;mq;mq;mq;mq;mq;mq;mq;mq;mq;mq;mq;mq;mq;mq;
07299;20110928210000;102700;90;1;230;2.100000;286.250000;285.650000;96;13000;2;1;1;0;mq;mq;mq;mq;mq;99440;mq;mq;mq;mq;mq;mq;mq;mq;mq;mq;mq;2.600000;-10;mq;mq;0.000000;-30;0.000000;0.000000;mq;mq;mq;710.000000;1103.000000;3100.000000;mq;mq;mq;mq;mq;mq;mq;mq;mq;mq;mq;mq;mq;
07314;20110928210000;102210;60;1;30;2.100000;293.350000;290.550000;84;18000;2;1;1;40;3;800;35;22;10;101940;mq;mq;mq;mq;mq;mq;mq;mq;mq;mq;mq;3.100000;-10;mq;mq;mq;mq;0.000000;0.000000;mq;mq;mq;710.000000;1103.000000;mq;mq;2;6;600;3;4;2400;mq;mq;mq;mq;mq;mq;
07335;20110928210000;102300;80;1;60;1.500000;292.850000;285.850000;64;45000;0;mq;mq;mq;mq;mq;mq;mq;mq;100890;mq;mq;mq;mq;mq;mq;mq;mq;mq;mq;mq;2.600000;-10;mq;mq;mq;mq;0.000000;0.000000;mq;mq;mq;710.000000;1103.000000;mq;mq;mq;mq;mq;mq;mq;mq;mq;mq;mq;mq;mq;mq;
07434;20110928210000;102320;70;2;60;1.500000;293.150000;285.650000;62;40000;0;mq;mq;mq;mq;mq;mq;mq;mq;97670;mq;mq;mq;mq;mq;mq;mq;mq;mq;mq;mq;3.100000;-10;mq;mq;mq;mq;0.000000;0.000000;mq;mq;mq;710.000000;1103.000000;mq;mq;mq;mq;mq;mq;mq;mq;mq;mq;mq;mq;mq;mq;
07460;20110928210000;102450;120;1;0;0.000000;289.550000;284.950000;74;40000;2;1;1;0;mq;mq;mq;mq;mq;98620;mq;mq;mq;mq;mq;mq;mq;mq;mq;mq;mq;2.100000;-10;mq;mq;0.000000;-30;0.000000;0.000000;mq;mq;mq;710.000000;1102.000000;3100.000000;mq;mq;mq;mq;mq;mq;mq;mq;mq;mq;mq;mq;mq;
07471;20110928210000;mq;120;1;270;1.000000;284.950000;279.850000;71;20000;0;mq;mq;mq;mq;mq;mq;mq;mq;93060;85000;18480;mq;mq;mq;mq;mq;mq;mq;mq;mq;3.600000;-10;mq;mq;mq;mq;0.000000;0.000000;mq;mq;mq;710.000000;1104.000000;mq;mq;mq;mq;mq;mq;mq;mq;mq;mq;mq;mq;mq;mq;
07481;20110928210000;102460;100;2;100;0.500000;292.550000;288.050000;75;20000;2;1;1;0;mq;mq;mq;mq;mq;99660;mq;mq;mq;mq;mq;mq;mq;mq;mq;mq;mq;2.600000;-10;mq;mq;0.000000;-30;0.000000;0.000000;mq;mq;mq;710.000000;1103.000000;3100.000000;mq;mq;mq;mq;mq;mq;mq;mq;mq;mq;mq;mq;mq;
07510;20110928210000;102200;90;1;240;2.100000;292.750000;285.750000;64;40000;4;0;0;25;0;mq;30;20;12;101560;mq;mq;mq;mq;mq;mq;mq;mq;mq;mq;mq;2.600000;-10;mq;mq;0.000000;-30;0.000000;0.000000;mq;mq;mq;710.000000;1103.000000;3100.000000;mq;2;0;7800;mq;mq;mq;mq;mq;mq;mq;mq;mq;
07535;20110928210000;102290;120;2;150;4.600000;296.050000;280.150000;36;mq;mq;mq;mq;mq;mq;mq;mq;mq;mq;99280;mq;mq;mq;mq;mq;mq;mq;mq;mq;mq;mq;8.700000;-10;mq;mq;mq;mq;0.000000;0.000000;mq;mq;mq;710.000000;1109.000000;mq;mq;mq;mq;mq;mq;mq;mq;mq;mq;mq;mq;mq;mq;
07558;20110928210000;102510;70;1;120;2.100000;290.150000;281.850000;58;mq;mq;mq;mq;mq;mq;mq;mq;mq;mq;94330;mq;mq;mq;mq;mq;mq;mq;mq;mq;mq;mq;3.100000;-10;mq;mq;mq;mq;0.000000;0.000000;mq;mq;mq;710.000000;1103.000000;mq;mq;mq;mq;mq;mq;mq;mq;mq;mq;mq;mq;mq;mq;
07577;20110928210000;102490;190;1;0;0.000000;290.550000;286.050000;75;18000;0;mq;mq;mq;mq;mq;mq;mq;mq;101610;mq;mq;mq;mq;mq;mq;mq;mq;mq;mq;mq;2.600000;-10;mq;mq;mq;mq;0.000000;0.000000;mq;mq;mq;710.000000;1103.000000;mq;mq;mq;mq;mq;mq;mq;mq;mq;mq;mq;mq;mq;mq;
07591;20110928210000;mq;160;1;0;0.000000;287.650000;279.750000;59;mq;0;mq;mq;mq;mq;mq;mq;mq;mq;92660;mq;mq;mq;mq;mq;mq;mq;mq;mq;mq;mq;3.100000;-10;mq;mq;mq;mq;0.000000;0.000000;mq;mq;mq;710.000000;1103.000000;mq;mq;mq;mq;mq;mq;mq;mq;mq;mq;mq;mq;mq;mq;
07607;20110928210000;102250;160;1;270;2.600000;292.750000;287.950000;74;30000;0;mq;mq;100;mq;mq;mq;mq;mq;101550;mq;mq;mq;mq;mq;mq;mq;mq;mq;mq;mq;5.100000;-10;mq;mq;mq;mq;0.000000;0.000000;mq;mq;mq;710.000000;1105.000000;mq;mq;mq;mq;mq;mq;mq;mq;mq;mq;mq;mq;mq;mq;
07621;20110928210000;102290;120;3;260;4.100000;292.850000;287.450000;71;40000;2;1;1;10;1;3500;30;23;10;98080;mq;mq;mq;mq;mq;mq;mq;mq;mq;mq;mq;7.200000;-10;mq;mq;0.000000;-30;0.000000;0.000000;mq;mq;mq;710.000000;1107.000000;3100.000000;mq;1;3;2400;mq;mq;mq;mq;mq;mq;mq;mq;mq;
07627;20110928210000;102300;90;1;220;2.100000;290.250000;285.350000;73;mq;mq;mq;mq;mq;mq;mq;mq;mq;mq;97520;mq;mq;mq;mq;mq;mq;mq;mq;mq;mq;mq;6.700000;-10;mq;mq;mq;mq;0.000000;0.000000;mq;mq;mq;710.000000;1107.000000;mq;mq;mq;mq;mq;mq;mq;mq;mq;mq;mq;mq;mq;mq;
07630;20110928210000;102280;110;1;120;3.100000;295.050000;281.550000;42;40000;2;1;1;0;mq;mq;mq;mq;mq;100530;mq;mq;mq;mq;mq;mq;mq;mq;mq;mq;mq;6.700000;-10;mq;mq;0.000000;-30;0.000000;0.000000;mq;mq;mq;710.000000;1107.000000;3100.000000;mq;mq;mq;mq;mq;mq;mq;mq;mq;mq;mq;mq;mq;
07643;20110928210000;102480;80;1;40;1.000000;290.850000;287.150000;79;30000;2;1;1;0;mq;mq;mq;mq;mq;102380;mq;mq;mq;mq;mq;mq;mq;mq;mq;mq;mq;1.500000;-10;mq;mq;mq;mq;0.000000;0.000000;mq;mq;mq;710.000000;1102.000000;mq;mq;mq;mq;mq;mq;mq;mq;mq;mq;mq;mq;mq;mq;
07650;20110928210000;102480;80;2;60;1.500000;293.750000;286.950000;65;20000;2;1;1;0;mq;mq;mq;mq;mq;102100;mq;mq;mq;mq;mq;mq;mq;mq;mq;mq;mq;3.100000;-10;mq;mq;0.000000;-30;0.000000;0.000000;mq;mq;mq;710.000000;1103.000000;3100.000000;mq;mq;mq;mq;mq;mq;mq;mq;mq;mq;mq;mq;mq;
07661;20110928210000;102420;50;1;90;2.600000;295.250000;285.250000;53;mq;mq;mq;mq;mq;mq;mq;mq;mq;mq;100860;mq;mq;mq;mq;mq;mq;mq;mq;mq;mq;mq;4.100000;-10;mq;mq;mq;mq;0.000000;0.000000;mq;mq;mq;710.000000;1104.000000;mq;mq;mq;mq;mq;mq;mq;mq;mq;mq;mq;mq;mq;mq;
07690;20110928210000;102450;90;1;330;3.600000;295.350000;285.350000;53;30000;2;1;1;0;mq;mq;mq;mq;mq;102120;mq;mq;mq;mq;mq;mq;mq;mq;mq;mq;mq;6.200000;-10;mq;mq;0.000000;-30;0.000000;0.000000;mq;mq;mq;710.000000;1106.000000;3100.000000;mq;mq;mq;mq;mq;mq;mq;mq;mq;mq;mq;mq;mq;
07747;20110928210000;102430;60;2;280;0.500000;290.650000;288.050000;85;12000;0;mq;mq;mq;mq;mq;mq;mq;mq;101910;mq;mq;mq;mq;mq;mq;mq;mq;mq;mq;mq;2.600000;-10;mq;mq;mq;mq;0.000000;0.000000;mq;mq;mq;710.000000;1103.000000;mq;mq;mq;mq;mq;mq;mq;mq;mq;mq;mq;mq;mq;mq;
07761;20110928210000;102280;50;1;40;3.600000;291.150000;286.650000;75;15000;2;1;1;0;mq;mq;mq;mq;mq;102170;mq;mq;mq;mq;mq;mq;mq;mq;mq;mq;mq;4.600000;-10;mq;mq;0.000000;-30;0.000000;0.000000;mq;mq;mq;710.000000;1105.000000;3100.000000;mq;mq;mq;mq;mq;mq;mq;mq;mq;mq;mq;mq;mq;
07790;20110928210000;102370;90;3;230;2.600000;291.550000;285.750000;69;15000;2;1;1;0;mq;mq;mq;mq;mq;102230;mq;mq;mq;mq;mq;mq;mq;mq;mq;mq;mq;3.100000;-10;mq;mq;0.000000;-30;0.000000;0.000000;mq;mq;mq;710.000000;1103.000000;3100.000000;mq;mq;mq;mq;mq;mq;mq;mq;mq;mq;mq;mq;mq;
61968;20110928210000;101490;mq;mq;90;6.200000;298.350000;292.950000;72;mq;mq;mq;mq;mq;mq;mq;mq;mq;mq;mq;mq;mq;mq;mq;mq;mq;mq;mq;mq;mq;mq;12.300000;-10;mq;mq;mq;mq;0.000000;0.000000;mq;mq;mq;710.000000;1112.000000;mq;mq;mq;mq;mq;mq;mq;mq;mq;mq;mq;mq;mq;mq;
61970;20110928210000;101590;mq;mq;mq;mq;298.250000;296.450000;90;mq;mq;mq;mq;mq;mq;mq;mq;mq;mq;mq;mq;mq;mq;mq;mq;mq;mq;mq;mq;mq;mq;mq;mq;mq;mq;mq;mq;0.000000;0.000000;mq;mq;mq;mq;mq;mq;mq;mq;mq;mq;mq;mq;mq;mq;mq;mq;mq;mq;mq;
61972;20110928210000;101780;mq;mq;160;2.600000;294.250000;293.450000;95;mq;mq;mq;mq;mq;mq;mq;mq;mq;mq;mq;mq;mq;mq;mq;mq;mq;mq;mq;mq;mq;mq;4.600000;-10;mq;mq;mq;mq;0.000000;0.000000;mq;mq;mq;710.000000;1105.000000;mq;mq;mq;mq;mq;mq;mq;mq;mq;mq;mq;mq;mq;mq;
61980;20110928210000;102010;mq;mq;150;2.600000;293.550000;289.350000;77;10000;2;1;1;40;3;1250;35;20;10;mq;mq;mq;mq;mq;mq;mq;mq;mq;mq;mq;mq;5.100000;-10;mq;mq;mq;mq;0.000000;0.000000;mq;mq;mq;710.000000;1105.000000;mq;mq;3;6;1380;mq;mq;mq;mq;mq;mq;mq;mq;mq;
61996;20110928210000;102010;mq;mq;300;11.300000;284.750000;229.950000;mq;mq;mq;mq;mq;mq;mq;mq;mq;mq;mq;mq;mq;mq;mq;mq;mq;mq;mq;mq;mq;mq;mq;16.500000;-10;mq;mq;mq;mq;0.000000;0.200000;mq;mq;mq;710.000000;1116.000000;mq;mq;mq;mq;mq;mq;mq;mq;mq;mq;mq;mq;mq;mq;
61997;20110928210000;99520;mq;mq;220;14.900000;274.550000;271.850000;82;mq;mq;mq;mq;mq;mq;mq;mq;mq;mq;mq;mq;mq;740;mq;mq;mq;mq;mq;mq;mq;mq;26.800000;-30;mq;mq;mq;mq;mq;0.000000;mq;mq;mq;1127.000000;mq;mq;mq;mq;mq;mq;mq;mq;mq;mq;mq;mq;mq;mq;mq;
61998;20110928210000;98060;mq;mq;300;6.200000;274.250000;268.950000;68;mq;mq;mq;mq;mq;mq;mq;mq;mq;mq;mq;mq;mq;mq;mq;mq;mq;mq;mq;mq;mq;mq;9.800000;-10;mq;mq;mq;mq;0.000000;0.000000;mq;mq;mq;710.000000;1110.000000;mq;mq;mq;mq;mq;mq;mq;mq;mq;mq;mq;mq;mq;mq;
67005;20110928210000;101490;mq;mq;20;2.100000;297.550000;295.250000;87;mq;0;mq;mq;mq;mq;mq;mq;mq;mq;mq;mq;mq;mq;mq;mq;mq;mq;mq;mq;mq;mq;2.600000;-10;mq;mq;mq;mq;0.000000;0.000000;mq;mq;mq;710.000000;1103.000000;mq;mq;mq;mq;mq;mq;mq;mq;mq;mq;mq;mq;mq;mq;
71805;20110928210000;101910;-90;6;270;9.300000;285.050000;280.550000;74;25000;2;1;1;60;1;800;31;20;11;101820;mq;mq;mq;mq;mq;mq;mq;mq;mq;mq;mq;13.900000;-10;mq;mq;0.000000;-30;0.000000;0.000000;mq;mq;mq;710.000000;1114.000000;3100.000000;mq;1;8;780;5;0;7500;mq;mq;mq;mq;mq;mq;
78897;20110928210000;100870;20;3;260;4.100000;303.650000;295.850000;63;40000;2;1;1;50;1;800;32;20;12;mq;mq;mq;mq;mq;mq;mq;mq;mq;mq;mq;mq;mq;mq;mq;mq;mq;mq;mq;mq;mq;mq;mq;mq;mq;mq;mq;1;8;900;4;0;7800;mq;mq;mq;mq;mq;mq;
78922;20110928210000;100970;-10;6;230;3.600000;301.850000;296.050000;71;mq;mq;mq;mq;mq;mq;mq;mq;mq;mq;100530;mq;mq;mq;mq;mq;mq;mq;mq;mq;mq;mq;mq;mq;mq;mq;mq;mq;mq;mq;mq;mq;mq;mq;mq;mq;mq;mq;mq;mq;mq;mq;mq;mq;mq;mq;mq;mq;mq;
78925;20110928210000;100980;-10;8;220;3.600000;302.550000;297.650000;75;25000;2;1;1;90;5;800;38;20;12;mq;mq;mq;mq;mq;mq;mq;mq;mq;mq;mq;mq;mq;mq;mq;mq;mq;mq;mq;mq;mq;mq;mq;mq;mq;mq;mq;3;8;780;3;6;1380;6;0;7800;mq;mq;mq;
81401;20110928210000;100960;mq;mq;50;2.600000;302.550000;296.950000;72;mq;mq;mq;mq;mq;mq;mq;mq;mq;mq;100900;mq;mq;mq;mq;mq;mq;mq;mq;mq;mq;mq;mq;mq;mq;mq;mq;mq;mq;0.000000;mq;mq;mq;mq;mq;mq;mq;mq;mq;mq;mq;mq;mq;mq;mq;mq;mq;mq;mq;
81405;20110928210000;101070;mq;mq;90;4.100000;301.750000;297.350000;77;40000;0;mq;mq;mq;mq;mq;mq;mq;mq;100980;mq;mq;mq;mq;mq;mq;mq;mq;mq;mq;mq;mq;mq;mq;mq;mq;mq;mq;0.000000;mq;mq;mq;mq;mq;mq;mq;mq;mq;mq;mq;mq;mq;mq;mq;mq;mq;mq;mq;
81408;20110928210000;101050;mq;mq;80;1.500000;303.150000;295.050000;62;mq;mq;mq;mq;mq;mq;mq;mq;mq;mq;100970;mq;mq;mq;mq;mq;mq;mq;mq;mq;mq;mq;mq;mq;mq;mq;mq;mq;mq;0.000000;mq;mq;mq;mq;mq;mq;mq;mq;mq;mq;mq;mq;mq;mq;mq;mq;mq;mq;mq;
89642;20110928210000;99540;10;2;110;6.700000;252.450000;245.550000;50;mq;mq;mq;mq;mq;mq;mq;mq;mq;mq;98960;mq;mq;mq;mq;mq;mq;mq;mq;mq;mq;mq;mq;mq;mq;mq;mq;mq;mq;mq;mq;mq;mq;mq;mq;mq;mq;mq;mq;mq;mq;mq;mq;mq;mq;mq;mq;mq;mq;
07005;20110929000000;102510;-20;7;100;3.100000;290.350000;286.650000;79;mq;mq;mq;mq;mq;mq;mq;mq;mq;mq;101630;mq;mq;mq;mq;mq;mq;mq;mq;mq;mq;mq;4.100000;-10;mq;mq;mq;mq;0.000000;0.000000;0.000000;mq;mq;710.000000;1104.000000;mq;mq;mq;mq;mq;mq;mq;mq;mq;mq;mq;mq;mq;mq;
07015;20110929000000;102590;-20;6;80;1.500000;289.750000;288.250000;91;8000;2;1;1;0;mq;mq;mq;mq;mq;102030;mq;mq;mq;mq;mq;mq;mq;mq;mq;mq;mq;3.100000;-10;mq;mq;0.000000;-60;0.000000;0.000000;0.000000;mq;mq;710.000000;1103.000000;3100.000000;mq;mq;mq;mq;mq;mq;mq;mq;mq;mq;mq;mq;mq;
07020;20110929000000;102320;-30;6;140;5.700000;294.250000;287.450000;65;15000;2;1;1;0;mq;mq;mq;mq;mq;102060;mq;mq;mq;mq;mq;mq;mq;mq;mq;mq;mq;7.200000;-10;mq;mq;mq;mq;0.000000;0.000000;0.000000;mq;mq;710.000000;1107.000000;mq;mq;mq;mq;mq;mq;mq;mq;mq;mq;mq;mq;mq;mq;
07027;20110929000000;102370;10;4;140;1.500000;288.650000;287.350000;92;16000;0;mq;mq;mq;mq;mq;mq;mq;mq;101570;mq;mq;mq;mq;mq;mq;mq;mq;mq;mq;mq;2.100000;-10;mq;mq;mq;mq;0.000000;0.000000;0.000000;mq;mq;710.000000;1102.000000;mq;mq;mq;mq;mq;mq;mq;mq;mq;mq;mq;mq;mq;mq;
07037;20110929000000;102470;-20;7;90;3.100000;288.250000;286.450000;89;26000;0;mq;mq;mq;mq;mq;mq;mq;mq;100660;mq;mq;mq;mq;mq;mq;mq;mq;mq;mq;mq;4.100000;-10;mq;mq;mq;mq;0.000000;0.000000;0.000000;mq;mq;710.000000;1104.000000;mq;mq;mq;mq;mq;mq;mq;mq;mq;mq;mq;mq;mq;mq;
07110;20110929000000;102190;10;0;90;2.600000;288.750000;286.950000;89;10000;0;mq;mq;100;mq;mq;mq;mq;mq;101060;mq;mq;mq;mq;mq;mq;mq;mq;mq;mq;mq;2.600000;-10;mq;mq;mq;mq;0.000000;0.000000;0.000000;mq;mq;710.000000;1103.000000;mq;mq;mq;mq;mq;mq;mq;mq;mq;mq;mq;mq;mq;mq;
07117;20110929000000;102210;30;3;230;3.600000;291.550000;286.850000;74;20000;2;1;1;10;1;2250;30;22;10;101520;mq;mq;mq;mq;mq;mq;mq;mq;mq;mq;mq;7.200000;-10;mq;mq;mq;mq;0.000000;0.000000;0.000000;mq;mq;710.000000;1107.000000;2428.000000;mq;mq;mq;mq;mq;mq;mq;mq;mq;mq;mq;mq;mq;
07130;20110929000000;102270;0;4;90;1.000000;288.650000;286.150000;85;13000;0;mq;mq;mq;mq;mq;mq;mq;mq;101750;mq;mq;mq;mq;mq;mq;mq;mq;mq;mq;mq;2.600000;-10;mq;mq;mq;mq;0.000000;0.000000;0.000000;mq;mq;710.000000;1103.000000;mq;mq;mq;mq;mq;mq;mq;mq;mq;mq;mq;mq;mq;mq;
07139;20110929000000;102420;10;3;20;1.000000;286.450000;283.950000;85;mq;mq;mq;mq;mq;mq;mq;mq;mq;mq;100690;mq;mq;mq;mq;mq;mq;mq;mq;mq;mq;mq;2.600000;-10;mq;mq;mq;mq;0.000000;0.000000;0.000000;mq;mq;710.000000;1103.000000;mq;mq;mq;mq;mq;mq;mq;mq;mq;mq;mq;mq;mq;mq;
07149;20110929000000;102470;10;1;0;0.000000;290.050000;285.350000;74;20000;2;1;1;0;mq;mq;mq;mq;mq;101400;mq;mq;mq;mq;mq;mq;mq;mq;mq;mq;mq;2.100000;-10;mq;mq;0.000000;-60;0.000000;0.000000;0.000000;mq;mq;710.000000;1102.000000;3100.000000;mq;mq;mq;mq;mq;mq;mq;mq;mq;mq;mq;mq;mq;
07168;20110929000000;102580;0;5;180;1.500000;284.450000;283.050000;91;19000;0;mq;mq;mq;mq;mq;mq;mq;mq;101150;mq;mq;mq;mq;mq;mq;mq;mq;mq;mq;mq;1.500000;-10;mq;mq;mq;mq;0.000000;0.000000;0.000000;mq;mq;710.000000;1102.000000;mq;mq;mq;mq;mq;mq;mq;mq;mq;mq;mq;mq;mq;mq;
07181;20110929000000;102660;-10;5;110;1.500000;288.850000;286.150000;84;15000;0;mq;mq;mq;mq;mq;mq;mq;mq;98620;mq;mq;mq;mq;mq;mq;mq;mq;mq;mq;mq;4.600000;-10;mq;mq;mq;mq;0.000000;0.000000;0.000000;mq;mq;710.000000;1105.000000;mq;mq;mq;mq;mq;mq;mq;mq;mq;mq;mq;mq;mq;mq;
07190;20110929000000;102730;0;0;320;1.000000;286.450000;285.150000;92;8000;0;mq;mq;mq;mq;mq;mq;mq;mq;100910;mq;mq;mq;mq;mq;mq;mq;mq;mq;mq;mq;2.600000;-10;mq;mq;mq;mq;0.000000;0.000000;0.000000;mq;mq;710.000000;1103.000000;mq;mq;mq;mq;mq;mq;mq;mq;mq;mq;mq;mq;mq;mq;
07207;20110929000000;mq;mq;mq;340;2.600000;290.550000;289.250000;92;15000;2;1;1;0;mq;mq;mq;mq;mq;mq;mq;mq;mq;mq;mq;mq;mq;mq;mq;mq;mq;3.600000;-10;mq;mq;mq;mq;0.000000;0.000000;0.000000;mq;mq;710.000000;1104.000000;2427.000000;mq;mq;mq;mq;mq;mq;mq;mq;mq;mq;mq;mq;mq;
07222;20110929000000;102220;10;2;80;1.500000;289.450000;287.250000;87;18000;0;mq;mq;mq;mq;mq;mq;mq;mq;101910;mq;mq;mq;mq;mq;mq;mq;mq;mq;mq;mq;2.100000;-10;mq;mq;mq;mq;0.000000;0.000000;0.000000;mq;mq;710.000000;1102.000000;mq;mq;mq;mq;mq;mq;mq;mq;mq;mq;mq;mq;mq;mq;
07240;20110929000000;102360;10;2;70;2.100000;288.650000;286.450000;87;35000;2;1;1;0;mq;mq;mq;mq;mq;101020;mq;mq;mq;mq;mq;mq;mq;mq;mq;mq;mq;2.600000;-10;mq;mq;0.000000;-60;0.000000;0.000000;0.000000;mq;mq;710.000000;1103.000000;3100.000000;mq;mq;mq;mq;mq;mq;mq;mq;mq;mq;mq;mq;mq;
07255;20110929000000;102450;20;2;70;2.600000;289.150000;286.650000;85;2800;10;mq;mq;mq;mq;mq;mq;mq;mq;100480;mq;mq;mq;mq;mq;mq;mq;mq;mq;mq;mq;3.100000;-10;mq;mq;mq;mq;0.000000;0.000000;0.000000;mq;mq;710.000000;1103.000000;mq;mq;mq;mq;mq;mq;mq;mq;mq;mq;mq;mq;mq;mq;
07280;20110929000000;102550;0;5;320;1.500000;288.450000;285.350000;82;25000;0;mq;mq;mq;mq;mq;mq;mq;mq;99850;mq;mq;mq;mq;mq;mq;mq;mq;mq;mq;mq;2.600000;-10;mq;mq;mq;mq;0.000000;0.000000;0.000000;mq;mq;710.000000;1103.000000;mq;mq;mq;mq;mq;mq;mq;mq;mq;mq;mq;mq;mq;mq;
07299;20110929000000;102720;-10;7;290;0.500000;284.150000;283.650000;97;3400;10;mq;mq;mq;mq;mq;mq;mq;mq;99430;mq;mq;mq;mq;mq;mq;mq;mq;mq;mq;mq;1.500000;-10;mq;mq;mq;mq;0.000000;0.000000;0.000000;mq;mq;710.000000;1102.000000;mq;mq;mq;mq;mq;mq;mq;mq;mq;mq;mq;mq;mq;mq;
07314;20110929000000;102190;-20;8;90;3.600000;293.350000;290.150000;82;16000;2;1;1;0;mq;mq;mq;mq;mq;101920;mq;mq;mq;mq;mq;mq;mq;mq;mq;mq;mq;5.100000;-10;mq;mq;mq;mq;0.000000;0.000000;0.000000;mq;mq;710.000000;1105.000000;2427.000000;mq;mq;mq;mq;mq;mq;mq;mq;mq;mq;mq;mq;mq;
07335;20110929000000;102330;10;3;70;0.500000;289.450000;286.750000;84;30000;0;mq;mq;mq;mq;mq;mq;mq;mq;100900;mq;mq;mq;mq;mq;mq;mq;mq;mq;mq;mq;1.000000;-10;mq;mq;mq;mq;0.000000;0.000000;0.000000;mq;mq;710.000000;1101.000000;mq;mq;mq;mq;mq;mq;mq;mq;mq;mq;mq;mq;mq;mq;
07434;20110929000000;102420;60;3;80;1.500000;290.850000;282.950000;60;55000;0;mq;mq;mq;mq;mq;mq;mq;mq;97730;mq;mq;mq;mq;mq;mq;mq;mq;mq;mq;mq;2.600000;-10;mq;mq;mq;mq;0.000000;0.000000;0.000000;mq;mq;710.000000;1103.000000;mq;mq;mq;mq;mq;mq;mq;mq;mq;mq;mq;mq;mq;mq;
07460;20110929000000;102530;60;1;280;0.500000;288.250000;284.250000;77;30000;2;1;1;0;mq;mq;mq;mq;mq;98680;mq;mq;mq;mq;mq;mq;mq;mq;mq;mq;mq;1.000000;-10;mq;mq;0.000000;-60;0.000000;0.000000;0.000000;mq;mq;710.000000;1101.000000;3100.000000;mq;mq;mq;mq;mq;mq;mq;mq;mq;mq;mq;mq;mq;
07471;20110929000000;mq;30;2;230;1.500000;282.250000;278.950000;80;20000;0;mq;mq;mq;mq;mq;mq;mq;mq;93090;85000;18500;mq;mq;mq;mq;mq;mq;mq;mq;mq;2.100000;-10;mq;mq;mq;mq;0.000000;0.000000;0.000000;mq;mq;710.000000;1102.000000;mq;mq;mq;mq;mq;mq;mq;mq;mq;mq;mq;mq;mq;mq;
07481;20110929000000;102520;30;2;200;1.500000;290.450000;287.950000;85;12000;2;1;1;0;mq;mq;mq;mq;mq;99690;mq;mq;mq;mq;mq;mq;mq;mq;mq;mq;mq;2.600000;-10;mq;mq;0.000000;-60;0.000000;0.000000;0.000000;mq;mq;710.000000;1103.000000;3100.000000;mq;mq;mq;mq;mq;mq;mq;mq;mq;mq;mq;mq;mq;
07510;20110929000000;102250;50;3;250;2.600000;289.650000;286.950000;84;8000;11;0;0;25;0;mq;30;20;12;101610;mq;mq;mq;mq;mq;mq;mq;mq;mq;mq;mq;3.600000;-10;mq;mq;0.000000;-60;0.000000;0.000000;0.000000;mq;mq;710.000000;1104.000000;3100.000000;mq;2;0;7800;mq;mq;mq;mq;mq;mq;mq;mq;mq;
07535;20110929000000;102380;50;2;110;3.600000;292.550000;280.950000;47;mq;mq;mq;mq;mq;mq;mq;mq;mq;mq;99330;mq;mq;mq;mq;mq;mq;mq;mq;mq;mq;mq;6.700000;-10;mq;mq;mq;mq;0.000000;0.000000;0.000000;mq;mq;710.000000;1107.000000;mq;mq;mq;mq;mq;mq;mq;mq;mq;mq;mq;mq;mq;mq;
07558;20110929000000;102580;10;3;40;2.100000;288.250000;281.250000;63;mq;mq;mq;mq;mq;mq;mq;mq;mq;mq;94340;mq;mq;mq;mq;mq;mq;mq;mq;mq;mq;mq;3.600000;-10;mq;mq;mq;mq;0.000000;0.000000;0.000000;mq;mq;710.000000;1104.000000;mq;mq;mq;mq;mq;mq;mq;mq;mq;mq;mq;mq;mq;mq;
07577;20110929000000;102570;70;3;0;0.000000;287.150000;284.850000;86;4300;10;mq;mq;mq;mq;mq;mq;mq;mq;101680;mq;mq;mq;mq;mq;mq;mq;mq;mq;mq;mq;0.500000;-10;mq;mq;mq;mq;0.000000;0.000000;0.000000;mq;mq;710.000000;1101.000000;mq;mq;mq;mq;mq;mq;mq;mq;mq;mq;mq;mq;mq;mq;
07591;20110929000000;mq;40;1;60;1.500000;286.350000;280.750000;69;mq;0;mq;mq;mq;mq;mq;mq;mq;mq;92700;mq;mq;mq;mq;mq;mq;mq;mq;mq;mq;mq;2.100000;-10;mq;mq;mq;mq;0.000000;0.000000;0.000000;mq;mq;710.000000;1102.000000;mq;mq;mq;mq;mq;mq;mq;mq;mq;mq;mq;mq;mq;mq;
07607;20110929000000;102310;60;0;250;2.600000;292.350000;291.150000;93;2700;10;mq;mq;100;mq;150;mq;mq;mq;101610;mq;mq;mq;mq;mq;mq;mq;mq;mq;mq;mq;3.600000;-10;mq;mq;mq;mq;0.000000;0.000000;0.000000;mq;mq;710.000000;1104.000000;mq;mq;mq;mq;mq;mq;mq;mq;mq;mq;mq;mq;mq;mq;
07621;20110929000000;102350;10;0;190;2.100000;289.450000;286.350000;82;30000;2;1;1;0;mq;mq;mq;mq;mq;98090;mq;mq;mq;mq;mq;mq;mq;mq;mq;mq;mq;4.100000;-10;mq;mq;0.000000;-60;0.000000;0.000000;0.000000;mq;mq;710.000000;1104.000000;3100.000000;mq;mq;mq;mq;mq;mq;mq;mq;mq;mq;mq;mq;mq;
07627;20110929000000;102380;30;3;260;1.000000;287.650000;284.750000;83;mq;mq;mq;mq;mq;mq;mq;mq;mq;mq;97550;mq;mq;mq;mq;mq;mq;mq;mq;mq;mq;mq;3.600000;-10;mq;mq;mq;mq;0.000000;0.000000;0.000000;mq;mq;710.000000;1104.000000;mq;mq;mq;mq;mq;mq;mq;mq;mq;mq;mq;mq;mq;mq;
07630;20110929000000;102340;40;2;150;2.600000;291.450000;283.550000;60;28000;0;mq;mq;mq;mq;mq;mq;mq;mq;100570;mq;mq;mq;mq;mq;mq;mq;mq;mq;mq;mq;4.600000;-10;mq;mq;mq;mq;0.000000;0.000000;0.000000;mq;mq;710.000000;1105.000000;mq;mq;mq;mq;mq;mq;mq;mq;mq;mq;mq;mq;mq;mq;
07643;20110929000000;102510;30;2;350;1.500000;289.650000;285.950000;79;10000;0;mq;mq;mq;mq;mq;mq;mq;mq;102410;mq;mq;mq;mq;mq;mq;mq;mq;mq;mq;mq;2.600000;-10;mq;mq;mq;mq;0.000000;0.000000;0.000000;mq;mq;710.000000;1103.000000;mq;mq;mq;mq;mq;mq;mq;mq;mq;mq;mq;mq;mq;mq;
07650;20110929000000;102490;10;3;160;1.500000;290.150000;286.250000;78;14000;0;mq;mq;mq;mq;mq;mq;mq;mq;102110;mq;mq;mq;mq;mq;mq;mq;mq;mq;mq;mq;2.600000;-10;mq;mq;mq;mq;0.000000;0.000000;0.000000;mq;mq;710.000000;1103.000000;mq;mq;mq;mq;mq;mq;mq;mq;mq;mq;mq;mq;mq;mq;
07661;20110929000000;102440;10;2;110;5.100000;294.250000;284.250000;53;mq;mq;mq;mq;mq;mq;mq;mq;mq;mq;100870;mq;mq;mq;mq;mq;mq;mq;mq;mq;mq;mq;6.700000;-10;mq;mq;mq;mq;0.000000;0.000000;0.000000;mq;mq;710.000000;1107.000000;mq;mq;mq;mq;mq;mq;mq;mq;mq;mq;mq;mq;mq;mq;
07690;20110929000000;102510;60;3;320;3.600000;294.150000;284.450000;54;30000;2;1;1;25;2;3500;30;23;10;102180;mq;mq;mq;mq;mq;mq;mq;mq;mq;mq;mq;5.700000;-10;mq;mq;0.000000;-60;0.000000;0.000000;0.000000;mq;mq;710.000000;1106.000000;3100.000000;mq;2;3;3000;mq;mq;mq;mq;mq;mq;mq;mq;mq;
07747;20110929000000;102480;40;3;0;0.000000;288.250000;286.650000;90;14000;0;mq;mq;mq;mq;mq;mq;mq;mq;101950;mq;mq;mq;mq;mq;mq;mq;mq;mq;mq;mq;1.000000;-10;mq;mq;mq;mq;0.000000;0.000000;0.000000;mq;mq;710.000000;1101.000000;mq;mq;mq;mq;mq;mq;mq;mq;mq;mq;mq;mq;mq;mq;
07761;20110929000000;102320;40;3;50;3.600000;288.450000;284.650000;78;15000;2;1;1;0;mq;mq;mq;mq;mq;102210;mq;mq;mq;mq;mq;mq;mq;mq;mq;mq;mq;4.600000;-10;mq;mq;0.000000;-60;0.000000;0.000000;0.000000;mq;mq;710.000000;1105.000000;3100.000000;mq;mq;mq;mq;mq;mq;mq;mq;mq;mq;mq;mq;mq;
07790;20110929000000;102390;20;1;220;2.600000;290.150000;285.650000;75;13000;0;mq;mq;mq;mq;mq;mq;mq;mq;102250;mq;mq;mq;mq;mq;mq;mq;mq;mq;mq;mq;3.100000;-10;mq;mq;mq;mq;0.000000;0.000000;0.000000;mq;mq;710.000000;1103.000000;mq;mq;mq;mq;mq;mq;mq;mq;mq;mq;mq;mq;mq;mq;
61968;20110929000000;101320;mq;mq;90;6.700000;297.850000;292.450000;72;mq;mq;mq;mq;mq;mq;mq;mq;mq;mq;mq;mq;mq;mq;mq;mq;mq;mq;mq;mq;mq;mq;12.900000;-10;mq;mq;mq;mq;0.000000;mq;0.000000;mq;mq;710.000000;1113.000000;mq;mq;mq;mq;mq;mq;mq;mq;mq;mq;mq;mq;mq;mq;
61970;20110929000000;101430;mq;mq;mq;mq;298.250000;296.350000;89;mq;mq;mq;mq;mq;mq;mq;mq;mq;mq;mq;mq;mq;mq;mq;mq;mq;mq;mq;mq;mq;mq;mq;mq;mq;mq;mq;mq;0.000000;mq;0.000000;mq;mq;mq;mq;mq;mq;mq;mq;mq;mq;mq;mq;mq;mq;mq;mq;mq;mq;
61972;20110929000000;101620;mq;mq;160;2.600000;293.850000;293.350000;97;mq;mq;mq;mq;mq;mq;mq;mq;mq;mq;mq;mq;mq;mq;mq;mq;mq;mq;mq;mq;mq;mq;4.100000;-10;mq;mq;mq;mq;0.000000;mq;0.000000;mq;mq;710.000000;1104.000000;mq;mq;mq;mq;mq;mq;mq;mq;mq;mq;mq;mq;mq;mq;
61980;20110929000000;101860;mq;mq;170;3.600000;292.850000;288.750000;77;10000;2;1;1;10;1;1750;35;20;10;mq;mq;mq;mq;mq;mq;mq;mq;mq;mq;mq;mq;5.700000;-10;mq;mq;mq;mq;0.000000;mq;0.000000;mq;mq;710.000000;1106.000000;mq;mq;1;6;1500;mq;mq;mq;mq;mq;mq;mq;mq;mq;
61996;20110929000000;101740;mq;mq;310;11.800000;285.150000;230.250000;mq;mq;mq;mq;mq;mq;mq;mq;mq;mq;mq;mq;mq;mq;mq;mq;mq;mq;mq;mq;mq;mq;mq;17.500000;-10;mq;mq;mq;mq;0.000000;mq;0.200000;mq;mq;710.000000;1117.000000;mq;mq;mq;mq;mq;mq;mq;mq;mq;mq;mq;mq;mq;mq;
61998;20110929000000;97990;mq;mq;310;4.100000;273.950000;270.850000;80;20000;0;mq;mq;10;1;3500;30;24;10;mq;mq;mq;mq;mq;mq;mq;mq;mq;mq;mq;mq;8.700000;-10;mq;mq;mq;mq;0.000000;mq;0.000000;mq;mq;710.000000;1109.000000;mq;mq;1;3;3900;mq;mq;mq;mq;mq;mq;mq;mq;mq;
67005;20110929000000;101370;mq;mq;0;0.000000;296.750000;294.850000;89;mq;0;mq;mq;mq;mq;mq;mq;mq;mq;mq;mq;mq;mq;mq;mq;mq;mq;mq;mq;mq;mq;2.100000;-10;mq;mq;mq;mq;0.000000;mq;0.000000;mq;mq;710.000000;1102.000000;mq;mq;mq;mq;mq;mq;mq;mq;mq;mq;mq;mq;mq;mq;
71805;20110929000000;101880;-30;7;260;8.200000;284.250000;281.650000;84;25000;2;1;1;60;0;8000;30;20;11;101790;mq;mq;mq;mq;mq;mq;mq;mq;mq;mq;mq;12.300000;-10;mq;mq;0.000000;-60;0.000000;0.000000;0.000000;mq;mq;710.000000;1112.000000;3100.000000;mq;5;0;7500;mq;mq;mq;mq;mq;mq;mq;mq;mq;
78897;20110929000000;100980;110;3;270;1.500000;299.850000;296.350000;81;25000;2;1;1;60;2;800;32;20;11;mq;mq;mq;mq;298.050000;mq;305.850000;mq;mq;mq;mq;mq;mq;mq;mq;mq;mq;mq;mq;mq;0.000000;mq;1.000000;mq;mq;mq;mq;2;8;600;5;0;7800;mq;mq;mq;mq;mq;mq;
78922;20110929000000;101100;130;3;220;3.600000;300.750000;296.550000;78;mq;mq;mq;mq;mq;mq;mq;mq;mq;mq;100660;mq;mq;mq;mq;mq;mq;mq;mq;mq;mq;mq;mq;mq;mq;mq;mq;mq;mq;mq;mq;mq;mq;mq;mq;mq;mq;mq;mq;mq;mq;mq;mq;mq;mq;mq;mq;mq;mq;
78925;20110929000000;101140;160;2;220;2.100000;300.850000;298.050000;85;60000;0;mq;mq;90;mq;mq;mq;mq;mq;mq;mq;mq;mq;mq;mq;mq;mq;mq;mq;mq;mq;mq;mq;mq;mq;mq;mq;mq;mq;mq;mq;mq;mq;mq;mq;mq;mq;mq;mq;mq;mq;mq;mq;mq;mq;mq;mq;mq;
81401;20110929000000;101180;mq;mq;100;1.500000;299.950000;295.750000;78;mq;mq;mq;mq;mq;mq;mq;mq;mq;mq;101120;mq;mq;mq;mq;mq;308.150000;mq;mq;mq;mq;mq;mq;mq;mq;mq;mq;mq;mq;0.000000;0.000000;mq;mq;mq;mq;mq;mq;mq;mq;mq;mq;mq;mq;mq;mq;mq;mq;mq;mq;
81408;20110929000000;101230;mq;mq;100;1.000000;299.150000;296.050000;83;mq;mq;mq;mq;mq;mq;mq;mq;mq;mq;101150;mq;mq;mq;mq;mq;307.450000;mq;mq;mq;mq;mq;mq;mq;mq;mq;mq;mq;mq;0.000000;0.000000;mq;mq;mq;mq;mq;mq;mq;mq;mq;mq;mq;mq;mq;mq;mq;mq;mq;mq;
89642;20110929000000;99330;-200;8;100;9.300000;252.750000;247.150000;58;40000;2;1;1;100;7;1750;35;61;60;98760;mq;mq;mq;250.150000;mq;252.750000;mq;mq;mq;mq;mq;mq;mq;mq;mq;mq;mq;mq;mq;mq;mq;mq;mq;mq;mq;mq;7;6;1500;mq;mq;mq;mq;mq;mq;mq;mq;mq;
07005;20110929030000;102480;-40;8;120;3.100000;288.750000;285.450000;81;mq;mq;mq;mq;mq;mq;mq;mq;mq;mq;101590;mq;mq;mq;mq;mq;mq;mq;mq;mq;mq;mq;4.600000;-10;mq;mq;mq;mq;0.000000;0.000000;mq;mq;mq;710.000000;1105.000000;mq;mq;mq;mq;mq;mq;mq;mq;mq;mq;mq;mq;mq;mq;
07015;20110929030000;102580;-20;8;100;2.600000;288.550000;286.750000;89;5000;0;mq;mq;0;mq;mq;mq;mq;mq;102010;mq;mq;mq;mq;mq;mq;mq;mq;mq;mq;mq;3.100000;-10;mq;mq;0.000000;-30;0.000000;0.000000;mq;mq;mq;710.000000;1103.000000;3100.000000;mq;mq;mq;mq;mq;mq;mq;mq;mq;mq;mq;mq;mq;
07020;20110929030000;102250;-70;8;170;5.100000;293.850000;286.750000;64;mq;mq;mq;mq;mq;mq;mq;mq;mq;mq;101990;mq;mq;mq;mq;mq;mq;mq;mq;mq;mq;mq;7.700000;-10;mq;mq;mq;mq;0.000000;0.000000;mq;mq;mq;710.000000;1108.000000;mq;mq;mq;mq;mq;mq;mq;mq;mq;mq;mq;mq;mq;mq;
07027;20110929030000;102330;-50;8;120;2.600000;285.150000;284.550000;96;8000;0;mq;mq;mq;mq;mq;mq;mq;mq;101520;mq;mq;mq;mq;mq;mq;mq;mq;mq;mq;mq;4.100000;-10;mq;mq;mq;mq;0.000000;0.000000;mq;mq;mq;710.000000;1104.000000;mq;mq;mq;mq;mq;mq;mq;mq;mq;mq;mq;mq;mq;mq;
07037;20110929030000;102450;-30;6;100;2.600000;287.250000;285.450000;89;19000;0;mq;mq;mq;mq;mq;mq;mq;mq;100630;mq;mq;mq;mq;mq;mq;mq;mq;mq;mq;mq;5.100000;-10;mq;mq;mq;mq;0.000000;0.000000;mq;mq;mq;710.000000;1105.000000;mq;mq;mq;mq;mq;mq;mq;mq;mq;mq;mq;mq;mq;mq;
07110;20110929030000;102150;-50;7;170;2.100000;287.350000;286.350000;94;10000;2;mq;mq;10;0;8000;30;20;11;101010;mq;mq;mq;mq;mq;mq;mq;mq;mq;mq;mq;3.100000;-10;mq;mq;mq;mq;0.000000;0.000000;mq;mq;mq;710.000000;1103.000000;mq;mq;1;0;7500;mq;mq;mq;mq;mq;mq;mq;mq;mq;
07117;20110929030000;102180;-30;8;0;0.000000;290.350000;287.050000;81;12000;2;1;1;10;1;2250;30;22;10;101490;mq;mq;mq;mq;mq;mq;mq;mq;mq;mq;mq;3.100000;-10;mq;mq;mq;mq;0.000000;0.000000;mq;mq;mq;710.000000;1103.000000;2427.000000;mq;mq;mq;mq;mq;mq;mq;mq;mq;mq;mq;mq;mq;
07130;20110929030000;102240;-30;8;0;0.000000;286.550000;286.050000;97;200;45;mq;mq;mq;mq;mq;mq;mq;mq;101720;mq;mq;mq;mq;mq;mq;mq;mq;mq;mq;mq;0.500000;-10;mq;mq;mq;mq;0.000000;0.000000;mq;mq;mq;710.000000;1101.000000;mq;mq;mq;mq;mq;mq;mq;mq;mq;mq;mq;mq;mq;mq;
07139;20110929030000;102400;-40;8;280;0.500000;283.850000;282.650000;92;mq;mq;mq;mq;mq;mq;mq;mq;mq;mq;100650;mq;mq;mq;mq;mq;mq;mq;mq;mq;mq;mq;1.000000;-10;mq;mq;mq;mq;0.000000;0.000000;mq;mq;mq;710.000000;1101.000000;mq;mq;mq;mq;mq;mq;mq;mq;mq;mq;mq;mq;mq;mq;
07149;20110929030000;102480;-10;8;70;0.500000;286.450000;285.050000;91;20000;2;1;1;0;mq;mq;mq;mq;mq;101390;mq;mq;mq;mq;mq;mq;mq;mq;mq;mq;mq;1.500000;-10;mq;mq;0.000000;-30;0.000000;0.000000;mq;mq;mq;710.000000;1102.000000;3100.000000;mq;mq;mq;mq;mq;mq;mq;mq;mq;mq;mq;mq;mq;
07168;20110929030000;102570;-20;8;150;2.100000;283.450000;282.250000;92;18000;0;mq;mq;mq;mq;mq;mq;mq;mq;101130;mq;mq;mq;mq;mq;mq;mq;mq;mq;mq;mq;2.600000;-10;mq;mq;mq;mq;0.000000;0.000000;mq;mq;mq;710.000000;1103.000000;mq;mq;mq;mq;mq;mq;mq;mq;mq;mq;mq;mq;mq;mq;
07181;20110929030000;102660;-40;7;90;1.000000;285.950000;285.050000;94;7000;0;mq;mq;mq;mq;mq;mq;mq;mq;98580;mq;mq;mq;mq;mq;mq;mq;mq;mq;mq;mq;1.500000;-10;mq;mq;mq;mq;0.000000;0.000000;mq;mq;mq;710.000000;1102.000000;mq;mq;mq;mq;mq;mq;mq;mq;mq;mq;mq;mq;mq;mq;
07190;20110929030000;102690;-40;7;20;2.100000;286.450000;285.150000;92;6000;0;mq;mq;mq;mq;mq;mq;mq;mq;100870;mq;mq;mq;mq;mq;mq;mq;mq;mq;mq;mq;3.100000;-10;mq;mq;mq;mq;0.000000;0.000000;mq;mq;mq;710.000000;1103.000000;mq;mq;mq;mq;mq;mq;mq;mq;mq;mq;mq;mq;mq;mq;
07207;20110929030000;mq;mq;mq;110;3.100000;289.650000;286.350000;81;15000;2;1;1;0;mq;mq;mq;mq;mq;mq;mq;mq;mq;mq;mq;mq;mq;mq;mq;mq;mq;3.600000;-10;mq;mq;mq;mq;0.000000;0.200000;mq;mq;mq;710.000000;1104.000000;2427.000000;mq;mq;mq;mq;mq;mq;mq;mq;mq;mq;mq;mq;mq;
07222;20110929030000;102170;-50;8;50;1.000000;288.750000;285.450000;81;20000;2;1;1;0;mq;mq;mq;mq;mq;101860;mq;mq;mq;mq;mq;mq;mq;mq;mq;mq;mq;2.100000;-10;mq;mq;mq;mq;0.000000;0.000000;mq;mq;mq;710.000000;1102.000000;mq;mq;mq;mq;mq;mq;mq;mq;mq;mq;mq;mq;mq;mq;
07240;20110929030000;102330;-30;7;80;2.600000;287.550000;286.250000;92;15000;2;mq;mq;0;mq;mq;mq;mq;mq;100990;mq;mq;mq;mq;mq;mq;mq;mq;mq;mq;mq;3.100000;-10;mq;mq;0.000000;-30;0.000000;0.000000;mq;mq;mq;710.000000;1103.000000;3100.000000;mq;mq;mq;mq;mq;mq;mq;mq;mq;mq;mq;mq;mq;
07255;20110929030000;102430;-40;8;100;2.100000;286.950000;286.050000;94;10000;0;mq;mq;mq;mq;mq;mq;mq;mq;100440;mq;mq;mq;mq;mq;mq;mq;mq;mq;mq;mq;2.600000;-10;mq;mq;mq;mq;0.000000;0.000000;mq;mq;mq;710.000000;1103.000000;mq;mq;mq;mq;mq;mq;mq;mq;mq;mq;mq;mq;mq;mq;
07280;20110929030000;102550;-10;8;320;2.600000;286.850000;284.750000;87;16000;0;mq;mq;mq;mq;mq;mq;mq;mq;99840;mq;mq;mq;mq;mq;mq;mq;mq;mq;mq;mq;3.600000;-10;mq;mq;mq;mq;0.000000;0.000000;mq;mq;mq;710.000000;1104.000000;mq;mq;mq;mq;mq;mq;mq;mq;mq;mq;mq;mq;mq;mq;
07299;20110929030000;102730;10;4;260;0.500000;282.450000;281.950000;97;2000;40;0;0;10;1;80;36;20;10;99420;mq;mq;mq;mq;mq;mq;mq;mq;mq;mq;mq;1.500000;-10;mq;mq;0.000000;-30;0.200000;0.200000;mq;mq;mq;710.000000;1102.000000;3100.000000;mq;1;7;60;mq;mq;mq;mq;mq;mq;mq;mq;mq;
07314;20110929030000;102210;20;0;240;2.600000;292.450000;291.150000;92;16000;2;1;1;0;mq;mq;mq;mq;mq;101940;mq;mq;mq;mq;mq;mq;mq;mq;mq;mq;mq;4.100000;-10;mq;mq;mq;mq;0.000000;0.000000;mq;mq;mq;710.000000;1104.000000;2427.000000;mq;mq;mq;mq;mq;mq;mq;mq;mq;mq;mq;mq;mq;
07335;20110929030000;102330;-20;8;160;1.500000;285.650000;284.350000;92;23000;0;mq;mq;mq;mq;mq;mq;mq;mq;100880;mq;mq;mq;mq;mq;mq;mq;mq;mq;mq;mq;1.500000;-10;mq;mq;mq;mq;0.000000;0.000000;mq;mq;mq;710.000000;1102.000000;mq;mq;mq;mq;mq;mq;mq;mq;mq;mq;mq;mq;mq;mq;
07434;20110929030000;102420;10;0;70;1.500000;290.050000;281.750000;58;55000;0;mq;mq;mq;mq;mq;mq;mq;mq;97720;mq;mq;mq;mq;mq;mq;mq;mq;mq;mq;mq;2.600000;-10;mq;mq;mq;mq;0.000000;0.000000;mq;mq;mq;710.000000;1103.000000;mq;mq;mq;mq;mq;mq;mq;mq;mq;mq;mq;mq;mq;mq;
07460;20110929030000;102520;-20;7;140;1.500000;287.750000;283.150000;74;30000;2;mq;mq;0;mq;mq;mq;mq;mq;98660;mq;mq;mq;mq;mq;mq;mq;mq;mq;mq;mq;4.600000;-10;mq;mq;0.000000;-30;0.000000;0.000000;mq;mq;mq;710.000000;1105.000000;3100.000000;mq;mq;mq;mq;mq;mq;mq;mq;mq;mq;mq;mq;mq;
07471;20110929030000;mq;-20;8;260;1.000000;279.850000;277.350000;84;20000;0;mq;mq;mq;mq;mq;mq;mq;mq;93070;85000;18470;mq;mq;mq;mq;mq;mq;mq;mq;mq;2.600000;-10;mq;mq;mq;mq;0.000000;0.000000;mq;mq;mq;710.000000;1103.000000;mq;mq;mq;mq;mq;mq;mq;mq;mq;mq;mq;mq;mq;mq;
07481;20110929030000;102540;0;0;140;3.100000;288.650000;286.450000;87;6000;2;1;1;0;mq;mq;mq;mq;mq;99690;mq;mq;mq;mq;mq;mq;mq;mq;mq;mq;mq;3.600000;-10;mq;mq;0.000000;-30;0.000000;0.000000;mq;mq;mq;710.000000;1104.000000;3100.000000;mq;mq;mq;mq;mq;mq;mq;mq;mq;mq;mq;mq;mq;
07510;20110929030000;102270;20;1;230;0.500000;290.450000;290.450000;100;300;45;4;1;101;mq;mq;62;61;60;101630;mq;mq;mq;mq;mq;mq;mq;mq;mq;mq;mq;2.600000;-10;mq;mq;0.000000;-30;0.000000;0.000000;mq;mq;mq;710.000000;1103.000000;3100.000000;mq;mq;mq;mq;mq;mq;mq;mq;mq;mq;mq;mq;mq;
07535;20110929030000;102380;-20;8;110;2.600000;291.050000;281.350000;53;mq;mq;mq;mq;mq;mq;mq;mq;mq;mq;99310;mq;mq;mq;mq;mq;mq;mq;mq;mq;mq;mq;5.100000;-10;mq;mq;mq;mq;0.000000;0.000000;mq;mq;mq;710.000000;1105.000000;mq;mq;mq;mq;mq;mq;mq;mq;mq;mq;mq;mq;mq;mq;
07558;20110929030000;102610;-30;8;20;2.100000;286.350000;280.350000;67;mq;mq;mq;mq;mq;mq;mq;mq;mq;mq;94310;mq;mq;mq;mq;mq;mq;mq;mq;mq;mq;mq;3.100000;-10;mq;mq;mq;mq;0.000000;0.000000;mq;mq;mq;710.000000;1103.000000;mq;mq;mq;mq;mq;mq;mq;mq;mq;mq;mq;mq;mq;mq;
07577;20110929030000;102570;10;0;0;0.000000;285.250000;283.950000;92;5000;0;mq;mq;mq;mq;mq;mq;mq;mq;101670;mq;mq;mq;mq;mq;mq;mq;mq;mq;mq;mq;1.000000;-10;mq;mq;mq;mq;0.000000;0.000000;mq;mq;mq;710.000000;1101.000000;mq;mq;mq;mq;mq;mq;mq;mq;mq;mq;mq;mq;mq;mq;
07591;20110929030000;mq;-40;8;140;1.500000;286.150000;281.250000;72;mq;0;mq;mq;mq;mq;mq;mq;mq;mq;92660;mq;mq;mq;mq;mq;mq;mq;mq;mq;mq;mq;2.100000;-10;mq;mq;mq;mq;0.000000;0.000000;mq;mq;mq;710.000000;1102.000000;mq;mq;mq;mq;mq;mq;mq;mq;mq;mq;mq;mq;mq;mq;
07607;20110929030000;102290;-20;8;10;1.000000;291.050000;290.450000;96;1900;10;mq;mq;100;mq;150;mq;mq;mq;101590;mq;mq;mq;mq;mq;mq;mq;mq;mq;mq;mq;2.600000;-10;mq;mq;mq;mq;0.000000;0.000000;mq;mq;mq;710.000000;1103.000000;mq;mq;mq;mq;mq;mq;mq;mq;mq;mq;mq;mq;mq;mq;
07621;20110929030000;102350;-30;6;180;1.500000;287.750000;285.650000;87;30000;1;mq;mq;10;1;3500;30;23;10;98060;mq;mq;mq;mq;mq;mq;mq;mq;mq;mq;mq;2.600000;-10;mq;mq;0.000000;-30;0.000000;0.000000;mq;mq;mq;710.000000;1103.000000;3100.000000;mq;1;3;3000;mq;mq;mq;mq;mq;mq;mq;mq;mq;
07627;20110929030000;102440;10;0;0;0.000000;284.750000;283.350000;91;mq;mq;mq;mq;mq;mq;mq;mq;mq;mq;97560;mq;mq;mq;mq;mq;mq;mq;mq;mq;mq;mq;1.500000;-10;mq;mq;mq;mq;0.000000;0.000000;mq;mq;mq;710.000000;1102.000000;mq;mq;mq;mq;mq;mq;mq;mq;mq;mq;mq;mq;mq;mq;
07630;20110929030000;102380;20;1;0;0.000000;288.850000;285.050000;78;15000;2;1;1;0;mq;mq;mq;mq;mq;100590;mq;mq;mq;mq;mq;mq;mq;mq;mq;mq;mq;2.100000;-10;mq;mq;0.000000;-30;0.000000;0.000000;mq;mq;mq;710.000000;1102.000000;3100.000000;mq;mq;mq;mq;mq;mq;mq;mq;mq;mq;mq;mq;mq;
07643;20110929030000;102500;10;0;10;1.500000;287.450000;284.450000;82;15000;2;1;1;0;mq;mq;mq;mq;mq;102400;mq;mq;mq;mq;mq;mq;mq;mq;mq;mq;mq;3.100000;-10;mq;mq;mq;mq;0.000000;0.000000;mq;mq;mq;710.000000;1103.000000;mq;mq;mq;mq;mq;mq;mq;mq;mq;mq;mq;mq;mq;mq;
07650;20110929030000;102440;-50;7;90;1.500000;290.150000;285.050000;72;20000;2;1;1;0;mq;mq;mq;mq;mq;102060;mq;mq;mq;mq;mq;mq;mq;mq;mq;mq;mq;2.600000;-10;mq;mq;0.000000;-30;0.000000;0.000000;mq;mq;mq;710.000000;1103.000000;3100.000000;mq;mq;mq;mq;mq;mq;mq;mq;mq;mq;mq;mq;mq;
07661;20110929030000;102400;-50;6;110;6.700000;291.950000;286.150000;69;20000;2;1;1;0;mq;mq;mq;mq;mq;100820;mq;mq;mq;mq;mq;mq;mq;mq;mq;mq;mq;9.800000;-10;mq;mq;mq;mq;0.000000;0.000000;mq;mq;mq;710.000000;1110.000000;mq;mq;mq;mq;mq;mq;mq;mq;mq;mq;mq;mq;mq;mq;
07690;20110929030000;102450;-60;8;330;5.700000;292.850000;284.050000;57;20000;2;1;1;0;mq;mq;mq;mq;mq;102120;mq;mq;mq;mq;mq;mq;mq;mq;mq;mq;mq;7.700000;-10;mq;mq;0.000000;-30;0.000000;0.000000;mq;mq;mq;710.000000;1108.000000;3100.000000;mq;mq;mq;mq;mq;mq;mq;mq;mq;mq;mq;mq;mq;
07747;20110929030000;102480;0;0;220;0.500000;290.050000;288.050000;88;15000;0;mq;mq;mq;mq;mq;mq;mq;mq;101950;mq;mq;mq;mq;mq;mq;mq;mq;mq;mq;mq;1.500000;-10;mq;mq;mq;mq;0.000000;0.200000;mq;mq;mq;710.000000;1102.000000;mq;mq;mq;mq;mq;mq;mq;mq;mq;mq;mq;mq;mq;mq;
07761;20110929030000;102250;-70;8;40;4.100000;287.250000;283.450000;78;15000;2;1;1;0;mq;mq;mq;mq;mq;102140;mq;mq;mq;mq;mq;mq;mq;mq;mq;mq;mq;5.100000;-10;mq;mq;0.000000;-30;0.000000;0.000000;mq;mq;mq;710.000000;1105.000000;3100.000000;mq;mq;mq;mq;mq;mq;mq;mq;mq;mq;mq;mq;mq;
07790;20110929030000;102350;-40;6;220;2.600000;288.650000;285.050000;79;12000;2;1;1;0;mq;mq;mq;mq;mq;102210;mq;mq;mq;mq;mq;mq;mq;mq;mq;mq;mq;3.100000;-10;mq;mq;0.000000;-30;0.000000;0.000000;mq;mq;mq;710.000000;1103.000000;3100.000000;mq;mq;mq;mq;mq;mq;mq;mq;mq;mq;mq;mq;mq;
61968;20110929030000;101440;mq;mq;90;6.200000;297.750000;292.350000;72;mq;mq;mq;mq;mq;mq;mq;mq;mq;mq;mq;mq;mq;mq;mq;mq;mq;mq;mq;mq;mq;mq;12.300000;-10;mq;mq;mq;mq;0.000000;0.000000;mq;mq;mq;710.000000;1112.000000;mq;mq;mq;mq;mq;mq;mq;mq;mq;mq;mq;mq;mq;mq;
61970;20110929030000;101530;mq;mq;mq;mq;297.750000;295.850000;89;mq;mq;mq;mq;mq;mq;mq;mq;mq;mq;mq;mq;mq;mq;mq;mq;mq;mq;mq;mq;mq;mq;mq;mq;mq;mq;mq;mq;0.000000;0.000000;mq;mq;mq;mq;mq;mq;mq;mq;mq;mq;mq;mq;mq;mq;mq;mq;mq;mq;mq;
61972;20110929030000;101650;mq;mq;150;3.100000;293.950000;293.250000;96;mq;mq;mq;mq;mq;mq;mq;mq;mq;mq;mq;mq;mq;mq;mq;mq;mq;mq;mq;mq;mq;mq;5.100000;-10;mq;mq;mq;mq;0.000000;0.000000;mq;mq;mq;710.000000;1105.000000;mq;mq;mq;mq;mq;mq;mq;mq;mq;mq;mq;mq;mq;mq;
61976;20110929030000;101700;mq;mq;130;6.200000;296.350000;292.050000;77;mq;mq;mq;mq;mq;mq;mq;mq;mq;mq;101550;mq;mq;mq;mq;mq;mq;mq;mq;mq;mq;mq;mq;mq;mq;mq;mq;mq;mq;mq;mq;mq;mq;mq;mq;mq;mq;mq;mq;mq;mq;mq;mq;mq;mq;mq;mq;mq;mq;
61980;20110929030000;101940;mq;mq;160;3.100000;292.850000;287.650000;72;10000;2;1;1;10;1;800;32;20;10;mq;mq;mq;mq;mq;mq;mq;mq;mq;mq;mq;mq;4.600000;-10;mq;mq;mq;mq;0.000000;0.000000;mq;mq;mq;710.000000;1105.000000;2437.000000;mq;1;8;750;mq;mq;mq;mq;mq;mq;mq;mq;mq;
61997;20110929030000;100350;mq;mq;220;15.400000;274.650000;270.350000;73;mq;mq;mq;mq;mq;mq;mq;mq;mq;mq;mq;mq;mq;1680;mq;mq;mq;mq;mq;mq;mq;mq;24.700000;-30;mq;mq;mq;mq;mq;0.000000;mq;mq;mq;1125.000000;mq;mq;mq;mq;mq;mq;mq;mq;mq;mq;mq;mq;mq;mq;mq;
61998;20110929030000;97920;mq;mq;300;5.100000;275.750000;270.850000;70;30000;2;1;1;40;2;1750;35;20;12;mq;mq;mq;mq;mq;mq;mq;mq;mq;mq;mq;mq;9.300000;-10;mq;mq;mq;mq;0.000000;0.000000;mq;mq;mq;710.000000;1109.000000;mq;mq;2;6;1500;mq;mq;mq;mq;mq;mq;mq;mq;mq;
67005;20110929030000;101460;mq;mq;0;1.000000;295.750000;294.350000;92;mq;0;mq;mq;mq;mq;mq;mq;mq;mq;mq;mq;mq;mq;mq;mq;mq;mq;mq;mq;mq;mq;1.500000;-10;mq;mq;mq;mq;0.000000;0.000000;mq;mq;mq;710.000000;1102.000000;mq;mq;mq;mq;mq;mq;mq;mq;mq;mq;mq;mq;mq;mq;
71805;20110929030000;101750;-120;8;250;8.700000;284.750000;282.450000;86;60000;0;mq;mq;mq;mq;mq;mq;mq;mq;101670;mq;mq;mq;mq;mq;mq;mq;mq;mq;mq;mq;11.800000;-10;mq;mq;mq;mq;0.000000;0.000000;mq;mq;mq;710.000000;1112.000000;mq;mq;mq;mq;mq;mq;mq;mq;mq;mq;mq;mq;mq;mq;
78897;20110929030000;101050;70;0;240;2.100000;300.250000;295.850000;77;25000;2;1;1;60;1;800;32;20;11;mq;mq;mq;mq;mq;mq;mq;mq;mq;mq;mq;mq;mq;mq;mq;mq;mq;mq;mq;mq;mq;mq;mq;mq;mq;mq;mq;1;8;600;5;0;7800;mq;mq;mq;mq;mq;mq;
78922;20110929030000;101180;80;1;220;3.600000;299.150000;297.150000;89;mq;mq;mq;mq;mq;mq;mq;mq;mq;mq;100740;mq;mq;mq;mq;mq;mq;mq;mq;mq;mq;mq;mq;mq;mq;mq;mq;mq;mq;mq;mq;mq;mq;mq;mq;mq;mq;mq;mq;mq;mq;mq;mq;mq;mq;mq;mq;mq;mq;
78925;20110929030000;101210;70;1;160;1.500000;299.550000;298.650000;95;20000;2;1;1;90;1;800;38;27;12;mq;mq;mq;mq;mq;mq;mq;mq;mq;mq;mq;mq;mq;mq;mq;mq;mq;mq;mq;mq;mq;mq;mq;mq;mq;mq;mq;1;8;690;6;4;2400;7;0;7800;mq;mq;mq;
81401;20110929030000;101240;mq;mq;120;1.000000;298.450000;296.350000;88;mq;mq;mq;mq;mq;mq;mq;mq;mq;mq;101180;mq;mq;mq;mq;mq;mq;mq;mq;mq;mq;mq;mq;mq;mq;mq;mq;mq;mq;0.000000;mq;mq;mq;mq;mq;mq;mq;mq;mq;mq;mq;mq;mq;mq;mq;mq;mq;mq;mq;
81405;20110929030000;101300;mq;mq;100;1.500000;298.350000;296.750000;91;40000;0;mq;mq;mq;mq;mq;mq;mq;mq;101210;mq;mq;mq;mq;mq;mq;mq;mq;mq;mq;mq;mq;mq;mq;mq;mq;mq;mq;0.000000;mq;mq;mq;mq;mq;mq;mq;mq;mq;mq;mq;mq;mq;mq;mq;mq;mq;mq;mq;
81408;20110929030000;101300;mq;mq;0;0.000000;296.650000;295.850000;95;mq;mq;mq;mq;mq;mq;mq;mq;mq;mq;101220;mq;mq;mq;mq;mq;mq;mq;mq;mq;mq;mq;mq;mq;mq;mq;mq;mq;mq;0.000000;mq;mq;mq;mq;mq;mq;mq;mq;mq;mq;mq;mq;mq;mq;mq;mq;mq;mq;mq;
89642;20110929030000;99150;-180;7;100;9.800000;255.550000;250.050000;59;40000;2;1;1;100;7;1750;35;61;60;98580;mq;mq;mq;mq;mq;mq;mq;mq;mq;mq;mq;mq;mq;mq;mq;mq;mq;mq;mq;mq;mq;mq;mq;mq;mq;mq;7;6;1500;mq;mq;mq;mq;mq;mq;mq;mq;mq;
07005;20110929060000;102500;20;3;140;2.100000;287.150000;284.650000;85;9000;2;1;1;0;mq;mq;mq;mq;mq;101610;mq;mq;mq;287.150000;mq;295.050000;mq;286.150000;mq;mq;mq;5.100000;-10;0;0.000000;mq;mq;0.000000;0.000000;mq;0.000000;0.000000;710.000000;1105.000000;mq;mq;mq;mq;mq;mq;mq;mq;mq;mq;mq;mq;mq;mq;
07015;20110929060000;102550;-30;5;110;2.100000;287.250000;285.850000;91;6000;11;mq;mq;0;mq;mq;mq;mq;mq;101980;mq;mq;mq;287.250000;mq;295.050000;mq;286.150000;mq;mq;mq;2.600000;-10;0;0.000000;0.000000;-60;0.200000;0.200000;mq;0.200000;0.400000;710.000000;1103.000000;3100.000000;mq;mq;mq;mq;mq;mq;mq;mq;mq;mq;mq;mq;mq;
07020;20110929060000;102270;20;3;190;3.600000;292.850000;286.050000;65;18000;2;1;1;0;mq;mq;mq;mq;mq;102010;mq;mq;mq;289.850000;mq;295.250000;mq;mq;mq;mq;mq;6.700000;-10;mq;mq;mq;mq;0.000000;0.000000;mq;0.000000;0.000000;710.000000;1107.000000;mq;mq;mq;mq;mq;mq;mq;mq;mq;mq;mq;mq;mq;mq;
07027;20110929060000;102360;20;3;130;2.600000;284.050000;283.550000;97;12000;2;1;1;0;mq;mq;mq;mq;mq;101540;mq;mq;mq;283.750000;mq;294.550000;mq;282.150000;mq;mq;mq;4.100000;-10;0;0.000000;0.000000;-60;0.000000;0.000000;mq;0.000000;0.200000;710.000000;1104.000000;3100.000000;mq;mq;mq;mq;mq;mq;mq;mq;mq;mq;mq;mq;mq;
07037;20110929060000;102470;10;3;120;2.100000;285.850000;284.950000;94;10000;2;1;1;0;mq;mq;mq;mq;mq;100640;mq;mq;mq;285.750000;mq;293.350000;mq;280.150000;mq;mq;mq;3.100000;-10;0;0.000000;0.000000;-60;0.000000;0.000000;mq;0.000000;0.200000;710.000000;1103.000000;3100.000000;mq;mq;mq;mq;mq;mq;mq;mq;mq;mq;mq;mq;mq;
07110;20110929060000;102170;20;0;170;2.100000;287.250000;286.650000;96;8000;3;mq;mq;40;0;8000;30;20;11;101030;mq;mq;mq;287.050000;mq;293.250000;mq;283.150000;mq;mq;mq;3.100000;-10;0;0.000000;mq;mq;0.000000;0.000000;mq;0.000000;0.000000;710.000000;1103.000000;mq;mq;3;0;7500;mq;mq;mq;mq;mq;mq;mq;mq;mq;
07117;20110929060000;102180;-10;5;270;3.100000;288.250000;285.050000;81;8000;2;1;1;75;6;2250;30;22;10;101480;mq;mq;mq;288.250000;mq;297.450000;mq;mq;mq;mq;mq;4.600000;-10;mq;mq;mq;mq;0.000000;0.000000;mq;0.000000;mq;710.000000;1105.000000;2426.000000;mq;mq;mq;mq;mq;mq;mq;mq;mq;mq;mq;mq;mq;
07130;20110929060000;102270;30;3;90;1.000000;286.550000;285.750000;95;7000;0;mq;mq;mq;mq;mq;mq;mq;mq;101750;mq;mq;mq;285.750000;mq;296.250000;mq;281.150000;mq;mq;mq;2.600000;-10;0;0.000000;mq;mq;0.000000;0.000000;mq;0.000000;0.200000;710.000000;1103.000000;mq;mq;mq;mq;mq;mq;mq;mq;mq;mq;mq;mq;mq;mq;
07139;20110929060000;102420;20;3;50;0.500000;282.850000;281.750000;93;15000;2;1;1;0;mq;mq;mq;mq;mq;100670;mq;mq;mq;282.750000;mq;294.850000;mq;279.150000;mq;mq;mq;1.000000;-10;0;0.000000;0.000000;-60;0.000000;0.200000;mq;0.200000;0.200000;710.000000;1101.000000;3100.000000;mq;mq;mq;mq;mq;mq;mq;mq;mq;mq;mq;mq;mq;
07149;20110929060000;102520;40;3;100;2.600000;285.250000;284.750000;97;15000;11;0;0;0;mq;mq;mq;mq;mq;101430;mq;mq;mq;284.050000;mq;295.450000;mq;279.150000;mq;mq;mq;2.600000;-10;0;0.000000;0.000000;-60;0.000000;0.000000;mq;0.000000;0.200000;710.000000;1103.000000;3100.000000;mq;mq;mq;mq;mq;mq;mq;mq;mq;mq;mq;mq;mq;
07168;20110929060000;102620;40;3;160;1.500000;282.150000;281.350000;95;15000;2;1;1;0;mq;mq;mq;mq;mq;101170;mq;mq;mq;281.250000;mq;294.950000;mq;278.150000;mq;mq;mq;2.100000;-10;0;0.000000;0.000000;-60;0.000000;0.000000;mq;0.000000;0.200000;710.000000;1102.000000;3100.000000;mq;mq;mq;mq;mq;mq;mq;mq;mq;mq;mq;mq;mq;
07181;20110929060000;102700;10;3;0;0.000000;284.450000;283.950000;97;3000;10;0;0;10;0;8000;30;20;11;98590;mq;mq;mq;284.150000;mq;294.250000;mq;278.150000;mq;mq;mq;1.000000;-10;1;0.000000;0.000000;-60;0.000000;0.200000;mq;0.200000;0.200000;710.000000;1101.000000;3100.000000;mq;1;0;9000;mq;mq;mq;mq;mq;mq;mq;mq;mq;
07190;20110929060000;102730;40;3;250;1.500000;286.050000;285.250000;95;2800;10;mq;mq;mq;mq;mq;mq;mq;mq;100910;mq;mq;mq;285.350000;mq;294.650000;mq;282.150000;mq;mq;mq;3.600000;-10;1;0.000000;mq;mq;0.000000;0.000000;mq;0.000000;0.200000;710.000000;1104.000000;mq;mq;mq;mq;mq;mq;mq;mq;mq;mq;mq;mq;mq;mq;
07207;20110929060000;mq;mq;mq;100;2.100000;289.150000;287.550000;90;15000;2;1;1;25;1;1750;31;23;10;mq;mq;mq;mq;288.650000;mq;292.750000;mq;mq;mq;mq;mq;3.600000;-10;mq;mq;mq;mq;0.000000;0.000000;mq;0.200000;mq;710.000000;1104.000000;2427.000000;mq;mq;mq;mq;mq;mq;mq;mq;mq;mq;mq;mq;mq;
07222;20110929060000;102200;30;3;70;1.500000;287.750000;285.750000;88;15000;2;1;1;10;0;8000;30;20;11;101890;mq;mq;mq;286.850000;mq;296.750000;mq;282.150000;mq;mq;mq;2.100000;-10;0;0.000000;mq;mq;0.000000;0.000000;mq;0.000000;0.000000;710.000000;1102.000000;mq;mq;1;0;7800;mq;mq;mq;mq;mq;mq;mq;mq;mq;
07240;20110929060000;102380;40;3;90;2.600000;286.550000;285.750000;95;8000;2;mq;mq;0;mq;mq;mq;mq;mq;101030;mq;mq;mq;286.450000;mq;295.350000;mq;284.150000;mq;mq;mq;3.600000;-10;0;0.000000;0.000000;-60;0.200000;0.200000;mq;0.200000;0.200000;710.000000;1104.000000;3100.000000;mq;mq;mq;mq;mq;mq;mq;mq;mq;mq;mq;mq;mq;
07255;20110929060000;102480;50;3;80;2.100000;286.550000;285.750000;95;7000;11;0;0;0;mq;mq;mq;mq;mq;100490;mq;mq;mq;286.450000;mq;294.450000;mq;285.150000;mq;mq;mq;3.600000;-10;0;0.000000;0.000000;-60;0.000000;0.000000;mq;0.000000;0.000000;710.000000;1104.000000;3100.000000;mq;mq;mq;mq;mq;mq;mq;mq;mq;mq;mq;mq;mq;
07280;20110929060000;102630;60;3;330;1.500000;285.750000;284.150000;90;16000;0;mq;mq;mq;mq;mq;mq;mq;mq;99900;mq;mq;mq;285.550000;mq;293.950000;mq;283.150000;mq;mq;mq;2.600000;-10;0;0.000000;mq;mq;0.000000;0.000000;mq;0.000000;0.000000;710.000000;1103.000000;mq;mq;mq;mq;mq;mq;mq;mq;mq;mq;mq;mq;mq;mq;
07299;20110929060000;102770;30;3;220;0.500000;281.750000;281.450000;98;2000;40;4;0;10;1;30;36;20;11;99450;mq;mq;mq;281.250000;mq;291.350000;mq;279.150000;mq;mq;mq;2.100000;-10;0;0.000000;0.000000;-60;0.000000;0.000000;mq;0.200000;0.200000;710.000000;1102.000000;3100.000000;mq;1;7;30;mq;mq;mq;mq;mq;mq;mq;mq;mq;
07314;20110929060000;102260;50;3;150;2.100000;290.450000;290.250000;99;mq;mq;mq;mq;mq;mq;mq;mq;mq;mq;101990;mq;mq;mq;290.450000;mq;294.550000;mq;mq;mq;mq;mq;3.600000;-10;mq;mq;mq;mq;0.000000;0.000000;mq;0.000000;0.000000;710.000000;1104.000000;mq;mq;mq;mq;mq;mq;mq;mq;mq;mq;mq;mq;mq;mq;
07335;20110929060000;102370;40;3;170;1.500000;285.950000;284.050000;88;30000;2;1;1;0;mq;mq;mq;mq;mq;100920;mq;mq;mq;285.450000;mq;297.050000;mq;283.150000;mq;mq;mq;3.100000;-10;0;0.000000;mq;mq;0.000000;0.000000;mq;0.000000;0.000000;710.000000;1103.000000;mq;mq;mq;mq;mq;mq;mq;mq;mq;mq;mq;mq;mq;mq;
07434;20110929060000;102420;0;5;80;1.500000;290.350000;279.850000;50;50000;2;1;1;0;mq;mq;mq;mq;mq;97720;mq;mq;mq;289.550000;mq;296.150000;mq;287.150000;mq;mq;mq;2.600000;-10;0;0.000000;0.000000;-60;0.000000;0.000000;mq;0.000000;0.000000;710.000000;1103.000000;3100.000000;mq;mq;mq;mq;mq;mq;mq;mq;mq;mq;mq;mq;mq;
07460;20110929060000;102590;50;3;150;1.000000;286.450000;282.350000;76;30000;2;mq;mq;0;mq;mq;mq;mq;mq;98710;mq;mq;mq;286.450000;mq;295.050000;mq;285.150000;mq;mq;mq;3.100000;-10;0;0.000000;0.000000;-60;0.000000;0.000000;mq;0.000000;0.000000;710.000000;1103.000000;3100.000000;mq;mq;mq;mq;mq;mq;mq;mq;mq;mq;mq;mq;mq;
07471;20110929060000;mq;10;3;260;0.500000;278.750000;276.750000;87;45000;2;1;1;0;mq;mq;mq;mq;mq;93080;85000;18480;mq;278.550000;mq;290.850000;mq;276.150000;mq;mq;mq;2.600000;-10;1;0.000000;0.000000;-60;mq;mq;mq;mq;mq;710.000000;1103.000000;3100.000000;mq;mq;mq;mq;mq;mq;mq;mq;mq;mq;mq;mq;mq;
07481;20110929060000;102590;40;3;160;2.600000;287.850000;285.850000;88;8000;11;0;0;0;mq;mq;mq;mq;mq;99730;mq;mq;mq;287.350000;mq;296.350000;mq;284.150000;mq;mq;mq;5.100000;-10;0;0.000000;0.000000;-60;0.000000;0.000000;mq;0.000000;0.000000;710.000000;1105.000000;3100.000000;mq;mq;mq;mq;mq;mq;mq;mq;mq;mq;mq;mq;mq;
07510;20110929060000;102280;0;5;160;1.500000;289.150000;289.150000;100;2000;10;4;1;100;8;80;36;61;60;101630;mq;mq;mq;289.150000;mq;299.250000;mq;286.150000;mq;mq;mq;2.600000;-10;0;0.000000;0.000000;-60;0.000000;0.000000;mq;0.000000;0.000000;710.000000;1103.000000;3100.000000;mq;8;7;90;mq;mq;mq;mq;mq;mq;mq;mq;mq;
07535;20110929060000;102420;20;3;100;2.100000;288.650000;280.950000;60;25000;2;1;1;0;mq;mq;mq;mq;mq;99330;mq;mq;mq;288.150000;mq;298.650000;mq;284.150000;mq;mq;mq;4.600000;-10;mq;mq;0.000000;-60;0.000000;0.000000;mq;0.000000;0.000000;710.000000;1105.000000;3100.000000;mq;mq;mq;mq;mq;mq;mq;mq;mq;mq;mq;mq;mq;
07558;20110929060000;102640;20;3;20;1.500000;286.150000;279.950000;66;50000;2;1;1;0;mq;mq;mq;mq;mq;94330;mq;mq;mq;286.050000;mq;293.050000;mq;284.150000;mq;mq;mq;2.100000;-10;0;0.000000;0.000000;-60;0.000000;0.000000;mq;0.000000;0.000000;710.000000;1102.000000;3100.000000;mq;mq;mq;mq;mq;mq;mq;mq;mq;mq;mq;mq;mq;
07577;20110929060000;102600;30;3;0;0.000000;284.550000;283.750000;95;5000;11;0;0;0;mq;mq;mq;mq;mq;101700;mq;mq;mq;284.150000;mq;296.150000;mq;281.150000;mq;mq;mq;1.500000;-10;1;0.000000;0.000000;-60;0.000000;0.000000;mq;0.000000;0.000000;710.000000;1102.000000;3100.000000;mq;mq;mq;mq;mq;mq;mq;mq;mq;mq;mq;mq;mq;
07591;20110929060000;mq;10;3;50;4.100000;286.650000;280.650000;67;mq;0;mq;mq;mq;mq;mq;mq;mq;mq;92670;mq;mq;mq;285.450000;mq;291.250000;mq;281.150000;mq;mq;mq;7.700000;-10;mq;mq;mq;mq;0.000000;0.000000;mq;0.000000;0.000000;710.000000;1108.000000;mq;mq;mq;mq;mq;mq;mq;mq;mq;mq;mq;mq;mq;mq;
07607;20110929060000;102300;10;3;110;2.100000;290.850000;289.750000;93;4900;10;2;2;100;8;150;36;61;60;101600;mq;mq;mq;290.550000;mq;300.450000;mq;290.150000;mq;mq;mq;3.100000;-10;mq;mq;mq;mq;0.000000;0.000000;mq;0.000000;0.000000;710.000000;1103.000000;mq;mq;5;7;150;8;7;180;mq;mq;mq;mq;mq;mq;
07621;20110929060000;102360;-10;5;170;1.000000;286.350000;284.550000;89;45000;3;mq;mq;10;1;3500;30;23;10;98050;mq;mq;mq;286.250000;mq;294.450000;mq;283.150000;mq;mq;mq;2.100000;-10;0;0.000000;0.000000;-60;0.000000;0.000000;mq;0.000000;0.000000;710.000000;1102.000000;3100.000000;mq;1;3;3600;mq;mq;mq;mq;mq;mq;mq;mq;mq;
07627;20110929060000;102410;-20;5;200;1.000000;285.150000;283.250000;88;40000;2;1;1;0;mq;mq;mq;mq;mq;97540;mq;mq;mq;284.250000;mq;293.250000;mq;280.150000;mq;mq;mq;2.600000;-10;0;0.000000;0.000000;-60;0.000000;0.000000;mq;0.000000;0.000000;710.000000;1103.000000;3100.000000;mq;mq;mq;mq;mq;mq;mq;mq;mq;mq;mq;mq;mq;
07630;20110929060000;102400;10;3;0;0.000000;287.550000;284.550000;82;10000;2;1;1;0;mq;mq;mq;mq;mq;100600;mq;mq;mq;287.350000;mq;299.550000;mq;282.150000;mq;mq;mq;0.500000;-10;0;0.000000;0.000000;-60;0.000000;0.000000;mq;0.000000;0.000000;710.000000;1101.000000;3100.000000;mq;mq;mq;mq;mq;mq;mq;mq;mq;mq;mq;mq;mq;
07643;20110929060000;102530;30;3;350;1.500000;287.950000;283.750000;76;15000;2;1;1;0;mq;mq;mq;mq;mq;102430;mq;mq;mq;286.850000;mq;294.650000;mq;286.150000;mq;mq;mq;4.100000;-10;0;0.000000;mq;mq;0.000000;0.000000;mq;0.000000;0.000000;710.000000;1104.000000;mq;mq;mq;mq;mq;mq;mq;mq;mq;mq;mq;mq;mq;mq;
07650;20110929060000;102470;30;3;50;1.000000;291.250000;284.750000;66;30000;2;1;1;0;mq;mq;mq;mq;mq;102090;mq;mq;mq;288.450000;mq;296.250000;mq;285.150000;mq;mq;mq;4.100000;-10;0;0.000000;0.000000;-60;0.000000;0.000000;mq;0.000000;0.000000;710.000000;1104.000000;3100.000000;mq;mq;mq;mq;mq;mq;mq;mq;mq;mq;mq;mq;mq;
07661;20110929060000;102430;20;3;110;5.700000;290.850000;285.950000;73;20000;2;1;1;25;2;2250;30;22;10;100840;mq;mq;mq;290.650000;mq;296.050000;mq;mq;mq;mq;mq;8.700000;-10;mq;mq;mq;mq;0.000000;0.000000;mq;0.000000;0.000000;710.000000;1109.000000;mq;mq;2;4;1800;mq;mq;mq;mq;mq;mq;mq;mq;mq;
07690;20110929060000;102470;20;3;330;4.600000;292.450000;283.450000;56;45000;0;mq;mq;mq;mq;mq;mq;mq;mq;102140;mq;mq;mq;292.050000;mq;296.850000;mq;291.150000;mq;mq;mq;8.200000;-10;mq;mq;mq;mq;0.000000;0.000000;mq;0.000000;0.000000;710.000000;1108.000000;mq;mq;mq;mq;mq;mq;mq;mq;mq;mq;mq;mq;mq;mq;
07747;20110929060000;102510;30;3;250;0.500000;289.350000;287.350000;88;12000;3;mq;mq;75;6;450;35;20;10;101980;mq;mq;mq;287.750000;mq;294.150000;mq;285.150000;mq;mq;mq;1.500000;-10;mq;mq;mq;mq;0.000000;0.000000;mq;0.200000;0.200000;710.000000;1102.000000;mq;mq;6;6;300;mq;mq;mq;mq;mq;mq;mq;mq;mq;
07761;20110929060000;102270;20;3;40;4.100000;287.350000;283.750000;79;9000;2;1;1;0;mq;mq;mq;mq;mq;102160;mq;mq;mq;286.750000;mq;294.850000;mq;286.150000;mq;mq;mq;5.100000;-10;0;0.000000;0.000000;-60;0.000000;0.000000;mq;0.000000;0.000000;710.000000;1105.000000;3100.000000;mq;mq;mq;mq;mq;mq;mq;mq;mq;mq;mq;mq;mq;
07790;20110929060000;102400;50;3;220;3.100000;290.250000;285.350000;73;10000;2;1;1;0;mq;mq;mq;mq;mq;102260;mq;mq;mq;288.150000;mq;292.750000;mq;286.150000;mq;mq;mq;4.100000;-10;0;0.000000;0.000000;-60;0.000000;0.000000;mq;0.000000;0.000000;710.000000;1104.000000;3100.000000;mq;mq;mq;mq;mq;mq;mq;mq;mq;mq;mq;mq;mq;
61968;20110929060000;101620;mq;mq;90;7.200000;300.450000;291.750000;59;mq;mq;mq;mq;mq;mq;mq;mq;mq;mq;mq;mq;mq;mq;297.550000;mq;mq;mq;mq;mq;mq;mq;13.900000;-10;mq;mq;mq;mq;0.000000;mq;mq;mq;0.000000;710.000000;1114.000000;mq;mq;mq;mq;mq;mq;mq;mq;mq;mq;mq;mq;mq;mq;
61970;20110929060000;101660;mq;mq;mq;mq;301.050000;295.950000;74;mq;mq;mq;mq;mq;mq;mq;mq;mq;mq;mq;mq;mq;mq;297.750000;mq;mq;mq;mq;mq;mq;mq;mq;mq;mq;mq;mq;mq;0.000000;mq;mq;mq;0.000000;mq;mq;mq;mq;mq;mq;mq;mq;mq;mq;mq;mq;mq;mq;mq;mq;
61972;20110929060000;101770;mq;mq;130;5.700000;298.550000;293.750000;75;mq;mq;mq;mq;mq;mq;mq;mq;mq;mq;mq;mq;mq;mq;293.750000;mq;mq;mq;mq;mq;mq;mq;9.300000;-10;mq;mq;mq;mq;0.000000;mq;mq;mq;0.000000;710.000000;1109.000000;mq;mq;mq;mq;mq;mq;mq;mq;mq;mq;mq;mq;mq;mq;
61976;20110929060000;101820;mq;mq;130;7.200000;299.350000;291.750000;63;mq;mq;mq;mq;mq;mq;mq;mq;mq;mq;101670;mq;mq;mq;mq;mq;mq;mq;mq;mq;mq;mq;mq;mq;mq;mq;mq;mq;mq;mq;mq;mq;mq;mq;mq;mq;mq;mq;mq;mq;mq;mq;mq;mq;mq;mq;mq;mq;mq;
61980;20110929060000;102020;mq;mq;70;7.700000;298.050000;291.050000;65;12000;2;1;1;25;2;800;38;20;10;mq;mq;mq;mq;291.550000;mq;mq;mq;290.150000;mq;mq;mq;10.800000;-10;mq;mq;mq;mq;0.000000;mq;mq;mq;0.000000;710.000000;1111.000000;2437.000000;mq;2;8;750;mq;mq;mq;mq;mq;mq;mq;mq;mq;
67005;20110929060000;101660;mq;mq;140;1.500000;301.150000;295.150000;70;mq;0;mq;mq;mq;mq;mq;mq;mq;mq;mq;mq;mq;mq;295.750000;mq;mq;mq;294.150000;mq;mq;mq;3.600000;-10;mq;mq;mq;mq;0.000000;mq;mq;mq;1.000000;710.000000;1104.000000;mq;mq;mq;mq;mq;mq;mq;mq;mq;mq;mq;mq;mq;mq;
71805;20110929060000;101670;-80;8;260;8.200000;284.850000;283.050000;89;35000;0;mq;mq;mq;mq;mq;mq;mq;mq;101590;mq;mq;mq;mq;283.950000;mq;287.550000;283.150000;mq;mq;mq;12.300000;-10;mq;mq;mq;mq;0.000000;0.000000;mq;0.000000;0.000000;710.000000;1112.000000;mq;mq;mq;mq;mq;mq;mq;mq;mq;mq;mq;mq;mq;mq;
78897;20110929060000;100920;-130;8;230;2.100000;298.450000;296.350000;88;25000;2;1;1;60;1;800;32;20;11;mq;mq;mq;mq;mq;297.750000;mq;305.850000;275.150000;mq;mq;mq;mq;mq;mq;mq;mq;mq;mq;mq;0.000000;mq;1.000000;mq;mq;mq;mq;1;8;600;5;0;7800;mq;mq;mq;mq;mq;mq;
78922;20110929060000;101010;-170;8;220;4.100000;298.950000;297.350000;91;mq;mq;mq;mq;mq;mq;mq;mq;mq;mq;100570;mq;mq;mq;mq;mq;mq;mq;mq;mq;mq;mq;mq;mq;mq;mq;mq;mq;mq;mq;mq;mq;mq;mq;mq;mq;mq;mq;mq;mq;mq;mq;mq;mq;mq;mq;mq;mq;mq;
78925;20110929060000;101040;-170;8;80;1.000000;299.150000;298.450000;96;26000;0;mq;mq;100;mq;1750;mq;mq;mq;mq;mq;mq;mq;mq;mq;mq;mq;mq;mq;mq;mq;mq;mq;mq;mq;mq;mq;mq;mq;0.800000;mq;mq;mq;mq;mq;mq;mq;mq;mq;mq;mq;mq;mq;mq;mq;mq;mq;mq;
81401;20110929060000;101130;mq;mq;0;0.000000;297.050000;295.850000;93;mq;mq;mq;mq;mq;mq;mq;mq;mq;mq;101070;mq;mq;mq;mq;mq;mq;mq;mq;mq;mq;mq;mq;mq;mq;mq;mq;mq;mq;0.000000;0.000000;mq;mq;mq;mq;mq;mq;mq;mq;mq;mq;mq;mq;mq;mq;mq;mq;mq;mq;
81405;20110929060000;101180;mq;mq;100;1.500000;297.850000;296.450000;92;27000;0;mq;mq;mq;mq;mq;mq;mq;mq;101090;mq;mq;mq;mq;mq;mq;mq;295.150000;mq;mq;mq;mq;mq;mq;mq;mq;mq;mq;0.000000;0.000000;mq;mq;mq;mq;mq;mq;mq;mq;mq;mq;mq;mq;mq;mq;mq;mq;mq;mq;
81408;20110929060000;101170;mq;mq;0;0.000000;295.650000;295.150000;97;mq;mq;mq;mq;mq;mq;mq;mq;mq;mq;101090;mq;mq;mq;mq;mq;mq;mq;mq;mq;mq;mq;mq;mq;mq;mq;mq;mq;mq;0.000000;0.000000;mq;mq;mq;mq;mq;mq;mq;mq;mq;mq;mq;mq;mq;mq;mq;mq;mq;mq;
89642;20110929060000;98690;-450;6;100;8.700000;258.050000;252.950000;62;40000;2;1;1;100;7;1750;35;61;60;98130;mq;mq;mq;mq;mq;mq;mq;274.150000;mq;mq;14.400000;18.000000;-60;mq;mq;mq;mq;mq;mq;mq;mq;mq;1014.000000;1118.000000;mq;mq;7;6;1500;mq;mq;mq;mq;mq;mq;mq;mq;mq;
07005;20110929090000;102550;60;3;120;3.600000;292.350000;286.950000;71;12000;2;1;1;0;mq;mq;mq;mq;mq;101670;mq;mq;mq;mq;mq;mq;mq;mq;mq;mq;mq;5.100000;-10;mq;mq;0.000000;-30;0.000000;0.000000;mq;mq;mq;710.000000;1105.000000;3100.000000;mq;mq;mq;mq;mq;mq;mq;mq;mq;mq;mq;mq;mq;
07015;20110929090000;102620;80;1;150;3.600000;293.250000;287.650000;70;8000;2;1;1;10;0;8000;30;20;11;102060;mq;mq;mq;mq;mq;mq;mq;mq;mq;mq;mq;5.700000;-10;mq;mq;0.000000;-30;0.000000;0.000000;mq;mq;mq;710.000000;1106.000000;3100.000000;mq;1;0;7800;mq;mq;mq;mq;mq;mq;mq;mq;mq;
07020;20110929090000;102370;100;1;10;1.000000;296.550000;288.850000;62;mq;mq;mq;mq;mq;mq;mq;mq;mq;mq;102110;mq;mq;mq;mq;mq;mq;mq;mq;mq;mq;mq;5.100000;-10;mq;mq;mq;mq;0.000000;mq;mq;mq;mq;710.000000;1105.000000;mq;mq;mq;mq;mq;mq;mq;mq;mq;mq;mq;mq;mq;mq;
07027;20110929090000;102410;80;2;120;3.100000;292.650000;288.050000;75;20000;2;1;1;0;mq;mq;mq;mq;mq;101620;mq;mq;mq;mq;mq;mq;mq;mq;mq;mq;mq;4.100000;-10;mq;mq;0.000000;-30;0.000000;0.000000;mq;mq;mq;710.000000;1104.000000;3100.000000;mq;mq;mq;mq;mq;mq;mq;mq;mq;mq;mq;mq;mq;
07037;20110929090000;102500;80;1;110;3.100000;293.150000;287.950000;72;12000;2;1;1;0;mq;mq;mq;mq;mq;100720;mq;mq;mq;mq;mq;mq;mq;mq;mq;mq;mq;3.600000;-10;mq;mq;0.000000;-30;0.000000;0.000000;mq;mq;mq;710.000000;1104.000000;3100.000000;mq;mq;mq;mq;mq;mq;mq;mq;mq;mq;mq;mq;mq;
07110;20110929090000;102230;90;1;120;2.100000;293.950000;288.050000;69;25000;2;1;1;50;2;3500;30;23;11;101120;mq;mq;mq;mq;mq;mq;mq;mq;mq;mq;mq;3.100000;-10;mq;mq;mq;mq;0.000000;0.000000;mq;mq;mq;710.000000;1103.000000;mq;mq;2;3;3900;4;0;6600;mq;mq;mq;mq;mq;mq;
07117;20110929090000;102270;110;1;290;2.100000;293.150000;288.750000;76;10000;2;1;1;40;0;8000;30;20;15;101590;mq;mq;mq;mq;mq;mq;mq;mq;mq;mq;mq;3.100000;-10;mq;mq;mq;mq;0.000000;0.000000;mq;mq;mq;710.000000;1103.000000;2427.000000;mq;mq;mq;mq;mq;mq;mq;mq;mq;mq;mq;mq;mq;
07130;20110929090000;102340;80;3;100;2.600000;293.750000;288.350000;71;13000;0;mq;mq;mq;mq;mq;mq;mq;mq;101830;mq;mq;mq;mq;mq;mq;mq;mq;mq;mq;mq;4.100000;-10;mq;mq;mq;mq;0.000000;0.000000;mq;mq;mq;710.000000;1104.000000;mq;mq;mq;mq;mq;mq;mq;mq;mq;mq;mq;mq;mq;mq;
07139;20110929090000;102460;90;1;50;1.000000;292.150000;287.450000;74;20000;2;1;1;0;mq;mq;mq;mq;mq;100760;mq;mq;mq;mq;mq;mq;mq;mq;mq;mq;mq;2.600000;-10;mq;mq;0.000000;-30;0.000000;0.000000;mq;mq;mq;710.000000;1103.000000;3100.000000;mq;mq;mq;mq;mq;mq;mq;mq;mq;mq;mq;mq;mq;
07149;20110929090000;102560;70;1;50;0.500000;292.950000;286.850000;68;15000;2;1;1;0;mq;mq;mq;mq;mq;101500;mq;mq;mq;mq;mq;mq;mq;mq;mq;mq;mq;2.100000;-10;mq;mq;0.000000;-30;0.000000;0.000000;mq;mq;mq;710.000000;1102.000000;3100.000000;mq;mq;mq;mq;mq;mq;mq;mq;mq;mq;mq;mq;mq;
07168;20110929090000;102620;60;1;150;2.600000;293.250000;286.650000;66;18000;2;1;1;0;mq;mq;mq;mq;mq;101230;mq;mq;mq;mq;mq;mq;mq;mq;mq;mq;mq;5.100000;-10;mq;mq;0.000000;-30;0.000000;0.000000;mq;mq;mq;710.000000;1105.000000;3100.000000;mq;mq;mq;mq;mq;mq;mq;mq;mq;mq;mq;mq;mq;
07181;20110929090000;102680;70;2;330;0.500000;290.450000;286.950000;80;9000;2;mq;mq;10;0;8000;30;20;11;98660;mq;mq;mq;mq;mq;mq;mq;mq;mq;mq;mq;2.600000;-10;mq;mq;0.000000;-30;0.000000;0.000000;mq;mq;mq;710.000000;1103.000000;3100.000000;mq;1;0;9000;mq;mq;mq;mq;mq;mq;mq;mq;mq;
07190;20110929090000;102750;50;1;20;1.500000;291.450000;287.550000;78;7000;0;mq;mq;mq;mq;mq;mq;mq;mq;100960;mq;mq;mq;mq;mq;mq;mq;mq;mq;mq;mq;3.600000;-10;mq;mq;mq;mq;0.000000;0.000000;mq;mq;mq;710.000000;1104.000000;mq;mq;mq;mq;mq;mq;mq;mq;mq;mq;mq;mq;mq;mq;
07207;20110929090000;mq;mq;mq;120;1.000000;293.950000;289.550000;76;10000;2;1;1;50;0;8000;30;20;18;mq;mq;mq;mq;mq;mq;mq;mq;mq;mq;mq;mq;3.600000;-10;mq;mq;mq;mq;0.000000;0.000000;mq;mq;mq;710.000000;1104.000000;2417.000000;mq;mq;mq;mq;mq;mq;mq;mq;mq;mq;mq;mq;mq;
07222;20110929090000;102290;90;2;150;3.100000;293.750000;287.850000;69;18000;2;1;1;0;mq;mq;mq;mq;mq;101980;mq;mq;mq;mq;mq;mq;mq;mq;mq;mq;mq;4.600000;-10;mq;mq;mq;mq;0.000000;0.000000;mq;mq;mq;710.000000;1105.000000;mq;mq;mq;mq;mq;mq;mq;mq;mq;mq;mq;mq;mq;mq;
07240;20110929090000;102460;110;1;140;1.500000;293.850000;286.750000;64;50000;0;mq;mq;mq;mq;mq;mq;mq;mq;101140;mq;mq;mq;mq;mq;mq;mq;mq;mq;mq;mq;2.600000;-10;mq;mq;mq;mq;0.000000;0.000000;mq;mq;mq;710.000000;1103.000000;mq;mq;mq;mq;mq;mq;mq;mq;mq;mq;mq;mq;mq;mq;
07255;20110929090000;102530;100;1;110;1.500000;294.250000;287.450000;65;20000;2;1;1;0;mq;mq;mq;mq;mq;100590;mq;mq;mq;mq;mq;mq;mq;mq;mq;mq;mq;3.600000;-10;mq;mq;0.000000;-30;0.000000;0.000000;mq;mq;mq;710.000000;1104.000000;3100.000000;mq;mq;mq;mq;mq;mq;mq;mq;mq;mq;mq;mq;mq;
07280;20110929090000;102620;50;3;90;1.000000;291.950000;286.350000;70;19000;0;mq;mq;mq;mq;mq;mq;mq;mq;99950;mq;mq;mq;mq;mq;mq;mq;mq;mq;mq;mq;2.600000;-10;mq;mq;mq;mq;0.000000;0.000000;mq;mq;mq;710.000000;1103.000000;mq;mq;mq;mq;mq;mq;mq;mq;mq;mq;mq;mq;mq;mq;
07299;20110929090000;102680;40;1;90;1.500000;292.250000;287.550000;74;8000;2;1;1;25;0;mq;30;20;11;99490;mq;mq;mq;mq;mq;mq;mq;mq;mq;mq;mq;3.100000;-10;mq;mq;0.000000;-30;0.000000;0.000000;mq;mq;mq;710.000000;1103.000000;3100.000000;mq;2;0;7800;mq;mq;mq;mq;mq;mq;mq;mq;mq;
07314;20110929090000;102380;120;2;160;1.000000;291.450000;291.250000;99;2000;10;4;2;100;8;800;36;20;10;102110;mq;mq;mq;mq;mq;mq;mq;mq;mq;mq;mq;4.600000;-10;mq;mq;mq;mq;0.000000;0.000000;mq;mq;mq;710.000000;1105.000000;2425.000000;mq;8;7;600;mq;mq;mq;mq;mq;mq;mq;mq;mq;
07335;20110929090000;102420;100;1;180;3.600000;295.250000;283.450000;47;30000;2;1;1;0;mq;mq;mq;mq;mq;101020;mq;mq;mq;mq;mq;mq;mq;mq;mq;mq;mq;5.700000;-10;mq;mq;mq;mq;0.000000;0.000000;mq;mq;mq;710.000000;1106.000000;mq;mq;mq;mq;mq;mq;mq;mq;mq;mq;mq;mq;mq;mq;
07434;20110929090000;102470;100;1;130;3.100000;293.950000;281.250000;44;40000;2;1;1;0;mq;mq;mq;mq;mq;97820;mq;mq;mq;mq;mq;mq;mq;mq;mq;mq;mq;6.200000;-10;mq;mq;0.000000;-30;0.000000;0.000000;mq;mq;mq;710.000000;1106.000000;3100.000000;mq;mq;mq;mq;mq;mq;mq;mq;mq;mq;mq;mq;mq;
07460;20110929090000;102560;50;1;170;3.100000;292.650000;283.050000;54;40000;2;1;1;0;mq;mq;mq;mq;mq;98760;mq;mq;mq;mq;mq;mq;mq;mq;mq;mq;mq;5.100000;-10;mq;mq;0.000000;-30;0.000000;0.000000;mq;mq;mq;710.000000;1105.000000;3100.000000;mq;mq;mq;mq;mq;mq;mq;mq;mq;mq;mq;mq;mq;
07471;20110929090000;mq;50;1;90;0.500000;291.250000;280.050000;48;45000;2;1;1;0;mq;mq;mq;mq;mq;93130;85000;18540;mq;mq;mq;mq;mq;mq;mq;mq;mq;1.500000;-10;mq;mq;0.000000;-30;0.000000;0.000000;mq;mq;mq;710.000000;1102.000000;3100.000000;mq;mq;mq;mq;mq;mq;mq;mq;mq;mq;mq;mq;mq;
07481;20110929090000;102590;60;1;0;0.000000;293.250000;286.950000;67;12000;2;1;1;0;mq;mq;mq;mq;mq;99790;mq;mq;mq;mq;mq;mq;mq;mq;mq;mq;mq;1.500000;-10;mq;mq;0.000000;-30;0.000000;0.000000;mq;mq;mq;710.000000;1102.000000;3100.000000;mq;mq;mq;mq;mq;mq;mq;mq;mq;mq;mq;mq;mq;
07510;20110929090000;102350;80;1;120;3.600000;292.350000;290.150000;87;15000;1;4;1;0;mq;mq;mq;mq;mq;101710;mq;mq;mq;mq;mq;mq;mq;mq;mq;mq;mq;4.600000;-10;mq;mq;0.000000;-30;0.000000;0.000000;mq;mq;mq;710.000000;1105.000000;3100.000000;mq;mq;mq;mq;mq;mq;mq;mq;mq;mq;mq;mq;mq;
07535;20110929090000;102430;80;1;270;1.000000;295.450000;283.950000;48;30000;2;1;1;0;mq;mq;mq;mq;mq;99410;mq;mq;mq;mq;mq;mq;mq;mq;mq;mq;mq;4.100000;-10;mq;mq;0.000000;-30;0.000000;0.000000;mq;mq;mq;710.000000;1104.000000;3100.000000;mq;mq;mq;mq;mq;mq;mq;mq;mq;mq;mq;mq;mq;
07558;20110929090000;102500;80;2;110;2.600000;293.850000;281.150000;44;30000;2;1;1;0;mq;mq;mq;mq;mq;94410;mq;mq;mq;mq;mq;mq;mq;mq;mq;mq;mq;4.600000;-10;mq;mq;0.000000;-30;0.000000;0.000000;mq;mq;mq;710.000000;1105.000000;3100.000000;mq;mq;mq;mq;mq;mq;mq;mq;mq;mq;mq;mq;mq;
07577;20110929090000;102630;50;1;10;2.100000;292.450000;285.450000;64;20000;2;1;1;0;mq;mq;mq;mq;mq;101750;mq;mq;mq;mq;mq;mq;mq;mq;mq;mq;mq;4.100000;-10;mq;mq;0.000000;-30;0.000000;0.000000;mq;mq;mq;710.000000;1104.000000;3100.000000;mq;mq;mq;mq;mq;mq;mq;mq;mq;mq;mq;mq;mq;
07591;20110929090000;mq;0;0;60;4.600000;292.750000;280.150000;44;mq;0;mq;mq;mq;mq;mq;mq;mq;mq;92670;mq;mq;mq;mq;mq;mq;mq;mq;mq;mq;mq;9.800000;-10;mq;mq;mq;mq;0.000000;0.000000;mq;mq;mq;710.000000;1110.000000;mq;mq;mq;mq;mq;mq;mq;mq;mq;mq;mq;mq;mq;mq;
07607;20110929090000;102380;80;1;90;1.500000;292.650000;289.850000;84;6000;2;1;1;75;6;150;36;20;10;101680;mq;mq;mq;mq;mq;mq;mq;mq;mq;mq;mq;4.100000;-10;mq;mq;mq;mq;0.000000;0.000000;mq;mq;mq;710.000000;1104.000000;mq;mq;4;7;180;5;7;210;mq;mq;mq;mq;mq;mq;
07621;20110929090000;102280;70;2;140;0.500000;296.450000;286.650000;54;45000;2;1;1;10;1;2600;31;20;10;98120;mq;mq;mq;mq;mq;mq;mq;mq;mq;mq;mq;2.100000;-10;mq;mq;0.000000;-30;0.000000;0.000000;mq;mq;mq;710.000000;1102.000000;3100.000000;mq;1;8;2400;mq;mq;mq;mq;mq;mq;mq;mq;mq;
07627;20110929090000;102320;70;1;130;2.600000;294.750000;285.850000;57;40000;2;1;1;0;mq;mq;mq;mq;mq;97610;mq;mq;mq;mq;mq;mq;mq;mq;mq;mq;mq;5.100000;-10;mq;mq;0.000000;-30;0.000000;0.000000;mq;mq;mq;710.000000;1105.000000;3100.000000;mq;mq;mq;mq;mq;mq;mq;mq;mq;mq;mq;mq;mq;
07630;20110929090000;102410;60;1;160;3.100000;295.850000;284.550000;49;15000;2;1;1;0;mq;mq;mq;mq;mq;100660;mq;mq;mq;mq;mq;mq;mq;mq;mq;mq;mq;5.700000;-10;mq;mq;0.000000;-30;0.000000;0.000000;mq;mq;mq;710.000000;1106.000000;3100.000000;mq;mq;mq;mq;mq;mq;mq;mq;mq;mq;mq;mq;mq;
07643;20110929090000;102610;90;2;60;3.100000;295.650000;284.350000;49;20000;2;1;1;0;mq;mq;mq;mq;mq;102520;mq;mq;mq;mq;mq;mq;mq;mq;mq;mq;mq;5.100000;-10;mq;mq;mq;mq;0.000000;0.000000;mq;mq;mq;710.000000;1105.000000;mq;mq;mq;mq;mq;mq;mq;mq;mq;mq;mq;mq;mq;mq;
07650;20110929090000;102560;90;1;290;1.500000;296.250000;286.450000;54;30000;2;1;1;0;mq;mq;mq;mq;mq;102180;mq;mq;mq;mq;mq;mq;mq;mq;mq;mq;mq;2.100000;-10;mq;mq;0.000000;-30;0.000000;0.000000;mq;mq;mq;710.000000;1102.000000;3100.000000;mq;mq;mq;mq;mq;mq;mq;mq;mq;mq;mq;mq;mq;
07661;20110929090000;102510;120;1;110;3.100000;298.350000;284.550000;42;20000;2;1;1;0;mq;mq;mq;mq;mq;100960;mq;mq;mq;mq;mq;mq;mq;mq;mq;mq;mq;4.600000;-10;mq;mq;mq;mq;0.000000;0.000000;mq;mq;mq;710.000000;1105.000000;mq;mq;mq;mq;mq;mq;mq;mq;mq;mq;mq;mq;mq;mq;
07690;20110929090000;102550;80;3;310;2.100000;298.650000;284.050000;40;30000;2;1;1;0;mq;mq;mq;mq;mq;102220;mq;mq;mq;mq;mq;mq;mq;mq;mq;mq;mq;4.600000;-10;mq;mq;0.000000;-30;0.000000;0.000000;mq;mq;mq;710.000000;1105.000000;3100.000000;mq;mq;mq;mq;mq;mq;mq;mq;mq;mq;mq;mq;mq;
07747;20110929090000;102610;110;3;60;0.500000;294.950000;290.150000;74;12000;2;1;1;40;3;450;35;20;10;102090;mq;mq;mq;mq;mq;mq;mq;mq;mq;mq;mq;2.100000;-10;mq;mq;mq;mq;0.000000;0.000000;mq;mq;mq;710.000000;1102.000000;mq;mq;3;6;300;mq;mq;mq;mq;mq;mq;mq;mq;mq;
07761;20110929090000;102360;90;1;250;1.000000;297.450000;284.050000;43;15000;2;1;1;0;mq;mq;mq;mq;mq;102250;mq;mq;mq;mq;mq;mq;mq;mq;mq;mq;mq;2.600000;-10;mq;mq;0.000000;-30;0.000000;0.000000;mq;mq;mq;710.000000;1103.000000;3100.000000;mq;mq;mq;mq;mq;mq;mq;mq;mq;mq;mq;mq;mq;
07790;20110929090000;102470;70;1;340;3.100000;298.050000;286.550000;49;18000;2;1;1;0;mq;mq;mq;mq;mq;102330;mq;mq;mq;mq;mq;mq;mq;mq;mq;mq;mq;5.100000;-10;mq;mq;0.000000;-30;0.000000;0.000000;mq;mq;mq;710.000000;1105.000000;3100.000000;mq;mq;mq;mq;mq;mq;mq;mq;mq;mq;mq;mq;mq;
61968;20110929090000;101480;mq;mq;90;7.200000;302.250000;292.250000;55;mq;mq;mq;mq;mq;mq;mq;mq;mq;mq;mq;mq;mq;mq;mq;mq;mq;mq;mq;mq;mq;mq;14.400000;-10;mq;mq;mq;mq;0.000000;0.000000;mq;mq;mq;710.000000;1114.000000;mq;mq;mq;mq;mq;mq;mq;mq;mq;mq;mq;mq;mq;mq;
61970;20110929090000;101550;mq;mq;mq;mq;302.050000;295.550000;68;mq;mq;mq;mq;mq;mq;mq;mq;mq;mq;mq;mq;mq;mq;mq;mq;mq;mq;mq;mq;mq;mq;mq;mq;mq;mq;mq;mq;0.000000;0.000000;mq;mq;mq;mq;mq;mq;mq;mq;mq;mq;mq;mq;mq;mq;mq;mq;mq;mq;mq;
61972;20110929090000;101720;mq;mq;110;4.100000;300.950000;294.250000;67;mq;mq;mq;mq;mq;mq;mq;mq;mq;mq;mq;mq;mq;mq;mq;mq;mq;mq;mq;mq;mq;mq;8.700000;-10;mq;mq;mq;mq;0.000000;0.200000;mq;mq;mq;710.000000;1109.000000;mq;mq;mq;mq;mq;mq;mq;mq;mq;mq;mq;mq;mq;mq;
61976;20110929090000;101700;mq;mq;140;7.200000;300.450000;291.750000;59;mq;mq;mq;mq;mq;mq;mq;mq;mq;mq;101550;mq;mq;mq;mq;mq;mq;mq;mq;mq;mq;mq;mq;mq;mq;mq;mq;mq;mq;0.000000;mq;mq;mq;mq;mq;mq;mq;mq;mq;mq;mq;mq;mq;mq;mq;mq;mq;mq;mq;
61980;20110929090000;101880;mq;mq;70;9.300000;297.850000;291.050000;66;12000;2;1;1;60;5;800;38;20;10;mq;mq;mq;mq;mq;mq;mq;mq;mq;mq;mq;mq;11.300000;-10;mq;mq;mq;mq;0.000000;0.000000;mq;mq;mq;710.000000;1111.000000;2437.000000;mq;1;8;750;5;6;1800;mq;mq;mq;mq;mq;mq;
61996;20110929090000;101000;mq;mq;320;15.900000;286.950000;231.350000;mq;mq;mq;mq;mq;mq;mq;mq;mq;mq;mq;mq;mq;mq;mq;mq;mq;mq;mq;mq;mq;mq;mq;24.700000;-10;mq;mq;mq;mq;0.000000;0.000000;mq;mq;mq;710.000000;1125.000000;mq;mq;mq;mq;mq;mq;mq;mq;mq;mq;mq;mq;mq;mq;
67005;20110929090000;101530;mq;mq;70;2.600000;302.250000;294.450000;63;mq;0;mq;mq;mq;mq;mq;mq;mq;mq;mq;mq;mq;mq;mq;mq;mq;mq;mq;mq;mq;mq;5.100000;-10;mq;mq;mq;mq;0.000000;0.000000;mq;mq;mq;710.000000;1105.000000;mq;mq;mq;mq;mq;mq;mq;mq;mq;mq;mq;mq;mq;mq;
71805;20110929090000;101630;-40;6;250;5.700000;284.950000;283.550000;91;20000;2;1;1;0;mq;mq;mq;mq;mq;101550;mq;mq;mq;mq;mq;mq;mq;mq;mq;mq;mq;10.300000;-10;mq;mq;mq;mq;0.000000;0.000000;mq;mq;mq;710.000000;1110.000000;mq;mq;mq;mq;mq;mq;mq;mq;mq;mq;mq;mq;mq;mq;
78897;20110929090000;100880;-40;5;150;1.000000;297.950000;296.050000;89;25000;2;1;1;60;2;800;32;20;11;mq;mq;mq;mq;mq;mq;mq;mq;mq;mq;mq;mq;mq;mq;mq;mq;mq;mq;mq;mq;mq;mq;mq;mq;mq;mq;mq;2;8;600;5;0;7800;mq;mq;mq;mq;mq;mq;
78922;20110929090000;100980;-30;5;220;4.100000;298.750000;297.150000;91;mq;mq;mq;mq;mq;mq;mq;mq;mq;mq;100540;mq;mq;mq;mq;mq;mq;mq;mq;mq;mq;mq;mq;mq;mq;mq;mq;mq;mq;mq;mq;mq;mq;mq;mq;mq;mq;mq;mq;mq;mq;mq;mq;mq;mq;mq;mq;mq;mq;
78925;20110929090000;101000;-40;5;50;0.500000;298.650000;298.150000;97;21000;0;mq;mq;90;mq;800;mq;mq;mq;mq;mq;mq;mq;mq;mq;mq;mq;mq;mq;mq;mq;mq;mq;mq;mq;mq;mq;mq;mq;mq;mq;mq;mq;mq;mq;mq;mq;mq;mq;mq;mq;mq;mq;mq;mq;mq;mq;mq;
81401;20110929090000;101220;mq;mq;10;0.500000;295.450000;294.650000;95;mq;mq;mq;mq;mq;mq;mq;mq;mq;mq;101160;mq;mq;mq;mq;mq;mq;mq;mq;mq;mq;mq;mq;mq;mq;mq;mq;mq;mq;0.000000;mq;mq;mq;mq;mq;mq;mq;mq;mq;mq;mq;mq;mq;mq;mq;mq;mq;mq;mq;
81405;20110929090000;101220;mq;mq;240;0.500000;295.850000;295.550000;98;19000;0;mq;mq;mq;mq;mq;mq;mq;mq;101130;mq;mq;mq;mq;mq;mq;mq;mq;mq;mq;mq;mq;mq;mq;mq;mq;mq;mq;0.000000;mq;mq;mq;mq;mq;mq;mq;mq;mq;mq;mq;mq;mq;mq;mq;mq;mq;mq;mq;
81408;20110929090000;101190;mq;mq;0;0.000000;294.550000;294.050000;97;mq;mq;mq;mq;mq;mq;mq;mq;mq;mq;101110;mq;mq;mq;mq;mq;mq;mq;mq;mq;mq;mq;mq;mq;mq;mq;mq;mq;mq;0.000000;mq;mq;mq;mq;mq;mq;mq;mq;mq;mq;mq;mq;mq;mq;mq;mq;mq;mq;mq;
89642;20110929090000;98340;-340;6;120;15.900000;262.250000;254.750000;50;40000;2;1;1;100;7;1250;35;61;60;97790;mq;mq;mq;mq;mq;mq;mq;mq;mq;mq;24.200000;24.200000;-30;mq;mq;mq;mq;mq;mq;mq;mq;mq;1024.000000;1124.000000;mq;mq;7;6;1290;mq;mq;mq;mq;mq;mq;mq;mq;mq;
07005;20110929120000;102460;-70;8;140;3.600000;297.550000;288.450000;57;15000;2;1;1;0;mq;mq;mq;mq;mq;101600;mq;mq;mq;mq;mq;mq;mq;mq;mq;mq;mq;5.700000;-10;mq;mq;0.000000;-60;0.000000;0.000000;0.000000;mq;mq;710.000000;1106.000000;3100.000000;mq;mq;mq;mq;mq;mq;mq;mq;mq;mq;mq;mq;mq;
07015;20110929120000;102540;-70;8;170;3.600000;298.350000;288.650000;55;15000;2;1;1;0;mq;mq;mq;mq;mq;101990;mq;mq;mq;mq;mq;mq;mq;mq;mq;mq;mq;5.700000;-10;mq;mq;0.000000;-60;0.000000;0.000000;0.000000;mq;mq;710.000000;1106.000000;3100.000000;mq;mq;mq;mq;mq;mq;mq;mq;mq;mq;mq;mq;mq;
07020;20110929120000;102360;-10;5;350;1.500000;293.950000;289.550000;76;mq;mq;mq;mq;mq;mq;mq;mq;mq;mq;102100;mq;mq;mq;mq;mq;mq;mq;mq;mq;mq;mq;3.100000;-10;mq;mq;mq;mq;0.000000;0.000000;mq;mq;mq;710.000000;1103.000000;mq;mq;mq;mq;mq;mq;mq;mq;mq;mq;mq;mq;mq;mq;
07027;20110929120000;102300;-90;7;160;3.600000;300.650000;285.850000;40;30000;2;1;1;0;mq;mq;mq;mq;mq;101530;mq;mq;mq;mq;mq;mq;mq;mq;mq;mq;mq;5.700000;-10;mq;mq;0.000000;-60;0.000000;0.000000;0.000000;mq;mq;710.000000;1106.000000;3100.000000;mq;mq;mq;mq;mq;mq;mq;mq;mq;mq;mq;mq;mq;
07037;20110929120000;102410;-60;7;140;3.100000;298.650000;290.050000;59;12000;2;1;1;0;mq;mq;mq;mq;mq;100660;mq;mq;mq;mq;mq;mq;mq;mq;mq;mq;mq;5.100000;-10;mq;mq;0.000000;-60;0.000000;0.000000;0.000000;mq;mq;710.000000;1105.000000;3100.000000;mq;mq;mq;mq;mq;mq;mq;mq;mq;mq;mq;mq;mq;
07110;20110929120000;102130;-90;8;150;3.600000;298.450000;286.950000;49;30000;2;1;1;40;0;8000;30;20;11;101030;mq;mq;mq;mq;mq;mq;mq;mq;mq;mq;mq;5.100000;-10;mq;mq;mq;mq;0.000000;0.000000;0.000000;mq;mq;710.000000;1105.000000;mq;mq;3;0;6900;mq;mq;mq;mq;mq;mq;mq;mq;mq;
07117;20110929120000;102200;-70;8;80;2.100000;293.050000;288.450000;75;10000;2;1;1;40;0;8000;30;20;15;101520;mq;mq;mq;mq;mq;mq;mq;mq;mq;mq;mq;2.600000;-10;mq;mq;mq;mq;0.000000;0.000000;0.000000;mq;mq;710.000000;1103.000000;2427.000000;mq;mq;mq;mq;mq;mq;mq;mq;mq;mq;mq;mq;mq;
07130;20110929120000;102210;-110;7;140;3.100000;300.450000;288.750000;49;23000;0;mq;mq;mq;mq;mq;mq;mq;mq;101720;mq;mq;mq;mq;mq;mq;mq;mq;mq;mq;mq;6.200000;-10;mq;mq;mq;mq;0.000000;0.000000;0.000000;mq;mq;710.000000;1106.000000;mq;mq;mq;mq;mq;mq;mq;mq;mq;mq;mq;mq;mq;mq;
07139;20110929120000;102320;-90;7;140;1.500000;299.950000;288.350000;49;25000;2;1;1;0;mq;mq;mq;mq;mq;100670;mq;mq;mq;mq;mq;mq;mq;mq;mq;mq;mq;3.100000;-10;mq;mq;0.000000;-60;0.000000;0.000000;0.000000;mq;mq;710.000000;1103.000000;3100.000000;mq;mq;mq;mq;mq;mq;mq;mq;mq;mq;mq;mq;mq;
07149;20110929120000;102470;-70;8;100;2.600000;299.350000;288.750000;52;22000;2;1;1;0;mq;mq;mq;mq;mq;101430;mq;mq;mq;mq;mq;mq;mq;mq;mq;mq;mq;5.100000;-10;mq;mq;0.000000;-60;0.000000;0.000000;0.000000;mq;mq;710.000000;1105.000000;3100.000000;mq;mq;mq;mq;mq;mq;mq;mq;mq;mq;mq;mq;mq;
07168;20110929120000;102480;-110;8;60;2.600000;298.350000;286.550000;48;25000;2;1;1;0;mq;mq;mq;mq;mq;101120;mq;mq;mq;mq;mq;mq;mq;mq;mq;mq;mq;4.600000;-10;mq;mq;0.000000;-60;0.000000;0.000000;0.000000;mq;mq;710.000000;1105.000000;3100.000000;mq;mq;mq;mq;mq;mq;mq;mq;mq;mq;mq;mq;mq;
07181;20110929120000;102550;-60;7;100;2.100000;295.550000;286.650000;57;17000;0;mq;mq;mq;mq;mq;mq;mq;mq;98600;mq;mq;mq;mq;mq;mq;mq;mq;mq;mq;mq;6.200000;-10;mq;mq;mq;mq;0.000000;0.000000;0.000000;mq;mq;710.000000;1106.000000;mq;mq;mq;mq;mq;mq;mq;mq;mq;mq;mq;mq;mq;mq;
07190;20110929120000;102620;-90;8;30;1.500000;296.950000;286.750000;53;16000;0;mq;mq;mq;mq;mq;mq;mq;mq;100870;mq;mq;mq;mq;mq;mq;mq;mq;mq;mq;mq;4.100000;-10;mq;mq;mq;mq;0.000000;0.000000;0.000000;mq;mq;710.000000;1104.000000;mq;mq;mq;mq;mq;mq;mq;mq;mq;mq;mq;mq;mq;mq;
07207;20110929120000;mq;mq;mq;150;3.600000;293.250000;290.050000;82;8000;2;1;1;50;0;8000;30;20;18;mq;mq;mq;mq;mq;mq;mq;mq;mq;mq;mq;mq;7.200000;-10;mq;mq;mq;mq;0.000000;0.000000;0.000000;mq;mq;710.000000;1107.000000;2426.000000;mq;mq;mq;mq;mq;mq;mq;mq;mq;mq;mq;mq;mq;
07222;20110929120000;102220;-60;8;170;3.100000;298.750000;289.550000;57;20000;2;1;1;0;mq;mq;mq;mq;mq;101920;mq;mq;mq;mq;mq;mq;mq;mq;mq;mq;mq;5.700000;-10;mq;mq;mq;mq;0.000000;0.000000;0.000000;mq;mq;710.000000;1106.000000;mq;mq;mq;mq;mq;mq;mq;mq;mq;mq;mq;mq;mq;mq;
07240;20110929120000;102330;-100;8;130;2.600000;300.250000;285.450000;40;60000;0;mq;mq;mq;mq;mq;mq;mq;mq;101040;mq;mq;mq;mq;mq;mq;mq;mq;mq;mq;mq;5.100000;-10;mq;mq;mq;mq;0.000000;0.000000;0.000000;mq;mq;710.000000;1105.000000;mq;mq;mq;mq;mq;mq;mq;mq;mq;mq;mq;mq;mq;mq;
07255;20110929120000;102390;-100;8;0;0.000000;301.550000;279.650000;25;30000;2;1;1;0;mq;mq;mq;mq;mq;100490;mq;mq;mq;mq;mq;mq;mq;mq;mq;mq;mq;2.600000;-10;mq;mq;0.000000;-60;0.000000;0.000000;0.000000;mq;mq;710.000000;1103.000000;3100.000000;mq;mq;mq;mq;mq;mq;mq;mq;mq;mq;mq;mq;mq;
07280;20110929120000;102460;-100;8;140;1.000000;297.750000;286.950000;51;40000;0;mq;mq;mq;mq;mq;mq;mq;mq;99850;mq;mq;mq;mq;mq;mq;mq;mq;mq;mq;mq;3.600000;-10;mq;mq;mq;mq;0.000000;0.000000;0.000000;mq;mq;710.000000;1104.000000;mq;mq;mq;mq;mq;mq;mq;mq;mq;mq;mq;mq;mq;mq;
07299;20110929120000;102560;-90;8;80;3.100000;295.450000;287.850000;62;10000;2;1;1;25;0;mq;30;20;11;99400;mq;mq;mq;mq;mq;mq;mq;mq;mq;mq;mq;7.700000;-10;mq;mq;0.000000;-60;0.000000;0.000000;0.000000;mq;mq;710.000000;1108.000000;3100.000000;mq;2;0;7800;mq;mq;mq;mq;mq;mq;mq;mq;mq;
07314;20110929120000;102310;-70;8;270;1.500000;293.150000;291.450000;90;mq;mq;mq;mq;mq;mq;mq;mq;mq;mq;102040;mq;mq;mq;mq;mq;mq;mq;mq;mq;mq;mq;3.600000;-10;mq;mq;mq;mq;0.000000;0.000000;0.000000;mq;mq;710.000000;1104.000000;mq;mq;mq;mq;mq;mq;mq;mq;mq;mq;mq;mq;mq;mq;
07335;20110929120000;102300;-100;8;180;2.600000;300.450000;282.350000;32;30000;2;1;1;0;mq;mq;mq;mq;mq;100920;mq;mq;mq;mq;mq;mq;mq;mq;mq;mq;mq;5.100000;-10;mq;mq;mq;mq;0.000000;0.000000;0.000000;mq;mq;710.000000;1105.000000;mq;mq;mq;mq;mq;mq;mq;mq;mq;mq;mq;mq;mq;mq;
07434;20110929120000;102290;-100;8;170;3.600000;298.850000;279.950000;30;40000;2;1;1;0;mq;mq;mq;mq;mq;97720;mq;mq;mq;mq;mq;mq;mq;mq;mq;mq;mq;7.700000;-10;mq;mq;0.000000;-60;0.000000;0.000000;0.000000;mq;mq;710.000000;1108.000000;3100.000000;mq;mq;mq;mq;mq;mq;mq;mq;mq;mq;mq;mq;mq;
07460;20110929120000;102340;-120;8;140;1.000000;299.350000;283.950000;38;40000;2;1;1;10;1;2250;31;20;10;98640;mq;mq;mq;mq;mq;mq;mq;mq;mq;mq;mq;3.100000;-10;mq;mq;0.000000;-60;0.000000;0.000000;0.000000;mq;mq;710.000000;1103.000000;3100.000000;mq;1;8;2100;mq;mq;mq;mq;mq;mq;mq;mq;mq;
07471;20110929120000;mq;-120;8;200;1.000000;298.650000;278.250000;27;45000;2;1;1;10;1;1750;31;20;10;93010;85000;18450;mq;mq;mq;mq;mq;mq;mq;mq;mq;3.100000;-10;mq;mq;0.000000;-60;0.000000;0.000000;0.000000;mq;mq;710.000000;1103.000000;3100.000000;mq;1;8;1500;mq;mq;mq;mq;mq;mq;mq;mq;mq;
07481;20110929120000;102410;-120;8;0;0.000000;299.550000;286.950000;46;18000;2;1;1;0;mq;mq;mq;mq;mq;99670;mq;mq;mq;mq;mq;mq;mq;mq;mq;mq;mq;4.600000;-10;mq;mq;0.000000;-60;0.000000;0.000000;0.000000;mq;mq;710.000000;1105.000000;3100.000000;mq;mq;mq;mq;mq;mq;mq;mq;mq;mq;mq;mq;mq;
07510;20110929120000;102230;-100;8;90;2.100000;299.550000;287.650000;48;25000;2;4;1;0;mq;mq;mq;mq;mq;101610;mq;mq;mq;mq;mq;mq;mq;mq;mq;mq;mq;4.100000;-10;mq;mq;0.000000;-60;0.000000;0.000000;0.000000;mq;mq;710.000000;1104.000000;3100.000000;mq;mq;mq;mq;mq;mq;mq;mq;mq;mq;mq;mq;mq;
07535;20110929120000;102240;-120;8;180;3.600000;301.950000;280.550000;26;30000;2;1;1;0;mq;mq;mq;mq;mq;99290;mq;mq;mq;mq;mq;mq;mq;mq;mq;mq;mq;7.700000;-10;mq;mq;0.000000;-60;0.000000;0.000000;0.000000;mq;mq;710.000000;1108.000000;3100.000000;mq;mq;mq;mq;mq;mq;mq;mq;mq;mq;mq;mq;mq;
07558;20110929120000;102280;-80;8;140;4.600000;298.450000;281.050000;33;30000;2;1;1;10;1;800;31;20;10;94330;mq;mq;mq;mq;mq;mq;mq;mq;mq;mq;mq;7.700000;-10;mq;mq;0.000000;-60;0.000000;0.000000;0.000000;mq;mq;710.000000;1108.000000;3100.000000;mq;1;8;780;mq;mq;mq;mq;mq;mq;mq;mq;mq;
07577;20110929120000;102430;-170;8;180;2.100000;300.950000;283.650000;34;30000;2;1;1;0;mq;mq;mq;mq;mq;101580;mq;mq;mq;mq;mq;mq;mq;mq;mq;mq;mq;5.100000;-10;mq;mq;0.000000;-60;0.000000;0.000000;0.000000;mq;mq;710.000000;1105.000000;3100.000000;mq;mq;mq;mq;mq;mq;mq;mq;mq;mq;mq;mq;mq;
07591;20110929120000;mq;-170;7;180;3.100000;298.950000;274.950000;21;mq;0;mq;mq;mq;mq;mq;mq;mq;mq;92500;mq;mq;mq;mq;mq;mq;mq;mq;mq;mq;mq;5.700000;-10;mq;mq;mq;mq;0.000000;0.000000;0.000000;mq;mq;710.000000;1106.000000;mq;mq;mq;mq;mq;mq;mq;mq;mq;mq;mq;mq;mq;mq;
07607;20110929120000;102240;-120;8;40;1.500000;300.050000;290.250000;55;17000;0;mq;mq;mq;mq;mq;mq;mq;mq;101560;mq;mq;mq;mq;mq;mq;mq;mq;mq;mq;mq;3.100000;-10;mq;mq;mq;mq;0.000000;0.000000;0.000000;mq;mq;710.000000;1103.000000;mq;mq;mq;mq;mq;mq;mq;mq;mq;mq;mq;mq;mq;mq;
07621;20110929120000;102150;-80;8;80;1.500000;299.850000;285.550000;41;30000;2;1;1;25;1;2600;31;23;10;98040;mq;mq;mq;mq;mq;mq;mq;mq;mq;mq;mq;4.100000;-10;mq;mq;0.000000;-60;0.000000;0.000000;0.000000;mq;mq;710.000000;1104.000000;3100.000000;mq;1;8;2400;mq;mq;mq;mq;mq;mq;mq;mq;mq;
07627;20110929120000;102140;-100;8;300;1.500000;299.450000;286.950000;46;40000;2;1;1;10;1;1750;31;20;10;97510;mq;mq;mq;mq;mq;mq;mq;mq;mq;mq;mq;3.600000;-10;mq;mq;0.000000;-60;0.000000;0.000000;0.000000;mq;mq;710.000000;1104.000000;3100.000000;mq;1;8;1500;mq;mq;mq;mq;mq;mq;mq;mq;mq;
07630;20110929120000;102260;-110;8;130;5.100000;301.850000;282.550000;30;15000;2;1;1;0;mq;mq;mq;mq;mq;100550;mq;mq;mq;mq;mq;mq;mq;mq;mq;mq;mq;10.300000;-10;mq;mq;0.000000;-60;0.000000;0.000000;0.000000;mq;mq;710.000000;1110.000000;3100.000000;mq;mq;mq;mq;mq;mq;mq;mq;mq;mq;mq;mq;mq;
07643;20110929120000;102540;-70;8;160;1.500000;300.650000;282.450000;32;20000;2;1;1;0;mq;mq;mq;mq;mq;102450;mq;mq;mq;mq;mq;mq;mq;mq;mq;mq;mq;2.600000;-10;mq;mq;mq;mq;0.000000;0.000000;0.000000;mq;mq;710.000000;1103.000000;mq;mq;mq;mq;mq;mq;mq;mq;mq;mq;mq;mq;mq;mq;
07650;20110929120000;102450;-100;8;280;3.100000;301.250000;283.050000;32;30000;2;1;1;0;mq;mq;mq;mq;mq;102080;mq;mq;mq;mq;mq;mq;mq;mq;mq;mq;mq;4.100000;-10;mq;mq;0.000000;-60;0.000000;0.000000;0.000000;mq;mq;710.000000;1104.000000;3100.000000;mq;mq;mq;mq;mq;mq;mq;mq;mq;mq;mq;mq;mq;
07661;20110929120000;102410;-100;8;150;7.200000;297.950000;284.850000;44;20000;2;1;1;0;mq;mq;mq;mq;mq;100860;mq;mq;mq;mq;mq;mq;mq;mq;mq;mq;mq;12.300000;-10;mq;mq;mq;mq;0.000000;0.000000;0.000000;mq;mq;710.000000;1112.000000;mq;mq;mq;mq;mq;mq;mq;mq;mq;mq;mq;mq;mq;mq;
07690;20110929120000;102470;-70;8;180;2.600000;299.150000;289.450000;55;30000;2;1;1;0;mq;mq;mq;mq;mq;102150;mq;mq;mq;mq;mq;mq;mq;mq;mq;mq;mq;4.100000;-10;mq;mq;0.000000;-60;0.000000;0.000000;0.000000;mq;mq;710.000000;1104.000000;3100.000000;mq;mq;mq;mq;mq;mq;mq;mq;mq;mq;mq;mq;mq;
07747;20110929120000;102500;-100;8;100;4.100000;299.650000;286.050000;43;20000;2;1;1;0;mq;mq;mq;mq;mq;101990;mq;mq;mq;mq;mq;mq;mq;mq;mq;mq;mq;7.200000;-10;mq;mq;mq;mq;0.000000;0.000000;0.000000;mq;mq;710.000000;1107.000000;mq;mq;mq;mq;mq;mq;mq;mq;mq;mq;mq;mq;mq;mq;
07761;20110929120000;102280;-70;8;230;4.600000;298.650000;291.350000;64;13000;2;1;1;10;1;1750;31;20;10;102180;mq;mq;mq;mq;mq;mq;mq;mq;mq;mq;mq;5.700000;-10;mq;mq;0.000000;-60;0.000000;0.000000;0.000000;mq;mq;710.000000;1106.000000;3100.000000;mq;1;8;1800;mq;mq;mq;mq;mq;mq;mq;mq;mq;
07790;20110929120000;102390;-80;8;350;4.100000;299.150000;286.250000;45;18000;2;1;1;10;1;800;31;20;10;102250;mq;mq;mq;mq;mq;mq;mq;mq;mq;mq;mq;7.200000;-10;mq;mq;0.000000;-60;0.000000;0.000000;0.000000;mq;mq;710.000000;1107.000000;3100.000000;mq;1;8;900;mq;mq;mq;mq;mq;mq;mq;mq;mq;
61970;20110929120000;101400;mq;mq;mq;mq;301.350000;295.550000;71;mq;mq;mq;mq;mq;mq;mq;mq;mq;mq;mq;mq;mq;mq;mq;mq;mq;mq;mq;mq;mq;mq;mq;mq;mq;mq;mq;mq;mq;mq;mq;mq;mq;mq;mq;mq;mq;mq;mq;mq;mq;mq;mq;mq;mq;mq;mq;mq;mq;
61972;20110929120000;101520;mq;mq;110;4.100000;300.850000;293.950000;66;mq;mq;mq;mq;mq;mq;mq;mq;mq;mq;mq;mq;mq;mq;mq;mq;mq;mq;mq;mq;mq;mq;8.200000;-10;mq;mq;mq;mq;0.000000;mq;0.200000;mq;mq;710.000000;1108.000000;mq;mq;mq;mq;mq;mq;mq;mq;mq;mq;mq;mq;mq;mq;
61976;20110929120000;101620;mq;mq;140;7.200000;299.750000;291.650000;61;mq;mq;mq;mq;mq;mq;mq;mq;mq;mq;101470;mq;mq;mq;mq;mq;mq;mq;mq;mq;mq;mq;mq;mq;mq;mq;mq;mq;mq;mq;mq;mq;mq;mq;mq;mq;mq;mq;mq;mq;mq;mq;mq;mq;mq;mq;mq;mq;mq;
61980;20110929120000;101810;mq;mq;100;5.700000;297.150000;289.650000;63;12000;2;1;1;75;6;800;38;20;10;mq;mq;mq;mq;mq;mq;mq;mq;mq;mq;mq;mq;9.300000;-10;mq;mq;mq;mq;0.000000;mq;0.000000;mq;mq;710.000000;1109.000000;2437.000000;mq;2;8;750;5;6;1500;mq;mq;mq;mq;mq;mq;
61997;20110929120000;101030;mq;mq;260;6.700000;275.950000;271.250000;71;mq;mq;mq;mq;mq;mq;mq;mq;mq;mq;mq;mq;mq;2630;mq;mq;mq;mq;mq;mq;mq;mq;19.500000;-60;mq;mq;mq;mq;mq;mq;0.200000;mq;mq;1120.000000;mq;mq;mq;mq;mq;mq;mq;mq;mq;mq;mq;mq;mq;mq;mq;
67005;20110929120000;101360;mq;mq;80;2.100000;301.550000;294.550000;66;mq;0;mq;mq;mq;mq;mq;mq;mq;mq;mq;mq;mq;mq;mq;mq;mq;mq;mq;mq;mq;mq;5.100000;-10;mq;mq;mq;mq;0.000000;mq;0.000000;mq;mq;710.000000;1105.000000;mq;mq;mq;mq;mq;mq;mq;mq;mq;mq;mq;mq;mq;mq;
71805;20110929120000;101630;0;4;260;7.700000;287.150000;284.850000;86;20000;2;1;1;0;mq;mq;mq;mq;mq;101550;mq;mq;mq;mq;mq;mq;mq;mq;mq;mq;mq;11.300000;-10;mq;mq;mq;mq;0.000000;0.000000;0.000000;mq;mq;710.000000;1111.000000;mq;mq;mq;mq;mq;mq;mq;mq;mq;mq;mq;mq;mq;mq;
78897;20110929120000;101040;160;3;170;3.600000;302.050000;297.350000;76;30000;2;1;1;50;2;800;32;20;11;mq;mq;mq;mq;297.150000;mq;mq;305.850000;mq;mq;mq;mq;mq;mq;mq;mq;mq;mq;mq;mq;0.000000;mq;0.200000;mq;mq;mq;mq;2;8;600;4;0;7800;mq;mq;mq;mq;mq;mq;
78922;20110929120000;101130;150;3;210;5.700000;301.950000;297.050000;75;mq;mq;mq;mq;mq;mq;mq;mq;mq;mq;100690;mq;mq;mq;mq;mq;mq;mq;mq;mq;mq;mq;mq;mq;mq;mq;mq;mq;mq;mq;mq;mq;mq;mq;mq;mq;mq;mq;mq;mq;mq;mq;mq;mq;mq;mq;mq;mq;mq;
78925;20110929120000;101100;100;2;220;0.500000;302.850000;298.350000;77;30000;2;1;1;50;2;800;39;23;10;mq;mq;mq;mq;298.050000;mq;mq;mq;mq;mq;mq;mq;mq;mq;mq;mq;mq;mq;mq;mq;0.000000;mq;mq;mq;mq;mq;mq;1;9;630;mq;mq;mq;mq;mq;mq;mq;mq;mq;
81401;20110929120000;101380;mq;mq;120;2.600000;301.650000;296.150000;72;mq;mq;mq;mq;mq;mq;mq;mq;mq;mq;101320;mq;mq;mq;295.350000;mq;mq;mq;mq;mq;mq;mq;mq;mq;mq;mq;mq;mq;mq;0.000000;mq;mq;0.000000;mq;mq;mq;mq;mq;mq;mq;mq;mq;mq;mq;mq;mq;mq;mq;mq;
81405;20110929120000;101400;mq;mq;140;2.100000;301.450000;297.250000;78;10000;2;1;1;40;3;450;32;20;12;101310;mq;mq;mq;295.550000;mq;mq;mq;mq;mq;mq;mq;mq;mq;mq;mq;mq;mq;mq;0.000000;mq;mq;0.000000;mq;mq;mq;mq;mq;mq;mq;mq;mq;mq;mq;mq;mq;mq;mq;mq;
81408;20110929120000;101400;mq;mq;60;1.000000;301.850000;296.750000;74;mq;mq;mq;mq;mq;mq;mq;mq;mq;mq;101320;mq;mq;mq;294.450000;mq;mq;mq;mq;mq;mq;mq;mq;mq;mq;mq;mq;mq;mq;0.000000;mq;mq;0.200000;mq;mq;mq;mq;mq;mq;mq;mq;mq;mq;mq;mq;mq;mq;mq;mq;
89642;20110929120000;98060;-280;8;140;19.500000;260.550000;258.250000;81;2000;36;3;2;100;7;1250;35;61;60;97510;mq;mq;mq;252.750000;mq;263.150000;mq;mq;mq;mq;26.800000;28.300000;-60;mq;mq;mq;mq;mq;mq;mq;mq;mq;1027.000000;1128.000000;mq;mq;7;6;1290;mq;mq;mq;mq;mq;mq;mq;mq;mq;
07005;20110929150000;102370;-80;6;120;3.100000;299.550000;287.650000;48;25000;2;1;1;0;mq;mq;mq;mq;mq;101520;mq;mq;mq;mq;mq;mq;mq;mq;mq;mq;mq;5.700000;-10;mq;mq;0.000000;-30;0.000000;0.000000;mq;mq;mq;710.000000;1106.000000;3100.000000;mq;mq;mq;mq;mq;mq;mq;mq;mq;mq;mq;mq;mq;
07015;20110929150000;102430;-100;6;150;2.600000;300.050000;287.750000;47;20000;2;1;1;0;mq;mq;mq;mq;mq;101890;mq;mq;mq;mq;mq;mq;mq;mq;mq;mq;mq;6.200000;-10;mq;mq;0.000000;-30;0.000000;0.000000;mq;mq;mq;710.000000;1106.000000;3100.000000;mq;mq;mq;mq;mq;mq;mq;mq;mq;mq;mq;mq;mq;
07020;20110929150000;102260;-100;6;60;2.600000;293.250000;289.850000;81;mq;mq;mq;mq;mq;mq;mq;mq;mq;mq;102000;mq;mq;mq;mq;mq;mq;mq;mq;mq;mq;mq;4.100000;-10;mq;mq;mq;mq;0.000000;0.000000;mq;mq;mq;710.000000;1104.000000;mq;mq;mq;mq;mq;mq;mq;mq;mq;mq;mq;mq;mq;mq;
07027;20110929150000;102210;-90;6;150;2.600000;301.450000;286.550000;40;50000;0;mq;mq;mq;mq;mq;mq;mq;mq;101440;mq;mq;mq;mq;mq;mq;mq;mq;mq;mq;mq;5.100000;-10;mq;mq;mq;mq;0.000000;0.000000;mq;mq;mq;710.000000;1105.000000;mq;mq;mq;mq;mq;mq;mq;mq;mq;mq;mq;mq;mq;mq;
07037;20110929150000;102300;-100;6;120;3.600000;300.250000;288.650000;49;12000;2;1;1;0;mq;mq;mq;mq;mq;100560;mq;mq;mq;mq;mq;mq;mq;mq;mq;mq;mq;5.100000;-10;mq;mq;0.000000;-30;0.000000;0.000000;mq;mq;mq;710.000000;1105.000000;3100.000000;mq;mq;mq;mq;mq;mq;mq;mq;mq;mq;mq;mq;mq;
07110;20110929150000;102010;-110;6;210;2.600000;300.150000;286.850000;44;30000;2;1;1;40;0;8000;30;20;11;100920;mq;mq;mq;mq;mq;mq;mq;mq;mq;mq;mq;6.200000;-10;mq;mq;mq;mq;0.000000;0.000000;mq;mq;mq;710.000000;1106.000000;mq;mq;3;0;6900;mq;mq;mq;mq;mq;mq;mq;mq;mq;
07117;20110929150000;102070;-130;6;90;3.600000;293.250000;287.850000;71;10000;2;1;1;50;0;8000;30;20;15;101390;mq;mq;mq;mq;mq;mq;mq;mq;mq;mq;mq;5.100000;-10;mq;mq;mq;mq;0.000000;0.000000;mq;mq;mq;710.000000;1105.000000;2427.000000;mq;mq;mq;mq;mq;mq;mq;mq;mq;mq;mq;mq;mq;
07130;20110929150000;102100;-110;6;150;3.600000;302.150000;286.750000;39;35000;0;mq;mq;mq;mq;mq;mq;mq;mq;101610;mq;mq;mq;mq;mq;mq;mq;mq;mq;mq;mq;6.700000;-10;mq;mq;mq;mq;0.000000;0.000000;mq;mq;mq;710.000000;1107.000000;mq;mq;mq;mq;mq;mq;mq;mq;mq;mq;mq;mq;mq;mq;
07139;20110929150000;102210;-110;6;150;2.600000;300.750000;285.950000;40;25000;2;1;1;0;mq;mq;mq;mq;mq;100560;mq;mq;mq;mq;mq;mq;mq;mq;mq;mq;mq;5.100000;-10;mq;mq;0.000000;-30;0.000000;0.000000;mq;mq;mq;710.000000;1105.000000;3100.000000;mq;mq;mq;mq;mq;mq;mq;mq;mq;mq;mq;mq;mq;
07149;20110929150000;102330;-130;6;120;2.600000;300.750000;285.150000;38;30000;2;1;1;0;mq;mq;mq;mq;mq;101300;mq;mq;mq;mq;mq;mq;mq;mq;mq;mq;mq;4.600000;-10;mq;mq;0.000000;-30;0.000000;0.000000;mq;mq;mq;710.000000;1105.000000;3100.000000;mq;mq;mq;mq;mq;mq;mq;mq;mq;mq;mq;mq;mq;
07168;20110929150000;102390;-90;6;50;2.100000;299.550000;285.950000;43;25000;2;1;1;0;mq;mq;mq;mq;mq;101030;mq;mq;mq;mq;mq;mq;mq;mq;mq;mq;mq;4.600000;-10;mq;mq;0.000000;-30;0.000000;0.000000;mq;mq;mq;710.000000;1105.000000;3100.000000;mq;mq;mq;mq;mq;mq;mq;mq;mq;mq;mq;mq;mq;
07181;20110929150000;102420;-100;6;110;1.500000;297.150000;286.350000;51;19000;0;mq;mq;mq;mq;mq;mq;mq;mq;98500;mq;mq;mq;mq;mq;mq;mq;mq;mq;mq;mq;5.700000;-10;mq;mq;mq;mq;0.000000;0.000000;mq;mq;mq;710.000000;1106.000000;mq;mq;mq;mq;mq;mq;mq;mq;mq;mq;mq;mq;mq;mq;
07190;20110929150000;102470;-140;6;50;3.100000;298.750000;286.550000;47;19000;0;mq;mq;mq;mq;mq;mq;mq;mq;100730;mq;mq;mq;mq;mq;mq;mq;mq;mq;mq;mq;5.700000;-10;mq;mq;mq;mq;0.000000;0.000000;mq;mq;mq;710.000000;1106.000000;mq;mq;mq;mq;mq;mq;mq;mq;mq;mq;mq;mq;mq;mq;
07207;20110929150000;mq;mq;mq;170;5.100000;290.950000;288.950000;88;4000;10;2;2;100;8;800;35;20;10;mq;mq;mq;mq;mq;mq;mq;mq;mq;mq;mq;mq;7.700000;-10;mq;mq;mq;mq;0.000000;0.000000;mq;mq;mq;710.000000;1108.000000;2426.000000;mq;mq;mq;mq;mq;mq;mq;mq;mq;mq;mq;mq;mq;
07222;20110929150000;102100;-120;6;180;2.600000;301.250000;288.850000;47;20000;2;1;1;0;mq;mq;mq;mq;mq;101800;mq;mq;mq;mq;mq;mq;mq;mq;mq;mq;mq;5.100000;-10;mq;mq;mq;mq;0.000000;0.000000;mq;mq;mq;710.000000;1105.000000;mq;mq;mq;mq;mq;mq;mq;mq;mq;mq;mq;mq;mq;mq;
07240;20110929150000;102210;-110;6;110;3.100000;301.950000;283.650000;32;60000;0;mq;mq;mq;mq;mq;mq;mq;mq;100930;mq;mq;mq;mq;mq;mq;mq;mq;mq;mq;mq;5.100000;-10;mq;mq;mq;mq;0.000000;0.000000;mq;mq;mq;710.000000;1105.000000;mq;mq;mq;mq;mq;mq;mq;mq;mq;mq;mq;mq;mq;mq;
07255;20110929150000;102270;-110;6;110;1.500000;302.550000;280.450000;25;30000;2;1;1;0;mq;mq;mq;mq;mq;100380;mq;mq;mq;mq;mq;mq;mq;mq;mq;mq;mq;3.600000;-10;mq;mq;0.000000;-30;0.000000;0.000000;mq;mq;mq;710.000000;1104.000000;3100.000000;mq;mq;mq;mq;mq;mq;mq;mq;mq;mq;mq;mq;mq;
07280;20110929150000;102320;-120;6;50;1.500000;299.550000;285.650000;42;45000;0;mq;mq;mq;mq;mq;mq;mq;mq;99730;mq;mq;mq;mq;mq;mq;mq;mq;mq;mq;mq;3.100000;-10;mq;mq;mq;mq;0.000000;0.000000;mq;mq;mq;710.000000;1103.000000;mq;mq;mq;mq;mq;mq;mq;mq;mq;mq;mq;mq;mq;mq;
07299;20110929150000;102470;-80;6;100;3.100000;295.850000;287.650000;60;12000;2;1;1;40;0;mq;30;20;11;99320;mq;mq;mq;mq;mq;mq;mq;mq;mq;mq;mq;6.200000;-10;mq;mq;0.000000;-30;0.000000;0.000000;mq;mq;mq;710.000000;1106.000000;3100.000000;mq;3;0;7800;mq;mq;mq;mq;mq;mq;mq;mq;mq;
07314;20110929150000;102180;-130;6;280;1.500000;294.250000;291.650000;85;8000;2;1;1;25;2;3500;30;22;10;101910;mq;mq;mq;mq;mq;mq;mq;mq;mq;mq;mq;2.600000;-10;mq;mq;mq;mq;0.000000;0.000000;mq;mq;mq;710.000000;1103.000000;2426.000000;mq;2;4;2400;mq;mq;mq;mq;mq;mq;mq;mq;mq;
07335;20110929150000;102180;-110;6;180;3.100000;302.350000;279.650000;24;30000;2;1;1;0;mq;mq;mq;mq;mq;100810;mq;mq;mq;mq;mq;mq;mq;mq;mq;mq;mq;6.200000;-10;mq;mq;mq;mq;0.000000;0.000000;mq;mq;mq;710.000000;1106.000000;mq;mq;mq;mq;mq;mq;mq;mq;mq;mq;mq;mq;mq;mq;
07434;20110929150000;102140;-120;6;170;3.100000;300.150000;281.550000;31;40000;2;1;1;0;mq;mq;mq;mq;mq;97600;mq;mq;mq;mq;mq;mq;mq;mq;mq;mq;mq;6.700000;-10;mq;mq;0.000000;-30;0.000000;0.000000;mq;mq;mq;710.000000;1107.000000;3100.000000;mq;mq;mq;mq;mq;mq;mq;mq;mq;mq;mq;mq;mq;
07460;20110929150000;102180;-140;6;90;1.500000;301.350000;282.150000;30;40000;2;1;1;10;1;2250;32;20;10;98500;mq;mq;mq;mq;mq;mq;mq;mq;mq;mq;mq;4.600000;-10;mq;mq;0.000000;-30;0.000000;0.000000;mq;mq;mq;710.000000;1105.000000;3100.000000;mq;1;8;2100;mq;mq;mq;mq;mq;mq;mq;mq;mq;
07471;20110929150000;mq;-110;6;180;1.500000;298.950000;272.850000;18;45000;2;1;1;10;1;1750;31;20;10;92900;85000;18350;mq;mq;mq;mq;mq;mq;mq;mq;mq;5.100000;-10;mq;mq;0.000000;-30;0.000000;0.000000;mq;mq;mq;710.000000;1105.000000;3100.000000;mq;1;8;1500;mq;mq;mq;mq;mq;mq;mq;mq;mq;
07481;20110929150000;102260;-140;6;230;0.500000;300.050000;284.550000;38;25000;2;1;1;0;mq;mq;mq;mq;mq;99530;mq;mq;mq;mq;mq;mq;mq;mq;mq;mq;mq;2.100000;-10;mq;mq;0.000000;-30;0.000000;0.000000;mq;mq;mq;710.000000;1102.000000;3100.000000;mq;mq;mq;mq;mq;mq;mq;mq;mq;mq;mq;mq;mq;
07510;20110929150000;102090;-140;6;110;2.600000;303.050000;284.550000;32;30000;2;1;1;10;1;2250;31;20;10;101470;mq;mq;mq;mq;mq;mq;mq;mq;mq;mq;mq;5.100000;-10;mq;mq;0.000000;-30;0.000000;0.000000;mq;mq;mq;710.000000;1105.000000;3100.000000;mq;1;8;1800;mq;mq;mq;mq;mq;mq;mq;mq;mq;
07535;20110929150000;102080;-150;6;160;4.100000;303.150000;280.350000;24;30000;2;1;1;10;1;1250;31;20;10;99140;mq;mq;mq;mq;mq;mq;mq;mq;mq;mq;mq;8.200000;-10;mq;mq;0.000000;-30;0.000000;0.000000;mq;mq;mq;710.000000;1108.000000;3100.000000;mq;1;8;1200;mq;mq;mq;mq;mq;mq;mq;mq;mq;
07558;20110929150000;102160;-130;6;140;5.100000;297.950000;280.550000;33;30000;2;1;1;10;1;800;31;20;10;94200;mq;mq;mq;mq;mq;mq;mq;mq;mq;mq;mq;8.700000;-10;mq;mq;0.000000;-30;0.000000;0.000000;mq;mq;mq;710.000000;1109.000000;3100.000000;mq;1;8;780;mq;mq;mq;mq;mq;mq;mq;mq;mq;
07577;20110929150000;102240;-180;6;200;1.500000;303.150000;280.950000;25;30000;2;1;1;0;mq;mq;mq;mq;mq;101400;mq;mq;mq;mq;mq;mq;mq;mq;mq;mq;mq;4.100000;-10;mq;mq;0.000000;-30;0.000000;0.000000;mq;mq;mq;710.000000;1104.000000;3100.000000;mq;mq;mq;mq;mq;mq;mq;mq;mq;mq;mq;mq;mq;
07591;20110929150000;mq;-90;6;210;4.600000;297.750000;278.050000;28;mq;0;mq;mq;mq;mq;mq;mq;mq;mq;92410;mq;mq;mq;mq;mq;mq;mq;mq;mq;mq;mq;8.200000;-10;mq;mq;mq;mq;0.000000;0.000000;mq;mq;mq;710.000000;1108.000000;mq;mq;mq;mq;mq;mq;mq;mq;mq;mq;mq;mq;mq;mq;
07607;20110929150000;102060;-170;6;140;2.100000;302.850000;288.150000;41;50000;0;mq;mq;mq;mq;mq;mq;mq;mq;101390;mq;mq;mq;mq;mq;mq;mq;mq;mq;mq;mq;5.100000;-10;mq;mq;mq;mq;0.000000;0.000000;mq;mq;mq;710.000000;1105.000000;mq;mq;mq;mq;mq;mq;mq;mq;mq;mq;mq;mq;mq;mq;
07621;20110929150000;102010;-130;6;60;2.100000;300.250000;285.050000;39;30000;2;1;1;25;2;2600;32;20;10;97910;mq;mq;mq;mq;mq;mq;mq;mq;mq;mq;mq;4.600000;-10;mq;mq;0.000000;-30;0.000000;0.000000;mq;mq;mq;710.000000;1105.000000;3100.000000;mq;2;8;2400;mq;mq;mq;mq;mq;mq;mq;mq;mq;
07627;20110929150000;102020;-110;6;50;2.100000;300.350000;281.750000;31;40000;2;1;1;10;1;1750;32;20;10;97400;mq;mq;mq;mq;mq;mq;mq;mq;mq;mq;mq;5.100000;-10;mq;mq;0.000000;-30;0.000000;0.000000;mq;mq;mq;710.000000;1105.000000;3100.000000;mq;1;8;1500;mq;mq;mq;mq;mq;mq;mq;mq;mq;
07630;20110929150000;102100;-150;6;130;7.200000;302.650000;282.250000;28;20000;2;1;1;0;mq;mq;mq;mq;mq;100400;mq;mq;mq;mq;mq;mq;mq;mq;mq;mq;mq;10.800000;-10;mq;mq;0.000000;-30;0.000000;0.000000;mq;mq;mq;710.000000;1111.000000;3100.000000;mq;mq;mq;mq;mq;mq;mq;mq;mq;mq;mq;mq;mq;
07643;20110929150000;102420;-120;6;200;3.100000;299.650000;282.950000;35;20000;2;1;1;0;mq;mq;mq;mq;mq;102330;mq;mq;mq;mq;mq;mq;mq;mq;mq;mq;mq;5.700000;-10;mq;mq;mq;mq;0.000000;0.000000;mq;mq;mq;710.000000;1106.000000;mq;mq;mq;mq;mq;mq;mq;mq;mq;mq;mq;mq;mq;mq;
07650;20110929150000;102350;-100;6;190;5.100000;300.250000;285.050000;39;30000;2;1;1;10;1;1750;31;20;10;101980;mq;mq;mq;mq;mq;mq;mq;mq;mq;mq;mq;6.700000;-10;mq;mq;0.000000;-30;0.000000;0.000000;mq;mq;mq;710.000000;1107.000000;3100.000000;mq;1;8;1500;mq;mq;mq;mq;mq;mq;mq;mq;mq;
07661;20110929150000;102340;-70;6;150;5.700000;296.550000;287.550000;57;mq;mq;mq;mq;mq;mq;mq;mq;mq;mq;100790;mq;mq;mq;mq;mq;mq;mq;mq;mq;mq;mq;9.300000;-10;mq;mq;mq;mq;0.000000;0.000000;mq;mq;mq;710.000000;1109.000000;mq;mq;mq;mq;mq;mq;mq;mq;mq;mq;mq;mq;mq;mq;
07690;20110929150000;102430;-50;5;140;3.100000;298.450000;289.050000;56;30000;2;1;1;0;mq;mq;mq;mq;mq;102100;mq;mq;mq;mq;mq;mq;mq;mq;mq;mq;mq;4.600000;-10;mq;mq;0.000000;-30;0.000000;0.000000;mq;mq;mq;710.000000;1105.000000;3100.000000;mq;mq;mq;mq;mq;mq;mq;mq;mq;mq;mq;mq;mq;
07747;20110929150000;102370;-130;6;100;4.100000;298.750000;289.050000;55;20000;2;1;1;0;mq;mq;mq;mq;mq;101860;mq;mq;mq;mq;mq;mq;mq;mq;mq;mq;mq;6.200000;-10;mq;mq;mq;mq;0.000000;0.000000;mq;mq;mq;710.000000;1106.000000;mq;mq;mq;mq;mq;mq;mq;mq;mq;mq;mq;mq;mq;mq;
07761;20110929150000;102240;-40;6;300;3.600000;299.950000;287.050000;45;15000;2;1;1;10;1;1750;31;20;10;102140;mq;mq;mq;mq;mq;mq;mq;mq;mq;mq;mq;7.200000;-10;mq;mq;0.000000;-30;0.000000;0.000000;mq;mq;mq;710.000000;1107.000000;3100.000000;mq;1;8;1500;mq;mq;mq;mq;mq;mq;mq;mq;mq;
07790;20110929150000;102300;-90;6;360;3.100000;298.750000;286.550000;47;26000;0;mq;mq;mq;mq;mq;mq;mq;mq;102160;mq;mq;mq;mq;mq;mq;mq;mq;mq;mq;mq;5.100000;-10;mq;mq;mq;mq;0.000000;0.000000;mq;mq;mq;710.000000;1105.000000;mq;mq;mq;mq;mq;mq;mq;mq;mq;mq;mq;mq;mq;mq;
61968;20110929150000;101460;mq;mq;80;3.600000;298.250000;292.850000;72;mq;mq;mq;mq;mq;mq;mq;mq;mq;mq;mq;mq;mq;50;mq;mq;mq;mq;mq;mq;mq;mq;8.200000;-10;mq;mq;mq;mq;0.000000;0.000000;mq;mq;mq;710.000000;1108.000000;mq;mq;mq;mq;mq;mq;mq;mq;mq;mq;mq;mq;mq;mq;
61970;20110929150000;101460;mq;mq;mq;mq;299.750000;295.850000;79;mq;mq;mq;mq;mq;mq;mq;mq;mq;mq;mq;mq;mq;mq;mq;mq;mq;mq;mq;mq;mq;mq;mq;mq;mq;mq;mq;mq;0.000000;0.000000;mq;mq;mq;mq;mq;mq;mq;mq;mq;mq;mq;mq;mq;mq;mq;mq;mq;mq;mq;
61972;20110929150000;101550;mq;mq;170;0.500000;297.750000;293.850000;79;mq;mq;mq;mq;mq;mq;mq;mq;mq;mq;mq;mq;mq;mq;mq;mq;mq;mq;mq;mq;mq;mq;3.100000;-10;mq;mq;mq;mq;0.000000;0.000000;mq;mq;mq;710.000000;1103.000000;mq;mq;mq;mq;mq;mq;mq;mq;mq;mq;mq;mq;mq;mq;
61976;20110929150000;101760;mq;mq;140;7.200000;297.150000;292.250000;74;mq;mq;mq;mq;mq;mq;mq;mq;mq;mq;101610;mq;mq;mq;mq;mq;mq;mq;mq;mq;mq;mq;mq;mq;mq;mq;mq;mq;mq;mq;mq;mq;mq;mq;mq;mq;mq;mq;mq;mq;mq;mq;mq;mq;mq;mq;mq;mq;mq;
61980;20110929150000;101960;mq;mq;110;3.600000;294.950000;290.550000;76;12000;2;1;1;50;4;800;38;20;10;mq;mq;mq;mq;mq;mq;mq;mq;mq;mq;mq;mq;9.300000;-10;mq;mq;mq;mq;0.000000;0.000000;mq;mq;mq;710.000000;1109.000000;mq;mq;2;8;750;3;6;1500;mq;mq;mq;mq;mq;mq;
61997;20110929150000;101100;mq;mq;280;5.100000;275.450000;270.350000;69;mq;mq;mq;mq;mq;mq;mq;mq;mq;mq;mq;mq;mq;2320;mq;mq;mq;mq;mq;mq;mq;mq;mq;mq;mq;mq;mq;mq;mq;0.000000;mq;mq;mq;mq;mq;mq;mq;mq;mq;mq;mq;mq;mq;mq;mq;mq;mq;mq;mq;
61998;20110929150000;99010;mq;mq;220;10.300000;274.550000;269.850000;71;mq;mq;mq;mq;mq;mq;mq;mq;mq;mq;mq;mq;mq;780;mq;mq;mq;mq;mq;mq;mq;mq;17.000000;-10;mq;mq;mq;mq;0.000000;0.000000;mq;mq;mq;710.000000;1117.000000;mq;mq;mq;mq;mq;mq;mq;mq;mq;mq;mq;mq;mq;mq;
67005;20110929150000;101450;mq;mq;30;2.100000;299.550000;294.550000;74;mq;0;mq;mq;mq;mq;mq;mq;mq;mq;mq;mq;mq;mq;mq;mq;mq;mq;mq;mq;mq;mq;4.600000;-10;mq;mq;mq;mq;0.000000;0.000000;mq;mq;mq;710.000000;1105.000000;mq;mq;mq;mq;mq;mq;mq;mq;mq;mq;mq;mq;mq;mq;
71805;20110929150000;101660;30;1;260;8.700000;289.450000;285.750000;79;20000;2;1;1;10;1;800;31;23;10;101580;mq;mq;mq;mq;mq;mq;mq;mq;mq;mq;mq;13.400000;-10;mq;mq;mq;mq;0.000000;0.000000;mq;mq;mq;710.000000;1113.000000;mq;mq;1;8;600;mq;mq;mq;mq;mq;mq;mq;mq;mq;
78897;20110929150000;101140;100;1;180;6.700000;304.750000;298.350000;69;5000;17;9;1;60;4;450;39;20;11;mq;mq;mq;90;mq;mq;mq;mq;mq;mq;mq;mq;mq;mq;mq;mq;mq;mq;mq;mq;mq;mq;mq;mq;mq;mq;mq;2;9;480;3;0;7800;mq;mq;mq;mq;mq;mq;
78922;20110929150000;101190;60;0;190;9.800000;304.150000;297.350000;67;mq;mq;mq;mq;mq;mq;mq;mq;mq;mq;100750;mq;mq;mq;mq;mq;mq;mq;mq;mq;mq;mq;mq;mq;mq;mq;mq;mq;mq;mq;mq;mq;mq;mq;mq;mq;mq;mq;mq;mq;mq;mq;mq;mq;mq;mq;mq;mq;mq;
78925;20110929150000;101250;150;0;190;3.600000;305.150000;298.550000;68;30000;2;1;1;40;3;800;32;20;10;mq;mq;mq;10;mq;mq;mq;mq;mq;mq;mq;mq;mq;mq;mq;mq;mq;mq;mq;mq;mq;mq;mq;mq;mq;mq;mq;3;8;900;mq;mq;mq;mq;mq;mq;mq;mq;mq;
81401;20110929150000;101290;mq;mq;100;4.100000;305.350000;294.850000;54;mq;mq;mq;mq;mq;mq;mq;mq;mq;mq;101230;mq;mq;mq;mq;mq;mq;mq;mq;mq;mq;mq;mq;mq;mq;mq;mq;mq;mq;0.000000;mq;mq;mq;mq;mq;mq;mq;mq;mq;mq;mq;mq;mq;mq;mq;mq;mq;mq;mq;
81405;20110929150000;101370;mq;mq;80;3.600000;304.950000;295.350000;57;15000;2;1;1;50;4;1250;32;20;12;101280;mq;mq;mq;mq;mq;mq;mq;mq;mq;mq;mq;mq;mq;mq;mq;mq;mq;mq;0.000000;mq;mq;mq;mq;mq;mq;mq;mq;mq;mq;mq;mq;mq;mq;mq;mq;mq;mq;mq;
81408;20110929150000;101340;mq;mq;70;3.100000;305.250000;294.150000;52;mq;mq;mq;mq;mq;mq;mq;mq;mq;mq;101260;mq;mq;mq;mq;mq;mq;mq;mq;mq;mq;mq;mq;mq;mq;mq;mq;mq;mq;0.000000;mq;mq;mq;mq;mq;mq;mq;mq;mq;mq;mq;mq;mq;mq;mq;mq;mq;mq;mq;
89642;20110929150000;97740;-320;8;130;18.500000;260.450000;258.850000;86;mq;mq;mq;mq;mq;mq;mq;mq;mq;mq;97190;mq;mq;mq;mq;mq;mq;mq;mq;mq;mq;26.200000;29.300000;-30;mq;mq;mq;mq;mq;mq;mq;mq;mq;1026.000000;1129.000000;mq;mq;mq;mq;mq;mq;mq;mq;mq;mq;mq;mq;mq;mq;
07005;20110929180000;102370;-20;5;100;3.100000;295.550000;287.650000;61;mq;mq;mq;mq;mq;mq;mq;mq;mq;mq;101500;mq;mq;mq;286.950000;mq;299.650000;mq;mq;mq;mq;mq;4.100000;-10;mq;mq;mq;mq;0.000000;0.000000;mq;0.000000;mq;710.000000;1104.000000;mq;mq;mq;mq;mq;mq;mq;mq;mq;mq;mq;mq;mq;mq;
07015;20110929180000;102420;-20;6;120;1.500000;293.850000;286.750000;64;30000;2;1;1;0;mq;mq;mq;mq;mq;101870;mq;mq;mq;287.050000;mq;300.350000;mq;mq;mq;mq;mq;3.600000;-10;mq;mq;0.000000;-60;0.000000;0.000000;mq;0.000000;mq;710.000000;1104.000000;3100.000000;mq;mq;mq;mq;mq;mq;mq;mq;mq;mq;mq;mq;mq;
07020;20110929180000;102230;-30;5;100;3.600000;292.550000;289.550000;83;16000;2;1;1;0;mq;mq;mq;mq;mq;101970;mq;mq;mq;292.450000;mq;297.250000;mq;mq;mq;mq;mq;4.600000;-10;mq;mq;mq;mq;0.000000;0.000000;mq;mq;mq;710.000000;1105.000000;mq;mq;mq;mq;mq;mq;mq;mq;mq;mq;mq;mq;mq;mq;
07027;20110929180000;102220;0;5;130;1.500000;296.950000;285.850000;50;23000;0;mq;mq;mq;mq;mq;mq;mq;mq;101440;mq;mq;mq;284.150000;mq;302.050000;mq;mq;mq;mq;mq;2.600000;-10;mq;mq;mq;mq;0.000000;0.000000;mq;0.000000;mq;710.000000;1103.000000;mq;mq;mq;mq;mq;mq;mq;mq;mq;mq;mq;mq;mq;mq;
07037;20110929180000;102330;-10;5;70;2.600000;293.450000;288.650000;74;19000;0;mq;mq;mq;mq;mq;mq;mq;mq;100550;mq;mq;mq;285.750000;mq;300.450000;mq;mq;mq;mq;mq;3.600000;-10;mq;mq;mq;mq;0.000000;0.000000;mq;0.000000;mq;710.000000;1104.000000;mq;mq;mq;mq;mq;mq;mq;mq;mq;mq;mq;mq;mq;mq;
07110;20110929180000;102040;10;3;190;3.100000;293.250000;287.850000;71;30000;2;1;1;25;0;8000;30;20;11;100930;mq;mq;mq;287.050000;mq;300.150000;mq;mq;mq;mq;mq;5.100000;-10;mq;mq;mq;mq;0.000000;0.000000;mq;0.000000;mq;710.000000;1105.000000;mq;mq;2;0;6900;mq;mq;mq;mq;mq;mq;mq;mq;mq;
07117;20110929180000;102050;-20;6;120;3.100000;293.250000;288.650000;75;10000;2;1;1;50;0;8000;30;20;15;101370;mq;mq;mq;288.150000;mq;294.850000;mq;mq;mq;mq;mq;4.100000;-10;mq;mq;mq;mq;0.000000;0.000000;mq;0.000000;mq;710.000000;1104.000000;2427.000000;mq;mq;mq;mq;mq;mq;mq;mq;mq;mq;mq;mq;mq;
07130;20110929180000;102120;10;3;130;1.000000;297.350000;287.150000;53;26000;0;mq;mq;mq;mq;mq;mq;mq;mq;101620;mq;mq;mq;286.550000;mq;302.350000;mq;mq;mq;mq;mq;3.100000;-10;mq;mq;mq;mq;0.000000;0.000000;mq;0.000000;mq;710.000000;1103.000000;mq;mq;mq;mq;mq;mq;mq;mq;mq;mq;mq;mq;mq;mq;
07139;20110929180000;102230;0;5;80;1.000000;295.750000;287.850000;61;mq;mq;mq;mq;mq;mq;mq;mq;mq;mq;100560;mq;mq;mq;282.250000;mq;301.550000;mq;mq;mq;mq;mq;2.100000;-10;mq;mq;mq;mq;0.000000;0.000000;mq;0.000000;mq;710.000000;1102.000000;mq;mq;mq;mq;mq;mq;mq;mq;mq;mq;mq;mq;mq;mq;
07149;20110929180000;102360;10;3;120;1.000000;295.550000;286.050000;55;25000;2;1;1;0;mq;mq;mq;mq;mq;101310;mq;mq;mq;285.250000;mq;300.850000;mq;mq;mq;mq;mq;3.600000;-10;mq;mq;0.000000;-60;0.000000;0.000000;mq;0.000000;mq;710.000000;1104.000000;3100.000000;mq;mq;mq;mq;mq;mq;mq;mq;mq;mq;mq;mq;mq;
07168;20110929180000;102410;-10;5;320;0.500000;292.450000;286.150000;67;15000;0;mq;mq;mq;mq;mq;mq;mq;mq;101020;mq;mq;mq;282.050000;mq;299.650000;mq;mq;mq;mq;mq;2.100000;-10;mq;mq;mq;mq;0.000000;0.000000;mq;0.000000;mq;710.000000;1102.000000;mq;mq;mq;mq;mq;mq;mq;mq;mq;mq;mq;mq;mq;mq;
07181;20110929180000;102480;0;5;90;2.600000;292.550000;287.550000;73;19000;0;mq;mq;mq;mq;mq;mq;mq;mq;98500;mq;mq;mq;284.450000;mq;297.250000;mq;mq;mq;mq;mq;4.100000;-10;mq;mq;mq;mq;0.000000;0.000000;mq;0.000000;mq;710.000000;1104.000000;mq;mq;mq;mq;mq;mq;mq;mq;mq;mq;mq;mq;mq;mq;
07190;20110929180000;102520;10;3;360;2.100000;292.850000;285.850000;64;35000;0;mq;mq;mq;mq;mq;mq;mq;mq;100740;mq;mq;mq;286.050000;mq;298.750000;mq;mq;mq;mq;mq;4.100000;-10;mq;mq;mq;mq;0.000000;0.000000;mq;0.000000;mq;710.000000;1104.000000;mq;mq;mq;mq;mq;mq;mq;mq;mq;mq;mq;mq;mq;mq;
07207;20110929180000;mq;mq;mq;170;3.600000;291.050000;289.050000;88;5000;2;1;1;100;8;800;35;20;10;mq;mq;mq;mq;289.250000;mq;294.450000;mq;mq;mq;mq;mq;6.200000;-10;mq;mq;mq;mq;0.000000;0.000000;mq;0.000000;mq;710.000000;1106.000000;2426.000000;mq;mq;mq;mq;mq;mq;mq;mq;mq;mq;mq;mq;mq;
07222;20110929180000;102120;20;3;290;2.600000;294.850000;291.450000;81;15000;2;1;1;0;mq;mq;mq;mq;mq;101820;mq;mq;mq;287.750000;mq;301.550000;mq;mq;mq;mq;mq;4.100000;-10;mq;mq;mq;mq;0.000000;0.000000;mq;0.000000;mq;710.000000;1104.000000;mq;mq;mq;mq;mq;mq;mq;mq;mq;mq;mq;mq;mq;mq;
07240;20110929180000;102210;-20;6;70;1.500000;296.050000;284.750000;49;30000;2;1;1;0;mq;mq;mq;mq;mq;100910;mq;mq;mq;286.450000;mq;301.950000;mq;mq;mq;mq;mq;2.100000;-10;mq;mq;0.000000;-60;0.000000;0.000000;mq;0.000000;mq;710.000000;1102.000000;3100.000000;mq;mq;mq;mq;mq;mq;mq;mq;mq;mq;mq;mq;mq;
07255;20110929180000;102280;-20;5;110;2.600000;296.350000;284.750000;48;9000;0;mq;mq;mq;mq;mq;mq;mq;mq;100360;mq;mq;mq;286.550000;mq;302.950000;mq;mq;mq;mq;mq;3.100000;-10;mq;mq;mq;mq;0.000000;0.000000;mq;0.000000;mq;710.000000;1103.000000;mq;mq;mq;mq;mq;mq;mq;mq;mq;mq;mq;mq;mq;mq;
07280;20110929180000;102400;20;3;50;1.000000;293.150000;287.250000;69;35000;0;mq;mq;mq;mq;mq;mq;mq;mq;99750;mq;mq;mq;285.750000;mq;300.650000;mq;mq;mq;mq;mq;3.100000;-10;mq;mq;mq;mq;0.000000;0.000000;mq;0.000000;mq;710.000000;1103.000000;mq;mq;mq;mq;mq;mq;mq;mq;mq;mq;mq;mq;mq;mq;
07299;20110929180000;102560;40;3;130;3.600000;291.050000;287.150000;78;8000;2;1;1;50;0;mq;30;20;12;99360;mq;mq;mq;281.750000;mq;296.650000;mq;mq;mq;mq;mq;6.700000;-10;mq;mq;0.000000;-60;0.000000;0.000000;mq;0.000000;mq;710.000000;1107.000000;3100.000000;mq;4;0;7800;mq;mq;mq;mq;mq;mq;mq;mq;mq;
07314;20110929180000;102150;-30;8;340;1.000000;293.250000;291.550000;90;mq;mq;mq;mq;mq;mq;mq;mq;mq;mq;101880;mq;mq;mq;290.350000;mq;294.350000;mq;mq;mq;mq;mq;2.100000;-10;mq;mq;mq;mq;0.000000;0.000000;mq;0.000000;mq;710.000000;1102.000000;mq;mq;mq;mq;mq;mq;mq;mq;mq;mq;mq;mq;mq;mq;
07335;20110929180000;102190;-10;6;120;1.000000;297.850000;280.950000;34;55000;0;mq;mq;mq;mq;mq;mq;mq;mq;100800;mq;mq;mq;285.850000;mq;302.450000;mq;mq;mq;mq;mq;3.100000;-10;mq;mq;mq;mq;0.000000;0.000000;mq;0.000000;mq;710.000000;1103.000000;mq;mq;mq;mq;mq;mq;mq;mq;mq;mq;mq;mq;mq;mq;
07434;20110929180000;102200;-10;7;0;0.000000;295.650000;282.450000;43;50000;0;mq;mq;mq;mq;mq;mq;mq;mq;97590;mq;mq;mq;290.050000;mq;300.450000;mq;mq;mq;mq;mq;1.000000;-10;mq;mq;mq;mq;0.000000;0.000000;mq;0.000000;mq;710.000000;1101.000000;mq;mq;mq;mq;mq;mq;mq;mq;mq;mq;mq;mq;mq;mq;
07460;20110929180000;102240;0;5;30;1.500000;295.750000;285.350000;52;40000;2;1;1;0;mq;mq;mq;mq;mq;98500;mq;mq;mq;286.450000;mq;302.150000;mq;mq;mq;mq;mq;2.600000;-10;mq;mq;0.000000;-60;0.000000;0.000000;mq;0.000000;mq;710.000000;1103.000000;3100.000000;mq;mq;mq;mq;mq;mq;mq;mq;mq;mq;mq;mq;mq;
07471;20110929180000;mq;50;3;140;1.000000;291.750000;280.550000;48;5000;10;mq;mq;mq;mq;mq;mq;mq;mq;92950;85000;18390;mq;278.850000;mq;299.450000;mq;mq;mq;mq;mq;5.100000;-10;mq;mq;mq;mq;0.000000;0.000000;mq;0.000000;mq;710.000000;1105.000000;mq;mq;mq;mq;mq;mq;mq;mq;mq;mq;mq;mq;mq;mq;
07481;20110929180000;102310;10;3;30;2.600000;296.150000;286.650000;55;35000;2;1;1;0;mq;mq;mq;mq;mq;99540;mq;mq;mq;287.850000;mq;301.050000;mq;mq;mq;mq;mq;3.600000;-10;mq;mq;0.000000;-60;0.000000;0.000000;mq;0.000000;mq;710.000000;1104.000000;3100.000000;mq;mq;mq;mq;mq;mq;mq;mq;mq;mq;mq;mq;mq;
07510;20110929180000;102080;-10;5;100;2.100000;298.750000;285.950000;45;45000;2;1;1;0;mq;mq;mq;mq;mq;101460;mq;mq;mq;289.050000;mq;303.450000;mq;mq;mq;mq;mq;3.600000;-10;mq;mq;0.000000;-60;0.000000;0.000000;mq;0.000000;mq;710.000000;1104.000000;3100.000000;mq;mq;mq;mq;mq;mq;mq;mq;mq;mq;mq;mq;mq;
07535;20110929180000;102140;10;3;150;1.500000;298.250000;282.150000;36;mq;mq;mq;mq;mq;mq;mq;mq;mq;mq;99150;mq;mq;mq;288.750000;mq;304.050000;mq;mq;mq;mq;mq;4.100000;-10;mq;mq;mq;mq;0.000000;0.000000;mq;0.000000;mq;710.000000;1104.000000;mq;mq;mq;mq;mq;mq;mq;mq;mq;mq;mq;mq;mq;mq;
07558;20110929180000;102370;50;3;180;3.600000;292.250000;281.550000;50;mq;mq;mq;mq;mq;mq;mq;mq;mq;mq;94250;mq;mq;mq;286.050000;mq;299.050000;mq;mq;mq;mq;mq;6.200000;-10;mq;mq;mq;mq;0.000000;0.000000;mq;0.000000;mq;710.000000;1106.000000;mq;mq;mq;mq;mq;mq;mq;mq;mq;mq;mq;mq;mq;mq;
07577;20110929180000;102300;40;3;0;0.000000;295.850000;285.450000;52;20000;0;mq;mq;mq;mq;mq;mq;mq;mq;101440;mq;mq;mq;284.350000;mq;303.450000;mq;mq;mq;mq;mq;1.500000;-10;mq;mq;mq;mq;0.000000;0.000000;mq;0.000000;mq;710.000000;1102.000000;mq;mq;mq;mq;mq;mq;mq;mq;mq;mq;mq;mq;mq;mq;
07591;20110929180000;mq;120;3;350;1.500000;290.750000;279.650000;48;mq;0;mq;mq;mq;mq;mq;mq;mq;mq;92530;mq;mq;mq;286.750000;mq;299.250000;mq;mq;mq;mq;mq;2.100000;-10;mq;mq;mq;mq;0.000000;0.000000;mq;0.000000;mq;710.000000;1102.000000;mq;mq;mq;mq;mq;mq;mq;mq;mq;mq;mq;mq;mq;mq;
07607;20110929180000;102050;-30;6;70;1.000000;296.350000;289.450000;65;45000;0;mq;mq;mq;mq;mq;mq;mq;mq;101360;mq;mq;mq;290.650000;mq;303.050000;mq;mq;mq;mq;mq;2.600000;-10;mq;mq;mq;mq;0.000000;0.000000;mq;0.000000;mq;710.000000;1103.000000;mq;mq;mq;mq;mq;mq;mq;mq;mq;mq;mq;mq;mq;mq;
07621;20110929180000;102080;-10;5;200;1.500000;293.750000;288.950000;74;30000;2;1;1;10;1;2600;32;20;10;97900;mq;mq;mq;286.150000;mq;300.750000;mq;mq;mq;mq;mq;2.600000;-10;mq;mq;0.000000;-60;0.000000;0.000000;mq;0.000000;mq;710.000000;1103.000000;3100.000000;mq;1;8;2400;mq;mq;mq;mq;mq;mq;mq;mq;mq;
07627;20110929180000;102120;0;5;160;1.000000;293.350000;285.850000;62;mq;mq;mq;mq;mq;mq;mq;mq;mq;mq;97400;mq;mq;mq;284.550000;mq;300.850000;mq;mq;mq;mq;mq;2.600000;-10;mq;mq;mq;mq;0.000000;0.000000;mq;0.000000;mq;710.000000;1103.000000;mq;mq;mq;mq;mq;mq;mq;mq;mq;mq;mq;mq;mq;mq;
07630;20110929180000;102160;30;3;120;4.100000;298.450000;281.450000;34;20000;2;1;1;0;mq;mq;mq;mq;mq;100430;mq;mq;mq;287.550000;mq;303.250000;mq;mq;mq;mq;mq;8.200000;-10;mq;mq;0.000000;-60;0.000000;0.000000;mq;0.000000;mq;710.000000;1108.000000;3100.000000;mq;mq;mq;mq;mq;mq;mq;mq;mq;mq;mq;mq;mq;
07643;20110929180000;102400;-20;6;220;1.000000;295.050000;285.850000;56;20000;2;1;1;0;mq;mq;mq;mq;mq;102310;mq;mq;mq;287.750000;mq;301.350000;mq;mq;mq;mq;mq;2.600000;-10;mq;mq;mq;mq;0.000000;0.000000;mq;0.000000;mq;710.000000;1103.000000;mq;mq;mq;mq;mq;mq;mq;mq;mq;mq;mq;mq;mq;mq;
07650;20110929180000;102410;50;3;180;1.000000;295.350000;286.450000;57;30000;2;1;1;0;mq;mq;mq;mq;mq;102030;mq;mq;mq;290.650000;mq;301.950000;mq;mq;mq;mq;mq;3.100000;-10;mq;mq;0.000000;-60;0.000000;0.000000;mq;0.000000;mq;710.000000;1103.000000;3100.000000;mq;mq;mq;mq;mq;mq;mq;mq;mq;mq;mq;mq;mq;
07661;20110929180000;102370;20;1;100;3.600000;295.350000;285.350000;53;mq;mq;mq;mq;mq;mq;mq;mq;mq;mq;100810;mq;mq;mq;290.850000;mq;298.850000;mq;mq;mq;mq;mq;5.100000;-10;mq;mq;mq;mq;0.000000;0.000000;mq;0.000000;mq;710.000000;1105.000000;mq;mq;mq;mq;mq;mq;mq;mq;mq;mq;mq;mq;mq;mq;
07690;20110929180000;102420;-10;6;270;1.500000;295.850000;287.150000;58;30000;2;1;1;0;mq;mq;mq;mq;mq;102090;mq;mq;mq;292.450000;mq;300.050000;mq;mq;mq;mq;mq;2.100000;-10;mq;mq;0.000000;-60;0.000000;0.000000;mq;0.000000;mq;710.000000;1102.000000;3100.000000;mq;mq;mq;mq;mq;mq;mq;mq;mq;mq;mq;mq;mq;
07747;20110929180000;102360;-20;6;50;1.500000;294.050000;290.850000;82;12000;0;mq;mq;mq;mq;mq;mq;mq;mq;101840;mq;mq;mq;289.250000;mq;300.050000;mq;mq;mq;mq;mq;5.100000;-10;mq;mq;mq;mq;0.000000;0.000000;mq;0.000000;mq;710.000000;1105.000000;mq;mq;mq;mq;mq;mq;mq;mq;mq;mq;mq;mq;mq;mq;
07761;20110929180000;102270;20;3;50;2.600000;295.050000;288.150000;65;12000;2;1;1;0;mq;mq;mq;mq;mq;102160;mq;mq;mq;287.250000;mq;300.050000;mq;mq;mq;mq;mq;3.600000;-10;mq;mq;0.000000;-60;0.000000;0.000000;mq;0.000000;mq;710.000000;1104.000000;3100.000000;mq;mq;mq;mq;mq;mq;mq;mq;mq;mq;mq;mq;mq;
07790;20110929180000;102310;10;3;210;2.100000;291.850000;285.550000;67;18000;2;1;1;0;mq;mq;mq;mq;mq;102170;mq;mq;mq;290.050000;mq;299.250000;mq;mq;mq;mq;mq;2.600000;-10;mq;mq;0.000000;-60;0.000000;0.000000;mq;0.000000;mq;710.000000;1103.000000;3100.000000;mq;mq;mq;mq;mq;mq;mq;mq;mq;mq;mq;mq;mq;
61968;20110929180000;101590;mq;mq;80;5.700000;298.350000;291.050000;64;mq;mq;mq;mq;mq;mq;mq;mq;mq;mq;mq;mq;mq;40;mq;mq;303.150000;mq;mq;mq;mq;mq;11.300000;-10;mq;mq;mq;mq;0.000000;mq;mq;0.000000;mq;710.000000;1111.000000;mq;mq;mq;mq;mq;mq;mq;mq;mq;mq;mq;mq;mq;mq;
61970;20110929180000;101610;mq;mq;mq;mq;298.350000;295.050000;82;mq;mq;mq;mq;mq;mq;mq;mq;mq;mq;mq;mq;mq;mq;mq;mq;302.950000;mq;mq;mq;mq;mq;mq;mq;mq;mq;mq;mq;0.000000;mq;mq;0.000000;mq;mq;mq;mq;mq;mq;mq;mq;mq;mq;mq;mq;mq;mq;mq;mq;mq;
61972;20110929180000;101680;mq;mq;180;1.500000;294.750000;293.050000;90;mq;mq;mq;mq;mq;mq;mq;mq;mq;mq;mq;mq;mq;mq;mq;mq;301.550000;mq;mq;mq;mq;mq;3.600000;-10;mq;mq;mq;mq;0.000000;mq;mq;0.200000;mq;710.000000;1104.000000;mq;mq;mq;mq;mq;mq;mq;mq;mq;mq;mq;mq;mq;mq;
61976;20110929180000;101890;mq;mq;140;7.200000;296.850000;292.750000;78;mq;mq;mq;mq;mq;mq;mq;mq;mq;mq;101740;mq;mq;mq;mq;mq;mq;mq;mq;mq;mq;mq;mq;mq;mq;mq;mq;mq;mq;mq;mq;mq;mq;mq;mq;mq;mq;mq;mq;mq;mq;mq;mq;mq;mq;mq;mq;mq;mq;
61980;20110929180000;102100;mq;mq;130;5.700000;294.050000;289.650000;76;12000;3;mq;mq;40;3;800;38;20;10;mq;mq;mq;mq;mq;mq;298.850000;mq;mq;mq;mq;mq;9.300000;-10;mq;mq;mq;mq;0.000000;mq;mq;0.000000;mq;710.000000;1109.000000;mq;mq;2;8;750;3;6;1800;mq;mq;mq;mq;mq;mq;
61996;20110929180000;101040;mq;mq;270;10.300000;284.950000;230.150000;mq;mq;mq;mq;mq;mq;mq;mq;mq;mq;mq;mq;mq;mq;mq;mq;mq;288.350000;mq;mq;mq;mq;mq;17.500000;-10;mq;mq;mq;mq;0.000000;mq;mq;7.000000;mq;710.000000;1117.000000;mq;mq;mq;mq;mq;mq;mq;mq;mq;mq;mq;mq;mq;mq;
67005;20110929180000;101570;mq;mq;30;2.100000;298.750000;294.450000;77;mq;0;mq;mq;mq;mq;mq;mq;mq;mq;mq;mq;mq;mq;mq;mq;302.850000;mq;mq;mq;mq;mq;4.100000;-10;mq;mq;mq;mq;0.000000;mq;mq;0.000000;mq;710.000000;1104.000000;mq;mq;mq;mq;mq;mq;mq;mq;mq;mq;mq;mq;mq;mq;
71805;20110929180000;101610;-50;5;260;7.700000;289.150000;285.550000;79;20000;2;1;1;10;1;800;35;23;10;101530;mq;mq;mq;mq;284.550000;289.850000;mq;mq;mq;mq;mq;12.300000;-10;mq;mq;mq;mq;0.000000;0.000000;mq;0.000000;mq;710.000000;1112.000000;mq;mq;1;6;690;mq;mq;mq;mq;mq;mq;mq;mq;mq;
78897;20110929180000;100960;-180;6;180;7.700000;303.450000;296.150000;65;30000;17;9;1;75;4;450;39;20;13;mq;mq;mq;110;mq;297.150000;304.750000;mq;mq;mq;mq;mq;mq;mq;mq;mq;mq;mq;mq;mq;0.000000;mq;0.000000;mq;mq;mq;mq;2;9;480;3;8;780;mq;mq;mq;mq;mq;mq;
78922;20110929180000;100970;-220;6;190;10.300000;304.150000;297.350000;67;mq;mq;mq;mq;mq;mq;mq;mq;mq;mq;100530;mq;mq;mq;mq;mq;mq;mq;mq;mq;mq;mq;mq;mq;mq;mq;mq;mq;mq;mq;mq;mq;mq;mq;mq;mq;mq;mq;mq;mq;mq;mq;mq;mq;mq;mq;mq;mq;mq;
78925;20110929180000;101070;-180;6;180;3.600000;306.050000;298.350000;64;30000;2;1;1;40;3;800;32;20;10;mq;mq;mq;80;mq;298.050000;306.450000;mq;mq;mq;mq;mq;mq;mq;mq;mq;mq;mq;mq;mq;0.000000;mq;mq;mq;mq;mq;mq;3;8;900;mq;mq;mq;mq;mq;mq;mq;mq;mq;
81401;20110929180000;100970;mq;mq;140;4.100000;308.250000;292.250000;39;mq;mq;mq;mq;mq;mq;mq;mq;mq;mq;100910;mq;mq;mq;mq;mq;mq;mq;mq;mq;mq;mq;mq;mq;mq;mq;mq;mq;mq;0.000000;0.000000;mq;mq;mq;mq;mq;mq;mq;mq;mq;mq;mq;mq;mq;mq;mq;mq;mq;mq;
81405;20110929180000;101090;mq;mq;70;5.700000;305.150000;295.850000;58;15000;2;1;1;40;3;1250;32;20;10;101000;mq;mq;mq;mq;mq;mq;mq;mq;mq;mq;mq;mq;mq;mq;mq;mq;mq;mq;0.000000;0.000000;mq;mq;mq;mq;mq;mq;mq;mq;mq;mq;mq;mq;mq;mq;mq;mq;mq;mq;
81408;20110929180000;101090;mq;mq;90;3.600000;307.050000;292.350000;42;mq;mq;mq;mq;mq;mq;mq;mq;mq;mq;101010;mq;mq;mq;mq;mq;mq;mq;mq;mq;mq;mq;mq;mq;mq;mq;mq;mq;mq;0.000000;0.000000;mq;mq;mq;mq;mq;mq;mq;mq;mq;mq;mq;mq;mq;mq;mq;mq;mq;mq;
89642;20110929180000;97590;-150;5;140;22.100000;259.650000;257.950000;86;mq;mq;mq;mq;mq;mq;mq;mq;mq;mq;97040;mq;mq;mq;mq;mq;mq;mq;mq;mq;mq;32.400000;35.000000;-60;mq;mq;mq;mq;mq;mq;mq;mq;mq;1032.000000;1135.000000;mq;mq;mq;mq;mq;mq;mq;mq;mq;mq;mq;mq;mq;mq;
07005;20110929210000;102440;60;1;110;3.100000;291.950000;286.750000;72;mq;mq;mq;mq;mq;mq;mq;mq;mq;mq;101560;mq;mq;mq;mq;mq;mq;mq;mq;mq;mq;mq;4.100000;-10;mq;mq;mq;mq;0.000000;0.000000;mq;mq;mq;710.000000;1104.000000;mq;mq;mq;mq;mq;mq;mq;mq;mq;mq;mq;mq;mq;mq;
07015;20110929210000;102490;60;1;100;0.500000;289.950000;286.250000;79;20000;2;1;1;0;mq;mq;mq;mq;mq;101930;mq;mq;mq;mq;mq;mq;mq;mq;mq;mq;mq;1.500000;-10;mq;mq;0.000000;-30;0.000000;0.000000;mq;mq;mq;710.000000;1102.000000;3100.000000;mq;mq;mq;mq;mq;mq;mq;mq;mq;mq;mq;mq;mq;
07020;20110929210000;102270;40;2;120;3.600000;291.250000;287.950000;81;16000;2;1;1;0;mq;mq;mq;mq;mq;102010;mq;mq;mq;mq;mq;mq;mq;mq;mq;mq;mq;5.700000;-10;mq;mq;mq;mq;0.000000;0.000000;mq;mq;mq;710.000000;1106.000000;mq;mq;mq;mq;mq;mq;mq;mq;mq;mq;mq;mq;mq;mq;
07027;20110929210000;102320;80;2;110;2.100000;290.750000;286.050000;74;35000;0;mq;mq;mq;mq;mq;mq;mq;mq;101520;mq;mq;mq;mq;mq;mq;mq;mq;mq;mq;mq;3.600000;-10;mq;mq;mq;mq;0.000000;0.000000;mq;mq;mq;710.000000;1104.000000;mq;mq;mq;mq;mq;mq;mq;mq;mq;mq;mq;mq;mq;mq;
07037;20110929210000;102400;50;1;110;2.600000;291.150000;287.250000;78;26000;0;mq;mq;mq;mq;mq;mq;mq;mq;100600;mq;mq;mq;mq;mq;mq;mq;mq;mq;mq;mq;5.100000;-10;mq;mq;mq;mq;0.000000;0.000000;mq;mq;mq;710.000000;1105.000000;mq;mq;mq;mq;mq;mq;mq;mq;mq;mq;mq;mq;mq;mq;
07110;20110929210000;102090;30;0;170;4.600000;288.550000;287.550000;94;4000;10;0;0;25;0;8000;30;20;11;100960;mq;mq;mq;mq;mq;mq;mq;mq;mq;mq;mq;6.200000;-10;mq;mq;mq;mq;0.000000;0.000000;mq;mq;mq;710.000000;1106.000000;mq;mq;2;0;6900;mq;mq;mq;mq;mq;mq;mq;mq;mq;
07117;20110929210000;102110;60;1;180;3.600000;293.550000;288.150000;71;15000;2;1;1;0;mq;mq;mq;mq;mq;101430;mq;mq;mq;mq;mq;mq;mq;mq;mq;mq;mq;6.700000;-10;mq;mq;mq;mq;0.000000;0.000000;mq;mq;mq;710.000000;1107.000000;2427.000000;mq;mq;mq;mq;mq;mq;mq;mq;mq;mq;mq;mq;mq;
07130;20110929210000;102210;80;2;180;0.500000;290.750000;288.050000;84;17000;0;mq;mq;mq;mq;mq;mq;mq;mq;101700;mq;mq;mq;mq;mq;mq;mq;mq;mq;mq;mq;2.600000;-10;mq;mq;mq;mq;0.000000;0.000000;mq;mq;mq;710.000000;1103.000000;mq;mq;mq;mq;mq;mq;mq;mq;mq;mq;mq;mq;mq;mq;
07139;20110929210000;102370;90;2;350;0.500000;288.550000;286.250000;86;mq;mq;mq;mq;mq;mq;mq;mq;mq;mq;100650;mq;mq;mq;mq;mq;mq;mq;mq;mq;mq;mq;1.500000;-10;mq;mq;mq;mq;0.000000;0.000000;mq;mq;mq;710.000000;1102.000000;mq;mq;mq;mq;mq;mq;mq;mq;mq;mq;mq;mq;mq;mq;
07149;20110929210000;102420;40;0;50;0.500000;291.650000;286.250000;71;20000;2;1;1;0;mq;mq;mq;mq;mq;101350;mq;mq;mq;mq;mq;mq;mq;mq;mq;mq;mq;2.100000;-10;mq;mq;0.000000;-30;0.000000;0.000000;mq;mq;mq;710.000000;1102.000000;3100.000000;mq;mq;mq;mq;mq;mq;mq;mq;mq;mq;mq;mq;mq;
07168;20110929210000;102490;50;3;0;0.000000;286.650000;284.550000;87;13000;0;mq;mq;mq;mq;mq;mq;mq;mq;101070;mq;mq;mq;mq;mq;mq;mq;mq;mq;mq;mq;1.000000;-10;mq;mq;mq;mq;0.000000;0.000000;mq;mq;mq;710.000000;1101.000000;mq;mq;mq;mq;mq;mq;mq;mq;mq;mq;mq;mq;mq;mq;
07181;20110929210000;102540;20;1;80;2.600000;289.950000;286.250000;79;16000;0;mq;mq;mq;mq;mq;mq;mq;mq;98520;mq;mq;mq;mq;mq;mq;mq;mq;mq;mq;mq;3.600000;-10;mq;mq;mq;mq;0.000000;0.000000;mq;mq;mq;710.000000;1104.000000;mq;mq;mq;mq;mq;mq;mq;mq;mq;mq;mq;mq;mq;mq;
07190;20110929210000;102640;90;2;350;1.000000;287.550000;284.850000;84;16000;0;mq;mq;mq;mq;mq;mq;mq;mq;100830;mq;mq;mq;mq;mq;mq;mq;mq;mq;mq;mq;3.100000;-10;mq;mq;mq;mq;0.000000;0.000000;mq;mq;mq;710.000000;1103.000000;mq;mq;mq;mq;mq;mq;mq;mq;mq;mq;mq;mq;mq;mq;
07207;20110929210000;mq;mq;mq;150;2.600000;290.650000;289.150000;91;5000;2;1;1;100;8;800;35;20;10;mq;mq;mq;mq;mq;mq;mq;mq;mq;mq;mq;mq;6.200000;-10;mq;mq;mq;mq;0.000000;0.000000;mq;mq;mq;710.000000;1106.000000;2436.000000;mq;mq;mq;mq;mq;mq;mq;mq;mq;mq;mq;mq;mq;
07222;20110929210000;102210;80;1;70;1.000000;290.450000;289.650000;95;6000;2;1;1;0;mq;mq;mq;mq;mq;101900;mq;mq;mq;mq;mq;mq;mq;mq;mq;mq;mq;1.500000;-10;mq;mq;mq;mq;0.000000;0.000000;mq;mq;mq;710.000000;1102.000000;mq;mq;mq;mq;mq;mq;mq;mq;mq;mq;mq;mq;mq;mq;
07240;20110929210000;102320;90;1;90;1.500000;291.850000;285.350000;66;30000;2;1;1;0;mq;mq;mq;mq;mq;101000;mq;mq;mq;mq;mq;mq;mq;mq;mq;mq;mq;3.100000;-10;mq;mq;0.000000;-30;0.000000;0.000000;mq;mq;mq;710.000000;1103.000000;3100.000000;mq;mq;mq;mq;mq;mq;mq;mq;mq;mq;mq;mq;mq;
07255;20110929210000;102380;70;1;90;2.100000;292.150000;286.550000;70;20000;0;mq;mq;mq;mq;mq;mq;mq;mq;100430;mq;mq;mq;mq;mq;mq;mq;mq;mq;mq;mq;2.600000;-10;mq;mq;mq;mq;0.000000;0.000000;mq;mq;mq;710.000000;1103.000000;mq;mq;mq;mq;mq;mq;mq;mq;mq;mq;mq;mq;mq;mq;
07280;20110929210000;102480;60;1;320;1.500000;290.550000;287.450000;82;21000;0;mq;mq;mq;mq;mq;mq;mq;mq;99810;mq;mq;mq;mq;mq;mq;mq;mq;mq;mq;mq;2.100000;-10;mq;mq;mq;mq;0.000000;0.000000;mq;mq;mq;710.000000;1102.000000;mq;mq;mq;mq;mq;mq;mq;mq;mq;mq;mq;mq;mq;mq;
07299;20110929210000;102640;50;2;130;3.600000;289.250000;286.150000;82;8000;2;1;1;0;mq;mq;mq;mq;mq;99410;mq;mq;mq;mq;mq;mq;mq;mq;mq;mq;mq;6.200000;-10;mq;mq;0.000000;-30;0.000000;0.000000;mq;mq;mq;710.000000;1106.000000;3100.000000;mq;mq;mq;mq;mq;mq;mq;mq;mq;mq;mq;mq;mq;
07314;20110929210000;102240;90;1;70;2.100000;293.050000;292.050000;94;8000;2;1;1;25;2;3500;30;22;10;101970;mq;mq;mq;mq;mq;mq;mq;mq;mq;mq;mq;3.600000;-10;mq;mq;mq;mq;0.000000;0.000000;mq;mq;mq;710.000000;1104.000000;mq;mq;2;4;2400;mq;mq;mq;mq;mq;mq;mq;mq;mq;
07335;20110929210000;102310;90;1;0;0.000000;290.750000;283.350000;62;35000;0;mq;mq;mq;mq;mq;mq;mq;mq;100890;mq;mq;mq;mq;mq;mq;mq;mq;mq;mq;mq;4.600000;-10;mq;mq;mq;mq;0.000000;0.000000;mq;mq;mq;710.000000;1105.000000;mq;mq;mq;mq;mq;mq;mq;mq;mq;mq;mq;mq;mq;mq;
07434;20110929210000;102310;80;2;40;2.100000;293.650000;283.450000;52;50000;0;mq;mq;mq;mq;mq;mq;mq;mq;97670;mq;mq;mq;mq;mq;mq;mq;mq;mq;mq;mq;2.600000;-10;mq;mq;mq;mq;0.000000;0.000000;mq;mq;mq;710.000000;1103.000000;mq;mq;mq;mq;mq;mq;mq;mq;mq;mq;mq;mq;mq;mq;
07460;20110929210000;102460;130;3;130;1.000000;289.550000;284.250000;71;35000;0;mq;mq;mq;mq;mq;mq;mq;mq;98630;mq;mq;mq;mq;mq;mq;mq;mq;mq;mq;mq;1.500000;-10;mq;mq;mq;mq;0.000000;0.000000;mq;mq;mq;710.000000;1102.000000;mq;mq;mq;mq;mq;mq;mq;mq;mq;mq;mq;mq;mq;mq;
07471;20110929210000;mq;100;1;240;1.500000;284.750000;280.650000;76;20000;0;mq;mq;mq;mq;mq;mq;mq;mq;93050;85000;18470;mq;mq;mq;mq;mq;mq;mq;mq;mq;2.600000;-10;mq;mq;mq;mq;0.000000;0.000000;mq;mq;mq;710.000000;1103.000000;mq;mq;mq;mq;mq;mq;mq;mq;mq;mq;mq;mq;mq;mq;
07481;20110929210000;102420;80;1;140;2.600000;292.750000;287.750000;73;20000;2;1;1;0;mq;mq;mq;mq;mq;99620;mq;mq;mq;mq;mq;mq;mq;mq;mq;mq;mq;3.600000;-10;mq;mq;0.000000;-30;0.000000;0.000000;mq;mq;mq;710.000000;1104.000000;3100.000000;mq;mq;mq;mq;mq;mq;mq;mq;mq;mq;mq;mq;mq;
07510;20110929210000;102200;100;2;90;1.500000;292.050000;287.550000;75;35000;2;1;1;0;mq;mq;mq;mq;mq;101560;mq;mq;mq;mq;mq;mq;mq;mq;mq;mq;mq;2.600000;-10;mq;mq;0.000000;-30;0.000000;0.000000;mq;mq;mq;710.000000;1103.000000;3100.000000;mq;mq;mq;mq;mq;mq;mq;mq;mq;mq;mq;mq;mq;
07535;20110929210000;102300;130;1;170;4.100000;295.050000;282.550000;45;mq;mq;mq;mq;mq;mq;mq;mq;mq;mq;99280;mq;mq;mq;mq;mq;mq;mq;mq;mq;mq;mq;6.700000;-10;mq;mq;mq;mq;0.000000;0.000000;mq;mq;mq;710.000000;1107.000000;mq;mq;mq;mq;mq;mq;mq;mq;mq;mq;mq;mq;mq;mq;
07558;20110929210000;102530;80;1;80;2.100000;289.750000;280.950000;56;mq;mq;mq;mq;mq;mq;mq;mq;mq;mq;94330;mq;mq;mq;mq;mq;mq;mq;mq;mq;mq;mq;4.600000;-10;mq;mq;mq;mq;0.000000;0.000000;mq;mq;mq;710.000000;1105.000000;mq;mq;mq;mq;mq;mq;mq;mq;mq;mq;mq;mq;mq;mq;
07577;20110929210000;102500;180;1;0;0.000000;289.950000;285.650000;76;18000;0;mq;mq;mq;mq;mq;mq;mq;mq;101620;mq;mq;mq;mq;mq;mq;mq;mq;mq;mq;mq;1.500000;-10;mq;mq;mq;mq;0.000000;0.000000;mq;mq;mq;710.000000;1102.000000;mq;mq;mq;mq;mq;mq;mq;mq;mq;mq;mq;mq;mq;mq;
07591;20110929210000;mq;140;1;40;3.100000;287.850000;278.850000;55;mq;0;mq;mq;mq;mq;mq;mq;mq;mq;92670;mq;mq;mq;mq;mq;mq;mq;mq;mq;mq;mq;4.600000;-10;mq;mq;mq;mq;0.000000;0.000000;mq;mq;mq;710.000000;1105.000000;mq;mq;mq;mq;mq;mq;mq;mq;mq;mq;mq;mq;mq;mq;
07607;20110929210000;102190;130;3;100;2.100000;291.350000;288.450000;83;28000;0;mq;mq;100;mq;mq;mq;mq;mq;101490;mq;mq;mq;mq;mq;mq;mq;mq;mq;mq;mq;2.600000;-10;mq;mq;mq;mq;0.000000;0.000000;mq;mq;mq;710.000000;1103.000000;mq;mq;mq;mq;mq;mq;mq;mq;mq;mq;mq;mq;mq;mq;
07621;20110929210000;102250;100;2;170;1.000000;289.450000;287.150000;86;30000;2;1;1;0;mq;mq;mq;mq;mq;98000;mq;mq;mq;mq;mq;mq;mq;mq;mq;mq;mq;2.100000;-10;mq;mq;0.000000;-30;0.000000;0.000000;mq;mq;mq;710.000000;1102.000000;3100.000000;mq;mq;mq;mq;mq;mq;mq;mq;mq;mq;mq;mq;mq;
07627;20110929210000;102300;90;2;220;1.000000;288.450000;285.050000;80;mq;mq;mq;mq;mq;mq;mq;mq;mq;mq;97490;mq;mq;mq;mq;mq;mq;mq;mq;mq;mq;mq;4.600000;-10;mq;mq;mq;mq;0.000000;0.000000;mq;mq;mq;710.000000;1105.000000;mq;mq;mq;mq;mq;mq;mq;mq;mq;mq;mq;mq;mq;mq;
07630;20110929210000;102290;110;1;120;3.600000;294.750000;282.350000;45;25000;2;1;1;0;mq;mq;mq;mq;mq;100540;mq;mq;mq;mq;mq;mq;mq;mq;mq;mq;mq;6.700000;-10;mq;mq;0.000000;-30;0.000000;0.000000;mq;mq;mq;710.000000;1107.000000;3100.000000;mq;mq;mq;mq;mq;mq;mq;mq;mq;mq;mq;mq;mq;
07643;20110929210000;102500;90;2;340;1.000000;290.950000;284.250000;65;15000;2;1;1;0;mq;mq;mq;mq;mq;102400;mq;mq;mq;mq;mq;mq;mq;mq;mq;mq;mq;1.500000;-10;mq;mq;mq;mq;0.000000;0.000000;mq;mq;mq;710.000000;1102.000000;mq;mq;mq;mq;mq;mq;mq;mq;mq;mq;mq;mq;mq;mq;
07650;20110929210000;102490;80;0;10;2.100000;292.550000;286.250000;67;15000;2;1;1;0;mq;mq;mq;mq;mq;102110;mq;mq;mq;mq;mq;mq;mq;mq;mq;mq;mq;5.700000;-10;mq;mq;0.000000;-30;0.000000;0.000000;mq;mq;mq;710.000000;1106.000000;3100.000000;mq;mq;mq;mq;mq;mq;mq;mq;mq;mq;mq;mq;mq;
07661;20110929210000;102450;70;1;120;4.100000;293.450000;285.450000;60;mq;mq;mq;mq;mq;mq;mq;mq;mq;mq;100880;mq;mq;mq;mq;mq;mq;mq;mq;mq;mq;mq;6.700000;-10;mq;mq;mq;mq;0.000000;0.000000;mq;mq;mq;710.000000;1107.000000;mq;mq;mq;mq;mq;mq;mq;mq;mq;mq;mq;mq;mq;mq;
07690;20110929210000;102490;70;1;330;4.100000;294.450000;285.350000;56;30000;2;1;1;0;mq;mq;mq;mq;mq;102160;mq;mq;mq;mq;mq;mq;mq;mq;mq;mq;mq;5.700000;-10;mq;mq;0.000000;-30;0.000000;0.000000;mq;mq;mq;710.000000;1106.000000;3100.000000;mq;mq;mq;mq;mq;mq;mq;mq;mq;mq;mq;mq;mq;
07747;20110929210000;102480;110;1;320;1.000000;290.250000;288.550000;90;6000;0;mq;mq;mq;mq;mq;mq;mq;mq;101950;mq;mq;mq;mq;mq;mq;mq;mq;mq;mq;mq;2.100000;-10;mq;mq;mq;mq;0.000000;0.000000;mq;mq;mq;710.000000;1102.000000;mq;mq;mq;mq;mq;mq;mq;mq;mq;mq;mq;mq;mq;mq;
07761;20110929210000;102370;100;1;50;2.600000;291.150000;286.250000;73;10000;2;1;1;0;mq;mq;mq;mq;mq;102260;mq;mq;mq;mq;mq;mq;mq;mq;mq;mq;mq;3.600000;-10;mq;mq;0.000000;-30;0.000000;0.000000;mq;mq;mq;710.000000;1104.000000;3100.000000;mq;mq;mq;mq;mq;mq;mq;mq;mq;mq;mq;mq;mq;
07790;20110929210000;102400;90;2;220;2.600000;290.150000;283.750000;66;18000;2;1;1;0;mq;mq;mq;mq;mq;102260;mq;mq;mq;mq;mq;mq;mq;mq;mq;mq;mq;3.600000;-10;mq;mq;0.000000;-30;0.000000;0.000000;mq;mq;mq;710.000000;1104.000000;3100.000000;mq;mq;mq;mq;mq;mq;mq;mq;mq;mq;mq;mq;mq;
61968;20110929210000;101510;mq;mq;80;6.700000;297.650000;292.450000;73;mq;mq;mq;mq;mq;mq;mq;mq;mq;mq;mq;mq;mq;20;mq;mq;mq;mq;mq;mq;mq;mq;13.400000;-10;mq;mq;mq;mq;0.000000;0.000000;mq;mq;mq;710.000000;1113.000000;mq;mq;mq;mq;mq;mq;mq;mq;mq;mq;mq;mq;mq;mq;
61970;20110929210000;101560;mq;mq;mq;mq;296.550000;294.850000;90;mq;mq;mq;mq;mq;mq;mq;mq;mq;mq;mq;mq;mq;mq;mq;mq;mq;mq;mq;mq;mq;mq;mq;mq;mq;mq;mq;mq;0.000000;0.000000;mq;mq;mq;mq;mq;mq;mq;mq;mq;mq;mq;mq;mq;mq;mq;mq;mq;mq;mq;
61972;20110929210000;101600;mq;mq;160;2.600000;293.950000;293.250000;96;mq;mq;mq;mq;mq;mq;mq;mq;mq;mq;mq;mq;mq;mq;mq;mq;mq;mq;mq;mq;mq;mq;4.100000;-10;mq;mq;mq;mq;0.000000;0.000000;mq;mq;mq;710.000000;1104.000000;mq;mq;mq;mq;mq;mq;mq;mq;mq;mq;mq;mq;mq;mq;
61980;20110929210000;102030;mq;mq;140;5.700000;293.850000;285.550000;59;60000;0;mq;mq;mq;mq;2250;mq;mq;mq;mq;mq;mq;20;mq;mq;mq;mq;mq;mq;mq;mq;7.700000;-10;mq;mq;mq;mq;0.000000;0.000000;mq;mq;mq;710.000000;1108.000000;mq;mq;mq;mq;mq;mq;mq;mq;mq;mq;mq;mq;mq;mq;
61996;20110929210000;101170;mq;mq;260;10.800000;284.050000;229.550000;mq;mq;mq;mq;mq;mq;mq;mq;mq;mq;mq;mq;mq;mq;mq;mq;mq;mq;mq;mq;mq;mq;mq;19.500000;-10;mq;mq;mq;mq;0.000000;0.200000;mq;mq;mq;710.000000;1120.000000;mq;mq;mq;mq;mq;mq;mq;mq;mq;mq;mq;mq;mq;mq;
67005;20110929210000;101530;mq;mq;10;3.100000;298.450000;294.550000;79;mq;0;mq;mq;mq;mq;mq;mq;mq;mq;mq;mq;mq;40;mq;mq;mq;mq;mq;mq;mq;mq;4.600000;-10;mq;mq;mq;mq;0.000000;0.000000;mq;mq;mq;710.000000;1105.000000;mq;mq;mq;mq;mq;mq;mq;mq;mq;mq;mq;mq;mq;mq;
71805;20110929210000;101630;20;3;250;7.700000;286.350000;284.750000;90;20000;2;1;1;10;0;8000;30;20;11;101550;mq;mq;mq;mq;mq;mq;mq;mq;mq;mq;mq;11.300000;-10;mq;mq;mq;mq;0.000000;0.000000;mq;mq;mq;710.000000;1111.000000;mq;mq;1;0;7500;mq;mq;mq;mq;mq;mq;mq;mq;mq;
78897;20110929210000;100980;20;3;300;3.100000;299.550000;297.050000;86;8000;17;9;9;90;6;450;39;20;13;mq;mq;mq;110;mq;mq;mq;mq;mq;mq;mq;mq;mq;mq;mq;mq;mq;mq;mq;mq;mq;mq;mq;mq;mq;mq;mq;3;9;450;3;8;1080;6;0;7800;mq;mq;mq;
78922;20110929210000;100940;-30;6;190;8.700000;302.450000;296.850000;72;mq;mq;mq;mq;mq;mq;mq;mq;mq;mq;100500;mq;mq;mq;mq;mq;mq;mq;mq;mq;mq;mq;mq;mq;mq;mq;mq;mq;mq;mq;mq;mq;mq;mq;mq;mq;mq;mq;mq;mq;mq;mq;mq;mq;mq;mq;mq;mq;mq;
78925;20110929210000;100940;-130;8;160;2.100000;303.250000;298.150000;74;30000;2;1;1;40;3;800;32;20;10;mq;mq;mq;mq;mq;mq;mq;mq;mq;mq;mq;mq;mq;mq;mq;mq;mq;mq;mq;mq;mq;mq;mq;mq;mq;mq;mq;3;8;780;mq;mq;mq;mq;mq;mq;mq;mq;mq;
81401;20110929210000;100940;mq;mq;60;2.100000;302.750000;296.250000;68;mq;mq;mq;mq;mq;mq;mq;mq;mq;mq;100880;mq;mq;mq;mq;mq;mq;mq;mq;mq;mq;mq;mq;mq;mq;mq;mq;mq;mq;0.000000;mq;mq;mq;mq;mq;mq;mq;mq;mq;mq;mq;mq;mq;mq;mq;mq;mq;mq;mq;
81405;20110929210000;101090;mq;mq;80;3.600000;302.150000;296.550000;72;15000;2;1;1;0;0;mq;30;20;10;101000;mq;mq;mq;mq;mq;mq;mq;mq;mq;mq;mq;mq;mq;mq;mq;mq;mq;mq;0.000000;mq;mq;mq;mq;mq;mq;mq;mq;mq;mq;mq;mq;mq;mq;mq;mq;mq;mq;mq;
81408;20110929210000;101060;mq;mq;90;3.600000;303.050000;294.750000;61;mq;mq;mq;mq;mq;mq;mq;mq;mq;mq;100980;mq;mq;mq;mq;mq;mq;mq;mq;mq;mq;mq;mq;mq;mq;mq;mq;mq;mq;0.000000;mq;mq;mq;mq;mq;mq;mq;mq;mq;mq;mq;mq;mq;mq;mq;mq;mq;mq;mq;
89642;20110929210000;97730;140;1;140;19.500000;259.050000;257.350000;85;mq;mq;mq;mq;mq;mq;mq;mq;mq;mq;97180;mq;mq;mq;mq;mq;mq;mq;mq;mq;mq;29.300000;32.900000;-30;mq;mq;mq;mq;mq;mq;mq;mq;mq;1029.000000;1133.000000;mq;mq;mq;mq;mq;mq;mq;mq;mq;mq;mq;mq;mq;mq;
07005;20110930000000;102410;-30;8;120;3.100000;290.050000;286.150000;78;mq;mq;mq;mq;mq;mq;mq;mq;mq;mq;101530;mq;mq;mq;mq;mq;mq;mq;mq;mq;mq;mq;3.600000;-10;mq;mq;mq;mq;0.000000;0.000000;0.000000;mq;mq;710.000000;1104.000000;mq;mq;mq;mq;mq;mq;mq;mq;mq;mq;mq;mq;mq;mq;
07015;20110930000000;102490;10;4;100;1.500000;288.250000;286.450000;89;10000;2;1;1;0;mq;mq;mq;mq;mq;101920;mq;mq;mq;mq;mq;mq;mq;mq;mq;mq;mq;1.500000;-10;mq;mq;0.000000;-60;0.000000;0.000000;0.000000;mq;mq;710.000000;1102.000000;3100.000000;mq;mq;mq;mq;mq;mq;mq;mq;mq;mq;mq;mq;mq;
07020;20110930000000;102190;-80;8;140;5.100000;294.150000;287.750000;67;mq;mq;mq;mq;mq;mq;mq;mq;mq;mq;101930;mq;mq;mq;mq;mq;mq;mq;mq;mq;mq;mq;7.200000;-10;mq;mq;mq;mq;0.000000;0.000000;0.000000;mq;mq;710.000000;1107.000000;mq;mq;mq;mq;mq;mq;mq;mq;mq;mq;mq;mq;mq;mq;
07027;20110930000000;102280;-40;7;140;3.600000;288.450000;286.650000;89;18000;0;mq;mq;mq;mq;mq;mq;mq;mq;101480;mq;mq;mq;mq;mq;mq;mq;mq;mq;mq;mq;4.100000;-10;mq;mq;mq;mq;0.000000;0.000000;0.000000;mq;mq;710.000000;1104.000000;mq;mq;mq;mq;mq;mq;mq;mq;mq;mq;mq;mq;mq;mq;
07037;20110930000000;102410;0;0;110;1.500000;288.150000;286.350000;89;19000;0;mq;mq;mq;mq;mq;mq;mq;mq;100600;mq;mq;mq;mq;mq;mq;mq;mq;mq;mq;mq;3.100000;-10;mq;mq;mq;mq;0.000000;0.000000;0.000000;mq;mq;710.000000;1103.000000;mq;mq;mq;mq;mq;mq;mq;mq;mq;mq;mq;mq;mq;mq;
07110;20110930000000;102030;-60;7;170;6.200000;288.450000;287.850000;96;4500;10;mq;mq;90;7;150;36;61;60;100900;mq;mq;mq;mq;mq;mq;mq;mq;mq;mq;mq;10.300000;-10;mq;mq;mq;mq;0.000000;0.000000;0.000000;mq;mq;710.000000;1110.000000;mq;mq;7;7;150;mq;mq;mq;mq;mq;mq;mq;mq;mq;
07117;20110930000000;102000;-110;8;160;4.100000;291.950000;288.450000;80;15000;2;1;1;0;mq;mq;mq;mq;mq;101320;mq;mq;mq;mq;mq;mq;mq;mq;mq;mq;mq;6.700000;-10;mq;mq;mq;mq;0.000000;0.000000;0.000000;mq;mq;710.000000;1107.000000;2427.000000;mq;mq;mq;mq;mq;mq;mq;mq;mq;mq;mq;mq;mq;
07130;20110930000000;102190;-30;8;100;1.000000;288.450000;287.150000;92;10000;0;mq;mq;mq;mq;mq;mq;mq;mq;101670;mq;mq;mq;mq;mq;mq;mq;mq;mq;mq;mq;2.600000;-10;mq;mq;mq;mq;0.000000;0.000000;0.000000;mq;mq;710.000000;1103.000000;mq;mq;mq;mq;mq;mq;mq;mq;mq;mq;mq;mq;mq;mq;
07139;20110930000000;102370;-20;8;0;0.000000;285.650000;284.550000;93;mq;mq;mq;mq;mq;mq;mq;mq;mq;mq;100630;mq;mq;mq;mq;mq;mq;mq;mq;mq;mq;mq;1.000000;-10;mq;mq;mq;mq;0.000000;0.000000;0.000000;mq;mq;710.000000;1101.000000;mq;mq;mq;mq;mq;mq;mq;mq;mq;mq;mq;mq;mq;mq;
07149;20110930000000;102450;10;1;260;1.000000;286.650000;285.250000;91;20000;2;1;1;0;mq;mq;mq;mq;mq;101360;mq;mq;mq;mq;mq;mq;mq;mq;mq;mq;mq;1.000000;-10;mq;mq;0.000000;-60;0.000000;0.000000;0.000000;mq;mq;710.000000;1101.000000;3100.000000;mq;mq;mq;mq;mq;mq;mq;mq;mq;mq;mq;mq;mq;
07168;20110930000000;102490;-10;6;160;2.100000;285.250000;284.150000;93;7000;0;mq;mq;mq;mq;mq;mq;mq;mq;101060;mq;mq;mq;mq;mq;mq;mq;mq;mq;mq;mq;2.600000;-10;mq;mq;mq;mq;0.000000;0.000000;0.000000;mq;mq;710.000000;1103.000000;mq;mq;mq;mq;mq;mq;mq;mq;mq;mq;mq;mq;mq;mq;
07181;20110930000000;102580;0;4;100;1.500000;287.050000;285.050000;88;14000;0;mq;mq;mq;mq;mq;mq;mq;mq;98520;mq;mq;mq;mq;mq;mq;mq;mq;mq;mq;mq;2.100000;-10;mq;mq;mq;mq;0.000000;0.000000;0.000000;mq;mq;710.000000;1102.000000;mq;mq;mq;mq;mq;mq;mq;mq;mq;mq;mq;mq;mq;mq;
07190;20110930000000;102650;-10;5;50;2.600000;284.550000;283.150000;91;10000;0;mq;mq;mq;mq;mq;mq;mq;mq;100820;mq;mq;mq;mq;mq;mq;mq;mq;mq;mq;mq;3.600000;-10;mq;mq;mq;mq;0.000000;0.000000;0.000000;mq;mq;710.000000;1104.000000;mq;mq;mq;mq;mq;mq;mq;mq;mq;mq;mq;mq;mq;mq;
07207;20110930000000;mq;mq;mq;100;3.600000;289.750000;288.950000;95;3000;10;2;2;100;8;800;36;20;10;mq;mq;mq;mq;mq;mq;mq;mq;mq;mq;mq;mq;6.200000;-10;mq;mq;mq;mq;0.000000;0.000000;0.000000;mq;mq;710.000000;1106.000000;2435.000000;mq;mq;mq;mq;mq;mq;mq;mq;mq;mq;mq;mq;mq;
07222;20110930000000;102160;-50;8;70;1.000000;288.750000;288.450000;98;100;45;mq;mq;101;mq;mq;62;61;60;101850;mq;mq;mq;mq;mq;mq;mq;mq;mq;mq;mq;1.000000;-10;mq;mq;mq;mq;0.000000;0.000000;0.000000;mq;mq;710.000000;1101.000000;mq;mq;mq;mq;mq;mq;mq;mq;mq;mq;mq;mq;mq;mq;
07240;20110930000000;102300;-40;8;70;2.600000;288.650000;285.250000;80;30000;2;1;1;0;mq;mq;mq;mq;mq;100960;mq;mq;mq;mq;mq;mq;mq;mq;mq;mq;mq;3.100000;-10;mq;mq;0.000000;-60;0.000000;0.000000;0.000000;mq;mq;710.000000;1103.000000;3100.000000;mq;mq;mq;mq;mq;mq;mq;mq;mq;mq;mq;mq;mq;
07255;20110930000000;102430;20;1;80;2.100000;288.350000;286.350000;88;18000;0;mq;mq;mq;mq;mq;mq;mq;mq;100450;mq;mq;mq;mq;mq;mq;mq;mq;mq;mq;mq;2.600000;-10;mq;mq;mq;mq;0.000000;0.000000;0.000000;mq;mq;710.000000;1103.000000;mq;mq;mq;mq;mq;mq;mq;mq;mq;mq;mq;mq;mq;mq;
07280;20110930000000;102520;10;3;340;1.500000;288.350000;286.550000;89;13000;0;mq;mq;mq;mq;mq;mq;mq;mq;99820;mq;mq;mq;mq;mq;mq;mq;mq;mq;mq;mq;3.100000;-10;mq;mq;mq;mq;0.000000;0.000000;0.000000;mq;mq;710.000000;1103.000000;mq;mq;mq;mq;mq;mq;mq;mq;mq;mq;mq;mq;mq;mq;
07299;20110930000000;102650;-30;8;350;0.500000;285.850000;284.550000;92;4000;10;mq;mq;mq;mq;mq;mq;mq;mq;99380;mq;mq;mq;mq;mq;mq;mq;mq;mq;mq;mq;2.600000;-10;mq;mq;mq;mq;0.000000;0.000000;0.000000;mq;mq;710.000000;1103.000000;mq;mq;mq;mq;mq;mq;mq;mq;mq;mq;mq;mq;mq;mq;
07314;20110930000000;102190;-50;8;90;3.600000;293.050000;291.350000;90;10000;2;1;1;25;2;3500;30;22;10;101920;mq;mq;mq;mq;mq;mq;mq;mq;mq;mq;mq;6.200000;-10;mq;mq;mq;mq;0.000000;0.000000;0.000000;mq;mq;710.000000;1106.000000;2427.000000;mq;2;4;2400;mq;mq;mq;mq;mq;mq;mq;mq;mq;
07335;20110930000000;102310;-30;8;140;1.000000;285.750000;283.250000;85;40000;0;mq;mq;mq;mq;mq;mq;mq;mq;100860;mq;mq;mq;mq;mq;mq;mq;mq;mq;mq;mq;1.000000;-10;mq;mq;mq;mq;0.000000;0.000000;0.000000;mq;mq;710.000000;1101.000000;mq;mq;mq;mq;mq;mq;mq;mq;mq;mq;mq;mq;mq;mq;
07434;20110930000000;102390;40;2;100;1.500000;291.450000;283.250000;59;40000;0;mq;mq;mq;mq;mq;mq;mq;mq;97710;mq;mq;mq;mq;mq;mq;mq;mq;mq;mq;mq;3.100000;-10;mq;mq;mq;mq;0.000000;0.000000;0.000000;mq;mq;710.000000;1103.000000;mq;mq;mq;mq;mq;mq;mq;mq;mq;mq;mq;mq;mq;mq;
07460;20110930000000;102510;10;0;0;0.000000;287.050000;283.250000;78;40000;2;1;1;0;mq;mq;mq;mq;mq;98640;mq;mq;mq;mq;mq;mq;mq;mq;mq;mq;mq;1.000000;-10;mq;mq;0.000000;-60;0.000000;0.000000;0.000000;mq;mq;710.000000;1101.000000;3100.000000;mq;mq;mq;mq;mq;mq;mq;mq;mq;mq;mq;mq;mq;
07471;20110930000000;mq;20;1;240;1.000000;281.950000;279.750000;86;18000;0;mq;mq;mq;mq;mq;mq;mq;mq;93070;85000;18480;mq;mq;mq;mq;mq;mq;mq;mq;mq;2.100000;-10;mq;mq;mq;mq;0.000000;0.000000;0.000000;mq;mq;710.000000;1102.000000;mq;mq;mq;mq;mq;mq;mq;mq;mq;mq;mq;mq;mq;mq;
07481;20110930000000;102480;40;1;160;2.600000;291.050000;286.950000;77;13000;2;1;1;0;mq;mq;mq;mq;mq;99660;mq;mq;mq;mq;mq;mq;mq;mq;mq;mq;mq;4.100000;-10;mq;mq;0.000000;-60;0.000000;0.000000;0.000000;mq;mq;710.000000;1104.000000;3100.000000;mq;mq;mq;mq;mq;mq;mq;mq;mq;mq;mq;mq;mq;
07510;20110930000000;102200;0;0;120;3.100000;292.150000;285.450000;65;35000;2;1;1;0;mq;mq;mq;mq;mq;101560;mq;mq;mq;mq;mq;mq;mq;mq;mq;mq;mq;4.600000;-10;mq;mq;0.000000;-60;0.000000;0.000000;0.000000;mq;mq;710.000000;1105.000000;3100.000000;mq;mq;mq;mq;mq;mq;mq;mq;mq;mq;mq;mq;mq;
07535;20110930000000;102360;30;0;100;2.100000;292.050000;282.250000;53;mq;mq;mq;mq;mq;mq;mq;mq;mq;mq;99310;mq;mq;mq;mq;mq;mq;mq;mq;mq;mq;mq;5.100000;-10;mq;mq;mq;mq;0.000000;0.000000;0.000000;mq;mq;710.000000;1105.000000;mq;mq;mq;mq;mq;mq;mq;mq;mq;mq;mq;mq;mq;mq;
07558;20110930000000;102570;-20;8;30;1.500000;287.650000;281.150000;65;mq;mq;mq;mq;mq;mq;mq;mq;mq;mq;94310;mq;mq;mq;mq;mq;mq;mq;mq;mq;mq;mq;3.600000;-10;mq;mq;mq;mq;0.000000;0.000000;0.000000;mq;mq;710.000000;1104.000000;mq;mq;mq;mq;mq;mq;mq;mq;mq;mq;mq;mq;mq;mq;
07577;20110930000000;102540;30;1;0;0.000000;286.650000;283.950000;84;11000;0;mq;mq;mq;mq;mq;mq;mq;mq;101650;mq;mq;mq;mq;mq;mq;mq;mq;mq;mq;mq;0.500000;-10;mq;mq;mq;mq;0.000000;0.000000;0.000000;mq;mq;710.000000;1101.000000;mq;mq;mq;mq;mq;mq;mq;mq;mq;mq;mq;mq;mq;mq;
07591;20110930000000;mq;10;1;40;3.100000;286.850000;278.250000;56;mq;0;mq;mq;mq;mq;mq;mq;mq;mq;92680;mq;mq;mq;mq;mq;mq;mq;mq;mq;mq;mq;5.700000;-10;mq;mq;mq;mq;0.000000;0.000000;0.000000;mq;mq;710.000000;1106.000000;mq;mq;mq;mq;mq;mq;mq;mq;mq;mq;mq;mq;mq;mq;
07607;20110930000000;102200;10;0;120;2.100000;290.450000;285.950000;75;26000;0;mq;mq;90;mq;mq;mq;mq;mq;101500;mq;mq;mq;mq;mq;mq;mq;mq;mq;mq;mq;3.100000;-10;mq;mq;mq;mq;0.000000;0.000000;0.000000;mq;mq;710.000000;1103.000000;mq;mq;mq;mq;mq;mq;mq;mq;mq;mq;mq;mq;mq;mq;
07621;20110930000000;102250;-10;8;200;2.600000;289.350000;286.250000;82;30000;2;1;1;0;mq;mq;mq;mq;mq;97990;mq;mq;mq;mq;mq;mq;mq;mq;mq;mq;mq;3.100000;-10;mq;mq;0.000000;-60;0.000000;0.000000;0.000000;mq;mq;710.000000;1103.000000;3100.000000;mq;mq;mq;mq;mq;mq;mq;mq;mq;mq;mq;mq;mq;
07627;20110930000000;102310;-30;8;210;1.500000;286.050000;284.750000;92;mq;mq;mq;mq;mq;mq;mq;mq;mq;mq;97460;mq;mq;mq;mq;mq;mq;mq;mq;mq;mq;mq;1.500000;-10;mq;mq;mq;mq;0.000000;0.000000;0.000000;mq;mq;710.000000;1102.000000;mq;mq;mq;mq;mq;mq;mq;mq;mq;mq;mq;mq;mq;mq;
07630;20110930000000;102290;-20;8;70;3.100000;291.550000;281.550000;52;21000;0;mq;mq;mq;mq;mq;mq;mq;mq;100520;mq;mq;mq;mq;mq;mq;mq;mq;mq;mq;mq;4.600000;-10;mq;mq;mq;mq;0.000000;0.000000;0.000000;mq;mq;710.000000;1105.000000;mq;mq;mq;mq;mq;mq;mq;mq;mq;mq;mq;mq;mq;mq;
07643;20110930000000;102480;-20;8;350;2.100000;288.950000;283.450000;70;11000;0;mq;mq;mq;mq;mq;mq;mq;mq;102380;mq;mq;mq;mq;mq;mq;mq;mq;mq;mq;mq;2.600000;-10;mq;mq;mq;mq;0.000000;0.000000;0.000000;mq;mq;710.000000;1103.000000;mq;mq;mq;mq;mq;mq;mq;mq;mq;mq;mq;mq;mq;mq;
07650;20110930000000;102450;-40;8;150;1.500000;291.050000;286.150000;73;15000;0;mq;mq;mq;mq;mq;mq;mq;mq;102070;mq;mq;mq;mq;mq;mq;mq;mq;mq;mq;mq;4.100000;-10;mq;mq;mq;mq;0.000000;0.000000;0.000000;mq;mq;710.000000;1104.000000;mq;mq;mq;mq;mq;mq;mq;mq;mq;mq;mq;mq;mq;mq;
07661;20110930000000;102430;-30;8;110;4.100000;293.450000;280.750000;44;mq;mq;mq;mq;mq;mq;mq;mq;mq;mq;100850;mq;mq;mq;mq;mq;mq;mq;mq;mq;mq;mq;5.700000;-10;mq;mq;mq;mq;0.000000;0.000000;0.000000;mq;mq;710.000000;1106.000000;mq;mq;mq;mq;mq;mq;mq;mq;mq;mq;mq;mq;mq;mq;
07690;20110930000000;102470;-20;7;340;4.100000;294.150000;283.950000;52;30000;2;1;1;0;mq;mq;mq;mq;mq;102140;mq;mq;mq;mq;mq;mq;mq;mq;mq;mq;mq;5.700000;-10;mq;mq;0.000000;-60;0.000000;0.000000;0.000000;mq;mq;710.000000;1106.000000;3100.000000;mq;mq;mq;mq;mq;mq;mq;mq;mq;mq;mq;mq;mq;
07747;20110930000000;102430;-50;8;0;0.000000;287.850000;286.750000;93;5000;0;mq;mq;mq;mq;mq;mq;mq;mq;101900;mq;mq;mq;mq;mq;mq;mq;mq;mq;mq;mq;1.000000;-10;mq;mq;mq;mq;0.000000;0.000000;0.000000;mq;mq;710.000000;1101.000000;mq;mq;mq;mq;mq;mq;mq;mq;mq;mq;mq;mq;mq;mq;
07761;20110930000000;102320;-50;8;40;3.600000;288.350000;283.950000;75;10000;2;1;1;0;mq;mq;mq;mq;mq;102210;mq;mq;mq;mq;mq;mq;mq;mq;mq;mq;mq;5.100000;-10;mq;mq;0.000000;-60;0.000000;0.000000;0.000000;mq;mq;710.000000;1105.000000;3100.000000;mq;mq;mq;mq;mq;mq;mq;mq;mq;mq;mq;mq;mq;
07790;20110930000000;102380;-20;7;210;2.600000;289.250000;283.950000;71;18000;0;mq;mq;mq;mq;mq;mq;mq;mq;102240;mq;mq;mq;mq;mq;mq;mq;mq;mq;mq;mq;3.100000;-10;mq;mq;mq;mq;0.000000;0.000000;0.000000;mq;mq;710.000000;1103.000000;mq;mq;mq;mq;mq;mq;mq;mq;mq;mq;mq;mq;mq;mq;
61968;20110930000000;101420;mq;mq;90;6.200000;297.650000;291.550000;69;mq;mq;mq;mq;mq;mq;mq;mq;mq;mq;mq;mq;mq;100;mq;mq;mq;mq;mq;mq;mq;mq;13.400000;-10;mq;mq;mq;mq;0.000000;mq;0.000000;mq;mq;710.000000;1113.000000;mq;mq;mq;mq;mq;mq;mq;mq;mq;mq;mq;mq;mq;mq;
61970;20110930000000;101410;mq;mq;mq;mq;295.350000;294.350000;94;mq;mq;mq;mq;mq;mq;mq;mq;mq;mq;mq;mq;mq;mq;mq;mq;mq;mq;mq;mq;mq;mq;mq;mq;mq;mq;mq;mq;0.000000;mq;0.000000;mq;mq;mq;mq;mq;mq;mq;mq;mq;mq;mq;mq;mq;mq;mq;mq;mq;mq;
61972;20110930000000;101480;mq;mq;140;1.000000;293.750000;293.250000;97;mq;mq;mq;mq;mq;mq;mq;mq;mq;mq;mq;mq;mq;mq;mq;mq;mq;mq;mq;mq;mq;mq;3.100000;-10;mq;mq;mq;mq;0.000000;mq;0.000000;mq;mq;710.000000;1103.000000;mq;mq;mq;mq;mq;mq;mq;mq;mq;mq;mq;mq;mq;mq;
61980;20110930000000;101910;mq;mq;110;5.700000;294.750000;286.350000;59;12000;2;1;1;90;7;800;38;61;60;mq;mq;mq;50;mq;mq;mq;mq;mq;mq;mq;mq;7.700000;-10;mq;mq;mq;mq;0.000000;mq;0.000000;mq;mq;710.000000;1108.000000;mq;mq;2;8;750;7;6;1800;mq;mq;mq;mq;mq;mq;
67005;20110930000000;101450;mq;mq;20;4.100000;298.350000;294.050000;77;mq;0;mq;mq;mq;mq;mq;mq;mq;mq;mq;mq;mq;80;mq;mq;mq;mq;mq;mq;mq;mq;6.700000;-10;mq;mq;mq;mq;0.000000;mq;0.000000;mq;mq;710.000000;1107.000000;mq;mq;mq;mq;mq;mq;mq;mq;mq;mq;mq;mq;mq;mq;
71805;20110930000000;101680;40;3;220;4.100000;284.150000;283.650000;97;13000;0;mq;mq;mq;mq;450;mq;mq;mq;101590;mq;mq;mq;mq;mq;mq;mq;mq;mq;mq;mq;5.700000;-10;mq;mq;mq;mq;0.000000;0.000000;0.000000;mq;mq;710.000000;1106.000000;mq;mq;mq;mq;mq;mq;mq;mq;mq;mq;mq;mq;mq;mq;
78897;20110930000000;101110;130;3;220;1.500000;298.750000;297.150000;91;15000;17;9;9;90;5;450;39;20;13;mq;mq;mq;130;297.150000;mq;304.750000;mq;mq;mq;mq;mq;mq;mq;mq;mq;mq;mq;mq;mq;0.200000;mq;0.200000;mq;mq;mq;mq;3;9;450;3;8;630;5;6;2400;mq;mq;mq;
78922;20110930000000;101110;170;3;210;4.600000;301.050000;296.850000;78;mq;mq;mq;mq;mq;mq;mq;mq;mq;mq;100670;mq;mq;mq;mq;mq;mq;mq;mq;mq;mq;mq;mq;mq;mq;mq;mq;mq;mq;mq;mq;mq;mq;mq;mq;mq;mq;mq;mq;mq;mq;mq;mq;mq;mq;mq;mq;mq;mq;
78925;20110930000000;101120;180;3;120;1.000000;300.250000;297.850000;87;30000;2;1;1;50;1;800;34;20;12;mq;mq;mq;mq;298.050000;mq;306.450000;mq;mq;mq;mq;mq;mq;mq;mq;mq;mq;mq;mq;mq;0.000000;mq;0.800000;mq;mq;mq;mq;1;6;960;4;0;7800;mq;mq;mq;mq;mq;mq;
81401;20110930000000;101160;mq;mq;80;2.600000;299.650000;296.150000;81;mq;mq;mq;mq;mq;mq;mq;mq;mq;mq;101100;mq;mq;mq;mq;mq;308.350000;mq;mq;mq;mq;mq;mq;mq;mq;mq;mq;mq;mq;0.000000;0.000000;mq;mq;mq;mq;mq;mq;mq;mq;mq;mq;mq;mq;mq;mq;mq;mq;mq;mq;
81405;20110930000000;101240;mq;mq;110;2.100000;299.550000;297.050000;86;35000;0;mq;mq;mq;mq;mq;mq;mq;mq;101150;mq;mq;mq;mq;mq;306.250000;mq;mq;mq;mq;mq;mq;mq;mq;mq;mq;mq;mq;0.000000;0.000000;mq;mq;mq;mq;mq;mq;mq;mq;mq;mq;mq;mq;mq;mq;mq;mq;mq;mq;
81408;20110930000000;101230;mq;mq;90;1.000000;298.950000;296.050000;84;mq;mq;mq;mq;mq;mq;mq;mq;mq;mq;101150;mq;mq;mq;mq;mq;mq;mq;mq;mq;mq;mq;mq;mq;mq;mq;mq;mq;0.000000;mq;mq;mq;mq;mq;mq;mq;mq;mq;mq;mq;mq;mq;mq;mq;mq;mq;mq;mq;mq;
89642;20110930000000;97790;60;0;150;19.000000;259.850000;258.250000;86;1500;71;7;7;100;7;450;35;61;60;97240;mq;mq;mq;258.850000;mq;260.950000;mq;mq;mq;mq;25.200000;32.900000;-60;mq;mq;mq;mq;mq;mq;mq;mq;mq;1025.000000;1133.000000;mq;mq;5;7;300;7;6;1290;mq;mq;mq;mq;mq;mq;
07005;20110930030000;102370;-50;8;110;3.100000;288.250000;285.750000;85;mq;mq;mq;mq;mq;mq;mq;mq;mq;mq;101480;mq;mq;mq;mq;mq;mq;mq;mq;mq;mq;mq;3.600000;-10;mq;mq;mq;mq;0.000000;0.000000;mq;mq;mq;710.000000;1104.000000;mq;mq;mq;mq;mq;mq;mq;mq;mq;mq;mq;mq;mq;mq;
07015;20110930030000;102430;-60;8;110;1.500000;287.350000;285.550000;89;8000;0;mq;mq;0;mq;mq;mq;mq;mq;101860;mq;mq;mq;mq;mq;mq;mq;mq;mq;mq;mq;2.100000;-10;mq;mq;0.000000;-30;0.000000;0.000000;mq;mq;mq;710.000000;1102.000000;3100.000000;mq;mq;mq;mq;mq;mq;mq;mq;mq;mq;mq;mq;mq;
07020;20110930030000;102120;-70;8;170;6.200000;294.450000;285.550000;57;mq;mq;mq;mq;mq;mq;mq;mq;mq;mq;101860;mq;mq;mq;mq;mq;mq;mq;mq;mq;mq;mq;9.800000;-10;mq;mq;mq;mq;0.000000;0.000000;mq;mq;mq;710.000000;1110.000000;mq;mq;mq;mq;mq;mq;mq;mq;mq;mq;mq;mq;mq;mq;
07027;20110930030000;102230;-60;8;110;3.100000;286.150000;285.350000;95;9000;0;mq;mq;mq;mq;mq;mq;mq;mq;101420;mq;mq;mq;mq;mq;mq;mq;mq;mq;mq;mq;4.100000;-10;mq;mq;mq;mq;0.000000;0.000000;mq;mq;mq;710.000000;1104.000000;mq;mq;mq;mq;mq;mq;mq;mq;mq;mq;mq;mq;mq;mq;
07037;20110930030000;102370;-50;8;100;1.500000;286.450000;285.650000;95;11000;0;mq;mq;mq;mq;mq;mq;mq;mq;100550;mq;mq;mq;mq;mq;mq;mq;mq;mq;mq;mq;2.600000;-10;mq;mq;mq;mq;0.000000;0.000000;mq;mq;mq;710.000000;1103.000000;mq;mq;mq;mq;mq;mq;mq;mq;mq;mq;mq;mq;mq;mq;
07110;20110930030000;101980;-50;6;170;4.600000;288.050000;287.550000;97;4000;10;2;2;90;7;150;36;61;60;100850;mq;mq;mq;mq;mq;mq;mq;mq;mq;mq;mq;7.700000;-10;mq;mq;mq;mq;0.000000;0.000000;mq;mq;mq;710.000000;1108.000000;mq;mq;7;7;120;mq;mq;mq;mq;mq;mq;mq;mq;mq;
07117;20110930030000;101980;-30;8;230;1.500000;290.350000;285.850000;75;12000;2;1;1;0;mq;mq;mq;mq;mq;101290;mq;mq;mq;mq;mq;mq;mq;mq;mq;mq;mq;2.100000;-10;mq;mq;mq;mq;0.000000;0.000000;mq;mq;mq;710.000000;1102.000000;2427.000000;mq;mq;mq;mq;mq;mq;mq;mq;mq;mq;mq;mq;mq;
07130;20110930030000;102160;-30;8;100;1.000000;287.350000;285.050000;86;13000;0;mq;mq;mq;mq;mq;mq;mq;mq;101640;mq;mq;mq;mq;mq;mq;mq;mq;mq;mq;mq;1.500000;-10;mq;mq;mq;mq;0.000000;0.000000;mq;mq;mq;710.000000;1102.000000;mq;mq;mq;mq;mq;mq;mq;mq;mq;mq;mq;mq;mq;mq;
07139;20110930030000;102310;-60;8;40;1.000000;284.350000;283.250000;93;mq;mq;mq;mq;mq;mq;mq;mq;mq;mq;100570;mq;mq;mq;mq;mq;mq;mq;mq;mq;mq;mq;1.500000;-10;mq;mq;mq;mq;0.000000;0.000000;mq;mq;mq;710.000000;1102.000000;mq;mq;mq;mq;mq;mq;mq;mq;mq;mq;mq;mq;mq;mq;
07149;20110930030000;102410;-40;8;0;0.000000;285.950000;285.350000;96;20000;2;1;1;0;mq;mq;mq;mq;mq;101320;mq;mq;mq;mq;mq;mq;mq;mq;mq;mq;mq;1.000000;-10;mq;mq;0.000000;-30;0.000000;0.000000;mq;mq;mq;710.000000;1101.000000;3100.000000;mq;mq;mq;mq;mq;mq;mq;mq;mq;mq;mq;mq;mq;
07168;20110930030000;102480;-20;8;170;1.500000;283.850000;283.050000;95;1100;45;mq;mq;mq;mq;mq;mq;mq;mq;101040;mq;mq;mq;mq;mq;mq;mq;mq;mq;mq;mq;2.600000;-10;mq;mq;mq;mq;0.200000;0.200000;mq;mq;mq;710.000000;1103.000000;mq;mq;mq;mq;mq;mq;mq;mq;mq;mq;mq;mq;mq;mq;
07181;20110930030000;102600;-30;8;0;0.000000;283.950000;283.150000;95;5000;0;mq;mq;mq;mq;mq;mq;mq;mq;98490;mq;mq;mq;mq;mq;mq;mq;mq;mq;mq;mq;1.500000;-10;mq;mq;mq;mq;0.000000;0.000000;mq;mq;mq;710.000000;1102.000000;mq;mq;mq;mq;mq;mq;mq;mq;mq;mq;mq;mq;mq;mq;
07190;20110930030000;102660;0;4;10;0.500000;282.750000;281.650000;93;7000;0;mq;mq;mq;mq;mq;mq;mq;mq;100820;mq;mq;mq;mq;mq;mq;mq;mq;mq;mq;mq;1.500000;-10;mq;mq;mq;mq;0.000000;0.200000;mq;mq;mq;710.000000;1102.000000;mq;mq;mq;mq;mq;mq;mq;mq;mq;mq;mq;mq;mq;mq;
07207;20110930030000;mq;mq;mq;100;5.700000;289.650000;289.050000;96;1500;10;2;2;25;2;800;36;20;10;mq;mq;mq;mq;mq;mq;mq;mq;mq;mq;mq;mq;7.200000;-10;mq;mq;mq;mq;0.000000;0.200000;mq;mq;mq;710.000000;1107.000000;2434.000000;mq;mq;mq;mq;mq;mq;mq;mq;mq;mq;mq;mq;mq;
07222;20110930030000;102110;-50;7;60;1.000000;287.750000;285.050000;84;10000;2;1;1;0;mq;mq;mq;mq;mq;101800;mq;mq;mq;mq;mq;mq;mq;mq;mq;mq;mq;1.500000;-10;mq;mq;mq;mq;0.000000;0.000000;mq;mq;mq;710.000000;1102.000000;mq;mq;mq;mq;mq;mq;mq;mq;mq;mq;mq;mq;mq;mq;
07240;20110930030000;102250;-50;8;80;2.600000;287.250000;284.750000;85;30000;2;mq;mq;0;mq;mq;mq;mq;mq;100910;mq;mq;mq;mq;mq;mq;mq;mq;mq;mq;mq;3.600000;-10;mq;mq;0.000000;-30;0.000000;0.000000;mq;mq;mq;710.000000;1104.000000;3100.000000;mq;mq;mq;mq;mq;mq;mq;mq;mq;mq;mq;mq;mq;
07255;20110930030000;102380;-60;8;90;2.600000;286.950000;285.550000;91;14000;0;mq;mq;mq;mq;mq;mq;mq;mq;100390;mq;mq;mq;mq;mq;mq;mq;mq;mq;mq;mq;3.100000;-10;mq;mq;mq;mq;0.000000;0.000000;mq;mq;mq;710.000000;1103.000000;mq;mq;mq;mq;mq;mq;mq;mq;mq;mq;mq;mq;mq;mq;
07280;20110930030000;102550;10;1;350;1.500000;286.450000;285.350000;93;4100;10;mq;mq;mq;mq;mq;mq;mq;mq;99830;mq;mq;mq;mq;mq;mq;mq;mq;mq;mq;mq;2.600000;-10;mq;mq;mq;mq;0.000000;0.000000;mq;mq;mq;710.000000;1103.000000;mq;mq;mq;mq;mq;mq;mq;mq;mq;mq;mq;mq;mq;mq;
07299;20110930030000;102660;-20;8;40;0.500000;283.350000;282.850000;97;2500;10;0;0;10;0;mq;30;20;11;99360;mq;mq;mq;mq;mq;mq;mq;mq;mq;mq;mq;2.100000;-10;mq;mq;0.000000;-30;0.000000;0.000000;mq;mq;mq;710.000000;1102.000000;3100.000000;mq;1;0;7200;mq;mq;mq;mq;mq;mq;mq;mq;mq;
07314;20110930030000;102120;-70;7;120;4.600000;291.250000;286.750000;75;mq;mq;mq;mq;mq;mq;mq;mq;mq;mq;101850;mq;mq;mq;mq;mq;mq;mq;mq;mq;mq;mq;6.200000;-10;mq;mq;mq;mq;0.000000;0.000000;mq;mq;mq;710.000000;1106.000000;mq;mq;mq;mq;mq;mq;mq;mq;mq;mq;mq;mq;mq;mq;
07335;20110930030000;102290;-20;8;160;1.500000;285.750000;283.150000;84;35000;0;mq;mq;mq;mq;mq;mq;mq;mq;100840;mq;mq;mq;mq;mq;mq;mq;mq;mq;mq;mq;2.600000;-10;mq;mq;mq;mq;0.000000;0.000000;mq;mq;mq;710.000000;1103.000000;mq;mq;mq;mq;mq;mq;mq;mq;mq;mq;mq;mq;mq;mq;
07434;20110930030000;102380;-40;8;60;1.500000;289.750000;282.950000;64;35000;0;mq;mq;mq;mq;mq;mq;mq;mq;97670;mq;mq;mq;mq;mq;mq;mq;mq;mq;mq;mq;2.600000;-10;mq;mq;mq;mq;0.000000;0.000000;mq;mq;mq;710.000000;1103.000000;mq;mq;mq;mq;mq;mq;mq;mq;mq;mq;mq;mq;mq;mq;
07460;20110930030000;102470;-20;8;190;2.600000;287.950000;283.150000;73;40000;2;mq;mq;mq;mq;mq;mq;mq;mq;98620;mq;mq;mq;mq;mq;mq;mq;mq;mq;mq;mq;6.200000;-10;mq;mq;mq;mq;0.000000;0.000000;mq;mq;mq;710.000000;1106.000000;mq;mq;mq;mq;mq;mq;mq;mq;mq;mq;mq;mq;mq;mq;
07471;20110930030000;mq;-40;8;260;0.500000;280.550000;279.150000;91;14000;0;mq;mq;mq;mq;mq;mq;mq;mq;93030;85000;18440;mq;mq;mq;mq;mq;mq;mq;mq;mq;2.100000;-10;mq;mq;mq;mq;0.000000;0.000000;mq;mq;mq;710.000000;1102.000000;mq;mq;mq;mq;mq;mq;mq;mq;mq;mq;mq;mq;mq;mq;
07481;20110930030000;102530;20;1;170;1.000000;288.350000;286.050000;86;10000;2;1;1;0;mq;mq;mq;mq;mq;99680;mq;mq;mq;mq;mq;mq;mq;mq;mq;mq;mq;3.100000;-10;mq;mq;0.000000;-30;0.000000;0.000000;mq;mq;mq;710.000000;1103.000000;3100.000000;mq;mq;mq;mq;mq;mq;mq;mq;mq;mq;mq;mq;mq;
07510;20110930030000;102150;-50;5;120;2.600000;291.050000;284.650000;66;25000;2;1;1;0;mq;mq;mq;mq;mq;101510;mq;mq;mq;mq;mq;mq;mq;mq;mq;mq;mq;4.600000;-10;mq;mq;0.000000;-30;0.000000;0.000000;mq;mq;mq;710.000000;1105.000000;3100.000000;mq;mq;mq;mq;mq;mq;mq;mq;mq;mq;mq;mq;mq;
07535;20110930030000;102320;-60;8;100;3.100000;290.850000;281.950000;56;mq;mq;mq;mq;mq;mq;mq;mq;mq;mq;99250;mq;mq;mq;mq;mq;mq;mq;mq;mq;mq;mq;5.700000;-10;mq;mq;mq;mq;0.000000;0.000000;mq;mq;mq;710.000000;1106.000000;mq;mq;mq;mq;mq;mq;mq;mq;mq;mq;mq;mq;mq;mq;
07558;20110930030000;102550;-60;7;20;2.600000;286.150000;280.850000;70;mq;mq;mq;mq;mq;mq;mq;mq;mq;mq;94250;mq;mq;mq;mq;mq;mq;mq;mq;mq;mq;mq;4.600000;-10;mq;mq;mq;mq;0.000000;0.000000;mq;mq;mq;710.000000;1105.000000;mq;mq;mq;mq;mq;mq;mq;mq;mq;mq;mq;mq;mq;mq;
07577;20110930030000;102560;10;2;0;0.000000;284.750000;283.350000;91;8000;0;mq;mq;mq;mq;mq;mq;mq;mq;101660;mq;mq;mq;mq;mq;mq;mq;mq;mq;mq;mq;0.000000;-10;mq;mq;mq;mq;0.000000;0.000000;mq;mq;mq;710.000000;1100.000000;mq;mq;mq;mq;mq;mq;mq;mq;mq;mq;mq;mq;mq;mq;
07591;20110930030000;mq;-40;6;280;1.000000;283.950000;278.450000;69;mq;0;mq;mq;mq;mq;mq;mq;mq;mq;92640;mq;mq;mq;mq;mq;mq;mq;mq;mq;mq;mq;2.600000;-10;mq;mq;mq;mq;0.000000;0.000000;mq;mq;mq;710.000000;1103.000000;mq;mq;mq;mq;mq;mq;mq;mq;mq;mq;mq;mq;mq;mq;
07607;20110930030000;102150;-60;6;110;1.500000;287.550000;284.550000;82;15000;0;mq;mq;mq;mq;mq;mq;mq;mq;101440;mq;mq;mq;mq;mq;mq;mq;mq;mq;mq;mq;3.100000;-10;mq;mq;mq;mq;0.000000;0.000000;mq;mq;mq;710.000000;1103.000000;mq;mq;mq;mq;mq;mq;mq;mq;mq;mq;mq;mq;mq;mq;
07621;20110930030000;102140;-100;7;170;2.100000;289.550000;284.450000;72;30000;2;mq;mq;0;mq;mq;mq;mq;mq;97890;mq;mq;mq;mq;mq;mq;mq;mq;mq;mq;mq;3.600000;-10;mq;mq;0.000000;-30;0.000000;0.000000;mq;mq;mq;710.000000;1104.000000;3100.000000;mq;mq;mq;mq;mq;mq;mq;mq;mq;mq;mq;mq;mq;
07627;20110930030000;102300;-50;8;140;0.500000;284.050000;282.650000;91;mq;mq;mq;mq;mq;mq;mq;mq;mq;mq;97410;mq;mq;mq;mq;mq;mq;mq;mq;mq;mq;mq;2.100000;-10;mq;mq;mq;mq;0.000000;0.000000;mq;mq;mq;710.000000;1102.000000;mq;mq;mq;mq;mq;mq;mq;mq;mq;mq;mq;mq;mq;mq;
07630;20110930030000;102270;-40;7;0;0.000000;288.750000;281.250000;61;20000;2;1;1;0;mq;mq;mq;mq;mq;100480;mq;mq;mq;mq;mq;mq;mq;mq;mq;mq;mq;2.100000;-10;mq;mq;0.000000;-30;0.000000;0.000000;mq;mq;mq;710.000000;1102.000000;3100.000000;mq;mq;mq;mq;mq;mq;mq;mq;mq;mq;mq;mq;mq;
07643;20110930030000;102460;-20;6;360;2.600000;287.450000;283.250000;76;15000;2;1;1;0;mq;mq;mq;mq;mq;102360;mq;mq;mq;mq;mq;mq;mq;mq;mq;mq;mq;3.600000;-10;mq;mq;mq;mq;0.000000;0.000000;mq;mq;mq;710.000000;1104.000000;mq;mq;mq;mq;mq;mq;mq;mq;mq;mq;mq;mq;mq;mq;
07650;20110930030000;102430;-30;7;140;3.100000;287.950000;285.250000;84;10000;2;1;1;0;mq;mq;mq;mq;mq;102040;mq;mq;mq;mq;mq;mq;mq;mq;mq;mq;mq;4.100000;-10;mq;mq;mq;mq;0.000000;0.000000;mq;mq;mq;710.000000;1104.000000;mq;mq;mq;mq;mq;mq;mq;mq;mq;mq;mq;mq;mq;mq;
07661;20110930030000;102390;-40;5;100;4.100000;291.750000;283.050000;57;20000;2;1;1;0;mq;mq;mq;mq;mq;100810;mq;mq;mq;mq;mq;mq;mq;mq;mq;mq;mq;6.200000;-10;mq;mq;mq;mq;0.000000;0.000000;mq;mq;mq;710.000000;1106.000000;mq;mq;mq;mq;mq;mq;mq;mq;mq;mq;mq;mq;mq;mq;
07690;20110930030000;102400;-70;6;340;4.100000;292.650000;283.350000;55;30000;2;1;1;0;mq;mq;mq;mq;mq;102070;mq;mq;mq;mq;mq;mq;mq;mq;mq;mq;mq;6.700000;-10;mq;mq;0.000000;-30;0.000000;0.000000;mq;mq;mq;710.000000;1107.000000;3100.000000;mq;mq;mq;mq;mq;mq;mq;mq;mq;mq;mq;mq;mq;
07747;20110930030000;102400;-20;8;230;1.000000;290.550000;289.250000;92;7000;0;mq;mq;100;mq;150;mq;mq;mq;101880;mq;mq;mq;mq;mq;mq;mq;mq;mq;mq;mq;2.100000;-10;mq;mq;mq;mq;0.000000;0.000000;mq;mq;mq;710.000000;1102.000000;mq;mq;mq;mq;mq;mq;mq;mq;mq;mq;mq;mq;mq;mq;
07761;20110930030000;102310;-10;7;40;4.100000;286.750000;283.150000;79;12000;2;1;1;0;mq;mq;mq;mq;mq;102200;mq;mq;mq;mq;mq;mq;mq;mq;mq;mq;mq;5.100000;-10;mq;mq;0.000000;-30;0.000000;0.000000;mq;mq;mq;710.000000;1105.000000;3100.000000;mq;mq;mq;mq;mq;mq;mq;mq;mq;mq;mq;mq;mq;
07790;20110930030000;102330;-50;6;210;2.600000;288.250000;284.050000;76;18000;2;1;1;0;mq;mq;mq;mq;mq;102190;mq;mq;mq;mq;mq;mq;mq;mq;mq;mq;mq;3.600000;-10;mq;mq;0.000000;-30;0.000000;0.000000;mq;mq;mq;710.000000;1104.000000;3100.000000;mq;mq;mq;mq;mq;mq;mq;mq;mq;mq;mq;mq;mq;
61970;20110930030000;101550;mq;mq;mq;mq;295.250000;294.750000;97;mq;mq;mq;mq;mq;mq;mq;mq;mq;mq;mq;mq;mq;mq;mq;mq;mq;mq;mq;mq;mq;mq;mq;mq;mq;mq;mq;mq;mq;mq;mq;mq;mq;mq;mq;mq;mq;mq;mq;mq;mq;mq;mq;mq;mq;mq;mq;mq;mq;
61972;20110930030000;101590;mq;mq;170;1.500000;292.750000;292.550000;99;mq;mq;mq;mq;mq;mq;mq;mq;mq;mq;mq;mq;mq;mq;mq;mq;mq;mq;mq;mq;mq;mq;2.100000;-10;mq;mq;mq;mq;0.000000;0.200000;mq;mq;mq;710.000000;1102.000000;mq;mq;mq;mq;mq;mq;mq;mq;mq;mq;mq;mq;mq;mq;
61976;20110930030000;101790;mq;mq;120;8.200000;296.850000;292.350000;76;mq;mq;mq;mq;mq;mq;mq;mq;mq;mq;101640;mq;mq;mq;mq;mq;mq;mq;mq;mq;mq;mq;mq;mq;mq;mq;mq;mq;mq;mq;mq;mq;mq;mq;mq;mq;mq;mq;mq;mq;mq;mq;mq;mq;mq;mq;mq;mq;mq;
61980;20110930030000;102040;mq;mq;130;5.100000;293.450000;289.050000;76;10000;25;8;2;60;5;800;38;20;10;mq;mq;mq;100;mq;mq;mq;mq;mq;mq;mq;mq;8.700000;-10;mq;mq;mq;mq;0.200000;0.200000;mq;mq;mq;710.000000;1109.000000;2427.000000;mq;3;8;780;3;6;1500;mq;mq;mq;mq;mq;mq;
61996;20110930030000;101640;mq;mq;240;11.300000;285.150000;230.250000;mq;mq;mq;mq;mq;mq;mq;mq;mq;mq;mq;mq;mq;mq;50;mq;mq;mq;mq;mq;mq;mq;mq;17.000000;-10;mq;mq;mq;mq;0.000000;0.000000;mq;mq;mq;710.000000;1117.000000;mq;mq;mq;mq;mq;mq;mq;mq;mq;mq;mq;mq;mq;mq;
61997;20110930030000;100220;mq;mq;340;6.700000;275.450000;274.850000;96;mq;mq;mq;mq;mq;mq;mq;mq;mq;mq;mq;mq;mq;mq;mq;mq;mq;mq;mq;mq;mq;mq;mq;mq;mq;mq;mq;mq;mq;6.000000;mq;mq;mq;mq;mq;mq;mq;mq;mq;mq;mq;mq;mq;mq;mq;mq;mq;mq;mq;
61998;20110930030000;99690;mq;mq;310;9.300000;274.950000;271.350000;77;18000;2;1;1;60;5;800;35;20;10;mq;mq;mq;1760;mq;mq;mq;mq;mq;mq;mq;mq;12.300000;-10;mq;mq;mq;mq;0.000000;0.000000;mq;mq;mq;710.000000;1112.000000;mq;mq;5;6;600;mq;mq;mq;mq;mq;mq;mq;mq;mq;
67005;20110930030000;101540;mq;mq;10;1.500000;297.950000;293.450000;76;25000;2;1;1;50;2;800;32;23;11;mq;mq;mq;80;mq;mq;mq;mq;mq;mq;mq;mq;4.100000;-10;mq;mq;mq;mq;0.000000;0.000000;mq;mq;mq;710.000000;1104.000000;mq;mq;2;8;630;mq;mq;mq;mq;mq;mq;mq;mq;mq;
71805;20110930030000;101570;-100;6;220;6.200000;284.650000;284.350000;98;17000;0;mq;mq;mq;mq;mq;mq;mq;mq;101490;mq;mq;mq;mq;mq;mq;mq;mq;mq;mq;mq;9.300000;-10;mq;mq;mq;mq;0.000000;0.000000;mq;mq;mq;710.000000;1109.000000;mq;mq;mq;mq;mq;mq;mq;mq;mq;mq;mq;mq;mq;mq;
78897;20110930030000;101210;100;1;110;1.000000;298.350000;296.550000;90;15000;29;9;2;90;4;450;39;20;13;mq;mq;mq;160;mq;mq;mq;mq;mq;mq;mq;mq;mq;mq;mq;mq;mq;mq;mq;mq;mq;mq;mq;mq;mq;mq;mq;1;9;450;3;8;630;6;0;7800;mq;mq;mq;
78922;20110930030000;101240;130;1;220;4.100000;300.350000;297.050000;82;mq;mq;mq;mq;mq;mq;mq;mq;mq;mq;100800;mq;mq;mq;mq;mq;mq;mq;mq;mq;mq;mq;mq;mq;mq;mq;mq;mq;mq;mq;mq;mq;mq;mq;mq;mq;mq;mq;mq;mq;mq;mq;mq;mq;mq;mq;mq;mq;mq;
78925;20110930030000;101320;200;3;60;1.000000;298.550000;297.550000;94;30000;2;1;1;50;1;800;34;20;12;mq;mq;mq;110;mq;mq;mq;mq;mq;mq;mq;mq;mq;mq;mq;mq;mq;mq;mq;mq;mq;mq;mq;mq;mq;mq;mq;1;6;960;4;0;7800;mq;mq;mq;mq;mq;mq;
81401;20110930030000;101310;mq;mq;110;1.500000;298.350000;296.050000;87;mq;mq;mq;mq;mq;mq;mq;mq;mq;mq;101250;mq;mq;mq;mq;mq;mq;mq;mq;mq;mq;mq;mq;mq;mq;mq;mq;mq;mq;0.000000;mq;mq;mq;mq;mq;mq;mq;mq;mq;mq;mq;mq;mq;mq;mq;mq;mq;mq;mq;
81405;20110930030000;101370;mq;mq;100;1.000000;297.950000;296.750000;93;25000;0;mq;mq;mq;mq;mq;mq;mq;mq;101280;mq;mq;mq;mq;mq;mq;mq;mq;mq;mq;mq;mq;mq;mq;mq;mq;mq;mq;0.000000;mq;mq;mq;mq;mq;mq;mq;mq;mq;mq;mq;mq;mq;mq;mq;mq;mq;mq;mq;
81408;20110930030000;101360;mq;mq;0;0.000000;296.250000;295.550000;96;mq;mq;mq;mq;mq;mq;mq;mq;mq;mq;101280;mq;mq;mq;mq;mq;mq;mq;mq;mq;mq;mq;mq;mq;mq;mq;mq;mq;0.000000;0.000000;mq;mq;mq;mq;mq;mq;mq;mq;mq;mq;mq;mq;mq;mq;mq;mq;mq;mq;mq;
89642;20110930030000;97810;20;1;140;15.900000;261.350000;259.950000;88;20000;36;7;3;100;7;1250;35;61;60;97260;mq;mq;mq;mq;mq;mq;mq;mq;mq;mq;22.100000;27.300000;-30;mq;mq;mq;mq;mq;mq;mq;mq;mq;1022.000000;1127.000000;mq;mq;7;6;1290;mq;mq;mq;mq;mq;mq;mq;mq;mq;
07005;20110930060000;102370;0;5;120;3.600000;286.950000;285.150000;89;6000;2;1;1;0;mq;mq;mq;mq;mq;101480;mq;mq;mq;286.950000;mq;295.550000;mq;286.150000;mq;mq;mq;4.100000;-10;0;0.000000;mq;mq;0.000000;0.000000;mq;0.000000;0.000000;710.000000;1104.000000;mq;mq;mq;mq;mq;mq;mq;mq;mq;mq;mq;mq;mq;mq;
07015;20110930060000;102420;-10;5;90;0.500000;286.250000;284.850000;91;9000;2;mq;mq;0;mq;mq;mq;mq;mq;101850;mq;mq;mq;286.250000;mq;293.850000;mq;282.150000;mq;mq;mq;1.500000;-10;0;0.000000;0.000000;-60;0.000000;0.000000;mq;0.000000;0.000000;710.000000;1102.000000;3100.000000;mq;mq;mq;mq;mq;mq;mq;mq;mq;mq;mq;mq;mq;
07020;20110930060000;102110;-10;5;170;7.200000;293.850000;285.250000;58;mq;mq;mq;mq;mq;mq;mq;mq;mq;mq;101850;mq;mq;mq;291.250000;mq;295.150000;mq;mq;mq;mq;mq;10.300000;-10;mq;mq;mq;mq;1.000000;1.000000;mq;1.000000;mq;710.000000;1110.000000;mq;mq;mq;mq;mq;mq;mq;mq;mq;mq;mq;mq;mq;mq;
07027;20110930060000;102230;0;5;140;4.100000;286.050000;284.750000;92;20000;2;1;1;0;mq;mq;mq;mq;mq;101420;mq;mq;mq;285.450000;mq;296.950000;mq;283.150000;mq;mq;mq;6.200000;-10;0;0.000000;0.000000;-60;0.000000;0.200000;mq;0.200000;0.200000;710.000000;1106.000000;3100.000000;mq;mq;mq;mq;mq;mq;mq;mq;mq;mq;mq;mq;mq;
07037;20110930060000;102380;0;5;120;2.100000;286.150000;285.350000;95;9000;2;1;1;0;mq;mq;mq;mq;mq;100550;mq;mq;mq;285.850000;mq;293.450000;mq;279.150000;mq;mq;mq;2.600000;-10;mq;mq;mq;mq;0.000000;0.000000;mq;0.000000;0.000000;710.000000;1103.000000;mq;mq;mq;mq;mq;mq;mq;mq;mq;mq;mq;mq;mq;mq;
07110;20110930060000;101940;-50;5;170;3.600000;287.050000;286.450000;96;5000;2;1;1;0;mq;mq;mq;mq;mq;100800;mq;mq;mq;286.750000;mq;293.250000;mq;285.150000;mq;mq;mq;5.100000;-10;0;0.000000;mq;mq;0.000000;0.000000;mq;0.000000;0.000000;710.000000;1105.000000;mq;mq;mq;mq;mq;mq;mq;mq;mq;mq;mq;mq;mq;mq;
07117;20110930060000;101960;-20;6;160;2.100000;289.050000;284.650000;75;mq;mq;mq;mq;mq;mq;mq;mq;mq;mq;101270;mq;mq;mq;287.750000;mq;295.150000;mq;mq;mq;mq;mq;5.100000;-10;mq;mq;mq;mq;0.000000;0.000000;mq;0.000000;mq;710.000000;1105.000000;mq;mq;mq;mq;mq;mq;mq;mq;mq;mq;mq;mq;mq;mq;
07130;20110930060000;102170;10;3;110;0.500000;285.550000;283.950000;90;11000;0;mq;mq;mq;mq;mq;mq;mq;mq;101650;mq;mq;mq;285.550000;mq;297.350000;mq;281.150000;mq;mq;mq;2.600000;-10;0;0.000000;mq;mq;0.000000;0.000000;mq;0.000000;0.000000;710.000000;1103.000000;mq;mq;mq;mq;mq;mq;mq;mq;mq;mq;mq;mq;mq;mq;
07139;20110930060000;102330;10;3;320;0.500000;282.850000;281.750000;93;13000;2;1;1;0;mq;mq;mq;mq;mq;100580;mq;mq;mq;282.850000;mq;295.650000;mq;278.150000;mq;mq;mq;1.000000;-10;1;0.000000;0.000000;-60;0.000000;0.200000;mq;0.200000;0.200000;710.000000;1101.000000;3100.000000;mq;mq;mq;mq;mq;mq;mq;mq;mq;mq;mq;mq;mq;
07149;20110930060000;102430;20;3;0;0.000000;285.250000;284.750000;97;12000;11;0;0;0;mq;mq;mq;mq;mq;101340;mq;mq;mq;285.050000;mq;295.450000;mq;280.150000;mq;mq;mq;0.000000;-10;0;0.000000;0.000000;-60;0.000000;0.000000;mq;0.000000;0.000000;710.000000;1100.000000;3100.000000;mq;mq;mq;mq;mq;mq;mq;mq;mq;mq;mq;mq;mq;
07168;20110930060000;102520;30;3;180;2.100000;282.050000;281.450000;96;5000;11;0;0;10;0;8000;30;20;11;101070;mq;mq;mq;281.350000;mq;292.250000;mq;278.150000;mq;mq;mq;2.100000;-10;0;0.000000;0.000000;-60;0.000000;0.000000;mq;0.200000;0.200000;710.000000;1102.000000;3100.000000;mq;1;0;7500;mq;mq;mq;mq;mq;mq;mq;mq;mq;
07181;20110930060000;102600;10;1;150;2.100000;284.450000;284.150000;98;4000;40;0;0;25;0;8000;30;20;19;98500;mq;mq;mq;283.750000;mq;292.550000;mq;279.150000;mq;mq;mq;3.100000;-10;1;0.000000;0.000000;-60;0.000000;0.200000;mq;0.200000;0.200000;710.000000;1103.000000;3100.000000;mq;2;1;9000;mq;mq;mq;mq;mq;mq;mq;mq;mq;
07190;20110930060000;102670;0;4;0;0.000000;282.350000;281.550000;95;9000;0;mq;mq;mq;mq;mq;mq;mq;mq;100820;mq;mq;mq;281.650000;mq;292.850000;mq;278.150000;mq;mq;mq;1.500000;-10;0;0.000000;mq;mq;0.000000;0.000000;mq;0.200000;0.200000;710.000000;1102.000000;mq;mq;mq;mq;mq;mq;mq;mq;mq;mq;mq;mq;mq;mq;
07207;20110930060000;mq;mq;mq;110;5.700000;291.950000;288.850000;82;5000;2;1;1;50;0;8000;30;20;18;mq;mq;mq;mq;287.450000;mq;292.050000;mq;mq;mq;mq;mq;8.700000;-10;mq;mq;mq;mq;0.000000;0.000000;mq;0.200000;mq;710.000000;1109.000000;2426.000000;mq;mq;mq;mq;mq;mq;mq;mq;mq;mq;mq;mq;mq;
07222;20110930060000;102130;20;3;100;1.000000;286.750000;283.150000;79;15000;2;1;1;0;mq;mq;mq;mq;mq;101820;mq;mq;mq;286.750000;mq;294.850000;mq;281.150000;mq;mq;mq;3.600000;-10;0;0.000000;mq;mq;0.000000;0.000000;mq;0.000000;0.000000;710.000000;1104.000000;mq;mq;mq;mq;mq;mq;mq;mq;mq;mq;mq;mq;mq;mq;
07240;20110930060000;102310;50;3;110;1.000000;285.950000;284.550000;91;30000;2;mq;mq;0;mq;mq;mq;mq;mq;100960;mq;mq;mq;285.650000;mq;295.950000;mq;282.150000;mq;mq;mq;1.500000;-10;0;0.000000;0.000000;-60;0.000000;0.000000;mq;0.000000;0.000000;710.000000;1102.000000;3100.000000;mq;mq;mq;mq;mq;mq;mq;mq;mq;mq;mq;mq;mq;
07255;20110930060000;102410;30;1;90;2.100000;286.150000;285.350000;95;10000;2;1;1;0;mq;mq;mq;mq;mq;100420;mq;mq;mq;286.150000;mq;296.250000;mq;283.150000;mq;mq;mq;3.100000;-10;0;0.000000;0.000000;-60;0.000000;0.000000;mq;0.000000;0.000000;710.000000;1103.000000;3100.000000;mq;mq;mq;mq;mq;mq;mq;mq;mq;mq;mq;mq;mq;
07280;20110930060000;102580;20;3;330;1.500000;285.250000;284.450000;95;9000;0;mq;mq;mq;mq;mq;mq;mq;mq;99850;mq;mq;mq;284.550000;mq;293.150000;mq;280.150000;mq;mq;mq;2.100000;-10;0;0.000000;mq;mq;0.000000;0.000000;mq;0.000000;0.000000;710.000000;1102.000000;mq;mq;mq;mq;mq;mq;mq;mq;mq;mq;mq;mq;mq;mq;
07299;20110930060000;102710;30;3;220;1.000000;281.950000;281.650000;98;2500;28;4;1;60;4;450;36;20;11;99390;mq;mq;mq;281.350000;mq;291.050000;mq;279.150000;mq;mq;mq;1.500000;-10;0;0.000000;0.000000;-60;0.200000;0.200000;mq;0.200000;0.200000;710.000000;1102.000000;3100.000000;mq;5;7;300;4;0;7200;mq;mq;mq;mq;mq;mq;
07314;20110930060000;102180;60;3;130;5.700000;290.650000;285.950000;74;mq;mq;mq;mq;mq;mq;mq;mq;mq;mq;101910;mq;mq;mq;290.350000;mq;293.250000;mq;mq;mq;mq;mq;7.700000;-10;mq;mq;mq;mq;0.000000;0.000000;mq;0.000000;0.000000;710.000000;1108.000000;mq;mq;mq;mq;mq;mq;mq;mq;mq;mq;mq;mq;mq;mq;
07335;20110930060000;102330;40;3;170;1.000000;284.850000;282.750000;87;30000;2;1;1;0;mq;mq;mq;mq;mq;100880;mq;mq;mq;284.150000;mq;297.650000;mq;282.150000;mq;mq;mq;3.100000;-10;0;0.000000;mq;mq;0.000000;0.000000;mq;0.000000;0.000000;710.000000;1103.000000;mq;mq;mq;mq;mq;mq;mq;mq;mq;mq;mq;mq;mq;mq;
07434;20110930060000;102390;0;5;60;1.500000;288.750000;282.450000;66;30000;2;1;1;0;mq;mq;mq;mq;mq;97670;mq;mq;mq;288.750000;mq;295.950000;mq;287.150000;mq;mq;mq;3.100000;-10;0;0.000000;0.000000;-60;0.000000;0.000000;mq;0.000000;0.000000;710.000000;1103.000000;3100.000000;mq;mq;mq;mq;mq;mq;mq;mq;mq;mq;mq;mq;mq;
07460;20110930060000;102530;30;3;170;3.600000;286.250000;282.350000;77;50000;2;mq;mq;0;mq;mq;mq;mq;mq;98650;mq;mq;mq;286.250000;mq;295.850000;mq;284.150000;mq;mq;mq;6.200000;-10;0;0.000000;0.000000;-60;0.000000;0.000000;mq;0.000000;0.000000;710.000000;1106.000000;3100.000000;mq;mq;mq;mq;mq;mq;mq;mq;mq;mq;mq;mq;mq;
07471;20110930060000;mq;30;3;250;1.000000;278.850000;278.150000;95;40000;2;1;1;0;mq;mq;mq;mq;mq;93060;85000;18460;mq;278.550000;mq;291.750000;mq;275.150000;mq;mq;mq;2.100000;-10;1;0.000000;0.000000;-60;0.000000;0.000000;mq;0.000000;0.000000;710.000000;1102.000000;3100.000000;mq;mq;mq;mq;mq;mq;mq;mq;mq;mq;mq;mq;mq;
07481;20110930060000;102570;20;3;0;0.000000;286.450000;284.150000;86;5000;11;0;0;0;mq;mq;mq;mq;mq;99700;mq;mq;mq;286.450000;mq;296.150000;mq;283.150000;mq;mq;mq;3.100000;-10;0;0.000000;0.000000;-60;0.000000;0.000000;mq;0.000000;0.000000;710.000000;1103.000000;3100.000000;mq;mq;mq;mq;mq;mq;mq;mq;mq;mq;mq;mq;mq;
07510;20110930060000;102190;30;3;100;3.100000;288.250000;284.850000;80;20000;2;1;1;0;mq;mq;mq;mq;mq;101540;mq;mq;mq;288.250000;mq;298.650000;mq;287.150000;mq;mq;mq;3.600000;-10;0;0.000000;0.000000;-60;0.000000;0.000000;mq;0.000000;0.000000;710.000000;1104.000000;3100.000000;mq;mq;mq;mq;mq;mq;mq;mq;mq;mq;mq;mq;mq;
07535;20110930060000;102340;10;3;110;2.100000;289.650000;281.850000;60;25000;2;1;1;0;mq;mq;mq;mq;mq;99260;mq;mq;mq;289.650000;mq;298.150000;mq;287.150000;mq;mq;mq;5.100000;-10;0;0.000000;0.000000;-60;0.000000;0.000000;mq;0.000000;0.000000;710.000000;1105.000000;3100.000000;mq;mq;mq;mq;mq;mq;mq;mq;mq;mq;mq;mq;mq;
07558;20110930060000;102560;0;5;30;3.100000;285.650000;280.550000;71;40000;2;1;1;0;mq;mq;mq;mq;mq;94250;mq;mq;mq;285.050000;mq;292.250000;mq;283.150000;mq;mq;mq;5.100000;-10;0;0.000000;0.000000;-60;0.000000;0.000000;mq;0.000000;0.000000;710.000000;1105.000000;3100.000000;mq;mq;mq;mq;mq;mq;mq;mq;mq;mq;mq;mq;mq;
07577;20110930060000;102560;0;5;0;0.000000;284.350000;283.450000;94;10000;2;1;1;0;mq;mq;mq;mq;mq;101660;mq;mq;mq;283.950000;mq;295.750000;mq;281.150000;mq;mq;mq;1.500000;-10;1;0.000000;0.000000;-60;0.000000;0.000000;mq;0.000000;0.000000;710.000000;1102.000000;3100.000000;mq;mq;mq;mq;mq;mq;mq;mq;mq;mq;mq;mq;mq;
07591;20110930060000;mq;10;2;50;2.600000;284.450000;277.450000;62;mq;0;mq;mq;mq;mq;mq;mq;mq;mq;92650;mq;mq;mq;282.650000;mq;290.650000;mq;278.150000;mq;mq;mq;4.600000;-10;mq;mq;mq;mq;0.000000;0.000000;mq;0.000000;0.000000;710.000000;1105.000000;mq;mq;mq;mq;mq;mq;mq;mq;mq;mq;mq;mq;mq;mq;
07607;20110930060000;102200;40;3;80;2.100000;285.350000;283.250000;87;11000;0;mq;mq;mq;mq;mq;mq;mq;mq;101480;mq;mq;mq;285.150000;mq;296.250000;mq;282.150000;mq;mq;mq;3.100000;-10;mq;mq;mq;mq;0.000000;0.000000;mq;0.000000;0.000000;710.000000;1103.000000;mq;mq;mq;mq;mq;mq;mq;mq;mq;mq;mq;mq;mq;mq;
07621;20110930060000;102170;10;3;180;2.600000;288.350000;283.750000;74;30000;2;mq;mq;0;mq;mq;mq;mq;mq;97900;mq;mq;mq;288.050000;mq;293.650000;mq;285.150000;mq;mq;mq;3.600000;-10;0;0.000000;0.000000;-60;0.000000;0.000000;mq;0.000000;0.000000;710.000000;1104.000000;3100.000000;mq;mq;mq;mq;mq;mq;mq;mq;mq;mq;mq;mq;mq;
07627;20110930060000;102300;10;3;160;1.500000;284.150000;283.050000;93;40000;11;0;0;0;mq;mq;mq;mq;mq;97420;mq;mq;mq;283.050000;mq;293.250000;mq;278.150000;mq;mq;mq;3.600000;-10;0;0.000000;0.000000;-60;0.200000;0.200000;mq;0.200000;0.200000;710.000000;1104.000000;3100.000000;mq;mq;mq;mq;mq;mq;mq;mq;mq;mq;mq;mq;mq;
07630;20110930060000;102290;10;3;0;0.000000;286.050000;281.150000;72;18000;2;1;1;0;mq;mq;mq;mq;mq;100490;mq;mq;mq;285.750000;mq;298.350000;mq;280.150000;mq;mq;mq;2.100000;-10;0;0.000000;0.000000;-60;0.000000;0.000000;mq;0.000000;0.000000;710.000000;1102.000000;3100.000000;mq;mq;mq;mq;mq;mq;mq;mq;mq;mq;mq;mq;mq;
07643;20110930060000;102460;0;5;360;3.600000;288.250000;283.650000;74;20000;2;1;1;0;mq;mq;mq;mq;mq;102360;mq;mq;mq;286.650000;mq;295.050000;mq;286.150000;mq;mq;mq;5.700000;-10;0;0.000000;mq;mq;0.000000;0.000000;mq;0.000000;0.000000;710.000000;1106.000000;mq;mq;mq;mq;mq;mq;mq;mq;mq;mq;mq;mq;mq;mq;
07650;20110930060000;102420;0;5;100;2.600000;289.750000;285.050000;74;10000;2;1;1;0;mq;mq;mq;mq;mq;102040;mq;mq;mq;287.650000;mq;295.350000;mq;286.150000;mq;mq;mq;4.100000;-10;0;0.000000;0.000000;-60;0.000000;0.000000;mq;0.000000;0.000000;710.000000;1104.000000;3100.000000;mq;mq;mq;mq;mq;mq;mq;mq;mq;mq;mq;mq;mq;
07661;20110930060000;102400;0;5;110;3.100000;290.250000;284.750000;70;20000;2;1;1;0;mq;mq;mq;mq;mq;100810;mq;mq;mq;290.050000;mq;295.350000;mq;mq;mq;mq;mq;5.100000;-10;mq;mq;mq;mq;0.000000;0.000000;mq;0.000000;0.000000;710.000000;1105.000000;mq;mq;mq;mq;mq;mq;mq;mq;mq;mq;mq;mq;mq;mq;
07690;20110930060000;102440;40;2;330;6.200000;291.650000;282.950000;57;30000;2;1;1;0;mq;mq;mq;mq;mq;102110;mq;mq;mq;291.550000;mq;296.250000;mq;291.150000;mq;mq;mq;8.700000;-10;0;0.000000;0.000000;-60;0.000000;0.000000;mq;0.000000;0.000000;710.000000;1109.000000;3100.000000;mq;mq;mq;mq;mq;mq;mq;mq;mq;mq;mq;mq;mq;
07747;20110930060000;102450;40;3;240;1.500000;290.250000;287.750000;85;8000;2;1;1;100;8;150;36;61;60;101920;mq;mq;mq;287.550000;mq;294.050000;mq;284.150000;mq;mq;mq;3.100000;-10;0;0.000000;mq;mq;0.000000;0.000000;mq;0.000000;0.000000;710.000000;1103.000000;mq;mq;8;7;120;mq;mq;mq;mq;mq;mq;mq;mq;mq;
07761;20110930060000;102310;0;5;40;3.600000;287.650000;282.450000;71;15000;2;1;1;0;mq;mq;mq;mq;mq;102200;mq;mq;mq;286.650000;mq;294.950000;mq;286.150000;mq;mq;mq;5.100000;-10;0;0.000000;0.000000;-60;0.000000;0.000000;mq;0.000000;0.000000;710.000000;1105.000000;3100.000000;mq;mq;mq;mq;mq;mq;mq;mq;mq;mq;mq;mq;mq;
07790;20110930060000;102370;40;3;200;2.600000;289.250000;283.750000;70;18000;2;1;1;10;0;8000;30;20;11;102230;mq;mq;mq;288.150000;mq;291.950000;mq;286.150000;mq;mq;mq;4.100000;-10;0;0.000000;0.000000;-60;0.000000;0.000000;mq;0.000000;0.000000;710.000000;1104.000000;3100.000000;mq;1;0;7800;mq;mq;mq;mq;mq;mq;mq;mq;mq;
61968;20110930060000;101680;mq;mq;100;6.700000;300.650000;291.350000;57;mq;mq;mq;mq;mq;mq;mq;mq;mq;mq;mq;mq;mq;mq;297.350000;mq;mq;mq;mq;mq;mq;mq;12.900000;-10;mq;mq;mq;mq;0.000000;mq;mq;mq;0.000000;710.000000;1113.000000;mq;mq;mq;mq;mq;mq;mq;mq;mq;mq;mq;mq;mq;mq;
61970;20110930060000;101730;mq;mq;mq;mq;300.950000;296.150000;75;mq;mq;mq;mq;mq;mq;mq;mq;mq;mq;mq;mq;mq;mq;294.450000;mq;mq;mq;mq;mq;mq;mq;mq;mq;mq;mq;mq;mq;0.000000;mq;mq;mq;0.200000;mq;mq;mq;mq;mq;mq;mq;mq;mq;mq;mq;mq;mq;mq;mq;mq;
61972;20110930060000;101710;mq;mq;100;2.600000;299.250000;294.450000;75;mq;mq;mq;mq;mq;mq;mq;mq;mq;mq;mq;mq;mq;mq;292.450000;mq;mq;mq;mq;mq;mq;mq;5.100000;-10;mq;mq;mq;mq;0.000000;mq;mq;mq;0.400000;710.000000;1105.000000;mq;mq;mq;mq;mq;mq;mq;mq;mq;mq;mq;mq;mq;mq;
61976;20110930060000;101860;mq;mq;120;7.200000;299.550000;292.650000;66;mq;mq;mq;mq;mq;mq;mq;mq;mq;mq;101710;mq;mq;40;mq;mq;mq;mq;mq;mq;mq;mq;mq;mq;mq;mq;mq;mq;mq;mq;mq;mq;mq;mq;mq;mq;mq;mq;mq;mq;mq;mq;mq;mq;mq;mq;mq;mq;mq;
61980;20110930060000;102090;mq;mq;90;8.700000;298.150000;289.050000;57;10000;1;8;2;40;3;800;38;20;10;mq;mq;mq;mq;292.350000;mq;mq;mq;290.150000;mq;mq;mq;13.400000;-10;mq;mq;mq;mq;0.000000;mq;mq;mq;0.200000;710.000000;1113.000000;2437.000000;mq;2;8;900;mq;mq;mq;mq;mq;mq;mq;mq;mq;
61996;20110930060000;101820;mq;mq;250;10.300000;287.550000;231.750000;mq;mq;mq;mq;mq;mq;mq;mq;mq;mq;mq;mq;mq;mq;mq;282.950000;mq;mq;mq;281.150000;mq;mq;mq;17.500000;-10;mq;mq;mq;mq;0.000000;mq;mq;mq;7.000000;710.000000;1117.000000;mq;mq;mq;mq;mq;mq;mq;mq;mq;mq;mq;mq;mq;mq;
67005;20110930060000;101700;mq;mq;60;2.600000;302.650000;294.350000;61;25000;2;1;1;40;3;800;38;20;10;mq;mq;mq;mq;297.950000;mq;mq;mq;297.150000;mq;mq;mq;6.200000;-10;mq;mq;mq;mq;0.000000;mq;mq;mq;0.000000;710.000000;1106.000000;mq;mq;3;8;660;mq;mq;mq;mq;mq;mq;mq;mq;mq;
78897;20110930060000;101100;-110;8;170;2.100000;299.150000;297.050000;88;30000;1;9;2;60;3;450;39;20;13;mq;mq;mq;180;mq;297.150000;mq;304.750000;275.150000;mq;mq;mq;mq;mq;mq;mq;mq;mq;mq;mq;0.000000;mq;0.200000;mq;mq;mq;mq;1;9;450;4;0;7800;mq;mq;mq;mq;mq;mq;
78922;20110930060000;101160;-80;8;220;3.600000;299.550000;296.650000;84;mq;mq;mq;mq;mq;mq;mq;mq;mq;mq;100720;mq;mq;mq;mq;mq;mq;mq;mq;mq;mq;mq;mq;mq;mq;mq;mq;mq;mq;mq;mq;mq;mq;mq;mq;mq;mq;mq;mq;mq;mq;mq;mq;mq;mq;mq;mq;mq;mq;
78925;20110930060000;101180;-140;8;60;1.000000;297.750000;297.050000;96;50000;0;mq;mq;mq;mq;800;mq;mq;mq;mq;mq;mq;140;mq;297.650000;mq;306.450000;mq;mq;mq;mq;mq;mq;mq;mq;mq;mq;mq;mq;0.000000;mq;0.000000;mq;mq;mq;mq;mq;mq;mq;mq;mq;mq;mq;mq;mq;mq;mq;mq;
81401;20110930060000;101190;mq;mq;190;0.500000;296.050000;295.050000;94;mq;mq;mq;mq;mq;mq;mq;mq;mq;mq;101130;mq;mq;mq;mq;mq;mq;mq;mq;mq;mq;mq;mq;mq;mq;mq;mq;mq;mq;0.000000;0.000000;mq;mq;mq;mq;mq;mq;mq;mq;mq;mq;mq;mq;mq;mq;mq;mq;mq;mq;
81405;20110930060000;101210;mq;mq;0;0.000000;296.350000;295.850000;97;14000;0;mq;mq;mq;mq;800;mq;mq;mq;101120;mq;mq;mq;mq;mq;mq;mq;295.150000;mq;mq;mq;mq;mq;mq;mq;mq;mq;mq;0.000000;0.000000;mq;mq;mq;mq;mq;mq;mq;mq;mq;mq;mq;mq;mq;mq;mq;mq;mq;mq;
81408;20110930060000;101220;mq;mq;0;0.000000;295.450000;294.950000;97;mq;mq;mq;mq;mq;mq;mq;mq;mq;mq;101140;mq;mq;mq;mq;mq;mq;mq;mq;mq;mq;mq;mq;mq;mq;mq;mq;mq;0.000000;0.000000;0.000000;mq;mq;mq;mq;mq;mq;mq;mq;mq;mq;mq;mq;mq;mq;mq;mq;mq;mq;
89642;20110930060000;97970;160;3;130;10.800000;261.950000;260.450000;87;40000;1;7;3;90;7;1750;35;21;60;97420;mq;mq;mq;mq;mq;mq;mq;274.150000;mq;mq;mq;27.300000;-60;mq;mq;mq;mq;mq;mq;mq;mq;mq;1127.000000;mq;mq;mq;5;6;1800;7;4;2400;mq;mq;mq;mq;mq;mq;
07005;20110930090000;102440;90;2;160;3.100000;292.650000;287.850000;74;10000;2;1;1;0;mq;mq;mq;mq;mq;101570;mq;mq;mq;mq;mq;mq;mq;mq;mq;mq;mq;4.600000;-10;mq;mq;0.000000;-30;0.000000;0.000000;mq;mq;mq;710.000000;1105.000000;3100.000000;mq;mq;mq;mq;mq;mq;mq;mq;mq;mq;mq;mq;mq;
07015;20110930090000;102510;100;1;160;2.600000;292.550000;286.950000;70;15000;2;1;1;0;mq;mq;mq;mq;mq;101950;mq;mq;mq;mq;mq;mq;mq;mq;mq;mq;mq;4.100000;-10;mq;mq;0.000000;-30;0.000000;0.000000;mq;mq;mq;710.000000;1104.000000;3100.000000;mq;mq;mq;mq;mq;mq;mq;mq;mq;mq;mq;mq;mq;
07020;20110930090000;102210;100;1;180;6.700000;296.350000;285.350000;50;18000;2;1;1;0;mq;mq;mq;mq;mq;101950;mq;mq;mq;mq;mq;mq;mq;mq;mq;mq;mq;11.800000;-10;mq;mq;mq;mq;0.000000;0.000000;mq;mq;mq;710.000000;1112.000000;mq;mq;mq;mq;mq;mq;mq;mq;mq;mq;mq;mq;mq;mq;
07027;20110930090000;102310;100;2;130;3.100000;294.150000;288.450000;70;30000;2;1;1;0;mq;mq;mq;mq;mq;101520;mq;mq;mq;mq;mq;mq;mq;mq;mq;mq;mq;5.100000;-10;mq;mq;0.000000;-30;0.000000;0.000000;mq;mq;mq;710.000000;1105.000000;3100.000000;mq;mq;mq;mq;mq;mq;mq;mq;mq;mq;mq;mq;mq;
07037;20110930090000;102430;100;2;140;3.100000;294.250000;288.550000;70;4400;10;mq;mq;mq;mq;mq;mq;mq;mq;100650;mq;mq;mq;mq;mq;mq;mq;mq;mq;mq;mq;4.600000;-10;mq;mq;mq;mq;0.000000;0.000000;mq;mq;mq;710.000000;1105.000000;mq;mq;mq;mq;mq;mq;mq;mq;mq;mq;mq;mq;mq;mq;
07110;20110930090000;102000;90;3;150;5.100000;293.450000;287.750000;70;15000;2;1;1;25;0;8000;30;20;11;100890;mq;mq;mq;mq;mq;mq;mq;mq;mq;mq;mq;7.200000;-10;mq;mq;mq;mq;0.000000;0.000000;mq;mq;mq;710.000000;1107.000000;mq;mq;2;0;6900;mq;mq;mq;mq;mq;mq;mq;mq;mq;
07117;20110930090000;102050;100;2;170;4.100000;296.350000;286.850000;55;20000;2;1;1;10;1;2250;30;22;10;101370;mq;mq;mq;mq;mq;mq;mq;mq;mq;mq;mq;8.200000;-10;mq;mq;mq;mq;0.000000;0.000000;mq;mq;mq;710.000000;1108.000000;2428.000000;mq;mq;mq;mq;mq;mq;mq;mq;mq;mq;mq;mq;mq;
07130;20110930090000;102270;110;1;110;2.600000;292.750000;285.950000;65;21000;0;mq;mq;mq;mq;mq;mq;mq;mq;101760;mq;mq;mq;mq;mq;mq;mq;mq;mq;mq;mq;5.100000;-10;mq;mq;mq;mq;0.000000;0.000000;mq;mq;mq;710.000000;1105.000000;mq;mq;mq;mq;mq;mq;mq;mq;mq;mq;mq;mq;mq;mq;
07139;20110930090000;102390;120;1;130;0.500000;293.550000;286.050000;62;30000;2;1;1;0;mq;mq;mq;mq;mq;100700;mq;mq;mq;mq;mq;mq;mq;mq;mq;mq;mq;1.500000;-10;mq;mq;0.000000;-30;0.000000;0.000000;mq;mq;mq;710.000000;1102.000000;3100.000000;mq;mq;mq;mq;mq;mq;mq;mq;mq;mq;mq;mq;mq;
07149;20110930090000;102510;110;2;140;1.000000;292.650000;287.250000;71;12000;2;1;1;10;0;8000;30;20;11;101450;mq;mq;mq;mq;mq;mq;mq;mq;mq;mq;mq;2.100000;-10;mq;mq;0.000000;-30;0.000000;0.000000;mq;mq;mq;710.000000;1102.000000;3100.000000;mq;1;0;7500;mq;mq;mq;mq;mq;mq;mq;mq;mq;
07168;20110930090000;102550;90;2;150;1.500000;293.250000;287.350000;69;12000;2;1;1;10;0;8000;30;20;11;101160;mq;mq;mq;mq;mq;mq;mq;mq;mq;mq;mq;3.100000;-10;mq;mq;0.000000;-30;0.000000;0.000000;mq;mq;mq;710.000000;1103.000000;3100.000000;mq;1;0;7500;mq;mq;mq;mq;mq;mq;mq;mq;mq;
07181;20110930090000;102610;110;1;280;1.000000;291.550000;287.850000;79;9000;2;1;1;40;0;8000;30;20;11;98610;mq;mq;mq;mq;mq;mq;mq;mq;mq;mq;mq;2.100000;-10;mq;mq;0.000000;-30;0.000000;0.000000;mq;mq;mq;710.000000;1102.000000;3100.000000;mq;3;0;9000;mq;mq;mq;mq;mq;mq;mq;mq;mq;
07190;20110930090000;102700;80;1;10;1.000000;290.050000;284.750000;71;18000;0;mq;mq;mq;mq;mq;mq;mq;mq;100900;mq;mq;mq;mq;mq;mq;mq;mq;mq;mq;mq;2.600000;-10;mq;mq;mq;mq;0.000000;0.000000;mq;mq;mq;710.000000;1103.000000;mq;mq;mq;mq;mq;mq;mq;mq;mq;mq;mq;mq;mq;mq;
07207;20110930090000;mq;mq;mq;130;6.200000;293.450000;289.250000;77;10000;2;1;1;10;0;8000;30;20;11;mq;mq;mq;mq;mq;mq;mq;mq;mq;mq;mq;mq;9.800000;-10;mq;mq;mq;mq;0.000000;0.000000;mq;mq;mq;710.000000;1110.000000;2427.000000;mq;mq;mq;mq;mq;mq;mq;mq;mq;mq;mq;mq;mq;
07222;20110930090000;102250;120;1;160;4.100000;294.750000;285.850000;57;20000;2;1;1;0;mq;mq;mq;mq;mq;101940;mq;mq;mq;mq;mq;mq;mq;mq;mq;mq;mq;6.700000;-10;mq;mq;mq;mq;0.000000;0.000000;mq;mq;mq;710.000000;1107.000000;mq;mq;mq;mq;mq;mq;mq;mq;mq;mq;mq;mq;mq;mq;
07240;20110930090000;102420;140;1;170;1.500000;293.550000;285.550000;60;19000;0;mq;mq;mq;mq;mq;mq;mq;mq;101100;mq;mq;mq;mq;mq;mq;mq;mq;mq;mq;mq;3.100000;-10;mq;mq;mq;mq;0.000000;0.000000;mq;mq;mq;710.000000;1103.000000;mq;mq;mq;mq;mq;mq;mq;mq;mq;mq;mq;mq;mq;mq;
07255;20110930090000;102510;150;1;110;1.500000;293.650000;287.050000;66;15000;2;1;1;0;mq;mq;mq;mq;mq;100570;mq;mq;mq;mq;mq;mq;mq;mq;mq;mq;mq;3.600000;-10;mq;mq;0.000000;-30;0.000000;0.000000;mq;mq;mq;710.000000;1104.000000;3100.000000;mq;mq;mq;mq;mq;mq;mq;mq;mq;mq;mq;mq;mq;
07280;20110930090000;102620;100;1;70;1.000000;291.550000;287.650000;78;12000;0;mq;mq;mq;mq;mq;mq;mq;mq;99950;mq;mq;mq;mq;mq;mq;mq;mq;mq;mq;mq;2.600000;-10;mq;mq;mq;mq;0.000000;0.000000;mq;mq;mq;710.000000;1103.000000;mq;mq;mq;mq;mq;mq;mq;mq;mq;mq;mq;mq;mq;mq;
07299;20110930090000;102650;60;1;100;3.100000;291.350000;287.050000;76;8000;2;1;1;50;1;450;31;20;11;99450;mq;mq;mq;mq;mq;mq;mq;mq;mq;mq;mq;6.200000;-10;mq;mq;0.000000;-30;0.000000;0.000000;mq;mq;mq;710.000000;1106.000000;3100.000000;mq;1;8;450;4;0;7200;mq;mq;mq;mq;mq;mq;
07314;20110930090000;102290;110;2;150;5.100000;296.850000;285.450000;49;mq;mq;mq;mq;mq;mq;mq;mq;mq;mq;102020;mq;mq;mq;mq;mq;mq;mq;mq;mq;mq;mq;8.700000;-10;mq;mq;mq;mq;0.000000;0.000000;mq;mq;mq;710.000000;1109.000000;mq;mq;mq;mq;mq;mq;mq;mq;mq;mq;mq;mq;mq;mq;
07335;20110930090000;102390;110;1;170;2.100000;295.450000;284.850000;51;30000;2;1;1;0;mq;mq;mq;mq;mq;100990;mq;mq;mq;mq;mq;mq;mq;mq;mq;mq;mq;4.100000;-10;mq;mq;mq;mq;0.000000;0.000000;mq;mq;mq;710.000000;1104.000000;mq;mq;mq;mq;mq;mq;mq;mq;mq;mq;mq;mq;mq;mq;
07434;20110930090000;102440;120;3;110;2.600000;293.750000;282.950000;50;30000;2;1;1;0;mq;mq;mq;mq;mq;97790;mq;mq;mq;mq;mq;mq;mq;mq;mq;mq;mq;4.100000;-10;mq;mq;0.000000;-30;0.000000;0.000000;mq;mq;mq;710.000000;1104.000000;3100.000000;mq;mq;mq;mq;mq;mq;mq;mq;mq;mq;mq;mq;mq;
07460;20110930090000;102520;70;1;190;2.100000;292.250000;283.750000;58;50000;2;1;1;0;mq;mq;mq;mq;mq;98720;mq;mq;mq;mq;mq;mq;mq;mq;mq;mq;mq;5.100000;-10;mq;mq;0.000000;-30;0.000000;0.000000;mq;mq;mq;710.000000;1105.000000;3100.000000;mq;mq;mq;mq;mq;mq;mq;mq;mq;mq;mq;mq;mq;
07471;20110930090000;mq;40;3;200;0.500000;290.350000;282.050000;58;35000;2;1;1;0;mq;mq;mq;mq;mq;93100;85000;18510;mq;mq;mq;mq;mq;mq;mq;mq;mq;1.500000;-10;mq;mq;0.000000;-30;0.000000;0.000000;mq;mq;mq;710.000000;1102.000000;3100.000000;mq;mq;mq;mq;mq;mq;mq;mq;mq;mq;mq;mq;mq;
07481;20110930090000;102590;90;2;0;0.000000;293.150000;286.850000;67;12000;2;1;1;0;mq;mq;mq;mq;mq;99790;mq;mq;mq;mq;mq;mq;mq;mq;mq;mq;mq;1.500000;-10;mq;mq;0.000000;-30;0.000000;0.000000;mq;mq;mq;710.000000;1102.000000;3100.000000;mq;mq;mq;mq;mq;mq;mq;mq;mq;mq;mq;mq;mq;
07510;20110930090000;102290;120;1;120;5.100000;294.650000;282.550000;46;20000;2;1;1;0;mq;mq;mq;mq;mq;101660;mq;mq;mq;mq;mq;mq;mq;mq;mq;mq;mq;7.700000;-10;mq;mq;0.000000;-30;0.000000;0.000000;mq;mq;mq;710.000000;1108.000000;3100.000000;mq;mq;mq;mq;mq;mq;mq;mq;mq;mq;mq;mq;mq;
07535;20110930090000;102380;90;1;290;1.000000;294.650000;284.350000;52;25000;2;1;1;0;mq;mq;mq;mq;mq;99350;mq;mq;mq;mq;mq;mq;mq;mq;mq;mq;mq;2.600000;-10;mq;mq;0.000000;-30;0.000000;0.000000;mq;mq;mq;710.000000;1103.000000;3100.000000;mq;mq;mq;mq;mq;mq;mq;mq;mq;mq;mq;mq;mq;
07558;20110930090000;102400;80;2;120;3.600000;294.350000;279.050000;37;40000;2;1;1;0;mq;mq;mq;mq;mq;94330;mq;mq;mq;mq;mq;mq;mq;mq;mq;mq;mq;5.700000;-10;mq;mq;0.000000;-30;0.000000;0.000000;mq;mq;mq;710.000000;1106.000000;3100.000000;mq;mq;mq;mq;mq;mq;mq;mq;mq;mq;mq;mq;mq;
07577;20110930090000;102610;70;1;10;3.100000;292.450000;284.950000;62;20000;2;1;1;0;mq;mq;mq;mq;mq;101730;mq;mq;mq;mq;mq;mq;mq;mq;mq;mq;mq;4.600000;-10;mq;mq;0.000000;-30;0.000000;0.000000;mq;mq;mq;710.000000;1105.000000;3100.000000;mq;mq;mq;mq;mq;mq;mq;mq;mq;mq;mq;mq;mq;
07591;20110930090000;mq;-10;8;60;2.600000;292.150000;275.950000;34;mq;0;mq;mq;mq;mq;mq;mq;mq;mq;92640;mq;mq;mq;mq;mq;mq;mq;mq;mq;mq;mq;8.200000;-10;mq;mq;mq;mq;0.000000;0.000000;mq;mq;mq;710.000000;1108.000000;mq;mq;mq;mq;mq;mq;mq;mq;mq;mq;mq;mq;mq;mq;
07607;20110930090000;102270;90;1;110;2.600000;292.850000;286.350000;66;17000;0;mq;mq;mq;mq;mq;mq;mq;mq;101570;mq;mq;mq;mq;mq;mq;mq;mq;mq;mq;mq;5.100000;-10;mq;mq;mq;mq;0.000000;0.000000;mq;mq;mq;710.000000;1105.000000;mq;mq;mq;mq;mq;mq;mq;mq;mq;mq;mq;mq;mq;mq;
07621;20110930090000;102160;110;1;180;0.500000;297.050000;285.050000;47;40000;2;1;1;0;mq;mq;mq;mq;mq;98010;mq;mq;mq;mq;mq;mq;mq;mq;mq;mq;mq;3.600000;-10;mq;mq;0.000000;-30;0.000000;0.000000;mq;mq;mq;710.000000;1104.000000;3100.000000;mq;mq;mq;mq;mq;mq;mq;mq;mq;mq;mq;mq;mq;
07627;20110930090000;102200;70;3;120;2.600000;294.550000;285.450000;56;mq;mq;mq;mq;mq;mq;mq;mq;mq;mq;97490;mq;mq;mq;mq;mq;mq;mq;mq;mq;mq;mq;5.700000;-10;mq;mq;mq;mq;0.000000;0.000000;mq;mq;mq;710.000000;1106.000000;mq;mq;mq;mq;mq;mq;mq;mq;mq;mq;mq;mq;mq;mq;
07630;20110930090000;102310;80;1;120;7.200000;296.350000;283.450000;44;20000;2;1;1;0;mq;mq;mq;mq;mq;100570;mq;mq;mq;mq;mq;mq;mq;mq;mq;mq;mq;11.300000;-10;mq;mq;0.000000;-30;0.000000;0.000000;mq;mq;mq;710.000000;1111.000000;3100.000000;mq;mq;mq;mq;mq;mq;mq;mq;mq;mq;mq;mq;mq;
07643;20110930090000;102570;120;3;40;3.600000;295.750000;283.850000;47;25000;2;1;1;0;mq;mq;mq;mq;mq;102480;mq;mq;mq;mq;mq;mq;mq;mq;mq;mq;mq;5.100000;-10;mq;mq;mq;mq;0.000000;0.000000;mq;mq;mq;710.000000;1105.000000;mq;mq;mq;mq;mq;mq;mq;mq;mq;mq;mq;mq;mq;mq;
07650;20110930090000;102500;90;1;270;2.100000;297.650000;286.850000;51;25000;2;1;1;10;0;8000;30;20;12;102130;mq;mq;mq;mq;mq;mq;mq;mq;mq;mq;mq;3.600000;-10;mq;mq;0.000000;-30;0.000000;0.000000;mq;mq;mq;710.000000;1104.000000;3100.000000;mq;1;0;7500;mq;mq;mq;mq;mq;mq;mq;mq;mq;
07661;20110930090000;102500;140;3;110;4.100000;297.450000;285.050000;46;20000;2;1;1;10;0;8000;30;20;11;100950;mq;mq;mq;mq;mq;mq;mq;mq;mq;mq;mq;6.200000;-10;mq;mq;mq;mq;0.000000;0.000000;mq;mq;mq;710.000000;1106.000000;mq;mq;1;0;5400;mq;mq;mq;mq;mq;mq;mq;mq;mq;
07690;20110930090000;102520;80;3;330;2.600000;298.150000;283.950000;41;30000;2;1;1;25;0;mq;30;20;12;102190;mq;mq;mq;mq;mq;mq;mq;mq;mq;mq;mq;7.700000;-10;mq;mq;0.000000;-30;0.000000;0.000000;mq;mq;mq;710.000000;1108.000000;3100.000000;mq;2;0;7800;mq;mq;mq;mq;mq;mq;mq;mq;mq;
07747;20110930090000;102540;100;1;140;0.500000;295.450000;289.450000;69;12000;2;1;1;10;1;450;31;20;10;102020;mq;mq;mq;mq;mq;mq;mq;mq;mq;mq;mq;2.600000;-10;mq;mq;mq;mq;0.000000;0.000000;mq;mq;mq;710.000000;1103.000000;mq;mq;1;8;450;mq;mq;mq;mq;mq;mq;mq;mq;mq;
07761;20110930090000;102390;80;3;230;1.500000;297.050000;283.750000;43;22000;2;1;1;0;mq;mq;mq;mq;mq;102280;mq;mq;mq;mq;mq;mq;mq;mq;mq;mq;mq;2.600000;-10;mq;mq;0.000000;-30;0.000000;0.000000;mq;mq;mq;710.000000;1103.000000;3100.000000;mq;mq;mq;mq;mq;mq;mq;mq;mq;mq;mq;mq;mq;
07790;20110930090000;102460;90;3;350;4.100000;298.250000;285.850000;46;30000;2;1;1;10;0;8000;30;20;11;102320;mq;mq;mq;mq;mq;mq;mq;mq;mq;mq;mq;6.700000;-10;mq;mq;0.000000;-30;0.000000;0.000000;mq;mq;mq;710.000000;1107.000000;3100.000000;mq;1;0;7800;mq;mq;mq;mq;mq;mq;mq;mq;mq;
61968;20110930090000;101550;mq;mq;100;5.700000;302.250000;291.050000;51;mq;mq;mq;mq;mq;mq;mq;mq;mq;mq;mq;mq;mq;70;mq;mq;mq;mq;mq;mq;mq;mq;9.800000;-10;mq;mq;mq;mq;0.000000;0.000000;mq;mq;mq;710.000000;1110.000000;mq;mq;mq;mq;mq;mq;mq;mq;mq;mq;mq;mq;mq;mq;
61970;20110930090000;101650;mq;mq;mq;mq;302.450000;296.450000;70;mq;mq;mq;mq;mq;mq;mq;mq;mq;mq;mq;mq;mq;100;mq;mq;mq;mq;mq;mq;mq;mq;mq;mq;mq;mq;mq;mq;0.000000;0.000000;mq;mq;mq;mq;mq;mq;mq;mq;mq;mq;mq;mq;mq;mq;mq;mq;mq;mq;mq;
61972;20110930090000;101650;mq;mq;290;1.500000;298.850000;294.750000;78;mq;mq;mq;mq;mq;mq;mq;mq;mq;mq;mq;mq;mq;mq;mq;mq;mq;mq;mq;mq;mq;mq;4.600000;-10;mq;mq;mq;mq;0.000000;0.000000;mq;mq;mq;710.000000;1105.000000;mq;mq;mq;mq;mq;mq;mq;mq;mq;mq;mq;mq;mq;mq;
61976;20110930090000;101710;mq;mq;120;7.200000;300.550000;292.650000;62;mq;mq;mq;mq;mq;mq;mq;mq;mq;mq;101560;mq;mq;10;mq;mq;mq;mq;mq;mq;mq;mq;mq;mq;mq;mq;mq;mq;mq;0.000000;mq;mq;mq;mq;mq;mq;mq;mq;mq;mq;mq;mq;mq;mq;mq;mq;mq;mq;mq;
61980;20110930090000;101910;mq;mq;80;10.800000;299.050000;290.950000;61;10000;1;8;2;50;4;800;38;20;10;mq;mq;mq;30;mq;mq;mq;mq;mq;mq;mq;mq;12.900000;-10;mq;mq;mq;mq;0.000000;0.000000;mq;mq;mq;710.000000;1113.000000;2437.000000;mq;2;8;900;mq;mq;mq;mq;mq;mq;mq;mq;mq;
61996;20110930090000;101880;mq;mq;270;8.700000;287.450000;231.650000;mq;mq;mq;mq;mq;mq;mq;mq;mq;mq;mq;mq;mq;mq;880;mq;mq;mq;mq;mq;mq;mq;mq;14.400000;-10;mq;mq;mq;mq;0.000000;0.000000;mq;mq;mq;710.000000;1114.000000;mq;mq;mq;mq;mq;mq;mq;mq;mq;mq;mq;mq;mq;mq;
61997;20110930090000;100340;mq;mq;150;6.700000;274.750000;274.150000;96;mq;mq;mq;mq;mq;mq;mq;mq;mq;mq;mq;mq;mq;mq;mq;mq;mq;mq;mq;mq;mq;mq;mq;mq;mq;mq;mq;mq;mq;1.000000;mq;mq;mq;mq;mq;mq;mq;mq;mq;mq;mq;mq;mq;mq;mq;mq;mq;mq;mq;
61998;20110930090000;99200;mq;mq;280;17.000000;277.950000;270.650000;59;20000;2;1;1;60;4;800;34;23;10;mq;mq;mq;1240;mq;mq;mq;mq;mq;mq;mq;mq;22.600000;-10;mq;mq;mq;mq;0.000000;0.000000;mq;mq;mq;710.000000;1123.000000;mq;mq;4;6;690;mq;mq;mq;mq;mq;mq;mq;mq;mq;
67005;20110930090000;101590;mq;mq;70;3.600000;302.650000;293.550000;58;25000;2;1;1;40;3;800;38;20;11;mq;mq;mq;60;mq;mq;mq;mq;mq;mq;mq;mq;5.700000;-10;mq;mq;mq;mq;0.000000;0.000000;mq;mq;mq;710.000000;1106.000000;mq;mq;3;8;660;mq;mq;mq;mq;mq;mq;mq;mq;mq;
78897;20110930090000;101130;30;3;120;2.100000;298.550000;296.950000;91;30000;2;1;1;60;3;450;39;20;13;mq;mq;mq;250;mq;mq;mq;mq;mq;mq;mq;mq;mq;mq;mq;mq;mq;mq;mq;mq;mq;mq;mq;mq;mq;mq;mq;1;9;450;4;0;7800;mq;mq;mq;mq;mq;mq;
78922;20110930090000;101140;-20;5;220;4.100000;299.550000;296.850000;85;mq;mq;mq;mq;mq;mq;mq;mq;mq;mq;100700;mq;mq;mq;mq;mq;mq;mq;mq;mq;mq;mq;mq;mq;mq;mq;mq;mq;mq;mq;mq;mq;mq;mq;mq;mq;mq;mq;mq;mq;mq;mq;mq;mq;mq;mq;mq;mq;mq;
78925;20110930090000;101160;-20;5;80;1.000000;297.150000;296.650000;97;40000;0;mq;mq;mq;mq;800;mq;mq;mq;mq;mq;mq;160;mq;mq;mq;mq;mq;mq;mq;mq;mq;mq;mq;mq;mq;mq;mq;mq;mq;mq;mq;mq;mq;mq;mq;mq;mq;mq;mq;mq;mq;mq;mq;mq;mq;mq;mq;
81401;20110930090000;101210;mq;mq;0;0.000000;294.850000;294.150000;96;mq;mq;mq;mq;mq;mq;mq;mq;mq;mq;101150;mq;mq;mq;mq;mq;mq;mq;mq;mq;mq;mq;mq;mq;mq;mq;mq;mq;mq;0.000000;mq;mq;mq;mq;mq;mq;mq;mq;mq;mq;mq;mq;mq;mq;mq;mq;mq;mq;mq;
81405;20110930090000;101220;mq;mq;0;0.000000;295.850000;295.650000;99;15000;0;mq;mq;90;mq;800;mq;mq;mq;101130;mq;mq;mq;mq;mq;mq;mq;mq;mq;mq;mq;mq;mq;mq;mq;mq;mq;mq;0.000000;mq;mq;mq;mq;mq;mq;mq;mq;mq;mq;mq;mq;mq;mq;mq;mq;mq;mq;mq;
81408;20110930090000;101190;mq;mq;330;0.500000;295.250000;294.950000;98;mq;mq;mq;mq;mq;mq;mq;mq;mq;mq;101110;mq;mq;mq;mq;mq;mq;mq;mq;mq;mq;mq;mq;mq;mq;mq;mq;mq;0.000000;0.000000;mq;mq;mq;mq;mq;mq;mq;mq;mq;mq;mq;mq;mq;mq;mq;mq;mq;mq;mq;
89642;20110930090000;98170;200;2;10;2.600000;261.250000;255.950000;61;40000;2;1;1;90;7;1750;35;21;60;97620;mq;mq;mq;mq;mq;mq;mq;mq;mq;mq;mq;16.500000;-30;mq;mq;mq;mq;mq;mq;mq;mq;mq;1116.000000;mq;mq;mq;6;6;1800;7;4;2400;mq;mq;mq;mq;mq;mq;
07005;20110930120000;102390;-40;8;140;3.100000;298.750000;288.450000;53;20000;2;1;1;10;0;mq;30;20;11;101530;mq;mq;mq;mq;mq;mq;mq;mq;mq;mq;mq;5.100000;-10;mq;mq;0.000000;-60;0.000000;0.000000;0.000000;mq;mq;710.000000;1105.000000;3100.000000;mq;1;0;7500;mq;mq;mq;mq;mq;mq;mq;mq;mq;
07015;20110930120000;102460;-40;8;170;3.100000;297.150000;288.650000;59;15000;2;1;1;0;mq;mq;mq;mq;mq;101910;mq;mq;mq;mq;mq;mq;mq;mq;mq;mq;mq;4.600000;-10;mq;mq;0.000000;-60;0.000000;0.000000;0.000000;mq;mq;710.000000;1105.000000;3100.000000;mq;mq;mq;mq;mq;mq;mq;mq;mq;mq;mq;mq;mq;
07020;20110930120000;102210;10;0;170;7.700000;299.550000;285.250000;41;18000;2;1;1;25;0;8000;30;20;15;101960;mq;mq;mq;mq;mq;mq;mq;mq;mq;mq;mq;11.300000;-10;mq;mq;mq;mq;0.000000;0.000000;0.000000;mq;mq;710.000000;1111.000000;mq;mq;2;0;6000;mq;mq;mq;mq;mq;mq;mq;mq;mq;
07027;20110930120000;102260;-30;8;160;3.100000;300.950000;286.150000;40;50000;2;1;1;0;mq;mq;mq;mq;mq;101490;mq;mq;mq;mq;mq;mq;mq;mq;mq;mq;mq;5.100000;-10;mq;mq;0.000000;-60;0.000000;0.000000;0.000000;mq;mq;710.000000;1105.000000;3100.000000;mq;mq;mq;mq;mq;mq;mq;mq;mq;mq;mq;mq;mq;
07037;20110930120000;102330;-60;8;140;4.600000;299.250000;288.950000;53;20000;2;1;1;0;mq;mq;mq;mq;mq;100590;mq;mq;mq;mq;mq;mq;mq;mq;mq;mq;mq;7.200000;-10;mq;mq;0.000000;-60;0.000000;0.000000;0.000000;mq;mq;710.000000;1107.000000;3100.000000;mq;mq;mq;mq;mq;mq;mq;mq;mq;mq;mq;mq;mq;
07110;20110930120000;101940;-40;6;170;6.700000;299.650000;288.350000;50;25000;2;1;1;60;2;3500;30;23;11;100850;mq;mq;mq;mq;mq;mq;mq;mq;mq;mq;mq;9.800000;-10;mq;mq;mq;mq;0.000000;0.000000;0.000000;mq;mq;710.000000;1110.000000;mq;mq;2;3;3300;4;0;6900;mq;mq;mq;mq;mq;mq;
07117;20110930120000;102000;-30;7;190;4.600000;303.150000;284.150000;31;17000;2;1;1;40;1;2250;30;22;18;101340;mq;mq;mq;mq;mq;mq;mq;mq;mq;mq;mq;8.700000;-10;mq;mq;mq;mq;0.000000;0.000000;0.000000;mq;mq;710.000000;1109.000000;2427.000000;mq;mq;mq;mq;mq;mq;mq;mq;mq;mq;mq;mq;mq;
07130;20110930120000;102200;-50;8;140;3.100000;300.950000;286.450000;41;27000;0;mq;mq;mq;mq;mq;mq;mq;mq;101710;mq;mq;mq;mq;mq;mq;mq;mq;mq;mq;mq;5.700000;-10;mq;mq;mq;mq;0.000000;0.000000;0.000000;mq;mq;710.000000;1106.000000;mq;mq;mq;mq;mq;mq;mq;mq;mq;mq;mq;mq;mq;mq;
07139;20110930120000;102330;-30;8;160;1.500000;299.050000;285.150000;42;30000;2;1;1;0;mq;mq;mq;mq;mq;100670;mq;mq;mq;mq;mq;mq;mq;mq;mq;mq;mq;4.600000;-10;mq;mq;0.000000;-60;0.000000;0.000000;0.000000;mq;mq;710.000000;1105.000000;3100.000000;mq;mq;mq;mq;mq;mq;mq;mq;mq;mq;mq;mq;mq;
07149;20110930120000;102400;-90;8;150;1.500000;300.250000;286.950000;44;18000;2;1;1;10;0;8000;30;20;11;101360;mq;mq;mq;mq;mq;mq;mq;mq;mq;mq;mq;4.100000;-10;mq;mq;0.000000;-60;0.000000;0.000000;0.000000;mq;mq;710.000000;1104.000000;3100.000000;mq;1;0;7500;mq;mq;mq;mq;mq;mq;mq;mq;mq;
07168;20110930120000;102460;-60;7;70;1.500000;299.250000;287.350000;48;18000;2;1;1;10;0;8000;30;20;11;101100;mq;mq;mq;mq;mq;mq;mq;mq;mq;mq;mq;3.600000;-10;mq;mq;0.000000;-60;0.000000;0.000000;0.000000;mq;mq;710.000000;1104.000000;3100.000000;mq;1;0;7500;mq;mq;mq;mq;mq;mq;mq;mq;mq;
07181;20110930120000;102470;-60;8;250;1.000000;296.950000;287.950000;57;29000;0;mq;mq;mq;mq;mq;mq;mq;mq;98550;mq;mq;mq;mq;mq;mq;mq;mq;mq;mq;mq;2.600000;-10;mq;mq;mq;mq;0.000000;0.000000;0.000000;mq;mq;710.000000;1103.000000;mq;mq;mq;mq;mq;mq;mq;mq;mq;mq;mq;mq;mq;mq;
07190;20110930120000;102560;-100;8;360;1.000000;295.650000;286.750000;57;12000;0;mq;mq;mq;mq;mq;mq;mq;mq;100800;mq;mq;mq;mq;mq;mq;mq;mq;mq;mq;mq;2.600000;-10;mq;mq;mq;mq;0.000000;0.000000;0.000000;mq;mq;710.000000;1103.000000;mq;mq;mq;mq;mq;mq;mq;mq;mq;mq;mq;mq;mq;mq;
07207;20110930120000;mq;mq;mq;130;5.100000;294.050000;290.050000;78;10000;2;1;1;25;0;8000;30;20;18;mq;mq;mq;mq;mq;mq;mq;mq;mq;mq;mq;mq;9.800000;-10;mq;mq;mq;mq;0.000000;0.000000;0.000000;mq;mq;710.000000;1110.000000;2427.000000;mq;mq;mq;mq;mq;mq;mq;mq;mq;mq;mq;mq;mq;
07222;20110930120000;102200;-40;8;170;4.100000;300.450000;284.450000;37;20000;2;1;1;0;mq;mq;mq;mq;mq;101900;mq;mq;mq;mq;mq;mq;mq;mq;mq;mq;mq;7.200000;-10;mq;mq;mq;mq;0.000000;0.000000;0.000000;mq;mq;710.000000;1107.000000;mq;mq;mq;mq;mq;mq;mq;mq;mq;mq;mq;mq;mq;mq;
07240;20110930120000;102350;-40;8;160;1.500000;300.350000;285.550000;40;19000;0;mq;mq;mq;mq;mq;mq;mq;mq;101060;mq;mq;mq;mq;mq;mq;mq;mq;mq;mq;mq;3.600000;-10;mq;mq;mq;mq;0.000000;0.000000;0.000000;mq;mq;710.000000;1104.000000;mq;mq;mq;mq;mq;mq;mq;mq;mq;mq;mq;mq;mq;mq;
07255;20110930120000;102390;-80;8;360;1.500000;300.450000;283.250000;34;20000;2;1;1;0;mq;mq;mq;mq;mq;100490;mq;mq;mq;mq;mq;mq;mq;mq;mq;mq;mq;3.600000;-10;mq;mq;0.000000;-60;0.000000;0.000000;0.000000;mq;mq;710.000000;1104.000000;3100.000000;mq;mq;mq;mq;mq;mq;mq;mq;mq;mq;mq;mq;mq;
07280;20110930120000;102480;-80;8;140;1.000000;297.650000;288.550000;57;19000;0;mq;mq;mq;mq;mq;mq;mq;mq;99870;mq;mq;mq;mq;mq;mq;mq;mq;mq;mq;mq;3.100000;-10;mq;mq;mq;mq;0.000000;0.000000;0.000000;mq;mq;710.000000;1103.000000;mq;mq;mq;mq;mq;mq;mq;mq;mq;mq;mq;mq;mq;mq;
07299;20110930120000;102500;-100;8;100;1.500000;296.050000;287.650000;59;12000;2;1;1;0;mq;mq;mq;mq;mq;99350;mq;mq;mq;mq;mq;mq;mq;mq;mq;mq;mq;5.100000;-10;mq;mq;0.000000;-60;0.000000;0.000000;0.000000;mq;mq;710.000000;1105.000000;3100.000000;mq;mq;mq;mq;mq;mq;mq;mq;mq;mq;mq;mq;mq;
07314;20110930120000;102220;-60;8;150;6.200000;301.450000;284.050000;34;12000;2;1;1;0;mq;mq;mq;mq;mq;101960;mq;mq;mq;mq;mq;mq;mq;mq;mq;mq;mq;10.300000;-10;mq;mq;mq;mq;0.000000;0.000000;0.000000;mq;mq;710.000000;1110.000000;2427.000000;mq;mq;mq;mq;mq;mq;mq;mq;mq;mq;mq;mq;mq;
07335;20110930120000;102310;-50;8;200;4.600000;301.250000;282.050000;30;30000;2;1;1;0;mq;mq;mq;mq;mq;100940;mq;mq;mq;mq;mq;mq;mq;mq;mq;mq;mq;7.700000;-10;mq;mq;mq;mq;0.000000;0.000000;0.000000;mq;mq;710.000000;1108.000000;mq;mq;mq;mq;mq;mq;mq;mq;mq;mq;mq;mq;mq;mq;
07434;20110930120000;102290;-60;8;180;2.600000;299.450000;280.950000;31;30000;2;1;1;0;mq;mq;mq;mq;mq;97730;mq;mq;mq;mq;mq;mq;mq;mq;mq;mq;mq;6.700000;-10;mq;mq;0.000000;-60;0.000000;0.000000;0.000000;mq;mq;710.000000;1107.000000;3100.000000;mq;mq;mq;mq;mq;mq;mq;mq;mq;mq;mq;mq;mq;
07460;20110930120000;102310;-110;8;60;0.500000;299.850000;281.750000;32;50000;2;1;1;0;mq;mq;mq;mq;mq;98610;mq;mq;mq;mq;mq;mq;mq;mq;mq;mq;mq;2.600000;-10;mq;mq;0.000000;-60;0.000000;0.000000;0.000000;mq;mq;710.000000;1103.000000;3100.000000;mq;mq;mq;mq;mq;mq;mq;mq;mq;mq;mq;mq;mq;
07471;20110930120000;mq;-90;8;100;2.100000;297.550000;279.350000;31;35000;2;1;1;10;1;1250;31;20;10;93010;85000;18450;mq;mq;mq;mq;mq;mq;mq;mq;mq;5.100000;-10;mq;mq;0.000000;-60;0.000000;0.000000;0.000000;mq;mq;710.000000;1105.000000;3100.000000;mq;1;8;1380;mq;mq;mq;mq;mq;mq;mq;mq;mq;
07481;20110930120000;102430;-110;8;20;0.500000;298.450000;286.350000;47;18000;2;1;1;10;0;8000;30;20;11;99680;mq;mq;mq;mq;mq;mq;mq;mq;mq;mq;mq;1.500000;-10;mq;mq;0.000000;-60;0.000000;0.000000;0.000000;mq;mq;710.000000;1102.000000;3100.000000;mq;1;0;7500;mq;mq;mq;mq;mq;mq;mq;mq;mq;
07510;20110930120000;102180;-100;8;110;5.100000;299.850000;282.250000;33;30000;2;1;1;0;mq;mq;mq;mq;mq;101560;mq;mq;mq;mq;mq;mq;mq;mq;mq;mq;mq;7.200000;-10;mq;mq;0.000000;-60;0.000000;0.000000;0.000000;mq;mq;710.000000;1107.000000;3100.000000;mq;mq;mq;mq;mq;mq;mq;mq;mq;mq;mq;mq;mq;
07535;20110930120000;102210;-90;8;160;5.100000;301.950000;279.950000;25;30000;2;1;1;0;mq;mq;mq;mq;mq;99260;mq;mq;mq;mq;mq;mq;mq;mq;mq;mq;mq;10.300000;-10;mq;mq;0.000000;-60;0.000000;0.000000;0.000000;mq;mq;710.000000;1110.000000;3100.000000;mq;mq;mq;mq;mq;mq;mq;mq;mq;mq;mq;mq;mq;
07558;20110930120000;102270;-30;8;150;7.200000;297.950000;279.150000;30;40000;2;1;1;0;mq;mq;mq;mq;mq;94300;mq;mq;mq;mq;mq;mq;mq;mq;mq;mq;mq;12.300000;-10;mq;mq;0.000000;-60;0.000000;0.000000;0.000000;mq;mq;710.000000;1112.000000;3100.000000;mq;mq;mq;mq;mq;mq;mq;mq;mq;mq;mq;mq;mq;
07577;20110930120000;102440;-140;8;190;2.100000;300.750000;283.050000;33;30000;2;1;1;0;mq;mq;mq;mq;mq;101590;mq;mq;mq;mq;mq;mq;mq;mq;mq;mq;mq;4.100000;-10;mq;mq;0.000000;-60;0.000000;0.000000;0.000000;mq;mq;710.000000;1104.000000;3100.000000;mq;mq;mq;mq;mq;mq;mq;mq;mq;mq;mq;mq;mq;
07591;20110930120000;mq;-110;8;210;4.100000;296.350000;279.650000;34;mq;0;mq;mq;mq;mq;mq;mq;mq;mq;92530;mq;mq;mq;mq;mq;mq;mq;mq;mq;mq;mq;7.200000;-10;mq;mq;mq;mq;0.000000;0.000000;0.000000;mq;mq;710.000000;1107.000000;mq;mq;mq;mq;mq;mq;mq;mq;mq;mq;mq;mq;mq;mq;
07607;20110930120000;102170;-80;8;90;1.000000;300.650000;286.550000;42;17000;0;mq;mq;mq;mq;mq;mq;mq;mq;101490;mq;mq;mq;mq;mq;mq;mq;mq;mq;mq;mq;3.100000;-10;mq;mq;mq;mq;0.000000;0.000000;0.000000;mq;mq;710.000000;1103.000000;mq;mq;mq;mq;mq;mq;mq;mq;mq;mq;mq;mq;mq;mq;
07621;20110930120000;102110;-20;8;80;2.600000;299.150000;284.850000;41;35000;2;1;1;10;1;2250;32;20;10;97990;mq;mq;mq;mq;mq;mq;mq;mq;mq;mq;mq;5.100000;-10;mq;mq;0.000000;-60;0.000000;0.000000;0.000000;mq;mq;710.000000;1105.000000;3100.000000;mq;1;8;2400;mq;mq;mq;mq;mq;mq;mq;mq;mq;
07627;20110930120000;102100;-30;8;100;2.100000;298.950000;285.750000;44;50000;2;1;1;10;1;2250;31;20;10;97460;mq;mq;mq;mq;mq;mq;mq;mq;mq;mq;mq;4.100000;-10;mq;mq;0.000000;-60;0.000000;0.000000;0.000000;mq;mq;710.000000;1104.000000;3100.000000;mq;1;8;1800;mq;mq;mq;mq;mq;mq;mq;mq;mq;
07630;20110930120000;102210;-80;8;140;7.700000;300.650000;280.550000;28;25000;2;1;1;0;mq;mq;mq;mq;mq;100490;mq;mq;mq;mq;mq;mq;mq;mq;mq;mq;mq;12.300000;-10;mq;mq;0.000000;-60;0.000000;0.000000;0.000000;mq;mq;710.000000;1112.000000;3100.000000;mq;mq;mq;mq;mq;mq;mq;mq;mq;mq;mq;mq;mq;
07643;20110930120000;102510;-60;8;150;2.100000;299.850000;281.750000;32;25000;2;1;1;10;0;8000;30;20;11;102420;mq;mq;mq;mq;mq;mq;mq;mq;mq;mq;mq;2.600000;-10;mq;mq;mq;mq;0.000000;0.000000;0.000000;mq;mq;710.000000;1103.000000;mq;mq;1;0;7800;mq;mq;mq;mq;mq;mq;mq;mq;mq;
07650;20110930120000;102440;-60;8;210;3.100000;301.150000;282.950000;32;30000;2;1;1;25;1;1750;31;20;12;102070;mq;mq;mq;mq;mq;mq;mq;mq;mq;mq;mq;6.700000;-10;mq;mq;0.000000;-60;0.000000;0.000000;0.000000;mq;mq;710.000000;1107.000000;3100.000000;mq;1;8;1800;mq;mq;mq;mq;mq;mq;mq;mq;mq;
07661;20110930120000;102470;-30;7;110;4.600000;297.250000;288.750000;59;mq;mq;mq;mq;mq;mq;mq;mq;mq;mq;100920;mq;mq;mq;mq;mq;mq;mq;mq;mq;mq;mq;7.700000;-10;mq;mq;mq;mq;0.000000;0.000000;0.000000;mq;mq;710.000000;1108.000000;mq;mq;mq;mq;mq;mq;mq;mq;mq;mq;mq;mq;mq;mq;
07690;20110930120000;102490;-30;7;180;3.100000;298.550000;290.750000;62;20000;2;1;1;40;1;800;31;20;12;102160;mq;mq;mq;mq;mq;mq;mq;mq;mq;mq;mq;4.100000;-10;mq;mq;0.000000;-60;0.000000;0.000000;0.000000;mq;mq;710.000000;1104.000000;3100.000000;mq;1;8;600;3;0;7800;mq;mq;mq;mq;mq;mq;
07747;20110930120000;102440;-90;8;100;3.600000;298.550000;289.450000;57;15000;2;1;1;0;mq;mq;mq;mq;mq;101930;mq;mq;mq;mq;mq;mq;mq;mq;mq;mq;mq;8.700000;-10;mq;mq;mq;mq;0.000000;0.000000;0.000000;mq;mq;710.000000;1109.000000;mq;mq;mq;mq;mq;mq;mq;mq;mq;mq;mq;mq;mq;mq;
07761;20110930120000;102310;-70;8;200;6.700000;298.750000;291.150000;63;16000;2;1;1;10;1;30;31;20;10;102210;mq;mq;mq;mq;mq;mq;mq;mq;mq;mq;mq;8.200000;-10;mq;mq;0.000000;-60;0.000000;0.000000;0.000000;mq;mq;710.000000;1108.000000;3100.000000;mq;1;8;30;mq;mq;mq;mq;mq;mq;mq;mq;mq;
07790;20110930120000;102400;-60;8;360;4.100000;298.750000;285.550000;44;50000;2;1;1;10;0;8000;30;20;11;102260;mq;mq;mq;mq;mq;mq;mq;mq;mq;mq;mq;6.200000;-10;mq;mq;0.000000;-60;0.000000;0.000000;0.000000;mq;mq;710.000000;1106.000000;3100.000000;mq;1;0;7800;mq;mq;mq;mq;mq;mq;mq;mq;mq;
61968;20110930120000;101360;mq;mq;90;4.100000;302.250000;292.250000;55;mq;mq;mq;mq;mq;mq;mq;mq;mq;mq;mq;mq;mq;50;mq;mq;mq;mq;mq;mq;mq;mq;8.700000;-10;mq;mq;mq;mq;0.000000;mq;0.000000;mq;mq;710.000000;1109.000000;mq;mq;mq;mq;mq;mq;mq;mq;mq;mq;mq;mq;mq;mq;
61970;20110930120000;101460;mq;mq;mq;mq;302.750000;296.250000;68;mq;mq;mq;mq;mq;mq;mq;mq;mq;mq;mq;mq;mq;60;mq;mq;mq;mq;mq;mq;mq;mq;mq;mq;mq;mq;mq;mq;0.000000;mq;0.000000;mq;mq;mq;mq;mq;mq;mq;mq;mq;mq;mq;mq;mq;mq;mq;mq;mq;mq;
61972;20110930120000;101520;mq;mq;200;4.600000;301.050000;294.350000;67;mq;mq;mq;mq;mq;mq;mq;mq;mq;mq;mq;mq;mq;0;mq;mq;mq;mq;mq;mq;mq;mq;7.200000;-10;mq;mq;mq;mq;0.000000;mq;0.000000;mq;mq;710.000000;1107.000000;mq;mq;mq;mq;mq;mq;mq;mq;mq;mq;mq;mq;mq;mq;
61976;20110930120000;101630;mq;mq;130;8.200000;299.550000;292.150000;64;mq;mq;mq;mq;mq;mq;mq;mq;mq;mq;101480;mq;mq;10;mq;mq;mq;mq;mq;mq;mq;mq;mq;mq;mq;mq;mq;mq;mq;mq;mq;mq;mq;mq;mq;mq;mq;mq;mq;mq;mq;mq;mq;mq;mq;mq;mq;mq;mq;
61980;20110930120000;101800;mq;mq;90;8.700000;298.650000;290.050000;59;10000;2;1;1;10;1;800;38;20;10;mq;mq;mq;mq;mq;mq;mq;mq;mq;mq;mq;mq;13.400000;-10;mq;mq;mq;mq;0.000000;mq;0.000000;mq;mq;710.000000;1113.000000;2437.000000;mq;1;8;900;mq;mq;mq;mq;mq;mq;mq;mq;mq;
61997;20110930120000;100300;mq;mq;130;7.700000;274.350000;273.450000;94;mq;mq;mq;mq;mq;mq;mq;mq;mq;mq;mq;mq;mq;mq;mq;mq;mq;mq;mq;mq;mq;mq;mq;mq;mq;mq;mq;mq;mq;mq;1.000000;mq;mq;mq;mq;mq;mq;mq;mq;mq;mq;mq;mq;mq;mq;mq;mq;mq;mq;
67005;20110930120000;101430;mq;mq;100;2.600000;301.350000;293.350000;62;20000;2;1;1;40;2;800;32;23;10;mq;mq;mq;70;mq;mq;mq;mq;mq;mq;mq;mq;5.100000;-10;mq;mq;mq;mq;0.000000;mq;0.000000;mq;mq;710.000000;1105.000000;mq;mq;2;8;660;mq;mq;mq;mq;mq;mq;mq;mq;mq;
71805;20110930120000;101220;-140;6;190;8.700000;287.450000;287.450000;100;1000;10;mq;mq;100;mq;80;mq;mq;mq;101140;mq;mq;mq;mq;mq;mq;mq;mq;mq;mq;mq;12.300000;-10;mq;mq;mq;mq;0.000000;3.000000;3.000000;mq;mq;710.000000;1112.000000;mq;mq;mq;mq;mq;mq;mq;mq;mq;mq;mq;mq;mq;mq;
78897;20110930120000;101260;130;3;170;5.100000;302.450000;296.450000;70;30000;2;1;1;40;2;800;38;20;13;mq;mq;mq;220;298.150000;mq;mq;304.750000;mq;mq;mq;mq;mq;mq;mq;mq;mq;mq;mq;mq;0.000000;mq;0.200000;mq;mq;mq;mq;2;8;690;3;0;7800;mq;mq;mq;mq;mq;mq;
78922;20110930120000;101310;170;3;190;7.700000;302.350000;297.050000;73;mq;mq;mq;mq;mq;mq;mq;mq;mq;mq;100870;mq;mq;mq;mq;mq;mq;mq;mq;mq;mq;mq;mq;mq;mq;mq;mq;mq;mq;mq;mq;mq;mq;mq;mq;mq;mq;mq;mq;mq;mq;mq;mq;mq;mq;mq;mq;mq;mq;
78925;20110930120000;101340;180;3;60;1.500000;302.450000;298.650000;80;20000;2;1;1;50;3;800;32;20;11;mq;mq;mq;240;297.050000;mq;mq;306.450000;mq;mq;mq;mq;mq;mq;mq;mq;mq;mq;mq;mq;0.000000;mq;0.000000;mq;mq;mq;mq;3;8;780;3;0;7800;mq;mq;mq;mq;mq;mq;
81401;20110930120000;101330;mq;mq;110;3.100000;301.450000;296.350000;74;mq;mq;mq;mq;mq;mq;mq;mq;mq;mq;101270;mq;mq;mq;294.750000;mq;mq;mq;mq;mq;mq;mq;mq;mq;mq;mq;mq;mq;mq;0.000000;mq;mq;0.000000;mq;mq;mq;mq;mq;mq;mq;mq;mq;mq;mq;mq;mq;mq;mq;mq;
81405;20110930120000;101380;mq;mq;120;2.600000;301.950000;297.950000;79;10000;2;1;1;25;2;450;32;20;10;101290;mq;mq;mq;295.550000;mq;mq;mq;mq;mq;mq;mq;mq;mq;mq;mq;mq;mq;mq;0.000000;mq;mq;0.000000;mq;mq;mq;mq;mq;mq;mq;mq;mq;mq;mq;mq;mq;mq;mq;mq;
81408;20110930120000;101340;mq;mq;50;1.500000;302.350000;297.050000;73;mq;mq;mq;mq;mq;mq;mq;mq;mq;mq;101260;mq;mq;mq;294.850000;mq;mq;mq;mq;mq;mq;mq;mq;mq;mq;mq;mq;mq;0.000000;0.000000;mq;mq;mq;mq;mq;mq;mq;mq;mq;mq;mq;mq;mq;mq;mq;mq;mq;mq;mq;
89642;20110930120000;98260;90;3;110;2.600000;260.650000;255.050000;60;40000;2;1;1;90;7;1750;35;21;60;97710;mq;mq;mq;259.850000;mq;262.450000;mq;mq;mq;mq;mq;16.500000;-60;mq;mq;mq;mq;mq;mq;mq;mq;mq;1116.000000;mq;mq;mq;6;6;1800;7;4;2400;mq;mq;mq;mq;mq;mq;
07005;20110930150000;102310;-70;6;110;3.600000;300.250000;287.650000;46;30000;2;1;1;10;0;mq;30;20;11;101460;mq;mq;mq;mq;mq;mq;mq;mq;mq;mq;mq;5.700000;-10;mq;mq;0.000000;-30;0.000000;0.000000;mq;mq;mq;710.000000;1106.000000;3100.000000;mq;1;0;7500;mq;mq;mq;mq;mq;mq;mq;mq;mq;
07015;20110930150000;102380;-70;6;170;2.100000;299.150000;287.950000;50;20000;2;1;1;0;mq;mq;mq;mq;mq;101840;mq;mq;mq;mq;mq;mq;mq;mq;mq;mq;mq;4.600000;-10;mq;mq;0.000000;-30;0.000000;0.000000;mq;mq;mq;710.000000;1105.000000;3100.000000;mq;mq;mq;mq;mq;mq;mq;mq;mq;mq;mq;mq;mq;
07020;20110930150000;102180;-30;6;170;6.200000;300.850000;285.650000;39;18000;2;1;1;25;0;8000;30;20;11;101930;mq;mq;mq;mq;mq;mq;mq;mq;mq;mq;mq;9.300000;-10;mq;mq;mq;mq;0.000000;0.000000;mq;mq;mq;710.000000;1109.000000;mq;mq;2;0;6000;mq;mq;mq;mq;mq;mq;mq;mq;mq;
07027;20110930150000;102210;-50;6;170;3.600000;301.650000;284.650000;35;50000;2;1;1;0;mq;mq;mq;mq;mq;101440;mq;mq;mq;mq;mq;mq;mq;mq;mq;mq;mq;6.200000;-10;mq;mq;0.000000;-30;0.000000;0.000000;mq;mq;mq;710.000000;1106.000000;3100.000000;mq;mq;mq;mq;mq;mq;mq;mq;mq;mq;mq;mq;mq;
07037;20110930150000;102270;-60;6;160;3.100000;300.450000;288.450000;48;20000;2;1;1;0;mq;mq;mq;mq;mq;100530;mq;mq;mq;mq;mq;mq;mq;mq;mq;mq;mq;6.200000;-10;mq;mq;0.000000;-30;0.000000;0.000000;mq;mq;mq;710.000000;1106.000000;3100.000000;mq;mq;mq;mq;mq;mq;mq;mq;mq;mq;mq;mq;mq;
07110;20110930150000;101940;0;5;180;6.200000;299.150000;286.950000;47;25000;2;1;1;40;2;3500;30;23;11;100850;mq;mq;mq;mq;mq;mq;mq;mq;mq;mq;mq;11.300000;-10;mq;mq;mq;mq;0.000000;0.000000;mq;mq;mq;710.000000;1111.000000;mq;mq;2;3;3300;mq;mq;mq;mq;mq;mq;mq;mq;mq;
07117;20110930150000;101950;-50;6;180;4.100000;302.950000;282.950000;29;25000;2;1;1;10;1;2250;30;22;10;101290;mq;mq;mq;mq;mq;mq;mq;mq;mq;mq;mq;10.300000;-10;mq;mq;mq;mq;0.000000;0.000000;mq;mq;mq;710.000000;1110.000000;2428.000000;mq;mq;mq;mq;mq;mq;mq;mq;mq;mq;mq;mq;mq;
07130;20110930150000;102100;-100;6;160;4.100000;302.650000;283.750000;31;28000;0;mq;mq;mq;mq;mq;mq;mq;mq;101610;mq;mq;mq;mq;mq;mq;mq;mq;mq;mq;mq;7.200000;-10;mq;mq;mq;mq;0.000000;0.000000;mq;mq;mq;710.000000;1107.000000;mq;mq;mq;mq;mq;mq;mq;mq;mq;mq;mq;mq;mq;mq;
07139;20110930150000;102230;-80;6;170;1.500000;301.250000;283.050000;32;mq;mq;mq;mq;mq;mq;mq;mq;mq;mq;100590;mq;mq;mq;mq;mq;mq;mq;mq;mq;mq;mq;4.100000;-10;mq;mq;mq;mq;0.000000;0.000000;mq;mq;mq;710.000000;1104.000000;mq;mq;mq;mq;mq;mq;mq;mq;mq;mq;mq;mq;mq;mq;
07149;20110930150000;102320;-70;6;150;1.000000;302.550000;283.150000;30;20000;2;1;1;10;0;8000;30;20;11;101290;mq;mq;mq;mq;mq;mq;mq;mq;mq;mq;mq;4.100000;-10;mq;mq;0.000000;-30;0.000000;0.000000;mq;mq;mq;710.000000;1104.000000;3100.000000;mq;1;0;7500;mq;mq;mq;mq;mq;mq;mq;mq;mq;
07168;20110930150000;102380;-70;6;70;0.500000;301.050000;283.250000;33;25000;2;1;1;0;mq;mq;mq;mq;mq;101030;mq;mq;mq;mq;mq;mq;mq;mq;mq;mq;mq;3.100000;-10;mq;mq;0.000000;-30;0.000000;0.000000;mq;mq;mq;710.000000;1103.000000;3100.000000;mq;mq;mq;mq;mq;mq;mq;mq;mq;mq;mq;mq;mq;
07181;20110930150000;102380;-80;6;20;2.100000;297.550000;288.750000;58;19000;0;mq;mq;mq;mq;mq;mq;mq;mq;98470;mq;mq;mq;mq;mq;mq;mq;mq;mq;mq;mq;3.100000;-10;mq;mq;mq;mq;0.000000;0.000000;mq;mq;mq;710.000000;1103.000000;mq;mq;mq;mq;mq;mq;mq;mq;mq;mq;mq;mq;mq;mq;
07190;20110930150000;102450;-100;6;30;2.600000;296.950000;284.950000;47;30000;0;mq;mq;mq;mq;mq;mq;mq;mq;100700;mq;mq;mq;mq;mq;mq;mq;mq;mq;mq;mq;4.600000;-10;mq;mq;mq;mq;0.000000;0.000000;mq;mq;mq;710.000000;1105.000000;mq;mq;mq;mq;mq;mq;mq;mq;mq;mq;mq;mq;mq;mq;
07207;20110930150000;mq;mq;mq;130;3.600000;294.150000;289.950000;77;8000;2;1;1;25;2;150;36;20;10;mq;mq;mq;mq;mq;mq;mq;mq;mq;mq;mq;mq;7.700000;-10;mq;mq;mq;mq;0.000000;0.000000;mq;mq;mq;710.000000;1108.000000;2426.000000;mq;mq;mq;mq;mq;mq;mq;mq;mq;mq;mq;mq;mq;
07222;20110930150000;102100;-100;6;160;2.600000;302.250000;285.650000;36;25000;2;1;1;0;mq;mq;mq;mq;mq;101800;mq;mq;mq;mq;mq;mq;mq;mq;mq;mq;mq;6.200000;-10;mq;mq;mq;mq;0.000000;0.000000;mq;mq;mq;710.000000;1106.000000;mq;mq;mq;mq;mq;mq;mq;mq;mq;mq;mq;mq;mq;mq;
07240;20110930150000;102250;-90;6;130;2.100000;301.650000;283.850000;33;35000;0;mq;mq;mq;mq;mq;mq;mq;mq;100970;mq;mq;mq;mq;mq;mq;mq;mq;mq;mq;mq;4.100000;-10;mq;mq;mq;mq;0.000000;0.000000;mq;mq;mq;710.000000;1104.000000;mq;mq;mq;mq;mq;mq;mq;mq;mq;mq;mq;mq;mq;mq;
07255;20110930150000;102290;-90;6;60;1.500000;302.150000;283.350000;31;25000;2;1;1;10;1;2250;31;20;11;100400;mq;mq;mq;mq;mq;mq;mq;mq;mq;mq;mq;3.600000;-10;mq;mq;0.000000;-30;0.000000;0.000000;mq;mq;mq;710.000000;1104.000000;3100.000000;mq;1;8;1800;mq;mq;mq;mq;mq;mq;mq;mq;mq;
07280;20110930150000;102360;-110;6;60;1.500000;299.450000;284.750000;40;50000;0;mq;mq;mq;mq;mq;mq;mq;mq;99760;mq;mq;mq;mq;mq;mq;mq;mq;mq;mq;mq;4.600000;-10;mq;mq;mq;mq;0.000000;0.000000;mq;mq;mq;710.000000;1105.000000;mq;mq;mq;mq;mq;mq;mq;mq;mq;mq;mq;mq;mq;mq;
07299;20110930150000;102360;-120;6;50;1.500000;297.650000;285.950000;48;14000;2;1;1;10;0;mq;30;20;11;99230;mq;mq;mq;mq;mq;mq;mq;mq;mq;mq;mq;4.100000;-10;mq;mq;0.000000;-30;0.000000;0.000000;mq;mq;mq;710.000000;1104.000000;3100.000000;mq;1;0;7500;mq;mq;mq;mq;mq;mq;mq;mq;mq;
07314;20110930150000;102140;-90;6;180;1.500000;299.550000;289.450000;54;mq;mq;mq;mq;mq;mq;mq;mq;mq;mq;101870;mq;mq;mq;mq;mq;mq;mq;mq;mq;mq;mq;5.100000;-10;mq;mq;mq;mq;0.000000;0.000000;mq;mq;mq;710.000000;1105.000000;mq;mq;mq;mq;mq;mq;mq;mq;mq;mq;mq;mq;mq;mq;
07335;20110930150000;102200;-110;6;100;2.600000;302.650000;282.250000;28;30000;2;1;1;0;mq;mq;mq;mq;mq;100830;mq;mq;mq;mq;mq;mq;mq;mq;mq;mq;mq;6.700000;-10;mq;mq;mq;mq;0.000000;0.000000;mq;mq;mq;710.000000;1107.000000;mq;mq;mq;mq;mq;mq;mq;mq;mq;mq;mq;mq;mq;mq;
07434;20110930150000;102150;-120;6;80;1.500000;300.050000;279.450000;27;30000;2;1;1;0;mq;mq;mq;mq;mq;97610;mq;mq;mq;mq;mq;mq;mq;mq;mq;mq;mq;6.200000;-10;mq;mq;0.000000;-30;0.000000;0.000000;mq;mq;mq;710.000000;1106.000000;3100.000000;mq;mq;mq;mq;mq;mq;mq;mq;mq;mq;mq;mq;mq;
07460;20110930150000;102170;-120;6;30;1.500000;301.350000;281.650000;29;50000;2;1;1;25;1;2250;31;20;11;98490;mq;mq;mq;mq;mq;mq;mq;mq;mq;mq;mq;4.600000;-10;mq;mq;0.000000;-30;0.000000;0.000000;mq;mq;mq;710.000000;1105.000000;3100.000000;mq;1;8;2100;mq;mq;mq;mq;mq;mq;mq;mq;mq;
07471;20110930150000;mq;-110;6;100;1.500000;298.050000;280.650000;33;35000;2;1;1;25;2;1750;31;20;10;92900;85000;18350;mq;mq;mq;mq;mq;mq;mq;mq;mq;6.700000;-10;mq;mq;0.000000;-30;0.000000;0.000000;mq;mq;mq;710.000000;1107.000000;3100.000000;mq;2;8;1500;mq;mq;mq;mq;mq;mq;mq;mq;mq;
07481;20110930150000;102310;-110;6;360;0.500000;299.950000;283.650000;36;18000;2;1;1;25;1;1750;31;20;11;99570;mq;mq;mq;mq;mq;mq;mq;mq;mq;mq;mq;1.500000;-10;mq;mq;0.000000;-30;0.000000;0.000000;mq;mq;mq;710.000000;1102.000000;3100.000000;mq;1;8;1500;mq;mq;mq;mq;mq;mq;mq;mq;mq;
07510;20110930150000;102080;-100;6;130;4.100000;302.250000;280.750000;26;30000;2;1;1;0;mq;mq;mq;mq;mq;101460;mq;mq;mq;mq;mq;mq;mq;mq;mq;mq;mq;8.200000;-10;mq;mq;0.000000;-30;0.000000;0.000000;mq;mq;mq;710.000000;1108.000000;3100.000000;mq;mq;mq;mq;mq;mq;mq;mq;mq;mq;mq;mq;mq;
07535;20110930150000;102080;-120;6;130;4.600000;302.750000;275.150000;17;30000;2;1;1;0;mq;mq;mq;mq;mq;99140;mq;mq;mq;mq;mq;mq;mq;mq;mq;mq;mq;9.800000;-10;mq;mq;0.000000;-30;0.000000;0.000000;mq;mq;mq;710.000000;1110.000000;3100.000000;mq;mq;mq;mq;mq;mq;mq;mq;mq;mq;mq;mq;mq;
07558;20110930150000;102220;-60;6;160;6.200000;297.350000;278.650000;30;40000;2;1;1;10;0;8000;30;20;11;94240;mq;mq;mq;mq;mq;mq;mq;mq;mq;mq;mq;11.300000;-10;mq;mq;0.000000;-30;0.000000;0.000000;mq;mq;mq;710.000000;1111.000000;3100.000000;mq;1;0;7800;mq;mq;mq;mq;mq;mq;mq;mq;mq;
07577;20110930150000;102290;-150;6;210;2.600000;302.350000;282.450000;29;30000;2;1;1;25;0;8000;30;20;11;101440;mq;mq;mq;mq;mq;mq;mq;mq;mq;mq;mq;4.100000;-10;mq;mq;0.000000;-30;0.000000;0.000000;mq;mq;mq;710.000000;1104.000000;3100.000000;mq;2;0;6900;mq;mq;mq;mq;mq;mq;mq;mq;mq;
07591;20110930150000;mq;-100;5;210;4.100000;297.050000;279.350000;32;mq;0;mq;mq;mq;mq;mq;mq;mq;mq;92430;mq;mq;mq;mq;mq;mq;mq;mq;mq;mq;mq;7.700000;-10;mq;mq;mq;mq;0.000000;0.000000;mq;mq;mq;710.000000;1108.000000;mq;mq;mq;mq;mq;mq;mq;mq;mq;mq;mq;mq;mq;mq;
07607;20110930150000;102030;-130;6;120;2.100000;302.550000;285.450000;35;35000;0;mq;mq;mq;mq;mq;mq;mq;mq;101360;mq;mq;mq;mq;mq;mq;mq;mq;mq;mq;mq;4.600000;-10;mq;mq;mq;mq;0.000000;0.000000;mq;mq;mq;710.000000;1105.000000;mq;mq;mq;mq;mq;mq;mq;mq;mq;mq;mq;mq;mq;mq;
07621;20110930150000;102020;-90;6;50;2.600000;299.150000;283.750000;38;25000;2;1;1;10;1;2250;32;20;10;97900;mq;mq;mq;mq;mq;mq;mq;mq;mq;mq;mq;4.600000;-10;mq;mq;0.000000;-30;0.000000;0.000000;mq;mq;mq;710.000000;1105.000000;3100.000000;mq;1;8;2400;mq;mq;mq;mq;mq;mq;mq;mq;mq;
07627;20110930150000;101980;-100;6;50;2.100000;299.950000;283.650000;36;50000;2;1;1;10;1;2250;31;20;10;97360;mq;mq;mq;mq;mq;mq;mq;mq;mq;mq;mq;4.100000;-10;mq;mq;0.000000;-30;0.000000;0.000000;mq;mq;mq;710.000000;1104.000000;3100.000000;mq;1;8;1800;mq;mq;mq;mq;mq;mq;mq;mq;mq;
07630;20110930150000;102100;-100;6;130;6.700000;301.650000;280.250000;26;25000;2;1;1;10;0;8000;30;20;11;100390;mq;mq;mq;mq;mq;mq;mq;mq;mq;mq;mq;10.800000;-10;mq;mq;0.000000;-30;0.000000;0.000000;mq;mq;mq;710.000000;1111.000000;3100.000000;mq;1;0;7500;mq;mq;mq;mq;mq;mq;mq;mq;mq;
07643;20110930150000;102420;-90;6;190;2.600000;298.750000;282.550000;36;30000;2;1;1;0;mq;mq;mq;mq;mq;102330;mq;mq;mq;mq;mq;mq;mq;mq;mq;mq;mq;4.100000;-10;mq;mq;mq;mq;0.000000;0.000000;mq;mq;mq;710.000000;1104.000000;mq;mq;mq;mq;mq;mq;mq;mq;mq;mq;mq;mq;mq;mq;
07650;20110930150000;102370;-70;6;200;5.100000;300.050000;282.850000;34;60000;2;1;1;25;1;1750;31;20;12;102000;mq;mq;mq;mq;mq;mq;mq;mq;mq;mq;mq;8.700000;-10;mq;mq;0.000000;-30;0.000000;0.000000;mq;mq;mq;710.000000;1109.000000;3100.000000;mq;1;8;1800;mq;mq;mq;mq;mq;mq;mq;mq;mq;
07661;20110930150000;102360;-120;6;150;5.700000;296.150000;288.750000;63;20000;2;1;1;10;0;8000;30;20;11;100800;mq;mq;mq;mq;mq;mq;mq;mq;mq;mq;mq;9.300000;-10;mq;mq;mq;mq;0.000000;0.000000;mq;mq;mq;710.000000;1109.000000;mq;mq;1;0;5400;mq;mq;mq;mq;mq;mq;mq;mq;mq;
07690;20110930150000;102420;-60;6;200;2.100000;299.050000;287.150000;48;20000;2;1;1;40;0;mq;30;20;12;102100;mq;mq;mq;mq;mq;mq;mq;mq;mq;mq;mq;2.600000;-10;mq;mq;0.000000;-30;0.000000;0.000000;mq;mq;mq;710.000000;1103.000000;3100.000000;mq;3;0;7800;mq;mq;mq;mq;mq;mq;mq;mq;mq;
07747;20110930150000;102340;-100;6;100;5.700000;298.150000;290.650000;63;15000;2;1;1;25;0;8000;30;20;11;101830;mq;mq;mq;mq;mq;mq;mq;mq;mq;mq;mq;8.700000;-10;mq;mq;mq;mq;0.000000;0.000000;mq;mq;mq;710.000000;1109.000000;mq;mq;2;0;7800;mq;mq;mq;mq;mq;mq;mq;mq;mq;
07761;20110930150000;102280;-30;8;220;4.100000;297.750000;290.450000;64;16000;2;1;1;10;1;1250;31;20;10;102180;mq;mq;mq;mq;mq;mq;mq;mq;mq;mq;mq;6.200000;-10;mq;mq;0.000000;-30;0.000000;0.000000;mq;mq;mq;710.000000;1106.000000;3100.000000;mq;1;8;1200;mq;mq;mq;mq;mq;mq;mq;mq;mq;
07790;20110930150000;102340;-60;6;360;3.600000;298.250000;286.750000;49;50000;2;1;1;10;0;8000;30;20;11;102200;mq;mq;mq;mq;mq;mq;mq;mq;mq;mq;mq;6.700000;-10;mq;mq;0.000000;-30;0.000000;0.000000;mq;mq;mq;710.000000;1107.000000;3100.000000;mq;1;0;7800;mq;mq;mq;mq;mq;mq;mq;mq;mq;
61968;20110930150000;101470;mq;mq;70;2.600000;298.350000;293.850000;76;mq;mq;mq;mq;mq;mq;mq;mq;mq;mq;mq;mq;mq;10;mq;mq;mq;mq;mq;mq;mq;mq;5.100000;-10;mq;mq;mq;mq;0.000000;0.000000;mq;mq;mq;710.000000;1105.000000;mq;mq;mq;mq;mq;mq;mq;mq;mq;mq;mq;mq;mq;mq;
61970;20110930150000;101520;mq;mq;mq;mq;299.850000;296.350000;81;mq;mq;mq;mq;mq;mq;mq;mq;mq;mq;mq;mq;mq;60;mq;mq;mq;mq;mq;mq;mq;mq;mq;mq;mq;mq;mq;mq;0.000000;0.000000;mq;mq;mq;mq;mq;mq;mq;mq;mq;mq;mq;mq;mq;mq;mq;mq;mq;mq;mq;
61972;20110930150000;101540;mq;mq;180;3.600000;297.350000;294.650000;85;mq;mq;mq;mq;mq;mq;mq;mq;mq;mq;mq;mq;mq;mq;mq;mq;mq;mq;mq;mq;mq;mq;6.200000;-10;mq;mq;mq;mq;0.000000;0.000000;mq;mq;mq;710.000000;1106.000000;mq;mq;mq;mq;mq;mq;mq;mq;mq;mq;mq;mq;mq;mq;
61976;20110930150000;101790;mq;mq;130;7.200000;297.050000;291.950000;73;mq;mq;mq;mq;mq;mq;mq;mq;mq;mq;101640;mq;mq;30;mq;mq;mq;mq;mq;mq;mq;mq;mq;mq;mq;mq;mq;mq;mq;mq;mq;mq;mq;mq;mq;mq;mq;mq;mq;mq;mq;mq;mq;mq;mq;mq;mq;mq;mq;
61980;20110930150000;101970;mq;mq;110;6.700000;295.550000;290.850000;75;10000;2;1;1;40;3;800;38;20;10;mq;mq;mq;10;mq;mq;mq;mq;mq;mq;mq;mq;9.800000;-10;mq;mq;mq;mq;0.000000;0.000000;mq;mq;mq;710.000000;1110.000000;mq;mq;2;8;690;mq;mq;mq;mq;mq;mq;mq;mq;mq;
61997;20110930150000;100300;mq;mq;140;8.200000;272.850000;272.250000;95;mq;mq;mq;mq;mq;mq;mq;mq;mq;mq;mq;mq;mq;mq;mq;mq;mq;mq;mq;mq;mq;mq;mq;mq;mq;mq;mq;mq;mq;0.200000;mq;mq;mq;mq;mq;mq;mq;mq;mq;mq;mq;mq;mq;mq;mq;mq;mq;mq;mq;
67005;20110930150000;101490;mq;mq;160;1.500000;299.450000;293.750000;71;20000;2;1;1;40;2;800;38;20;11;mq;mq;mq;40;mq;mq;mq;mq;mq;mq;mq;mq;2.600000;-10;mq;mq;mq;mq;0.000000;0.000000;mq;mq;mq;710.000000;1103.000000;mq;mq;2;8;660;mq;mq;mq;mq;mq;mq;mq;mq;mq;
71805;20110930150000;101190;-30;8;200;8.700000;287.950000;287.950000;100;500;58;6;6;100;8;80;37;61;60;101110;mq;mq;mq;mq;mq;mq;mq;mq;mq;mq;mq;11.300000;-10;mq;mq;0.000000;-30;0.000000;0.000000;mq;mq;mq;710.000000;1111.000000;3100.000000;mq;8;7;30;mq;mq;mq;mq;mq;mq;mq;mq;mq;
78897;20110930150000;101360;100;1;160;6.200000;304.050000;295.650000;61;30000;2;1;1;50;3;800;38;20;13;mq;mq;mq;220;mq;mq;mq;mq;mq;mq;mq;mq;mq;mq;mq;mq;mq;mq;mq;mq;mq;mq;mq;mq;mq;mq;mq;3;8;780;3;0;7800;mq;mq;mq;mq;mq;mq;
78922;20110930150000;101360;50;0;190;8.700000;304.650000;297.250000;65;mq;mq;mq;mq;mq;mq;mq;mq;mq;mq;100920;mq;mq;mq;mq;mq;mq;mq;mq;mq;mq;mq;mq;mq;mq;mq;mq;mq;mq;mq;mq;mq;mq;mq;mq;mq;mq;mq;mq;mq;mq;mq;mq;mq;mq;mq;mq;mq;mq;
78925;20110930150000;101390;50;0;160;5.100000;306.250000;297.750000;61;25000;2;1;1;50;3;800;32;20;11;mq;mq;mq;140;mq;mq;mq;mq;mq;mq;mq;mq;mq;mq;mq;mq;mq;mq;mq;mq;mq;mq;mq;mq;mq;mq;mq;3;8;930;mq;mq;mq;mq;mq;mq;mq;mq;mq;
81401;20110930150000;101260;mq;mq;90;2.600000;306.850000;295.350000;51;mq;mq;mq;mq;mq;mq;mq;mq;mq;mq;101200;mq;mq;mq;mq;mq;mq;mq;mq;mq;mq;mq;mq;mq;mq;mq;mq;mq;mq;0.000000;mq;mq;mq;mq;mq;mq;mq;mq;mq;mq;mq;mq;mq;mq;mq;mq;mq;mq;mq;
81405;20110930150000;101310;mq;mq;70;5.100000;304.550000;296.950000;64;60000;0;mq;mq;90;mq;800;mq;mq;mq;101220;mq;mq;mq;mq;mq;mq;mq;mq;mq;mq;mq;mq;mq;mq;mq;mq;mq;mq;0.000000;mq;mq;mq;mq;mq;mq;mq;mq;mq;mq;mq;mq;mq;mq;mq;mq;mq;mq;mq;
81408;20110930150000;101260;mq;mq;60;2.600000;305.850000;296.250000;57;mq;mq;mq;mq;mq;mq;mq;mq;mq;mq;101180;mq;mq;mq;mq;mq;mq;mq;mq;mq;mq;mq;mq;mq;mq;mq;mq;mq;0.000000;0.000000;mq;mq;mq;mq;mq;mq;mq;mq;mq;mq;mq;mq;mq;mq;mq;mq;mq;mq;mq;
89642;20110930150000;98250;-10;8;110;7.200000;260.850000;252.950000;48;mq;mq;mq;mq;mq;mq;mq;mq;mq;mq;97700;mq;mq;mq;mq;mq;mq;mq;mq;mq;mq;mq;mq;mq;mq;mq;mq;mq;mq;mq;mq;mq;mq;mq;mq;mq;mq;mq;mq;mq;mq;mq;mq;mq;mq;mq;mq;mq;mq;
07005;20110930180000;102380;50;3;110;2.600000;295.550000;288.450000;64;mq;mq;mq;mq;mq;mq;mq;mq;mq;mq;101510;mq;mq;mq;286.950000;mq;300.450000;mq;mq;mq;mq;mq;4.600000;-10;mq;mq;mq;mq;0.000000;0.000000;mq;0.000000;mq;710.000000;1105.000000;mq;mq;mq;mq;mq;mq;mq;mq;mq;mq;mq;mq;mq;mq;
07015;20110930180000;102410;20;3;110;1.000000;293.750000;288.350000;71;15000;2;1;1;0;mq;mq;mq;mq;mq;101860;mq;mq;mq;286.250000;mq;299.550000;mq;mq;mq;mq;mq;2.100000;-10;mq;mq;0.000000;-60;0.000000;0.000000;mq;0.000000;mq;710.000000;1102.000000;3100.000000;mq;mq;mq;mq;mq;mq;mq;mq;mq;mq;mq;mq;mq;
07020;20110930180000;102210;20;3;160;5.100000;297.050000;287.150000;54;18000;2;1;1;10;0;8000;30;20;11;101950;mq;mq;mq;293.550000;mq;301.350000;mq;mq;mq;mq;mq;6.200000;-10;mq;mq;mq;mq;0.000000;0.000000;mq;0.000000;mq;710.000000;1106.000000;mq;mq;1;0;6000;mq;mq;mq;mq;mq;mq;mq;mq;mq;
07027;20110930180000;102260;40;3;190;1.000000;296.650000;285.350000;49;45000;0;mq;mq;mq;mq;mq;mq;mq;mq;101480;mq;mq;mq;286.050000;mq;302.250000;mq;mq;mq;mq;mq;2.600000;-10;mq;mq;mq;mq;0.000000;0.000000;mq;0.000000;mq;710.000000;1103.000000;mq;mq;mq;mq;mq;mq;mq;mq;mq;mq;mq;mq;mq;mq;
07037;20110930180000;102350;40;3;0;0.000000;293.250000;287.150000;68;1900;10;mq;mq;mq;mq;2250;mq;mq;mq;100570;mq;mq;mq;286.150000;mq;300.850000;mq;mq;mq;mq;mq;1.000000;-10;mq;mq;mq;mq;0.000000;0.000000;mq;0.000000;mq;710.000000;1101.000000;mq;mq;mq;mq;mq;mq;mq;mq;mq;mq;mq;mq;mq;mq;
07110;20110930180000;101990;30;3;160;5.100000;293.950000;286.350000;62;25000;2;1;1;40;2;3500;30;23;11;100880;mq;mq;mq;287.050000;mq;300.650000;mq;mq;mq;mq;mq;7.700000;-10;mq;mq;mq;mq;0.000000;0.000000;mq;0.000000;mq;710.000000;1108.000000;mq;mq;2;3;3300;mq;mq;mq;mq;mq;mq;mq;mq;mq;
07117;20110930180000;102040;80;3;140;2.100000;297.050000;284.750000;46;20000;2;1;1;25;2;2250;30;28;10;101370;mq;mq;mq;289.050000;mq;303.650000;mq;mq;mq;mq;mq;5.700000;-10;mq;mq;mq;mq;0.000000;0.000000;mq;0.000000;mq;710.000000;1106.000000;2428.000000;mq;mq;mq;mq;mq;mq;mq;mq;mq;mq;mq;mq;mq;
07130;20110930180000;102150;40;3;130;2.100000;298.050000;283.850000;41;28000;0;mq;mq;mq;mq;mq;mq;mq;mq;101650;mq;mq;mq;285.350000;mq;303.150000;mq;mq;mq;mq;mq;4.600000;-10;mq;mq;mq;mq;0.000000;0.000000;mq;0.000000;mq;710.000000;1105.000000;mq;mq;mq;mq;mq;mq;mq;mq;mq;mq;mq;mq;mq;mq;
07139;20110930180000;102310;40;3;80;1.000000;294.850000;285.650000;56;mq;mq;mq;mq;mq;mq;mq;mq;mq;mq;100630;mq;mq;mq;282.550000;mq;301.350000;mq;mq;mq;mq;mq;1.500000;-10;mq;mq;mq;mq;0.000000;0.000000;mq;0.000000;mq;710.000000;1102.000000;mq;mq;mq;mq;mq;mq;mq;mq;mq;mq;mq;mq;mq;mq;
07149;20110930180000;102370;30;3;110;2.100000;295.750000;286.550000;56;4800;10;mq;mq;mq;mq;30;mq;mq;mq;101320;mq;mq;mq;285.350000;mq;302.650000;mq;mq;mq;mq;mq;2.600000;-10;mq;mq;mq;mq;0.000000;0.000000;mq;0.000000;mq;710.000000;1103.000000;mq;mq;mq;mq;mq;mq;mq;mq;mq;mq;mq;mq;mq;mq;
07168;20110930180000;102460;50;3;70;1.500000;295.050000;286.650000;59;20000;0;mq;mq;mq;mq;mq;mq;mq;mq;101080;mq;mq;mq;282.050000;mq;301.250000;mq;mq;mq;mq;mq;2.100000;-10;mq;mq;mq;mq;0.000000;0.000000;mq;0.000000;mq;710.000000;1102.000000;mq;mq;mq;mq;mq;mq;mq;mq;mq;mq;mq;mq;mq;mq;
07181;20110930180000;102510;50;3;110;2.100000;291.950000;288.250000;79;19000;0;mq;mq;mq;mq;mq;mq;mq;mq;98520;mq;mq;mq;284.450000;mq;298.350000;mq;mq;mq;mq;mq;2.600000;-10;mq;mq;mq;mq;0.000000;0.000000;mq;0.000000;mq;710.000000;1103.000000;mq;mq;mq;mq;mq;mq;mq;mq;mq;mq;mq;mq;mq;mq;
07190;20110930180000;102540;50;3;290;1.000000;290.850000;285.550000;71;27000;0;mq;mq;mq;mq;mq;mq;mq;mq;100750;mq;mq;mq;282.350000;mq;297.450000;mq;mq;mq;mq;mq;3.100000;-10;mq;mq;mq;mq;0.000000;0.000000;mq;0.000000;mq;710.000000;1103.000000;mq;mq;mq;mq;mq;mq;mq;mq;mq;mq;mq;mq;mq;mq;
07207;20110930180000;mq;mq;mq;130;4.600000;292.350000;289.050000;81;mq;mq;mq;mq;mq;mq;mq;mq;mq;mq;mq;mq;mq;mq;291.950000;mq;294.150000;mq;mq;mq;mq;mq;6.700000;-10;mq;mq;mq;mq;0.000000;0.000000;mq;0.000000;mq;710.000000;1107.000000;mq;mq;mq;mq;mq;mq;mq;mq;mq;mq;mq;mq;mq;mq;
07222;20110930180000;102120;20;3;110;2.100000;296.050000;285.050000;50;25000;2;1;1;10;0;8000;30;20;11;101820;mq;mq;mq;286.850000;mq;302.350000;mq;mq;mq;mq;mq;3.600000;-10;mq;mq;mq;mq;0.000000;0.000000;mq;0.000000;mq;710.000000;1104.000000;mq;mq;1;0;7500;mq;mq;mq;mq;mq;mq;mq;mq;mq;
07240;20110930180000;102310;30;3;80;2.600000;294.750000;286.150000;58;40000;2;1;1;0;mq;mq;mq;mq;mq;101000;mq;mq;mq;285.950000;mq;301.850000;mq;mq;mq;mq;mq;3.100000;-10;mq;mq;0.000000;-60;0.000000;0.000000;mq;0.000000;mq;710.000000;1103.000000;3100.000000;mq;mq;mq;mq;mq;mq;mq;mq;mq;mq;mq;mq;mq;
07255;20110930180000;102340;20;3;110;2.100000;296.550000;284.250000;46;20000;0;mq;mq;mq;mq;mq;mq;mq;mq;100420;mq;mq;mq;286.050000;mq;302.850000;mq;mq;mq;mq;mq;3.100000;-10;mq;mq;mq;mq;0.000000;0.000000;mq;0.000000;mq;710.000000;1103.000000;mq;mq;mq;mq;mq;mq;mq;mq;mq;mq;mq;mq;mq;mq;
07280;20110930180000;102430;30;3;120;1.000000;294.150000;287.350000;65;35000;0;mq;mq;mq;mq;mq;mq;mq;mq;99790;mq;mq;mq;285.250000;mq;300.550000;mq;mq;mq;mq;mq;1.500000;-10;mq;mq;mq;mq;0.000000;0.000000;mq;0.000000;mq;710.000000;1102.000000;mq;mq;mq;mq;mq;mq;mq;mq;mq;mq;mq;mq;mq;mq;
07299;20110930180000;102510;80;3;80;0.500000;291.350000;287.250000;77;12000;2;1;1;40;0;mq;30;20;11;99310;mq;mq;mq;281.850000;mq;297.950000;mq;mq;mq;mq;mq;2.600000;-10;mq;mq;0.000000;-60;0.000000;0.000000;mq;0.000000;mq;710.000000;1103.000000;3100.000000;mq;3;0;7500;mq;mq;mq;mq;mq;mq;mq;mq;mq;
07314;20110930180000;102160;20;3;20;1.000000;295.450000;285.150000;52;15000;2;1;1;0;mq;mq;mq;mq;mq;101890;mq;mq;mq;290.250000;mq;302.350000;mq;mq;mq;mq;mq;1.000000;-10;mq;mq;mq;mq;0.000000;0.000000;mq;0.000000;mq;710.000000;1101.000000;2427.000000;mq;mq;mq;mq;mq;mq;mq;mq;mq;mq;mq;mq;mq;
07335;20110930180000;102240;20;3;80;1.500000;298.250000;281.250000;34;40000;0;mq;mq;mq;mq;mq;mq;mq;mq;100850;mq;mq;mq;284.650000;mq;302.750000;mq;mq;mq;mq;mq;3.600000;-10;mq;mq;mq;mq;0.000000;0.000000;mq;0.000000;mq;710.000000;1104.000000;mq;mq;mq;mq;mq;mq;mq;mq;mq;mq;mq;mq;mq;mq;
07434;20110930180000;102240;30;3;30;1.500000;296.450000;281.750000;39;50000;0;mq;mq;mq;mq;mq;mq;mq;mq;97640;mq;mq;mq;288.750000;mq;300.750000;mq;mq;mq;mq;mq;2.600000;-10;mq;mq;mq;mq;0.000000;0.000000;mq;0.000000;mq;710.000000;1103.000000;mq;mq;mq;mq;mq;mq;mq;mq;mq;mq;mq;mq;mq;mq;
07460;20110930180000;102280;30;3;30;2.100000;294.850000;283.950000;50;50000;2;1;1;0;mq;mq;mq;mq;mq;98520;mq;mq;mq;286.150000;mq;301.950000;mq;mq;mq;mq;mq;3.600000;-10;mq;mq;0.000000;-60;0.000000;0.000000;mq;0.000000;mq;710.000000;1104.000000;3100.000000;mq;mq;mq;mq;mq;mq;mq;mq;mq;mq;mq;mq;mq;
07471;20110930180000;mq;70;3;100;2.100000;292.250000;281.850000;51;20000;0;mq;mq;mq;mq;mq;mq;mq;mq;92970;85000;18410;mq;278.950000;mq;298.150000;mq;mq;mq;mq;mq;5.700000;-10;mq;mq;mq;mq;0.000000;0.000000;mq;0.000000;mq;710.000000;1106.000000;mq;mq;mq;mq;mq;mq;mq;mq;mq;mq;mq;mq;mq;mq;
07481;20110930180000;102370;30;3;30;2.100000;295.950000;284.950000;50;30000;2;1;1;25;0;8000;30;20;11;99600;mq;mq;mq;286.150000;mq;300.150000;mq;mq;mq;mq;mq;4.100000;-10;mq;mq;0.000000;-60;0.000000;0.000000;mq;0.000000;mq;710.000000;1104.000000;3100.000000;mq;2;0;7500;mq;mq;mq;mq;mq;mq;mq;mq;mq;
07510;20110930180000;102090;0;5;100;1.500000;297.450000;283.350000;41;30000;2;1;1;0;mq;mq;mq;mq;mq;101460;mq;mq;mq;288.150000;mq;302.350000;mq;mq;mq;mq;mq;3.600000;-10;mq;mq;0.000000;-60;0.000000;0.000000;mq;0.000000;mq;710.000000;1104.000000;3100.000000;mq;mq;mq;mq;mq;mq;mq;mq;mq;mq;mq;mq;mq;
07535;20110930180000;102180;40;3;120;2.600000;296.850000;276.750000;27;mq;mq;mq;mq;mq;mq;mq;mq;mq;mq;99180;mq;mq;mq;289.250000;mq;303.250000;mq;mq;mq;mq;mq;5.100000;-10;mq;mq;mq;mq;0.000000;0.000000;mq;0.000000;mq;710.000000;1105.000000;mq;mq;mq;mq;mq;mq;mq;mq;mq;mq;mq;mq;mq;mq;
07558;20110930180000;102400;20;3;170;2.600000;291.550000;278.750000;43;mq;mq;mq;mq;mq;mq;mq;mq;mq;mq;94260;mq;mq;mq;285.650000;mq;298.250000;mq;mq;mq;mq;mq;5.700000;-10;mq;mq;mq;mq;0.000000;0.000000;mq;0.000000;mq;710.000000;1106.000000;mq;mq;mq;mq;mq;mq;mq;mq;mq;mq;mq;mq;mq;mq;
07577;20110930180000;102350;40;3;0;0.000000;295.050000;286.450000;58;20000;0;mq;mq;mq;mq;mq;mq;mq;mq;101480;mq;mq;mq;284.350000;mq;302.650000;mq;mq;mq;mq;mq;1.500000;-10;mq;mq;mq;mq;0.000000;0.000000;mq;0.000000;mq;710.000000;1102.000000;mq;mq;mq;mq;mq;mq;mq;mq;mq;mq;mq;mq;mq;mq;
07591;20110930180000;mq;110;3;20;1.500000;290.950000;280.350000;50;mq;0;mq;mq;mq;mq;mq;mq;mq;mq;92540;mq;mq;mq;284.350000;mq;297.950000;mq;mq;mq;mq;mq;3.100000;-10;mq;mq;mq;mq;0.000000;0.000000;mq;0.000000;mq;710.000000;1103.000000;mq;mq;mq;mq;mq;mq;mq;mq;mq;mq;mq;mq;mq;mq;
07607;20110930180000;102080;30;3;0;0.000000;296.550000;287.250000;56;35000;0;mq;mq;mq;mq;mq;mq;mq;mq;101390;mq;mq;mq;285.050000;mq;302.850000;mq;mq;mq;mq;mq;3.100000;-10;mq;mq;mq;mq;0.000000;0.000000;mq;0.000000;mq;710.000000;1103.000000;mq;mq;mq;mq;mq;mq;mq;mq;mq;mq;mq;mq;mq;mq;
07621;20110930180000;102120;20;2;220;2.100000;292.550000;287.350000;72;25000;2;1;1;10;1;2250;34;20;11;97920;mq;mq;mq;288.250000;mq;299.850000;mq;mq;mq;mq;mq;2.100000;-10;mq;mq;0.000000;-60;0.000000;0.000000;mq;0.000000;mq;710.000000;1102.000000;3100.000000;mq;1;6;2400;mq;mq;mq;mq;mq;mq;mq;mq;mq;
07627;20110930180000;102150;50;3;160;2.100000;292.550000;284.850000;61;mq;mq;mq;mq;mq;mq;mq;mq;mq;mq;97410;mq;mq;mq;284.350000;mq;300.650000;mq;mq;mq;mq;mq;3.100000;-10;mq;mq;mq;mq;0.000000;0.000000;mq;0.000000;mq;710.000000;1103.000000;mq;mq;mq;mq;mq;mq;mq;mq;mq;mq;mq;mq;mq;mq;
07630;20110930180000;102170;50;3;120;6.200000;297.450000;281.050000;35;30000;2;1;1;10;0;8000;30;20;11;100440;mq;mq;mq;286.050000;mq;302.050000;mq;mq;mq;mq;mq;9.800000;-10;mq;mq;0.000000;-60;0.000000;0.000000;mq;0.000000;mq;710.000000;1110.000000;3100.000000;mq;1;0;7500;mq;mq;mq;mq;mq;mq;mq;mq;mq;
07643;20110930180000;102430;10;3;230;0.500000;294.550000;285.150000;55;30000;2;1;1;0;mq;mq;mq;mq;mq;102340;mq;mq;mq;288.250000;mq;300.550000;mq;mq;mq;mq;mq;2.600000;-10;mq;mq;mq;mq;0.000000;0.000000;mq;0.000000;mq;710.000000;1103.000000;mq;mq;mq;mq;mq;mq;mq;mq;mq;mq;mq;mq;mq;mq;
07650;20110930180000;102420;40;3;230;1.000000;295.350000;286.950000;59;30000;2;1;1;25;0;8000;30;20;12;102040;mq;mq;mq;289.650000;mq;301.750000;mq;mq;mq;mq;mq;4.100000;-10;mq;mq;0.000000;-60;0.000000;0.000000;mq;0.000000;mq;710.000000;1104.000000;3100.000000;mq;2;0;7500;mq;mq;mq;mq;mq;mq;mq;mq;mq;
07661;20110930180000;102420;50;3;160;2.600000;294.950000;286.350000;58;22000;2;1;1;60;0;8000;30;20;16;100850;mq;mq;mq;290.250000;mq;298.050000;mq;mq;mq;mq;mq;6.200000;-10;mq;mq;mq;mq;0.000000;0.000000;mq;0.000000;mq;710.000000;1106.000000;mq;mq;4;2;4800;mq;mq;mq;mq;mq;mq;mq;mq;mq;
07690;20110930180000;102440;10;1;260;1.500000;296.350000;285.050000;49;20000;2;1;1;40;0;mq;30;20;12;102110;mq;mq;mq;291.750000;mq;299.550000;mq;mq;mq;mq;mq;2.600000;-10;mq;mq;0.000000;-60;0.000000;0.000000;mq;0.000000;mq;710.000000;1103.000000;3100.000000;mq;3;0;7800;mq;mq;mq;mq;mq;mq;mq;mq;mq;
07747;20110930180000;102370;20;3;70;2.100000;293.850000;291.250000;85;7000;0;mq;mq;mq;mq;mq;mq;mq;mq;101850;mq;mq;mq;289.550000;mq;298.750000;mq;mq;mq;mq;mq;5.100000;-10;mq;mq;mq;mq;0.000000;0.000000;mq;0.000000;mq;710.000000;1105.000000;mq;mq;mq;mq;mq;mq;mq;mq;mq;mq;mq;mq;mq;mq;
07761;20110930180000;102290;0;5;40;2.600000;294.050000;288.350000;70;20000;2;1;1;25;2;1250;35;20;11;102180;mq;mq;mq;287.750000;mq;298.950000;mq;mq;mq;mq;mq;2.600000;-10;mq;mq;0.000000;-60;0.000000;0.000000;mq;0.000000;mq;710.000000;1103.000000;3100.000000;mq;2;6;1380;mq;mq;mq;mq;mq;mq;mq;mq;mq;
07790;20110930180000;102340;0;5;220;1.500000;291.050000;285.250000;69;50000;2;1;1;10;0;8000;30;20;11;102200;mq;mq;mq;289.250000;mq;299.250000;mq;mq;mq;mq;mq;2.100000;-10;mq;mq;0.000000;-60;0.000000;0.000000;mq;0.000000;mq;710.000000;1102.000000;3100.000000;mq;1;0;7800;mq;mq;mq;mq;mq;mq;mq;mq;mq;
61970;20110930180000;101650;mq;mq;mq;mq;298.850000;296.750000;88;mq;mq;mq;mq;mq;mq;mq;mq;mq;mq;mq;mq;mq;50;mq;mq;303.550000;mq;mq;mq;mq;mq;mq;mq;mq;mq;mq;mq;0.000000;mq;mq;0.000000;mq;mq;mq;mq;mq;mq;mq;mq;mq;mq;mq;mq;mq;mq;mq;mq;mq;
61972;20110930180000;101740;mq;mq;180;4.100000;296.050000;294.650000;92;mq;mq;mq;mq;mq;mq;mq;mq;mq;mq;mq;mq;mq;60;mq;mq;301.950000;mq;mq;mq;mq;mq;6.700000;-10;mq;mq;mq;mq;0.000000;mq;mq;0.000000;mq;710.000000;1107.000000;mq;mq;mq;mq;mq;mq;mq;mq;mq;mq;mq;mq;mq;mq;
61976;20110930180000;101910;mq;mq;130;6.200000;296.550000;292.050000;76;mq;mq;mq;mq;mq;mq;mq;mq;mq;mq;101760;mq;mq;20;mq;mq;mq;mq;mq;mq;mq;mq;mq;mq;mq;mq;mq;mq;mq;mq;mq;mq;mq;mq;mq;mq;mq;mq;mq;mq;mq;mq;mq;mq;mq;mq;mq;mq;mq;
61980;20110930180000;102080;mq;mq;120;5.700000;294.650000;290.250000;76;10000;2;1;1;40;3;800;38;20;10;mq;mq;mq;mq;mq;mq;299.750000;mq;mq;mq;mq;mq;9.300000;-10;mq;mq;mq;mq;0.000000;mq;mq;0.000000;mq;710.000000;1109.000000;mq;mq;2;8;690;mq;mq;mq;mq;mq;mq;mq;mq;mq;
61996;20110930180000;102120;mq;mq;280;8.700000;284.450000;229.850000;mq;mq;mq;mq;mq;mq;mq;mq;mq;mq;mq;mq;mq;mq;1080;mq;mq;288.450000;mq;mq;mq;mq;mq;13.400000;-10;mq;mq;mq;mq;0.000000;mq;mq;0.200000;mq;710.000000;1113.000000;mq;mq;mq;mq;mq;mq;mq;mq;mq;mq;mq;mq;mq;mq;
67005;20110930180000;101640;mq;mq;0;0.500000;298.150000;294.250000;79;mq;0;mq;mq;mq;mq;mq;mq;mq;mq;mq;mq;mq;70;mq;mq;303.150000;mq;mq;mq;mq;mq;1.500000;-10;mq;mq;mq;mq;0.000000;mq;mq;0.000000;mq;710.000000;1102.000000;mq;mq;mq;mq;mq;mq;mq;mq;mq;mq;mq;mq;mq;mq;
71805;20110930180000;101150;-40;5;210;9.300000;288.450000;288.450000;100;300;44;6;5;100;8;30;36;61;60;101070;mq;mq;mq;mq;284.950000;289.150000;mq;mq;mq;mq;mq;13.400000;-10;mq;mq;0.000000;-60;0.000000;0.000000;mq;3.000000;mq;710.000000;1113.000000;3100.000000;mq;8;7;30;mq;mq;mq;mq;mq;mq;mq;mq;mq;
78897;20110930180000;101150;-210;8;160;6.700000;304.650000;297.550000;66;30000;2;1;1;50;2;800;38;20;13;mq;mq;mq;190;mq;298.150000;304.750000;mq;mq;mq;mq;mq;mq;mq;mq;mq;mq;mq;mq;mq;0.000000;mq;0.200000;mq;mq;mq;mq;2;8;780;4;0;7800;mq;mq;mq;mq;mq;mq;
78922;20110930180000;101150;-210;6;180;8.200000;304.050000;296.950000;66;mq;mq;mq;mq;mq;mq;mq;mq;mq;mq;100710;mq;mq;mq;mq;mq;mq;mq;mq;mq;mq;mq;mq;mq;mq;mq;mq;mq;mq;mq;mq;mq;mq;mq;mq;mq;mq;mq;mq;mq;mq;mq;mq;mq;mq;mq;mq;mq;mq;
78925;20110930180000;101200;-190;6;170;3.600000;305.950000;297.150000;60;25000;2;1;1;75;2;1250;32;20;12;mq;mq;mq;130;mq;297.050000;307.350000;mq;mq;mq;mq;mq;mq;mq;mq;mq;mq;mq;mq;mq;0.000000;mq;mq;mq;mq;mq;mq;2;8;990;6;0;7800;mq;mq;mq;mq;mq;mq;
81401;20110930180000;100990;mq;mq;50;5.100000;306.050000;294.250000;50;mq;mq;mq;mq;mq;mq;mq;mq;mq;mq;100930;mq;mq;mq;mq;mq;mq;mq;mq;mq;mq;mq;mq;mq;mq;mq;mq;mq;mq;0.000000;0.000000;mq;mq;mq;mq;mq;mq;mq;mq;mq;mq;mq;mq;mq;mq;mq;mq;mq;mq;
81405;20110930180000;101090;mq;mq;70;6.700000;304.850000;296.950000;63;60000;0;mq;mq;mq;mq;800;mq;mq;mq;101000;mq;mq;mq;mq;mq;mq;mq;mq;mq;mq;mq;mq;mq;mq;mq;mq;mq;mq;0.000000;0.000000;mq;mq;mq;mq;mq;mq;mq;mq;mq;mq;mq;mq;mq;mq;mq;mq;mq;mq;
81408;20110930180000;101000;mq;mq;50;5.100000;305.750000;294.650000;52;mq;mq;mq;mq;mq;mq;mq;mq;mq;mq;100920;mq;mq;mq;mq;mq;mq;mq;mq;mq;mq;mq;mq;mq;mq;mq;mq;mq;0.000000;0.000000;0.000000;mq;mq;mq;mq;mq;mq;mq;mq;mq;mq;mq;mq;mq;mq;mq;mq;mq;mq;
89642;20110930180000;98240;-10;6;120;10.300000;260.750000;254.550000;56;mq;mq;mq;mq;mq;mq;mq;mq;mq;mq;97690;mq;mq;mq;mq;mq;mq;mq;mq;mq;mq;15.900000;18.000000;-60;mq;mq;mq;mq;mq;mq;mq;mq;mq;1016.000000;1118.000000;mq;mq;mq;mq;mq;mq;mq;mq;mq;mq;mq;mq;mq;mq;
07005;20110930210000;102450;70;2;120;2.600000;292.550000;287.350000;72;mq;mq;mq;mq;mq;mq;mq;mq;mq;mq;101580;mq;mq;mq;mq;mq;mq;mq;mq;mq;mq;mq;3.600000;-10;mq;mq;mq;mq;0.000000;0.000000;mq;mq;mq;710.000000;1104.000000;mq;mq;mq;mq;mq;mq;mq;mq;mq;mq;mq;mq;mq;mq;
07015;20110930210000;102510;90;1;0;0.000000;290.050000;287.850000;87;12000;2;1;1;0;mq;mq;mq;mq;mq;101950;mq;mq;mq;mq;mq;mq;mq;mq;mq;mq;mq;1.000000;-10;mq;mq;0.000000;-30;0.000000;0.000000;mq;mq;mq;710.000000;1101.000000;3100.000000;mq;mq;mq;mq;mq;mq;mq;mq;mq;mq;mq;mq;mq;
07020;20110930210000;102310;100;1;150;6.200000;296.450000;286.350000;53;mq;mq;mq;mq;mq;mq;mq;mq;mq;mq;102050;mq;mq;mq;mq;mq;mq;mq;mq;mq;mq;mq;8.700000;-10;mq;mq;mq;mq;0.000000;0.200000;mq;mq;mq;710.000000;1109.000000;mq;mq;mq;mq;mq;mq;mq;mq;mq;mq;mq;mq;mq;mq;
07027;20110930210000;102390;110;1;110;1.500000;288.150000;286.050000;87;21000;0;mq;mq;mq;mq;mq;mq;mq;mq;101590;mq;mq;mq;mq;mq;mq;mq;mq;mq;mq;mq;3.600000;-10;mq;mq;mq;mq;0.000000;0.000000;mq;mq;mq;710.000000;1104.000000;mq;mq;mq;mq;mq;mq;mq;mq;mq;mq;mq;mq;mq;mq;
07037;20110930210000;102460;80;1;120;1.500000;289.550000;285.850000;79;35000;0;mq;mq;mq;mq;mq;mq;mq;mq;100650;mq;mq;mq;mq;mq;mq;mq;mq;mq;mq;mq;2.600000;-10;mq;mq;mq;mq;0.000000;0.000000;mq;mq;mq;710.000000;1103.000000;mq;mq;mq;mq;mq;mq;mq;mq;mq;mq;mq;mq;mq;mq;
07110;20110930210000;102070;70;1;140;5.100000;291.950000;286.150000;69;25000;2;1;1;40;2;3500;30;23;11;100950;mq;mq;mq;mq;mq;mq;mq;mq;mq;mq;mq;8.200000;-10;mq;mq;mq;mq;0.000000;0.000000;mq;mq;mq;710.000000;1108.000000;mq;mq;2;3;3300;mq;mq;mq;mq;mq;mq;mq;mq;mq;
07117;20110930210000;102120;70;1;180;6.200000;294.250000;283.450000;50;20000;2;1;1;25;2;2250;30;24;10;101440;mq;mq;mq;mq;mq;mq;mq;mq;mq;mq;mq;11.300000;-10;mq;mq;mq;mq;0.000000;0.000000;mq;mq;mq;710.000000;1111.000000;2428.000000;mq;mq;mq;mq;mq;mq;mq;mq;mq;mq;mq;mq;mq;
07130;20110930210000;102270;110;2;100;1.000000;291.050000;285.950000;72;18000;0;mq;mq;mq;mq;mq;mq;mq;mq;101760;mq;mq;mq;mq;mq;mq;mq;mq;mq;mq;mq;3.600000;-10;mq;mq;mq;mq;0.000000;0.000000;mq;mq;mq;710.000000;1104.000000;mq;mq;mq;mq;mq;mq;mq;mq;mq;mq;mq;mq;mq;mq;
07139;20110930210000;102450;100;3;0;0.000000;287.650000;285.150000;85;mq;mq;mq;mq;mq;mq;mq;mq;mq;mq;100730;mq;mq;mq;mq;mq;mq;mq;mq;mq;mq;mq;1.500000;-10;mq;mq;mq;mq;0.000000;0.000000;mq;mq;mq;710.000000;1102.000000;mq;mq;mq;mq;mq;mq;mq;mq;mq;mq;mq;mq;mq;mq;
07149;20110930210000;102490;110;3;0;0.000000;292.750000;286.450000;67;19000;2;1;1;0;mq;mq;mq;mq;mq;101430;mq;mq;mq;mq;mq;mq;mq;mq;mq;mq;mq;1.000000;-10;mq;mq;0.000000;-30;0.000000;0.000000;mq;mq;mq;710.000000;1101.000000;3100.000000;mq;mq;mq;mq;mq;mq;mq;mq;mq;mq;mq;mq;mq;
07168;20110930210000;102580;80;3;130;0.500000;286.550000;284.050000;85;15000;0;mq;mq;mq;mq;mq;mq;mq;mq;101160;mq;mq;mq;mq;mq;mq;mq;mq;mq;mq;mq;1.000000;-10;mq;mq;mq;mq;0.000000;0.000000;mq;mq;mq;710.000000;1101.000000;mq;mq;mq;mq;mq;mq;mq;mq;mq;mq;mq;mq;mq;mq;
07181;20110930210000;102580;40;1;140;0.500000;289.650000;287.250000;86;13000;0;mq;mq;mq;mq;mq;mq;mq;mq;98560;mq;mq;mq;mq;mq;mq;mq;mq;mq;mq;mq;1.500000;-10;mq;mq;mq;mq;0.000000;0.000000;mq;mq;mq;710.000000;1102.000000;mq;mq;mq;mq;mq;mq;mq;mq;mq;mq;mq;mq;mq;mq;
07190;20110930210000;102600;30;2;240;1.500000;285.850000;283.550000;86;18000;0;mq;mq;mq;mq;mq;mq;mq;mq;100780;mq;mq;mq;mq;mq;mq;mq;mq;mq;mq;mq;2.600000;-10;mq;mq;mq;mq;0.000000;0.000000;mq;mq;mq;710.000000;1103.000000;mq;mq;mq;mq;mq;mq;mq;mq;mq;mq;mq;mq;mq;mq;
07207;20110930210000;mq;mq;mq;120;4.600000;293.250000;286.950000;67;10000;2;1;1;0;mq;mq;mq;mq;mq;mq;mq;mq;mq;mq;mq;mq;mq;mq;mq;mq;mq;6.700000;-10;mq;mq;mq;mq;0.000000;0.000000;mq;mq;mq;710.000000;1107.000000;2427.000000;mq;mq;mq;mq;mq;mq;mq;mq;mq;mq;mq;mq;mq;
07222;20110930210000;102220;90;2;100;2.100000;292.250000;283.750000;58;25000;2;1;1;0;mq;mq;mq;mq;mq;101910;mq;mq;mq;mq;mq;mq;mq;mq;mq;mq;mq;3.100000;-10;mq;mq;mq;mq;0.000000;0.000000;mq;mq;mq;710.000000;1103.000000;mq;mq;mq;mq;mq;mq;mq;mq;mq;mq;mq;mq;mq;mq;
07240;20110930210000;102390;60;3;70;2.100000;290.950000;285.850000;72;35000;2;1;1;0;mq;mq;mq;mq;mq;101060;mq;mq;mq;mq;mq;mq;mq;mq;mq;mq;mq;3.100000;-10;mq;mq;0.000000;-30;0.000000;0.000000;mq;mq;mq;710.000000;1103.000000;3100.000000;mq;mq;mq;mq;mq;mq;mq;mq;mq;mq;mq;mq;mq;
07255;20110930210000;102460;90;2;70;2.100000;292.250000;285.750000;66;20000;0;mq;mq;mq;mq;mq;mq;mq;mq;100510;mq;mq;mq;mq;mq;mq;mq;mq;mq;mq;mq;2.600000;-10;mq;mq;mq;mq;0.000000;0.000000;mq;mq;mq;710.000000;1103.000000;mq;mq;mq;mq;mq;mq;mq;mq;mq;mq;mq;mq;mq;mq;
07280;20110930210000;102550;80;2;340;2.100000;289.750000;286.650000;82;22000;0;mq;mq;mq;mq;mq;mq;mq;mq;99870;mq;mq;mq;mq;mq;mq;mq;mq;mq;mq;mq;2.100000;-10;mq;mq;mq;mq;0.000000;0.000000;mq;mq;mq;710.000000;1102.000000;mq;mq;mq;mq;mq;mq;mq;mq;mq;mq;mq;mq;mq;mq;
07299;20110930210000;102670;80;1;250;1.000000;284.750000;283.850000;94;8000;2;1;1;0;mq;mq;mq;mq;mq;99390;mq;mq;mq;mq;mq;mq;mq;mq;mq;mq;mq;2.100000;-10;mq;mq;0.000000;-30;0.000000;0.000000;mq;mq;mq;710.000000;1102.000000;3100.000000;mq;mq;mq;mq;mq;mq;mq;mq;mq;mq;mq;mq;mq;
07314;20110930210000;102220;60;3;80;2.600000;293.950000;288.450000;71;mq;mq;mq;mq;mq;mq;mq;mq;mq;mq;101950;mq;mq;mq;mq;mq;mq;mq;mq;mq;mq;mq;3.600000;-10;mq;mq;mq;mq;0.000000;0.000000;mq;mq;mq;710.000000;1104.000000;mq;mq;mq;mq;mq;mq;mq;mq;mq;mq;mq;mq;mq;mq;
07335;20110930210000;102330;80;3;80;2.100000;294.650000;283.450000;49;45000;0;mq;mq;mq;mq;mq;mq;mq;mq;100930;mq;mq;mq;mq;mq;mq;mq;mq;mq;mq;mq;3.600000;-10;mq;mq;mq;mq;0.000000;0.000000;mq;mq;mq;710.000000;1104.000000;mq;mq;mq;mq;mq;mq;mq;mq;mq;mq;mq;mq;mq;mq;
07434;20110930210000;102330;50;3;40;2.100000;293.550000;283.350000;52;40000;0;mq;mq;mq;mq;mq;mq;mq;mq;97690;mq;mq;mq;mq;mq;mq;mq;mq;mq;mq;mq;3.100000;-10;mq;mq;mq;mq;0.000000;0.000000;mq;mq;mq;710.000000;1103.000000;mq;mq;mq;mq;mq;mq;mq;mq;mq;mq;mq;mq;mq;mq;
07460;20110930210000;102470;120;1;230;1.000000;289.550000;282.950000;65;30000;2;1;1;0;mq;mq;mq;mq;mq;98640;mq;mq;mq;mq;mq;mq;mq;mq;mq;mq;mq;1.500000;-10;mq;mq;0.000000;-30;0.000000;0.000000;mq;mq;mq;710.000000;1102.000000;3100.000000;mq;mq;mq;mq;mq;mq;mq;mq;mq;mq;mq;mq;mq;
07471;20110930210000;mq;100;1;230;2.100000;284.450000;280.950000;79;20000;0;mq;mq;mq;mq;mq;mq;mq;mq;93070;85000;18480;mq;mq;mq;mq;mq;mq;mq;mq;mq;2.600000;-10;mq;mq;mq;mq;0.000000;0.000000;mq;mq;mq;710.000000;1103.000000;mq;mq;mq;mq;mq;mq;mq;mq;mq;mq;mq;mq;mq;mq;
07481;20110930210000;102480;60;3;350;0.500000;291.450000;286.350000;72;15000;2;1;1;0;mq;mq;mq;mq;mq;99660;mq;mq;mq;mq;mq;mq;mq;mq;mq;mq;mq;2.600000;-10;mq;mq;0.000000;-30;0.000000;0.000000;mq;mq;mq;710.000000;1103.000000;3100.000000;mq;mq;mq;mq;mq;mq;mq;mq;mq;mq;mq;mq;mq;
07510;20110930210000;102170;70;1;90;1.500000;290.250000;286.150000;77;25000;2;1;1;0;mq;mq;mq;mq;mq;101530;mq;mq;mq;mq;mq;mq;mq;mq;mq;mq;mq;2.100000;-10;mq;mq;0.000000;-30;0.000000;0.000000;mq;mq;mq;710.000000;1102.000000;3100.000000;mq;mq;mq;mq;mq;mq;mq;mq;mq;mq;mq;mq;mq;
07535;20110930210000;102330;110;1;130;5.100000;293.850000;277.850000;35;mq;mq;mq;mq;mq;mq;mq;mq;mq;mq;99290;mq;mq;mq;mq;mq;mq;mq;mq;mq;mq;mq;7.700000;-10;mq;mq;mq;mq;0.000000;0.000000;mq;mq;mq;710.000000;1108.000000;mq;mq;mq;mq;mq;mq;mq;mq;mq;mq;mq;mq;mq;mq;
07558;20110930210000;102510;50;1;100;3.600000;289.850000;279.950000;52;mq;mq;mq;mq;mq;mq;mq;mq;mq;mq;94310;mq;mq;mq;mq;mq;mq;mq;mq;mq;mq;mq;4.600000;-10;mq;mq;mq;mq;0.000000;0.000000;mq;mq;mq;710.000000;1105.000000;mq;mq;mq;mq;mq;mq;mq;mq;mq;mq;mq;mq;mq;mq;
07577;20110930210000;102490;120;1;0;0.000000;289.250000;285.650000;79;17000;0;mq;mq;mq;mq;mq;mq;mq;mq;101600;mq;mq;mq;mq;mq;mq;mq;mq;mq;mq;mq;1.000000;-10;mq;mq;mq;mq;0.000000;0.000000;mq;mq;mq;710.000000;1101.000000;mq;mq;mq;mq;mq;mq;mq;mq;mq;mq;mq;mq;mq;mq;
07591;20110930210000;mq;100;1;30;2.100000;286.850000;279.950000;63;mq;0;mq;mq;mq;mq;mq;mq;mq;mq;92640;mq;mq;mq;mq;mq;mq;mq;mq;mq;mq;mq;3.100000;-10;mq;mq;mq;mq;0.000000;0.000000;mq;mq;mq;710.000000;1103.000000;mq;mq;mq;mq;mq;mq;mq;mq;mq;mq;mq;mq;mq;mq;
07607;20110930210000;102170;80;3;0;0.000000;290.350000;286.250000;77;19000;0;mq;mq;100;mq;mq;mq;mq;mq;101470;mq;mq;mq;mq;mq;mq;mq;mq;mq;mq;mq;2.100000;-10;mq;mq;mq;mq;0.000000;0.000000;mq;mq;mq;710.000000;1102.000000;mq;mq;mq;mq;mq;mq;mq;mq;mq;mq;mq;mq;mq;mq;
07621;20110930210000;102250;80;2;170;1.500000;289.750000;286.850000;83;25000;2;1;1;0;mq;mq;mq;mq;mq;98000;mq;mq;mq;mq;mq;mq;mq;mq;mq;mq;mq;2.600000;-10;mq;mq;0.000000;-30;0.000000;0.000000;mq;mq;mq;710.000000;1103.000000;3100.000000;mq;mq;mq;mq;mq;mq;mq;mq;mq;mq;mq;mq;mq;
07627;20110930210000;102320;90;3;130;1.000000;287.950000;284.550000;80;mq;mq;mq;mq;mq;mq;mq;mq;mq;mq;97500;mq;mq;mq;mq;mq;mq;mq;mq;mq;mq;mq;2.600000;-10;mq;mq;mq;mq;0.000000;0.000000;mq;mq;mq;710.000000;1103.000000;mq;mq;mq;mq;mq;mq;mq;mq;mq;mq;mq;mq;mq;mq;
07630;20110930210000;102330;130;1;110;3.100000;293.850000;282.150000;47;16000;2;1;1;0;mq;mq;mq;mq;mq;100570;mq;mq;mq;mq;mq;mq;mq;mq;mq;mq;mq;5.700000;-10;mq;mq;0.000000;-30;0.000000;0.000000;mq;mq;mq;710.000000;1106.000000;3100.000000;mq;mq;mq;mq;mq;mq;mq;mq;mq;mq;mq;mq;mq;
07643;20110930210000;102500;60;3;330;1.500000;290.650000;283.250000;62;20000;2;1;1;0;mq;mq;mq;mq;mq;102400;mq;mq;mq;mq;mq;mq;mq;mq;mq;mq;mq;2.600000;-10;mq;mq;mq;mq;0.000000;0.000000;mq;mq;mq;710.000000;1103.000000;mq;mq;mq;mq;mq;mq;mq;mq;mq;mq;mq;mq;mq;mq;
07650;20110930210000;102490;70;1;130;1.000000;292.850000;286.050000;65;30000;2;1;1;40;0;8000;30;20;12;102110;mq;mq;mq;mq;mq;mq;mq;mq;mq;mq;mq;2.100000;-10;mq;mq;0.000000;-30;0.000000;0.000000;mq;mq;mq;710.000000;1102.000000;3100.000000;mq;3;0;7500;mq;mq;mq;mq;mq;mq;mq;mq;mq;
07661;20110930210000;102440;20;3;0;0.000000;293.250000;285.750000;62;mq;mq;mq;mq;mq;mq;mq;mq;mq;mq;100870;mq;mq;mq;mq;mq;mq;mq;mq;mq;mq;mq;2.600000;-10;mq;mq;mq;mq;0.000000;0.000000;mq;mq;mq;710.000000;1103.000000;mq;mq;mq;mq;mq;mq;mq;mq;mq;mq;mq;mq;mq;mq;
07690;20110930210000;102470;30;1;330;3.100000;294.150000;285.050000;56;20000;2;1;1;0;mq;mq;mq;mq;mq;102140;mq;mq;mq;mq;mq;mq;mq;mq;mq;mq;mq;7.200000;-10;mq;mq;0.000000;-30;0.000000;0.000000;mq;mq;mq;710.000000;1107.000000;3100.000000;mq;mq;mq;mq;mq;mq;mq;mq;mq;mq;mq;mq;mq;
07747;20110930210000;102470;100;1;330;0.500000;292.250000;290.950000;92;3500;10;mq;mq;mq;mq;250;mq;mq;mq;101950;mq;mq;mq;mq;mq;mq;mq;mq;mq;mq;mq;2.100000;-10;mq;mq;mq;mq;0.000000;0.000000;mq;mq;mq;710.000000;1102.000000;mq;mq;mq;mq;mq;mq;mq;mq;mq;mq;mq;mq;mq;mq;
07761;20110930210000;102390;100;2;40;3.100000;290.250000;286.950000;81;20000;2;1;1;0;mq;mq;mq;mq;mq;102280;mq;mq;mq;mq;mq;mq;mq;mq;mq;mq;mq;3.600000;-10;mq;mq;0.000000;-30;0.000000;0.000000;mq;mq;mq;710.000000;1104.000000;3100.000000;mq;mq;mq;mq;mq;mq;mq;mq;mq;mq;mq;mq;mq;
07790;20110930210000;102430;90;1;210;2.600000;288.750000;283.250000;70;20000;2;1;1;0;mq;mq;mq;mq;mq;102290;mq;mq;mq;mq;mq;mq;mq;mq;mq;mq;mq;3.100000;-10;mq;mq;0.000000;-30;0.000000;0.000000;mq;mq;mq;710.000000;1103.000000;3100.000000;mq;mq;mq;mq;mq;mq;mq;mq;mq;mq;mq;mq;mq;
61968;20110930210000;101560;mq;mq;80;5.100000;297.750000;292.550000;73;mq;mq;mq;mq;mq;mq;mq;mq;mq;mq;mq;mq;mq;50;mq;mq;mq;mq;mq;mq;mq;mq;10.800000;-10;mq;mq;mq;mq;0.000000;0.000000;mq;mq;mq;710.000000;1111.000000;mq;mq;mq;mq;mq;mq;mq;mq;mq;mq;mq;mq;mq;mq;
61970;20110930210000;101610;mq;mq;mq;mq;297.050000;296.150000;95;mq;mq;mq;mq;mq;mq;mq;mq;mq;mq;mq;mq;mq;50;mq;mq;mq;mq;mq;mq;mq;mq;mq;mq;mq;mq;mq;mq;0.000000;0.000000;mq;mq;mq;mq;mq;mq;mq;mq;mq;mq;mq;mq;mq;mq;mq;mq;mq;mq;mq;
61972;20110930210000;101770;mq;mq;160;3.100000;295.150000;293.950000;93;mq;mq;mq;mq;mq;mq;mq;mq;mq;mq;mq;mq;mq;170;mq;mq;mq;mq;mq;mq;mq;mq;5.700000;-10;mq;mq;mq;mq;0.000000;0.000000;mq;mq;mq;710.000000;1106.000000;mq;mq;mq;mq;mq;mq;mq;mq;mq;mq;mq;mq;mq;mq;
61980;20110930210000;102010;mq;mq;130;4.600000;294.850000;291.850000;83;50000;0;mq;mq;100;mq;800;mq;mq;mq;mq;mq;mq;mq;mq;mq;mq;mq;mq;mq;mq;mq;7.700000;-10;mq;mq;mq;mq;0.000000;0.000000;mq;mq;mq;710.000000;1108.000000;mq;mq;mq;mq;mq;mq;mq;mq;mq;mq;mq;mq;mq;mq;
67005;20110930210000;101530;mq;mq;350;1.500000;296.850000;294.150000;85;mq;0;mq;mq;mq;mq;mq;mq;mq;mq;mq;mq;mq;0;mq;mq;mq;mq;mq;mq;mq;mq;2.600000;-10;mq;mq;mq;mq;0.000000;0.000000;mq;mq;mq;710.000000;1103.000000;mq;mq;mq;mq;mq;mq;mq;mq;mq;mq;mq;mq;mq;mq;
71805;20110930210000;101190;40;3;230;7.700000;287.550000;287.550000;100;300;44;4;4;100;8;30;36;61;60;101110;mq;mq;mq;mq;mq;mq;mq;mq;mq;mq;mq;12.900000;-10;mq;mq;0.000000;-30;0.000000;0.000000;mq;mq;mq;710.000000;1113.000000;3100.000000;mq;8;7;30;mq;mq;mq;mq;mq;mq;mq;mq;mq;
78897;20110930210000;101120;-30;6;140;3.600000;302.750000;297.650000;74;30000;2;1;1;75;3;800;38;20;13;mq;mq;mq;140;mq;mq;mq;mq;mq;mq;mq;mq;mq;mq;mq;mq;mq;mq;mq;mq;mq;mq;mq;mq;mq;mq;mq;3;8;780;6;0;7800;mq;mq;mq;mq;mq;mq;
78922;20110930210000;101110;-40;5;180;7.200000;302.650000;297.050000;72;mq;mq;mq;mq;mq;mq;mq;mq;mq;mq;100670;mq;mq;mq;mq;mq;mq;mq;mq;mq;mq;mq;mq;mq;mq;mq;mq;mq;mq;mq;mq;mq;mq;mq;mq;mq;mq;mq;mq;mq;mq;mq;mq;mq;mq;mq;mq;mq;mq;
78925;20110930210000;101130;-70;5;140;3.100000;305.350000;296.850000;61;25000;2;1;1;75;2;800;32;20;12;mq;mq;mq;190;mq;mq;mq;mq;mq;mq;mq;mq;mq;mq;mq;mq;mq;mq;mq;mq;mq;mq;mq;mq;mq;mq;mq;1;8;840;6;0;7800;mq;mq;mq;mq;mq;mq;
81401;20110930210000;100980;mq;mq;60;4.100000;302.650000;294.850000;63;mq;mq;mq;mq;mq;mq;mq;mq;mq;mq;100920;mq;mq;mq;mq;mq;mq;mq;mq;mq;mq;mq;mq;mq;mq;mq;mq;mq;mq;0.000000;mq;mq;mq;mq;mq;mq;mq;mq;mq;mq;mq;mq;mq;mq;mq;mq;mq;mq;mq;
81405;20110930210000;101060;mq;mq;80;4.100000;302.350000;297.050000;73;10000;2;1;1;40;2;800;32;26;13;100970;mq;mq;mq;mq;mq;mq;mq;mq;mq;mq;mq;mq;mq;mq;mq;mq;mq;mq;0.000000;mq;mq;mq;mq;mq;mq;mq;mq;mq;mq;mq;mq;mq;mq;mq;mq;mq;mq;mq;
81408;20110930210000;101000;mq;mq;80;2.600000;302.150000;296.550000;72;mq;mq;mq;mq;mq;mq;mq;mq;mq;mq;100920;mq;mq;mq;mq;mq;mq;mq;mq;mq;mq;mq;mq;mq;mq;mq;mq;mq;0.000000;0.000000;mq;mq;mq;mq;mq;mq;mq;mq;mq;mq;mq;mq;mq;mq;mq;mq;mq;mq;mq;
89642;20110930210000;98190;-50;5;130;13.400000;260.450000;254.850000;60;mq;mq;mq;mq;mq;mq;mq;mq;mq;mq;97640;mq;mq;mq;mq;mq;mq;mq;mq;mq;mq;19.500000;22.100000;-30;mq;mq;mq;mq;mq;mq;mq;mq;mq;1020.000000;1122.000000;mq;mq;mq;mq;mq;mq;mq;mq;mq;mq;mq;mq;mq;mq;
